148 3 7.03235
158 3 6.91324
159 3 6.91324
148 4 7.03235
150 4 8.49618
158 4 6.91324
159 4 6.91324
148 5 7.03235
150 5 7.03235
158 5 6.91324
159 5 6.91324
148 6 7.03235
150 6 7.03235
151 6 8.67679
158 6 6.91324
159 6 6.91324
148 7 7.03235
158 7 6.91324
159 7 6.91324
148 8 7.03235
158 8 6.91324
159 8 6.91324
148 9 7.03235
158 9 6.91324
159 9 6.91324
148 10 7.03235
151 10 8.67679
158 10 6.91324
159 10 6.91324
148 11 7.03235
158 11 6.91324
159 11 6.91324
148 12 7.03235
158 12 6.91324
159 12 6.91324
148 13 7.03235
158 13 6.91324
159 13 6.91324
148 14 7.03235
151 14 8.67679
158 14 6.91324
159 14 6.91324
148 15 7.03235
158 15 6.91324
159 15 6.91324
148 16 7.03235
151 16 8.67679
158 16 6.91324
159 16 6.91324
148 17 7.03235
158 17 6.91324
159 17 6.91324
148 18 7.03235
151 18 8.67679
158 18 6.91324
159 18 6.91324
148 19 7.03235
151 19 8.67679
158 19 6.91324
159 19 6.91324
148 20 7.03235
158 20 6.91324
159 20 6.91324
148 21 7.03235
158 21 6.91324
159 21 6.91324
148 22 7.03235
158 22 6.91324
159 22 6.91324
148 23 7.03235
151 23 8.67679
158 23 6.91324
159 23 6.91324
148 24 7.03235
151 24 8.67679
158 24 6.91324
159 24 6.91324
148 25 7.03235
158 25 6.91324
159 25 6.91324
148 26 7.03235
158 26 6.91324
159 26 6.91324
148 27 7.03235
158 27 6.91324
159 27 6.91324
148 28 7.03235
151 28 8.67679
158 28 6.91324
159 28 6.91324
148 29 7.03235
151 29 8.67679
158 29 6.91324
159 29 6.91324
148 30 7.03235
158 30 6.91324
159 30 6.91324
148 31 7.03235
151 31 8.67679
158 31 6.91324
159 31 6.91324
148 32 7.03235
158 32 6.91324
159 32 6.91324
148 33 7.03235
158 33 6.91324
159 33 6.91324
148 34 7.03235
158 34 6.91324
159 34 6.91324
148 35 7.03235
151 35 8.67679
158 35 6.91324
159 35 6.91324
148 36 7.03235
151 36 8.67679
158 36 7.03235
159 36 7.03235
148 37 7.03235
151 37 8.67679
158 37 7.03235
159 37 7.03235
148 38 7.03235
151 38 8.67679
158 38 7.03235
159 38 7.03235
148 39 7.03235
151 39 8.67679
158 39 7.03235
159 39 7.03235
148 40 7.03235
151 40 8.67679
158 40 7.03235
159 40 7.03235
148 41 7.03235
151 41 8.67679
158 41 7.03235
159 41 7.03235
148 42 7.03235
151 42 8.67679
158 42 7.03235
159 42 7.03235
148 43 7.03235
151 43 8.67679
158 43 7.03235
159 43 7.03235
148 44 7.03235
151 44 8.67679
158 44 7.03235
159 44 7.03235
148 45 7.03235
151 45 8.67679
158 45 7.03235
159 45 7.03235
148 46 7.03235
151 46 8.67679
158 46 7.03235
159 46 7.03235
148 47 7.03235
151 47 8.67679
158 47 7.03235
159 47 7.03235
148 48 7.03235
151 48 8.67679
158 48 7.03235
159 48 7.03235
148 49 7.03235
151 49 8.67679
158 49 7.03235
159 49 7.03235
148 50 7.03235
151 50 8.67679
158 50 7.03235
159 50 7.03235
148 51 7.03235
151 51 8.67679
158 51 6.91324
159 51 6.91324
148 52 7.03235
151 52 8.67679
158 52 6.91324
159 52 6.91324
148 53 7.03235
151 53 8.67679
159 53 6.91324
148 54 7.03235
151 54 8.67679
159 54 6.91324
148 55 7.03235
151 55 8.67679
159 55 6.91324
148 56 7.03235
159 56 6.91324
148 57 7.03235
151 57 8.67679
159 57 6.91324
148 58 7.03235
151 58 8.67679
159 58 6.91324
148 59 7.03235
149 59 7.03235
151 59 8.67679
159 59 6.91324
148 60 7.03235
149 60 7.03235
159 60 6.91324
182 60 6.7981
183 60 6.7981
184 60 6.7981
148 61 7.03235
149 61 7.03235
168 61 6.91324
170 61 6.7981
171 61 6.91324
172 61 6.91324
173 61 6.91324
174 61 7.03235
175 61 7.03235
186 61 6.91324
147 62 7.03235
148 62 7.03235
149 62 7.03235
151 62 6.91324
161 62 7.03235
162 62 7.03235
163 62 7.03235
186 62 6.91324
130 63 7.15564
131 63 7.03235
132 63 6.91324
136 63 6.91324
137 63 6.91324
138 63 6.91324
139 63 6.91324
141 63 6.91324
144 63 7.28332
145 63 7.15564
146 63 7.03235
147 63 7.03235
181 63 7.9968
186 63 6.91324
128 64 7.15564
129 64 7.15564
130 64 7.15564
134 64 6.7981
159 64 7.03235
181 64 7.9968
185 64 6.91324
186 64 6.91324
128 65 7.15564
129 65 7.15564
185 65 6.91324
186 65 6.91324
128 66 7.15564
129 66 7.15564
185 66 6.91324
186 66 6.91324
128 67 7.15564
129 67 7.15564
185 67 6.91324
186 67 6.91324
201 67 29.0698
128 68 7.15564
129 68 7.15564
162 68 7.03235
185 68 6.91324
186 68 6.91324
128 69 7.15564
129 69 7.15564
162 69 7.03235
186 69 6.91324
128 70 7.15564
129 70 7.15564
149 70 6.91324
150 70 6.91324
186 70 6.91324
129 71 7.15564
149 71 6.91324
186 71 6.91324
128 72 7.15564
129 72 7.15564
148 72 6.91324
186 72 6.91324
129 73 7.15564
148 73 7.03235
159 73 7.03235
168 73 7.03235
186 73 6.91324
187 73 6.91324
129 74 7.15564
165 74 7.03235
166 74 7.03235
167 74 7.03235
180 74 6.37349
186 74 6.7981
187 74 6.91324
129 75 7.15564
186 75 6.91324
187 75 6.91324
129 76 7.15564
178 76 6.91324
179 76 6.91324
180 76 6.7981
181 76 6.37349
182 76 6.68673
183 76 6.68673
184 76 6.91324
185 76 6.91324
186 76 6.91324
187 76 6.91324
129 77 7.15564
151 77 8.86525
161 77 6.91324
162 77 6.91324
163 77 6.91324
164 77 6.7981
165 77 6.68673
166 77 6.68673
167 77 6.57895
168 77 6.68673
169 77 6.68673
170 77 6.68673
171 77 6.7981
172 77 6.7981
173 77 6.7981
174 77 6.7981
175 77 6.91324
176 77 6.91324
177 77 6.91324
178 77 6.91324
179 77 6.7981
180 77 6.37349
181 77 6.37349
184 77 6.91324
185 77 6.91324
186 77 6.91324
128 78 7.15564
129 78 7.15564
143 78 6.68673
144 78 6.68673
145 78 6.68673
146 78 6.68673
147 78 6.68673
148 78 6.68673
160 78 6.91324
161 78 6.91324
162 78 6.91324
163 78 6.91324
164 78 6.7981
165 78 6.68673
167 78 6.57895
129 79 7.15564
131 79 7.15564
134 79 7.15564
138 79 7.28332
142 79 6.68673
143 79 6.68673
144 79 6.68673
145 79 6.68673
146 79 6.68673
160 79 6.91324
131 80 8.86525
132 80 8.86525
136 80 7.28332
138 80 7.28332
142 80 6.68673
160 80 6.91324
132 81 8.86525
136 81 6.7981
149 81 9.48317
160 81 6.91324
136 82 6.37349
149 82 9.48317
160 82 6.91324
136 83 6.37349
135 84 6.37349
136 84 6.37349
145 84 7.69527
156 84 7.69527
135 85 6.37349
136 85 6.37349
146 85 7.69527
135 86 6.37349
136 86 6.37349
136 87 6.37349
163 87 6.91324
135 88 6.37349
136 88 6.37349
135 89 6.37349
136 89 6.37349
149 89 7.03235
136 90 6.37349
149 90 7.03235
146 91 7.69527
156 92 6.57895
156 94 6.57895
157 94 6.57895
168 95 7.28332
168 96 7.28332
168 97 7.28332
160 100 6.7981
159 101 6.7981
160 101 6.7981
148 102 9.26784
159 102 6.91324
160 102 6.91324
149 103 9.06207
159 103 6.91324
160 103 6.91324
159 104 6.91324
160 104 6.91324
163 104 6.47459
149 105 7.03235
160 105 6.91324
149 106 7.03235
160 106 6.91324
149 107 7.03235
160 107 6.91324
149 108 7.03235
160 108 6.91324
149 109 7.03235
160 110 6.91324
149 112 6.91324
160 112 6.91324
149 114 6.91324
161 124 6.91324
5 125 31.2989
5 126 31.2989
202 126 50.7614
5 127 31.2989
5 128 31.2989
6 128 31.2989
5 129 31.2989
30 129 31.2989
31 129 31.2989
5 130 31.2989
6 130 31.2989
30 130 31.2989
31 130 31.2989
5 131 31.2989
30 131 31.2989
31 131 31.2989
5 132 31.2989
30 132 31.2989
31 132 31.2989
30 133 31.2989
31 133 31.2989
103 133 67.5676
30 134 31.2989
31 134 31.2989
50 134 33.8983
103 134 67.5676
50 135 33.8983
60 135 33.8983
61 135 33.8983
5 136 31.2989
6 136 31.2989
60 136 33.8983
61 136 33.8983
200 136 57.971
5 137 31.2989
6 137 31.2989
5 138 31.2989
6 138 31.2989
30 138 31.2989
31 138 31.2989
102 138 67.5676
5 139 31.2989
6 139 31.2989
30 139 31.2989
31 139 31.2989
102 139 67.5676
5 140 31.2989
6 140 31.2989
30 140 31.2989
31 140 31.2989
50 140 33.8983
149 140 6.91324
5 141 31.2989
6 141 31.2989
30 141 31.2989
31 141 31.2989
50 141 33.8983
5 142 31.2989
6 142 31.2989
30 142 31.2989
31 142 31.2989
50 142 33.8983
5 143 31.2989
30 143 31.2989
31 143 31.2989
50 143 33.8983
31 144 31.2989
50 144 33.8983
92 144 80.9717
111 144 33.8983
31 145 31.2989
50 145 33.8983
61 145 31.2989
50 146 33.8983
50 147 33.8983
61 147 31.2989
200 147 57.971
50 148 33.8983
50 149 33.8983
32 150 50.7614
50 150 33.8983
103 150 57.971
50 151 33.8983
103 151 57.971
200 152 50.7614
32 153 50.7614
50 153 33.8983
32 154 50.7614
32 155 50.7614
104 155 45.1467
104 156 45.1467
31 157 50.7614
32 157 50.7614
161 157 6.91324
104 158 45.1467
106 160 33.8983
106 161 33.8983
161 161 6.91324
161 162 6.91324
161 163 6.91324
141 167 57.971
199 167 57.971
104 168 50.7614
141 168 57.971
198 168 57.971
104 169 50.7614
141 169 57.971
104 170 50.7614
104 171 50.7614
195 171 50.7614
103 172 50.7614
104 172 50.7614
103 173 50.7614
211 173 31.2989
161 174 6.91324
162 174 6.91324
104 175 57.971
103 176 57.971
104 176 57.971
103 177 57.971
104 177 57.971
103 178 57.971
103 179 57.971
107 183 33.8983
162 183 6.91324
107 184 33.8983
162 184 6.91324
107 185 33.8983
162 185 6.91324
107 186 33.8983
162 186 6.91324
107 187 33.8983
162 187 6.91324
107 188 33.8983
162 188 6.91324
187 188 8.49618
188 188 8.49618
199 188 8.15661
17 189 80.9717
104 189 57.971
107 189 33.8983
190 189 11.325
199 189 8.32293
200 189 8.32293
104 190 57.971
107 190 33.8983
162 190 6.91324
162 191 6.91324
201 191 8.32293
241 191 57.971
162 192 6.91324
202 192 8.32293
302 192 45.1467
101 193 33.8983
162 193 6.91324
175 193 8.49618
203 193 8.32293
302 193 45.1467
101 194 33.8983
203 194 8.32293
204 194 8.32293
302 194 45.1467
101 195 33.8983
204 195 8.32293
204 196 8.32293
205 196 8.32293
204 197 8.32293
205 197 8.32293
266 197 57.971
99 198 57.971
205 198 8.32293
173 199 8.49618
205 199 8.32293
205 200 8.32293
206 200 8.32293
266 200 57.971
205 201 8.32293
206 201 8.32293
205 202 8.32293
206 202 8.32293
205 203 8.32293
206 203 8.32293
7 204 101.01
205 204 8.32293
206 204 8.32293
6 205 101.01
7 205 101.01
173 205 8.49618
205 205 8.32293
255 205 57.971
3 206 33.8983
6 206 101.01
7 206 101.01
8 206 101.01
101 206 33.8983
173 206 8.49618
205 206 8.32293
3 207 33.8983
6 207 101.01
7 207 101.01
8 207 101.01
173 207 8.49618
205 207 8.32293
7 208 101.01
8 208 101.01
171 208 8.49618
204 208 8.32293
205 208 8.32293
7 209 101.01
8 209 101.01
200 209 8.32293
178 210 10.1937
180 210 10.1937
185 210 8.32293
200 210 8.32293
67 211 101.01
185 211 8.32293
186 211 8.32293
191 211 8.49618
193 211 8.49618
178 212 10.1937
185 212 8.32293
191 212 8.49618
202 212 8.32293
216 212 31.2989
240 212 45.1467
107 213 33.8983
176 213 10.7296
178 213 10.7296
185 213 8.32293
186 213 8.32293
191 213 8.49618
201 213 8.32293
202 213 8.32293
107 214 33.8983
200 214 8.32293
201 214 8.32293
107 215 33.8983
199 215 8.32293
200 215 8.32293
23 216 134.228
107 216 33.8983
179 216 8.49618
198 216 8.49618
199 216 8.32293
23 217 134.228
107 217 33.8983
197 217 8.49618
240 217 50.7614
107 218 33.8983
195 218 8.49618
240 218 50.7614
107 219 33.8983
150 219 6.7981
180 219 8.32293
181 219 8.32293
107 220 33.8983
150 220 6.7981
17 221 80.9717
107 221 33.8983
149 221 6.7981
150 221 6.7981
59 222 67.5676
107 222 33.8983
149 222 6.7981
150 222 6.7981
186 222 8.32293
187 222 8.32293
188 222 8.32293
191 222 8.49618
59 223 67.5676
107 223 33.8983
149 223 6.91324
150 223 6.91324
162 223 7.03235
187 223 8.32293
188 223 8.32293
191 223 8.49618
13 224 80.9717
107 224 33.8983
149 224 6.91324
150 224 6.91324
187 224 8.32293
13 225 80.9717
149 225 6.91324
150 225 6.91324
162 225 7.03235
187 225 8.32293
14 226 80.9717
149 226 6.91324
150 226 6.91324
187 226 8.32293
22 227 67.5676
188 227 9.48317
192 227 8.32293
149 228 6.91324
188 228 9.48317
192 228 8.32293
47 229 67.5676
82 229 67.5676
83 230 67.5676
31 231 50.7614
83 231 67.5676
85 233 57.971
97 233 57.971
77 234 67.5676
85 234 57.971
86 234 57.971
98 234 57.971
187 234 8.32293
192 234 8.32293
214 234 31.2989
86 235 57.971
149 235 6.7981
187 235 8.32293
188 235 8.32293
192 235 8.32293
214 235 31.2989
217 235 23.9521
107 236 33.8983
149 236 6.7981
150 236 6.7981
187 236 8.32293
188 236 8.32293
192 236 8.32293
214 236 31.2989
107 237 33.8983
149 237 6.7981
150 237 6.7981
163 237 6.91324
187 237 8.32293
188 237 8.32293
192 237 8.32293
107 238 33.8983
149 238 6.7981
150 238 6.7981
163 238 6.91324
187 238 8.32293
188 238 8.32293
192 238 8.32293
149 239 6.7981
163 239 6.91324
187 239 8.32293
192 239 8.32293
214 239 31.2989
149 240 6.7981
187 240 8.32293
188 240 8.32293
192 240 8.32293
200 240 50.7614
214 240 31.2989
187 241 8.32293
188 241 8.32293
192 241 8.32293
200 241 50.7614
214 241 31.2989
222 241 45.1467
242 241 45.1467
265 241 40.6504
187 242 9.48317
188 242 9.48317
192 242 8.32293
201 242 50.7614
222 242 45.1467
242 242 45.1467
265 242 40.6504
242 243 45.1467
187 257 9.48317
188 257 9.48317
191 257 8.32293
192 257 8.32293
193 257 8.32293
163 258 6.91324
187 258 9.48317
188 258 9.48317
191 258 8.32293
192 258 8.32293
193 258 8.32293
163 259 6.91324
187 259 9.48317
188 259 9.48317
192 259 8.32293
193 259 8.32293
163 260 6.91324
163 261 6.91324
197 261 8.32293
163 262 6.91324
182 262 8.49618
196 262 8.32293
197 262 8.32293
150 263 6.7981
163 263 6.91324
182 263 8.49618
196 263 8.32293
197 263 8.32293
163 264 6.91324
182 264 8.49618
183 264 8.49618
196 264 8.32293
197 264 8.32293
27 265 22.6244
28 265 21.4362
163 265 6.91324
182 265 8.49618
183 265 8.49618
196 265 8.32293
197 265 8.32293
29 266 21.4362
150 266 6.7981
163 266 6.91324
182 266 8.49618
183 266 8.49618
197 266 8.32293
29 267 21.4362
30 267 21.4362
163 267 6.91324
182 267 8.49618
183 267 8.49618
30 268 21.4362
31 268 21.4362
163 268 6.91324
31 269 20.3666
36 269 19.3986
163 269 6.91324
31 270 20.3666
32 270 20.3666
37 270 19.3986
163 270 6.91324
182 270 8.32293
32 271 19.3986
37 271 19.3986
163 271 6.91324
182 271 8.32293
267 271 17.7148
32 272 19.3986
38 272 18.5185
163 272 6.91324
182 272 8.32293
32 273 18.5185
33 273 18.5185
38 273 18.5185
163 273 6.91324
182 273 8.32293
33 274 18.5185
38 274 18.5185
163 274 6.91324
33 275 17.7148
39 275 17.7148
163 275 6.91324
186 275 12.3533
188 275 11.0193
189 275 10.7296
190 275 10.4548
191 275 9.9453
192 275 9.70874
193 275 9.48317
194 275 8.86525
195 275 8.49618
196 275 8.49618
197 275 8.49618
33 276 17.7148
39 276 17.7148
163 276 6.91324
196 276 8.49618
197 276 8.49618
268 276 15.674
33 277 16.9779
39 277 17.7148
163 277 6.91324
182 277 8.49618
183 277 8.49618
196 277 8.49618
197 277 8.49618
33 278 16.2999
34 278 16.2999
163 278 6.91324
182 278 8.49618
183 278 8.49618
196 278 8.49618
197 278 8.49618
33 279 16.2999
34 279 16.2999
163 279 6.91324
182 279 8.49618
183 279 8.49618
196 279 8.32293
197 279 8.32293
33 280 16.2999
39 280 16.2999
182 280 8.49618
183 280 8.49618
196 280 8.32293
197 280 8.32293
33 281 15.674
39 281 16.2999
163 281 6.91324
182 281 8.32293
183 281 8.32293
197 281 8.32293
32 282 15.674
33 282 15.674
163 282 6.91324
182 282 8.32293
183 282 8.32293
197 282 8.32293
32 283 15.0943
33 283 15.0943
163 283 6.91324
183 283 8.32293
184 283 8.32293
163 284 6.91324
163 285 6.91324
163 286 6.91324
182 286 8.32293
163 287 6.91324
182 287 8.32293
163 288 6.91324
182 288 8.32293
163 289 6.91324
182 289 8.32293
163 290 6.91324
185 290 11.0193
186 290 11.0193
187 290 10.7296
188 290 10.7296
189 290 10.7296
190 290 10.4548
191 290 10.1937
192 290 9.70874
193 290 9.48317
194 290 9.06207
195 290 8.49618
163 291 6.91324
196 291 8.49618
197 291 8.32293
198 291 8.32293
163 292 6.91324
182 292 8.49618
196 292 8.32293
197 292 8.32293
198 292 8.32293
163 293 6.91324
182 293 8.49618
183 293 8.49618
196 293 8.32293
197 293 8.32293
163 294 6.91324
182 294 8.49618
183 294 8.49618
197 294 8.32293
163 295 6.91324
182 295 8.49618
183 295 8.49618
197 295 8.32293
198 295 8.32293
265 295 11.0193
266 295 11.0193
163 296 6.91324
182 296 8.49618
183 296 8.49618
197 296 8.32293
198 296 8.32293
266 296 11.0193
163 297 6.91324
182 297 8.49618
183 297 8.32293
197 297 8.32293
198 297 8.32293
163 298 6.91324
182 298 8.49618
183 298 8.32293
163 299 6.91324
183 299 8.32293
184 299 8.32293
185 299 8.32293
187 299 8.32293
188 299 8.49618
163 300 6.91324
163 301 6.91324
182 301 8.32293
163 302 6.91324
182 302 8.32293
163 303 6.91324
182 303 8.32293
163 304 6.91324
182 304 8.32293
163 305 6.91324
182 305 8.32293
163 306 6.91324
184 306 8.49618
185 306 8.86525
186 306 8.86525
187 306 9.9453
188 306 10.1937
189 306 10.1937
190 306 10.1937
191 306 10.1937
192 306 9.70874
193 306 9.48317
194 306 9.06207
195 306 8.86525
184 307 8.49618
185 307 8.86525
186 307 8.86525
187 307 9.9453
196 307 8.32293
197 307 8.32293
198 307 8.32293
197 308 8.32293
198 308 8.32293
169 309 8.86525
197 309 8.32293
217 309 8.67679
238 309 8.86525
197 310 8.32293
210 310 8.49618
217 310 8.67679
197 311 8.32293
198 311 8.32293
211 311 8.49618
260 311 9.06207
197 312 8.32293
198 312 8.32293
182 313 8.32293
198 313 8.15661
247 313 8.49618
138 314 8.32293
186 314 7.41565
247 314 8.49618
248 314 8.49618
186 315 7.41565
187 315 7.41565
220 315 8.32293
221 315 8.32293
248 315 8.49618
187 316 7.41565
224 316 8.15661
225 316 8.15661
226 317 8.15661
227 317 7.9968
179 318 7.28332
180 318 7.28332
180 319 7.28332
198 319 7.84314
214 319 7.9968
92 320 7.03235
178 320 7.41565
192 320 9.26784
193 320 9.26784
198 320 7.84314
199 320 7.84314
92 321 7.03235
129 321 7.69527
130 321 7.69527
177 321 7.9968
178 321 7.84314
179 321 7.84314
182 321 7.15564
183 321 7.15564
232 321 7.55287
233 321 7.55287
183 322 7.15564
201 322 7.69527
205 322 7.15564
206 322 7.15564
233 322 7.55287
198 323 7.9968
201 323 7.9968
134 324 7.41565
153 324 6.7981
153 325 6.7981
198 325 6.7981
206 325 7.9968
210 325 7.15564
211 325 7.15564
84 326 7.03235
85 326 7.03235
89 326 7.41565
153 326 6.7981
192 326 7.55287
195 326 6.7981
197 326 6.7981
198 326 6.7981
210 326 7.15564
211 326 7.15564
213 326 7.15564
214 326 7.03235
84 327 7.03235
125 327 6.91324
196 327 6.7981
88 328 7.03235
92 328 7.55287
126 328 6.91324
233 328 7.41565
86 329 7.03235
126 329 6.91324
177 329 6.47459
178 329 6.47459
127 330 6.91324
165 330 6.68673
177 330 6.47459
178 330 6.47459
80 331 6.7981
87 331 6.7981
127 331 6.68673
140 331 6.47459
222 331 6.91324
223 331 6.91324
223 332 6.91324
224 332 6.91324
232 332 6.91324
233 332 6.91324
128 333 6.37349
129 333 6.37349
143 333 6.27549
199 333 6.68673
228 333 7.84314
233 333 6.91324
234 333 6.91324
128 334 6.37349
129 334 6.37349
143 334 6.27549
198 334 6.68673
199 334 6.68673
200 334 6.68673
208 334 6.57895
211 334 6.57895
212 334 6.57895
233 334 6.91324
128 335 6.37349
129 335 6.37349
146 335 6.27549
171 335 6.57895
198 335 6.68673
200 335 6.68673
203 335 7.28332
208 335 6.57895
212 335 6.57895
224 335 6.91324
225 335 6.91324
227 335 7.55287
109 336 6.7981
146 336 6.27549
147 336 6.27549
207 336 6.57895
208 336 6.57895
226 336 6.91324
108 337 6.7981
109 337 6.7981
147 337 6.27549
181 337 6.7981
183 337 6.47459
192 337 6.37349
81 338 6.37349
108 338 6.7981
109 338 6.7981
110 338 6.47459
112 338 6.7981
147 338 6.27549
184 338 6.37349
191 338 6.37349
197 338 6.37349
198 338 6.37349
81 339 6.37349
185 339 6.37349
191 339 6.37349
198 339 6.37349
144 340 6.27549
75 341 6.27549
146 341 6.37349
147 341 6.37349
148 341 6.37349
155 341 6.27549
175 341 5.91191
64 342 6.7981
67 342 6.27549
68 342 6.27549
84 342 6.47459
110 342 6.27549
111 342 6.27549
124 342 6.18047
139 342 6.18047
140 342 6.18047
150 342 6.18047
179 342 6.27549
200 342 6.47459
202 342 6.47459
64 343 6.7981
68 343 6.27549
69 343 6.27549
101 343 6.08828
111 343 6.27549
113 343 6.27549
139 343 6.18047
140 343 6.18047
141 343 6.18047
142 343 6.27549
176 343 5.91191
177 343 5.91191
180 343 6.08828
181 343 6.08828
201 343 6.47459
100 344 6.08828
140 344 6.18047
146 344 6.08828
147 344 6.08828
148 344 6.18047
176 344 5.82751
88 345 6.37349
91 345 5.91191
100 345 6.08828
159 345 6.91324
100 346 6.08828
101 346 6.08828
115 346 5.9988
119 346 5.9988
120 346 5.9988
144 346 6.08828
165 346 5.82751
166 346 5.91191
167 346 5.91191
168 346 5.82751
184 346 6.18047
48 347 5.82751
105 347 5.82751
110 347 6.47459
111 347 6.37349
120 347 5.9988
135 347 6.27549
149 347 6.37349
185 347 6.08828
187 347 5.91191
49 348 5.82751
113 348 5.9988
114 348 5.91191
142 348 5.91191
153 348 5.9988
154 348 5.9988
179 348 7.28332
186 348 5.91191
187 348 5.91191
188 348 5.91191
189 348 5.82751
209 348 6.27549
31 349 6.18047
113 349 5.9988
114 349 5.91191
144 349 5.91191
188 349 5.91191
189 349 5.82751
190 349 5.82751
210 349 6.27549
211 349 6.27549
212 349 6.18047
113 350 5.91191
116 350 5.91191
130 350 6.08828
174 350 5.82751
195 350 5.82751
196 350 5.82751
236 350 6.47459
80 351 5.9988
81 351 5.9988
82 351 5.9988
125 351 5.91191
129 351 5.91191
175 351 5.82751
176 351 5.82751
196 351 5.82751
197 351 5.82751
199 351 6.37349
200 351 6.47459
203 351 5.9988
236 351 6.47459
237 351 6.47459
238 351 6.47459
77 352 6.08828
78 352 5.9988
80 352 5.9988
81 352 5.9988
82 352 5.9988
85 352 5.58815
87 352 5.58815
116 352 5.66572
122 352 5.51268
127 352 5.58815
86 353 5.58815
87 353 5.58815
93 353 5.66572
94 353 5.66572
114 353 5.66572
116 353 5.82751
117 353 5.66572
120 353 5.51268
126 353 5.91191
136 353 5.58815
137 353 5.58815
139 353 5.51268
144 353 5.74548
145 353 5.74548
186 353 6.18047
120 354 5.51268
126 354 5.58815
136 354 5.51268
137 354 5.51268
146 354 5.74548
179 354 6.18047
50 355 5.91191
120 355 5.51268
132 355 5.9988
136 355 5.51268
137 355 5.51268
172 355 5.74548
179 355 6.18047
180 355 6.18047
182 355 5.74548
183 355 5.74548
190 355 5.9988
191 355 5.9988
192 355 5.9988
29 356 5.74548
54 356 5.58815
66 356 5.66572
133 356 5.9988
136 356 5.51268
137 356 5.51268
173 356 5.74548
177 356 6.18047
191 356 5.9988
54 357 5.66572
65 357 5.66572
66 357 5.66572
67 357 5.51268
136 357 5.43922
137 357 5.43922
138 357 5.43922
154 357 5.9988
157 357 5.9988
158 357 5.58815
30 358 5.74548
62 358 5.91191
68 358 5.43922
69 358 5.43922
137 358 5.43922
138 358 5.43922
155 358 5.91191
161 358 5.51268
47 359 5.43922
52 359 5.66572
56 359 5.58815
68 359 5.43922
69 359 5.43922
101 359 5.58815
103 359 5.58815
134 359 5.51268
138 359 5.43922
145 359 7.41565
146 359 7.41565
151 359 6.57895
152 359 6.37349
159 359 5.51268
160 359 5.43922
167 359 5.58815
168 359 5.58815
182 359 6.08828
183 359 6.08828
44 360 5.43922
56 360 5.66572
57 360 5.58815
58 360 5.58815
59 360 5.58815
60 360 5.43922
63 360 5.74548
64 360 5.74548
68 360 5.36769
69 360 5.36769
73 360 4.91521
133 360 5.74548
159 360 5.43922
160 360 5.43922
161 360 5.43922
14 361 5.43922
45 361 5.43922
46 361 5.43922
60 361 5.43922
61 361 5.58815
64 361 5.74548
65 361 5.66572
68 361 5.36769
110 361 5.36769
120 361 5.58815
121 361 5.51268
123 361 5.51268
131 361 5.51268
156 361 5.82751
157 361 5.74548
160 361 5.43922
161 361 5.43922
62 362 5.66572
67 362 5.36769
68 362 5.29801
77 362 5.51268
86 362 5.29801
121 362 5.51268
123 362 5.51268
140 362 5.58815
142 362 5.58815
157 362 5.82751
160 362 5.43922
576 362 6.27549
577 362 5.9988
46 363 5.43922
64 363 5.66572
67 363 5.36769
68 363 5.29801
78 363 5.51268
86 363 5.29801
87 363 5.29801
118 363 5.58815
129 363 5.16396
160 363 5.43922
180 363 5.43922
185 363 5.51268
577 363 5.9988
578 363 5.9988
579 363 5.91191
580 363 5.74548
581 363 5.66572
582 363 5.66572
583 363 5.66572
64 364 5.66572
67 364 5.29801
68 364 5.29801
103 364 5.74548
104 364 5.51268
125 364 5.58815
129 364 5.16396
130 364 5.16396
151 364 5.82751
177 364 5.43922
178 364 5.43922
107 365 5.09944
124 365 5.58815
125 365 5.58815
129 365 5.16396
130 365 5.16396
145 365 5.23013
148 365 6.08828
151 365 5.82751
156 365 5.43922
157 365 5.43922
178 365 5.43922
179 365 5.43922
180 365 5.43922
189 365 5.51268
190 365 5.51268
41 366 5.51268
101 366 5.66572
102 366 5.66572
107 366 5.09944
110 366 5.58815
111 366 5.66572
112 366 5.66572
115 366 5.29801
116 366 5.23013
117 366 5.23013
120 366 5.16396
145 366 5.23013
155 366 5.29801
157 366 5.43922
158 366 5.58815
41 367 5.51268
42 367 5.51268
100 367 5.74548
101 367 5.74548
106 367 5.16396
107 367 5.16396
108 367 5.16396
117 367 5.23013
118 367 5.23013
119 367 5.23013
120 367 5.16396
145 367 5.23013
157 367 5.43922
161 367 5.29801
162 367 5.29801
37 368 5.66572
42 368 5.51268
48 368 5.51268
49 368 5.66572
52 368 5.16396
81 368 5.09944
107 368 5.09944
108 368 5.09944
119 368 5.23013
155 368 5.43922
159 368 5.58815
160 368 5.58815
162 368 5.29801
163 368 5.23013
164 368 5.23013
46 369 5.66572
52 369 5.16396
72 369 5.23013
75 369 5.03651
105 369 5.29801
124 369 5.43922
125 369 5.43922
129 369 5.51268
134 369 5.43922
137 369 5.09944
160 369 5.29801
163 369 5.23013
164 369 5.23013
236 369 5.66572
237 369 5.66572
52 370 5.16396
53 370 5.16396
68 370 5.36769
75 370 5.03651
76 370 5.03651
97 370 5.36769
159 370 5.23013
236 370 5.66572
237 370 5.66572
37 371 5.09944
38 371 5.09944
53 371 5.16396
60 371 5.23013
64 371 5.23013
75 371 5.03651
76 371 5.03651
112 371 5.03651
134 371 5.43922
147 371 5.09944
153 371 5.82751
154 371 5.82751
160 371 5.16396
61 372 5.16396
65 372 5.23013
67 372 5.23013
113 372 5.03651
114 372 5.03651
147 372 5.09944
148 372 5.09944
160 372 5.16396
161 372 5.16396
62 373 5.23013
78 373 4.97512
111 373 5.09944
113 373 5.03651
114 373 5.03651
115 373 5.03651
127 373 5.09944
145 373 5.09944
147 373 5.09944
151 373 5.09944
152 373 5.09944
164 373 5.16396
177 373 5.16396
178 373 5.16396
16 374 5.29801
35 374 5.23013
59 374 5.09944
60 374 5.09944
76 374 5.29801
79 374 4.91521
118 374 5.36769
119 374 5.36769
138 374 5.29801
140 374 5.58815
152 374 5.03651
177 374 5.16396
178 374 5.16396
56 375 5.23013
60 375 5.09944
79 375 4.91521
80 375 4.91521
133 375 5.23013
134 375 5.23013
137 375 5.58815
144 375 5.66572
178 375 5.16396
40 376 5.23013
74 376 5.29801
79 376 4.91521
80 376 4.91521
112 376 4.97512
122 376 5.09944
123 376 5.09944
124 376 5.09944
161 376 5.43922
75 377 5.29801
76 377 5.29801
79 377 4.91521
80 377 4.91521
81 377 4.91521
112 377 4.97512
124 377 5.09944
140 377 5.03651
159 377 5.43922
200 377 5.43922
201 377 5.36769
50 378 5.09944
81 378 4.91521
82 378 4.91521
112 378 4.97512
140 378 5.03651
141 378 5.03651
198 378 5.66572
201 378 5.36769
29 379 5.09944
50 379 4.97512
91 379 4.97512
112 379 4.97512
138 379 5.03651
27 380 5.09944
46 380 5.66572
51 380 4.91521
52 380 4.97512
54 380 4.91521
55 380 5.16396
57 380 5.16396
100 380 5.29801
104 380 4.85673
105 380 4.85673
137 380 5.29801
143 380 5.36769
144 380 5.36769
46 381 5.66572
52 381 4.91521
100 381 5.29801
101 381 5.29801
105 381 4.85673
106 381 4.85673
116 381 5.09944
147 381 4.97512
148 381 4.97512
169 381 4.97512
170 381 4.97512
52 382 4.85673
53 382 4.85673
80 382 5.09944
96 382 5.16396
101 382 5.23013
102 382 5.16396
105 382 4.85673
117 382 5.09944
120 382 5.09944
147 382 4.97512
148 382 4.97512
149 382 4.97512
151 382 5.16396
152 382 4.97512
171 382 4.97512
52 383 4.79962
53 383 4.79962
100 383 4.85673
118 383 5.16396
119 383 5.09944
120 383 5.09944
121 383 5.09944
123 383 4.91521
148 383 4.97512
149 383 4.97512
51 384 4.79962
52 384 4.79962
62 384 5.16396
67 384 5.03651
68 384 4.85673
96 384 5.16396
99 384 4.85673
100 384 4.85673
104 384 4.85673
124 384 4.91521
56 385 5.16396
64 385 5.03651
65 385 4.85673
67 385 4.85673
68 385 4.85673
70 385 5.29801
75 385 5.09944
76 385 5.09944
82 385 4.79962
86 385 4.91521
87 385 4.91521
96 385 5.16396
99 385 4.79962
100 385 4.85673
101 385 4.85673
106 385 4.53309
51 386 4.97512
59 386 5.16396
60 386 5.16396
65 386 4.85673
76 386 4.79962
79 386 4.79962
80 386 4.79962
94 386 5.16396
99 386 4.79962
100 386 4.79962
101 386 4.79962
102 386 4.79962
155 386 4.79962
23 387 4.91521
52 387 5.09944
53 387 5.09944
54 387 5.16396
60 387 5.03651
61 387 5.03651
62 387 5.03651
63 387 5.03651
64 387 5.03651
65 387 4.85673
74 387 4.79962
75 387 4.79962
80 387 4.79962
100 387 4.79962
101 387 4.79962
40 388 4.79962
51 388 4.97512
62 388 4.85673
74 388 4.74383
75 388 4.74383
82 388 4.74383
48 389 5.91191
51 389 4.97512
57 389 5.03651
58 389 5.03651
60 389 5.03651
61 389 4.85673
62 389 4.85673
74 389 4.74383
75 389 4.74383
76 389 4.74383
77 389 4.74383
82 389 4.74383
540 389 6.18047
58 390 4.79962
61 390 4.74383
75 390 4.74383
76 390 4.74383
82 390 4.74383
136 390 4.85673
56 391 4.79962
57 391 4.79962
102 391 5.16396
103 391 5.16396
104 391 5.16396
120 391 5.29801
132 391 5.03651
145 391 5.09944
146 391 5.09944
147 391 5.09944
149 391 5.23013
150 391 5.29801
152 391 5.23013
153 391 5.09944
159 391 5.16396
160 391 5.16396
161 391 5.16396
162 391 5.09944
163 391 5.09944
164 391 5.03651
188 391 4.97512
189 391 4.97512
543 391 5.29801
549 391 5.09944
56 392 4.79962
57 392 4.79962
67 392 4.03959
81 392 5.09944
86 392 5.03651
87 392 5.03651
88 392 5.03651
89 392 5.03651
90 392 5.03651
91 392 5.03651
92 392 4.97512
96 392 5.03651
97 392 5.03651
98 392 5.03651
100 392 5.03651
101 392 5.23013
104 392 5.16396
105 392 5.03651
106 392 4.97512
107 392 4.91521
108 392 4.91521
109 392 4.91521
110 392 4.91521
113 392 5.03651
114 392 4.97512
123 392 5.09944
126 392 4.85673
127 392 4.85673
128 392 4.85673
129 392 4.74383
137 392 4.85673
141 392 4.97512
155 392 4.91521
156 392 4.91521
158 392 5.16396
165 392 4.85673
166 392 4.79962
167 392 4.79962
168 392 4.74383
171 392 4.68933
188 392 4.97512
189 392 4.97512
543 392 5.29801
544 392 5.29801
545 392 5.29801
546 392 5.16396
551 392 5.23013
552 392 5.16396
553 392 5.16396
554 392 5.09944
555 392 5.03651
556 392 4.97512
557 392 4.91521
558 392 4.91521
559 392 4.85673
560 392 4.79962
36 393 5.16396
42 393 4.97512
67 393 4.03959
546 393 5.16396
547 393 5.16396
548 393 5.09944
549 393 5.03651
551 393 5.23013
556 393 4.97512
557 393 4.91521
558 393 4.91521
559 393 4.85673
560 393 4.79962
561 393 4.79962
35 394 5.16396
36 394 5.16396
37 394 5.16396
38 394 5.03651
42 394 4.68933
43 394 4.97512
55 394 4.68933
116 394 4.91521
120 394 4.85673
122 394 4.85673
151 394 4.63607
547 394 5.09944
35 395 5.16396
40 395 4.63607
41 395 4.63607
46 395 4.68933
61 395 5.16396
75 395 5.09944
78 395 4.79962
117 395 4.91521
120 395 4.79962
122 395 4.79962
148 395 4.68933
152 395 4.63607
29 396 4.79962
37 396 5.09944
40 396 4.63607
41 396 4.63607
134 396 4.68933
135 396 4.68933
144 396 4.97512
147 396 4.63607
151 396 4.63607
29 397 4.79962
40 397 4.584
41 397 4.584
58 397 4.68933
70 397 4.74383
72 397 4.74383
82 397 4.63607
83 397 4.63607
98 397 4.68933
120 397 4.68933
135 397 4.68933
136 397 4.68933
137 397 4.63607
141 397 5.09944
142 397 4.97512
144 397 4.97512
147 397 4.63607
148 397 4.63607
30 398 4.79962
39 398 4.584
40 398 4.584
41 398 4.584
58 398 4.68933
59 398 4.68933
72 398 4.74383
80 398 4.63607
82 398 4.63607
119 398 4.79962
120 398 4.79962
137 398 4.63607
143 398 4.97512
147 398 4.63607
148 398 4.63607
155 398 4.63607
40 399 4.584
59 399 4.68933
62 399 4.584
104 399 4.63607
109 399 4.584
148 399 4.63607
159 399 5.16396
79 400 4.79962
95 400 4.68933
96 400 5.09944
97 400 5.09944
99 400 5.09944
102 400 4.584
103 400 4.584
117 400 4.85673
118 400 4.85673
157 400 4.63607
162 400 4.91521
165 400 4.85673
167 400 4.85673
175 400 4.79962
176 400 4.79962
177 400 4.79962
9 401 4.68933
88 401 5.03651
91 401 4.68933
92 401 4.63607
93 401 4.63607
102 401 4.584
103 401 4.584
114 401 4.584
118 401 4.85673
121 401 4.63607
129 401 4.85673
130 401 4.85673
132 401 4.63607
133 401 4.584
134 401 4.584
137 401 4.29461
490 401 5.09944
86 402 5.03651
87 402 5.03651
91 402 4.68933
92 402 4.63607
93 402 4.63607
94 402 4.584
95 402 4.584
102 402 4.584
103 402 4.584
113 402 4.584
114 402 4.584
115 402 4.584
116 402 4.584
132 402 4.63607
133 402 4.584
142 402 4.03959
318 402 4.97512
319 402 4.97512
335 402 4.97512
372 402 4.85673
373 402 4.85673
374 402 4.85673
375 402 4.79962
442 402 4.74383
494 402 4.74383
495 402 4.74383
496 402 4.68933
497 402 4.68933
498 402 4.68933
622 402 4.63607
623 402 4.63607
69 403 4.53309
73 403 4.74383
92 403 4.63607
93 403 4.584
94 403 4.584
111 403 4.85673
114 403 4.584
115 403 4.584
177 403 4.584
219 403 4.85673
319 403 4.97512
65 404 4.79962
68 404 4.53309
69 404 4.53309
82 404 4.79962
176 404 4.584
177 404 4.584
68 405 4.53309
69 405 4.53309
70 405 4.53309
81 406 4.79962
163 417 4.29461
164 417 4.29461
163 418 4.29461
124 427 4.03959
124 428 4.03959
125 428 4.03959
122 429 4.03959
123 429 4.03959
124 429 4.03959
121 430 4.03959
122 430 4.03959
120 431 4.03959
121 431 4.03959
122 431 4.03959
121 432 4.03959
427 432 4.07997
428 432 4.07997
