116 3 6.08828
117 3 6.08828
120 3 7.55287
128 3 6.08828
129 3 6.08828
116 4 6.08828
117 4 6.08828
120 4 7.55287
128 4 6.08828
129 4 6.08828
116 5 6.08828
117 5 6.08828
120 5 7.55287
128 5 6.08828
129 5 6.08828
116 6 6.08828
117 6 6.08828
128 6 6.08828
129 6 6.08828
116 7 6.08828
117 7 6.08828
128 7 6.08828
129 7 6.08828
116 8 6.08828
117 8 6.08828
120 8 7.41565
128 8 6.08828
129 8 6.08828
116 9 6.08828
117 9 6.08828
120 9 7.41565
128 9 6.08828
129 9 6.08828
116 10 6.08828
117 10 6.08828
128 10 6.08828
129 10 6.08828
116 11 6.08828
117 11 6.08828
128 11 6.08828
129 11 6.08828
116 12 6.08828
117 12 6.08828
128 12 6.08828
129 12 6.08828
116 13 6.08828
117 13 6.08828
120 13 7.55287
128 13 6.08828
129 13 6.08828
116 14 6.08828
117 14 6.08828
120 14 7.55287
128 14 6.08828
129 14 6.08828
116 15 6.08828
117 15 6.08828
128 15 6.08828
129 15 6.08828
116 16 6.08828
117 16 6.08828
128 16 6.08828
129 16 6.08828
116 17 6.08828
117 17 6.08828
120 17 7.55287
128 17 6.08828
129 17 6.08828
116 18 6.08828
117 18 6.08828
128 18 6.08828
129 18 6.08828
116 19 6.08828
117 19 6.08828
128 19 6.08828
129 19 6.08828
116 20 6.08828
117 20 6.08828
128 20 6.08828
129 20 6.08828
116 21 6.08828
117 21 6.08828
120 21 7.55287
128 21 5.9988
129 21 5.9988
116 22 6.08828
117 22 6.08828
128 22 6.08828
129 22 6.08828
116 23 5.9988
117 23 5.9988
128 23 6.08828
129 23 6.08828
130 23 6.08828
116 24 5.9988
117 24 5.9988
128 24 6.08828
129 24 6.08828
116 25 5.9988
117 25 5.9988
128 25 5.9988
129 25 5.9988
116 26 5.9988
117 26 5.9988
120 26 7.41565
128 26 6.08828
129 26 6.08828
130 26 6.08828
116 27 5.9988
117 27 5.9988
128 27 5.9988
129 27 5.9988
130 27 5.9988
116 28 5.9988
117 28 5.9988
120 28 7.41565
128 28 6.08828
129 28 6.08828
130 28 6.08828
116 29 5.9988
117 29 5.9988
120 29 7.55287
128 29 6.08828
129 29 6.08828
116 30 5.9988
117 30 5.9988
120 30 7.55287
128 30 6.08828
129 30 6.08828
116 31 5.9988
117 31 5.9988
120 31 7.55287
128 31 6.08828
129 31 6.08828
116 32 5.9988
117 32 5.9988
128 32 6.08828
129 32 6.08828
116 33 5.9988
117 33 5.9988
128 33 6.08828
129 33 6.08828
116 34 5.9988
117 34 5.9988
120 34 7.41565
128 34 6.08828
129 34 6.08828
116 35 5.9988
117 35 5.9988
120 35 7.41565
128 35 6.08828
129 35 6.08828
158 35 6.08828
116 36 5.9988
117 36 5.9988
129 36 6.08828
147 36 6.27549
148 36 6.27549
153 36 6.08828
154 36 6.08828
155 36 6.08828
156 36 6.08828
157 36 6.08828
159 36 5.9988
116 37 5.9988
117 37 5.9988
136 37 6.37349
137 37 6.08828
138 37 6.08828
139 37 6.18047
140 37 6.18047
141 37 6.18047
142 37 6.18047
143 37 6.18047
144 37 6.27549
145 37 6.27549
146 37 6.27549
147 37 6.27549
160 37 5.9988
161 37 5.9988
114 38 6.08828
115 38 6.08828
116 38 6.08828
117 38 6.08828
131 38 6.27549
132 38 6.37349
133 38 6.37349
134 38 6.37349
135 38 6.37349
137 38 6.08828
160 38 5.9988
161 38 5.9988
96 39 6.18047
103 39 6.08828
104 39 6.08828
105 39 6.08828
106 39 6.08828
107 39 6.18047
108 39 6.18047
109 39 6.18047
110 39 6.37349
111 39 6.37349
112 39 6.37349
113 39 6.37349
114 39 6.18047
115 39 6.08828
155 39 6.91324
160 39 5.9988
161 39 5.9988
94 40 6.18047
95 40 6.18047
101 40 6.37349
110 40 6.37349
111 40 6.37349
129 40 6.27549
155 40 6.91324
159 40 5.9988
160 40 5.9988
161 40 5.9988
94 41 6.18047
95 41 6.18047
159 41 5.9988
160 41 5.9988
161 41 5.9988
94 42 6.18047
95 42 6.18047
159 42 6.08828
160 42 6.08828
94 43 6.18047
95 43 6.18047
116 43 6.08828
159 43 6.08828
160 43 6.08828
161 43 6.08828
94 44 6.18047
95 44 6.18047
132 44 6.08828
133 44 6.08828
139 44 10.4548
159 44 6.08828
160 44 6.08828
161 44 6.08828
94 45 6.18047
95 45 6.18047
130 45 6.08828
132 45 6.08828
133 45 6.08828
159 45 6.08828
160 45 6.08828
161 45 6.08828
94 46 6.18047
95 46 6.18047
129 46 6.47459
132 46 6.08828
134 46 6.08828
159 46 6.08828
160 46 6.08828
161 46 6.08828
94 47 6.18047
95 47 6.18047
117 47 6.08828
118 47 6.08828
159 47 6.08828
160 47 6.08828
161 47 6.08828
94 48 6.18047
95 48 6.18047
159 48 6.08828
160 48 6.08828
161 48 6.08828
94 49 6.08828
95 49 6.08828
116 49 6.08828
160 49 6.08828
161 49 6.08828
94 50 6.08828
95 50 6.08828
129 50 6.08828
160 50 6.08828
161 50 6.08828
94 51 6.08828
95 51 6.08828
160 51 5.9988
161 51 5.9988
94 52 6.08828
95 52 6.08828
99 52 5.43922
103 52 4.91521
104 52 4.91521
160 52 5.9988
161 52 5.9988
94 53 5.9988
95 53 5.9988
99 53 5.43922
103 53 4.91521
104 53 4.91521
105 53 4.91521
160 53 5.9988
161 53 5.9988
94 54 6.08828
95 54 6.08828
99 54 5.43922
100 54 5.43922
151 54 6.27549
152 54 6.27549
153 54 6.27549
154 54 6.27549
155 54 6.27549
156 54 6.27549
157 54 6.18047
158 54 6.08828
159 54 5.9988
160 54 5.9988
161 54 5.9988
93 55 5.9988
94 55 5.9988
95 55 5.9988
131 55 6.18047
132 55 6.18047
133 55 6.18047
134 55 6.27549
135 55 6.27549
136 55 6.27549
137 55 6.27549
138 55 6.47459
139 55 6.47459
140 55 6.47459
141 55 6.57895
142 55 6.18047
143 55 6.18047
144 55 6.18047
145 55 6.18047
146 55 6.18047
147 55 6.27549
148 55 6.27549
149 55 6.27549
150 55 6.27549
151 55 6.27549
152 55 6.27549
153 55 6.27549
154 55 6.27549
155 55 6.27549
156 55 6.27549
157 55 6.18047
158 55 6.08828
159 55 5.9988
160 55 5.9988
94 56 5.9988
113 56 5.82751
114 56 5.66572
115 56 5.66572
129 56 6.08828
130 56 6.08828
131 56 6.08828
132 56 6.18047
133 56 6.18047
134 56 6.27549
135 56 6.27549
136 56 6.27549
137 56 6.27549
138 56 6.47459
139 56 6.47459
140 56 6.47459
141 56 6.57895
142 56 6.18047
143 56 6.18047
94 57 5.91191
95 57 5.91191
96 57 5.82751
108 57 5.9988
109 57 5.9988
110 57 5.9988
111 57 5.9988
112 57 5.9988
113 57 5.82751
114 57 5.66572
115 57 5.66572
129 57 6.08828
130 57 6.08828
131 57 6.08828
95 58 5.82751
96 58 5.82751
97 58 5.66572
98 58 5.51268
108 58 5.9988
109 58 5.9988
110 58 5.9988
129 58 6.08828
130 58 6.08828
98 59 5.51268
99 59 5.51268
118 59 7.84314
119 59 7.84314
129 59 6.08828
130 59 6.08828
98 60 5.51268
99 60 5.51268
101 60 5.43922
102 60 7.15564
119 60 7.84314
129 60 5.9988
130 60 5.9988
98 61 5.51268
99 61 5.51268
102 61 7.15564
124 61 6.7981
130 61 5.9988
98 62 5.51268
99 62 5.51268
113 62 6.27549
130 62 5.9988
98 63 5.51268
99 63 5.51268
114 63 6.18047
117 63 5.91191
131 63 5.91191
98 64 5.51268
99 64 5.51268
116 64 5.91191
132 64 5.91191
98 65 5.51268
99 65 5.51268
98 66 5.51268
99 66 5.51268
133 66 6.08828
98 67 5.51268
99 67 5.51268
120 67 8.49618
134 67 6.08828
98 68 5.51268
99 68 5.51268
135 68 6.08828
136 69 6.08828
136 70 6.18047
114 71 6.57895
137 71 6.18047
103 72 5.58815
114 72 6.57895
124 72 6.08828
138 72 6.18047
138 73 6.37349
136 74 6.37349
116 76 6.27549
119 76 6.57895
140 76 6.37349
141 76 6.37349
108 77 5.74548
116 77 6.27549
140 77 6.47459
141 77 6.47459
116 78 6.27549
131 78 8.32293
141 78 6.47459
132 79 8.15661
141 79 6.47459
141 80 6.47459
112 81 5.9988
130 81 5.9988
141 81 6.47459
113 82 5.9988
129 82 5.9988
130 82 5.9988
116 83 7.9968
129 83 5.9988
130 83 5.9988
138 83 6.91324
117 84 7.9968
129 84 5.9988
130 84 5.9988
141 84 6.37349
118 85 7.9968
129 85 5.9988
130 85 5.9988
117 86 7.9968
119 86 7.69527
129 86 5.9988
130 86 5.9988
134 86 7.84314
117 87 5.9988
129 87 5.9988
130 87 5.9988
117 88 5.9988
120 88 7.69527
130 88 5.9988
141 88 6.47459
117 89 5.9988
120 89 7.69527
130 89 5.9988
137 89 6.91324
141 89 6.47459
117 90 5.9988
130 90 5.9988
138 90 6.91324
141 90 6.47459
117 91 6.08828
130 91 5.9988
138 91 6.91324
141 91 6.47459
117 92 6.08828
130 92 5.9988
140 92 6.57895
141 92 6.47459
117 93 6.08828
130 93 5.9988
141 93 6.47459
117 94 6.08828
130 94 5.9988
141 94 6.57895
117 95 6.08828
130 95 5.9988
117 96 6.08828
130 96 5.9988
117 97 6.08828
130 97 5.9988
117 98 6.08828
130 98 5.9988
117 99 6.08828
130 99 5.9988
131 99 5.9988
117 100 6.08828
130 100 5.9988
117 101 6.08828
130 101 5.9988
117 102 6.08828
130 102 5.9988
117 103 6.08828
130 103 5.9988
117 104 6.08828
130 104 5.9988
117 105 6.08828
130 105 5.9988
131 105 5.9988
117 106 6.08828
130 106 5.9988
131 106 5.9988
117 107 6.08828
131 107 5.9988
117 108 6.08828
131 108 5.9988
117 109 6.08828
131 109 5.91191
117 110 5.9988
131 110 5.91191
117 111 5.9988
131 111 5.91191
117 112 5.9988
131 112 5.91191
117 113 5.9988
131 113 5.91191
117 114 5.9988
131 114 5.91191
117 115 5.9988
131 115 5.91191
131 116 5.91191
117 118 5.9988
117 119 5.9988
130 119 5.9988
117 122 6.08828
130 122 6.08828
197 122 50.7614
117 123 6.08828
130 123 6.08828
197 123 50.7614
117 124 6.08828
130 124 5.9988
18 125 31.2989
130 125 5.9988
18 126 31.2989
130 126 5.9988
17 127 31.2989
18 127 31.2989
117 127 6.08828
130 127 5.9988
17 128 31.2989
18 128 31.2989
117 128 6.08828
130 128 5.9988
131 128 5.9988
195 128 57.971
17 129 31.2989
18 129 31.2989
117 129 6.08828
130 129 5.9988
131 129 5.9988
12 130 31.2989
17 130 31.2989
18 130 31.2989
38 130 33.8983
117 130 6.08828
130 130 5.9988
131 130 5.9988
18 131 31.2989
38 131 33.8983
49 131 33.8983
116 131 6.08828
117 131 6.08828
131 131 5.9988
38 132 33.8983
49 132 33.8983
117 132 6.08828
131 132 5.9988
49 133 33.8983
117 133 6.08828
131 133 5.9988
18 134 31.2989
131 134 5.9988
195 134 57.971
17 135 31.2989
18 135 31.2989
131 135 5.9988
195 135 57.971
17 136 31.2989
18 136 31.2989
131 136 5.9988
17 137 31.2989
18 137 31.2989
38 137 33.8983
49 137 31.2989
50 137 31.2989
96 137 80.9717
117 137 5.9988
131 137 5.9988
17 138 31.2989
18 138 31.2989
38 138 33.8983
117 138 5.9988
18 139 31.2989
38 139 33.8983
49 139 31.2989
117 139 5.9988
131 139 5.9988
18 140 31.2989
22 140 57.971
38 140 33.8983
49 140 31.2989
117 140 5.9988
18 141 31.2989
38 141 33.8983
117 141 5.9988
18 142 31.2989
38 142 33.8983
117 142 5.9988
38 143 33.8983
117 143 5.9988
38 144 33.8983
117 144 5.9988
38 145 33.8983
50 145 31.2989
117 145 5.9988
38 146 33.8983
38 147 33.8983
50 148 31.2989
117 149 5.91191
22 150 57.971
130 152 6.08828
131 152 6.08828
22 153 57.971
130 153 6.08828
131 153 6.08828
22 154 57.971
117 154 5.9988
117 155 5.9988
117 156 5.9988
117 157 5.9988
131 157 6.08828
117 158 5.9988
131 158 6.08828
117 159 5.9988
117 160 5.9988
131 160 5.9988
116 161 5.9988
117 161 5.9988
131 161 5.9988
116 162 5.9988
117 162 5.9988
117 163 5.9988
131 165 5.9988
131 166 5.9988
193 166 57.971
131 167 5.9988
193 167 57.971
116 170 5.9988
117 170 5.9988
189 170 57.971
116 171 5.9988
117 171 5.9988
116 172 5.9988
117 172 5.9988
116 173 5.9988
117 173 5.9988
116 174 5.9988
117 174 5.9988
116 175 5.91191
117 175 5.91191
10 176 101.01
116 176 5.91191
117 176 5.91191
117 177 5.91191
116 178 5.91191
117 178 5.91191
10 179 80.9717
117 179 5.91191
163 179 7.41565
164 179 7.41565
117 180 5.91191
116 181 5.91191
117 181 5.91191
117 182 5.91191
117 183 5.91191
166 183 7.9968
167 183 7.9968
10 184 80.9717
116 184 5.91191
117 184 5.91191
166 184 7.9968
167 184 7.9968
178 184 7.41565
179 184 7.41565
116 185 5.91191
117 185 5.91191
166 185 7.9968
167 185 7.9968
179 185 7.41565
183 185 7.41565
116 186 5.9988
117 186 5.9988
180 186 7.41565
10 187 80.9717
116 187 5.9988
117 187 5.9988
181 187 7.41565
10 188 80.9717
116 188 5.91191
117 188 5.91191
182 188 7.41565
116 189 5.91191
117 189 5.91191
183 189 7.41565
117 190 5.9988
183 190 7.41565
184 190 7.41565
237 190 57.971
117 191 5.9988
184 191 7.41565
116 192 5.9988
117 192 5.9988
132 192 5.9988
150 192 7.55287
184 192 7.41565
185 192 7.41565
117 193 5.9988
184 193 7.41565
185 193 7.41565
234 193 50.7614
117 194 5.9988
185 194 7.41565
186 194 7.41565
117 195 5.9988
185 195 7.41565
186 195 7.41565
10 196 80.9717
117 196 5.9988
149 196 7.55287
185 196 7.41565
186 196 7.41565
262 196 57.971
10 197 80.9717
117 197 5.9988
186 197 7.41565
262 197 57.971
10 198 80.9717
186 198 7.41565
186 199 7.41565
224 199 57.971
117 200 5.9988
147 200 7.9968
149 200 7.9968
186 200 7.41565
262 200 57.971
147 201 7.9968
149 201 7.9968
186 201 7.41565
117 202 5.9988
147 202 7.9968
186 202 7.41565
117 203 5.9988
147 203 7.9968
185 203 7.41565
186 203 7.41565
224 203 57.971
117 204 5.9988
185 204 7.41565
186 204 7.41565
117 205 5.9988
147 205 7.9968
148 205 7.55287
150 205 7.9968
185 205 7.41565
92 206 33.8983
117 206 5.91191
147 206 7.41565
148 206 7.55287
150 206 7.55287
185 206 7.41565
117 207 5.91191
181 207 8.32293
185 207 7.41565
224 207 57.971
21 208 50.7614
117 208 5.91191
148 208 7.41565
180 208 7.41565
224 208 57.971
61 209 101.01
149 209 7.41565
157 209 9.06207
158 209 9.06207
163 209 7.55287
164 209 7.55287
165 209 7.55287
170 209 7.41565
224 209 57.971
61 210 80.9717
149 210 7.41565
163 210 7.41565
164 210 7.41565
165 210 7.41565
170 210 7.55287
182 210 7.41565
183 210 7.41565
21 211 50.7614
150 211 7.41565
153 211 7.55287
163 211 7.41565
165 211 7.41565
170 211 7.55287
182 211 7.41565
183 211 7.41565
21 212 50.7614
61 212 80.9717
153 212 7.55287
163 212 7.41565
164 212 7.41565
165 212 7.41565
170 212 7.55287
181 212 7.41565
182 212 7.41565
21 213 50.7614
180 213 7.41565
181 213 7.41565
224 213 67.5676
235 213 50.7614
179 214 7.55287
180 214 7.55287
224 214 67.5676
156 215 7.55287
178 215 7.41565
179 215 7.41565
118 216 5.91191
154 216 7.55287
177 216 7.55287
175 217 7.41565
176 217 7.55287
42 218 67.5676
117 218 5.91191
117 219 5.91191
118 219 5.91191
157 219 7.41565
158 219 7.41565
9 220 80.9717
117 220 5.91191
15 221 80.9717
117 221 5.91191
165 221 7.41565
52 222 67.5676
117 222 5.91191
164 222 7.41565
165 222 7.41565
166 222 7.41565
170 222 7.55287
6 223 80.9717
117 223 5.91191
132 223 5.9988
165 223 7.41565
170 223 7.55287
5 224 80.9717
165 224 7.41565
166 224 7.41565
132 225 5.9988
165 225 7.41565
166 225 7.41565
132 226 5.9988
165 226 7.41565
165 227 7.41565
39 228 67.5676
121 228 7.84314
21 229 50.7614
39 229 67.5676
165 229 7.55287
21 230 50.7614
76 230 57.971
117 230 5.91191
117 231 5.91191
117 232 5.91191
78 233 57.971
117 233 5.91191
165 233 7.55287
78 234 57.971
117 234 5.9988
165 234 7.55287
117 235 5.9988
165 235 7.41565
171 235 7.41565
207 235 31.2989
210 235 23.9521
103 236 36.9686
116 236 5.91191
117 236 5.91191
165 236 7.41565
207 236 31.2989
117 237 5.91191
132 237 5.9988
165 237 7.41565
171 237 7.41565
236 237 45.1467
116 238 5.91191
117 238 5.91191
132 238 5.9988
165 238 7.41565
117 239 5.91191
165 239 7.41565
207 239 31.2989
165 240 7.41565
171 240 7.41565
194 240 45.1467
195 240 45.1467
207 240 31.2989
132 241 6.08828
165 241 7.41565
171 241 7.41565
194 241 45.1467
195 241 45.1467
207 241 31.2989
238 241 45.1467
260 241 40.6504
261 241 40.6504
132 242 6.08828
195 242 45.1467
217 242 45.1467
237 242 45.1467
260 242 40.6504
217 243 45.1467
237 244 45.1467
260 244 40.6504
117 256 5.91191
133 257 5.9988
133 258 5.9988
133 259 5.9988
132 260 5.9988
133 260 5.9988
117 261 5.9988
132 261 5.9988
133 261 5.9988
166 261 8.49618
170 261 7.41565
171 261 7.41565
132 262 5.9988
133 262 5.9988
165 262 8.49618
166 262 8.49618
170 262 7.41565
171 262 7.41565
172 262 7.41565
7 263 22.6244
132 263 5.9988
133 263 5.9988
165 263 8.49618
166 263 8.49618
167 263 8.49618
171 263 7.41565
172 263 7.41565
8 264 22.6244
132 264 5.9988
133 264 5.9988
165 264 8.49618
9 265 22.6244
132 265 5.9988
133 265 5.9988
10 266 21.4362
132 266 5.9988
133 266 5.9988
173 266 8.15661
176 266 7.41565
177 266 7.41565
11 267 21.4362
117 267 5.91191
132 267 5.9988
160 267 7.41565
175 267 7.41565
176 267 7.41565
177 267 7.41565
12 268 20.3666
17 268 20.3666
117 268 5.91191
132 268 5.9988
159 268 7.41565
160 268 7.41565
176 268 7.41565
177 268 7.41565
12 269 20.3666
18 269 20.3666
132 269 6.08828
159 269 7.41565
160 269 7.41565
176 269 7.41565
177 269 7.41565
12 270 19.3986
13 270 19.3986
18 270 19.3986
132 270 6.08828
133 270 6.08828
159 270 7.41565
160 270 7.41565
176 270 7.41565
177 270 7.41565
13 271 19.3986
18 271 19.3986
133 271 6.08828
159 271 7.41565
160 271 7.41565
176 271 7.41565
177 271 7.41565
13 272 19.3986
18 272 19.3986
159 272 7.41565
160 272 7.41565
176 272 7.41565
177 272 7.41565
13 273 18.5185
18 273 19.3986
160 273 7.41565
260 273 16.9779
13 274 17.7148
117 274 5.91191
13 275 17.7148
117 275 5.91191
132 275 5.9988
13 276 16.9779
132 276 5.9988
133 276 5.9988
159 276 7.41565
12 277 16.9779
13 277 16.9779
132 277 5.9988
133 277 5.9988
159 277 7.41565
12 278 16.9779
13 278 16.9779
132 278 5.9988
133 278 5.9988
159 278 7.41565
12 279 16.2999
18 279 16.2999
132 279 5.9988
159 279 7.41565
260 279 15.0943
261 279 15.0943
12 280 16.2999
18 280 16.2999
132 280 5.9988
159 280 7.41565
11 281 15.674
12 281 15.674
18 281 15.674
117 281 5.9988
132 281 5.9988
165 281 11.0193
169 281 9.06207
170 281 9.06207
171 281 8.67679
172 281 8.49618
173 281 8.15661
174 281 7.84314
11 282 15.674
12 282 15.674
18 282 15.0943
132 282 5.9988
175 282 7.41565
176 282 7.41565
177 282 7.41565
11 283 15.0943
17 283 15.0943
132 283 5.9988
159 283 7.55287
160 283 7.55287
176 283 7.41565
177 283 7.41565
10 284 15.0943
17 284 15.0943
159 284 7.55287
160 284 7.55287
176 284 7.41565
177 284 7.41565
9 285 14.556
10 285 14.556
159 285 7.41565
160 285 7.41565
176 285 7.41565
177 285 7.41565
9 286 14.556
132 286 5.9988
159 286 7.41565
160 286 7.41565
176 286 7.41565
177 286 7.41565
9 287 14.556
132 287 5.9988
160 287 7.41565
176 287 7.41565
177 287 7.41565
159 288 7.41565
160 288 7.41565
176 288 7.41565
177 288 7.41565
132 289 5.9988
159 289 7.41565
160 289 7.41565
176 289 7.41565
177 289 7.41565
132 290 5.9988
159 290 7.41565
160 290 7.41565
132 291 5.9988
161 291 7.41565
162 291 7.41565
163 291 7.28332
164 291 7.28332
165 291 7.28332
166 291 7.28332
132 293 5.9988
159 293 7.41565
132 294 5.9988
159 294 7.41565
132 295 5.9988
159 295 7.41565
132 296 5.9988
159 296 7.41565
159 297 7.41565
257 297 11.0193
133 298 5.9988
159 298 7.41565
160 298 7.41565
170 298 8.86525
171 298 8.86525
161 299 7.41565
162 299 7.55287
169 299 8.86525
170 299 8.86525
171 299 8.86525
172 299 8.67679
173 299 8.32293
174 299 7.69527
175 299 7.41565
176 299 7.41565
177 299 7.41565
133 300 5.9988
176 300 7.41565
177 300 7.41565
159 301 7.41565
160 301 7.41565
176 301 7.41565
177 301 7.41565
255 301 10.4548
133 302 5.9988
159 302 7.41565
160 302 7.41565
176 302 7.41565
177 302 7.41565
255 302 10.4548
256 302 10.4548
257 302 10.4548
133 303 5.9988
160 303 7.41565
176 303 7.41565
177 303 7.41565
535 303 9.9453
536 303 9.9453
133 304 5.9988
160 304 7.41565
176 304 7.41565
177 304 7.41565
133 305 5.9988
160 305 7.41565
176 305 7.41565
177 305 7.41565
133 306 5.9988
160 306 7.41565
176 306 7.41565
177 306 7.41565
232 306 9.70874
133 307 5.9988
160 307 7.41565
176 307 7.41565
177 307 7.41565
133 308 5.9988
160 308 7.41565
161 309 7.28332
162 309 7.28332
163 309 7.28332
164 309 7.28332
165 309 7.28332
167 309 7.41565
133 310 5.9988
177 310 7.41565
238 310 9.26784
154 311 8.86525
159 311 7.41565
177 311 7.41565
159 312 7.41565
133 313 5.9988
159 313 7.41565
133 314 5.9988
159 314 7.41565
159 315 7.41565
179 315 9.70874
182 315 8.86525
133 316 5.9988
160 316 7.41565
171 316 8.32293
172 316 8.32293
173 316 8.32293
153 317 9.26784
155 317 9.06207
156 317 9.06207
161 317 7.41565
162 317 7.41565
163 317 7.28332
167 317 7.69527
168 317 7.69527
169 317 7.84314
170 317 8.32293
172 317 8.32293
173 317 8.32293
174 317 8.15661
176 317 7.41565
177 317 7.41565
162 318 7.41565
163 318 7.28332
164 318 7.15564
165 318 7.15564
166 318 7.15564
176 318 7.41565
177 318 7.41565
138 319 7.69527
146 319 7.69527
176 319 7.41565
199 319 7.84314
223 319 7.84314
160 320 7.41565
176 320 7.41565
176 321 7.41565
177 321 7.41565
191 321 7.55287
200 321 7.84314
201 321 7.84314
202 321 7.69527
247 321 9.06207
248 321 9.06207
176 322 7.41565
177 322 7.41565
191 322 7.55287
192 322 7.55287
230 322 7.84314
176 323 7.41565
177 323 7.41565
176 324 7.41565
177 324 7.41565
232 324 7.55287
166 325 8.49618
171 325 7.15564
172 325 7.15564
232 325 7.55287
233 325 7.55287
172 326 7.15564
233 326 7.55287
161 327 6.47459
202 327 7.84314
203 327 7.84314
168 328 7.28332
206 328 7.15564
207 328 7.15564
216 328 7.84314
44 329 6.37349
207 329 7.15564
208 329 7.15564
209 329 7.15564
134 330 6.91324
153 331 6.27549
153 332 6.27549
154 332 6.27549
174 332 6.91324
175 332 6.7981
188 332 7.69527
192 332 7.15564
193 332 7.15564
194 332 7.15564
195 332 7.03235
88 333 6.91324
153 333 6.37349
154 333 6.37349
169 333 8.15661
170 333 8.15661
175 333 6.7981
176 333 6.7981
177 333 6.7981
218 333 6.68673
51 334 6.08828
97 334 6.7981
98 334 6.7981
157 334 6.7981
178 334 6.68673
179 334 6.68673
180 334 6.57895
51 335 6.08828
151 335 6.68673
152 335 6.68673
156 335 6.37349
157 335 6.37349
180 335 6.57895
182 335 6.27549
210 335 6.68673
214 335 6.68673
215 335 6.68673
216 335 6.68673
77 336 6.68673
107 336 6.68673
150 336 6.7981
151 336 6.7981
152 336 6.7981
153 336 6.7981
156 336 6.37349
178 336 6.68673
182 336 6.27549
183 336 6.27549
89 337 6.27549
98 337 7.15564
156 337 6.37349
208 337 6.68673
209 337 6.68673
50 338 6.08828
96 338 7.15564
98 338 7.15564
101 338 6.57895
178 338 6.91324
126 339 5.91191
172 339 6.7981
68 340 6.68673
107 340 6.47459
188 340 6.37349
189 340 6.37349
40 341 6.37349
44 341 6.37349
46 341 6.27549
87 341 6.18047
104 341 6.37349
118 341 6.18047
120 341 6.18047
156 341 6.18047
157 341 6.18047
174 341 6.37349
178 341 6.08828
188 341 6.37349
189 341 6.37349
34 342 5.9988
43 342 6.68673
46 342 6.27549
48 342 6.27549
104 342 6.37349
105 342 6.37349
114 342 6.57895
118 342 6.18047
121 342 5.91191
165 342 6.57895
166 342 6.57895
171 342 5.91191
173 342 5.91191
180 342 6.08828
190 342 6.37349
46 343 6.27549
51 343 6.68673
89 343 6.18047
90 343 6.18047
171 343 5.91191
172 343 5.91191
176 343 6.27549
177 343 6.08828
206 343 6.37349
215 343 6.37349
49 344 6.18047
50 344 6.68673
52 344 6.68673
163 344 5.66572
164 344 6.57895
52 345 6.68673
56 345 6.08828
75 345 5.91191
41 346 5.82751
56 346 6.08828
45 347 6.18047
46 347 6.18047
91 347 5.82751
133 347 5.74548
134 347 5.74548
147 347 5.58815
148 347 5.58815
248 347 6.57895
249 347 6.57895
46 348 6.18047
99 348 5.9988
120 348 5.66572
148 348 5.58815
149 348 5.58815
201 348 5.9988
202 348 5.9988
43 349 5.82751
104 349 5.43922
202 349 5.9988
203 349 5.9988
213 349 6.08828
39 350 5.9988
91 350 5.51268
163 350 6.18047
167 350 6.18047
169 350 5.9988
213 350 6.08828
214 350 6.08828
41 351 5.82751
90 351 5.51268
106 351 5.43922
116 351 5.51268
117 351 5.51268
173 351 5.74548
214 351 5.9988
89 352 5.43922
90 352 5.43922
101 352 5.9988
106 352 5.66572
107 352 5.66572
163 352 6.18047
171 352 5.9988
173 352 5.74548
174 352 5.74548
184 352 6.08828
186 352 5.74548
187 352 5.66572
202 352 5.9988
203 352 5.91191
89 353 5.43922
90 353 5.43922
91 353 5.43922
107 353 5.66572
111 353 5.74548
172 353 5.74548
174 353 5.74548
175 353 5.74548
178 353 6.27549
184 353 6.08828
188 353 5.66572
203 353 5.91191
204 353 5.91191
205 353 5.91191
211 353 5.23013
212 353 5.23013
90 354 5.43922
91 354 5.43922
107 354 5.66572
110 354 5.36769
111 354 5.36769
140 354 5.58815
176 354 5.66572
183 354 6.08828
67 355 5.74548
110 355 5.36769
66 356 5.51268
68 356 5.51268
88 356 5.43922
110 356 5.36769
111 356 5.36769
137 356 5.58815
151 356 5.74548
153 356 5.51268
66 357 5.51268
67 357 5.51268
68 357 5.51268
88 357 5.43922
110 357 5.36769
111 357 5.36769
139 357 5.43922
140 357 5.43922
151 357 5.74548
153 357 5.51268
154 357 5.43922
156 357 5.82751
165 357 6.18047
170 357 5.51268
67 358 5.51268
110 358 5.36769
111 358 5.36769
155 358 5.51268
157 358 5.82751
170 358 5.51268
171 358 5.51268
68 359 5.43922
69 359 5.43922
159 359 5.82751
162 359 5.51268
163 359 5.51268
105 360 5.29801
106 360 5.29801
127 360 5.43922
146 360 5.29801
86 361 5.58815
106 361 5.29801
107 361 5.29801
108 361 5.29801
109 361 5.29801
115 361 5.29801
147 361 5.29801
148 361 5.29801
14 362 5.82751
66 362 5.58815
70 362 5.36769
84 362 5.23013
109 362 5.29801
110 362 5.36769
111 362 5.29801
112 362 5.29801
113 362 5.36769
143 362 5.66572
147 362 5.29801
14 363 5.82751
68 363 5.58815
69 363 5.36769
82 363 5.23013
83 363 5.23013
100 363 5.23013
101 363 5.23013
105 363 5.82751
113 363 5.29801
114 363 5.29801
144 363 5.66572
147 363 5.29801
148 363 5.29801
172 363 5.58815
173 363 5.58815
175 363 5.23013
176 363 5.23013
177 363 5.23013
83 364 5.23013
84 364 5.23013
100 364 5.23013
101 364 5.23013
104 364 5.82751
105 364 5.91191
139 364 5.23013
144 364 5.66572
145 364 5.66572
148 364 5.29801
149 364 5.29801
150 364 5.23013
173 364 5.58815
176 364 5.23013
177 364 5.23013
178 364 5.16396
54 365 5.16396
91 365 5.23013
101 365 5.23013
102 365 5.23013
104 365 5.82751
108 365 5.16396
109 365 5.16396
110 365 5.16396
111 365 5.16396
142 365 4.97512
150 365 5.23013
151 365 5.23013
70 366 5.43922
101 366 5.16396
102 366 5.23013
109 366 5.16396
110 366 5.16396
111 366 5.09944
112 366 5.09944
134 366 5.74548
142 366 4.97512
142 367 4.91521
143 367 4.97512
173 367 5.16396
40 368 5.23013
54 368 5.16396
55 368 5.16396
71 368 5.43922
72 368 5.43922
74 368 5.09944
75 368 5.09944
76 368 5.09944
116 368 5.51268
121 368 5.09944
127 368 5.43922
130 368 4.91521
141 368 4.97512
156 368 5.03651
54 369 5.16396
55 369 5.16396
56 369 5.16396
60 369 5.36769
66 369 5.09944
76 369 5.09944
77 369 5.09944
78 369 5.09944
106 369 4.97512
111 369 5.36769
125 369 5.43922
130 369 4.91521
131 369 4.91521
132 369 4.91521
136 369 5.23013
140 369 4.97512
141 369 4.91521
219 369 5.74548
220 369 5.74548
57 370 4.97512
58 370 4.97512
60 370 5.36769
61 370 5.36769
64 370 5.36769
66 370 5.09944
88 370 4.97512
94 370 5.36769
99 370 5.16396
108 370 5.03651
115 370 5.03651
131 370 4.91521
132 370 4.91521
133 370 4.91521
134 370 4.85673
152 370 5.16396
165 370 5.43922
64 371 5.36769
68 371 5.03651
69 371 4.97512
70 371 4.97512
98 371 4.97512
101 371 5.09944
102 371 5.03651
104 371 5.03651
105 371 4.97512
116 371 5.03651
153 371 5.16396
155 371 4.97512
156 371 4.91521
182 371 5.29801
183 371 5.29801
184 371 5.29801
215 371 5.58815
58 372 4.97512
59 372 4.97512
68 372 4.97512
69 372 4.91521
71 372 5.03651
72 372 4.97512
73 372 4.91521
100 372 5.03651
102 372 5.03651
103 372 5.03651
117 372 5.03651
118 372 4.97512
139 372 4.91521
141 372 4.91521
142 372 4.85673
154 372 5.09944
156 372 4.91521
157 372 4.91521
158 372 4.91521
159 372 4.85673
167 372 5.43922
185 372 5.23013
186 372 5.23013
187 372 5.16396
216 372 5.51268
217 372 5.51268
57 373 4.85673
59 373 4.85673
67 373 4.91521
68 373 4.97512
158 373 4.91521
159 373 4.85673
162 373 5.23013
167 373 4.97512
169 373 5.43922
217 373 5.51268
218 373 5.51268
67 374 4.91521
95 374 5.09944
96 374 5.09944
98 374 5.09944
139 374 4.91521
163 374 5.16396
165 374 4.97512
166 374 4.97512
172 374 5.43922
175 374 5.16396
176 374 5.16396
60 375 4.91521
80 375 4.91521
86 375 4.68933
94 375 5.09944
96 375 5.09944
140 375 4.85673
141 375 4.85673
142 375 4.79962
166 375 4.91521
167 375 4.97512
23 376 5.16396
24 376 5.03651
28 376 5.03651
29 376 5.16396
47 376 5.58815
70 376 4.91521
71 376 4.91521
72 376 4.91521
77 376 5.23013
83 376 4.68933
84 376 4.68933
94 376 5.09944
137 376 5.16396
142 376 4.79962
143 376 4.79962
144 376 4.79962
145 376 4.79962
24 377 5.03651
26 377 5.03651
29 377 5.16396
30 377 5.16396
74 377 4.91521
81 377 4.91521
82 377 4.85673
84 377 4.68933
85 377 4.63607
100 377 5.09944
132 377 5.09944
137 377 5.29801
154 377 5.23013
26 378 5.03651
27 378 5.03651
38 378 5.16396
66 378 4.91521
67 378 4.91521
82 378 4.85673
85 378 4.63607
88 378 5.09944
93 378 4.68933
100 378 5.09944
118 378 4.97512
132 378 5.03651
145 378 5.16396
69 379 4.68933
70 379 4.63607
86 379 4.68933
93 379 4.68933
103 379 4.74383
104 379 4.74383
105 379 4.74383
118 379 4.97512
145 379 5.23013
149 379 4.85673
159 379 5.16396
72 380 4.63607
88 380 5.03651
90 380 5.03651
93 380 4.68933
105 380 4.74383
119 380 4.97512
123 380 4.79962
134 380 4.97512
146 380 5.23013
149 380 4.85673
150 380 4.85673
160 380 5.16396
72 381 4.63607
73 381 4.584
74 381 4.584
88 381 4.97512
93 381 4.68933
124 381 4.79962
125 381 4.79962
134 381 4.97512
135 381 4.97512
136 381 4.91521
137 381 4.74383
146 381 5.16396
149 381 4.85673
150 381 4.85673
155 381 5.16396
163 381 4.85673
73 382 4.584
88 382 4.97512
107 382 4.85673
126 382 4.74383
134 382 4.97512
138 382 4.74383
139 382 4.74383
142 382 5.03651
89 383 4.97512
92 383 4.584
114 383 4.97512
118 383 4.97512
119 383 4.97512
141 383 5.03651
67 384 4.79962
89 384 4.85673
92 384 4.584
93 384 4.584
121 384 4.97512
68 385 4.79962
69 385 4.63607
70 385 4.63607
71 385 4.584
92 385 4.584
93 385 4.584
94 385 4.584
95 385 4.584
116 385 4.91521
122 385 4.97512
125 385 4.63607
126 385 4.63607
127 385 4.63607
143 385 5.23013
149 385 5.03651
150 385 5.03651
93 386 4.584
94 386 4.584
95 386 4.584
114 386 4.97512
115 386 4.91521
116 386 4.91521
128 386 4.63607
129 386 4.63607
130 386 4.584
143 386 5.23013
148 386 5.03651
149 386 5.03651
153 386 4.74383
154 386 4.74383
616 386 4.97512
617 386 4.97512
618 386 4.97512
48 387 4.68933
90 387 4.53309
91 387 4.584
94 387 4.584
95 387 4.584
109 387 5.51268
112 387 5.23013
118 387 4.68933
119 387 4.63607
120 387 4.63607
121 387 4.584
130 387 4.584
131 387 4.584
132 387 4.584
141 387 5.23013
615 387 5.16396
5 388 4.79962
68 388 5.03651
69 388 4.97512
86 388 4.584
116 388 4.74383
120 388 4.584
121 388 4.584
122 388 4.584
141 388 4.91521
67 389 5.03651
77 389 4.38693
86 389 4.584
88 389 4.4833
89 389 4.4833
115 389 4.74383
614 389 5.23013
615 389 5.23013
616 389 5.16396
617 389 5.09944
618 389 5.03651
619 389 4.97512
620 389 4.91521
621 389 4.85673
622 389 4.85673
623 389 4.85673
626 389 4.68933
70 390 4.63607
71 390 4.63607
73 390 4.43459
74 390 4.38693
88 390 4.4833
89 390 4.43459
105 390 4.53309
111 390 4.79962
114 390 4.79962
116 390 4.74383
119 390 4.584
125 390 4.74383
126 390 4.68933
128 390 4.53309
129 390 4.53309
142 390 4.68933
147 390 5.03651
617 390 5.09944
618 390 5.03651
619 390 4.97512
620 390 4.91521
621 390 4.85673
622 390 4.85673
623 390 4.85673
624 390 4.79962
626 390 4.68933
71 391 4.584
72 391 4.584
74 391 4.38693
75 391 4.38693
76 391 4.38693
85 391 4.97512
93 391 4.38693
94 391 4.38693
117 391 4.74383
120 391 4.53309
129 391 4.53309
130 391 4.53309
142 391 4.53309
145 391 4.79962
150 391 4.584
619 391 4.97512
15 392 4.53309
98 392 4.63607
99 392 4.63607
137 392 4.79962
140 392 4.53309
141 392 4.53309
150 392 4.53309
151 392 4.584
152 392 4.584
81 393 4.584
82 393 4.584
89 393 4.4833
92 393 4.24989
93 393 4.24989
138 393 4.74383
141 393 4.53309
142 393 4.53309
143 393 4.53309
144 393 4.53309
155 393 4.584
156 393 4.584
216 393 4.91521
217 393 4.91521
76 394 4.63607
78 394 4.63607
82 394 4.29461
92 394 4.24989
93 394 4.24989
94 394 4.24989
108 394 4.79962
109 394 4.79962
142 394 4.53309
143 394 4.53309
144 394 4.4833
148 394 4.43459
156 394 4.584
157 394 4.584
56 395 4.584
76 395 4.63607
104 395 5.16396
108 395 4.79962
113 395 4.34028
114 395 4.34028
145 395 4.4833
146 395 4.4833
47 396 4.74383
48 396 4.74383
56 396 4.584
70 396 4.4833
80 396 4.29461
81 396 4.29461
100 396 4.34028
102 396 4.34028
110 396 4.74383
114 396 4.34028
115 396 4.34028
116 396 4.34028
214 396 4.79962
215 396 4.74383
216 396 4.79962
47 397 4.74383
48 397 4.74383
64 397 4.34028
65 397 4.29461
66 397 4.29461
69 397 4.29461
71 397 4.4833
81 397 4.29461
83 397 4.24989
100 397 4.34028
101 397 4.34028
112 397 4.43459
115 397 4.34028
116 397 4.584
117 397 4.584
120 397 4.34028
52 398 4.1632
65 398 4.29461
66 398 4.29461
67 398 4.29461
113 398 4.29461
120 398 4.34028
121 398 4.34028
136 398 4.43459
138 398 4.38693
212 398 4.79962
213 398 4.79962
214 398 4.79962
52 399 4.34028
53 399 4.34028
67 399 4.29461
68 399 4.29461
69 399 4.29461
118 399 4.584
119 399 4.584
121 399 4.34028
122 399 4.34028
123 399 4.34028
124 399 4.34028
135 399 4.38693
136 399 4.43459
137 399 4.43459
73 400 4.43459
96 400 4.74383
100 400 4.38693
112 400 4.24989
113 400 4.24989
119 400 4.34028
122 400 4.34028
123 400 4.34028
135 400 4.38693
136 400 4.43459
137 400 4.43459
51 401 4.1632
73 401 4.43459
74 401 4.43459
86 401 4.34028
89 401 4.34028
90 401 4.1632
95 401 4.74383
96 401 4.74383
102 401 4.43459
115 401 4.2061
116 401 4.2061
40 402 4.38693
54 402 4.4833
74 402 4.43459
77 402 4.1632
78 402 4.1632
87 402 4.2061
89 402 4.1632
99 402 4.38693
116 402 4.2061
117 402 4.2061
54 403 4.4833
75 403 4.34028
78 403 4.1632
81 403 4.43459
82 403 4.43459
85 403 4.2061
86 403 4.2061
117 403 4.2061
140 403 4.34028
141 403 4.38693
142 403 4.43459
143 403 4.38693
144 403 4.38693
145 403 4.43459
57 404 4.1632
59 404 4.07997
77 404 4.1632
85 404 4.2061
86 404 4.2061
87 404 4.2061
101 404 4.2061
117 404 4.2061
118 404 4.2061
59 405 4.07997
75 405 4.34028
96 405 4.584
97 405 4.584
101 405 4.2061
102 405 4.2061
103 405 4.1632
104 405 4.1632
118 405 4.2061
119 405 4.2061
120 405 4.1632
121 405 4.1632
136 405 4.4833
139 405 4.29461
140 405 4.29461
145 405 4.43459
31 406 4.2061
56 406 4.29461
57 406 4.1632
60 406 4.07997
72 406 4.4833
99 406 4.2061
101 406 4.2061
102 406 4.2061
104 406 4.1632
105 406 4.12116
106 406 4.12116
107 406 4.12116
121 406 4.1632
122 406 4.1632
123 406 4.1632
136 406 4.4833
138 406 4.34028
139 406 4.29461
140 406 4.29461
141 406 4.29461
57 407 4.24989
59 407 4.07997
60 407 4.07997
61 407 4.07997
66 407 4.38693
106 407 4.12116
107 407 4.12116
108 407 4.07997
123 407 4.1632
124 407 4.1632
125 407 4.1632
139 407 4.29461
140 407 4.29461
141 407 4.29461
142 407 4.29461
265 407 4.53309
61 408 4.07997
62 408 4.03959
66 408 4.38693
78 408 4.12116
79 408 4.07997
91 408 4.34028
92 408 4.34028
93 408 4.34028
95 408 4.12116
96 408 4.12116
361 408 4.38693
40 409 4.29461
79 409 4.07997
80 409 4.07997
81 409 4.07997
83 409 4.24989
84 409 4.24989
88 409 4.24989
89 409 4.29461
93 409 4.34028
168 409 4.4833
169 409 4.4833
170 409 4.4833
41 410 4.29461
69 410 4.12116
86 410 4.29461
87 410 4.24989
97 410 4.12116
117 410 4.34028
122 410 4.1632
13 411 4.34028
57 411 4.29461
67 411 4.1632
68 411 4.12116
69 411 4.12116
70 411 4.12116
71 411 4.12116
72 411 4.12116
73 411 4.07997
95 411 4.24989
106 411 4.68933
107 411 4.68933
116 411 4.34028
118 411 4.24989
119 411 4.2061
120 411 4.2061
121 411 4.2061
125 411 4.2061
91 412 4.07997
92 412 4.07997
93 412 4.07997
105 412 4.68933
51 413 4.4833
58 413 4.29461
91 413 4.07997
92 413 4.07997
94 413 4.1632
104 413 4.74383
105 413 4.68933
19 414 4.1632
51 414 4.4833
76 414 4.2061
77 414 4.2061
89 414 4.12116
90 414 4.12116
93 414 4.2061
20 415 4.1632
61 415 4.2061
87 415 4.12116
91 415 4.2061
95 415 4.24989
112 415 4.03959
122 415 4.24989
42 416 4.34028
61 416 4.2061
63 416 4.2061
88 416 4.24989
95 416 4.24989
96 416 4.29461
97 416 4.29461
106 416 4.38693
107 416 4.38693
111 416 4.03959
112 416 4.03959
113 416 4.03959
123 416 4.24989
126 416 4.12116
127 416 4.07997
42 417 4.34028
49 417 4.24989
55 417 4.34028
60 417 4.2061
62 417 4.2061
63 417 4.2061
77 417 4.2061
94 417 4.29461
97 417 4.29461
100 417 4.2061
101 417 4.2061
102 417 4.2061
111 417 4.03959
126 417 4.12116
127 417 4.07997
128 417 4.07997
129 417 4.07997
43 418 4.34028
57 418 4.12116
62 418 4.12116
100 418 4.2061
101 418 4.1632
102 418 4.1632
105 418 4.1632
127 418 4.07997
128 418 4.07997
129 418 4.07997
16 419 4.07997
36 419 4.12116
58 419 4.12116
62 419 4.12116
65 419 4.1632
66 419 4.2061
67 419 4.2061
76 419 4.2061
77 419 4.2061
96 419 4.2061
100 419 4.2061
102 419 4.1632
105 419 4.03959
42 420 4.24989
62 420 4.1632
63 420 4.1632
66 420 4.2061
67 420 4.2061
71 420 4.03959
72 420 4.03959
77 420 4.2061
97 420 4.24989
100 420 4.2061
102 420 4.1632
103 420 4.1632
108 420 4.2061
20 421 4.2061
70 421 4.12116
71 421 4.03959
73 421 4.12116
104 421 4.1632
105 421 4.07997
33 422 4.53309
36 422 4.29461
11 423 4.24989
35 423 4.38693
36 423 4.29461
42 423 4.2061
43 423 4.2061
74 423 4.12116
80 423 4.07997
103 423 4.07997
43 424 4.2061
44 424 4.2061
68 424 4.12116
75 424 4.12116
76 424 4.12116
77 424 4.03959
98 424 4.07997
118 424 4.03959
114 425 4.07997
4 426 4.24989
153 427 4.12116
154 427 4.07997
5 428 4.24989
154 428 4.07997
150 429 4.03959
151 429 4.12116
150 430 4.03959
151 430 4.03959
152 430 4.03959
97 431 4.03959
124 431 4.03959
604 431 4.03959
35 432 4.07997
44 432 4.07997
54 432 4.07997
55 432 4.07997
56 432 4.07997
57 432 4.07997
67 432 4.12116
68 432 4.12116
70 432 4.12116
89 432 4.07997
90 432 4.07997
94 432 4.03959
95 432 4.07997
98 432 4.07997
99 432 4.07997
102 432 4.03959
104 432 4.03959
105 432 4.03959
108 432 4.03959
110 432 4.03959
111 432 4.03959
112 432 4.03959
113 432 4.03959
114 432 4.03959
115 432 4.03959
116 432 4.03959
117 432 4.03959
118 432 4.03959
119 432 4.03959
120 432 4.03959
121 432 4.03959
122 432 4.03959
123 432 4.03959
124 432 4.03959
587 432 4.1632
588 432 4.1632
589 432 4.12116
590 432 4.12116
599 432 4.03959
600 432 4.03959
601 432 4.03959
602 432 4.03959
603 432 4.03959
604 432 4.03959
605 432 4.03959
57 433 4.03959
102 433 4.03959
108 433 4.03959
114 433 4.03959
587 433 4.1632
588 433 4.1632
589 433 4.12116
590 433 4.12116
591 433 4.07997
592 433 4.03959
593 433 4.03959
594 433 4.03959
595 433 4.03959
596 433 4.03959
597 433 4.03959
598 433 4.03959
599 433 4.03959
600 433 4.03959
601 433 4.03959
602 433 4.03959
603 433 4.03959
604 433 4.03959
97 434 4.03959
591 434 4.07997
592 434 4.03959
593 434 4.03959
58 435 4.03959
60 435 4.07997
97 435 4.03959
58 436 4.03959
61 436 4.12116
98 436 4.03959
99 436 4.03959
84 437 4.12116
91 437 4.07997
92 437 4.07997
95 437 4.1632
98 437 4.03959
91 438 4.07997
91 439 4.03959
98 439 4.12116
99 439 4.12116
108 439 4.03959
109 439 4.03959
57 440 4.03959
78 440 4.03959
91 440 4.03959
92 440 4.03959
99 440 4.1632
100 440 4.1632
107 440 4.03959
112 440 4.2061
92 441 4.03959
99 441 4.1632
100 441 4.1632
104 441 4.03959
111 441 4.07997
35 442 4.03959
36 442 4.03959
43 442 4.03959
52 442 4.03959
104 442 4.03959
129 442 4.03959
130 442 4.03959
131 442 4.03959
21 443 4.07997
30 443 4.03959
35 443 4.03959
36 443 4.03959
57 443 4.12116
58 443 4.12116
80 443 4.03959
104 443 4.03959
111 443 4.07997
119 443 4.03959
122 443 4.07997
127 443 4.07997
128 443 4.03959
129 443 4.03959
130 443 4.03959
20 444 4.07997
26 444 4.03959
49 444 4.03959
58 444 4.12116
59 444 4.12116
66 444 4.03959
76 444 4.12116
22 445 4.03959
23 445 4.03959
24 445 4.03959
65 445 4.03959
66 445 4.03959
73 445 4.12116
74 445 4.12116
75 445 4.12116
130 445 4.03959
23 446 4.03959
310 446 4.03959
323 446 4.03959
375 446 4.03959
376 446 4.03959
483 446 4.03959
525 446 4.03959
310 447 4.03959
311 447 4.03959
