199 13 67.5676
197 15 67.5676
193 20 67.5676
192 21 67.5676
191 22 67.5676
158 39 27.137
159 39 25.4453
155 40 29.0698
156 40 27.137
157 40 27.137
155 41 29.0698
171 45 27.137
171 46 27.137
172 46 27.137
172 47 27.137
172 48 27.137
207 57 29.0698
208 57 29.0698
210 57 29.0698
379 60 36.9686
320 66 50.7614
319 67 50.7614
228 78 45.1467
127 79 101.01
228 79 45.1467
127 80 101.01
227 80 45.1467
125 82 101.01
231 92 45.1467
133 97 80.9717
228 108 50.7614
229 108 50.7614
89 110 80.9717
180 112 45.1467
87 114 101.01
228 114 45.1467
87 115 101.01
304 115 40.6504
303 117 40.6504
13 119 50.7614
14 119 50.7614
180 119 45.1467
180 120 45.1467
180 121 45.1467
66 122 67.5676
73 122 67.5676
180 122 45.1467
13 123 29.0698
66 123 67.5676
13 124 29.0698
66 124 67.5676
77 124 67.5676
13 125 29.0698
66 125 67.5676
77 127 57.971
78 127 57.971
77 128 57.971
13 129 29.0698
76 129 57.971
77 129 57.971
87 129 101.01
10 130 29.0698
13 130 29.0698
179 130 45.1467
302 130 40.6504
13 131 29.0698
77 131 57.971
179 131 45.1467
227 131 50.7614
13 132 29.0698
77 132 57.971
13 133 29.0698
76 133 57.971
13 134 29.0698
76 134 57.971
13 135 29.0698
77 135 57.971
301 135 40.6504
13 136 29.0698
77 136 57.971
301 136 40.6504
13 137 29.0698
77 137 57.971
300 137 40.6504
13 138 29.0698
77 138 57.971
13 139 29.0698
67 139 31.2989
114 139 57.971
178 139 50.7614
13 140 29.0698
14 140 29.0698
114 140 57.971
178 140 50.7614
13 141 29.0698
72 141 31.2989
79 141 57.971
114 141 57.971
178 141 50.7614
13 142 29.0698
72 142 31.2989
78 142 57.971
79 142 57.971
13 143 29.0698
14 143 29.0698
72 143 31.2989
78 143 57.971
79 143 57.971
13 144 29.0698
39 144 67.5676
40 144 67.5676
72 144 31.2989
13 145 29.0698
72 145 31.2989
179 145 45.1467
13 146 29.0698
14 146 29.0698
72 146 31.2989
13 147 29.0698
72 147 31.2989
77 147 57.971
139 147 67.5676
230 147 45.1467
13 148 29.0698
72 148 31.2989
178 148 50.7614
72 149 31.2989
72 150 31.2989
79 150 57.971
72 151 31.2989
229 151 45.1467
66 152 31.2989
67 152 31.2989
72 152 31.2989
79 152 57.971
66 153 31.2989
72 153 31.2989
79 153 57.971
66 154 31.2989
72 154 31.2989
78 154 57.971
66 155 31.2989
72 155 31.2989
78 155 57.971
66 156 31.2989
72 156 31.2989
66 157 31.2989
72 157 31.2989
66 158 31.2989
72 158 31.2989
58 159 4.97512
59 159 5.09944
60 159 5.03651
61 159 5.09944
62 159 5.09944
66 159 31.2989
72 159 31.2989
54 160 4.91521
55 160 4.91521
56 160 4.91521
66 160 31.2989
72 160 31.2989
115 160 50.7614
229 160 45.1467
51 161 4.85673
52 161 4.85673
53 161 4.85673
66 161 31.2989
229 161 45.1467
49 162 4.85673
50 162 4.85673
66 162 31.2989
47 163 4.85673
75 163 4.74383
46 164 4.91521
61 164 4.85673
62 164 4.85673
63 164 4.85673
65 164 5.03651
76 164 4.74383
77 164 4.74383
116 164 57.971
176 164 31.2989
61 165 4.85673
62 165 4.85673
63 165 4.85673
79 165 4.74383
116 165 57.971
61 166 4.85673
63 166 4.85673
80 166 4.74383
81 166 4.74383
85 166 4.85673
116 166 57.971
180 166 20.3666
181 166 27.137
224 166 50.7614
61 167 4.85673
63 167 4.85673
81 167 4.74383
82 167 4.74383
86 167 4.85673
116 167 57.971
173 167 45.1467
183 167 27.137
224 167 50.7614
238 167 50.7614
43 168 4.91521
61 168 5.03651
62 168 5.03651
63 168 4.85673
65 168 5.03651
81 168 4.79962
82 168 4.74383
83 168 4.79962
87 168 4.85673
172 168 45.1467
173 168 45.1467
183 168 27.137
197 168 57.971
224 168 50.7614
39 169 4.91521
42 169 4.91521
63 169 4.85673
65 169 5.03651
82 169 4.79962
83 169 4.79962
88 169 4.85673
172 169 45.1467
183 169 27.137
197 169 57.971
41 170 4.91521
83 170 4.79962
84 170 4.79962
89 170 4.85673
172 170 45.1467
197 170 57.971
40 171 4.91521
84 171 4.79962
85 171 4.79962
90 171 4.85673
197 171 57.971
295 171 40.6504
39 172 4.91521
85 172 4.79962
86 172 4.79962
88 172 4.85673
90 172 4.85673
177 172 25.4453
183 172 27.137
250 172 57.971
38 173 4.91521
39 173 4.91521
66 173 31.2989
86 173 4.79962
87 173 4.79962
91 173 4.85673
183 173 27.137
184 173 27.137
37 174 4.91521
38 174 4.91521
87 174 4.79962
88 174 4.79962
92 174 4.85673
139 174 67.5676
184 174 27.137
37 175 4.91521
87 175 4.79962
88 175 4.79962
90 175 4.85673
92 175 4.85673
132 175 80.9717
177 175 25.4453
197 175 57.971
36 176 4.91521
37 176 4.91521
66 176 31.2989
88 176 4.79962
89 176 4.79962
93 176 4.85673
132 176 80.9717
177 176 25.4453
197 176 57.971
36 177 4.91521
89 177 4.79962
91 177 4.85673
93 177 4.85673
177 177 25.4453
187 177 27.137
197 177 57.971
250 177 57.971
33 178 4.85673
35 178 4.85673
89 178 4.79962
90 178 4.79962
91 178 4.79962
94 178 4.85673
177 178 25.4453
188 178 29.0698
35 179 4.85673
90 179 4.79962
92 179 4.85673
94 179 4.85673
95 179 4.85673
188 179 29.0698
32 180 4.97512
90 180 4.79962
91 180 4.85673
92 180 4.85673
95 180 4.85673
188 180 29.0698
34 181 4.97512
90 181 4.79962
91 181 4.85673
92 181 4.85673
93 181 4.85673
95 181 4.85673
175 181 33.8983
183 181 27.137
188 181 29.0698
250 181 57.971
34 182 5.09944
91 182 4.79962
93 182 4.85673
95 182 4.85673
96 182 4.85673
181 182 27.137
188 182 29.0698
197 182 57.971
250 182 57.971
296 182 40.6504
31 183 5.09944
66 183 31.2989
91 183 4.85673
92 183 4.85673
93 183 4.85673
96 183 4.85673
178 183 25.4453
188 183 29.0698
296 183 40.6504
31 184 5.09944
33 184 5.09944
91 184 4.85673
92 184 4.85673
93 184 4.85673
96 184 4.85673
197 184 57.971
33 185 5.09944
91 185 4.85673
92 185 4.85673
93 185 4.85673
94 185 4.85673
96 185 4.85673
197 185 57.971
33 186 5.09944
92 186 5.03651
93 186 5.03651
94 186 4.85673
96 186 4.85673
97 186 4.85673
33 187 5.09944
92 187 5.03651
94 187 5.03651
97 187 4.79962
292 187 40.6504
33 188 5.09944
66 188 31.2989
92 188 5.03651
94 188 4.85673
97 188 4.79962
160 188 57.971
197 188 57.971
250 188 50.7614
324 188 45.1467
33 189 5.09944
92 189 4.85673
94 189 4.85673
97 189 4.79962
175 189 50.7614
197 189 57.971
224 189 57.971
250 189 50.7614
32 190 5.09944
92 190 4.85673
93 190 4.85673
94 190 4.85673
97 190 4.79962
289 190 40.6504
32 191 5.09944
92 191 4.85673
93 191 4.85673
94 191 4.85673
97 191 4.79962
288 191 40.6504
460 191 67.5676
60 192 31.2989
92 192 4.85673
93 192 4.85673
94 192 4.85673
97 192 4.79962
170 192 50.7614
197 192 57.971
288 192 40.6504
92 193 4.85673
94 193 4.85673
97 193 4.79962
170 193 50.7614
185 193 67.5676
197 193 57.971
219 193 50.7614
220 193 50.7614
250 193 50.7614
288 193 40.6504
33 194 4.97512
92 194 4.85673
94 194 4.85673
185 194 67.5676
216 194 80.9717
217 194 50.7614
250 194 50.7614
288 194 40.6504
31 195 4.97512
33 195 4.97512
92 195 4.85673
94 195 5.03651
170 195 50.7614
185 195 67.5676
250 195 50.7614
288 195 40.6504
31 196 4.97512
33 196 4.97512
92 196 4.85673
94 196 5.03651
170 196 50.7614
250 196 50.7614
31 197 4.74383
33 197 4.74383
91 197 4.85673
92 197 4.85673
93 197 4.85673
169 197 50.7614
210 197 57.971
238 197 57.971
250 197 50.7614
31 198 4.74383
33 198 4.74383
35 198 4.97512
91 198 4.85673
92 198 4.85673
93 198 4.85673
169 198 50.7614
170 198 50.7614
197 198 57.971
210 198 57.971
31 199 4.74383
91 199 4.85673
93 199 4.85673
170 199 50.7614
197 199 57.971
210 199 57.971
238 199 57.971
250 199 50.7614
32 200 4.79962
34 200 4.79962
35 200 4.97512
90 200 4.85673
91 200 4.85673
93 200 5.03651
170 200 50.7614
197 200 57.971
210 200 57.971
238 200 57.971
250 200 50.7614
32 201 4.74383
34 201 4.79962
90 201 4.85673
91 201 4.85673
92 201 4.85673
170 201 50.7614
197 201 57.971
210 201 57.971
238 201 57.971
250 201 50.7614
32 202 4.74383
85 202 5.29801
86 202 5.29801
87 202 5.29801
90 202 4.85673
92 202 4.85673
170 202 50.7614
197 202 57.971
210 202 57.971
32 203 4.74383
33 203 4.74383
38 203 5.43922
41 203 5.03651
42 203 4.79962
43 203 4.79962
44 203 4.97512
82 203 4.85673
83 203 4.85673
85 203 5.23013
90 203 5.09944
91 203 5.09944
92 203 5.09944
170 203 50.7614
197 203 57.971
210 203 57.971
238 203 57.971
32 204 4.74383
33 204 4.74383
42 204 4.97512
44 204 4.97512
81 204 4.85673
82 204 4.79962
83 204 4.85673
170 204 50.7614
197 204 57.971
210 204 57.971
238 204 57.971
250 204 57.971
33 205 4.74383
34 205 4.74383
44 205 4.97512
56 205 4.79962
57 205 4.79962
66 205 4.79962
82 205 4.79962
83 205 4.79962
170 205 50.7614
210 205 57.971
238 205 57.971
33 206 4.74383
34 206 4.74383
42 206 5.03651
56 206 4.79962
57 206 4.79962
58 206 4.85673
60 206 5.36769
61 206 5.36769
66 206 4.79962
67 206 4.79962
83 206 4.79962
84 206 4.79962
85 206 4.79962
92 206 4.97512
170 206 50.7614
210 206 57.971
238 206 57.971
34 207 4.74383
35 207 4.74383
56 207 4.79962
57 207 4.79962
60 207 5.36769
61 207 5.36769
66 207 4.79962
67 207 4.79962
85 207 4.79962
86 207 4.79962
88 207 4.85673
89 207 5.03651
170 207 50.7614
197 207 57.971
210 207 57.971
238 207 57.971
34 208 4.74383
35 208 4.74383
38 208 5.03651
56 208 4.79962
57 208 4.79962
60 208 5.36769
66 208 4.79962
67 208 4.79962
86 208 4.79962
87 208 4.85673
88 208 4.85673
91 208 4.97512
170 208 50.7614
197 208 67.5676
210 208 57.971
35 209 4.74383
38 209 4.74383
56 209 4.79962
57 209 4.79962
60 209 5.36769
66 209 4.79962
67 209 4.79962
86 209 4.85673
87 209 4.85673
170 209 50.7614
197 209 67.5676
210 209 57.971
35 210 4.74383
36 210 4.74383
46 210 5.9988
56 210 4.79962
57 210 4.79962
58 210 4.79962
60 210 5.29801
61 210 5.36769
66 210 4.79962
67 210 4.79962
85 210 4.85673
86 210 4.85673
170 210 50.7614
197 210 67.5676
36 211 4.74383
37 211 4.74383
46 211 5.9988
47 211 5.9988
57 211 4.79962
58 211 4.79962
61 211 5.36769
66 211 4.79962
67 211 4.79962
84 211 4.85673
85 211 4.85673
170 211 50.7614
197 211 67.5676
37 212 4.74383
42 212 4.74383
83 212 4.85673
84 212 4.85673
170 212 50.7614
188 212 27.137
220 212 45.1467
37 213 4.74383
38 213 4.74383
43 213 4.74383
82 213 4.85673
83 213 4.85673
188 213 27.137
220 213 45.1467
250 213 50.7614
38 214 4.74383
39 214 4.74383
44 214 4.74383
81 214 4.85673
82 214 4.85673
170 214 50.7614
210 214 57.971
220 214 45.1467
39 215 4.74383
40 215 4.74383
41 215 4.74383
45 215 4.74383
80 215 4.85673
81 215 4.85673
170 215 50.7614
197 215 67.5676
210 215 57.971
40 216 4.74383
41 216 4.74383
42 216 4.74383
44 216 4.74383
46 216 4.79962
79 216 4.85673
80 216 4.85673
170 216 50.7614
197 216 67.5676
210 216 57.971
42 217 4.74383
43 217 4.79962
77 217 4.85673
78 217 4.85673
79 217 4.85673
170 217 50.7614
210 217 57.971
221 217 45.1467
50 218 4.79962
75 218 4.91521
76 218 4.85673
77 218 4.85673
210 218 57.971
221 218 45.1467
45 219 4.85673
46 219 4.79962
47 219 4.79962
49 219 4.79962
51 219 4.79962
52 219 4.79962
73 219 4.91521
74 219 4.91521
75 219 4.91521
221 219 45.1467
18 220 67.5676
46 220 4.79962
47 220 4.79962
48 220 4.79962
70 220 4.85673
71 220 4.91521
72 220 4.91521
170 220 50.7614
221 220 45.1467
48 221 4.79962
49 221 4.74383
66 221 31.2989
29 222 57.971
50 222 4.74383
51 222 4.74383
29 223 57.971
53 223 4.74383
54 223 4.97512
55 223 4.74383
56 224 4.79962
57 224 4.85673
58 224 4.85673
59 224 4.85673
62 224 5.16396
58 225 4.85673
59 225 4.85673
61 225 5.09944
62 225 5.16396
66 225 4.79962
59 226 4.79962
62 226 5.16396
66 226 4.79962
59 227 4.79962
62 227 5.09944
208 227 45.1467
59 228 4.79962
60 228 4.79962
62 228 5.09944
16 229 67.5676
59 229 4.79962
60 229 4.79962
16 230 67.5676
27 230 57.971
53 230 57.971
59 230 4.79962
60 230 4.79962
63 230 5.23013
72 230 31.2989
185 230 27.137
53 231 57.971
54 231 57.971
59 231 4.79962
67 231 4.85673
185 231 27.137
53 232 57.971
54 232 57.971
59 232 4.79962
67 232 4.85673
192 232 40.6504
67 233 4.85673
103 233 50.7614
104 233 50.7614
139 233 50.7614
192 233 40.6504
45 234 67.5676
55 234 57.971
67 234 4.85673
133 234 50.7614
138 234 50.7614
172 234 50.7614
47 235 67.5676
58 235 4.74383
59 235 4.74383
63 235 5.36769
67 235 4.79962
56 236 4.74383
58 236 4.74383
59 236 4.74383
63 236 5.36769
67 236 4.79962
173 236 50.7614
58 237 4.74383
59 237 4.74383
67 237 4.79962
185 237 27.137
186 237 27.137
217 237 45.1467
58 238 4.74383
59 238 4.74383
67 238 4.79962
72 238 31.2989
73 238 31.2989
185 238 27.137
186 238 27.137
217 238 45.1467
58 239 4.74383
59 239 4.74383
64 239 5.51268
67 239 4.79962
72 239 31.2989
109 239 50.7614
125 239 50.7614
185 239 27.137
186 239 27.137
221 239 40.6504
58 240 4.74383
109 240 50.7614
125 240 50.7614
124 241 50.7614
125 241 50.7614
128 241 50.7614
177 241 45.1467
125 242 50.7614
128 242 50.7614
177 242 45.1467
200 242 45.1467
59 243 4.85673
67 243 4.85673
157 243 50.7614
176 243 45.1467
177 243 45.1467
200 243 45.1467
205 243 45.1467
375 243 31.2989
59 244 4.85673
176 244 45.1467
177 244 45.1467
200 244 40.6504
222 244 40.6504
246 244 40.6504
262 244 40.6504
309 244 33.8983
177 245 45.1467
190 245 27.137
200 245 40.6504
222 245 40.6504
246 245 40.6504
339 245 33.8983
186 246 27.137
200 246 40.6504
222 246 40.6504
246 246 36.9686
201 247 40.6504
222 247 40.6504
246 247 36.9686
246 248 36.9686
65 256 5.03651
65 257 5.03651
627 257 25.4453
65 258 5.03651
59 264 4.79962
68 267 4.85673
59 278 4.79962
236 284 14.0548
67 285 4.79962
236 285 14.0548
565 285 13.1492
61 286 5.36769
62 286 5.36769
66 286 4.85673
67 286 4.85673
68 286 4.85673
236 286 14.0548
57 287 4.74383
58 287 4.74383
61 287 5.36769
62 287 5.36769
67 287 4.85673
68 287 4.85673
69 287 4.85673
236 287 14.0548
237 287 14.0548
57 288 4.74383
58 288 4.74383
62 288 5.36769
66 288 4.85673
68 288 4.85673
69 288 4.79962
57 289 4.74383
58 289 4.74383
62 289 5.36769
66 289 4.85673
68 289 4.85673
69 289 4.79962
57 290 4.74383
58 290 4.74383
62 290 5.36769
68 290 4.85673
69 290 4.79962
58 291 4.74383
67 291 4.85673
68 291 4.85673
58 292 4.74383
59 292 4.74383
68 292 4.79962
76 292 4.85673
71 293 5.36769
72 293 5.36769
73 293 5.36769
76 293 4.85673
77 293 4.85673
234 293 12.3533
71 294 5.36769
76 294 4.85673
77 294 4.85673
78 294 4.85673
234 294 11.9904
235 294 11.9904
48 295 4.68933
76 295 4.85673
77 295 4.85673
234 295 11.9904
48 296 4.68933
49 296 4.68933
76 296 4.85673
77 296 4.85673
234 296 11.9904
48 297 4.68933
49 297 4.68933
76 297 4.85673
77 297 4.85673
78 297 4.85673
628 297 10.7296
629 297 10.7296
630 297 10.4548
631 297 10.4548
632 297 10.4548
633 297 10.1937
48 298 4.68933
49 298 4.68933
76 298 4.85673
77 298 4.85673
48 299 4.68933
49 299 4.68933
76 299 4.85673
77 299 4.85673
78 299 4.85673
48 300 4.68933
49 300 4.68933
76 300 4.85673
77 300 4.85673
48 301 4.68933
49 301 4.68933
76 301 4.85673
77 301 4.85673
48 302 4.68933
49 302 4.68933
76 302 4.85673
77 302 4.85673
78 302 4.85673
48 303 4.68933
49 303 4.68933
76 303 4.85673
77 303 4.85673
78 303 4.85673
48 304 4.68933
49 304 4.68933
48 305 4.68933
49 305 4.68933
231 305 10.4548
49 306 4.68933
50 306 4.68933
51 306 4.63607
53 306 4.43459
60 306 4.38693
77 306 4.85673
230 306 10.4548
53 307 4.43459
54 307 4.43459
55 307 4.43459
56 307 4.43459
58 307 4.43459
59 307 4.38693
77 307 4.85673
48 308 4.74383
77 308 4.85673
48 309 4.74383
74 309 5.16396
77 309 4.85673
48 310 4.74383
77 310 4.85673
228 310 9.70874
229 310 9.70874
48 311 4.74383
74 311 5.16396
228 311 9.70874
229 311 9.70874
230 311 9.70874
48 312 4.74383
48 313 4.74383
77 313 4.91521
78 313 4.91521
48 314 4.74383
48 315 4.74383
631 315 8.49618
632 315 8.49618
48 316 4.74383
48 317 4.74383
72 317 5.23013
73 317 5.23013
74 317 5.16396
49 318 4.68933
50 318 4.68933
64 318 4.68933
69 318 5.43922
70 318 5.43922
73 318 5.23013
76 318 4.85673
77 318 4.85673
49 319 4.68933
50 319 4.68933
51 319 4.68933
52 319 4.68933
53 319 4.68933
54 319 4.68933
55 319 4.74383
56 319 4.74383
57 319 4.74383
62 319 4.68933
63 319 4.68933
64 319 4.68933
65 319 4.68933
66 319 4.584
67 319 4.584
76 319 4.85673
77 319 4.85673
48 320 4.68933
53 320 4.68933
54 320 4.68933
55 320 4.74383
76 320 4.85673
77 320 4.85673
48 321 4.68933
76 321 4.85673
77 321 4.85673
233 321 8.49618
48 322 4.68933
76 322 4.85673
77 322 4.85673
48 323 4.68933
49 323 4.68933
76 323 4.85673
77 323 4.85673
222 323 8.49618
48 324 4.68933
49 324 4.68933
76 324 4.85673
77 324 4.85673
221 324 8.49618
48 325 4.68933
49 325 4.68933
76 325 4.85673
77 325 4.85673
221 325 8.49618
48 326 4.68933
49 326 4.68933
76 326 4.85673
77 326 4.85673
48 327 4.68933
49 327 4.68933
76 327 4.85673
77 327 4.85673
48 328 4.68933
49 328 4.68933
76 328 4.85673
77 328 4.85673
48 329 4.68933
49 329 4.68933
76 329 4.85673
77 329 4.85673
48 330 4.68933
49 330 4.68933
76 330 4.85673
77 330 4.85673
78 330 4.85673
48 331 4.68933
49 331 4.68933
48 332 4.63607
140 332 7.84314
48 333 4.63607
49 333 4.63607
77 333 4.85673
216 333 7.55287
217 333 7.55287
225 333 7.41565
49 334 4.68933
50 334 4.68933
51 334 4.63607
52 334 4.68933
53 334 4.68933
54 334 4.68933
55 334 4.68933
60 334 4.68933
63 334 4.584
65 334 4.584
77 334 4.85673
137 334 7.69527
216 334 7.55287
217 334 7.55287
218 334 7.55287
219 334 7.41565
220 334 7.28332
221 334 7.28332
223 334 7.41565
224 334 7.41565
225 334 7.41565
226 334 7.28332
227 334 7.28332
56 335 4.68933
57 335 4.38693
77 335 4.85673
47 336 4.74383
48 336 4.68933
77 336 4.85673
48 337 4.68933
77 337 4.85673
593 337 7.41565
594 337 7.41565
595 337 7.28332
596 337 7.15564
597 337 7.15564
598 337 7.03235
47 338 4.74383
48 338 4.74383
77 338 4.85673
47 339 4.74383
48 339 4.74383
77 339 4.85673
48 340 4.68933
77 340 4.85673
48 341 4.68933
77 341 4.85673
78 341 4.85673
181 341 7.15564
182 341 7.15564
47 342 4.74383
48 342 4.74383
182 342 7.15564
183 342 7.15564
48 343 4.68933
48 344 4.68933
73 344 5.16396
74 344 5.09944
48 345 4.74383
49 345 4.74383
69 345 5.36769
70 345 5.36769
71 345 5.36769
72 345 5.16396
73 345 5.16396
74 345 5.09944
76 345 4.85673
77 345 4.85673
49 346 4.68933
50 346 4.68933
51 346 4.68933
64 346 4.584
65 346 4.74383
66 346 4.74383
67 346 4.74383
68 346 4.79962
76 346 4.85673
77 346 4.85673
49 347 4.68933
50 347 4.68933
51 347 4.68933
52 347 4.63607
53 347 4.584
54 347 4.584
55 347 4.68933
56 347 4.68933
57 347 4.68933
58 347 4.68933
59 347 4.63607
60 347 4.63607
61 347 4.63607
62 347 4.63607
63 347 4.584
64 347 4.584
65 347 4.74383
66 347 4.74383
76 347 4.85673
77 347 4.85673
47 348 4.68933
48 348 4.68933
53 348 4.584
54 348 4.584
55 348 4.68933
75 348 4.85673
76 348 4.85673
77 348 4.85673
187 348 6.68673
188 348 6.57895
47 349 4.68933
48 349 4.68933
76 349 4.85673
77 349 4.85673
188 349 6.57895
189 349 6.57895
190 349 6.47459
191 349 6.27549
48 350 4.68933
75 350 4.85673
76 350 4.85673
77 350 4.85673
217 350 6.57895
218 350 6.57895
219 350 6.57895
48 351 4.68933
75 351 4.85673
76 351 4.85673
77 351 4.85673
209 351 6.37349
210 351 6.37349
211 351 6.37349
218 351 6.57895
219 351 6.57895
48 352 4.68933
75 352 4.85673
76 352 4.85673
77 352 4.85673
48 353 4.68933
75 353 4.85673
76 353 4.85673
77 353 4.85673
48 354 4.68933
75 354 4.85673
76 354 4.85673
77 354 4.85673
204 354 6.47459
48 355 4.68933
75 355 4.85673
76 355 4.85673
77 355 4.85673
104 355 6.27549
106 355 6.37349
107 355 6.27549
44 356 5.66572
48 356 4.68933
75 356 4.85673
76 356 4.85673
77 356 4.85673
85 356 6.37349
103 356 6.27549
109 356 6.18047
110 356 6.18047
203 356 6.47459
48 357 4.68933
76 357 4.85673
77 357 4.85673
85 357 6.37349
86 357 6.27549
87 357 6.27549
88 357 6.18047
89 357 6.18047
90 357 6.08828
99 357 6.91324
103 357 6.27549
104 357 6.27549
48 358 4.68933
70 358 5.36769
71 358 5.29801
104 358 6.18047
105 358 6.18047
106 358 6.18047
48 359 4.68933
48 360 4.63607
73 360 5.16396
74 360 5.16396
48 361 4.63607
49 361 4.63607
69 361 4.68933
49 362 4.68933
50 362 4.68933
51 362 4.63607
52 362 4.68933
53 362 4.68933
54 362 4.4833
62 362 4.68933
77 362 4.85673
53 363 4.68933
54 363 4.4833
55 363 4.4833
56 363 4.4833
57 363 4.4833
60 363 4.68933
77 363 4.85673
47 364 4.68933
48 364 4.68933
77 364 4.85673
47 365 4.68933
48 365 4.68933
77 365 4.85673
87 365 5.51268
47 366 4.68933
48 366 4.68933
77 366 4.85673
87 366 5.51268
48 367 4.68933
77 367 4.85673
125 367 5.74548
149 367 5.43922
196 367 5.82751
501 367 5.74548
502 367 5.74548
503 367 5.74548
504 367 5.74548
505 367 5.66572
506 367 5.66572
507 367 5.66572
508 367 5.58815
509 367 5.58815
510 367 5.58815
511 367 5.58815
512 367 5.58815
513 367 5.58815
514 367 5.58815
515 367 5.58815
48 368 4.68933
77 368 4.85673
83 368 5.9988
84 368 5.9988
87 368 5.43922
88 368 5.43922
136 368 5.36769
139 368 5.36769
515 368 5.58815
40 369 5.74548
48 369 4.68933
60 369 6.27549
77 369 4.85673
116 369 5.36769
140 369 5.43922
141 369 5.43922
142 369 5.36769
45 370 4.74383
116 370 5.36769
117 370 5.36769
118 370 5.36769
47 371 4.68933
149 371 5.43922
150 371 5.36769
152 371 5.23013
194 371 5.58815
47 372 4.68933
48 372 4.68933
72 372 5.16396
73 372 5.16396
74 372 5.09944
124 372 5.29801
152 372 5.23013
153 372 5.23013
154 372 5.23013
155 372 5.29801
193 372 5.58815
194 372 5.58815
195 372 5.58815
199 372 5.58815
200 372 5.58815
201 372 5.58815
202 372 5.58815
203 372 5.58815
204 372 5.58815
205 372 5.58815
206 372 5.51268
207 372 5.51268
208 372 5.43922
47 373 4.68933
48 373 4.68933
71 373 5.16396
72 373 5.16396
73 373 5.16396
74 373 5.09944
76 373 4.85673
77 373 4.85673
125 373 5.29801
127 373 5.43922
155 373 5.29801
156 373 5.29801
157 373 5.23013
194 373 5.58815
195 373 5.58815
48 374 4.68933
49 374 4.68933
50 374 4.68933
51 374 4.63607
64 374 4.63607
65 374 4.63607
66 374 4.68933
67 374 4.68933
68 374 4.63607
69 374 4.68933
70 374 5.23013
76 374 4.85673
77 374 4.85673
116 374 5.09944
158 374 5.16396
159 374 5.16396
183 374 5.36769
184 374 5.36769
43 375 5.43922
49 375 4.68933
50 375 4.63607
51 375 4.63607
52 375 4.63607
53 375 4.63607
55 375 4.74383
56 375 4.74383
57 375 4.74383
58 375 4.74383
59 375 4.68933
60 375 4.63607
61 375 4.63607
62 375 4.63607
63 375 4.63607
64 375 4.63607
65 375 4.63607
66 375 4.68933
67 375 4.68933
76 375 4.85673
77 375 4.85673
116 375 5.03651
118 375 5.03651
119 375 5.03651
121 375 5.23013
124 375 5.23013
159 375 5.16396
160 375 5.16396
51 376 4.63607
52 376 4.63607
53 376 4.63607
54 376 4.63607
55 376 4.74383
60 376 4.63607
61 376 4.63607
76 376 4.85673
77 376 4.85673
101 376 5.16396
104 376 4.79962
113 376 5.43922
114 376 5.16396
116 376 5.03651
117 376 5.03651
118 376 5.03651
160 376 5.16396
161 376 5.16396
162 376 5.09944
180 376 5.09944
75 377 4.79962
76 377 4.79962
77 377 4.79962
117 377 5.03651
118 377 5.03651
119 377 5.03651
162 377 5.09944
163 377 5.09944
180 377 5.09944
181 377 5.09944
45 378 5.16396
48 378 4.63607
75 378 4.79962
76 378 4.79962
77 378 4.79962
81 378 5.36769
100 378 4.85673
118 378 5.03651
119 378 5.03651
163 378 5.09944
181 378 5.09944
182 378 5.09944
48 379 4.68933
75 379 4.79962
76 379 4.79962
77 379 4.79962
99 379 4.85673
100 379 4.85673
163 379 5.03651
164 379 5.03651
182 379 5.09944
48 380 4.68933
75 380 4.79962
76 380 4.79962
77 380 4.79962
99 380 4.85673
100 380 4.85673
163 380 5.03651
164 380 5.03651
165 380 5.03651
47 381 4.68933
48 381 4.68933
75 381 4.79962
76 381 4.79962
100 381 4.85673
101 381 4.85673
159 381 5.51268
164 381 4.97512
165 381 4.97512
166 381 4.97512
47 382 4.68933
48 382 4.68933
76 382 4.79962
101 382 4.85673
102 382 4.85673
75 383 4.85673
76 383 4.79962
77 383 4.79962
165 383 4.97512
76 384 4.79962
77 384 4.79962
78 384 4.79962
79 384 4.79962
158 384 4.91521
165 384 4.91521
83 385 4.74383
133 385 4.85673
165 385 4.91521
48 386 4.63607
85 386 4.74383
165 386 4.85673
48 387 4.63607
72 387 5.23013
85 387 4.74383
86 387 4.68933
101 387 4.68933
102 387 4.68933
103 387 4.68933
143 387 4.79962
144 387 4.79962
150 387 4.85673
151 387 4.85673
161 387 4.79962
183 387 5.23013
48 388 4.63607
69 388 4.63607
86 388 4.68933
87 388 4.68933
144 388 4.79962
145 388 4.79962
163 388 4.79962
164 388 4.79962
62 389 4.53309
112 389 4.63607
62 390 4.53309
63 390 4.53309
95 390 4.63607
107 390 4.97512
108 390 4.97512
112 390 4.63607
113 390 4.63607
119 390 5.03651
120 390 4.97512
122 390 4.74383
123 390 4.584
124 390 4.584
63 391 4.53309
96 391 4.63607
103 391 4.91521
106 391 4.97512
112 391 4.63607
63 392 4.53309
89 392 5.16396
95 392 4.63607
96 392 4.63607
97 392 4.63607
113 392 4.63607
114 392 4.63607
376 392 4.91521
377 392 4.91521
378 392 4.91521
63 393 4.53309
64 393 4.53309
89 393 5.16396
97 393 4.584
102 393 4.91521
109 393 4.97512
114 393 4.584
115 393 4.53309
116 393 4.53309
117 393 4.53309
140 393 4.74383
55 394 4.43459
116 394 4.53309
117 394 4.53309
118 394 4.53309
142 394 4.68933
55 395 4.38693
56 395 4.38693
104 395 5.51268
117 395 4.53309
118 395 4.53309
119 395 4.53309
144 395 4.68933
56 396 4.38693
57 396 4.38693
99 396 4.4833
100 396 4.4833
101 396 4.4833
118 396 4.53309
119 396 4.53309
120 396 4.4833
121 396 4.4833
122 396 4.4833
127 396 4.74383
133 396 4.79962
138 396 4.38693
147 396 4.34028
56 397 4.38693
57 397 4.38693
70 397 4.53309
79 397 4.79962
83 397 4.43459
106 397 5.51268
119 397 4.4833
120 397 4.4833
121 397 4.4833
122 397 4.4833
130 397 4.53309
133 397 4.79962
134 397 4.79962
138 397 4.38693
139 397 4.38693
157 397 4.53309
71 398 4.53309
75 398 4.43459
76 398 4.4833
77 398 4.53309
83 398 4.43459
84 398 4.43459
85 398 4.43459
86 398 4.43459
89 398 5.29801
130 398 4.4833
131 398 4.53309
132 398 4.53309
139 398 4.38693
140 398 4.38693
141 398 4.38693
72 399 4.43459
73 399 4.43459
74 399 4.43459
96 399 4.43459
97 399 4.43459
98 399 4.38693
129 399 4.38693
130 399 4.4833
143 399 4.43459
144 399 4.38693
97 400 4.43459
98 400 4.38693
99 400 4.38693
100 400 4.38693
101 400 4.38693
102 400 4.38693
126 400 4.03959
129 400 4.38693
130 400 4.38693
144 400 4.38693
537 400 4.68933
102 401 4.38693
103 401 4.38693
104 401 4.38693
133 401 4.34028
37 402 4.2061
86 402 4.79962
113 402 4.584
132 402 4.34028
133 402 4.34028
38 403 4.2061
86 403 4.79962
91 403 4.53309
94 403 4.34028
107 403 4.91521
108 403 4.97512
113 403 4.584
116 403 4.38693
117 403 4.38693
118 403 4.38693
119 403 4.38693
132 403 4.34028
556 403 4.63607
557 403 4.63607
59 404 4.63607
89 404 4.34028
91 404 4.53309
92 404 4.38693
94 404 4.34028
95 404 4.29461
96 404 4.29461
97 404 4.29461
100 404 4.24989
117 404 4.38693
118 404 4.38693
121 404 4.53309
60 405 4.584
65 405 4.12116
66 405 4.12116
83 405 4.79962
89 405 4.34028
90 405 4.53309
94 405 4.34028
95 405 4.29461
96 405 4.29461
97 405 4.29461
98 405 4.29461
99 405 4.29461
100 405 4.24989
105 405 4.584
56 406 4.07997
57 406 4.07997
62 406 4.24989
66 406 4.12116
67 406 4.12116
70 406 4.68933
73 406 4.1632
110 406 4.1632
56 407 4.07997
57 407 4.07997
58 407 4.07997
59 407 4.07997
70 407 4.63607
102 407 4.24989
103 407 4.29461
58 408 4.07997
59 408 4.07997
60 408 4.07997
61 408 4.12116
62 408 4.12116
63 408 4.12116
102 408 4.29461
103 408 4.29461
127 408 4.1632
128 408 4.12116
129 408 4.12116
60 409 4.07997
61 409 4.07997
62 409 4.07997
63 409 4.07997
64 409 4.07997
67 409 4.12116
68 409 4.43459
124 409 4.2061
125 409 4.1632
128 409 4.12116
129 409 4.12116
130 409 4.12116
131 409 4.12116
138 409 4.24989
139 409 4.24989
63 410 4.07997
64 410 4.07997
65 410 4.07997
66 410 4.12116
68 410 4.38693
69 410 4.43459
71 410 4.1632
72 410 4.1632
73 410 4.12116
78 410 4.29461
118 410 4.38693
119 410 4.38693
123 410 4.12116
126 410 4.1632
141 410 4.24989
42 411 4.2061
65 411 4.07997
66 411 4.12116
67 411 4.12116
72 411 4.1632
73 411 4.12116
74 411 4.12116
75 411 4.12116
76 411 4.12116
119 411 4.38693
122 411 4.12116
123 411 4.12116
124 411 4.12116
125 411 4.12116
136 411 4.24989
548 411 4.43459
42 412 4.2061
122 412 4.12116
123 412 4.12116
124 412 4.12116
125 412 4.12116
135 412 4.24989
116 413 4.584
123 413 4.12116
124 413 4.12116
100 414 4.24989
101 414 4.24989
119 414 4.43459
124 414 4.07997
125 414 4.07997
126 414 4.07997
41 415 4.03959
83 415 4.03959
119 415 4.43459
125 415 4.07997
126 415 4.07997
127 415 4.07997
128 415 4.07997
485 415 4.38693
486 415 4.38693
79 416 4.38693
84 416 4.03959
85 416 4.03959
86 416 4.03959
116 416 4.07997
487 416 4.29461
488 416 4.29461
489 416 4.29461
490 416 4.24989
554 416 4.34028
555 416 4.34028
9 417 4.1632
106 417 4.1632
108 417 4.1632
109 417 4.03959
113 417 4.24989
73 418 4.03959
74 418 4.03959
106 418 4.1632
107 418 4.1632
110 418 4.03959
111 418 4.03959
434 418 4.29461
73 419 4.03959
74 419 4.03959
78 419 4.07997
82 419 4.03959
101 419 4.38693
107 419 4.1632
108 419 4.1632
165 419 4.24989
166 419 4.24989
167 419 4.24989
558 419 4.24989
76 420 4.07997
82 420 4.03959
83 420 4.03959
84 420 4.03959
98 420 4.38693
106 420 4.1632
108 420 4.1632
110 420 4.03959
165 420 4.24989
166 420 4.24989
167 420 4.24989
52 421 4.03959
53 421 4.03959
54 421 4.03959
76 421 4.07997
99 421 4.38693
104 421 4.12116
106 421 4.12116
164 421 4.24989
165 421 4.24989
166 421 4.24989
99 422 4.38693
104 422 4.12116
77 423 4.07997
103 423 4.12116
581 424 4.12116
582 424 4.12116
104 425 4.2061
465 425 4.1632
466 425 4.12116
466 426 4.12116
467 426 4.12116
468 426 4.07997
469 426 4.07997
72 427 4.07997
101 428 4.03959
105 428 4.38693
106 428 4.38693
7 429 4.03959
61 430 4.43459
66 430 4.03959
67 430 4.03959
571 430 4.03959
67 431 4.03959
68 431 4.03959
107 431 4.12116
108 431 4.12116
68 432 4.03959
99 432 4.03959
100 432 4.03959
101 432 4.03959
176 432 4.1632
177 432 4.1632
28 433 4.03959
39 433 4.03959
100 433 4.03959
101 433 4.03959
112 433 4.03959
204 433 4.03959
174 434 4.03959
175 434 4.03959
204 434 4.03959
175 435 4.03959
176 435 4.03959
180 435 4.1632
174 436 4.03959
177 436 4.03959
175 437 4.03959
91 457 4.03959
