195 12 67.5676
194 13 67.5676
189 18 67.5676
187 21 67.5676
185 24 67.5676
154 34 25.4453
150 35 25.4453
151 35 25.4453
152 35 25.4453
149 36 27.137
150 36 25.4453
166 41 25.4453
166 42 25.4453
167 42 25.4453
167 43 25.4453
167 44 27.137
206 52 27.137
203 53 29.0698
204 53 27.137
205 53 27.137
206 53 27.137
202 54 31.2989
203 54 29.0698
379 57 36.9686
377 58 36.9686
318 64 50.7614
317 65 50.7614
225 76 45.1467
124 77 101.01
224 77 45.1467
225 77 45.1467
124 78 101.01
123 79 101.01
227 81 45.1467
130 96 80.9717
226 96 50.7614
117 100 80.9717
300 100 40.6504
227 105 45.1467
226 106 45.1467
227 106 45.1467
318 106 45.1467
319 112 45.1467
226 116 57.971
7 117 45.1467
8 117 45.1467
224 117 57.971
463 117 33.8983
464 117 33.8983
465 117 33.8983
176 118 36.9686
459 118 40.6504
460 118 40.6504
69 120 57.971
4 121 29.0698
5 121 29.0698
176 121 40.6504
4 122 29.0698
5 122 29.0698
5 123 29.0698
223 123 57.971
73 125 57.971
73 126 57.971
5 127 29.0698
72 127 57.971
73 127 57.971
5 128 29.0698
73 128 57.971
83 128 80.9717
176 128 45.1467
5 129 29.0698
175 129 45.1467
224 129 50.7614
5 130 29.0698
73 130 57.971
5 131 29.0698
71 131 57.971
72 131 57.971
4 132 29.0698
5 132 29.0698
71 132 57.971
72 132 57.971
4 133 29.0698
5 133 29.0698
5 134 29.0698
30 134 67.5676
34 134 67.5676
60 134 31.2989
73 134 57.971
299 134 40.6504
5 135 29.0698
30 135 67.5676
34 135 67.5676
60 135 31.2989
72 135 57.971
73 135 57.971
110 135 50.7614
4 136 29.0698
5 136 29.0698
72 136 57.971
73 136 57.971
298 136 40.6504
5 137 29.0698
35 137 67.5676
60 137 31.2989
72 137 57.971
297 137 45.1467
5 138 29.0698
35 138 67.5676
60 138 31.2989
71 138 57.971
110 138 57.971
175 138 45.1467
5 139 29.0698
35 139 67.5676
65 139 31.2989
71 139 57.971
175 139 45.1467
5 140 29.0698
35 140 67.5676
74 140 57.971
110 140 57.971
175 140 45.1467
5 141 29.0698
65 141 31.2989
74 141 57.971
5 142 29.0698
60 142 31.2989
65 142 31.2989
74 142 57.971
5 143 29.0698
35 143 67.5676
65 143 31.2989
175 143 45.1467
464 143 57.971
5 144 29.0698
35 144 67.5676
65 144 31.2989
73 144 57.971
228 144 45.1467
4 145 29.0698
5 145 29.0698
35 145 67.5676
65 145 31.2989
4 146 29.0698
34 146 67.5676
65 146 31.2989
73 146 57.971
227 146 45.1467
65 147 31.2989
65 148 31.2989
174 148 50.7614
65 149 31.2989
227 149 45.1467
34 150 67.5676
65 150 31.2989
74 150 57.971
226 150 45.1467
17 151 4.4833
59 151 31.2989
60 151 31.2989
65 151 31.2989
74 151 57.971
110 151 57.971
173 151 45.1467
17 152 4.4833
59 152 31.2989
60 152 31.2989
65 152 31.2989
74 152 57.971
11 153 4.38693
12 153 4.38693
59 153 31.2989
65 153 31.2989
74 153 57.971
7 154 4.24989
8 154 4.24989
59 154 31.2989
60 154 31.2989
65 154 31.2989
74 154 57.971
6 155 4.24989
59 155 31.2989
60 155 31.2989
65 155 31.2989
73 155 57.971
59 156 31.2989
65 156 31.2989
24 157 4.4833
59 157 31.2989
60 157 31.2989
65 157 31.2989
294 157 40.6504
24 158 4.4833
59 158 31.2989
65 158 31.2989
24 159 4.4833
43 159 4.1632
46 159 4.38693
111 159 50.7614
226 159 45.1467
24 160 4.4833
46 160 4.43459
59 160 31.2989
65 160 31.2989
226 160 45.1467
21 161 4.24989
24 161 4.4833
45 161 4.38693
47 161 4.38693
48 161 4.43459
59 161 31.2989
75 161 57.971
24 162 4.4833
48 162 4.43459
171 162 27.137
172 162 27.137
24 163 4.43459
46 163 4.29461
112 163 50.7614
171 163 27.137
172 163 27.137
47 164 4.29461
112 164 50.7614
171 164 27.137
172 164 27.137
48 165 4.24989
51 165 4.38693
52 165 4.38693
112 165 50.7614
172 165 25.4453
175 165 19.3986
176 165 25.4453
221 165 50.7614
222 165 50.7614
48 166 4.2061
49 166 4.2061
52 166 4.38693
112 166 50.7614
169 166 36.9686
178 166 27.137
221 166 50.7614
235 166 57.971
49 167 4.2061
50 167 4.2061
53 167 4.38693
112 167 50.7614
168 167 36.9686
169 167 36.9686
178 167 27.137
221 167 50.7614
50 168 4.2061
51 168 4.2061
54 168 4.38693
168 168 36.9686
178 168 27.137
51 169 4.2061
54 169 4.38693
52 170 4.2061
55 170 4.38693
194 170 67.5676
293 170 40.6504
52 171 4.2061
53 171 4.24989
55 171 4.38693
172 171 25.4453
178 171 27.137
53 172 4.2061
56 172 4.38693
172 172 25.4453
176 172 27.137
179 172 25.4453
53 173 4.2061
54 173 4.24989
56 173 4.38693
136 173 67.5676
172 173 25.4453
180 173 25.4453
295 173 40.6504
54 174 4.24989
56 174 4.38693
57 174 4.43459
172 174 25.4453
194 174 57.971
295 174 40.6504
54 175 4.2061
55 175 4.24989
57 175 4.43459
171 175 27.137
172 175 27.137
194 175 57.971
55 176 4.24989
57 176 4.43459
122 176 67.5676
129 176 67.5676
171 176 27.137
172 176 27.137
194 176 57.971
55 177 4.24989
57 177 4.43459
58 177 4.43459
61 177 4.1632
171 177 27.137
172 177 27.137
183 177 27.137
194 177 57.971
56 178 4.43459
58 178 4.43459
61 178 4.2061
171 178 27.137
172 178 27.137
183 178 27.137
56 179 4.43459
58 179 4.43459
61 179 4.2061
183 179 27.137
56 180 4.24989
58 180 4.38693
61 180 4.2061
56 181 4.24989
57 181 4.38693
58 181 4.38693
59 181 4.38693
178 181 27.137
183 181 29.0698
57 182 4.38693
58 182 4.38693
59 182 4.38693
62 182 4.1632
178 182 27.137
194 182 57.971
294 182 40.6504
57 183 4.38693
59 183 4.38693
62 183 4.1632
57 184 4.38693
59 184 4.38693
62 184 4.1632
194 184 57.971
57 185 4.24989
59 185 4.24989
62 185 4.1632
57 186 4.24989
59 186 4.24989
290 186 40.6504
57 187 4.24989
58 187 4.24989
59 187 4.24989
222 187 50.7614
57 188 4.24989
58 188 4.24989
59 188 4.24989
113 188 57.971
114 188 57.971
171 188 50.7614
172 188 50.7614
221 188 50.7614
222 188 50.7614
247 188 57.971
57 189 4.24989
58 189 4.24989
59 189 4.24989
221 189 50.7614
287 189 40.6504
57 190 4.24989
59 190 4.24989
286 190 40.6504
460 190 57.971
461 190 57.971
57 191 4.24989
59 191 4.24989
166 191 50.7614
167 191 50.7614
286 191 40.6504
57 192 4.24989
59 192 4.43459
66 192 29.0698
166 192 50.7614
167 192 50.7614
182 192 67.5676
216 192 45.1467
217 192 45.1467
248 192 57.971
286 192 40.6504
57 193 4.24989
59 193 4.43459
62 193 4.1632
166 193 50.7614
182 193 67.5676
194 193 57.971
217 193 45.1467
56 194 4.24989
57 194 4.24989
59 194 4.43459
111 194 50.7614
166 194 50.7614
182 194 67.5676
247 194 57.971
56 195 4.24989
57 195 4.24989
58 195 4.24989
166 195 50.7614
247 195 57.971
56 196 4.24989
57 196 4.24989
58 196 4.24989
147 196 67.5676
166 196 50.7614
247 196 57.971
56 197 4.24989
58 197 4.24989
166 197 50.7614
207 197 57.971
247 197 57.971
55 198 4.24989
56 198 4.24989
58 198 4.43459
166 198 50.7614
194 198 57.971
221 198 50.7614
247 198 57.971
55 199 4.24989
194 199 57.971
207 199 57.971
236 199 50.7614
50 200 4.68933
51 200 4.68933
55 200 4.24989
57 200 4.24989
167 200 50.7614
194 200 57.971
207 200 57.971
46 201 4.24989
47 201 4.24989
50 201 4.68933
52 201 4.68933
54 201 4.24989
55 201 4.24989
166 201 50.7614
194 201 57.971
207 201 57.971
221 201 57.971
247 201 57.971
45 202 4.2061
46 202 4.2061
50 202 4.68933
166 202 50.7614
194 202 57.971
207 202 57.971
221 202 57.971
45 203 4.2061
46 203 4.2061
129 203 67.5676
166 203 50.7614
194 203 57.971
15 204 4.2061
16 204 4.2061
17 204 4.2061
23 204 4.85673
26 204 4.1632
28 204 4.1632
46 204 4.2061
47 204 4.2061
109 204 67.5676
166 204 50.7614
236 204 50.7614
9 205 5.91191
14 205 4.2061
15 205 4.2061
16 205 4.2061
17 205 4.2061
23 205 4.85673
26 205 4.1632
28 205 4.1632
48 205 4.2061
56 205 4.2061
109 205 67.5676
166 205 50.7614
167 205 50.7614
207 205 57.971
15 206 4.2061
23 206 4.85673
27 206 4.1632
28 206 4.1632
49 206 4.2061
50 206 4.2061
52 206 4.2061
166 206 50.7614
167 206 50.7614
15 207 4.2061
16 207 4.2061
17 207 4.2061
23 207 4.85673
26 207 4.1632
50 207 4.2061
51 207 4.2061
52 207 4.2061
166 207 50.7614
167 207 50.7614
194 207 67.5676
207 207 57.971
221 207 57.971
15 208 4.2061
23 208 4.85673
28 208 4.1632
50 208 4.2061
51 208 4.2061
166 208 50.7614
167 208 50.7614
194 208 67.5676
207 208 57.971
221 208 57.971
286 208 40.6504
15 209 4.2061
16 209 4.2061
17 209 4.2061
22 209 4.85673
23 209 4.85673
27 209 4.1632
28 209 4.1632
49 209 4.24989
50 209 4.2061
166 209 50.7614
167 209 50.7614
194 209 67.5676
22 210 4.85673
23 210 4.85673
48 210 4.24989
49 210 4.24989
109 210 67.5676
166 210 50.7614
167 210 50.7614
194 210 67.5676
195 210 67.5676
47 211 4.24989
48 211 4.24989
49 211 4.24989
217 211 45.1467
46 212 4.24989
47 212 4.24989
166 212 50.7614
183 212 27.137
217 212 45.1467
45 213 4.24989
46 213 4.24989
109 213 67.5676
183 213 27.137
217 213 45.1467
44 214 4.24989
45 214 4.24989
109 214 67.5676
166 214 50.7614
207 214 57.971
217 214 45.1467
43 215 4.24989
44 215 4.24989
194 215 67.5676
207 215 57.971
41 216 4.24989
42 216 4.24989
43 216 4.24989
3 217 4.4833
39 217 4.24989
40 217 4.24989
41 217 4.24989
167 217 50.7614
218 217 45.1467
38 218 4.24989
167 218 50.7614
218 218 45.1467
7 219 4.4833
8 219 4.63607
36 219 4.24989
37 219 4.24989
38 219 4.24989
39 219 4.24989
45 219 4.34028
60 219 29.0698
167 219 50.7614
218 219 45.1467
615 219 31.2989
3 220 4.1632
4 220 4.1632
8 220 4.63607
34 220 4.24989
35 220 4.24989
36 220 4.24989
60 220 29.0698
167 220 50.7614
218 220 45.1467
3 221 4.1632
4 221 4.1632
5 221 4.1632
10 221 4.68933
31 221 4.24989
32 221 4.24989
33 221 4.24989
59 221 31.2989
28 222 4.24989
29 222 4.2061
11 223 4.68933
59 223 31.2989
60 223 31.2989
59 224 31.2989
60 224 31.2989
150 225 45.1467
17 226 4.1632
18 226 4.1632
19 226 4.1632
23 226 4.584
26 226 4.1632
36 226 57.971
18 227 4.1632
23 227 4.584
56 227 57.971
205 227 45.1467
11 228 57.971
23 228 4.584
55 228 57.971
66 228 45.1467
89 228 57.971
11 229 67.5676
11 230 67.5676
48 230 57.971
12 231 57.971
19 231 4.03959
20 231 4.03959
48 231 57.971
49 231 57.971
181 231 25.4453
19 232 4.03959
20 232 4.03959
181 232 25.4453
188 232 40.6504
19 233 4.03959
99 233 50.7614
135 233 45.1467
178 233 33.8983
188 233 40.6504
19 234 4.03959
40 234 57.971
50 234 57.971
51 234 57.971
129 234 50.7614
18 235 4.03959
40 235 57.971
42 235 57.971
51 235 57.971
129 235 50.7614
216 235 40.6504
18 236 4.03959
42 236 57.971
51 236 57.971
170 236 45.1467
59 237 31.2989
60 237 31.2989
180 237 27.137
181 237 27.137
185 237 27.137
214 237 40.6504
59 238 31.2989
60 238 31.2989
65 238 31.2989
66 238 31.2989
105 238 50.7614
180 238 27.137
181 238 27.137
185 238 27.137
59 239 31.2989
60 239 31.2989
65 239 31.2989
105 239 50.7614
108 239 50.7614
121 239 50.7614
180 239 27.137
181 239 27.137
218 239 40.6504
25 240 4.79962
105 240 50.7614
108 240 50.7614
120 240 50.7614
154 240 45.1467
217 240 40.6504
105 241 50.7614
108 241 50.7614
120 241 50.7614
124 241 50.7614
173 241 45.1467
120 242 50.7614
124 242 50.7614
173 242 45.1467
185 242 27.137
197 242 40.6504
173 243 45.1467
185 243 27.137
197 243 40.6504
202 243 40.6504
219 243 40.6504
173 244 45.1467
182 244 36.9686
185 244 27.137
196 244 40.6504
197 244 40.6504
219 244 40.6504
244 244 36.9686
260 244 36.9686
173 245 45.1467
182 245 36.9686
185 245 27.137
196 245 40.6504
197 245 40.6504
219 245 40.6504
243 245 36.9686
181 246 36.9686
197 246 40.6504
219 246 40.6504
243 246 36.9686
268 246 40.6504
181 247 27.137
197 247 40.6504
219 247 36.9686
243 247 36.9686
243 248 36.9686
266 248 40.6504
266 249 40.6504
631 260 25.4453
230 287 13.587
230 288 13.587
573 288 12.7389
230 289 13.587
230 290 13.1492
24 295 4.91521
24 296 4.91521
28 296 4.24989
228 296 11.6482
29 297 4.2061
228 297 11.6482
16 298 4.1632
21 298 4.63607
27 298 4.24989
28 298 4.2061
30 298 4.2061
227 298 11.6482
228 298 11.6482
15 299 4.1632
16 299 4.1632
27 299 4.24989
28 299 4.2061
29 299 4.2061
30 299 4.2061
227 299 11.6482
15 300 4.1632
16 300 4.1632
24 300 4.91521
30 300 4.2061
227 300 11.6482
27 302 4.2061
28 302 4.2061
36 303 4.74383
39 304 4.24989
40 304 4.24989
34 305 4.91521
38 305 4.24989
39 305 4.24989
40 305 4.24989
41 305 4.2061
38 306 4.24989
39 306 4.2061
40 306 4.2061
41 306 4.2061
39 307 4.2061
40 307 4.2061
5 308 4.07997
39 308 4.2061
40 308 4.2061
41 308 4.2061
4 309 4.03959
5 309 4.03959
39 309 4.2061
40 309 4.2061
41 309 4.2061
4 310 4.03959
5 310 4.03959
39 310 4.2061
40 310 4.2061
223 310 9.9453
4 311 4.03959
5 311 4.03959
38 311 4.24989
39 311 4.2061
40 311 4.2061
41 311 4.2061
222 311 9.9453
39 312 4.2061
40 312 4.2061
4 313 4.03959
39 313 4.2061
40 313 4.2061
41 313 4.2061
4 314 4.07997
39 314 4.2061
40 314 4.2061
41 314 4.2061
4 315 4.07997
39 315 4.2061
40 315 4.2061
41 315 4.2061
220 316 9.06207
4 317 4.03959
220 317 9.06207
221 317 9.06207
222 317 9.06207
4 318 4.03959
224 328 7.9968
212 330 7.84314
33 331 4.91521
34 331 4.91521
35 331 4.79962
36 331 4.63607
37 331 4.53309
212 331 7.84314
39 332 4.24989
40 332 4.24989
211 332 7.84314
7 333 4.12116
8 333 4.12116
38 333 4.24989
39 333 4.24989
40 333 4.24989
211 333 7.84314
6 334 4.12116
7 334 4.12116
8 334 4.12116
38 334 4.24989
39 334 4.24989
40 334 4.24989
210 334 7.69527
7 335 4.12116
8 335 4.12116
38 335 4.24989
39 335 4.24989
40 335 4.24989
4 336 4.07997
38 336 4.24989
39 336 4.24989
40 336 4.24989
209 336 7.41565
4 337 4.07997
38 337 4.24989
39 337 4.24989
208 337 7.41565
4 338 4.07997
38 338 4.24989
39 338 4.24989
208 338 7.41565
4 339 4.07997
38 339 4.24989
39 339 4.24989
40 339 4.24989
207 339 7.28332
38 340 4.24989
39 340 4.24989
40 340 4.24989
4 341 4.07997
38 341 4.24989
39 341 4.24989
40 341 4.24989
4 342 4.07997
38 342 4.24989
39 342 4.24989
40 342 4.24989
122 342 7.15564
123 342 7.15564
205 342 7.03235
4 343 4.07997
38 343 4.24989
39 343 4.24989
40 343 4.24989
118 343 7.15564
204 343 7.03235
205 343 7.03235
206 343 7.03235
207 343 7.03235
209 343 7.41565
210 343 7.41565
211 343 7.41565
212 343 7.28332
213 343 7.15564
214 343 7.03235
215 343 7.03235
216 343 6.91324
4 344 4.07997
38 344 4.24989
39 344 4.24989
40 344 4.24989
205 344 7.03235
206 344 7.03235
207 344 7.03235
215 344 7.03235
216 344 6.91324
4 345 4.07997
39 345 4.24989
40 345 4.24989
608 345 6.91324
4 346 4.07997
39 346 4.24989
40 346 4.24989
612 347 6.91324
613 347 6.91324
614 347 6.91324
615 347 6.7981
616 347 6.7981
617 347 6.7981
618 347 6.68673
4 348 4.03959
4 349 4.03959
4 350 4.03959
166 352 6.37349
167 352 6.37349
166 353 6.37349
167 353 6.37349
168 353 6.37349
176 358 6.47459
178 359 6.18047
170 360 6.08828
171 360 6.08828
173 360 6.08828
36 361 4.68933
171 361 6.08828
172 361 6.08828
173 361 6.08828
176 361 6.08828
177 361 6.08828
33 362 4.85673
34 362 4.74383
35 362 4.74383
36 362 4.584
37 362 4.4833
38 363 4.29461
106 363 5.9988
194 363 6.27549
195 363 6.27549
201 363 6.27549
202 363 6.27549
203 363 6.27549
204 363 6.18047
205 363 6.08828
206 363 5.9988
207 363 5.9988
8 364 4.12116
38 364 4.24989
39 364 4.24989
192 364 6.27549
194 364 6.27549
195 364 6.27549
206 364 5.9988
6 365 4.07997
7 365 4.07997
38 365 4.24989
39 365 4.24989
5 366 4.03959
6 366 4.07997
7 366 4.07997
38 366 4.24989
39 366 4.24989
40 366 4.24989
7 367 4.03959
8 367 4.07997
38 367 4.24989
190 367 5.82751
3 368 4.03959
38 368 4.24989
189 368 5.74548
190 368 5.74548
3 369 4.07997
4 369 4.07997
38 369 4.24989
39 369 4.24989
79 369 5.74548
82 369 5.91191
189 369 5.74548
38 370 4.24989
59 370 5.74548
77 370 5.66572
84 370 5.74548
85 370 5.74548
188 370 5.74548
4 371 4.07997
38 371 4.24989
57 371 5.74548
58 371 5.74548
59 371 5.74548
60 371 5.66572
62 371 5.66572
63 371 5.66572
77 371 5.66572
78 371 5.66572
187 371 5.66572
188 371 5.66572
3 372 4.07997
4 372 4.07997
38 372 4.24989
78 372 5.66572
79 372 5.66572
80 372 5.58815
82 372 5.51268
4 373 4.07997
38 373 4.24989
79 373 5.58815
80 373 5.58815
186 373 5.58815
4 374 4.07997
38 374 4.24989
51 374 5.58815
52 374 5.58815
185 374 5.51268
186 374 5.51268
38 375 4.24989
40 375 4.24989
67 375 5.43922
185 375 5.51268
3 376 4.07997
38 376 4.2061
39 376 4.2061
40 376 4.2061
184 376 5.51268
40 377 4.2061
183 377 5.43922
183 378 5.36769
36 379 4.584
182 379 5.36769
181 380 5.36769
55 383 5.03651
179 383 5.23013
517 383 5.43922
518 383 5.43922
519 383 5.43922
520 383 5.43922
521 383 5.43922
522 383 5.43922
523 383 5.43922
524 383 5.36769
525 383 5.36769
526 383 5.36769
527 383 5.36769
528 383 5.36769
529 383 5.36769
530 383 5.29801
531 383 5.23013
56 384 4.97512
98 384 5.16396
178 384 5.23013
517 384 5.43922
518 384 5.43922
519 384 5.43922
523 384 5.43922
531 384 5.23013
532 384 5.23013
53 385 5.09944
54 385 4.97512
57 385 4.91521
98 385 5.16396
102 385 4.79962
178 385 5.23013
56 386 4.91521
57 386 4.91521
102 386 4.79962
103 386 4.79962
109 386 4.85673
127 386 4.79962
40 387 4.1632
113 387 4.85673
114 387 4.85673
115 387 4.91521
128 387 4.79962
86 388 4.74383
87 388 4.74383
88 388 4.74383
117 388 4.91521
118 388 4.85673
119 388 4.85673
177 388 5.29801
178 388 5.43922
86 389 4.74383
87 389 4.74383
88 389 4.74383
89 389 4.68933
90 389 4.68933
175 389 5.03651
176 389 5.09944
177 389 5.09944
178 389 5.29801
181 389 5.09944
182 389 5.09944
188 389 5.09944
189 389 5.03651
190 389 5.03651
191 389 4.97512
192 389 4.97512
89 390 4.68933
90 390 4.68933
91 390 4.63607
124 390 4.79962
127 390 4.68933
128 390 4.68933
175 390 5.03651
176 390 5.09944
178 390 5.29801
181 390 5.09944
182 390 5.09944
183 390 5.03651
184 390 5.09944
185 390 5.03651
186 390 5.03651
187 390 5.03651
188 390 5.09944
189 390 5.03651
190 390 5.03651
191 390 4.97512
98 391 4.85673
102 391 4.85673
127 391 4.68933
128 391 4.68933
176 391 5.03651
177 391 5.03651
96 392 4.97512
99 392 4.85673
130 392 4.68933
131 392 4.68933
132 392 4.68933
34 393 4.68933
35 393 4.68933
36 393 4.68933
100 393 4.85673
131 393 4.68933
132 393 4.68933
133 393 4.63607
134 393 4.63607
160 393 4.85673
162 393 4.85673
163 393 4.85673
164 393 4.85673
3 394 4.07997
35 394 4.68933
36 394 4.584
88 394 4.74383
91 394 4.91521
92 394 4.91521
93 394 4.91521
134 394 4.63607
135 394 4.584
158 394 4.85673
160 394 4.85673
3 395 4.07997
38 395 4.29461
83 395 4.79962
88 395 4.63607
91 395 4.91521
92 395 4.91521
95 395 4.63607
96 395 4.584
97 395 4.584
98 395 4.584
135 395 4.584
136 395 4.584
137 395 4.584
158 395 4.85673
159 395 4.85673
3 396 4.03959
38 396 4.24989
73 396 4.584
74 396 4.584
76 396 4.584
83 396 4.79962
87 396 4.4833
89 396 4.63607
136 396 4.584
137 396 4.584
138 396 4.584
158 396 4.584
3 397 4.03959
7 397 4.03959
38 397 4.24989
70 397 4.38693
71 397 4.38693
88 397 4.4833
89 397 4.4833
137 397 4.584
138 397 4.584
139 397 4.53309
158 397 4.584
159 397 4.584
4 398 4.03959
5 398 4.03959
6 398 4.03959
7 398 4.03959
37 398 4.24989
38 398 4.24989
88 398 4.4833
89 398 4.4833
119 398 4.4833
159 398 4.53309
160 398 4.53309
6 399 4.03959
7 399 4.03959
8 399 4.03959
10 399 4.03959
13 399 4.03959
14 399 4.03959
15 399 4.03959
16 399 4.03959
37 399 4.24989
38 399 4.24989
107 399 4.43459
109 399 4.43459
110 399 4.43459
156 399 4.74383
37 400 4.24989
38 400 4.24989
65 400 4.43459
89 400 4.43459
90 400 4.43459
109 400 4.43459
110 400 4.43459
139 400 4.43459
140 400 4.43459
37 401 4.24989
38 401 4.24989
90 401 4.38693
123 401 5.66572
135 401 4.79962
139 401 4.43459
140 401 4.38693
38 402 4.24989
122 402 5.66572
130 402 4.68933
135 402 4.79962
139 402 4.43459
140 402 4.38693
141 402 4.38693
142 402 4.38693
38 403 4.24989
63 403 4.584
68 403 4.24989
95 403 4.34028
128 403 4.68933
137 403 4.63607
140 403 4.38693
141 403 4.38693
142 403 4.34028
78 404 4.43459
131 404 4.34028
38 405 4.24989
67 405 4.29461
68 405 4.24989
69 405 4.24989
70 405 4.29461
128 405 4.68933
131 405 4.34028
132 405 4.34028
141 405 4.29461
38 406 4.24989
39 406 4.24989
132 406 4.34028
133 406 4.34028
140 406 4.29461
141 406 4.29461
38 407 4.24989
39 407 4.24989
100 407 4.4833
105 407 4.29461
111 407 4.29461
112 407 4.34028
133 407 4.29461
141 407 4.29461
39 408 4.2061
42 408 4.53309
47 408 4.43459
101 408 4.43459
103 408 4.43459
104 408 4.29461
105 408 4.29461
109 408 4.29461
111 408 4.29461
47 409 4.43459
104 409 4.29461
108 409 4.24989
109 409 4.29461
110 409 4.29461
117 409 4.584
136 409 4.4833
140 409 4.24989
141 409 4.24989
152 409 4.24989
161 409 4.63607
111 410 4.24989
122 410 4.29461
123 410 4.29461
124 410 4.29461
125 410 4.24989
161 410 4.63607
114 411 4.29461
127 411 4.2061
161 411 4.63607
95 412 4.1632
116 412 4.24989
117 412 4.24989
118 412 4.2061
119 412 4.12116
120 412 4.12116
139 412 4.1632
74 413 4.38693
120 413 4.12116
121 413 4.07997
123 413 4.07997
133 413 4.4833
74 414 4.38693
75 414 4.38693
104 414 4.2061
131 414 4.4833
68 415 4.34028
75 415 4.38693
78 415 4.07997
79 415 4.07997
86 415 4.2061
87 415 4.1632
89 415 4.12116
90 415 4.03959
91 415 4.03959
58 417 4.03959
59 417 4.03959
75 417 4.34028
76 417 4.34028
104 417 4.03959
59 418 4.03959
60 418 4.03959
75 418 4.34028
76 418 4.34028
77 418 4.34028
79 418 4.03959
80 418 4.03959
110 418 4.1632
122 418 4.34028
125 418 4.07997
126 418 4.07997
127 418 4.07997
69 419 4.29461
70 419 4.29461
81 419 4.03959
82 420 4.03959
118 420 4.1632
120 420 4.1632
64 421 4.12116
81 421 4.03959
82 421 4.03959
83 421 4.03959
87 421 4.12116
88 421 4.2061
82 422 4.07997
85 422 4.07997
88 422 4.2061
89 422 4.2061
101 422 4.34028
107 422 4.03959
113 422 4.03959
114 422 4.03959
127 422 4.03959
128 422 4.03959
40 423 4.2061
81 423 4.12116
82 423 4.12116
83 423 4.07997
95 423 4.03959
100 423 4.34028
101 423 4.34028
108 423 4.03959
126 423 4.03959
149 423 4.1632
151 423 4.1632
50 424 4.07997
80 424 4.2061
83 424 4.07997
84 424 4.07997
85 424 4.07997
99 424 4.34028
100 424 4.29461
101 424 4.29461
102 424 4.34028
108 424 4.03959
130 424 4.03959
131 424 4.03959
132 424 4.03959
133 424 4.03959
134 424 4.03959
135 424 4.03959
136 424 4.03959
33 425 4.03959
85 425 4.07997
86 425 4.07997
99 425 4.29461
109 425 4.03959
113 425 4.1632
114 425 4.1632
115 425 4.1632
151 425 4.1632
78 426 5.66572
99 426 4.29461
107 426 4.03959
108 426 4.03959
110 426 4.03959
115 426 4.1632
59 427 4.03959
60 427 4.03959
61 427 4.03959
62 427 4.03959
106 427 4.07997
107 427 4.07997
108 427 4.03959
585 429 4.03959
82 430 4.03959
83 430 4.03959
151 430 4.03959
51 431 4.03959
52 431 4.03959
57 431 4.03959
58 431 4.03959
72 431 5.51268
82 431 4.03959
83 431 4.03959
151 431 4.03959
45 432 4.12116
51 432 4.03959
52 432 4.03959
53 432 4.03959
57 432 4.07997
58 432 4.07997
52 433 4.03959
53 433 4.03959
58 434 4.1632
59 434 4.1632
9 435 4.03959
10 435 4.03959
66 435 4.03959
14 436 4.03959
14 437 4.03959
15 437 4.03959
23 437 4.03959
81 437 4.1632
15 438 4.03959
16 438 4.03959
24 438 4.03959
25 438 4.03959
84 438 4.03959
25 439 4.03959
94 440 4.12116
95 440 4.12116
