192 9 67.5676
191 10 67.5676
187 15 67.5676
186 16 67.5676
181 23 67.5676
180 24 67.5676
147 29 25.4453
148 29 23.9521
144 30 25.4453
145 30 25.4453
146 30 25.4453
142 31 25.4453
143 31 25.4453
144 31 25.4453
290 33 50.7614
161 37 25.4453
161 38 25.4453
161 39 25.4453
162 39 25.4453
527 42 25.4453
528 42 25.4453
201 48 27.137
202 48 27.137
199 49 27.137
200 49 27.137
201 49 27.137
198 50 29.0698
199 50 27.137
536 53 25.4453
378 54 33.8983
377 55 33.8983
316 62 50.7614
317 62 50.7614
315 63 50.7614
223 73 45.1467
222 74 45.1467
221 75 45.1467
120 77 101.01
119 78 101.01
224 79 40.6504
302 90 36.9686
223 94 50.7614
224 94 50.7614
114 99 80.9717
317 104 45.1467
317 110 50.7614
299 113 40.6504
223 114 40.6504
466 115 31.2989
467 115 31.2989
460 116 36.9686
461 116 36.9686
462 116 36.9686
172 117 31.2989
172 118 31.2989
222 118 45.1467
57 119 57.971
172 119 31.2989
57 120 57.971
57 121 57.971
299 121 40.6504
57 122 57.971
299 122 40.6504
68 124 57.971
69 124 57.971
68 125 57.971
69 125 57.971
223 125 40.6504
68 126 57.971
176 126 22.6244
299 126 36.9686
79 127 80.9717
171 127 36.9686
69 128 57.971
171 128 36.9686
221 128 50.7614
58 129 29.0698
68 129 57.971
69 129 57.971
76 129 80.9717
58 130 29.0698
67 130 57.971
52 131 31.2989
58 131 29.0698
66 131 57.971
67 131 57.971
25 132 67.5676
52 132 31.2989
58 132 29.0698
297 132 40.6504
298 132 40.6504
25 133 67.5676
29 133 67.5676
52 133 31.2989
58 133 29.0698
68 133 57.971
69 133 57.971
297 133 40.6504
25 134 67.5676
52 134 31.2989
58 134 29.0698
68 134 57.971
69 134 57.971
296 134 40.6504
52 135 31.2989
68 135 57.971
171 135 36.9686
296 135 40.6504
30 136 67.5676
31 136 67.5676
52 136 31.2989
57 136 29.0698
67 136 57.971
106 136 50.7614
171 136 36.9686
52 137 31.2989
66 137 57.971
67 137 57.971
106 137 50.7614
171 137 36.9686
52 138 31.2989
171 138 36.9686
30 139 67.5676
52 139 31.2989
70 139 57.971
106 139 57.971
69 140 57.971
70 140 57.971
31 141 67.5676
69 141 57.971
70 141 57.971
21 142 67.5676
31 142 67.5676
460 142 45.1467
21 143 67.5676
31 143 67.5676
69 143 57.971
225 143 45.1467
21 144 67.5676
30 144 67.5676
69 144 57.971
224 144 45.1467
30 145 67.5676
68 145 57.971
171 145 36.9686
224 145 45.1467
29 146 67.5676
171 146 36.9686
29 147 67.5676
52 148 29.0698
58 148 31.2989
70 148 57.971
223 148 45.1467
224 148 45.1467
29 149 67.5676
52 149 29.0698
58 149 31.2989
70 149 57.971
106 149 57.971
223 149 45.1467
52 150 29.0698
58 150 31.2989
70 150 57.971
106 150 57.971
169 150 45.1467
222 150 45.1467
52 151 29.0698
58 151 31.2989
70 151 57.971
105 151 57.971
52 152 29.0698
58 152 31.2989
70 152 57.971
52 153 29.0698
58 153 29.0698
69 153 57.971
52 154 29.0698
58 154 29.0698
69 154 57.971
52 155 29.0698
58 155 29.0698
293 155 40.6504
52 156 29.0698
58 156 29.0698
292 156 40.6504
52 157 29.0698
58 157 29.0698
52 158 29.0698
58 158 29.0698
223 158 45.1467
52 159 29.0698
58 159 29.0698
71 159 57.971
223 159 45.1467
5 160 4.03959
52 160 29.0698
58 160 29.0698
71 160 57.971
166 160 25.4453
222 160 45.1467
52 161 29.0698
58 161 29.0698
108 161 50.7614
166 161 25.4453
167 161 25.4453
221 161 45.1467
6 162 4.03959
52 162 29.0698
58 162 29.0698
108 162 50.7614
166 162 25.4453
58 163 29.0698
70 163 67.5676
108 163 50.7614
166 163 25.4453
219 163 45.1467
7 164 4.03959
52 164 29.0698
58 164 29.0698
70 164 67.5676
108 164 50.7614
218 164 45.1467
219 164 45.1467
52 165 29.0698
58 165 29.0698
69 165 67.5676
70 165 67.5676
108 165 50.7614
172 165 27.137
173 165 27.137
218 165 45.1467
233 165 50.7614
292 165 40.6504
500 165 29.0698
8 166 4.03959
52 166 29.0698
58 166 29.0698
69 166 67.5676
108 166 50.7614
164 166 33.8983
172 166 27.137
173 166 27.137
218 166 50.7614
52 167 29.0698
58 167 29.0698
164 167 33.8983
172 167 27.137
459 167 36.9686
52 168 29.0698
58 168 29.0698
172 168 27.137
291 168 40.6504
52 169 29.0698
58 169 29.0698
167 169 25.4453
291 169 40.6504
9 170 4.03959
10 170 4.03959
52 170 29.0698
58 170 29.0698
69 170 57.971
166 170 27.137
173 170 25.4453
10 171 4.03959
52 171 29.0698
58 171 29.0698
69 171 57.971
166 171 27.137
174 171 25.4453
52 172 29.0698
58 172 29.0698
69 172 57.971
166 172 27.137
175 172 25.4453
293 172 40.6504
52 173 29.0698
58 173 31.2989
68 173 57.971
166 173 25.4453
191 173 57.971
293 173 40.6504
52 174 29.0698
58 174 31.2989
166 174 25.4453
167 174 25.4453
191 174 67.5676
11 175 4.03959
52 175 29.0698
58 175 31.2989
166 175 25.4453
167 175 25.4453
178 175 27.137
191 175 67.5676
11 176 4.03959
52 176 29.0698
58 176 31.2989
166 176 25.4453
167 176 25.4453
178 176 27.137
191 176 67.5676
52 177 29.0698
58 177 31.2989
166 177 25.4453
178 177 27.137
52 178 29.0698
58 178 31.2989
69 178 57.971
166 178 27.137
178 178 27.137
11 179 4.03959
52 179 29.0698
58 179 31.2989
166 179 27.137
170 179 19.3986
178 179 27.137
245 179 57.971
11 180 4.03959
52 180 29.0698
58 180 31.2989
151 180 50.7614
166 180 27.137
170 180 19.3986
172 180 19.3986
178 180 27.137
292 180 40.6504
52 181 29.0698
58 181 31.2989
166 181 27.137
167 181 27.137
178 181 27.137
191 181 57.971
245 181 57.971
292 181 40.6504
52 182 29.0698
58 182 31.2989
52 183 29.0698
58 183 31.2989
191 183 57.971
219 183 45.1467
291 183 40.6504
52 184 29.0698
58 184 29.0698
52 185 29.0698
58 185 29.0698
169 185 45.1467
52 186 29.0698
58 186 29.0698
109 186 57.971
110 186 57.971
169 186 45.1467
219 186 50.7614
52 187 29.0698
58 187 29.0698
109 187 57.971
110 187 57.971
218 187 50.7614
219 187 50.7614
245 187 50.7614
46 188 29.0698
58 188 29.0698
109 188 57.971
168 188 45.1467
218 188 50.7614
245 188 50.7614
285 188 36.9686
46 189 29.0698
58 189 29.0698
92 189 57.971
107 189 57.971
108 189 57.971
284 189 36.9686
461 189 50.7614
46 190 29.0698
58 190 29.0698
163 190 50.7614
284 190 40.6504
461 190 50.7614
45 191 29.0698
46 191 29.0698
58 191 29.0698
163 191 50.7614
213 191 45.1467
214 191 45.1467
283 191 40.6504
284 191 40.6504
413 191 67.5676
414 191 67.5676
58 192 29.0698
110 192 50.7614
162 192 50.7614
163 192 50.7614
191 192 57.971
213 192 45.1467
214 192 45.1467
245 192 50.7614
283 192 40.6504
58 193 29.0698
162 193 50.7614
210 193 45.1467
245 193 50.7614
106 194 57.971
162 194 50.7614
233 194 57.971
245 194 50.7614
162 195 50.7614
233 195 57.971
245 195 50.7614
46 196 29.0698
144 196 67.5676
162 196 50.7614
233 196 50.7614
245 196 50.7614
58 197 29.0698
103 197 57.971
129 197 67.5676
162 197 50.7614
233 197 50.7614
245 197 50.7614
3 198 4.12116
4 198 4.12116
46 198 29.0698
163 198 50.7614
191 198 57.971
233 198 50.7614
245 198 50.7614
103 199 57.971
163 199 50.7614
191 199 57.971
204 199 57.971
233 199 57.971
245 199 50.7614
103 200 57.971
163 200 50.7614
191 200 57.971
204 200 57.971
218 200 57.971
233 200 57.971
245 200 50.7614
162 201 50.7614
163 201 50.7614
191 201 57.971
218 201 57.971
233 201 57.971
245 201 50.7614
46 202 29.0698
58 202 29.0698
162 202 50.7614
163 202 50.7614
191 202 57.971
233 202 57.971
46 203 29.0698
58 203 29.0698
191 203 57.971
233 203 57.971
46 204 29.0698
58 204 29.0698
105 204 67.5676
163 204 50.7614
233 204 57.971
46 205 29.0698
58 205 29.0698
105 205 67.5676
163 205 50.7614
191 205 57.971
233 205 57.971
58 206 29.0698
163 206 45.1467
191 206 57.971
233 206 57.971
52 207 31.2989
58 207 29.0698
105 207 57.971
163 207 45.1467
191 207 57.971
218 207 57.971
233 207 57.971
58 208 29.0698
105 208 57.971
163 208 45.1467
191 208 57.971
218 208 57.971
27 209 101.01
28 209 101.01
31 209 101.01
33 209 80.9717
34 209 80.9717
105 209 57.971
163 209 45.1467
191 209 57.971
27 210 101.01
33 210 80.9717
34 210 80.9717
105 210 57.971
163 210 45.1467
191 210 57.971
27 211 101.01
178 211 27.137
214 211 45.1467
105 212 57.971
178 212 27.137
214 212 45.1467
58 213 29.0698
105 213 57.971
214 213 45.1467
618 213 31.2989
52 214 29.0698
58 214 29.0698
105 214 57.971
163 214 50.7614
214 214 45.1467
52 215 29.0698
58 215 29.0698
105 215 57.971
163 215 50.7614
204 215 57.971
214 215 45.1467
618 215 31.2989
52 216 29.0698
58 216 29.0698
163 216 50.7614
52 217 29.0698
58 217 29.0698
163 217 50.7614
191 217 57.971
214 217 45.1467
52 218 29.0698
58 218 29.0698
163 218 50.7614
215 218 40.6504
52 219 29.0698
58 219 29.0698
163 219 50.7614
215 219 40.6504
52 220 29.0698
58 220 29.0698
163 220 50.7614
19 221 57.971
52 221 29.0698
58 221 29.0698
19 222 57.971
35 222 67.5676
52 222 29.0698
58 222 29.0698
52 223 29.0698
58 223 29.0698
618 223 33.8983
52 224 29.0698
58 224 29.0698
52 225 29.0698
146 225 45.1467
31 226 57.971
188 226 45.1467
618 226 33.8983
619 226 33.8983
31 227 57.971
61 227 50.7614
71 227 57.971
85 227 50.7614
175 227 25.4453
6 228 57.971
61 228 50.7614
83 228 50.7614
84 228 50.7614
175 228 25.4453
618 228 33.8983
619 228 33.8983
6 229 57.971
15 229 57.971
17 229 57.971
43 229 57.971
175 229 25.4453
6 230 57.971
17 230 57.971
44 230 57.971
58 230 29.0698
175 230 25.4453
7 231 57.971
15 231 57.971
43 231 57.971
44 231 57.971
175 231 25.4453
94 232 50.7614
109 232 50.7614
131 232 45.1467
175 232 25.4453
184 232 40.6504
46 233 50.7614
94 233 50.7614
95 233 50.7614
130 233 45.1467
174 233 25.4453
184 233 40.6504
35 234 57.971
46 234 50.7614
125 234 50.7614
130 234 45.1467
35 235 57.971
37 235 57.971
46 235 50.7614
125 235 50.7614
37 236 57.971
46 236 50.7614
166 236 45.1467
616 236 23.9521
52 237 29.0698
58 237 29.0698
175 237 25.4453
176 237 25.4453
210 237 40.6504
211 237 40.6504
52 238 29.0698
58 238 29.0698
100 238 50.7614
101 238 50.7614
175 238 25.4453
176 238 25.4453
180 238 25.4453
52 239 29.0698
58 239 29.0698
100 239 50.7614
101 239 50.7614
116 239 45.1467
175 239 25.4453
176 239 25.4453
215 239 40.6504
100 240 50.7614
116 240 45.1467
150 240 45.1467
170 240 45.1467
175 240 25.4453
214 240 40.6504
100 241 50.7614
116 241 45.1467
119 241 50.7614
169 241 45.1467
116 242 45.1467
119 242 50.7614
169 242 45.1467
193 242 40.6504
169 243 45.1467
180 243 27.137
193 243 40.6504
198 243 40.6504
216 243 40.6504
241 243 40.6504
169 244 40.6504
180 244 27.137
193 244 40.6504
216 244 40.6504
241 244 40.6504
257 244 36.9686
169 245 40.6504
170 245 40.6504
177 245 36.9686
180 245 27.137
193 245 40.6504
215 245 40.6504
240 245 36.9686
257 245 36.9686
193 246 40.6504
215 246 40.6504
240 246 36.9686
266 246 36.9686
193 247 40.6504
194 247 40.6504
215 247 40.6504
240 247 36.9686
240 248 36.9686
264 249 36.9686
598 250 25.4453
637 259 25.4453
543 260 25.4453
617 260 25.4453
636 260 25.4453
191 261 23.9521
617 261 25.4453
623 261 25.4453
636 261 25.4453
637 261 25.4453
224 289 13.1492
224 290 13.1492
125 291 13.1492
223 291 12.7389
224 291 12.7389
583 291 12.3533
223 292 12.7389
557 292 11.9904
558 292 11.9904
592 292 12.7389
593 292 12.7389
594 292 12.3533
595 292 12.3533
596 292 12.3533
597 292 11.9904
223 293 12.7389
224 293 12.7389
228 299 11.325
220 301 11.0193
221 301 11.0193
220 302 11.0193
220 303 11.0193
219 304 10.7296
219 305 10.7296
214 315 9.26784
213 316 9.26784
214 316 9.26784
213 317 9.26784
213 318 9.26784
210 322 8.49618
210 323 8.49618
210 324 8.49618
211 324 8.49618
212 324 8.49618
213 324 8.15661
204 337 7.69527
205 337 7.69527
212 337 7.55287
213 337 7.55287
200 339 7.28332
201 339 7.28332
200 340 7.28332
199 341 7.28332
198 342 7.03235
199 342 7.03235
198 343 7.03235
197 344 7.03235
198 344 7.03235
197 345 6.91324
196 346 6.91324
195 347 6.91324
195 348 6.68673
194 349 6.68673
193 350 6.68673
206 352 6.57895
97 353 6.57895
98 353 6.57895
100 353 6.57895
101 353 6.57895
190 354 6.47459
191 354 6.47459
199 354 6.57895
200 354 6.57895
201 354 6.47459
95 355 6.57895
96 355 6.57895
97 355 6.57895
190 355 6.47459
191 355 6.47459
192 355 6.47459
193 355 6.47459
194 355 6.57895
195 355 6.57895
196 355 6.57895
197 355 6.57895
198 355 6.57895
199 355 6.57895
200 355 6.57895
201 355 6.47459
202 355 6.47459
203 355 6.47459
187 356 6.37349
191 356 6.47459
186 357 6.37349
634 357 6.37349
636 357 6.27549
637 357 6.27549
186 358 6.37349
637 359 6.18047
637 360 6.37349
146 366 5.82751
147 366 5.82751
148 366 5.82751
146 367 5.82751
147 367 5.82751
148 367 5.82751
149 367 5.82751
43 368 5.82751
156 373 5.82751
158 374 5.51268
159 374 5.51268
150 375 5.51268
150 376 5.51268
151 376 5.51268
153 376 5.43922
156 376 5.43922
157 376 5.43922
158 376 5.43922
151 377 5.51268
152 377 5.51268
153 377 5.43922
155 377 5.43922
156 377 5.43922
157 377 5.43922
152 378 5.51268
77 379 5.43922
78 379 5.43922
176 379 5.43922
183 379 5.66572
184 379 5.66572
185 379 5.66572
186 379 5.51268
187 379 5.43922
188 379 5.36769
189 379 5.36769
190 379 5.36769
174 380 5.43922
175 380 5.43922
176 380 5.43922
177 380 5.43922
178 380 5.43922
179 380 5.43922
180 380 5.43922
181 380 5.43922
185 380 5.66572
186 380 5.51268
187 380 5.43922
188 380 5.36769
189 380 5.36769
190 380 5.36769
172 382 5.29801
172 383 5.23013
171 384 5.23013
170 385 5.23013
171 385 5.23013
170 386 5.16396
48 387 5.51268
50 387 5.16396
169 387 5.16396
23 388 5.09944
25 388 5.51268
51 388 5.09944
52 388 5.09944
53 388 5.09944
168 388 5.16396
169 388 5.16396
21 389 5.03651
22 389 5.03651
25 389 5.51268
44 389 4.97512
52 389 5.09944
168 389 5.09944
21 390 5.03651
22 390 5.03651
26 390 5.29801
44 390 4.97512
167 390 5.03651
22 391 5.03651
44 391 4.97512
45 391 4.97512
46 391 4.97512
166 391 5.03651
15 392 5.16396
45 392 4.97512
165 392 4.97512
166 392 4.97512
12 393 5.23013
165 393 4.97512
13 394 5.16396
164 394 4.91521
165 394 4.91521
163 395 4.91521
164 395 4.91521
163 396 4.85673
161 398 4.79962
162 398 4.79962
161 399 4.74383
179 399 4.79962
160 400 4.74383
102 401 4.74383
103 401 4.74383
159 401 4.74383
158 403 4.63607
157 404 4.63607
550 404 4.68933
93 405 4.4833
156 405 4.63607
157 405 4.63607
539 405 4.68933
540 405 4.68933
541 405 4.68933
542 405 4.68933
543 405 4.68933
544 405 4.68933
545 405 4.68933
546 405 4.68933
547 405 4.68933
548 405 4.68933
549 405 4.68933
550 405 4.68933
551 405 4.68933
552 405 4.68933
553 405 4.68933
554 405 4.63607
555 405 4.63607
556 405 4.63607
557 405 4.584
156 406 4.584
155 407 4.584
12 408 4.63607
93 408 4.2061
154 408 4.584
67 409 4.38693
93 409 4.2061
65 410 4.38693
73 410 4.29461
74 410 4.29461
76 410 4.34028
94 410 4.2061
94 411 4.2061
95 411 4.2061
389 411 4.53309
390 411 4.53309
50 412 4.584
79 412 4.1632
95 412 4.2061
151 412 4.4833
152 412 4.4833
153 412 4.4833
154 412 4.68933
155 412 4.74383
156 412 4.74383
166 412 4.53309
167 412 4.53309
168 412 4.53309
169 412 4.53309
170 412 4.4833
86 413 4.24989
151 413 4.43459
152 413 4.43459
153 413 4.4833
154 413 4.4833
157 413 4.584
158 413 4.53309
159 413 4.53309
160 413 4.53309
161 413 4.53309
162 413 4.53309
163 413 4.4833
164 413 4.4833
165 413 4.53309
166 413 4.53309
167 413 4.53309
168 413 4.53309
169 413 4.53309
170 413 4.4833
47 414 4.07997
48 414 4.07997
93 414 4.34028
151 414 4.43459
152 414 4.43459
161 414 4.53309
162 414 4.53309
163 414 4.4833
165 414 4.53309
390 414 4.43459
391 414 4.43459
48 415 4.07997
52 415 4.03959
89 415 4.2061
90 415 4.2061
94 415 4.34028
95 415 4.34028
152 415 4.43459
153 415 4.43459
154 415 4.43459
50 416 4.03959
51 416 4.03959
95 416 4.34028
96 416 4.24989
551 416 4.29461
65 417 4.12116
93 417 4.34028
98 417 4.12116
91 418 4.38693
97 418 4.1632
98 418 4.12116
99 418 4.07997
131 418 4.43459
132 418 4.43459
135 418 4.24989
136 418 4.24989
137 418 4.24989
53 419 4.4833
82 419 4.97512
91 419 4.12116
94 419 4.29461
97 419 4.1632
98 419 4.12116
99 419 4.07997
100 419 4.07997
131 419 4.43459
132 419 4.43459
133 419 4.43459
136 419 4.24989
137 419 4.24989
53 420 4.4833
91 420 4.38693
100 420 4.07997
101 420 4.03959
128 420 4.24989
131 420 4.43459
522 420 4.24989
523 420 4.24989
524 420 4.24989
57 421 4.03959
58 421 4.03959
89 421 4.12116
97 421 4.2061
102 421 4.03959
128 421 4.24989
129 421 4.2061
130 421 4.24989
47 422 4.12116
56 422 4.03959
82 422 4.12116
103 422 4.03959
127 422 4.03959
182 422 4.24989
48 423 4.12116
56 423 4.03959
94 423 4.4833
95 423 4.4833
99 423 4.2061
100 423 4.1632
103 423 4.03959
104 423 4.03959
128 423 4.03959
85 424 4.38693
92 424 4.4833
94 424 4.4833
95 424 4.4833
100 424 4.2061
101 424 4.1632
104 424 4.03959
105 424 4.03959
128 424 4.03959
129 424 4.03959
130 424 4.03959
131 424 4.07997
74 425 4.38693
92 425 4.4833
100 425 4.2061
101 425 4.1632
129 425 4.03959
126 427 4.07997
100 428 4.2061
126 428 4.07997
100 429 4.2061
126 429 4.07997
566 429 4.07997
567 429 4.07997
568 429 4.07997
585 429 4.03959
97 430 4.29461
95 431 4.29461
103 431 4.03959
104 431 4.03959
132 431 4.07997
570 431 4.03959
99 432 4.1632
100 432 4.12116
104 432 4.03959
91 433 4.03959
92 433 4.03959
93 433 4.03959
100 433 4.12116
132 433 4.07997
93 434 4.03959
132 434 4.03959
384 434 4.03959
101 435 4.07997
132 435 4.03959
132 436 4.03959
64 437 4.03959
65 437 4.03959
66 437 4.03959
91 437 4.03959
99 437 4.07997
107 437 4.03959
132 437 4.03959
385 437 4.03959
386 437 4.03959
77 441 4.03959
78 441 4.03959
79 441 4.03959
386 445 4.03959
58 453 4.03959
62 455 4.03959
