184 12 67.5676
177 22 67.5676
140 24 25.4453
141 24 23.9521
137 25 25.4453
138 25 25.4453
139 25 25.4453
136 26 25.4453
137 26 25.4453
155 32 25.4453
155 33 25.4453
156 33 25.4453
156 34 25.4453
154 35 25.4453
530 38 25.4453
196 44 25.4453
197 44 25.4453
198 44 25.4453
193 45 27.137
194 45 25.4453
377 51 33.8983
315 59 45.1467
314 60 45.1467
315 60 45.1467
221 69 45.1467
220 70 45.1467
219 71 45.1467
220 71 45.1467
219 72 45.1467
315 102 50.7614
314 103 50.7614
316 108 45.1467
315 109 45.1467
316 109 45.1467
298 110 36.9686
467 113 36.9686
468 113 36.9686
461 114 40.6504
462 114 40.6504
463 114 40.6504
52 119 57.971
297 120 36.9686
64 123 57.971
64 124 57.971
63 125 57.971
64 125 57.971
167 125 31.2989
64 127 57.971
64 128 57.971
44 129 29.0698
45 129 29.0698
50 129 29.0698
62 129 57.971
63 129 57.971
44 130 29.0698
45 130 29.0698
50 130 29.0698
62 130 57.971
296 130 36.9686
20 131 67.5676
44 131 29.0698
50 131 29.0698
64 131 57.971
295 131 40.6504
25 132 67.5676
44 132 29.0698
50 132 29.0698
64 132 57.971
295 132 40.6504
44 133 29.0698
50 133 29.0698
64 133 57.971
294 133 40.6504
26 134 67.5676
44 134 29.0698
50 134 29.0698
63 134 57.971
64 134 57.971
26 135 67.5676
44 135 29.0698
50 135 29.0698
62 135 57.971
63 135 57.971
102 135 50.7614
44 136 29.0698
50 136 29.0698
62 136 57.971
102 136 50.7614
167 136 33.8983
26 137 67.5676
50 137 29.0698
26 138 67.5676
50 138 29.0698
65 138 57.971
66 138 57.971
50 139 29.0698
65 139 57.971
66 139 57.971
26 140 67.5676
50 140 29.0698
64 140 57.971
65 140 57.971
467 140 40.6504
468 140 40.6504
16 141 67.5676
26 141 67.5676
50 141 29.0698
16 142 67.5676
26 142 67.5676
26 143 67.5676
64 143 57.971
221 143 45.1467
25 144 80.9717
64 144 57.971
167 144 33.8983
25 145 80.9717
167 145 33.8983
25 146 80.9717
221 146 45.1467
15 147 67.5676
44 147 29.0698
102 147 57.971
103 147 57.971
220 147 45.1467
221 147 45.1467
44 148 29.0698
50 148 29.0698
102 148 57.971
220 148 45.1467
44 149 29.0698
50 149 29.0698
66 149 57.971
102 149 57.971
44 150 29.0698
50 150 29.0698
66 150 57.971
102 150 67.5676
44 151 29.0698
50 151 29.0698
65 151 57.971
44 152 29.0698
50 152 29.0698
64 152 57.971
65 152 57.971
44 153 29.0698
50 153 29.0698
44 154 29.0698
50 154 29.0698
44 155 29.0698
50 155 29.0698
44 156 29.0698
50 156 29.0698
44 157 29.0698
50 157 29.0698
220 157 45.1467
44 158 29.0698
50 158 29.0698
160 158 25.4453
220 158 45.1467
44 159 29.0698
50 159 29.0698
66 159 57.971
160 159 25.4453
161 159 25.4453
219 159 45.1467
44 160 29.0698
50 160 29.0698
66 160 57.971
104 160 50.7614
160 160 25.4453
161 160 25.4453
44 161 29.0698
50 161 29.0698
104 161 50.7614
160 161 25.4453
161 161 25.4453
44 162 29.0698
50 162 29.0698
65 162 57.971
66 162 57.971
103 162 50.7614
104 162 50.7614
160 162 25.4453
216 162 45.1467
44 163 29.0698
50 163 29.0698
65 163 57.971
104 163 50.7614
160 163 25.4453
167 163 25.4453
215 163 45.1467
216 163 45.1467
44 164 29.0698
65 164 57.971
104 164 50.7614
160 164 27.137
167 164 25.4453
168 164 25.4453
215 164 45.1467
290 164 40.6504
50 165 29.0698
65 165 57.971
167 165 25.4453
44 166 29.0698
50 166 29.0698
167 166 25.4453
44 167 29.0698
50 167 29.0698
160 167 25.4453
161 167 25.4453
167 167 25.4453
44 168 29.0698
50 168 29.0698
160 168 25.4453
161 168 25.4453
44 169 29.0698
50 169 29.0698
65 169 57.971
160 169 25.4453
161 169 25.4453
168 169 25.4453
44 170 29.0698
50 170 29.0698
64 170 57.971
65 170 57.971
169 170 25.4453
44 171 29.0698
50 171 29.0698
64 171 57.971
65 171 57.971
106 171 50.7614
161 171 25.4453
170 171 25.4453
291 171 36.9686
44 172 29.0698
50 172 29.0698
64 172 57.971
160 172 25.4453
161 172 25.4453
291 172 36.9686
44 173 29.0698
50 173 29.0698
64 173 57.971
160 173 25.4453
161 173 25.4453
188 173 67.5676
44 174 29.0698
50 174 29.0698
64 174 57.971
160 174 25.4453
161 174 25.4453
167 174 25.4453
173 174 25.4453
188 174 67.5676
44 175 29.0698
50 175 29.0698
115 175 67.5676
160 175 25.4453
161 175 25.4453
167 175 25.4453
173 175 25.4453
44 176 29.0698
50 176 29.0698
160 176 25.4453
161 176 25.4453
167 176 25.4453
173 176 25.4453
44 177 29.0698
50 177 29.0698
65 177 57.971
160 177 25.4453
161 177 25.4453
167 177 25.4453
173 177 25.4453
44 178 29.0698
50 178 29.0698
65 178 57.971
160 178 25.4453
161 178 25.4453
167 178 25.4453
173 178 25.4453
44 179 29.0698
50 179 29.0698
65 179 57.971
160 179 25.4453
161 179 25.4453
167 179 25.4453
173 179 25.4453
290 179 40.6504
44 180 29.0698
50 180 29.0698
65 180 57.971
161 180 25.4453
290 180 40.6504
44 181 29.0698
45 181 29.0698
50 181 29.0698
65 181 57.971
105 181 57.971
161 181 25.4453
188 181 57.971
44 182 29.0698
50 182 29.0698
44 183 29.0698
50 183 29.0698
65 183 57.971
66 183 57.971
44 184 29.0698
50 184 29.0698
44 185 29.0698
50 185 29.0698
105 185 57.971
106 185 57.971
165 185 45.1467
216 185 50.7614
217 185 50.7614
44 186 29.0698
50 186 29.0698
64 186 57.971
105 186 57.971
216 186 50.7614
243 186 50.7614
38 187 29.0698
50 187 29.0698
105 187 57.971
216 187 50.7614
242 187 50.7614
243 187 50.7614
38 188 29.0698
50 188 29.0698
104 188 57.971
282 188 40.6504
38 189 29.0698
50 189 29.0698
88 189 57.971
104 189 57.971
281 189 40.6504
282 189 40.6504
461 189 50.7614
462 189 50.7614
38 190 29.0698
50 190 29.0698
159 190 50.7614
160 190 50.7614
413 190 57.971
414 190 57.971
38 191 29.0698
50 191 29.0698
159 191 50.7614
210 191 45.1467
211 191 45.1467
281 191 40.6504
38 192 29.0698
50 192 29.0698
158 192 50.7614
159 192 50.7614
176 192 57.971
210 192 45.1467
211 192 45.1467
281 192 40.6504
38 193 29.0698
50 193 29.0698
102 193 50.7614
158 193 50.7614
159 193 50.7614
38 194 29.0698
158 194 45.1467
159 194 45.1467
38 195 29.0698
158 195 50.7614
159 195 50.7614
38 196 29.0698
50 196 29.0698
99 196 57.971
159 196 50.7614
38 197 29.0698
50 197 29.0698
99 197 57.971
159 197 50.7614
38 198 29.0698
99 198 57.971
112 198 67.5676
159 198 50.7614
188 198 57.971
38 199 29.0698
99 199 57.971
159 199 50.7614
188 199 57.971
38 200 29.0698
99 200 57.971
159 200 50.7614
188 200 57.971
38 201 29.0698
50 201 29.0698
159 201 50.7614
188 201 57.971
38 202 29.0698
50 202 29.0698
77 202 80.9717
122 202 67.5676
159 202 50.7614
188 202 57.971
231 202 50.7614
38 203 29.0698
50 203 29.0698
159 203 50.7614
202 203 50.7614
38 204 29.0698
50 204 29.0698
159 204 50.7614
38 205 29.0698
50 205 29.0698
159 205 50.7614
188 205 57.971
202 205 50.7614
38 206 29.0698
50 206 29.0698
90 206 80.9717
159 206 50.7614
188 206 57.971
38 207 29.0698
50 207 29.0698
159 207 50.7614
188 207 57.971
202 207 50.7614
216 207 50.7614
282 207 36.9686
159 208 50.7614
189 208 57.971
202 208 50.7614
23 209 80.9717
29 209 80.9717
30 209 80.9717
159 209 50.7614
189 209 57.971
23 210 80.9717
30 210 80.9717
159 210 50.7614
211 210 45.1467
23 211 80.9717
159 211 50.7614
173 211 25.4453
211 211 45.1467
101 212 50.7614
159 212 50.7614
173 212 25.4453
211 212 45.1467
50 213 29.0698
159 213 50.7614
211 213 45.1467
44 214 29.0698
45 214 29.0698
50 214 29.0698
159 214 50.7614
202 214 50.7614
211 214 45.1467
44 215 29.0698
50 215 29.0698
159 215 50.7614
202 215 50.7614
211 215 45.1467
622 215 31.2989
44 216 29.0698
50 216 29.0698
44 217 29.0698
50 217 29.0698
160 217 50.7614
211 217 45.1467
4 218 67.5676
44 218 29.0698
45 218 29.0698
50 218 29.0698
159 218 50.7614
211 218 45.1467
212 218 45.1467
44 219 29.0698
50 219 29.0698
159 219 50.7614
212 219 45.1467
580 219 31.2989
622 219 31.2989
14 220 57.971
44 220 29.0698
50 220 29.0698
622 220 31.2989
14 221 57.971
44 221 29.0698
50 221 29.0698
14 222 57.971
31 222 57.971
44 222 29.0698
45 222 29.0698
50 222 29.0698
44 223 29.0698
50 223 29.0698
622 223 33.8983
623 223 33.8983
44 224 29.0698
44 225 29.0698
26 226 57.971
44 226 29.0698
184 226 45.1467
623 226 31.2989
26 227 57.971
56 227 57.971
170 227 25.4453
17 228 57.971
56 228 57.971
79 228 50.7614
106 228 50.7614
170 228 25.4453
623 228 31.2989
10 229 57.971
12 229 57.971
17 229 57.971
38 229 57.971
170 229 25.4453
623 229 31.2989
39 230 57.971
50 230 29.0698
170 230 25.4453
10 231 57.971
39 231 57.971
170 231 25.4453
204 231 45.1467
40 232 50.7614
90 232 50.7614
126 232 45.1467
127 232 45.1467
170 232 25.4453
180 232 45.1467
181 232 45.1467
40 233 50.7614
41 233 50.7614
90 233 50.7614
126 233 45.1467
165 233 45.1467
170 233 25.4453
30 234 57.971
32 234 57.971
40 234 50.7614
41 234 50.7614
54 234 50.7614
121 234 50.7614
30 235 57.971
32 235 57.971
41 235 50.7614
32 236 57.971
41 236 50.7614
44 236 29.0698
55 236 50.7614
162 236 45.1467
44 237 29.0698
45 237 29.0698
50 237 29.0698
170 237 25.4453
207 237 40.6504
44 238 29.0698
45 238 29.0698
50 238 29.0698
96 238 50.7614
170 238 25.4453
174 238 27.137
50 239 29.0698
96 239 50.7614
99 239 50.7614
112 239 45.1467
170 239 25.4453
96 240 50.7614
99 240 50.7614
112 240 45.1467
115 240 50.7614
146 240 45.1467
166 240 40.6504
170 240 25.4453
211 240 36.9686
96 241 45.1467
99 241 50.7614
111 241 45.1467
112 241 45.1467
115 241 50.7614
112 242 45.1467
115 242 50.7614
165 242 40.6504
190 242 40.6504
165 243 40.6504
190 243 40.6504
195 243 40.6504
213 243 40.6504
165 244 40.6504
166 244 40.6504
189 244 40.6504
212 244 40.6504
213 244 40.6504
238 244 36.9686
254 244 36.9686
255 244 36.9686
165 245 40.6504
166 245 40.6504
175 245 25.4453
189 245 40.6504
212 245 40.6504
238 245 36.9686
170 246 25.4453
189 246 40.6504
190 246 40.6504
212 246 40.6504
237 246 36.9686
190 247 40.6504
212 247 40.6504
237 247 36.9686
45 248 29.0698
237 248 36.9686
570 248 25.4453
571 248 25.4453
261 249 40.6504
535 256 25.4453
546 261 27.137
547 261 27.137
619 261 23.9521
622 261 25.4453
623 261 25.4453
186 262 23.9521
622 262 25.4453
186 289 13.587
217 292 12.7389
217 293 12.7389
216 295 12.3533
595 295 11.6482
216 296 11.9904
567 296 11.6482
568 296 11.6482
216 297 11.9904
212 305 10.4548
213 305 10.4548
212 306 10.4548
212 307 10.4548
211 309 10.1937
604 313 9.9453
608 313 9.70874
211 320 9.06207
203 323 8.49618
203 324 8.49618
202 325 8.49618
198 331 7.84314
199 331 7.84314
198 332 7.84314
199 332 7.84314
200 332 7.84314
133 345 7.03235
190 348 6.91324
191 348 6.91324
200 348 6.7981
201 348 6.7981
186 350 6.68673
186 351 6.68673
185 352 6.68673
184 354 6.47459
183 355 6.37349
184 355 6.37349
183 356 6.37349
182 357 6.37349
180 360 6.18047
179 361 6.18047
178 362 6.18047
178 363 6.18047
110 364 6.08828
70 367 6.27549
71 367 5.91191
74 367 5.91191
69 368 6.27549
70 368 6.27549
73 368 5.9988
74 368 5.91191
173 369 5.82751
174 369 5.82751
175 369 5.82751
176 369 5.82751
179 369 5.91191
180 369 5.91191
181 369 6.08828
182 369 6.08828
183 369 5.9988
184 369 5.91191
185 369 5.82751
186 369 5.74548
187 369 5.74548
188 369 5.74548
173 370 5.82751
174 370 5.82751
175 370 5.82751
177 370 5.91191
178 370 5.91191
179 370 5.91191
180 370 5.91191
181 370 6.08828
182 370 6.08828
183 370 5.9988
184 370 5.91191
185 370 5.82751
186 370 5.74548
187 370 5.74548
174 371 5.82751
168 373 5.66572
169 373 5.66572
130 380 5.51268
126 381 5.43922
127 381 5.43922
128 381 5.43922
122 384 5.29801
123 384 5.29801
124 384 5.29801
125 384 5.16396
123 385 5.29801
124 385 5.29801
132 393 5.16396
104 394 4.91521
135 394 4.91521
103 395 4.91521
104 395 4.91521
124 396 4.85673
125 396 4.85673
128 396 4.85673
125 397 4.85673
126 397 4.85673
127 397 4.85673
128 397 4.85673
129 397 4.91521
131 397 4.85673
132 397 4.85673
133 397 4.85673
126 398 4.85673
127 398 4.85673
128 398 4.85673
131 398 4.85673
163 400 4.85673
165 400 4.85673
166 400 4.79962
167 400 4.79962
153 401 4.91521
154 401 4.91521
155 401 4.91521
156 401 4.91521
157 401 4.85673
158 401 4.85673
159 401 4.85673
160 401 4.85673
161 401 4.85673
162 401 4.85673
163 401 4.85673
164 401 4.85673
165 401 4.85673
166 401 4.79962
167 401 4.79962
168 401 4.79962
169 401 4.79962
170 401 4.74383
147 407 4.584
146 408 4.584
9 411 4.68933
9 412 4.68933
143 412 4.43459
144 412 4.43459
143 413 4.43459
142 414 4.43459
3 415 4.63607
3 416 4.63607
139 418 4.34028
136 422 4.24989
137 422 4.24989
134 425 4.1632
133 426 4.1632
65 428 4.1632
65 429 4.1632
126 434 4.03959
127 434 4.03959
569 434 4.07997
570 434 4.07997
571 434 4.07997
572 434 4.07997
573 434 4.07997
574 434 4.07997
575 434 4.07997
576 434 4.07997
577 434 4.03959
578 434 4.07997
579 434 4.07997
580 434 4.07997
581 434 4.07997
582 434 4.07997
583 434 4.07997
584 434 4.07997
585 434 4.03959
586 434 4.03959
587 434 4.03959
588 434 4.03959
54 435 4.2061
55 435 4.2061
569 435 4.07997
570 435 4.07997
571 435 4.07997
572 435 4.07997
573 435 4.07997
574 435 4.07997
575 435 4.07997
576 435 4.07997
577 435 4.03959
578 435 4.07997
583 435 4.07997
585 435 4.03959
586 435 4.03959
587 435 4.03959
588 435 4.03959
407 436 4.1632
409 437 4.1632
122 442 4.12116
122 443 4.07997
123 443 4.07997
138 443 4.03959
139 443 4.03959
121 444 4.07997
122 444 4.07997
123 444 4.07997
127 444 4.03959
128 444 4.03959
129 444 4.03959
130 444 4.03959
131 444 4.03959
132 444 4.03959
133 444 4.03959
134 444 4.03959
135 444 4.03959
136 444 4.03959
137 444 4.03959
138 444 4.03959
139 444 4.03959
140 444 4.03959
122 445 4.03959
123 445 4.03959
126 445 4.03959
127 445 4.03959
128 445 4.03959
129 445 4.03959
130 445 4.03959
131 445 4.03959
132 445 4.03959
133 445 4.03959
134 445 4.03959
123 446 4.03959
124 446 4.03959
93 451 4.03959
94 451 4.03959
92 452 4.03959
100 452 4.07997
101 452 4.07997
92 454 4.03959
53 456 4.03959
