181 3 57.971
517 3 25.4453
180 4 57.971
179 5 57.971
178 6 57.971
176 9 57.971
540 9 27.137
175 10 57.971
126 11 22.6244
127 11 21.4362
128 11 21.4362
129 11 21.4362
124 12 22.6244
125 12 22.6244
126 12 22.6244
123 13 23.9521
124 13 22.6244
173 13 57.971
123 14 23.9521
172 14 57.971
513 14 31.2989
514 14 31.2989
172 15 57.971
126 16 22.6244
127 16 22.6244
128 16 22.6244
129 16 22.6244
517 16 25.4453
130 17 22.6244
131 17 22.6244
133 18 22.6244
143 20 22.6244
143 21 23.9521
144 21 23.9521
143 22 23.9521
144 22 23.9521
520 22 25.4453
549 22 22.6244
141 23 25.4453
142 23 23.9521
142 24 25.4453
531 27 27.137
539 27 23.9521
540 27 23.9521
531 28 27.137
540 28 23.9521
541 28 23.9521
544 31 23.9521
545 31 23.9521
545 32 23.9521
188 33 25.4453
189 33 25.4453
518 33 27.137
159 34 23.9521
185 34 25.4453
186 34 25.4453
187 34 25.4453
188 34 25.4453
185 35 25.4453
559 38 31.2989
549 40 23.9521
549 41 23.9521
376 43 33.8983
377 43 33.8983
550 43 23.9521
551 45 23.9521
552 47 23.9521
513 48 27.137
313 53 45.1467
311 54 45.1467
312 54 45.1467
155 55 67.5676
513 55 25.4453
312 60 45.1467
215 64 45.1467
214 65 45.1467
130 66 67.5676
213 66 45.1467
125 68 67.5676
216 70 40.6504
111 72 80.9717
296 73 36.9686
296 74 36.9686
213 75 40.6504
208 76 40.6504
218 79 40.6504
217 80 40.6504
466 81 33.8983
467 81 33.8983
297 82 40.6504
295 84 40.6504
215 86 45.1467
215 87 45.1467
117 89 67.5676
585 89 31.2989
293 90 36.9686
583 91 31.2989
215 97 40.6504
216 97 40.6504
313 97 45.1467
157 98 23.9521
214 98 40.6504
312 98 45.1467
313 98 45.1467
157 99 23.9521
157 100 23.9521
157 101 23.9521
157 102 23.9521
157 103 23.9521
295 104 36.9686
313 104 45.1467
527 104 27.137
528 104 27.137
157 105 23.9521
157 106 23.9521
157 107 23.9521
293 107 36.9686
157 108 25.4453
292 108 36.9686
466 108 29.0698
467 108 29.0698
468 108 29.0698
469 108 31.2989
470 108 31.2989
471 108 31.2989
157 109 25.4453
461 109 33.8983
462 109 36.9686
463 109 33.8983
464 109 33.8983
465 109 33.8983
157 110 25.4453
157 111 25.4453
157 112 25.4453
213 112 40.6504
157 113 25.4453
295 113 36.9686
44 114 57.971
157 114 25.4453
163 114 40.6504
157 115 25.4453
157 116 23.9521
44 117 57.971
157 117 23.9521
157 118 23.9521
56 119 57.971
157 119 23.9521
34 120 27.137
56 120 57.971
157 120 23.9521
34 121 27.137
55 121 57.971
56 121 57.971
157 121 25.4453
34 122 27.137
157 122 25.4453
28 123 27.137
34 123 27.137
56 123 57.971
94 123 50.7614
157 123 25.4453
28 124 27.137
34 124 27.137
44 124 57.971
55 124 57.971
56 124 57.971
158 124 25.4453
28 125 27.137
34 125 27.137
54 125 57.971
55 125 57.971
28 126 27.137
34 126 27.137
54 126 57.971
28 127 27.137
34 127 27.137
157 127 23.9521
158 127 23.9521
292 127 36.9686
28 128 27.137
34 128 27.137
43 128 57.971
56 128 57.971
158 128 23.9521
291 128 36.9686
28 129 27.137
34 129 27.137
55 129 57.971
56 129 57.971
290 129 36.9686
291 129 36.9686
28 130 27.137
34 130 27.137
55 130 57.971
56 130 57.971
157 130 23.9521
158 130 23.9521
17 131 67.5676
28 131 27.137
34 131 27.137
55 131 57.971
94 131 50.7614
158 131 23.9521
17 132 67.5676
28 132 27.137
34 132 27.137
54 132 57.971
94 132 50.7614
157 132 23.9521
158 132 23.9521
17 133 67.5676
28 133 27.137
34 133 27.137
54 133 57.971
158 133 23.9521
17 134 67.5676
28 134 27.137
34 134 27.137
158 134 23.9521
17 135 67.5676
28 135 27.137
34 135 27.137
57 135 57.971
158 135 23.9521
34 136 27.137
57 136 57.971
158 136 23.9521
463 136 36.9686
464 136 33.8983
465 136 33.8983
466 136 31.2989
467 136 31.2989
468 136 31.2989
469 136 31.2989
7 137 67.5676
43 137 57.971
56 137 57.971
57 137 57.971
158 137 23.9521
217 137 40.6504
459 137 50.7614
460 137 50.7614
461 137 50.7614
7 138 67.5676
17 138 67.5676
54 138 57.971
158 138 23.9521
7 139 67.5676
34 139 27.137
216 139 40.6504
17 140 67.5676
56 140 57.971
158 140 23.9521
215 140 40.6504
216 140 40.6504
17 141 67.5676
28 141 29.0698
56 141 57.971
158 141 23.9521
28 142 29.0698
158 142 23.9521
312 142 50.7614
313 142 50.7614
158 143 23.9521
215 143 40.6504
216 143 45.1467
6 144 67.5676
28 144 29.0698
34 144 27.137
58 144 57.971
158 144 23.9521
214 144 40.6504
215 144 40.6504
6 145 67.5676
28 145 29.0698
34 145 27.137
57 145 57.971
213 145 45.1467
28 146 27.137
34 146 27.137
57 146 57.971
28 147 27.137
34 147 27.137
57 147 57.971
58 147 57.971
158 147 23.9521
28 148 27.137
34 148 27.137
57 148 57.971
158 148 23.9521
28 149 27.137
34 149 27.137
56 149 57.971
57 149 57.971
158 149 23.9521
288 149 36.9686
16 150 67.5676
28 150 27.137
34 150 27.137
56 150 57.971
158 150 23.9521
28 151 27.137
34 151 27.137
158 151 23.9521
287 151 36.9686
416 151 31.2989
417 151 31.2989
418 151 31.2989
28 152 27.137
34 152 27.137
158 152 23.9521
216 152 40.6504
28 153 27.137
34 153 27.137
158 153 23.9521
215 153 40.6504
28 154 27.137
34 154 27.137
148 154 25.4453
149 154 25.4453
215 154 40.6504
28 155 27.137
34 155 27.137
148 155 25.4453
149 155 25.4453
214 155 40.6504
28 156 27.137
34 156 27.137
58 156 57.971
97 156 50.7614
148 156 23.9521
149 156 23.9521
213 156 45.1467
28 157 27.137
34 157 27.137
58 157 67.5676
148 157 23.9521
149 157 23.9521
28 158 27.137
34 158 27.137
96 158 50.7614
148 158 23.9521
149 158 23.9521
153 158 23.9521
211 158 45.1467
28 159 27.137
34 159 27.137
57 159 67.5676
58 159 67.5676
95 159 50.7614
96 159 50.7614
148 159 23.9521
149 159 23.9521
156 159 23.9521
210 159 45.1467
211 159 45.1467
505 159 33.8983
506 159 29.0698
507 159 29.0698
508 159 29.0698
509 159 27.137
28 160 27.137
34 160 27.137
57 160 67.5676
96 160 50.7614
148 160 23.9521
149 160 23.9521
156 160 23.9521
210 160 45.1467
226 160 50.7614
508 160 29.0698
509 160 27.137
28 161 27.137
34 161 27.137
57 161 67.5676
96 161 50.7614
148 161 23.9521
149 161 23.9521
155 161 23.9521
156 161 23.9521
210 161 45.1467
226 161 50.7614
28 162 27.137
34 162 27.137
57 162 67.5676
96 162 50.7614
148 162 23.9521
149 162 23.9521
155 162 23.9521
468 162 29.0698
470 162 21.4362
471 162 29.0698
28 163 27.137
34 163 27.137
57 163 67.5676
148 163 23.9521
149 163 23.9521
156 163 23.9521
456 163 57.971
458 163 45.1467
459 163 40.6504
460 163 36.9686
461 163 33.8983
462 163 33.8983
463 163 31.2989
28 164 27.137
34 164 27.137
148 164 23.9521
149 164 23.9521
156 164 23.9521
286 164 36.9686
28 165 27.137
34 165 27.137
149 165 23.9521
154 165 23.9521
157 165 23.9521
28 166 27.137
34 166 27.137
149 166 23.9521
158 166 23.9521
211 166 45.1467
28 167 27.137
34 167 27.137
56 167 57.971
149 167 23.9521
28 168 27.137
34 168 27.137
56 168 57.971
98 168 57.971
149 168 23.9521
160 168 23.9521
28 169 27.137
34 169 27.137
56 169 57.971
98 169 57.971
149 169 23.9521
155 169 23.9521
287 169 40.6504
28 170 27.137
34 170 27.137
56 170 57.971
57 170 57.971
149 170 23.9521
22 171 27.137
28 171 27.137
34 171 27.137
57 171 80.9717
149 171 23.9521
156 171 23.9521
162 171 23.9521
28 172 27.137
34 172 27.137
149 172 23.9521
162 172 23.9521
28 173 27.137
34 173 27.137
149 173 23.9521
156 173 23.9521
162 173 23.9521
371 173 33.8983
28 174 27.137
34 174 27.137
57 174 67.5676
149 174 23.9521
162 174 23.9521
212 174 45.1467
28 175 27.137
34 175 27.137
57 175 67.5676
96 175 57.971
149 175 23.9521
156 175 23.9521
162 175 23.9521
212 175 45.1467
587 175 31.2989
28 176 27.137
34 176 27.137
57 176 67.5676
149 176 23.9521
150 176 23.9521
156 176 23.9521
162 176 23.9521
226 176 50.7614
28 177 27.137
34 177 27.137
57 177 67.5676
149 177 23.9521
28 178 27.137
34 178 27.137
57 178 67.5676
97 178 50.7614
149 178 23.9521
183 178 57.971
211 178 50.7614
286 178 40.6504
28 179 27.137
34 179 27.137
57 179 57.971
211 179 50.7614
28 180 27.137
34 180 27.137
57 180 57.971
183 180 57.971
28 181 27.137
34 181 27.137
57 181 67.5676
183 181 57.971
28 182 27.137
34 182 27.137
57 182 67.5676
211 182 50.7614
212 182 50.7614
28 183 27.137
34 183 27.137
57 183 67.5676
98 183 50.7614
183 183 57.971
211 183 50.7614
22 184 27.137
28 184 27.137
34 184 27.137
97 184 50.7614
98 184 50.7614
183 184 57.971
211 184 50.7614
21 185 27.137
22 185 27.137
34 185 27.137
56 185 67.5676
97 185 50.7614
156 185 31.2989
226 185 50.7614
279 185 36.9686
21 186 27.137
34 186 27.137
278 186 36.9686
21 187 27.137
34 187 27.137
152 187 45.1467
278 187 36.9686
21 188 27.137
34 188 27.137
152 188 45.1467
153 188 45.1467
171 188 57.971
278 188 36.9686
413 188 57.971
414 188 57.971
418 188 33.8983
419 188 33.8983
21 189 27.137
34 189 27.137
152 189 45.1467
183 189 57.971
204 189 40.6504
205 189 40.6504
413 189 57.971
414 189 57.971
518 189 29.0698
519 189 29.0698
525 189 27.137
21 190 27.137
34 190 27.137
152 190 45.1467
205 190 40.6504
525 190 27.137
21 191 27.137
34 191 27.137
94 191 50.7614
152 191 45.1467
171 191 57.971
201 191 45.1467
226 191 50.7614
21 192 27.137
34 192 27.137
56 192 101.01
90 192 50.7614
152 192 45.1467
226 192 50.7614
21 193 27.137
34 193 27.137
56 193 101.01
226 193 50.7614
21 194 27.137
22 194 27.137
34 194 27.137
152 194 45.1467
21 195 27.137
22 195 27.137
34 195 27.137
152 195 45.1467
226 195 50.7614
21 196 27.137
22 196 27.137
34 196 27.137
51 196 57.971
152 196 45.1467
183 196 57.971
226 196 50.7614
563 196 31.2989
21 197 27.137
22 197 27.137
34 197 27.137
152 197 45.1467
183 197 57.971
196 197 57.971
211 197 50.7614
226 197 50.7614
238 197 50.7614
21 198 27.137
22 198 27.137
34 198 27.137
152 198 45.1467
183 198 57.971
211 198 50.7614
226 198 50.7614
21 199 27.137
22 199 27.137
34 199 27.137
92 199 57.971
152 199 45.1467
183 199 57.971
226 199 50.7614
21 200 27.137
22 200 27.137
34 200 27.137
152 200 45.1467
183 200 57.971
226 200 50.7614
21 201 27.137
22 201 27.137
34 201 27.137
35 201 27.137
152 201 45.1467
183 201 57.971
197 201 50.7614
226 201 50.7614
21 202 27.137
22 202 27.137
34 202 27.137
35 202 27.137
152 202 45.1467
226 202 50.7614
21 203 27.137
22 203 27.137
34 203 27.137
152 203 45.1467
226 203 50.7614
21 204 27.137
22 204 27.137
34 204 27.137
152 204 45.1467
171 204 57.971
183 204 57.971
226 204 50.7614
22 205 27.137
28 205 27.137
34 205 27.137
152 205 45.1467
183 205 57.971
226 205 50.7614
28 206 27.137
93 206 57.971
152 206 45.1467
183 206 57.971
197 206 50.7614
211 206 50.7614
17 207 101.01
22 207 67.5676
152 207 45.1467
160 207 23.9521
183 207 57.971
17 208 101.01
22 208 67.5676
183 208 57.971
17 209 101.01
22 209 67.5676
162 209 23.9521
205 209 45.1467
632 209 29.0698
16 210 101.01
22 210 67.5676
162 210 23.9521
205 210 45.1467
632 210 29.0698
93 211 50.7614
205 211 45.1467
28 212 27.137
34 212 27.137
197 212 57.971
632 212 31.2989
28 213 27.137
34 213 27.137
152 213 45.1467
197 213 57.971
632 213 31.2989
28 214 27.137
34 214 27.137
93 214 50.7614
183 214 57.971
206 214 40.6504
632 214 31.2989
28 215 27.137
34 215 27.137
206 215 40.6504
632 215 31.2989
633 215 31.2989
28 216 27.137
34 216 27.137
153 216 45.1467
206 216 40.6504
632 216 31.2989
633 216 31.2989
28 217 27.137
34 217 27.137
206 217 40.6504
588 217 31.2989
632 217 29.0698
633 217 29.0698
28 218 27.137
34 218 27.137
35 218 27.137
152 218 45.1467
206 218 40.6504
519 218 27.137
564 218 31.2989
588 218 31.2989
632 218 29.0698
633 218 29.0698
5 219 57.971
22 219 57.971
28 219 27.137
34 219 27.137
35 219 27.137
519 219 27.137
520 219 27.137
564 219 31.2989
588 219 31.2989
633 219 29.0698
4 220 57.971
5 220 57.971
22 220 57.971
28 220 27.137
34 220 27.137
35 220 27.137
564 220 31.2989
588 220 31.2989
632 220 29.0698
633 220 29.0698
4 221 57.971
22 221 57.971
28 221 27.137
34 221 27.137
35 221 27.137
588 221 31.2989
633 221 29.0698
28 222 27.137
34 222 27.137
159 222 23.9521
588 222 31.2989
633 222 29.0698
41 223 57.971
134 223 45.1467
159 223 23.9521
588 223 31.2989
632 223 29.0698
633 223 29.0698
564 224 31.2989
588 224 31.2989
633 224 29.0698
17 225 57.971
72 225 50.7614
178 225 40.6504
588 225 31.2989
633 225 29.0698
47 226 50.7614
71 226 50.7614
159 226 23.9521
565 226 31.2989
588 226 31.2989
633 226 29.0698
5 227 57.971
70 227 50.7614
159 227 23.9521
163 227 25.4453
633 227 29.0698
96 228 50.7614
159 228 23.9521
632 228 29.0698
633 228 29.0698
3 229 57.971
21 229 57.971
28 229 27.137
159 229 23.9521
28 230 27.137
159 230 23.9521
163 230 25.4453
28 231 27.137
81 231 45.1467
118 231 45.1467
159 231 23.9521
173 231 40.6504
174 231 40.6504
588 231 31.2989
28 232 27.137
81 232 45.1467
118 232 45.1467
159 232 23.9521
173 232 40.6504
564 232 31.2989
565 232 31.2989
588 232 31.2989
21 233 57.971
28 233 27.137
44 233 50.7614
45 233 50.7614
159 233 23.9521
588 233 31.2989
21 234 57.971
28 234 27.137
42 234 50.7614
45 234 50.7614
113 234 45.1467
532 234 23.9521
588 234 31.2989
28 235 27.137
42 235 50.7614
155 235 40.6504
560 235 22.6244
561 235 22.6244
635 235 22.6244
28 236 27.137
34 236 27.137
159 236 23.9521
201 236 40.6504
635 236 22.6244
636 236 22.6244
28 237 27.137
34 237 27.137
35 237 27.137
87 237 45.1467
88 237 45.1467
159 237 23.9521
163 237 25.4453
164 237 25.4453
201 237 40.6504
589 237 29.0698
614 237 22.6244
615 237 22.6244
616 237 22.6244
34 238 27.137
87 238 45.1467
104 238 45.1467
159 238 23.9521
567 238 22.6244
589 238 29.0698
614 238 22.6244
615 238 22.6244
87 239 45.1467
103 239 45.1467
159 239 23.9521
205 239 36.9686
530 239 25.4453
531 239 25.4453
568 239 22.6244
569 239 22.6244
570 239 21.4362
614 239 22.6244
615 239 22.6244
68 240 50.7614
87 240 45.1467
103 240 45.1467
107 240 45.1467
138 240 40.6504
184 240 40.6504
204 240 36.9686
103 241 45.1467
107 241 45.1467
157 241 31.2989
183 241 40.6504
204 241 36.9686
615 241 23.9521
616 241 23.9521
157 242 31.2989
183 242 40.6504
507 242 25.4453
508 242 25.4453
615 242 23.9521
616 242 23.9521
156 243 31.2989
157 243 31.2989
183 243 36.9686
188 243 40.6504
207 243 36.9686
233 243 36.9686
615 243 23.9521
157 244 31.2989
182 244 36.9686
183 244 36.9686
206 244 36.9686
232 244 36.9686
233 244 36.9686
250 244 33.8983
182 245 36.9686
183 245 36.9686
206 245 36.9686
232 245 36.9686
585 245 25.4453
586 245 25.4453
159 246 31.2989
182 246 36.9686
183 246 36.9686
187 246 40.6504
206 246 36.9686
259 246 36.9686
572 246 22.6244
616 246 22.6244
28 247 27.137
183 247 36.9686
206 247 36.9686
231 247 36.9686
232 247 36.9686
616 247 22.6244
633 247 22.6244
28 248 27.137
231 248 36.9686
232 248 36.9686
257 248 36.9686
581 248 23.9521
582 248 23.9521
616 248 22.6244
257 249 36.9686
616 249 22.6244
633 249 22.6244
488 250 25.4453
616 250 22.6244
487 251 25.4453
500 251 23.9521
563 251 22.6244
616 251 22.6244
560 252 22.6244
587 252 22.6244
590 252 31.2989
633 252 22.6244
545 253 23.9521
561 253 22.6244
616 254 23.9521
498 255 25.4453
544 255 23.9521
616 255 23.9521
544 256 23.9521
616 256 23.9521
544 257 23.9521
547 257 23.9521
548 257 23.9521
558 257 23.9521
559 257 23.9521
547 258 23.9521
558 258 23.9521
559 258 23.9521
636 258 23.9521
548 259 22.6244
617 259 22.6244
497 260 25.4453
617 260 22.6244
549 261 22.6244
556 261 23.9521
557 261 23.9521
556 262 23.9521
557 262 23.9521
622 262 23.9521
632 262 23.9521
636 262 23.9521
175 263 23.9521
630 263 23.9521
635 263 23.9521
618 264 22.6244
211 282 15.0943
90 286 14.556
168 296 11.9904
169 296 11.9904
201 300 11.325
201 301 11.325
200 302 11.325
200 303 11.0193
625 303 10.1937
626 303 10.1937
595 304 9.9453
596 304 9.9453
624 304 10.1937
625 304 10.1937
626 304 10.1937
636 304 10.7296
637 304 10.7296
199 305 10.4548
200 305 10.7296
594 305 9.9453
595 305 9.9453
596 305 9.9453
63 306 10.7296
199 306 10.4548
200 306 10.4548
202 306 10.4548
202 314 9.70874
193 315 9.26784
193 316 9.26784
192 317 9.06207
193 317 9.06207
192 318 9.06207
191 319 9.06207
192 319 9.06207
191 320 8.86525
190 321 8.86525
189 322 8.86525
190 322 8.86525
180 337 8.15661
186 337 7.69527
187 337 7.69527
179 339 7.41565
178 340 7.28332
177 341 7.28332
177 342 7.28332
175 344 7.15564
168 353 6.57895
169 353 6.57895
170 353 6.57895
171 353 6.57895
173 353 6.91324
168 354 6.57895
169 354 6.57895
170 354 6.57895
171 354 6.57895
84 373 5.74548
85 373 5.74548
86 373 5.74548
153 377 5.58815
156 377 5.58815
157 377 5.58815
161 377 5.74548
163 377 5.74548
164 377 5.66572
165 377 5.66572
166 377 5.58815
150 378 5.91191
151 378 5.91191
152 378 5.91191
153 378 5.58815
154 378 5.58815
155 378 5.58815
156 378 5.58815
157 378 5.58815
158 378 5.58815
159 378 5.51268
148 381 5.36769
147 382 5.36769
148 382 5.36769
146 383 5.36769
147 383 5.36769
145 385 5.23013
145 386 5.23013
143 387 5.23013
142 388 5.23013
142 389 5.23013
141 390 5.16396
152 394 5.23013
137 395 4.97512
133 400 4.85673
151 401 4.74383
47 402 4.85673
45 403 5.09944
49 403 5.09944
126 408 4.63607
147 408 4.584
126 411 4.584
139 411 4.584
140 411 4.53309
144 411 4.43459
125 412 4.584
126 412 4.584
127 412 4.584
131 412 4.584
132 412 4.584
133 412 4.68933
134 412 4.63607
135 412 4.63607
136 412 4.63607
137 412 4.584
138 412 4.584
139 412 4.584
140 412 4.53309
141 412 4.53309
142 412 4.43459
143 412 4.43459
144 412 4.43459
122 413 4.53309
123 413 4.53309
124 413 4.584
125 413 4.584
126 413 4.584
127 413 4.584
128 413 4.584
129 413 4.584
130 413 4.584
131 413 4.584
132 413 4.584
133 413 4.68933
134 413 4.63607
135 413 4.63607
136 413 4.63607
137 413 4.584
138 413 4.584
139 413 4.584
140 413 4.53309
141 413 4.53309
121 414 4.43459
122 414 4.53309
123 414 4.53309
124 414 4.53309
125 414 4.584
117 415 4.79962
169 417 4.584
114 418 4.38693
115 418 4.38693
116 418 4.38693
55 432 4.12116
56 432 4.12116
55 433 4.12116
56 433 4.12116
57 433 4.12116
58 433 4.12116
58 436 4.1632
59 436 4.1632
50 437 4.03959
49 438 4.03959
50 438 4.03959
51 438 4.03959
52 438 4.03959
52 454 4.1632
50 456 4.03959
49 457 4.03959
50 457 4.03959
48 458 4.03959
49 458 4.03959
47 459 4.03959
48 459 4.03959
82 467 4.03959
81 468 4.03959
