124 3 21.4362
535 3 25.4453
127 4 20.3666
559 6 22.6244
560 6 21.4362
561 6 21.4362
560 7 22.6244
561 7 21.4362
547 8 25.4453
548 8 25.4453
549 8 25.4453
561 8 22.6244
562 8 21.4362
548 9 25.4453
562 9 22.6244
563 9 22.6244
493 10 31.2989
563 10 22.6244
164 11 21.4362
566 11 21.4362
566 12 21.4362
143 14 21.4362
144 14 21.4362
145 14 20.3666
147 14 20.3666
150 14 20.3666
160 14 21.4362
161 14 21.4362
162 14 21.4362
163 14 21.4362
164 14 21.4362
176 14 22.6244
177 14 22.6244
143 15 21.4362
175 15 22.6244
176 15 22.6244
172 16 22.6244
173 16 22.6244
567 16 22.6244
568 16 22.6244
568 18 22.6244
568 19 22.6244
143 21 22.6244
569 21 22.6244
143 22 22.6244
569 22 22.6244
576 22 29.0698
143 23 22.6244
570 24 22.6244
143 25 22.6244
143 26 22.6244
571 26 22.6244
143 27 22.6244
571 27 22.6244
143 28 22.6244
524 28 25.4453
525 28 23.9521
572 28 22.6244
143 29 22.6244
522 29 27.137
525 29 23.9521
572 29 22.6244
573 31 22.6244
573 32 22.6244
574 34 22.6244
574 35 22.6244
555 36 23.9521
529 38 23.9521
530 38 23.9521
574 39 23.9521
311 43 40.6504
312 43 40.6504
575 44 23.9521
539 45 23.9521
575 45 23.9521
550 50 23.9521
523 54 25.4453
576 55 23.9521
208 65 36.9686
202 66 40.6504
471 70 36.9686
472 70 36.9686
473 70 36.9686
470 71 36.9686
554 72 23.9521
604 73 29.0698
604 74 29.0698
604 75 29.0698
604 76 29.0698
604 77 29.0698
551 79 25.4453
522 80 25.4453
211 83 36.9686
604 84 29.0698
604 85 29.0698
604 86 29.0698
356 87 31.2989
357 87 31.2989
311 89 40.6504
312 89 40.6504
313 89 40.6504
604 90 29.0698
544 91 25.4453
545 91 25.4453
604 91 29.0698
535 92 25.4453
604 92 29.0698
604 93 29.0698
605 95 27.137
312 96 40.6504
596 96 31.2989
605 96 27.137
605 97 27.137
477 98 29.0698
478 98 29.0698
479 98 29.0698
472 99 31.2989
473 99 31.2989
474 99 31.2989
605 99 29.0698
593 102 33.8983
594 102 33.8983
155 107 40.6504
605 110 29.0698
11 111 25.4453
12 111 25.4453
605 111 29.0698
11 112 25.4453
12 112 25.4453
11 113 25.4453
12 113 25.4453
5 114 25.4453
11 114 25.4453
12 114 25.4453
47 114 57.971
155 114 40.6504
5 115 25.4453
11 115 25.4453
46 115 57.971
47 115 57.971
5 116 25.4453
11 116 25.4453
12 116 25.4453
5 117 25.4453
11 117 25.4453
12 117 25.4453
5 118 25.4453
11 118 25.4453
47 118 50.7614
5 119 25.4453
11 119 25.4453
46 119 50.7614
552 119 23.9521
5 120 25.4453
11 120 25.4453
45 120 50.7614
537 120 23.9521
605 120 29.0698
5 121 25.4453
11 121 25.4453
45 121 50.7614
605 121 29.0698
11 122 25.4453
11 123 25.4453
33 123 50.7614
47 123 50.7614
11 124 25.4453
46 124 50.7614
47 124 50.7614
11 125 25.4453
46 125 50.7614
11 126 25.4453
46 126 50.7614
11 127 25.4453
45 127 50.7614
11 128 25.4453
472 128 27.137
473 128 27.137
474 128 27.137
477 128 36.9686
5 129 25.4453
467 129 40.6504
5 130 25.4453
48 130 57.971
49 130 57.971
5 131 25.4453
11 131 25.4453
5 132 25.4453
11 132 25.4453
47 132 57.971
48 132 57.971
5 133 25.4453
11 133 25.4453
143 133 21.4362
211 133 40.6504
5 134 25.4453
11 134 25.4453
143 134 21.4362
5 135 25.4453
11 135 25.4453
47 135 50.7614
143 135 21.4362
5 136 25.4453
143 136 21.4362
312 136 45.1467
5 137 25.4453
143 137 21.4362
210 137 40.6504
5 138 25.4453
143 138 21.4362
463 138 33.8983
208 139 40.6504
143 140 21.4362
5 141 25.4453
84 141 50.7614
143 141 21.4362
5 142 25.4453
143 142 21.4362
5 143 25.4453
48 143 50.7614
143 143 21.4362
606 143 29.0698
5 144 25.4453
143 144 21.4362
606 144 29.0698
5 145 25.4453
5 146 25.4453
5 147 25.4453
5 148 25.4453
11 148 25.4453
5 149 25.4453
11 149 25.4453
606 149 29.0698
5 150 25.4453
137 150 22.6244
554 150 23.9521
606 150 29.0698
5 151 25.4453
140 151 21.4362
207 151 45.1467
522 151 27.137
523 151 25.4453
524 151 25.4453
525 151 25.4453
606 151 29.0698
5 152 25.4453
11 152 25.4453
140 152 21.4362
141 152 21.4362
514 152 25.4453
515 152 25.4453
523 152 25.4453
524 152 25.4453
5 153 25.4453
140 153 21.4362
514 153 25.4453
523 153 25.4453
606 153 29.0698
5 154 25.4453
140 154 21.4362
606 154 29.0698
5 155 25.4453
11 155 25.4453
140 155 21.4362
606 155 29.0698
5 156 25.4453
87 156 50.7614
140 156 21.4362
468 156 25.4453
469 156 25.4453
470 156 23.9521
471 156 23.9521
472 156 22.6244
606 156 29.0698
5 157 25.4453
138 157 22.6244
606 157 29.0698
5 158 25.4453
138 158 22.6244
606 158 29.0698
5 159 25.4453
11 159 25.4453
496 159 31.2989
606 159 29.0698
5 160 25.4453
12 160 25.4453
133 160 22.6244
606 160 29.0698
5 161 25.4453
12 161 25.4453
133 161 22.6244
140 161 21.4362
606 161 29.0698
5 162 25.4453
12 162 25.4453
140 162 21.4362
606 162 29.0698
5 163 25.4453
12 163 25.4453
133 163 22.6244
140 163 21.4362
606 163 29.0698
5 164 25.4453
12 164 25.4453
133 164 22.6244
140 164 21.4362
147 164 22.6244
533 164 25.4453
534 164 25.4453
606 164 29.0698
5 165 25.4453
12 165 25.4453
47 165 57.971
140 165 21.4362
147 165 22.6244
606 165 29.0698
5 166 25.4453
12 166 25.4453
140 166 21.4362
147 166 22.6244
606 166 29.0698
5 167 25.4453
12 167 25.4453
133 167 23.9521
140 167 21.4362
147 167 22.6244
606 167 29.0698
5 168 25.4453
12 168 25.4453
133 168 23.9521
140 168 21.4362
147 168 22.6244
606 168 29.0698
5 169 25.4453
12 169 25.4453
140 169 21.4362
147 169 22.6244
606 169 29.0698
5 170 25.4453
12 170 25.4453
133 170 23.9521
140 170 21.4362
147 170 22.6244
606 170 29.0698
5 171 25.4453
12 171 25.4453
606 171 29.0698
5 172 25.4453
12 172 25.4453
600 172 31.2989
606 172 29.0698
5 173 25.4453
12 173 25.4453
606 173 29.0698
5 174 25.4453
12 174 25.4453
606 174 29.0698
5 175 25.4453
12 175 25.4453
144 175 22.6244
5 176 25.4453
12 176 25.4453
143 176 22.6244
144 176 22.6244
5 177 25.4453
12 177 25.4453
143 177 22.6244
281 177 36.9686
606 177 29.0698
5 178 25.4453
12 178 25.4453
143 178 22.6244
5 179 25.4453
12 179 25.4453
143 179 22.6244
12 180 25.4453
143 180 22.6244
144 180 22.6244
464 180 36.9686
12 181 25.4453
143 181 22.6244
144 181 22.6244
12 182 25.4453
314 182 40.6504
317 182 29.0698
542 182 23.9521
12 183 25.4453
542 183 23.9521
12 184 25.4453
417 184 50.7614
418 184 50.7614
419 184 50.7614
542 184 23.9521
12 185 25.4453
542 185 25.4453
543 185 25.4453
12 186 25.4453
12 187 25.4453
589 187 23.9521
12 188 25.4453
535 188 25.4453
12 189 25.4453
82 189 45.1467
12 190 25.4453
497 190 31.2989
12 191 25.4453
497 191 31.2989
12 192 25.4453
12 193 25.4453
12 194 25.4453
12 195 25.4453
12 196 25.4453
12 197 25.4453
12 198 25.4453
12 199 25.4453
12 200 25.4453
12 201 25.4453
5 202 25.4453
12 202 25.4453
5 203 25.4453
12 203 25.4453
5 204 25.4453
12 204 25.4453
5 205 25.4453
12 205 25.4453
153 205 22.6244
5 206 25.4453
12 206 25.4453
147 206 21.4362
5 207 25.4453
12 207 25.4453
147 207 21.4362
148 207 21.4362
5 208 25.4453
12 208 25.4453
5 209 25.4453
6 209 25.4453
12 209 25.4453
5 210 25.4453
12 210 25.4453
5 211 25.4453
6 211 25.4453
12 211 25.4453
5 212 25.4453
6 212 25.4453
12 212 25.4453
5 213 25.4453
12 213 25.4453
607 213 29.0698
12 214 25.4453
535 214 25.4453
536 214 25.4453
607 214 29.0698
608 214 29.0698
6 215 25.4453
12 215 25.4453
535 215 23.9521
536 215 23.9521
582 215 27.137
583 215 27.137
607 215 29.0698
5 216 25.4453
6 216 25.4453
12 216 25.4453
535 216 23.9521
536 216 23.9521
544 216 23.9521
582 216 27.137
583 216 27.137
607 216 29.0698
5 217 25.4453
6 217 25.4453
12 217 25.4453
536 217 23.9521
583 217 27.137
607 217 29.0698
5 218 25.4453
6 218 25.4453
12 218 25.4453
583 218 27.137
607 218 29.0698
5 219 25.4453
6 219 25.4453
12 219 25.4453
607 219 29.0698
5 220 25.4453
6 220 25.4453
12 220 25.4453
495 220 31.2989
582 220 27.137
583 220 27.137
607 220 29.0698
608 220 29.0698
544 221 25.4453
607 221 29.0698
544 222 25.4453
607 222 29.0698
608 222 29.0698
438 223 27.137
27 224 50.7614
149 224 22.6244
495 224 31.2989
544 224 25.4453
495 225 31.2989
6 227 25.4453
12 227 25.4453
440 227 27.137
441 227 27.137
544 227 25.4453
5 228 25.4453
6 228 25.4453
12 228 25.4453
19 228 50.7614
20 228 50.7614
149 228 22.6244
440 228 27.137
441 228 27.137
608 228 29.0698
5 229 25.4453
6 229 25.4453
12 229 25.4453
167 229 36.9686
582 229 29.0698
583 229 29.0698
608 229 29.0698
5 230 25.4453
6 230 25.4453
12 230 25.4453
72 230 45.1467
109 230 40.6504
608 230 29.0698
5 231 25.4453
6 231 25.4453
12 231 25.4453
21 231 50.7614
34 231 50.7614
608 231 29.0698
5 232 25.4453
6 232 25.4453
12 232 25.4453
104 232 45.1467
443 232 25.4453
551 232 22.6244
552 232 22.6244
608 232 29.0698
5 233 25.4453
6 233 25.4453
12 233 25.4453
22 233 50.7614
444 233 25.4453
551 233 22.6244
608 233 29.0698
5 234 25.4453
6 234 25.4453
12 234 25.4453
551 234 22.6244
585 234 20.3666
586 234 20.3666
608 234 29.0698
6 235 25.4453
12 235 25.4453
149 235 22.6244
608 235 29.0698
78 236 45.1467
149 236 22.6244
550 236 22.6244
551 236 22.6244
576 236 21.4362
589 236 21.4362
590 236 20.3666
591 236 20.3666
608 236 29.0698
78 237 45.1467
94 237 45.1467
95 237 45.1467
149 237 22.6244
445 237 25.4453
550 237 22.6244
576 237 21.4362
591 237 20.3666
592 237 20.3666
593 237 20.3666
608 237 29.0698
94 238 45.1467
144 238 22.6244
145 238 22.6244
527 238 22.6244
549 238 22.6244
550 238 22.6244
608 238 29.0698
81 239 45.1467
144 239 22.6244
145 239 22.6244
455 239 25.4453
550 239 22.6244
608 239 29.0698
94 240 40.6504
144 240 21.4362
145 240 21.4362
455 240 25.4453
523 240 22.6244
524 240 22.6244
525 240 22.6244
597 240 21.4362
598 240 21.4362
608 240 29.0698
144 241 21.4362
145 241 21.4362
176 241 36.9686
524 241 22.6244
525 241 22.6244
526 241 22.6244
597 241 21.4362
144 242 21.4362
145 242 21.4362
176 242 36.9686
144 243 21.4362
145 243 21.4362
176 243 33.8983
200 243 36.9686
603 243 21.4362
604 243 21.4362
144 244 21.4362
145 244 21.4362
176 244 33.8983
596 244 21.4362
144 245 21.4362
145 245 21.4362
176 245 33.8983
596 245 21.4362
597 245 21.4362
6 247 25.4453
481 247 31.2989
606 247 21.4362
607 247 21.4362
6 248 25.4453
504 248 23.9521
606 248 21.4362
609 248 21.4362
610 248 22.6244
6 249 25.4453
503 249 23.9521
515 249 21.4362
502 250 23.9521
516 250 21.4362
568 250 22.6244
581 250 21.4362
582 250 21.4362
586 250 21.4362
457 251 25.4453
516 251 22.6244
567 251 22.6244
582 251 20.3666
583 251 20.3666
586 251 20.3666
587 251 21.4362
611 251 22.6244
612 251 22.6244
501 252 23.9521
566 252 22.6244
567 252 22.6244
583 252 20.3666
584 252 21.4362
611 252 22.6244
612 252 22.6244
517 253 22.6244
566 253 22.6244
584 253 20.3666
501 254 23.9521
507 254 22.6244
565 254 21.4362
566 254 21.4362
574 254 21.4362
584 254 20.3666
585 254 20.3666
500 255 23.9521
513 255 22.6244
514 255 22.6244
515 255 22.6244
565 255 21.4362
585 255 20.3666
503 256 22.6244
504 256 22.6244
514 256 22.6244
515 256 22.6244
518 256 22.6244
565 256 21.4362
504 257 22.6244
565 257 21.4362
569 257 21.4362
580 257 21.4362
581 257 21.4362
582 257 21.4362
504 258 22.6244
565 258 21.4362
569 258 21.4362
581 258 21.4362
582 258 21.4362
608 258 22.6244
508 259 31.2989
512 259 23.9521
513 259 23.9521
514 259 23.9521
569 259 21.4362
577 259 25.4453
512 260 23.9521
513 260 23.9521
569 260 21.4362
570 260 21.4362
570 261 21.4362
574 261 21.4362
579 262 22.6244
580 262 22.6244
592 262 23.9521
593 262 23.9521
572 263 21.4362
577 263 22.6244
578 263 22.6244
579 263 22.6244
161 265 21.4362
162 265 21.4362
196 271 18.5185
510 281 15.0943
607 292 11.6482
608 292 11.6482
607 293 11.6482
51 295 12.3533
52 295 12.3533
91 299 11.6482
619 302 10.7296
620 302 10.7296
621 302 10.7296
622 302 10.4548
623 302 10.4548
624 302 10.1937
156 304 11.0193
134 309 10.7296
136 309 10.1937
137 310 10.1937
185 313 9.48317
620 313 9.06207
175 314 9.48317
175 315 9.48317
626 317 8.49618
173 318 9.06207
626 318 8.49618
629 318 8.49618
630 318 8.49618
172 319 9.06207
630 319 8.49618
631 319 8.49618
30 320 8.86525
29 321 8.86525
30 321 8.86525
171 321 8.67679
170 322 8.67679
169 323 8.49618
169 324 8.49618
170 324 8.49618
171 324 8.49618
172 324 8.67679
173 324 8.67679
174 324 8.67679
630 324 8.49618
631 324 8.49618
632 324 8.32293
633 324 8.32293
634 324 8.32293
635 324 8.15661
169 325 8.32293
170 325 8.49618
171 325 8.49618
173 325 8.67679
174 325 8.67679
175 325 8.32293
161 337 7.84314
164 337 7.84314
166 337 7.84314
167 337 7.84314
157 339 7.28332
157 340 7.28332
156 341 7.28332
157 341 7.28332
155 342 7.15564
156 342 7.15564
154 343 7.15564
153 344 7.03235
154 344 7.15564
153 345 7.03235
152 346 7.03235
153 346 7.03235
152 347 7.03235
149 350 6.68673
148 351 6.68673
149 351 6.68673
147 352 6.68673
148 352 6.68673
147 353 6.57895
146 356 6.47459
147 356 6.47459
148 356 6.47459
149 356 6.47459
150 356 6.47459
137 378 5.66572
138 378 5.66572
139 378 5.58815
140 378 5.58815
141 378 5.51268
125 379 5.74548
126 379 5.51268
127 379 5.51268
128 379 5.51268
129 379 5.51268
130 379 5.51268
131 379 5.51268
132 379 5.51268
133 379 5.51268
134 379 5.51268
135 379 5.51268
124 381 5.74548
121 384 5.29801
120 385 5.29801
118 387 5.16396
124 387 5.09944
117 388 5.16396
118 388 5.16396
124 388 5.09944
125 388 5.09944
117 389 5.16396
118 389 5.16396
113 393 4.97512
112 394 4.97512
113 394 4.97512
114 394 4.97512
116 394 4.97512
117 394 4.97512
110 398 5.09944
113 398 4.85673
107 400 4.79962
105 402 4.74383
103 404 4.74383
347 410 4.43459
98 411 4.63607
99 411 4.63607
96 412 4.4833
97 412 4.53309
98 412 4.53309
99 412 4.63607
100 412 4.63607
101 412 4.63607
102 412 4.584
103 412 4.53309
104 412 4.53309
108 412 4.584
109 412 4.584
110 412 4.584
96 413 4.4833
97 413 4.53309
98 413 4.53309
102 413 4.584
103 413 4.53309
104 413 4.53309
105 413 4.4833
106 413 4.53309
107 413 4.4833
111 413 4.584
112 413 4.43459
96 414 4.4833
97 414 4.4833
390 429 4.07997
391 429 4.07997
392 429 4.07997
393 429 4.07997
311 433 4.03959
