574 3 21.4362
497 4 31.2989
575 5 21.4362
138 7 21.4362
139 7 21.4362
155 7 21.4362
156 7 21.4362
157 7 21.4362
158 7 22.6244
159 7 22.6244
173 7 21.4362
529 7 23.9521
576 7 21.4362
138 8 21.4362
169 8 21.4362
170 8 21.4362
171 8 21.4362
172 8 21.4362
576 8 21.4362
168 9 22.6244
169 9 21.4362
170 9 21.4362
167 10 22.6244
577 10 21.4362
577 11 21.4362
138 13 21.4362
578 13 21.4362
138 14 21.4362
138 15 21.4362
530 15 23.9521
578 16 22.6244
579 16 22.6244
138 17 21.4362
138 18 21.4362
579 18 22.6244
580 18 22.6244
138 19 21.4362
138 20 21.4362
138 21 21.4362
580 21 22.6244
429 23 33.8983
532 23 23.9521
138 24 22.6244
581 24 22.6244
563 26 23.9521
564 26 23.9521
582 27 22.6244
583 27 22.6244
582 28 22.6244
583 30 22.6244
536 31 22.6244
583 31 22.6244
536 32 22.6244
537 32 22.6244
583 32 22.6244
498 35 31.2989
583 36 22.6244
584 36 22.6244
584 37 22.6244
584 38 22.6244
312 39 40.6504
313 39 40.6504
546 39 23.9521
584 39 22.6244
311 40 40.6504
462 43 33.8983
557 44 23.9521
311 46 45.1467
527 46 25.4453
529 48 23.9521
530 48 25.4453
549 48 23.9521
561 62 23.9521
360 65 29.0698
475 66 33.8983
476 66 33.8983
561 67 23.9521
562 67 23.9521
612 70 29.0698
612 71 29.0698
612 72 29.0698
613 72 29.0698
559 74 23.9521
529 75 23.9521
612 77 29.0698
530 78 23.9521
210 80 40.6504
612 80 29.0698
613 80 29.0698
612 81 29.0698
613 81 29.0698
612 82 29.0698
613 82 29.0698
358 83 29.0698
312 86 40.6504
313 86 40.6504
613 86 27.137
311 87 40.6504
527 87 23.9521
528 87 23.9521
552 87 23.9521
527 88 23.9521
613 88 27.137
613 89 27.137
613 91 27.137
556 92 23.9521
603 92 31.2989
613 92 27.137
613 93 27.137
613 94 27.137
477 95 29.0698
479 95 29.0698
480 95 33.8983
613 95 27.137
473 96 36.9686
474 96 36.9686
499 96 31.2989
558 97 23.9521
599 98 33.8983
613 100 27.137
155 102 40.6504
613 102 27.137
613 103 27.137
153 105 45.1467
4 107 23.9521
4 108 23.9521
4 109 23.9521
4 110 23.9521
4 111 23.9521
4 112 23.9521
45 112 57.971
4 113 23.9521
44 113 57.971
3 114 23.9521
4 114 23.9521
3 115 23.9521
4 115 23.9521
3 116 23.9521
3 117 23.9521
44 117 57.971
3 118 23.9521
43 118 57.971
3 119 23.9521
43 119 57.971
3 120 23.9521
521 120 27.137
44 122 50.7614
45 122 50.7614
44 123 57.971
43 125 57.971
477 125 27.137
478 125 27.137
480 125 36.9686
471 126 36.9686
472 126 36.9686
473 126 36.9686
4 130 25.4453
138 130 21.4362
4 131 25.4453
4 132 25.4453
45 133 57.971
138 133 21.4362
45 134 57.971
138 137 22.6244
138 138 22.6244
614 138 27.137
614 139 27.137
614 140 27.137
46 142 57.971
138 142 21.4362
605 143 31.2989
4 145 25.4453
4 147 25.4453
132 147 21.4362
614 147 27.137
4 148 25.4453
132 148 21.4362
208 148 40.6504
531 148 25.4453
532 148 23.9521
4 149 25.4453
135 149 21.4362
136 149 21.4362
521 149 25.4453
526 149 31.2989
529 149 25.4453
530 149 25.4453
531 149 25.4453
532 149 23.9521
4 150 25.4453
135 150 21.4362
520 150 25.4453
521 150 25.4453
529 150 25.4453
530 150 25.4453
4 151 25.4453
135 151 21.4362
4 152 25.4453
85 152 45.1467
135 152 21.4362
4 153 25.4453
135 153 21.4362
4 154 25.4453
133 154 21.4362
471 154 25.4453
472 154 25.4453
473 154 25.4453
477 154 45.1467
4 155 25.4453
133 155 21.4362
614 155 29.0698
4 156 25.4453
133 156 21.4362
614 156 29.0698
4 157 25.4453
539 157 23.9521
540 157 23.9521
541 157 23.9521
4 158 23.9521
128 158 21.4362
135 158 21.4362
614 158 29.0698
4 159 23.9521
135 159 21.4362
614 159 29.0698
4 160 23.9521
128 160 21.4362
135 160 21.4362
614 160 29.0698
4 161 23.9521
128 161 21.4362
135 161 21.4362
465 161 33.8983
540 161 23.9521
541 161 23.9521
4 162 23.9521
128 162 21.4362
135 162 21.4362
142 162 21.4362
540 162 23.9521
541 162 23.9521
548 162 23.9521
614 162 29.0698
4 163 23.9521
135 163 21.4362
143 163 21.4362
548 163 23.9521
4 164 23.9521
135 164 21.4362
614 164 29.0698
128 165 22.6244
135 165 21.4362
614 165 29.0698
615 165 29.0698
5 166 23.9521
128 166 22.6244
135 166 21.4362
143 166 21.4362
539 166 23.9521
4 167 23.9521
5 167 23.9521
135 167 21.4362
143 167 21.4362
615 167 27.137
4 168 23.9521
128 168 22.6244
135 168 21.4362
143 168 21.4362
614 168 27.137
615 168 27.137
4 169 23.9521
501 169 31.2989
614 169 27.137
615 169 27.137
4 170 23.9521
615 170 27.137
4 171 23.9521
614 171 27.137
615 171 27.137
4 172 23.9521
4 173 23.9521
139 173 21.4362
4 174 23.9521
139 174 21.4362
4 175 23.9521
139 175 21.4362
615 175 27.137
4 176 23.9521
4 177 23.9521
139 177 21.4362
4 178 23.9521
4 179 23.9521
139 179 22.6244
4 180 23.9521
549 180 23.9521
4 181 23.9521
5 181 23.9521
549 181 23.9521
550 181 23.9521
615 181 27.137
4 182 23.9521
5 182 23.9521
139 182 22.6244
419 182 57.971
420 182 57.971
421 182 57.971
426 182 29.0698
549 182 23.9521
4 183 25.4453
5 183 25.4453
419 183 57.971
420 183 57.971
421 183 57.971
550 183 23.9521
4 184 25.4453
5 184 25.4453
4 185 25.4453
5 185 25.4453
597 185 23.9521
599 185 23.9521
4 186 25.4453
5 186 25.4453
542 186 25.4453
543 186 25.4453
4 187 25.4453
5 187 25.4453
4 188 25.4453
5 188 25.4453
587 188 23.9521
588 188 23.9521
4 189 25.4453
5 189 25.4453
587 189 23.9521
4 190 25.4453
5 190 25.4453
465 190 33.8983
581 190 29.0698
4 191 25.4453
5 191 25.4453
4 192 25.4453
5 192 25.4453
5 193 25.4453
587 193 23.9521
588 193 23.9521
5 194 25.4453
5 195 25.4453
5 196 25.4453
587 196 23.9521
588 196 23.9521
5 197 25.4453
587 197 23.9521
588 197 23.9521
5 198 25.4453
587 198 23.9521
588 198 23.9521
5 199 25.4453
587 199 23.9521
588 199 23.9521
5 200 25.4453
5 201 25.4453
502 201 31.2989
5 202 25.4453
542 202 23.9521
5 203 25.4453
587 203 23.9521
588 203 23.9521
5 204 25.4453
543 204 23.9521
587 204 23.9521
588 204 23.9521
5 205 25.4453
143 205 21.4362
587 205 23.9521
5 206 25.4453
143 206 21.4362
5 207 25.4453
5 208 25.4453
5 209 25.4453
5 210 25.4453
5 211 25.4453
5 212 25.4453
615 212 29.0698
616 212 29.0698
615 213 29.0698
616 213 29.0698
5 214 25.4453
542 214 25.4453
543 214 25.4453
551 214 23.9521
591 214 25.4453
615 214 27.137
616 214 27.137
5 215 25.4453
542 215 25.4453
543 215 25.4453
551 215 23.9521
591 215 25.4453
592 215 25.4453
615 215 27.137
616 215 27.137
5 216 25.4453
616 216 27.137
5 217 25.4453
616 217 27.137
5 218 25.4453
616 218 27.137
5 219 25.4453
430 219 33.8983
502 219 31.2989
591 219 25.4453
592 219 25.4453
616 219 27.137
463 220 45.1467
466 220 33.8983
500 220 31.2989
616 220 27.137
500 221 31.2989
616 221 27.137
500 222 31.2989
551 222 23.9521
616 222 27.137
500 223 31.2989
551 223 23.9521
500 224 31.2989
445 226 25.4453
5 227 25.4453
17 227 50.7614
444 227 25.4453
445 227 25.4453
616 227 27.137
5 228 25.4453
17 228 50.7614
445 228 25.4453
591 228 23.9521
592 228 23.9521
593 228 23.9521
616 228 27.137
5 229 25.4453
616 229 27.137
5 230 25.4453
446 230 25.4453
5 231 25.4453
32 231 50.7614
560 231 21.4362
5 232 25.4453
19 232 50.7614
140 232 21.4362
448 232 25.4453
560 232 21.4362
5 233 25.4453
19 233 50.7614
140 233 21.4362
448 233 25.4453
5 234 25.4453
140 234 21.4362
5 235 25.4453
140 235 21.4362
559 235 22.6244
586 235 20.3666
616 235 29.0698
75 236 45.1467
140 236 21.4362
145 236 21.4362
558 236 21.4362
585 236 20.3666
586 236 20.3666
600 236 20.3666
616 236 29.0698
75 237 45.1467
92 237 40.6504
140 237 21.4362
145 237 21.4362
558 237 21.4362
602 237 20.3666
603 237 19.3986
604 237 19.3986
75 238 45.1467
140 238 21.4362
145 238 21.4362
534 238 21.4362
558 238 22.6244
559 238 22.6244
140 239 21.4362
460 239 23.9521
140 240 21.4362
531 240 21.4362
532 240 22.6244
533 240 22.6244
607 240 21.4362
608 240 21.4362
140 241 21.4362
532 241 21.4362
533 241 21.4362
607 241 20.3666
613 241 20.3666
140 242 21.4362
607 242 20.3666
140 243 21.4362
174 243 36.9686
607 243 20.3666
614 243 20.3666
615 243 20.3666
140 244 21.4362
174 244 36.9686
607 244 20.3666
140 245 21.4362
607 245 20.3666
486 246 29.0698
486 247 29.0698
617 247 20.3666
618 247 20.3666
511 248 22.6244
520 248 22.6244
616 248 20.3666
617 248 20.3666
620 248 20.3666
621 248 21.4362
522 249 22.6244
578 249 22.6244
508 250 22.6244
509 250 22.6244
522 250 21.4362
523 250 21.4362
577 250 21.4362
591 250 20.3666
592 250 20.3666
596 250 19.3986
597 250 19.3986
508 251 22.6244
592 251 20.3666
593 251 20.3666
597 251 19.3986
623 251 20.3666
507 252 22.6244
508 252 22.6244
524 252 21.4362
576 252 21.4362
593 252 20.3666
622 252 20.3666
623 252 20.3666
574 253 21.4362
575 253 21.4362
576 253 21.4362
436 254 23.9521
507 254 22.6244
513 254 22.6244
514 254 22.6244
524 254 21.4362
525 254 21.4362
583 254 20.3666
584 254 20.3666
594 254 20.3666
595 254 20.3666
436 255 23.9521
507 255 22.6244
521 255 22.6244
525 255 21.4362
574 255 21.4362
575 255 21.4362
582 255 20.3666
510 256 22.6244
521 256 22.6244
522 256 22.6244
574 256 21.4362
575 256 21.4362
587 256 20.3666
595 256 20.3666
434 257 25.4453
510 257 22.6244
574 257 21.4362
578 257 21.4362
579 257 21.4362
590 257 20.3666
591 257 20.3666
578 258 21.4362
590 258 20.3666
591 258 20.3666
592 258 20.3666
619 258 21.4362
514 259 31.2989
519 260 22.6244
520 260 22.6244
578 260 20.3666
579 260 20.3666
519 261 22.6244
579 261 20.3666
580 262 20.3666
588 262 21.4362
589 262 21.4362
590 262 21.4362
602 262 22.6244
603 262 22.6244
587 263 21.4362
588 263 21.4362
589 263 21.4362
602 263 22.6244
157 266 20.3666
192 272 17.7148
520 283 14.0548
521 283 14.0548
522 283 14.0548
190 288 13.1492
568 292 12.3533
569 292 12.3533
187 293 12.3533
624 296 11.325
625 296 11.325
626 296 11.325
627 296 11.0193
20 298 11.6482
29 299 11.325
36 299 11.6482
37 299 11.6482
38 300 11.6482
50 301 11.0193
63 302 11.325
71 303 11.0193
84 304 11.0193
92 305 10.7296
93 305 10.7296
105 306 10.4548
128 308 10.1937
129 308 10.1937
142 309 10.1937
123 315 9.26784
123 316 9.26784
124 316 9.26784
75 319 9.06207
50 321 9.06207
164 321 8.86525
42 322 8.86525
164 322 8.86525
165 322 8.86525
161 326 8.32293
160 327 8.32293
161 327 8.32293
6 328 8.32293
6 329 8.32293
158 330 7.9968
156 332 7.9968
156 333 7.9968
157 333 7.9968
158 333 8.15661
159 333 8.15661
160 333 8.15661
161 333 7.9968
162 333 7.9968
161 334 7.9968
162 334 7.9968
163 334 7.55287
143 349 6.7981
145 349 7.28332
141 351 6.7981
140 353 6.57895
139 354 6.57895
136 357 6.47459
135 359 6.27549
134 360 6.27549
129 366 5.91191
128 367 5.91191
129 367 5.91191
127 368 5.91191
128 368 5.91191
127 371 5.74548
128 371 5.74548
129 371 5.74548
135 371 5.82751
126 372 5.74548
127 372 5.74548
128 372 5.74548
129 372 5.74548
130 372 5.74548
131 372 5.74548
132 372 5.74548
273 383 5.16396
114 400 4.79962
100 401 4.74383
101 401 4.74383
105 401 4.74383
108 401 4.85673
109 401 4.85673
110 401 4.85673
111 401 4.85673
114 401 4.79962
115 401 4.74383
116 401 4.74383
117 401 4.74383
100 402 4.74383
101 402 4.74383
102 402 4.74383
103 402 4.74383
107 402 4.85673
108 402 4.85673
96 404 4.79962
447 409 4.584
94 412 4.53309
87 413 4.53309
88 413 4.53309
96 413 4.53309
87 414 4.53309
82 420 4.34028
80 421 4.34028
81 421 4.34028
82 421 4.34028
83 421 4.34028
83 422 4.34028
85 422 4.24989
86 422 4.24989
87 422 4.24989
88 422 4.24989
89 422 4.24989
76 428 4.07997
82 429 4.07997
60 443 4.07997
60 444 4.03959
75 444 4.12116
76 444 4.12116
58 445 4.03959
59 445 4.03959
60 445 4.03959
61 445 4.03959
66 445 4.03959
71 445 4.03959
72 445 4.03959
58 446 4.03959
60 446 4.03959
61 446 4.03959
64 446 4.03959
65 446 4.03959
66 446 4.03959
67 446 4.03959
69 446 4.03959
71 446 4.03959
72 446 4.03959
