128 3 20.3666
471 3 31.2989
547 3 22.6244
580 3 22.6244
600 3 21.4362
601 3 20.3666
128 4 20.3666
552 4 21.4362
580 4 22.6244
600 4 21.4362
601 4 21.4362
128 5 20.3666
128 6 20.3666
601 6 21.4362
602 6 21.4362
128 7 20.3666
601 7 21.4362
602 7 21.4362
128 8 20.3666
548 8 22.6244
549 8 22.6244
582 8 22.6244
583 8 22.6244
128 9 20.3666
551 9 22.6244
552 9 22.6244
602 9 21.4362
548 10 22.6244
551 10 22.6244
552 10 22.6244
602 10 21.4362
603 10 21.4362
582 11 22.6244
602 11 21.4362
603 11 21.4362
436 12 33.8983
437 12 33.8983
551 12 23.9521
582 12 22.6244
603 13 21.4362
603 14 21.4362
603 15 21.4362
603 16 21.4362
554 17 22.6244
551 18 22.6244
552 18 22.6244
553 18 22.6244
554 18 22.6244
129 20 20.3666
555 20 22.6244
604 20 21.4362
129 21 20.3666
604 21 21.4362
129 22 20.3666
604 22 21.4362
129 23 20.3666
598 23 27.137
129 24 20.3666
509 24 31.2989
129 25 20.3666
369 25 29.0698
564 25 21.4362
600 25 27.137
601 25 25.4453
129 26 20.3666
601 26 25.4453
129 27 20.3666
129 28 20.3666
605 28 21.4362
129 29 20.3666
415 29 33.8983
579 29 22.6244
580 29 22.6244
601 29 25.4453
605 29 21.4362
129 30 20.3666
315 30 40.6504
575 30 22.6244
576 30 22.6244
605 30 21.4362
129 31 20.3666
314 31 40.6504
315 31 40.6504
605 31 21.4362
129 32 20.3666
605 32 21.4362
472 33 31.2989
566 33 22.6244
569 33 22.6244
570 33 22.6244
129 34 20.3666
472 34 31.2989
543 34 22.6244
581 34 22.6244
600 34 29.0698
601 34 29.0698
129 35 20.3666
546 35 22.6244
623 35 31.2989
546 36 22.6244
567 36 22.6244
313 37 40.6504
314 37 40.6504
548 37 22.6244
551 37 20.3666
552 37 20.3666
314 38 40.6504
548 38 22.6244
578 38 22.6244
578 39 22.6244
579 39 22.6244
619 39 31.2989
437 41 33.8983
437 42 33.8983
206 43 36.9686
549 43 22.6244
549 44 22.6244
367 46 29.0698
557 47 21.4362
415 48 33.8983
601 48 27.137
580 49 21.4362
601 49 27.137
601 50 27.137
578 53 22.6244
601 53 27.137
200 54 36.9686
205 54 36.9686
510 55 29.0698
580 55 22.6244
510 56 29.0698
580 56 22.6244
549 57 22.6244
550 57 22.6244
631 57 27.137
631 58 27.137
631 59 27.137
631 60 27.137
632 60 27.137
631 61 27.137
632 61 27.137
577 62 22.6244
631 62 27.137
632 62 27.137
473 63 29.0698
577 63 22.6244
625 63 29.0698
203 64 36.9686
625 64 29.0698
626 64 29.0698
628 64 27.137
544 65 23.9521
546 67 23.9521
631 67 27.137
632 67 27.137
438 70 31.2989
632 70 25.4453
438 71 31.2989
631 71 25.4453
632 71 25.4453
601 72 27.137
602 72 27.137
631 72 25.4453
632 72 25.4453
601 73 27.137
602 73 27.137
631 73 27.137
632 73 27.137
362 74 29.0698
601 74 27.137
570 75 21.4362
571 76 21.4362
631 76 27.137
632 76 27.137
631 77 27.137
632 77 27.137
544 78 22.6244
631 78 27.137
632 78 27.137
315 79 33.8983
316 79 33.8983
569 79 22.6244
620 79 31.2989
631 79 27.137
632 79 27.137
314 80 33.8983
631 80 25.4453
632 80 25.4453
631 81 25.4453
632 81 25.4453
206 82 36.9686
632 82 25.4453
541 83 22.6244
631 83 25.4453
632 83 25.4453
632 84 27.137
621 85 29.0698
632 85 27.137
314 86 40.6504
315 86 40.6504
632 86 27.137
315 87 40.6504
491 87 31.2989
492 87 31.2989
576 87 22.6244
577 87 22.6244
632 87 27.137
484 88 29.0698
485 88 29.0698
486 88 29.0698
510 88 29.0698
511 88 29.0698
511 89 29.0698
622 89 27.137
602 90 27.137
614 90 33.8983
615 90 33.8983
632 91 27.137
606 92 21.4362
632 93 27.137
473 94 33.8983
632 94 27.137
602 95 25.4453
632 95 27.137
473 96 33.8983
602 96 25.4453
621 96 29.0698
632 96 27.137
632 97 27.137
632 98 27.137
632 99 27.137
438 100 33.8983
615 101 31.2989
615 102 31.2989
354 104 29.0698
545 106 22.6244
546 106 22.6244
151 107 40.6504
561 107 21.4362
41 108 50.7614
577 108 21.4362
614 108 31.2989
632 110 27.137
632 111 27.137
41 112 50.7614
536 112 25.4453
538 112 23.9521
539 112 23.9521
540 112 23.9521
40 113 50.7614
534 113 27.137
535 113 27.137
538 113 23.9521
39 114 50.7614
632 116 27.137
633 116 27.137
41 117 50.7614
41 118 50.7614
41 119 50.7614
484 119 40.6504
486 119 31.2989
487 119 31.2989
488 119 31.2989
555 119 22.6244
602 119 27.137
603 119 27.137
40 120 50.7614
579 120 21.4362
513 122 31.2989
514 122 31.2989
566 122 22.6244
41 126 50.7614
42 126 50.7614
476 126 31.2989
550 126 22.6244
476 127 31.2989
355 128 27.137
356 128 27.137
577 129 22.6244
626 131 29.0698
633 131 25.4453
476 132 33.8983
633 132 25.4453
633 133 25.4453
633 134 27.137
315 135 40.6504
624 135 29.0698
633 135 27.137
316 136 40.6504
118 137 20.3666
603 137 27.137
621 137 31.2989
622 137 29.0698
122 139 19.3986
607 139 21.4362
122 140 19.3986
121 141 19.3986
633 141 27.137
125 142 19.3986
603 142 27.137
633 142 27.137
124 143 20.3666
125 143 20.3666
207 143 36.9686
417 143 33.8983
545 143 22.6244
546 143 22.6244
547 143 22.6244
576 143 22.6244
124 144 20.3666
125 144 20.3666
535 144 22.6244
536 144 22.6244
537 144 22.6244
545 144 22.6244
546 144 22.6244
547 144 22.6244
603 144 27.137
124 145 20.3666
633 145 27.137
633 146 27.137
633 147 27.137
122 148 20.3666
597 148 27.137
633 148 27.137
476 149 33.8983
477 149 33.8983
482 149 23.9521
633 149 27.137
597 150 27.137
633 150 27.137
512 151 29.0698
555 151 22.6244
556 151 22.6244
557 151 22.6244
597 151 27.137
633 151 27.137
125 152 19.3986
512 152 29.0698
572 152 22.6244
597 152 27.137
633 152 27.137
125 153 19.3986
597 153 27.137
633 153 27.137
125 154 19.3986
512 154 31.2989
604 154 25.4453
633 154 27.137
634 154 27.137
125 155 19.3986
512 155 31.2989
556 155 23.9521
557 155 23.9521
597 155 27.137
633 155 27.137
125 156 19.3986
133 156 19.3986
556 156 23.9521
557 156 23.9521
597 156 27.137
633 156 27.137
125 157 19.3986
133 157 19.3986
556 157 23.9521
565 157 22.6244
597 157 27.137
633 157 27.137
634 157 27.137
125 158 19.3986
133 158 19.3986
565 158 22.6244
597 158 27.137
633 158 27.137
634 158 27.137
118 159 19.3986
125 159 19.3986
133 159 19.3986
439 159 33.8983
597 159 27.137
633 159 27.137
634 159 27.137
125 160 19.3986
133 160 19.3986
555 160 23.9521
556 160 23.9521
597 160 27.137
625 160 29.0698
633 160 27.137
634 160 27.137
125 161 19.3986
133 161 19.3986
555 161 23.9521
625 161 29.0698
633 161 27.137
118 162 19.3986
125 162 19.3986
133 162 20.3666
597 162 27.137
625 162 29.0698
633 162 27.137
634 162 27.137
133 163 19.3986
139 163 20.3666
370 163 29.0698
597 163 27.137
625 163 29.0698
633 163 27.137
634 163 27.137
369 164 29.0698
370 164 29.0698
472 164 31.2989
478 164 31.2989
556 164 23.9521
597 164 27.137
625 164 29.0698
633 164 27.137
597 165 27.137
625 165 29.0698
633 165 27.137
634 165 27.137
597 166 27.137
611 166 21.4362
625 166 29.0698
633 166 27.137
634 166 27.137
370 167 31.2989
597 167 27.137
625 167 29.0698
633 167 27.137
634 167 27.137
478 168 31.2989
597 168 27.137
611 168 21.4362
625 168 29.0698
633 168 27.137
478 169 31.2989
554 169 29.0698
558 169 23.9521
597 169 27.137
478 170 31.2989
554 170 29.0698
597 170 27.137
611 170 21.4362
478 171 31.2989
633 171 27.137
634 171 27.137
478 172 31.2989
554 172 29.0698
558 172 23.9521
611 172 21.4362
478 173 31.2989
554 173 29.0698
597 173 27.137
478 174 31.2989
515 175 31.2989
554 175 29.0698
607 175 22.6244
608 175 22.6244
478 176 31.2989
554 176 29.0698
557 176 22.6244
558 176 22.6244
566 176 22.6244
317 177 33.8983
478 177 31.2989
566 177 22.6244
567 177 22.6244
478 178 31.2989
559 178 22.6244
560 178 22.6244
566 178 22.6244
567 178 22.6244
603 178 25.4453
604 178 25.4453
605 178 25.4453
425 179 50.7614
426 179 50.7614
427 179 50.7614
431 179 29.0698
432 179 29.0698
433 179 29.0698
567 179 22.6244
425 180 50.7614
426 180 50.7614
567 180 22.6244
618 180 22.6244
619 180 22.6244
620 180 22.6244
554 181 29.0698
559 181 22.6244
618 181 22.6244
620 181 22.6244
431 182 57.971
554 182 29.0698
559 182 22.6244
560 182 22.6244
600 182 21.4362
554 183 29.0698
513 184 29.0698
554 184 29.0698
559 184 22.6244
317 185 40.6504
513 185 29.0698
514 185 29.0698
554 185 29.0698
604 185 25.4453
605 185 25.4453
554 186 29.0698
597 186 27.137
474 187 31.2989
475 187 31.2989
475 188 31.2989
513 188 31.2989
557 188 22.6244
558 188 22.6244
475 189 31.2989
554 189 29.0698
636 189 27.137
559 190 22.6244
560 190 22.6244
636 190 27.137
475 191 31.2989
440 192 33.8983
475 192 31.2989
554 193 31.2989
636 193 27.137
558 197 23.9521
513 198 31.2989
558 198 23.9521
608 198 21.4362
513 199 31.2989
558 199 23.9521
607 199 21.4362
608 199 21.4362
612 199 21.4362
558 200 23.9521
559 200 23.9521
598 200 27.137
608 200 21.4362
612 200 21.4362
19 201 80.9717
598 201 27.137
133 202 20.3666
188 202 50.7614
559 202 23.9521
133 203 20.3666
513 203 31.2989
558 203 23.9521
598 203 27.137
598 204 27.137
513 206 31.2989
598 206 27.137
135 207 19.3986
558 208 23.9521
598 208 27.137
634 209 27.137
559 210 22.6244
634 210 27.137
635 210 27.137
559 211 22.6244
612 211 21.4362
613 211 21.4362
634 211 27.137
635 211 27.137
558 212 22.6244
559 212 22.6244
560 212 22.6244
568 212 22.6244
612 212 21.4362
613 212 21.4362
634 212 27.137
635 212 27.137
559 213 22.6244
560 213 22.6244
568 213 22.6244
569 213 22.6244
612 213 21.4362
613 213 21.4362
634 213 27.137
635 213 27.137
612 214 22.6244
613 214 22.6244
634 214 27.137
635 214 27.137
555 215 29.0698
598 215 27.137
612 215 22.6244
613 215 22.6244
634 215 27.137
635 215 27.137
437 216 33.8983
555 216 29.0698
598 216 27.137
612 216 22.6244
613 216 22.6244
634 216 27.137
635 216 27.137
437 217 33.8983
513 217 31.2989
514 217 31.2989
555 217 29.0698
598 217 27.137
612 217 22.6244
613 217 22.6244
634 217 25.4453
635 217 25.4453
473 218 31.2989
513 218 31.2989
514 218 31.2989
598 218 27.137
612 218 22.6244
613 218 22.6244
634 218 25.4453
635 218 25.4453
23 219 50.7614
441 219 31.2989
473 219 31.2989
598 219 27.137
612 219 22.6244
613 219 22.6244
635 219 25.4453
21 220 50.7614
511 220 31.2989
568 220 22.6244
598 220 27.137
612 220 22.6244
613 220 22.6244
635 220 25.4453
20 221 50.7614
452 221 23.9521
453 221 23.9521
511 221 31.2989
516 221 31.2989
517 221 31.2989
568 221 22.6244
569 221 22.6244
598 221 27.137
606 221 23.9521
612 221 22.6244
54 222 45.1467
511 222 31.2989
594 222 29.0698
511 223 31.2989
598 223 27.137
455 224 23.9521
456 224 23.9521
555 224 29.0698
598 224 27.137
13 225 50.7614
454 225 23.9521
455 225 23.9521
555 225 29.0698
598 225 27.137
12 226 50.7614
454 226 23.9521
455 226 23.9521
555 226 29.0698
605 226 25.4453
612 226 21.4362
613 226 21.4362
614 226 21.4362
635 226 27.137
455 227 23.9521
456 227 23.9521
612 227 21.4362
613 227 21.4362
614 227 21.4362
635 227 27.137
613 228 21.4362
635 228 27.137
14 229 45.1467
456 229 22.6244
457 229 22.6244
580 229 20.3666
635 229 27.137
457 230 22.6244
458 230 22.6244
579 230 20.3666
580 230 20.3666
635 230 27.137
130 231 19.3986
458 231 22.6244
459 231 22.6244
514 231 29.0698
579 231 20.3666
635 231 27.137
130 232 19.3986
459 232 22.6244
579 232 20.3666
616 232 18.5185
635 232 27.137
130 233 19.3986
619 233 17.7148
635 233 27.137
71 234 40.6504
130 234 19.3986
578 234 20.3666
579 234 20.3666
608 234 19.3986
621 234 17.7148
622 234 17.7148
635 234 27.137
88 235 40.6504
130 235 19.3986
460 235 22.6244
578 235 20.3666
608 235 19.3986
623 235 17.7148
635 235 27.137
130 236 19.3986
460 236 22.6244
511 236 31.2989
512 236 31.2989
573 236 20.3666
578 236 20.3666
607 236 19.3986
626 236 17.7148
635 236 27.137
636 236 27.137
511 237 31.2989
512 237 31.2989
552 237 20.3666
577 237 20.3666
578 237 20.3666
606 237 19.3986
607 237 19.3986
626 237 17.7148
627 237 17.7148
628 237 17.7148
130 238 19.3986
470 238 22.6244
471 238 22.6244
552 238 20.3666
572 238 20.3666
577 238 20.3666
578 238 20.3666
130 239 20.3666
471 239 22.6244
547 239 21.4362
548 239 21.4362
632 239 19.3986
130 240 20.3666
548 240 21.4362
549 240 20.3666
550 240 20.3666
632 240 19.3986
130 241 20.3666
550 241 20.3666
551 241 19.3986
631 241 19.3986
632 241 19.3986
637 241 20.3666
130 242 20.3666
508 242 31.2989
631 242 19.3986
632 242 19.3986
130 243 20.3666
631 243 19.3986
631 244 19.3986
632 244 19.3986
448 245 22.6244
497 245 29.0698
631 245 19.3986
448 246 22.6244
497 246 29.0698
527 248 21.4362
537 248 20.3666
524 249 21.4362
525 249 21.4362
537 249 20.3666
538 249 20.3666
600 249 20.3666
601 249 20.3666
637 249 19.3986
523 250 21.4362
524 250 21.4362
539 250 20.3666
598 250 20.3666
599 250 20.3666
600 250 20.3666
613 250 19.3986
614 250 19.3986
472 251 23.9521
473 251 23.9521
523 251 21.4362
524 251 21.4362
540 251 20.3666
614 251 19.3986
615 251 19.3986
618 251 18.5185
619 251 18.5185
620 251 18.5185
621 251 18.5185
522 252 21.4362
523 252 21.4362
540 252 20.3666
596 252 20.3666
597 252 20.3666
598 252 20.3666
615 252 18.5185
616 252 18.5185
620 252 18.5185
522 253 21.4362
523 253 21.4362
530 253 20.3666
531 253 21.4362
596 253 20.3666
597 253 20.3666
445 254 23.9521
446 254 23.9521
522 254 21.4362
523 254 21.4362
529 254 20.3666
533 254 20.3666
534 254 21.4362
541 254 20.3666
596 254 20.3666
610 254 19.3986
617 254 18.5185
618 254 18.5185
445 255 23.9521
463 255 25.4453
522 255 21.4362
541 255 20.3666
595 255 19.3986
596 255 19.3986
605 255 19.3986
606 255 19.3986
522 256 21.4362
536 256 21.4362
537 256 21.4362
538 256 21.4362
595 256 19.3986
596 256 19.3986
609 256 19.3986
610 256 19.3986
618 256 18.5185
443 257 23.9521
444 257 23.9521
525 257 20.3666
526 257 20.3666
541 257 20.3666
542 257 20.3666
595 257 19.3986
600 257 19.3986
604 257 19.3986
605 257 19.3986
609 257 19.3986
610 257 19.3986
526 258 20.3666
595 258 19.3986
596 258 19.3986
600 258 19.3986
613 258 19.3986
526 259 20.3666
595 259 19.3986
596 259 19.3986
600 259 19.3986
612 259 19.3986
613 259 19.3986
614 259 19.3986
615 259 18.5185
530 260 29.0698
614 260 19.3986
535 261 21.4362
536 261 21.4362
600 261 19.3986
609 261 22.6244
534 262 21.4362
535 262 21.4362
536 262 21.4362
600 262 19.3986
601 262 19.3986
602 263 19.3986
604 263 19.3986
605 263 20.3666
611 263 20.3666
609 264 20.3666
610 264 20.3666
611 264 20.3666
612 264 20.3666
624 264 21.4362
625 264 21.4362
609 265 20.3666
610 265 20.3666
611 265 20.3666
148 267 19.3986
184 275 16.2999
184 276 16.2999
545 289 12.3533
546 289 12.3533
547 289 12.3533
603 300 11.0193
604 300 11.0193
605 301 11.0193
168 303 10.7296
542 305 11.0193
545 305 10.1937
547 305 9.9453
548 305 9.9453
22 311 10.1937
23 311 10.1937
29 312 9.9453
37 313 9.9453
38 313 9.9453
39 313 9.9453
40 313 9.9453
42 313 9.9453
44 314 9.70874
45 314 9.70874
46 314 9.70874
47 314 9.9453
48 314 9.9453
49 314 9.9453
53 315 9.48317
54 315 9.48317
55 315 9.48317
56 315 9.70874
57 315 9.70874
61 316 9.48317
62 316 9.48317
65 316 9.70874
66 316 9.70874
67 316 9.70874
73 317 9.48317
74 317 9.48317
76 317 9.70874
81 318 9.26784
82 318 9.48317
83 318 9.48317
84 318 9.48317
90 319 9.06207
91 319 9.26784
92 319 9.26784
93 319 9.26784
94 319 9.26784
98 320 9.06207
99 320 9.06207
100 320 9.06207
101 320 9.26784
102 320 9.26784
103 320 9.26784
105 321 8.67679
106 321 8.67679
114 321 9.26784
115 321 9.26784
118 322 8.67679
119 322 8.86525
120 322 8.86525
121 322 8.86525
125 323 8.49618
126 323 8.49618
127 323 8.49618
133 326 9.06207
137 326 8.67679
95 329 9.26784
100 329 8.67679
91 331 7.9968
92 331 7.9968
66 332 8.32293
52 333 8.49618
31 335 8.15661
34 335 8.15661
137 338 7.41565
137 339 7.28332
136 340 7.28332
137 340 7.28332
135 341 7.28332
132 344 7.03235
131 345 7.03235
131 346 6.91324
130 347 6.91324
129 348 6.91324
128 349 6.7981
127 350 6.7981
126 351 6.7981
125 352 6.68673
122 355 6.47459
122 356 6.47459
123 356 6.47459
125 356 6.47459
126 356 6.7981
127 356 6.7981
128 356 6.68673
129 356 6.57895
130 356 6.37349
122 357 6.47459
123 357 6.47459
124 357 6.47459
125 357 6.47459
128 357 6.68673
129 357 6.57895
130 357 6.37349
131 357 6.37349
106 380 5.74548
110 380 5.66572
112 380 5.66572
113 380 5.58815
114 380 5.58815
100 381 5.51268
101 381 5.51268
102 381 5.51268
96 383 5.36769
97 383 5.36769
95 384 5.36769
96 384 5.36769
95 385 5.36769
93 387 5.29801
90 390 5.16396
91 390 5.16396
87 393 5.03651
88 393 5.03651
86 394 5.03651
84 396 5.03651
83 397 4.97512
84 397 4.97512
82 399 4.85673
82 400 4.85673
73 407 4.68933
74 407 4.68933
73 408 4.68933
74 408 4.68933
72 409 4.63607
74 409 4.68933
71 410 4.63607
72 410 4.63607
70 411 4.584
71 411 4.584
69 412 4.584
69 413 4.584
75 416 4.63607
68 417 4.53309
75 417 4.63607
76 417 4.63607
66 418 4.53309
67 418 4.53309
68 418 4.53309
69 418 4.53309
70 418 4.53309
71 418 4.53309
72 418 4.53309
78 418 4.43459
79 418 4.38693
80 418 4.38693
65 419 4.38693
66 419 4.53309
67 419 4.53309
68 419 4.53309
69 419 4.53309
72 419 4.53309
75 419 4.63607
189 429 4.12116
334 430 4.07997
335 430 4.07997
336 430 4.07997
394 435 4.03959
395 435 4.03959
253 439 4.03959
254 439 4.03959
254 440 4.03959
255 440 4.03959
