110 3 16.9779
592 3 20.3666
617 3 19.3986
110 4 16.9779
377 4 25.4453
378 4 25.4453
381 4 23.9521
408 4 25.4453
591 4 19.3986
592 4 20.3666
593 4 19.3986
618 4 19.3986
619 4 19.3986
110 5 16.9779
377 5 25.4453
381 5 23.9521
592 5 20.3666
593 5 20.3666
110 6 16.9779
330 6 36.9686
381 6 23.9521
595 6 19.3986
630 6 19.3986
110 7 16.9779
435 7 31.2989
436 7 31.2989
590 7 23.9521
591 7 23.9521
594 7 19.3986
595 7 19.3986
631 7 19.3986
632 7 19.3986
110 8 16.9779
283 8 29.0698
435 8 31.2989
595 8 19.3986
596 8 19.3986
110 9 16.9779
610 9 19.3986
611 9 19.3986
635 9 19.3986
636 9 19.3986
110 10 16.9779
499 10 29.0698
500 10 29.0698
110 11 16.9779
378 11 25.4453
499 11 29.0698
500 11 29.0698
598 11 19.3986
607 11 19.3986
611 11 19.3986
628 11 19.3986
629 11 19.3986
110 12 16.9779
378 12 25.4453
499 12 29.0698
597 12 19.3986
602 12 19.3986
607 12 19.3986
628 12 19.3986
629 12 19.3986
630 12 19.3986
634 12 19.3986
110 13 16.9779
596 13 19.3986
597 13 19.3986
629 13 19.3986
630 13 19.3986
110 14 16.9779
324 14 36.9686
595 14 19.3986
596 14 19.3986
614 14 18.5185
110 15 16.9779
596 15 19.3986
110 16 16.9779
380 16 25.4453
628 16 18.5185
110 17 16.9779
380 17 25.4453
593 17 19.3986
605 17 19.3986
606 17 19.3986
613 17 18.5185
110 18 16.9779
588 18 20.3666
589 18 20.3666
605 18 19.3986
625 18 19.3986
110 19 16.9779
324 19 36.9686
607 19 19.3986
635 19 18.5185
637 19 18.5185
107 20 16.9779
110 20 16.9779
324 20 36.9686
460 20 31.2989
461 20 31.2989
588 20 20.3666
589 20 20.3666
594 20 17.7148
633 20 18.5185
634 20 18.5185
637 20 18.5185
110 21 16.9779
324 21 36.9686
325 21 36.9686
460 21 31.2989
461 21 31.2989
637 21 18.5185
110 22 16.9779
384 22 25.4453
460 22 31.2989
461 22 31.2989
110 23 16.9779
377 23 25.4453
384 23 25.4453
460 23 31.2989
589 23 20.3666
590 23 20.3666
633 23 19.3986
634 23 19.3986
107 24 16.9779
110 24 16.9779
377 24 25.4453
387 24 25.4453
404 24 25.4453
589 24 20.3666
590 24 20.3666
631 24 19.3986
633 24 19.3986
107 25 16.9779
110 25 16.9779
285 25 31.2989
286 25 31.2989
594 25 20.3666
107 26 16.9779
110 26 16.9779
286 26 31.2989
543 26 27.137
111 27 16.9779
543 27 27.137
594 27 20.3666
633 27 19.3986
436 28 31.2989
436 29 31.2989
591 29 19.3986
598 29 18.5185
375 30 25.4453
376 30 25.4453
402 30 25.4453
586 30 19.3986
595 30 20.3666
605 30 19.3986
606 30 19.3986
587 31 19.3986
592 31 19.3986
605 31 19.3986
111 32 17.7148
111 33 17.7148
588 33 20.3666
598 33 19.3986
381 34 25.4453
542 34 27.137
543 34 27.137
598 34 19.3986
111 35 16.9779
285 35 29.0698
543 35 27.137
589 35 20.3666
590 35 20.3666
111 36 16.9779
402 36 25.4453
403 36 25.4453
543 36 27.137
589 36 19.3986
590 36 19.3986
591 36 19.3986
111 37 16.9779
379 37 23.9521
590 37 19.3986
591 37 19.3986
543 38 27.137
590 38 19.3986
591 38 19.3986
111 39 16.9779
202 39 36.9686
286 39 29.0698
543 39 27.137
627 39 19.3986
111 40 16.9779
591 40 20.3666
592 40 20.3666
111 41 16.9779
378 41 25.4453
592 41 20.3666
593 41 20.3666
591 42 20.3666
592 42 20.3666
593 42 20.3666
111 43 16.9779
543 43 29.0698
627 43 19.3986
111 44 16.9779
499 44 29.0698
500 44 29.0698
501 44 29.0698
588 44 19.3986
607 44 19.3986
187 45 36.9686
380 45 25.4453
406 45 25.4453
500 45 29.0698
111 46 16.9779
406 46 25.4453
407 46 25.4453
591 46 19.3986
595 46 19.3986
596 46 19.3986
597 46 19.3986
616 46 19.3986
617 46 19.3986
111 47 16.9779
500 47 29.0698
501 47 29.0698
588 47 19.3986
591 47 19.3986
592 47 19.3986
595 47 19.3986
596 47 19.3986
616 47 19.3986
543 48 29.0698
588 48 19.3986
609 48 19.3986
436 49 31.2989
622 49 18.5185
386 50 27.137
436 50 31.2989
625 50 18.5185
404 51 23.9521
589 51 19.3986
590 51 19.3986
626 51 18.5185
627 51 18.5185
290 52 29.0698
461 52 29.0698
462 52 29.0698
593 52 19.3986
594 52 19.3986
595 52 19.3986
608 52 20.3666
461 53 29.0698
589 53 19.3986
590 53 19.3986
593 53 19.3986
594 53 19.3986
607 53 20.3666
608 53 20.3666
614 53 18.5185
378 54 25.4453
589 54 20.3666
606 54 20.3666
614 54 18.5185
378 55 25.4453
379 55 25.4453
380 55 25.4453
379 56 25.4453
380 56 25.4453
461 56 31.2989
594 56 19.3986
624 56 19.3986
461 57 31.2989
596 57 19.3986
610 57 18.5185
628 57 18.5185
461 58 31.2989
584 58 22.6244
585 58 22.6244
596 58 19.3986
461 59 31.2989
583 59 22.6244
584 59 21.4362
631 59 19.3986
632 59 19.3986
383 60 19.3986
461 60 31.2989
596 60 19.3986
280 61 29.0698
378 61 25.4453
379 61 25.4453
388 61 25.4453
586 61 20.3666
587 61 19.3986
601 61 18.5185
625 61 19.3986
626 61 19.3986
280 62 29.0698
281 62 29.0698
375 62 33.8983
378 62 25.4453
379 62 25.4453
388 62 25.4453
503 62 33.8983
504 62 33.8983
586 62 20.3666
587 62 20.3666
588 62 20.3666
597 62 18.5185
601 62 18.5185
605 62 18.5185
606 62 18.5185
625 62 19.3986
629 62 18.5185
630 62 18.5185
461 63 31.2989
586 63 20.3666
587 63 20.3666
597 63 18.5185
630 63 18.5185
382 64 25.4453
586 64 20.3666
382 65 25.4453
461 65 31.2989
592 65 19.3986
324 66 40.6504
325 66 40.6504
382 66 25.4453
394 66 25.4453
626 66 20.3666
627 66 19.3986
324 67 40.6504
461 67 31.2989
629 67 19.3986
384 68 25.4453
461 68 31.2989
629 68 19.3986
383 69 25.4453
384 69 25.4453
461 69 31.2989
544 69 27.137
625 69 19.3986
436 70 31.2989
437 70 31.2989
544 70 27.137
625 70 19.3986
324 71 36.9686
544 71 27.137
584 71 20.3666
585 71 20.3666
184 72 33.8983
185 72 33.8983
324 72 36.9686
325 72 36.9686
543 72 27.137
544 72 27.137
584 72 20.3666
585 72 20.3666
186 73 33.8983
285 73 31.2989
325 73 36.9686
326 73 36.9686
462 73 29.0698
504 73 29.0698
584 73 20.3666
280 74 31.2989
281 74 31.2989
326 74 36.9686
544 74 27.137
585 74 20.3666
281 75 31.2989
544 75 27.137
585 75 20.3666
630 75 19.3986
462 76 29.0698
544 76 27.137
608 76 18.5185
630 76 19.3986
544 77 27.137
630 77 19.3986
631 77 19.3986
501 78 29.0698
544 78 27.137
631 78 19.3986
632 78 19.3986
501 79 29.0698
502 79 29.0698
544 79 27.137
501 80 29.0698
583 80 20.3666
610 80 18.5185
501 81 29.0698
588 81 20.3666
589 81 20.3666
610 81 18.5185
620 81 19.3986
621 81 19.3986
588 82 20.3666
589 82 20.3666
620 82 19.3986
583 84 20.3666
584 84 20.3666
585 84 20.3666
634 84 20.3666
461 85 29.0698
462 85 29.0698
584 85 20.3666
585 85 20.3666
611 85 18.5185
612 85 18.5185
461 86 29.0698
462 86 29.0698
584 86 20.3666
585 86 20.3666
586 86 20.3666
591 86 19.3986
592 86 19.3986
593 86 19.3986
611 86 19.3986
612 86 19.3986
462 87 29.0698
585 87 20.3666
590 87 19.3986
591 87 19.3986
592 87 19.3986
612 87 19.3986
634 87 19.3986
369 88 27.137
612 88 19.3986
623 88 18.5185
629 88 19.3986
634 88 19.3986
634 89 19.3986
437 90 31.2989
504 90 29.0698
615 90 19.3986
616 90 19.3986
437 91 31.2989
615 91 19.3986
616 91 19.3986
371 92 25.4453
437 92 31.2989
462 92 31.2989
580 92 20.3666
437 93 31.2989
437 94 31.2989
462 94 31.2989
584 94 20.3666
583 95 20.3666
586 95 19.3986
633 95 20.3666
462 96 31.2989
582 96 20.3666
583 96 20.3666
588 96 20.3666
589 96 20.3666
590 96 20.3666
371 97 25.4453
505 97 29.0698
582 97 21.4362
462 98 31.2989
505 98 29.0698
547 98 29.0698
462 99 31.2989
505 99 29.0698
582 99 20.3666
505 100 29.0698
583 100 20.3666
630 100 19.3986
270 101 31.2989
583 101 20.3666
584 101 20.3666
596 101 19.3986
617 101 18.5185
631 101 19.3986
632 101 19.3986
462 102 31.2989
504 102 29.0698
505 102 29.0698
584 102 20.3666
603 102 19.3986
631 102 19.3986
405 103 25.4453
505 103 29.0698
368 104 25.4453
369 104 25.4453
462 104 31.2989
505 104 29.0698
618 104 19.3986
619 104 19.3986
629 104 19.3986
394 105 23.9521
462 105 31.2989
505 105 29.0698
544 105 29.0698
607 105 19.3986
394 106 23.9521
462 106 31.2989
504 106 29.0698
505 106 29.0698
547 106 27.137
626 106 20.3666
627 106 20.3666
388 107 23.9521
462 107 31.2989
504 107 29.0698
505 107 29.0698
546 107 27.137
547 107 27.137
585 107 20.3666
586 107 20.3666
619 107 18.5185
626 107 20.3666
462 108 31.2989
546 108 27.137
547 108 27.137
597 108 19.3986
462 109 31.2989
546 109 27.137
547 109 27.137
596 109 19.3986
597 109 19.3986
372 110 25.4453
402 110 27.137
403 110 27.137
462 110 31.2989
541 110 27.137
547 110 27.137
586 110 20.3666
587 110 20.3666
607 110 19.3986
626 110 19.3986
627 110 19.3986
628 110 19.3986
437 111 31.2989
462 111 31.2989
541 111 27.137
547 111 27.137
628 111 19.3986
629 111 19.3986
437 112 31.2989
462 112 31.2989
541 112 27.137
547 112 27.137
628 112 19.3986
462 113 31.2989
504 113 29.0698
505 113 29.0698
547 113 27.137
582 113 19.3986
628 113 19.3986
503 114 29.0698
504 114 29.0698
547 114 27.137
581 114 19.3986
582 114 19.3986
600 114 19.3986
370 115 25.4453
371 115 25.4453
503 115 29.0698
504 115 29.0698
547 115 27.137
600 115 19.3986
371 116 25.4453
547 116 27.137
582 116 20.3666
583 116 20.3666
626 116 20.3666
462 117 31.2989
504 117 29.0698
547 117 27.137
582 117 20.3666
601 117 19.3986
462 118 31.2989
503 118 29.0698
504 118 29.0698
505 118 29.0698
584 118 20.3666
601 118 19.3986
630 118 20.3666
325 119 40.6504
326 119 40.6504
503 119 29.0698
504 119 29.0698
584 119 20.3666
585 119 19.3986
369 120 25.4453
464 120 31.2989
547 120 29.0698
584 120 19.3986
585 120 19.3986
369 121 25.4453
370 121 25.4453
633 121 19.3986
96 122 16.9779
369 122 25.4453
370 122 25.4453
499 122 27.137
503 122 33.8983
504 122 33.8983
547 122 29.0698
548 122 29.0698
499 123 27.137
503 123 31.2989
504 123 31.2989
505 123 31.2989
547 123 29.0698
548 123 29.0698
586 123 20.3666
325 124 40.6504
370 124 25.4453
499 124 27.137
503 124 31.2989
547 124 29.0698
548 124 29.0698
101 125 16.9779
325 125 40.6504
326 125 40.6504
370 125 25.4453
371 125 25.4453
503 125 31.2989
504 125 31.2989
505 125 31.2989
547 125 29.0698
548 125 29.0698
603 125 19.3986
100 126 16.9779
101 126 16.9779
326 126 40.6504
327 126 40.6504
547 126 29.0698
548 126 29.0698
100 127 16.9779
504 127 31.2989
547 127 29.0698
548 127 29.0698
577 127 20.3666
578 127 20.3666
579 127 20.3666
631 127 19.3986
105 128 16.9779
106 128 16.9779
371 128 27.137
406 128 25.4453
499 128 29.0698
503 128 31.2989
504 128 31.2989
505 128 31.2989
547 128 29.0698
548 128 29.0698
592 128 19.3986
593 128 19.3986
627 128 19.3986
628 128 19.3986
629 128 19.3986
631 128 19.3986
104 129 16.9779
105 129 16.9779
371 129 27.137
499 129 29.0698
503 129 31.2989
547 129 29.0698
548 129 29.0698
591 129 19.3986
592 129 19.3986
627 129 19.3986
630 129 19.3986
104 130 16.9779
499 130 29.0698
547 130 29.0698
548 130 29.0698
579 130 20.3666
591 130 20.3666
592 130 20.3666
597 130 19.3986
627 130 19.3986
104 131 16.9779
499 131 29.0698
504 131 31.2989
505 131 31.2989
547 131 29.0698
548 131 29.0698
590 131 20.3666
591 131 20.3666
592 131 20.3666
609 131 19.3986
104 132 16.9779
499 132 29.0698
504 132 31.2989
505 132 31.2989
547 132 29.0698
548 132 29.0698
589 132 21.4362
590 132 20.3666
591 132 20.3666
438 133 31.2989
499 133 29.0698
503 133 31.2989
504 133 31.2989
505 133 31.2989
541 133 29.0698
542 133 29.0698
547 133 29.0698
548 133 29.0698
590 133 21.4362
591 133 21.4362
96 134 16.2999
374 134 25.4453
375 134 25.4453
438 134 31.2989
499 134 29.0698
547 134 29.0698
548 134 29.0698
590 134 21.4362
591 134 21.4362
102 135 16.9779
374 135 25.4453
375 135 25.4453
499 135 29.0698
547 135 29.0698
548 135 29.0698
600 135 20.3666
601 135 20.3666
602 135 19.3986
102 136 16.9779
369 136 40.6504
499 136 29.0698
504 136 31.2989
505 136 31.2989
593 136 25.4453
599 136 20.3666
600 136 20.3666
601 136 20.3666
438 137 33.8983
499 137 29.0698
504 137 31.2989
104 138 16.9779
499 138 29.0698
505 138 31.2989
603 138 19.3986
604 138 19.3986
605 138 19.3986
623 138 19.3986
104 139 16.9779
499 139 29.0698
503 139 31.2989
504 139 31.2989
505 139 31.2989
506 139 31.2989
599 139 19.3986
602 139 20.3666
603 139 19.3986
604 139 19.3986
623 139 19.3986
104 140 16.9779
499 140 29.0698
503 140 31.2989
504 140 31.2989
587 140 20.3666
593 140 25.4453
604 140 19.3986
104 141 16.9779
495 141 80.9717
496 141 80.9717
544 141 27.137
545 141 27.137
546 141 27.137
593 141 25.4453
104 142 16.9779
371 142 25.4453
545 142 27.137
593 142 25.4453
604 142 20.3666
605 142 20.3666
104 143 16.9779
545 143 27.137
546 143 27.137
604 143 20.3666
605 143 20.3666
614 143 19.3986
104 144 16.9779
114 144 16.9779
545 144 29.0698
603 144 20.3666
604 144 20.3666
614 144 19.3986
114 145 16.9779
532 145 80.9717
603 145 20.3666
604 145 20.3666
614 145 19.3986
615 145 19.3986
104 146 16.9779
114 146 16.9779
375 146 25.4453
499 146 36.9686
502 146 29.0698
503 146 29.0698
615 146 19.3986
102 147 16.9779
114 147 16.9779
499 147 36.9686
502 147 29.0698
503 147 29.0698
615 147 19.3986
114 148 16.9779
371 148 25.4453
499 148 36.9686
601 148 20.3666
105 149 16.9779
114 149 16.9779
371 149 25.4453
372 149 25.4453
463 149 29.0698
593 149 27.137
601 149 20.3666
602 149 20.3666
603 149 20.3666
105 150 16.9779
114 150 16.9779
463 150 31.2989
489 150 36.9686
490 150 36.9686
500 150 29.0698
545 150 29.0698
546 150 29.0698
602 150 20.3666
603 150 20.3666
104 151 16.9779
105 151 16.9779
114 151 16.9779
463 151 31.2989
500 151 29.0698
506 151 29.0698
545 151 29.0698
546 151 29.0698
593 151 27.137
603 151 20.3666
114 152 16.9779
463 152 31.2989
500 152 29.0698
506 152 29.0698
593 152 27.137
603 152 19.3986
377 153 25.4453
400 153 25.4453
438 153 31.2989
439 153 31.2989
491 153 36.9686
500 153 29.0698
603 153 19.3986
604 153 19.3986
388 154 25.4453
400 154 25.4453
463 154 31.2989
500 154 29.0698
604 154 20.3666
264 155 31.2989
387 155 25.4453
463 155 31.2989
500 155 29.0698
387 156 25.4453
463 156 31.2989
500 156 29.0698
506 156 29.0698
546 156 27.137
266 157 31.2989
463 157 31.2989
500 157 29.0698
506 157 29.0698
546 157 27.137
593 157 27.137
594 157 27.137
380 158 57.971
387 158 25.4453
388 158 25.4453
394 158 17.7148
463 158 31.2989
500 158 29.0698
506 158 29.0698
380 159 57.971
387 159 25.4453
388 159 25.4453
463 159 31.2989
500 159 29.0698
545 159 27.137
546 159 27.137
380 160 57.971
388 160 25.4453
389 160 25.4453
463 160 31.2989
500 160 29.0698
506 160 29.0698
388 161 25.4453
389 161 25.4453
394 161 18.5185
463 161 31.2989
500 161 29.0698
506 161 29.0698
463 162 31.2989
500 162 29.0698
506 162 29.0698
546 162 27.137
594 162 25.4453
463 163 31.2989
500 163 29.0698
506 163 29.0698
546 163 27.137
500 164 29.0698
506 164 29.0698
388 165 27.137
389 165 27.137
463 165 31.2989
464 165 31.2989
500 165 29.0698
506 165 29.0698
606 165 19.3986
394 166 25.4453
500 166 29.0698
506 166 29.0698
546 166 27.137
594 166 25.4453
596 166 25.4453
605 166 19.3986
606 166 19.3986
500 167 29.0698
506 167 29.0698
594 167 25.4453
616 167 19.3986
460 168 29.0698
500 168 29.0698
506 168 29.0698
507 168 29.0698
543 168 27.137
594 168 25.4453
599 168 27.137
616 168 19.3986
387 169 25.4453
388 169 25.4453
476 169 50.7614
477 169 50.7614
500 169 29.0698
506 169 29.0698
507 169 29.0698
543 169 27.137
549 169 27.137
607 169 19.3986
616 169 19.3986
617 169 19.3986
387 170 25.4453
388 170 25.4453
460 170 29.0698
477 170 50.7614
500 170 29.0698
506 170 29.0698
507 170 29.0698
549 170 27.137
606 170 19.3986
607 170 19.3986
608 170 19.3986
609 170 19.3986
616 170 19.3986
617 170 19.3986
618 170 19.3986
326 171 36.9686
388 171 25.4453
460 171 29.0698
500 171 29.0698
506 171 29.0698
507 171 29.0698
543 171 27.137
546 171 27.137
548 171 27.137
549 171 27.137
606 171 19.3986
607 171 19.3986
617 171 19.3986
277 172 31.2989
278 172 31.2989
388 172 25.4453
460 172 29.0698
477 172 50.7614
506 172 29.0698
543 172 27.137
546 172 27.137
606 172 19.3986
607 172 19.3986
617 172 19.3986
278 173 31.2989
388 173 25.4453
506 173 29.0698
388 174 25.4453
443 174 50.7614
444 174 50.7614
445 174 50.7614
450 174 50.7614
500 174 29.0698
593 174 25.4453
594 174 25.4453
388 175 25.4453
444 175 50.7614
464 175 29.0698
500 175 29.0698
503 175 29.0698
593 175 25.4453
594 175 25.4453
330 176 27.137
464 176 29.0698
593 176 25.4453
594 176 25.4453
595 176 25.4453
279 177 31.2989
326 177 36.9686
330 177 27.137
593 177 25.4453
594 177 25.4453
595 177 25.4453
327 178 36.9686
387 178 25.4453
543 178 33.8983
546 178 27.137
547 178 27.137
594 178 25.4453
328 179 36.9686
388 179 25.4453
543 179 33.8983
546 179 27.137
547 179 27.137
594 179 25.4453
502 180 29.0698
503 180 29.0698
546 180 27.137
594 180 25.4453
605 180 20.3666
606 180 20.3666
502 181 29.0698
503 181 29.0698
546 181 29.0698
547 181 29.0698
594 181 25.4453
605 181 20.3666
503 182 29.0698
546 182 29.0698
594 182 25.4453
605 182 20.3666
387 183 25.4453
463 183 29.0698
464 183 29.0698
503 183 29.0698
594 183 25.4453
617 183 19.3986
387 184 25.4453
438 184 31.2989
463 184 29.0698
464 184 29.0698
503 184 29.0698
594 184 25.4453
607 184 19.3986
608 184 19.3986
609 184 19.3986
616 184 19.3986
617 184 19.3986
387 185 25.4453
388 185 25.4453
438 185 31.2989
439 185 31.2989
440 185 31.2989
464 185 29.0698
503 185 29.0698
594 185 25.4453
608 185 19.3986
617 185 19.3986
387 186 25.4453
439 186 31.2989
440 186 31.2989
464 186 29.0698
503 186 29.0698
504 186 29.0698
546 186 29.0698
608 186 19.3986
439 187 31.2989
440 187 31.2989
464 187 29.0698
503 187 29.0698
594 187 25.4453
503 188 29.0698
388 189 25.4453
464 189 29.0698
503 189 29.0698
388 190 25.4453
503 190 29.0698
594 190 27.137
388 191 25.4453
464 191 31.2989
503 191 29.0698
546 191 29.0698
594 191 27.137
607 191 19.3986
618 191 19.3986
388 192 25.4453
463 192 31.2989
464 192 31.2989
503 192 29.0698
546 192 29.0698
606 192 19.3986
607 192 19.3986
439 193 31.2989
464 193 31.2989
503 193 29.0698
594 193 27.137
606 193 19.3986
607 193 19.3986
464 194 31.2989
500 194 36.9686
503 194 29.0698
504 194 29.0698
606 194 19.3986
607 194 19.3986
618 194 19.3986
279 195 29.0698
387 195 25.4453
388 195 25.4453
440 195 31.2989
464 195 31.2989
607 195 20.3666
618 195 19.3986
387 196 25.4453
388 196 25.4453
464 196 31.2989
503 196 29.0698
504 196 29.0698
618 196 19.3986
388 197 25.4453
439 197 31.2989
440 197 31.2989
464 197 31.2989
503 197 29.0698
504 197 29.0698
594 197 27.137
607 197 20.3666
115 198 16.9779
388 198 25.4453
439 198 33.8983
440 198 33.8983
464 198 31.2989
606 198 20.3666
607 198 20.3666
115 199 16.9779
439 199 33.8983
440 199 33.8983
464 199 31.2989
465 199 31.2989
594 199 27.137
389 200 25.4453
439 200 33.8983
440 200 33.8983
503 200 29.0698
504 200 29.0698
18 201 101.01
439 201 33.8983
464 201 31.2989
465 201 31.2989
594 201 27.137
464 202 31.2989
547 202 27.137
594 202 27.137
117 203 16.9779
464 203 31.2989
465 203 31.2989
464 204 31.2989
606 204 19.3986
607 204 19.3986
618 204 19.3986
464 205 31.2989
465 205 31.2989
594 205 27.137
595 205 27.137
607 205 19.3986
618 205 19.3986
439 206 31.2989
440 206 31.2989
464 206 31.2989
465 206 31.2989
547 206 27.137
594 206 27.137
439 207 31.2989
440 207 31.2989
547 207 27.137
594 207 27.137
608 207 19.3986
439 208 31.2989
440 208 31.2989
464 208 31.2989
465 208 31.2989
504 208 27.137
547 208 27.137
606 208 20.3666
607 208 19.3986
608 208 19.3986
609 208 19.3986
618 208 19.3986
619 208 19.3986
464 209 31.2989
504 209 27.137
606 209 20.3666
607 209 19.3986
608 209 19.3986
609 209 19.3986
618 209 19.3986
619 209 19.3986
620 209 19.3986
388 210 25.4453
439 210 33.8983
440 210 33.8983
464 210 31.2989
465 210 31.2989
607 210 19.3986
608 210 19.3986
609 210 19.3986
619 210 19.3986
460 212 31.2989
594 212 27.137
595 212 27.137
388 213 27.137
440 213 31.2989
460 213 31.2989
461 213 31.2989
544 213 27.137
589 213 27.137
594 213 27.137
595 213 27.137
460 214 31.2989
461 214 31.2989
501 214 29.0698
503 214 29.0698
504 214 29.0698
538 214 29.0698
544 214 27.137
546 214 27.137
547 214 27.137
548 214 27.137
589 214 27.137
594 214 25.4453
595 214 25.4453
111 215 16.9779
399 215 45.1467
403 215 33.8983
460 215 29.0698
461 215 29.0698
500 215 29.0698
501 215 29.0698
504 215 29.0698
538 215 29.0698
544 215 27.137
547 215 27.137
589 215 27.137
594 215 25.4453
595 215 25.4453
397 216 45.1467
399 216 45.1467
400 216 36.9686
404 216 33.8983
461 216 29.0698
464 216 31.2989
465 216 31.2989
501 216 29.0698
504 216 29.0698
535 216 29.0698
544 216 27.137
547 216 27.137
550 216 27.137
589 216 27.137
595 216 25.4453
598 216 25.4453
397 217 45.1467
461 217 29.0698
464 217 31.2989
465 217 31.2989
501 217 29.0698
535 217 29.0698
543 217 27.137
544 217 27.137
547 217 27.137
550 217 27.137
589 217 27.137
595 217 25.4453
598 217 25.4453
618 217 20.3666
619 217 20.3666
478 218 27.137
482 218 20.3666
483 218 20.3666
484 218 20.3666
501 218 29.0698
504 218 29.0698
543 218 27.137
544 218 27.137
550 218 27.137
589 218 27.137
598 218 25.4453
618 218 20.3666
477 219 27.137
478 219 27.137
482 219 20.3666
483 219 20.3666
484 219 20.3666
501 219 29.0698
544 219 27.137
550 219 27.137
589 219 27.137
598 219 25.4453
618 219 20.3666
619 219 20.3666
501 220 29.0698
544 220 27.137
547 220 27.137
550 220 27.137
589 220 27.137
595 220 25.4453
598 220 25.4453
618 220 20.3666
619 220 20.3666
349 221 25.4453
350 221 25.4453
501 221 29.0698
544 221 27.137
547 221 27.137
589 221 27.137
595 221 25.4453
598 221 25.4453
619 221 19.3986
349 222 25.4453
364 222 23.9521
487 222 20.3666
488 222 20.3666
501 222 29.0698
566 222 27.137
567 222 27.137
589 222 27.137
598 222 25.4453
485 223 20.3666
486 223 20.3666
487 223 20.3666
488 223 20.3666
567 223 27.137
589 223 27.137
595 223 27.137
597 223 25.4453
598 223 25.4453
599 223 25.4453
627 223 29.0698
628 223 29.0698
485 224 20.3666
486 224 20.3666
487 224 20.3666
497 224 21.4362
498 224 21.4362
574 224 25.4453
575 224 25.4453
576 224 25.4453
589 224 27.137
597 224 25.4453
598 224 25.4453
618 224 20.3666
619 224 20.3666
357 225 23.9521
358 225 23.9521
466 225 20.3666
486 225 20.3666
487 225 20.3666
618 225 20.3666
619 225 20.3666
359 226 23.9521
487 226 20.3666
547 226 27.137
376 227 36.9686
483 227 19.3986
488 227 20.3666
376 228 36.9686
400 228 33.8983
483 228 19.3986
488 228 20.3666
489 228 20.3666
634 228 16.9779
637 228 17.7148
111 229 16.9779
117 229 17.7148
400 229 33.8983
489 229 20.3666
490 229 19.3986
634 229 16.9779
637 229 16.9779
111 230 16.9779
400 230 33.8983
426 230 21.4362
427 230 21.4362
442 230 21.4362
489 230 20.3666
490 230 20.3666
491 230 19.3986
633 230 16.9779
637 230 16.9779
111 231 16.9779
117 231 17.7148
359 231 23.9521
400 231 33.8983
490 231 20.3666
491 231 20.3666
492 231 19.3986
504 231 29.0698
595 231 25.4453
633 231 16.9779
637 231 16.9779
111 232 16.9779
359 232 23.9521
422 232 22.6244
423 232 20.3666
491 232 19.3986
492 232 19.3986
578 232 27.137
579 232 27.137
632 232 16.9779
636 232 16.9779
637 232 16.9779
336 233 23.9521
359 233 23.9521
367 233 15.0943
374 233 23.9521
420 233 23.9521
423 233 20.3666
631 233 16.9779
632 233 16.9779
636 233 16.9779
637 233 16.9779
111 234 16.9779
317 234 25.4453
398 234 29.0698
493 234 19.3986
631 234 16.9779
636 234 16.9779
111 235 16.9779
317 235 25.4453
487 235 27.137
492 235 20.3666
493 235 20.3666
507 235 29.0698
550 235 29.0698
631 235 16.9779
636 235 16.9779
637 235 16.9779
111 236 16.9779
491 236 20.3666
492 236 20.3666
493 236 20.3666
495 236 19.3986
496 236 17.7148
507 236 29.0698
544 236 29.0698
630 236 16.9779
635 236 16.9779
636 236 16.9779
637 236 16.9779
492 237 20.3666
507 237 29.0698
508 237 29.0698
550 237 29.0698
604 237 16.9779
629 237 16.9779
630 237 16.9779
635 237 16.9779
636 237 16.9779
111 238 16.9779
364 238 23.9521
507 238 29.0698
550 238 29.0698
604 238 16.9779
605 238 16.9779
629 238 16.9779
635 238 16.9779
636 238 16.9779
111 239 16.9779
391 239 22.6244
497 239 21.4362
504 239 20.3666
538 239 31.2989
539 239 31.2989
550 239 29.0698
599 239 17.7148
603 239 16.9779
604 239 16.9779
628 239 16.9779
629 239 16.9779
635 239 16.9779
636 239 16.9779
111 240 16.9779
598 240 17.7148
599 240 17.7148
600 240 17.7148
111 241 16.9779
550 241 29.0698
598 241 17.7148
599 241 17.7148
600 241 17.7148
601 241 17.7148
384 242 67.5676
395 242 22.6244
396 242 21.4362
504 242 25.4453
539 242 29.0698
540 242 29.0698
544 242 29.0698
551 242 29.0698
600 242 17.7148
601 242 16.9779
602 242 16.9779
305 243 25.4453
394 243 22.6244
395 243 22.6244
504 243 25.4453
538 243 29.0698
539 243 29.0698
544 243 29.0698
304 244 25.4453
346 244 23.9521
347 244 23.9521
393 244 22.6244
394 244 22.6244
463 244 19.3986
510 244 27.137
539 244 29.0698
623 244 16.9779
345 245 23.9521
393 245 22.6244
477 245 19.3986
492 245 19.3986
493 245 19.3986
494 245 19.3986
622 245 16.9779
623 245 16.9779
345 246 23.9521
477 246 19.3986
478 246 19.3986
493 246 19.3986
494 246 19.3986
513 246 25.4453
529 246 27.137
530 246 27.137
541 246 29.0698
547 246 25.4453
548 246 25.4453
478 247 19.3986
479 247 19.3986
529 247 27.137
530 247 27.137
479 248 19.3986
560 248 18.5185
389 249 22.6244
406 249 22.6244
407 249 22.6244
560 249 18.5185
576 249 16.9779
456 250 20.3666
474 250 20.3666
572 250 18.5185
573 250 17.7148
574 250 17.7148
575 250 17.7148
584 250 17.7148
585 250 16.9779
346 251 50.7614
475 251 20.3666
571 251 18.5185
572 251 18.5185
585 251 17.7148
586 251 16.9779
587 251 16.9779
346 252 50.7614
375 252 25.4453
404 252 27.137
463 252 20.3666
465 252 20.3666
467 252 22.6244
475 252 20.3666
506 252 20.3666
569 252 18.5185
570 252 18.5185
571 252 18.5185
586 252 17.7148
587 252 16.9779
325 253 27.137
353 253 23.9521
399 253 31.2989
404 253 27.137
463 253 20.3666
475 253 19.3986
476 253 20.3666
505 253 20.3666
506 253 20.3666
568 253 18.5185
569 253 18.5185
570 253 18.5185
587 253 17.7148
588 253 16.9779
364 254 23.9521
365 254 23.9521
403 254 27.137
471 254 23.9521
472 254 23.9521
476 254 20.3666
505 254 20.3666
506 254 20.3666
556 254 19.3986
568 254 18.5185
569 254 18.5185
588 254 17.7148
589 254 16.9779
593 254 17.7148
594 254 17.7148
365 255 23.9521
396 255 57.971
406 255 22.6244
407 255 22.6244
463 255 19.3986
472 255 23.9521
473 255 20.3666
476 255 19.3986
567 255 18.5185
568 255 18.5185
569 255 18.5185
589 255 17.7148
406 256 22.6244
414 256 23.9521
415 256 23.9521
463 256 19.3986
476 256 20.3666
575 256 17.7148
577 256 17.7148
590 256 17.7148
41 257 20.3666
405 257 22.6244
414 257 23.9521
415 257 23.9521
428 257 22.6244
463 257 20.3666
465 257 20.3666
471 257 20.3666
475 257 20.3666
476 257 20.3666
567 257 18.5185
568 257 18.5185
575 257 17.7148
581 257 17.7148
582 257 17.7148
590 257 17.7148
404 258 22.6244
405 258 22.6244
463 258 20.3666
474 258 20.3666
475 258 20.3666
476 258 20.3666
495 258 21.4362
496 258 21.4362
567 258 17.7148
568 258 17.7148
575 258 17.7148
576 258 17.7148
581 258 17.7148
582 258 17.7148
590 258 17.7148
591 258 17.7148
464 259 20.3666
474 259 20.3666
475 259 20.3666
489 259 21.4362
490 259 21.4362
567 259 17.7148
568 259 17.7148
586 259 17.7148
590 259 17.7148
591 259 17.7148
446 260 22.6244
465 260 20.3666
473 260 20.3666
474 260 20.3666
493 260 21.4362
494 260 21.4362
567 260 17.7148
571 260 17.7148
572 260 17.7148
584 260 17.7148
585 260 17.7148
586 260 17.7148
587 260 17.7148
591 260 17.7148
592 260 17.7148
469 261 23.9521
470 261 22.6244
471 261 21.4362
472 261 21.4362
473 261 20.3666
571 261 17.7148
572 261 17.7148
585 261 17.7148
586 261 17.7148
587 261 17.7148
591 261 17.7148
592 261 17.7148
471 262 21.4362
572 262 17.7148
591 262 17.7148
572 263 17.7148
575 263 18.5185
581 263 18.5185
582 263 18.5185
583 263 18.5185
518 264 20.3666
578 264 17.7148
573 265 17.7148
577 265 18.5185
578 265 17.7148
583 265 18.5185
584 265 17.7148
585 265 17.7148
552 266 20.3666
553 266 20.3666
574 266 17.7148
582 266 18.5185
583 266 18.5185
584 266 18.5185
585 266 17.7148
564 267 20.3666
565 267 20.3666
581 267 19.3986
582 267 18.5185
583 267 18.5185
23 268 16.9779
134 273 16.2999
131 274 16.2999
552 278 14.0548
164 279 14.556
165 280 14.556
166 280 14.556
167 281 14.0548
167 282 14.0548
167 283 14.0548
494 296 11.6482
496 296 11.325
497 296 11.0193
498 296 11.0193
568 296 11.325
569 296 11.325
622 297 10.7296
623 297 10.7296
159 299 10.7296
160 299 10.7296
597 301 9.9453
598 301 9.9453
599 301 9.9453
598 302 9.9453
152 305 9.9453
153 305 9.9453
154 305 9.9453
607 305 9.70874
608 305 9.70874
609 305 9.70874
535 308 9.48317
636 308 9.48317
637 308 9.48317
628 309 9.26784
629 309 9.26784
636 309 9.48317
637 309 9.48317
628 310 9.26784
629 310 9.26784
630 310 9.26784
631 310 9.06207
632 310 9.06207
633 310 8.86525
144 312 9.48317
145 312 9.48317
146 312 9.48317
556 313 9.48317
557 313 9.48317
557 314 9.48317
558 314 9.48317
143 316 8.86525
102 320 8.86525
103 320 8.86525
104 320 8.86525
107 320 9.06207
108 320 9.06207
109 320 9.06207
110 320 9.06207
111 320 9.06207
112 320 9.06207
113 320 9.06207
116 320 9.06207
122 321 8.49618
123 321 8.49618
124 321 8.49618
125 321 8.49618
126 321 8.49618
128 321 8.67679
129 321 8.67679
130 321 8.67679
131 321 8.67679
132 321 8.67679
133 321 8.67679
134 321 8.67679
135 321 8.67679
136 321 8.67679
137 321 8.67679
136 322 8.67679
132 326 8.15661
133 326 8.15661
24 328 8.32293
25 328 8.32293
89 331 7.9968
92 331 8.15661
95 331 8.15661
96 331 8.15661
97 331 8.15661
99 332 7.55287
101 332 7.69527
102 332 7.69527
103 332 7.69527
104 332 7.69527
106 332 7.69527
107 332 7.84314
108 332 7.84314
109 332 7.84314
110 332 7.84314
111 332 7.84314
112 332 7.84314
113 332 7.84314
114 332 7.9968
115 332 7.9968
116 332 7.9968
117 332 7.9968
118 332 7.9968
120 332 7.9968
121 332 8.15661
123 332 7.69527
118 333 7.9968
119 333 8.15661
122 333 8.15661
123 333 7.69527
124 333 7.69527
125 333 7.69527
126 333 7.69527
70 335 7.55287
71 336 7.55287
72 336 7.55287
73 336 7.55287
74 336 7.55287
75 336 7.55287
77 337 7.55287
78 337 7.55287
79 337 7.55287
80 337 7.55287
83 338 7.41565
84 338 7.41565
85 338 7.41565
86 338 7.41565
87 338 7.41565
88 339 7.28332
89 339 7.28332
90 339 7.28332
91 339 7.28332
119 339 7.41565
120 339 7.41565
95 340 7.28332
96 340 7.28332
97 340 7.28332
98 340 7.41565
99 340 7.41565
100 340 7.41565
101 341 7.15564
102 341 7.15564
103 341 7.15564
104 341 7.28332
105 341 7.28332
106 341 7.28332
109 342 7.03235
92 348 6.7981
104 348 6.91324
105 348 6.91324
108 348 6.91324
109 348 6.91324
78 357 6.27549
80 357 6.37349
81 357 6.37349
82 357 6.37349
84 357 6.37349
86 357 6.37349
88 357 6.47459
89 357 6.47459
90 357 6.47459
91 357 6.47459
92 357 6.47459
96 358 6.27549
97 358 6.27549
98 358 6.27549
99 358 6.27549
100 358 6.27549
35 365 6.08828
40 366 6.08828
41 366 6.08828
17 367 6.27549
44 367 5.9988
45 367 5.9988
47 367 5.9988
48 367 5.9988
49 368 5.91191
50 368 5.91191
51 368 5.91191
69 368 5.9988
70 368 5.9988
71 368 5.9988
27 369 6.08828
28 369 6.08828
31 369 5.9988
53 369 5.82751
54 369 5.82751
55 369 5.82751
56 369 5.82751
76 369 5.82751
77 369 5.82751
79 369 5.91191
80 369 5.91191
81 369 5.91191
82 369 5.91191
83 369 5.91191
84 369 5.91191
31 370 5.9988
32 370 5.9988
59 370 5.82751
60 370 5.82751
61 370 5.82751
84 370 5.91191
85 370 5.82751
86 370 5.74548
87 370 5.74548
88 370 5.74548
33 371 5.9988
34 371 5.91191
35 371 5.91191
36 371 5.91191
63 371 5.82751
64 371 5.82751
65 371 5.82751
66 371 5.82751
36 372 5.91191
37 372 5.91191
38 372 5.82751
39 372 5.82751
40 372 5.82751
69 372 5.74548
70 372 5.74548
71 372 5.74548
40 373 5.82751
41 373 5.82751
42 373 5.82751
43 373 5.82751
44 373 5.82751
45 373 5.82751
75 373 5.74548
76 373 5.74548
77 373 5.74548
78 373 5.74548
45 374 5.82751
46 374 5.74548
47 374 5.74548
48 374 5.74548
49 374 5.74548
50 374 5.74548
82 374 5.66572
83 374 5.66572
84 374 5.66572
85 374 5.58815
50 375 5.74548
51 375 5.58815
52 375 5.58815
53 375 5.58815
77 377 5.58815
80 377 5.51268
590 377 5.36769
591 377 5.36769
68 378 5.58815
69 378 5.58815
73 378 5.58815
75 378 5.74548
76 378 5.58815
591 378 5.36769
592 378 5.29801
593 378 5.29801
594 378 5.29801
595 378 5.23013
58 379 5.74548
59 379 5.66572
60 379 5.74548
61 379 5.66572
62 379 5.66572
63 379 5.66572
64 379 5.66572
65 379 5.58815
66 379 5.58815
67 379 5.58815
68 379 5.58815
69 379 5.58815
70 379 5.58815
71 379 5.51268
593 379 5.29801
594 379 5.29801
595 379 5.23013
596 379 5.23013
47 380 5.91191
52 380 5.66572
53 380 5.66572
54 380 5.66572
55 380 5.58815
56 380 5.58815
57 380 5.58815
60 380 5.74548
61 380 5.66572
41 381 5.66572
42 381 5.66572
44 381 5.66572
49 381 5.51268
50 381 5.43922
51 381 5.51268
52 381 5.66572
36 382 5.58815
37 382 5.58815
38 382 5.58815
43 382 5.66572
44 382 5.66572
20 383 5.74548
29 383 5.51268
30 383 5.51268
23 384 5.43922
3 387 5.16396
53 405 4.85673
55 405 4.85673
56 405 4.79962
57 405 4.79962
58 405 4.79962
42 406 4.79962
45 406 4.79962
59 406 4.79962
30 415 4.584
30 416 4.584
340 435 4.03959
341 435 4.03959
342 435 4.03959
