106 3 16.2999
287 3 31.2989
509 3 29.0698
510 3 29.0698
604 3 27.137
613 3 18.5185
509 4 29.0698
510 4 29.0698
554 4 27.137
604 4 27.137
613 4 19.3986
632 4 18.5185
633 4 18.5185
106 5 16.2999
295 5 29.0698
385 5 23.9521
509 5 29.0698
510 5 29.0698
609 5 19.3986
610 5 19.3986
613 5 19.3986
621 5 18.5185
632 5 18.5185
633 5 18.5185
388 6 25.4453
613 6 19.3986
554 7 27.137
609 7 18.5185
610 7 18.5185
624 7 18.5185
414 8 23.9521
604 8 19.3986
605 8 19.3986
607 8 19.3986
610 8 18.5185
623 8 18.5185
624 8 18.5185
628 8 18.5185
328 9 40.6504
329 9 40.6504
390 9 23.9521
391 9 23.9521
605 9 19.3986
622 9 18.5185
623 9 18.5185
386 10 25.4453
387 10 25.4453
391 10 23.9521
605 11 19.3986
606 11 19.3986
610 11 18.5185
287 14 29.0698
288 14 29.0698
329 14 36.9686
469 14 29.0698
470 14 29.0698
107 15 16.2999
329 15 36.9686
469 15 29.0698
604 15 23.9521
605 15 23.9521
606 15 23.9521
607 15 19.3986
609 15 19.3986
107 16 16.2999
329 16 36.9686
330 16 36.9686
384 16 23.9521
391 16 25.4453
465 16 40.6504
469 16 29.0698
604 16 23.9521
605 16 23.9521
611 16 19.3986
107 17 16.2999
329 17 36.9686
383 17 23.9521
384 17 23.9521
391 17 25.4453
412 17 23.9521
465 17 40.6504
469 17 31.2989
611 17 19.3986
107 18 16.2999
610 18 19.3986
611 18 19.3986
107 19 16.2999
289 19 29.0698
606 19 18.5185
610 19 19.3986
611 19 19.3986
615 19 17.7148
107 20 16.2999
289 20 29.0698
290 20 29.0698
291 20 29.0698
608 20 18.5185
616 20 17.7148
623 20 18.5185
107 21 16.2999
290 21 29.0698
603 21 23.9521
623 21 18.5185
624 21 18.5185
107 22 16.2999
443 22 31.2989
444 22 31.2989
605 22 23.9521
608 22 18.5185
609 22 18.5185
610 22 18.5185
612 22 19.3986
623 22 18.5185
107 23 16.2999
191 23 36.9686
382 23 23.9521
410 23 23.9521
443 23 31.2989
444 23 31.2989
469 23 31.2989
609 23 18.5185
107 24 16.2999
192 24 36.9686
469 24 31.2989
107 25 16.2999
386 25 25.4453
107 26 16.2999
386 26 25.4453
606 26 19.3986
618 26 18.5185
107 27 16.2999
387 27 25.4453
388 27 25.4453
554 27 25.4453
555 27 25.4453
556 27 25.4453
605 27 19.3986
606 27 19.3986
607 27 19.3986
107 28 16.2999
288 28 29.0698
388 28 25.4453
555 28 25.4453
605 28 19.3986
607 28 19.3986
608 28 19.3986
107 29 16.2999
510 29 29.0698
606 29 19.3986
607 29 19.3986
608 29 19.3986
107 30 16.2999
385 30 23.9521
386 30 23.9521
606 30 19.3986
607 30 19.3986
107 31 16.2999
386 31 23.9521
390 31 23.9521
555 31 27.137
609 31 18.5185
610 31 18.5185
107 32 16.2999
555 32 27.137
610 32 18.5185
107 33 16.2999
415 33 23.9521
555 33 27.137
610 33 18.5185
107 34 16.2999
290 34 29.0698
555 34 27.137
608 34 19.3986
609 34 19.3986
291 35 29.0698
385 35 25.4453
555 35 27.137
605 35 18.5185
625 35 18.5185
626 35 18.5185
107 36 16.2999
555 36 27.137
624 36 18.5185
625 36 18.5185
107 37 16.2999
555 37 27.137
608 37 18.5185
634 37 17.7148
635 37 17.7148
636 37 17.7148
286 38 29.0698
414 38 23.9521
510 38 29.0698
511 38 29.0698
555 38 27.137
612 38 19.3986
613 38 19.3986
614 38 18.5185
634 38 17.7148
635 38 17.7148
286 39 29.0698
414 39 23.9521
510 39 29.0698
511 39 29.0698
605 39 18.5185
608 39 18.5185
609 39 18.5185
611 39 19.3986
628 39 18.5185
287 40 29.0698
414 40 23.9521
510 40 27.137
511 40 27.137
555 40 27.137
605 40 18.5185
608 40 18.5185
627 40 18.5185
287 41 29.0698
634 41 17.7148
511 42 27.137
555 42 27.137
191 43 36.9686
605 43 18.5185
606 43 18.5185
607 43 18.5185
444 44 31.2989
606 44 19.3986
610 44 19.3986
611 44 18.5185
612 44 18.5185
613 44 17.7148
393 45 27.137
606 45 19.3986
610 45 19.3986
625 45 18.5185
626 45 18.5185
627 45 18.5185
632 45 17.7148
633 45 17.7148
634 45 17.7148
606 46 19.3986
628 46 17.7148
637 46 23.9521
295 47 27.137
469 47 29.0698
470 47 29.0698
471 47 29.0698
606 47 19.3986
384 48 25.4453
385 48 25.4453
469 48 29.0698
470 48 29.0698
610 48 20.3666
613 48 18.5185
627 48 17.7148
628 48 17.7148
384 49 25.4453
610 49 20.3666
613 49 18.5185
627 49 18.5185
628 49 18.5185
385 50 25.4453
386 50 25.4453
387 50 25.4453
470 50 29.0698
609 50 20.3666
613 50 18.5185
470 51 29.0698
514 51 29.0698
601 51 19.3986
602 51 19.3986
188 52 33.8983
282 52 29.0698
470 52 29.0698
514 52 29.0698
599 52 21.4362
600 52 19.3986
601 52 19.3986
602 52 19.3986
603 52 19.3986
613 52 18.5185
614 52 18.5185
189 53 33.8983
466 53 40.6504
470 53 29.0698
514 53 29.0698
602 53 19.3986
603 53 19.3986
613 53 18.5185
619 53 17.7148
189 54 33.8983
466 54 40.6504
470 54 29.0698
604 54 19.3986
619 54 17.7148
624 54 17.7148
283 55 29.0698
336 55 36.9686
385 55 23.9521
386 55 23.9521
415 55 23.9521
603 55 19.3986
604 55 19.3986
614 55 18.5185
615 55 18.5185
624 55 17.7148
283 56 29.0698
284 56 29.0698
336 56 36.9686
382 56 31.2989
385 56 23.9521
386 56 23.9521
395 56 23.9521
396 56 23.9521
602 56 19.3986
603 56 19.3986
604 56 19.3986
614 56 18.5185
615 56 18.5185
284 57 29.0698
285 57 29.0698
386 57 23.9521
514 57 29.0698
602 57 19.3986
603 57 19.3986
285 58 29.0698
514 58 31.2989
389 59 23.9521
510 59 40.6504
514 59 31.2989
389 60 23.9521
390 60 23.9521
514 60 29.0698
389 61 23.9521
401 61 25.4453
599 61 19.3986
329 62 40.6504
330 62 40.6504
407 62 23.9521
514 62 29.0698
515 62 29.0698
329 63 40.6504
391 63 25.4453
611 63 17.7148
390 64 23.9521
391 64 23.9521
555 64 27.137
556 64 25.4453
600 64 19.3986
601 64 19.3986
444 65 31.2989
445 65 31.2989
553 65 27.137
555 65 27.137
556 65 25.4453
600 65 19.3986
601 65 19.3986
444 66 31.2989
470 66 31.2989
556 66 25.4453
601 66 19.3986
518 67 23.9521
600 67 19.3986
601 67 19.3986
602 67 19.3986
329 68 36.9686
330 68 36.9686
553 68 31.2989
601 68 19.3986
602 68 19.3986
188 69 33.8983
284 69 29.0698
330 69 36.9686
331 69 36.9686
188 70 33.8983
189 70 33.8983
284 70 29.0698
285 70 29.0698
330 70 36.9686
331 70 36.9686
556 70 27.137
613 70 18.5185
636 70 18.5185
285 71 29.0698
324 71 134.228
327 71 57.971
556 72 27.137
511 73 27.137
512 73 27.137
556 73 27.137
599 73 19.3986
508 74 33.8983
511 74 27.137
512 74 27.137
602 74 20.3666
605 74 18.5185
628 74 18.5185
629 74 18.5185
511 75 29.0698
512 75 29.0698
604 75 18.5185
605 75 18.5185
606 75 18.5185
628 75 18.5185
629 75 18.5185
511 76 29.0698
605 76 18.5185
606 76 18.5185
400 77 23.9521
508 77 36.9686
511 77 29.0698
599 77 20.3666
600 77 19.3986
637 77 18.5185
382 78 23.9521
508 78 36.9686
599 78 19.3986
600 78 19.3986
629 78 18.5185
630 78 18.5185
637 78 18.5185
508 79 36.9686
600 79 19.3986
601 79 19.3986
602 79 19.3986
603 79 19.3986
629 79 18.5185
188 80 33.8983
189 80 33.8983
470 80 29.0698
471 80 29.0698
601 80 19.3986
602 80 19.3986
607 80 19.3986
608 80 19.3986
609 80 18.5185
629 80 18.5185
190 81 33.8983
415 81 23.9521
470 81 29.0698
471 81 29.0698
556 81 27.137
601 81 19.3986
606 81 19.3986
607 81 19.3986
608 81 19.3986
617 81 18.5185
630 81 18.5185
466 82 45.1467
470 82 29.0698
471 82 29.0698
604 82 20.3666
629 82 18.5185
630 82 18.5185
376 83 23.9521
633 83 18.5185
634 83 18.5185
377 84 23.9521
470 84 29.0698
471 84 29.0698
634 84 18.5185
471 85 29.0698
597 85 19.3986
634 85 18.5185
445 86 29.0698
446 86 29.0698
471 86 29.0698
515 86 27.137
596 86 19.3986
597 86 19.3986
610 86 18.5185
377 87 25.4453
471 87 29.0698
515 87 27.137
597 87 19.3986
445 88 29.0698
471 88 29.0698
600 88 19.3986
471 89 29.0698
412 90 25.4453
466 90 45.1467
471 90 29.0698
599 90 19.3986
602 90 19.3986
606 90 18.5185
445 91 31.2989
471 91 29.0698
598 91 20.3666
599 91 20.3666
615 91 18.5185
377 92 25.4453
378 92 25.4453
445 92 31.2989
471 92 29.0698
515 92 29.0698
598 92 20.3666
599 92 20.3666
377 93 25.4453
378 93 25.4453
471 93 29.0698
511 93 36.9686
515 93 29.0698
556 93 33.8983
598 93 20.3666
378 94 25.4453
471 94 29.0698
515 94 29.0698
556 94 33.8983
598 94 20.3666
273 95 29.0698
445 95 31.2989
471 95 29.0698
515 95 29.0698
556 95 33.8983
445 96 31.2989
471 96 29.0698
515 96 29.0698
600 96 19.3986
612 96 19.3986
621 96 18.5185
471 97 29.0698
600 97 19.3986
274 98 29.0698
445 98 31.2989
515 98 29.0698
600 98 19.3986
637 98 17.7148
413 99 23.9521
467 99 40.6504
471 99 29.0698
515 99 29.0698
601 99 19.3986
625 99 18.5185
633 99 18.5185
634 99 18.5185
374 100 25.4453
375 100 25.4453
515 100 29.0698
401 101 23.9521
471 101 29.0698
515 101 29.0698
556 101 27.137
375 102 25.4453
376 102 25.4453
401 102 23.9521
511 102 40.6504
515 102 29.0698
559 102 27.137
560 102 27.137
615 102 18.5185
375 103 25.4453
395 103 23.9521
515 103 29.0698
559 103 27.137
599 103 20.3666
614 103 18.5185
615 103 18.5185
277 104 29.0698
375 104 25.4453
558 104 27.137
559 104 27.137
599 104 20.3666
603 104 19.3986
613 104 18.5185
375 105 27.137
471 105 29.0698
558 105 27.137
559 105 27.137
598 105 20.3666
602 105 19.3986
27 106 50.7614
410 106 25.4453
411 106 25.4453
553 106 27.137
558 106 29.0698
559 106 29.0698
27 107 50.7614
28 107 50.7614
379 107 23.9521
553 107 27.137
558 107 29.0698
559 107 29.0698
445 108 31.2989
446 108 31.2989
553 108 27.137
558 108 29.0698
559 108 29.0698
598 108 18.5185
605 108 18.5185
617 108 18.5185
63 109 67.5676
445 109 31.2989
471 109 29.0698
514 109 29.0698
553 109 27.137
558 109 29.0698
559 109 29.0698
597 109 18.5185
598 109 18.5185
617 109 18.5185
622 109 18.5185
63 110 67.5676
446 110 31.2989
513 110 29.0698
514 110 29.0698
515 110 29.0698
553 110 27.137
558 110 29.0698
559 110 29.0698
618 110 18.5185
375 111 27.137
377 111 25.4453
378 111 23.9521
513 111 29.0698
514 111 29.0698
515 111 29.0698
553 111 27.137
558 111 27.137
559 111 27.137
27 112 50.7614
377 112 25.4453
378 112 23.9521
514 112 29.0698
558 112 27.137
559 112 27.137
598 112 20.3666
599 112 19.3986
619 112 18.5185
185 113 31.2989
377 113 25.4453
514 113 29.0698
559 113 27.137
598 113 19.3986
601 113 19.3986
618 113 18.5185
619 113 18.5185
471 114 29.0698
514 114 29.0698
559 114 27.137
600 114 19.3986
601 114 19.3986
609 114 19.3986
509 115 27.137
514 115 29.0698
515 115 29.0698
559 115 27.137
560 115 27.137
600 115 19.3986
601 115 19.3986
607 115 19.3986
608 115 19.3986
609 115 19.3986
330 116 36.9686
331 116 36.9686
509 116 27.137
514 116 29.0698
515 116 29.0698
559 116 27.137
560 116 27.137
600 116 19.3986
601 116 19.3986
272 117 22.6244
303 117 29.0698
375 117 25.4453
376 117 25.4453
504 117 40.6504
514 117 29.0698
559 117 27.137
188 118 36.9686
189 118 36.9686
269 118 29.0698
272 118 22.6244
376 118 25.4453
410 118 23.9521
503 118 40.6504
509 118 27.137
514 118 29.0698
559 118 27.137
376 119 25.4453
377 119 25.4453
473 119 31.2989
504 119 40.6504
509 119 27.137
514 119 29.0698
515 119 29.0698
559 119 27.137
560 119 27.137
97 120 16.2999
396 120 23.9521
509 120 27.137
513 120 31.2989
514 120 31.2989
515 120 31.2989
553 120 27.137
559 120 27.137
560 120 27.137
596 120 19.3986
96 121 16.2999
97 121 16.2999
330 121 36.9686
376 121 25.4453
377 121 25.4453
509 121 27.137
515 121 31.2989
558 121 27.137
559 121 27.137
560 121 27.137
96 122 16.2999
330 122 36.9686
331 122 36.9686
335 122 25.4453
377 122 25.4453
378 122 25.4453
473 122 33.8983
498 122 200
509 122 27.137
513 122 31.2989
514 122 31.2989
515 122 31.2989
559 122 29.0698
560 122 29.0698
593 122 19.3986
594 122 19.3986
595 122 19.3986
632 122 19.3986
633 122 18.5185
635 122 18.5185
331 123 36.9686
332 123 36.9686
509 123 27.137
514 123 31.2989
559 123 29.0698
560 123 29.0698
593 123 19.3986
594 123 19.3986
608 123 19.3986
609 123 19.3986
610 123 19.3986
611 123 17.7148
100 124 15.674
101 124 15.674
332 124 36.9686
509 124 27.137
514 124 31.2989
553 124 27.137
558 124 29.0698
559 124 29.0698
560 124 29.0698
607 124 19.3986
608 124 19.3986
609 124 19.3986
610 124 18.5185
100 125 15.674
325 125 134.228
377 125 27.137
378 125 27.137
413 125 25.4453
414 125 25.4453
509 125 27.137
514 125 31.2989
515 125 31.2989
553 125 27.137
554 125 27.137
559 125 29.0698
560 125 29.0698
607 125 19.3986
608 125 19.3986
100 126 15.674
377 126 25.4453
378 126 25.4453
509 126 27.137
514 126 31.2989
515 126 31.2989
553 126 27.137
559 126 29.0698
560 126 29.0698
594 126 20.3666
595 126 20.3666
607 126 19.3986
608 126 19.3986
614 126 18.5185
100 127 15.674
509 127 27.137
553 127 27.137
554 127 27.137
559 127 29.0698
560 127 29.0698
607 127 19.3986
100 128 15.674
270 128 31.2989
379 128 25.4453
509 128 27.137
514 128 29.0698
515 128 29.0698
516 128 29.0698
553 128 27.137
559 128 29.0698
560 128 29.0698
607 128 19.3986
446 129 31.2989
447 129 31.2989
509 129 27.137
514 129 29.0698
515 129 29.0698
553 129 27.137
554 129 27.137
559 129 27.137
560 129 27.137
606 129 19.3986
607 129 19.3986
608 129 19.3986
446 130 31.2989
514 130 29.0698
515 130 29.0698
516 130 29.0698
553 130 27.137
554 130 27.137
559 130 29.0698
560 130 29.0698
604 130 20.3666
606 130 19.3986
607 130 19.3986
608 130 19.3986
381 131 25.4453
446 131 31.2989
509 131 27.137
514 131 29.0698
515 131 29.0698
559 131 29.0698
560 131 29.0698
561 131 27.137
607 131 19.3986
617 131 20.3666
618 131 20.3666
55 132 101.01
381 132 25.4453
446 132 31.2989
514 132 29.0698
515 132 29.0698
558 132 29.0698
559 132 29.0698
560 132 29.0698
610 132 20.3666
616 132 20.3666
617 132 20.3666
509 133 29.0698
514 133 29.0698
515 133 29.0698
516 133 29.0698
185 134 33.8983
509 134 29.0698
514 134 29.0698
515 134 29.0698
516 134 29.0698
619 134 19.3986
620 134 19.3986
621 134 19.3986
622 134 18.5185
100 135 15.674
446 135 33.8983
509 135 29.0698
514 135 29.0698
515 135 29.0698
516 135 29.0698
620 135 19.3986
621 135 19.3986
100 136 15.674
270 136 29.0698
382 136 25.4453
415 136 23.9521
509 136 29.0698
514 136 29.0698
515 136 29.0698
516 136 29.0698
603 136 20.3666
100 137 15.674
509 137 29.0698
514 137 29.0698
515 137 29.0698
620 137 19.3986
621 137 19.3986
554 138 31.2989
556 138 27.137
557 138 27.137
558 138 27.137
607 138 25.4453
621 138 19.3986
557 139 27.137
558 139 27.137
607 139 25.4453
608 139 25.4453
612 139 20.3666
621 139 19.3986
622 139 19.3986
474 140 29.0698
557 140 27.137
607 140 25.4453
611 140 20.3666
612 140 20.3666
621 140 19.3986
622 140 19.3986
111 141 16.2999
474 141 29.0698
557 141 27.137
558 141 27.137
607 141 25.4453
611 141 20.3666
620 141 19.3986
621 141 19.3986
632 141 18.5185
633 141 18.5185
100 142 16.2999
111 142 16.2999
446 142 33.8983
607 142 25.4453
608 142 25.4453
620 142 20.3666
632 142 18.5185
633 142 18.5185
101 143 16.2999
111 143 16.2999
381 143 25.4453
382 143 25.4453
512 143 29.0698
513 143 27.137
541 143 50.7614
607 143 25.4453
608 143 25.4453
633 143 18.5185
111 144 16.2999
272 144 29.0698
382 144 25.4453
509 144 36.9686
510 144 36.9686
512 144 29.0698
513 144 29.0698
607 144 25.4453
618 144 20.3666
111 145 16.2999
273 145 29.0698
378 145 23.9521
509 145 36.9686
513 145 29.0698
557 145 29.0698
558 145 29.0698
607 145 25.4453
618 145 20.3666
619 145 20.3666
620 145 20.3666
101 146 16.2999
111 146 16.2999
378 146 23.9521
385 146 25.4453
509 146 36.9686
513 146 29.0698
607 146 25.4453
618 146 19.3986
619 146 19.3986
111 147 16.2999
378 147 23.9521
471 147 29.0698
472 147 29.0698
504 147 50.7614
509 147 36.9686
607 147 25.4453
100 148 16.2999
101 148 16.2999
111 148 16.2999
405 148 36.9686
471 148 29.0698
472 148 29.0698
498 148 36.9686
499 148 36.9686
504 148 50.7614
510 148 29.0698
516 148 29.0698
557 148 27.137
558 148 27.137
620 148 19.3986
111 149 16.2999
472 149 29.0698
510 149 29.0698
516 149 29.0698
607 149 25.4453
608 149 25.4453
620 149 19.3986
472 150 29.0698
510 150 29.0698
516 150 29.0698
558 150 27.137
621 150 19.3986
384 151 25.4453
401 151 45.1467
408 151 23.9521
446 151 31.2989
447 151 31.2989
472 151 29.0698
510 151 29.0698
516 151 29.0698
621 151 19.3986
267 152 29.0698
273 152 20.3666
472 152 29.0698
510 152 29.0698
558 152 27.137
267 153 29.0698
268 153 29.0698
273 153 20.3666
394 153 25.4453
395 153 25.4453
446 153 33.8983
472 153 29.0698
510 153 29.0698
269 154 29.0698
392 154 27.137
394 154 25.4453
405 154 23.9521
446 154 33.8983
472 154 29.0698
510 154 29.0698
516 154 29.0698
557 154 27.137
558 154 27.137
608 154 23.9521
270 155 29.0698
388 155 57.971
395 155 25.4453
472 155 29.0698
510 155 29.0698
516 155 29.0698
517 155 29.0698
270 156 29.0698
271 156 29.0698
387 156 57.971
394 156 25.4453
395 156 25.4453
472 156 29.0698
510 156 29.0698
516 156 29.0698
517 156 29.0698
558 156 27.137
271 157 31.2989
386 157 57.971
387 157 57.971
395 157 23.9521
447 157 31.2989
502 157 33.8983
510 157 29.0698
516 157 29.0698
558 157 27.137
386 158 67.5676
395 158 23.9521
396 158 23.9521
472 158 29.0698
510 158 29.0698
516 158 29.0698
517 158 29.0698
608 158 25.4453
396 159 23.9521
472 159 29.0698
510 159 29.0698
516 159 29.0698
558 159 27.137
396 160 23.9521
510 160 29.0698
516 160 29.0698
608 160 25.4453
446 161 33.8983
472 161 31.2989
503 161 57.971
504 161 57.971
510 161 29.0698
516 161 29.0698
608 161 25.4453
396 162 23.9521
401 162 25.4453
510 162 29.0698
516 162 29.0698
517 162 29.0698
395 163 23.9521
396 163 23.9521
401 163 25.4453
510 163 29.0698
516 163 29.0698
517 163 29.0698
611 163 25.4453
396 164 23.9521
401 164 25.4453
510 164 29.0698
511 164 29.0698
516 164 29.0698
517 164 29.0698
608 164 25.4453
473 165 29.0698
510 165 29.0698
511 165 29.0698
516 165 29.0698
517 165 29.0698
608 165 25.4453
634 165 19.3986
395 166 23.9521
510 166 29.0698
511 166 29.0698
516 166 29.0698
517 166 29.0698
561 166 27.137
608 166 25.4453
634 166 18.5185
635 166 18.5185
395 167 23.9521
510 167 29.0698
511 167 27.137
516 167 29.0698
517 167 29.0698
561 167 27.137
624 167 19.3986
625 167 18.5185
626 167 18.5185
627 167 18.5185
634 167 18.5185
635 167 18.5185
636 167 18.5185
331 168 36.9686
339 168 33.8983
395 168 23.9521
401 168 25.4453
476 168 31.2989
485 168 50.7614
510 168 29.0698
511 168 27.137
516 168 29.0698
517 168 29.0698
561 168 27.137
624 168 19.3986
625 168 19.3986
635 168 18.5185
275 169 31.2989
288 169 18.5185
331 169 36.9686
395 169 25.4453
508 169 29.0698
511 169 27.137
516 169 29.0698
517 169 29.0698
554 169 27.137
555 169 27.137
558 169 29.0698
560 169 27.137
561 169 27.137
623 169 19.3986
624 169 19.3986
625 169 19.3986
635 169 18.5185
281 170 31.2989
282 170 31.2989
288 170 18.5185
331 170 36.9686
395 170 25.4453
396 170 25.4453
516 170 29.0698
517 170 29.0698
555 170 27.137
623 170 19.3986
624 170 19.3986
282 171 29.0698
288 171 18.5185
395 171 25.4453
516 171 29.0698
282 172 29.0698
288 172 18.5185
395 172 25.4453
605 172 29.0698
608 172 25.4453
283 173 29.0698
395 173 25.4453
451 173 50.7614
452 173 50.7614
473 173 29.0698
510 173 29.0698
511 173 29.0698
513 173 29.0698
605 173 29.0698
608 173 25.4453
609 173 25.4453
473 174 29.0698
605 174 29.0698
608 174 25.4453
609 174 25.4453
327 175 67.5676
331 175 36.9686
332 175 36.9686
473 175 29.0698
608 175 25.4453
609 175 25.4453
283 176 31.2989
288 176 20.3666
331 176 36.9686
332 176 36.9686
394 176 25.4453
473 176 29.0698
555 176 31.2989
557 176 27.137
558 176 27.137
559 176 27.137
608 176 25.4453
284 177 31.2989
328 177 67.5676
332 177 36.9686
333 177 36.9686
394 177 25.4453
395 177 25.4453
448 177 31.2989
554 177 31.2989
555 177 31.2989
558 177 27.137
559 177 27.137
608 177 25.4453
609 177 25.4453
623 177 19.3986
333 178 36.9686
334 178 36.9686
395 178 25.4453
513 178 27.137
558 178 27.137
559 178 27.137
605 178 29.0698
608 178 25.4453
609 178 25.4453
623 178 19.3986
510 179 33.8983
513 179 27.137
514 179 27.137
558 179 27.137
608 179 25.4453
622 179 19.3986
623 179 19.3986
510 180 33.8983
513 180 27.137
514 180 27.137
558 180 27.137
559 180 27.137
608 180 25.4453
623 180 19.3986
394 181 23.9521
472 181 29.0698
473 181 29.0698
513 181 29.0698
514 181 29.0698
558 181 27.137
608 181 25.4453
394 182 23.9521
468 182 45.1467
472 182 29.0698
473 182 29.0698
510 182 36.9686
513 182 29.0698
514 182 29.0698
558 182 27.137
559 182 27.137
608 182 25.4453
625 182 19.3986
634 182 19.3986
635 182 19.3986
394 183 23.9521
446 183 31.2989
447 183 31.2989
448 183 31.2989
472 183 29.0698
473 183 29.0698
510 183 36.9686
513 183 29.0698
514 183 29.0698
558 183 27.137
605 183 29.0698
608 183 25.4453
625 183 19.3986
634 183 19.3986
635 183 19.3986
394 184 23.9521
395 184 23.9521
446 184 31.2989
447 184 31.2989
448 184 31.2989
472 184 29.0698
473 184 29.0698
510 184 36.9686
513 184 29.0698
514 184 29.0698
558 184 27.137
605 184 29.0698
608 184 25.4453
625 184 19.3986
447 185 31.2989
448 185 31.2989
472 185 29.0698
473 185 29.0698
510 185 36.9686
513 185 29.0698
514 185 29.0698
558 185 27.137
605 185 29.0698
608 185 25.4453
609 185 25.4453
625 185 19.3986
395 186 23.9521
448 186 31.2989
473 186 29.0698
513 186 29.0698
514 186 29.0698
558 186 27.137
605 186 29.0698
608 186 25.4453
395 187 23.9521
447 187 29.0698
448 187 29.0698
472 187 29.0698
473 187 29.0698
513 187 29.0698
514 187 29.0698
608 187 25.4453
395 188 23.9521
468 188 45.1467
472 188 29.0698
473 188 29.0698
513 188 29.0698
514 188 29.0698
558 188 27.137
559 188 27.137
608 188 25.4453
395 189 25.4453
473 189 29.0698
513 189 27.137
514 189 27.137
558 189 27.137
605 189 31.2989
608 189 25.4453
609 189 25.4453
624 189 19.3986
395 190 25.4453
473 190 29.0698
510 190 36.9686
513 190 27.137
514 190 27.137
558 190 27.137
559 190 27.137
608 190 25.4453
624 190 19.3986
636 190 18.5185
447 191 31.2989
473 191 29.0698
510 191 36.9686
514 191 27.137
558 191 27.137
559 191 27.137
624 191 19.3986
625 191 19.3986
447 192 31.2989
473 192 29.0698
510 192 36.9686
514 192 27.137
608 192 25.4453
624 192 19.3986
447 193 31.2989
448 193 31.2989
473 193 29.0698
510 193 36.9686
514 193 27.137
558 193 27.137
624 193 19.3986
283 194 29.0698
394 194 23.9521
395 194 23.9521
468 194 45.1467
473 194 29.0698
510 194 36.9686
514 194 27.137
558 194 27.137
625 194 19.3986
395 195 25.4453
473 195 29.0698
510 195 36.9686
514 195 27.137
555 195 33.8983
558 195 27.137
559 195 27.137
624 195 19.3986
625 195 19.3986
447 196 33.8983
448 196 33.8983
473 196 29.0698
514 196 27.137
608 196 27.137
609 196 27.137
623 196 19.3986
624 196 19.3986
625 196 19.3986
395 197 25.4453
447 197 33.8983
448 197 33.8983
473 197 29.0698
474 197 29.0698
514 197 27.137
111 198 16.2999
396 198 25.4453
447 198 33.8983
448 198 33.8983
473 198 29.0698
474 198 29.0698
510 198 36.9686
514 198 27.137
559 198 25.4453
23 199 80.9717
396 199 25.4453
447 199 33.8983
448 199 33.8983
469 199 40.6504
473 199 31.2989
510 199 36.9686
514 199 27.137
637 199 18.5185
447 200 33.8983
448 200 33.8983
473 200 31.2989
559 200 25.4453
473 201 31.2989
473 202 31.2989
474 202 31.2989
624 202 18.5185
636 202 19.3986
637 202 19.3986
473 203 31.2989
514 203 27.137
636 203 19.3986
637 203 19.3986
473 204 31.2989
514 204 27.137
609 204 25.4453
624 204 19.3986
625 204 19.3986
396 205 23.9521
447 205 31.2989
448 205 31.2989
473 205 31.2989
474 205 31.2989
606 205 27.137
608 205 25.4453
609 205 25.4453
447 206 31.2989
448 206 31.2989
473 206 31.2989
514 206 27.137
559 206 27.137
608 206 25.4453
609 206 25.4453
624 206 19.3986
283 207 29.0698
447 207 31.2989
448 207 31.2989
473 207 31.2989
511 207 33.8983
514 207 27.137
555 207 33.8983
558 207 27.137
559 207 27.137
624 207 19.3986
625 207 19.3986
626 207 19.3986
636 207 18.5185
637 207 18.5185
283 208 29.0698
404 208 23.9521
447 208 31.2989
448 208 31.2989
473 208 31.2989
474 208 31.2989
511 208 33.8983
514 208 27.137
623 208 19.3986
624 208 19.3986
625 208 19.3986
626 208 19.3986
636 208 18.5185
637 208 18.5185
395 209 25.4453
396 209 25.4453
404 209 23.9521
473 209 31.2989
474 209 31.2989
625 209 19.3986
626 209 19.3986
637 209 18.5185
403 210 23.9521
404 210 23.9521
447 210 31.2989
448 210 31.2989
473 210 31.2989
404 211 23.9521
606 211 29.0698
609 211 25.4453
396 212 29.0698
447 212 31.2989
448 212 31.2989
449 212 31.2989
469 212 31.2989
470 212 31.2989
606 212 29.0698
608 212 25.4453
609 212 25.4453
610 212 25.4453
469 213 31.2989
470 213 31.2989
511 213 33.8983
514 213 27.137
554 213 33.8983
555 213 33.8983
556 213 29.0698
558 213 27.137
559 213 27.137
603 213 25.4453
606 213 29.0698
609 213 25.4453
385 214 101.01
394 214 29.0698
406 214 50.7614
410 214 33.8983
411 214 33.8983
469 214 31.2989
470 214 31.2989
510 214 33.8983
511 214 33.8983
514 214 27.137
515 214 27.137
546 214 29.0698
549 214 29.0698
550 214 29.0698
558 214 27.137
559 214 27.137
560 214 27.137
603 214 25.4453
609 214 25.4453
406 215 50.7614
407 215 50.7614
410 215 33.8983
411 215 33.8983
468 215 31.2989
469 215 31.2989
473 215 29.0698
474 215 29.0698
510 215 33.8983
511 215 33.8983
514 215 29.0698
549 215 29.0698
550 215 29.0698
559 215 27.137
603 215 25.4453
609 215 25.4453
637 215 18.5185
373 216 200
374 216 200
407 216 50.7614
468 216 31.2989
469 216 31.2989
470 216 31.2989
473 216 29.0698
474 216 29.0698
511 216 33.8983
514 216 29.0698
546 216 29.0698
556 216 27.137
559 216 27.137
562 216 27.137
603 216 25.4453
609 216 25.4453
612 216 25.4453
636 216 18.5185
637 216 18.5185
514 217 29.0698
546 217 29.0698
556 217 27.137
559 217 27.137
562 217 27.137
603 217 25.4453
609 217 25.4453
612 217 25.4453
624 217 19.3986
636 217 18.5185
637 217 18.5185
488 218 27.137
489 218 27.137
490 218 27.137
493 218 20.3666
494 218 20.3666
495 218 20.3666
496 218 19.3986
514 218 29.0698
556 218 27.137
562 218 27.137
612 218 25.4453
636 218 18.5185
637 218 18.5185
493 219 20.3666
494 219 20.3666
495 219 20.3666
511 219 29.0698
512 219 29.0698
514 219 29.0698
562 219 27.137
609 219 25.4453
612 219 25.4453
635 219 18.5185
636 219 18.5185
637 219 18.5185
355 220 23.9521
511 220 29.0698
556 220 27.137
559 220 27.137
562 220 27.137
612 220 25.4453
637 220 18.5185
340 221 22.6244
355 221 23.9521
356 221 23.9521
370 221 23.9521
499 221 19.3986
514 221 29.0698
559 221 27.137
609 221 25.4453
612 221 25.4453
637 221 18.5185
370 222 23.9521
498 222 20.3666
499 222 19.3986
500 222 19.3986
514 222 29.0698
579 222 25.4453
580 222 25.4453
581 222 25.4453
603 222 25.4453
612 222 25.4453
496 223 20.3666
497 223 19.3986
498 223 19.3986
499 223 19.3986
580 223 25.4453
581 223 25.4453
603 223 25.4453
609 223 25.4453
612 223 25.4453
613 223 25.4453
636 223 18.5185
637 223 18.5185
363 224 22.6244
364 224 22.6244
477 224 19.3986
492 224 25.4453
496 224 20.3666
497 224 19.3986
498 224 19.3986
499 224 19.3986
588 224 23.9521
589 224 23.9521
590 224 23.9521
591 224 22.6244
612 224 25.4453
636 224 18.5185
637 224 18.5185
343 225 22.6244
363 225 22.6244
364 225 22.6244
365 225 22.6244
498 225 19.3986
499 225 19.3986
559 225 27.137
636 225 18.5185
637 225 18.5185
365 226 22.6244
499 226 19.3986
365 227 22.6244
380 227 45.1467
383 227 31.2989
407 227 33.8983
494 227 19.3986
495 227 19.3986
499 227 19.3986
500 227 19.3986
354 228 101.01
362 228 29.0698
365 228 22.6244
407 228 33.8983
411 228 31.2989
494 228 19.3986
500 228 19.3986
501 228 19.3986
318 229 31.2989
362 229 29.0698
365 229 22.6244
397 229 200
407 229 33.8983
411 229 31.2989
436 229 20.3666
452 229 20.3666
477 229 19.3986
501 229 19.3986
502 229 19.3986
634 229 16.2999
108 230 16.2999
300 230 36.9686
380 230 45.1467
382 230 45.1467
407 230 33.8983
411 230 31.2989
435 230 20.3666
436 230 20.3666
451 230 20.3666
452 230 20.3666
477 230 19.3986
501 230 19.3986
502 230 19.3986
503 230 19.3986
515 230 27.137
107 231 16.2999
108 231 16.2999
250 231 29.0698
365 231 23.9521
380 231 45.1467
440 231 20.3666
502 231 19.3986
503 231 19.3986
504 231 18.5185
562 231 27.137
610 231 23.9521
627 231 17.7148
628 231 17.7148
108 232 16.2999
250 232 29.0698
251 232 29.0698
256 232 18.5185
362 232 29.0698
365 232 23.9521
372 232 57.971
405 232 40.6504
408 232 33.8983
430 232 22.6244
431 232 21.4362
432 232 21.4362
439 232 20.3666
440 232 20.3666
502 232 19.3986
503 232 19.3986
504 232 18.5185
549 232 31.2989
609 232 23.9521
610 232 23.9521
625 232 17.7148
321 233 23.9521
341 233 9.9453
362 233 29.0698
365 233 23.9521
366 233 23.9521
380 233 45.1467
428 233 23.9521
429 233 23.9521
432 233 21.4362
512 233 19.3986
562 233 27.137
563 233 27.137
586 233 25.4453
622 233 18.5185
623 233 17.7148
321 234 23.9521
322 234 23.9521
326 234 18.5185
338 234 11.0193
341 234 9.9453
342 234 9.9453
365 234 23.9521
505 234 18.5185
562 234 27.137
108 235 16.2999
322 235 23.9521
323 235 23.9521
386 235 31.2989
498 235 25.4453
499 235 25.4453
501 235 22.6244
504 235 19.3986
505 235 19.3986
557 235 27.137
562 235 27.137
563 235 27.137
607 235 25.4453
108 236 16.2999
398 236 25.4453
399 236 25.4453
497 236 25.4453
503 236 19.3986
504 236 19.3986
505 236 19.3986
507 236 18.5185
508 236 16.9779
562 236 27.137
350 237 22.6244
503 237 19.3986
504 237 19.3986
505 237 19.3986
518 237 27.137
556 237 27.137
562 237 27.137
622 237 16.2999
623 237 16.2999
108 238 16.2999
501 238 20.3666
603 238 27.137
623 238 16.2999
624 238 16.2999
108 239 16.2999
399 239 21.4362
516 239 20.3666
551 239 27.137
622 239 16.2999
623 239 16.2999
624 239 16.2999
505 240 19.3986
516 240 20.3666
617 240 16.9779
618 240 16.2999
108 241 16.2999
261 241 27.137
556 241 27.137
616 241 16.9779
617 241 16.9779
618 241 16.2999
619 241 16.2999
261 242 27.137
265 242 20.3666
390 242 101.01
397 242 33.8983
403 242 22.6244
404 242 21.4362
517 242 21.4362
549 242 29.0698
550 242 29.0698
556 242 27.137
618 242 16.2999
619 242 16.2999
620 242 16.2999
621 242 16.2999
309 243 25.4453
310 243 25.4453
367 243 22.6244
402 243 22.6244
403 243 21.4362
550 243 29.0698
556 243 27.137
564 243 25.4453
619 243 16.2999
620 243 16.2999
236 244 27.137
309 244 25.4453
316 244 16.2999
352 244 23.9521
353 244 23.9521
401 244 22.6244
402 244 22.6244
550 244 29.0698
565 244 25.4453
566 244 25.4453
567 244 23.9521
351 245 23.9521
352 245 23.9521
359 245 15.0943
360 245 15.0943
400 245 22.6244
401 245 22.6244
488 245 19.3986
541 245 25.4453
351 246 23.9521
360 246 15.0943
400 246 22.6244
488 246 19.3986
489 246 19.3986
490 246 19.3986
504 246 19.3986
505 246 19.3986
506 246 19.3986
507 246 18.5185
524 246 25.4453
541 246 25.4453
542 246 25.4453
553 246 25.4453
554 246 25.4453
560 246 23.9521
561 246 23.9521
350 247 23.9521
396 247 27.137
489 247 18.5185
490 247 18.5185
505 247 19.3986
506 247 19.3986
541 247 25.4453
350 248 23.9521
362 248 14.556
396 248 27.137
490 248 18.5185
491 248 18.5185
527 248 23.9521
396 249 27.137
406 249 40.6504
407 249 40.6504
410 249 29.0698
415 249 20.3666
491 249 18.5185
352 250 45.1467
397 250 22.6244
415 250 20.3666
575 250 17.7148
576 250 17.7148
590 250 17.7148
591 250 16.9779
592 250 16.9779
593 250 16.2999
594 250 16.2999
352 251 45.1467
360 251 23.9521
415 251 20.3666
466 251 20.3666
485 251 19.3986
486 251 19.3986
588 251 17.7148
589 251 17.7148
590 251 16.9779
591 251 16.9779
592 251 16.9779
601 251 16.9779
602 251 16.9779
316 252 23.9521
352 252 45.1467
369 252 134.228
370 252 134.228
382 252 23.9521
415 252 20.3666
416 252 21.4362
476 252 19.3986
478 252 19.3986
486 252 19.3986
487 252 19.3986
588 252 17.7148
589 252 17.7148
603 252 16.9779
604 252 16.9779
352 253 45.1467
358 253 23.9521
359 253 23.9521
382 253 23.9521
412 253 21.4362
413 253 21.4362
474 253 20.3666
476 253 19.3986
478 253 19.3986
479 253 19.3986
518 253 20.3666
519 253 20.3666
586 253 17.7148
587 253 17.7148
588 253 17.7148
604 253 16.9779
605 253 16.2999
606 253 16.2999
330 254 27.137
331 254 27.137
353 254 45.1467
370 254 23.9521
371 254 23.9521
391 254 45.1467
406 254 31.2989
407 254 31.2989
412 254 21.4362
413 254 21.4362
473 254 19.3986
474 254 20.3666
486 254 19.3986
487 254 19.3986
517 254 20.3666
518 254 20.3666
519 254 20.3666
585 254 17.7148
586 254 17.7148
587 254 17.7148
605 254 16.2999
606 254 16.2999
353 255 40.6504
359 255 23.9521
371 255 23.9521
372 255 23.9521
400 255 21.4362
403 255 57.971
415 255 20.3666
482 255 23.9521
483 255 23.9521
487 255 19.3986
517 255 20.3666
518 255 20.3666
572 255 17.7148
584 255 17.7148
585 255 17.7148
586 255 17.7148
606 255 16.2999
607 255 16.2999
372 256 23.9521
414 256 21.4362
415 256 21.4362
470 256 67.5676
482 256 23.9521
483 256 23.9521
484 256 23.9521
487 256 19.3986
572 256 17.7148
585 256 17.7148
607 256 16.2999
414 257 21.4362
415 257 21.4362
418 257 31.2989
422 257 22.6244
423 257 22.6244
450 257 22.6244
451 257 22.6244
474 257 19.3986
487 257 19.3986
584 257 17.7148
585 257 17.7148
594 257 16.9779
607 257 16.2999
608 257 16.2999
402 258 50.7614
403 258 50.7614
413 258 21.4362
414 258 21.4362
423 258 22.6244
424 258 22.6244
436 258 23.9521
437 258 23.9521
473 258 19.3986
474 258 19.3986
476 258 19.3986
478 258 19.3986
482 258 23.9521
486 258 19.3986
487 258 19.3986
583 258 17.7148
584 258 17.7148
585 258 17.7148
592 258 16.9779
598 258 16.9779
599 258 16.9779
403 259 50.7614
412 259 21.4362
413 259 21.4362
424 259 22.6244
474 259 19.3986
486 259 19.3986
487 259 19.3986
506 259 21.4362
507 259 21.4362
584 259 17.7148
592 259 16.9779
593 259 16.9779
598 259 16.9779
599 259 16.9779
600 259 17.7148
608 259 16.2999
609 259 16.2999
475 260 19.3986
485 260 19.3986
486 260 19.3986
487 260 19.3986
500 260 20.3666
501 260 20.3666
502 260 20.3666
506 260 21.4362
556 260 21.4362
583 260 17.7148
584 260 17.7148
592 260 16.9779
593 260 16.9779
608 260 16.2999
609 260 16.2999
455 261 22.6244
456 261 22.6244
475 261 18.5185
476 261 18.5185
484 261 20.3666
485 261 19.3986
505 261 21.4362
506 261 21.4362
583 261 17.7148
584 261 17.7148
602 261 16.9779
603 261 16.9779
604 261 16.9779
609 261 16.2999
477 262 18.5185
480 262 22.6244
482 262 21.4362
483 262 20.3666
484 262 20.3666
485 262 19.3986
583 262 17.7148
588 262 17.7148
589 262 17.7148
602 262 16.9779
603 262 16.9779
604 262 16.9779
605 262 16.2999
609 262 16.2999
610 262 16.2999
611 262 16.2999
481 263 21.4362
482 263 21.4362
483 263 20.3666
609 263 16.2999
610 263 16.2999
599 264 16.9779
609 264 16.9779
530 265 20.3666
531 265 20.3666
589 265 16.9779
593 265 16.9779
599 265 17.7148
600 265 17.7148
594 266 16.9779
595 266 16.9779
602 266 16.9779
603 266 16.9779
590 267 16.9779
594 267 16.9779
595 267 16.9779
600 267 17.7148
601 267 17.7148
602 267 16.9779
603 267 16.9779
567 268 19.3986
591 268 16.9779
592 268 16.9779
599 268 17.7148
600 268 17.7148
601 268 17.7148
602 268 17.7148
598 269 18.5185
600 269 17.7148
128 276 15.0943
154 278 14.556
159 280 14.0548
570 281 13.587
162 282 13.587
163 283 13.587
164 284 13.587
164 285 13.1492
166 294 11.325
167 294 11.325
509 301 11.6482
510 301 11.325
511 301 11.325
511 302 11.325
512 302 10.4548
513 302 10.4548
516 302 9.70874
517 302 9.70874
592 302 10.1937
593 302 10.1937
594 302 9.9453
595 302 9.9453
596 302 9.70874
626 302 10.1937
627 302 10.1937
628 302 10.1937
143 304 10.4548
626 307 9.26784
625 308 9.26784
626 308 9.26784
627 308 9.26784
628 308 9.26784
122 311 9.26784
123 311 9.26784
128 311 9.26784
129 311 9.26784
130 311 9.26784
135 311 9.48317
139 311 9.48317
142 311 9.70874
143 311 9.70874
144 311 9.70874
145 311 9.48317
146 311 9.48317
145 312 9.48317
636 312 9.26784
637 312 9.26784
558 315 8.86525
559 315 8.86525
107 319 8.67679
110 319 8.67679
111 319 8.67679
112 319 8.67679
114 319 8.67679
115 319 8.67679
116 319 8.67679
117 319 8.67679
118 319 8.67679
119 319 8.67679
120 319 8.67679
123 319 8.86525
124 319 8.86525
125 319 8.86525
126 319 8.86525
134 320 8.32293
135 320 8.49618
136 320 8.49618
137 320 8.49618
583 322 8.67679
584 322 8.49618
585 322 8.49618
586 322 8.32293
587 322 8.15661
588 322 8.15661
589 322 8.15661
590 322 8.15661
591 322 7.9968
585 323 8.49618
587 323 8.15661
133 324 8.15661
87 329 7.9968
88 329 7.9968
89 329 7.9968
90 329 8.15661
92 329 8.15661
93 329 8.15661
94 329 8.15661
95 329 8.15661
96 329 8.15661
97 329 8.15661
100 330 7.55287
101 330 7.69527
102 330 7.55287
103 330 7.69527
104 330 7.69527
105 330 7.69527
106 330 7.69527
107 330 7.69527
108 330 7.69527
109 330 7.69527
110 330 7.84314
111 330 7.84314
112 330 7.84314
113 330 7.84314
114 330 7.84314
115 330 7.84314
116 330 7.84314
117 330 7.9968
118 330 7.9968
119 330 7.9968
120 330 7.9968
121 330 7.9968
122 330 7.9968
123 330 7.84314
124 330 7.69527
125 330 7.69527
122 331 7.9968
123 331 7.84314
124 331 7.69527
125 331 7.69527
126 331 7.69527
119 336 7.41565
120 336 7.41565
71 342 6.7981
72 343 6.91324
73 343 6.7981
74 343 6.7981
75 343 6.7981
76 343 6.91324
77 343 6.91324
78 343 6.91324
79 343 6.91324
80 343 6.91324
81 343 7.03235
82 343 7.03235
83 343 7.03235
84 343 7.03235
85 343 7.03235
86 343 7.15564
87 343 7.15564
88 343 7.15564
89 343 7.15564
90 343 7.15564
91 343 6.7981
90 344 7.15564
91 344 6.7981
92 344 6.7981
93 344 6.7981
94 344 6.7981
95 344 6.7981
96 344 6.7981
97 344 6.91324
98 344 6.91324
99 344 6.91324
100 344 6.91324
101 344 6.91324
102 344 7.03235
103 344 7.03235
104 344 7.03235
105 344 7.03235
106 344 7.03235
107 344 7.15564
108 344 7.03235
109 344 7.03235
110 344 7.03235
60 345 6.7981
104 345 7.03235
106 345 7.03235
107 345 7.15564
108 345 7.03235
109 345 7.03235
110 345 7.03235
66 346 6.7981
71 347 6.7981
48 348 6.68673
49 348 6.68673
50 348 6.68673
51 348 6.68673
52 348 6.68673
52 349 6.68673
53 349 6.68673
54 349 6.68673
55 349 6.68673
56 349 6.68673
57 349 6.68673
57 350 6.68673
58 350 6.57895
59 350 6.57895
60 350 6.57895
61 350 6.57895
62 350 6.57895
62 351 6.57895
63 351 6.57895
64 351 6.57895
65 351 6.57895
66 351 6.57895
67 351 6.57895
91 351 6.57895
92 351 6.57895
67 352 6.57895
68 352 6.47459
69 352 6.47459
70 352 6.47459
71 352 6.47459
97 352 6.47459
98 352 6.47459
99 352 6.47459
74 353 6.47459
75 353 6.47459
76 353 6.47459
77 353 6.47459
102 353 6.37349
103 353 6.37349
77 354 6.47459
78 354 6.37349
79 354 6.37349
80 354 6.37349
81 354 6.37349
82 354 6.37349
83 354 6.37349
83 355 6.37349
84 355 6.37349
85 355 6.37349
86 355 6.37349
87 355 6.37349
90 356 6.27549
91 356 6.27549
97 358 6.27549
61 363 5.9988
62 363 5.9988
63 363 5.9988
65 363 5.9988
66 363 5.9988
67 363 5.9988
68 363 6.08828
69 363 6.08828
70 363 6.08828
71 363 6.08828
83 364 5.91191
84 364 5.91191
86 364 5.91191
87 364 5.91191
88 364 5.91191
89 364 5.9988
90 364 5.9988
47 374 5.66572
48 374 5.66572
51 374 5.74548
52 374 5.66572
54 375 5.51268
55 375 5.51268
56 375 5.51268
57 375 5.51268
58 375 5.51268
59 375 5.51268
60 375 5.51268
61 375 5.58815
62 375 5.58815
63 375 5.58815
64 375 5.58815
65 375 5.66572
66 375 5.66572
67 375 5.66572
68 375 5.66572
68 376 5.66572
69 376 5.43922
70 376 5.43922
71 376 5.43922
72 376 5.51268
73 376 5.51268
74 376 5.51268
75 376 5.51268
76 376 5.51268
77 376 5.51268
70 382 5.36769
71 382 5.36769
39 389 5.16396
43 390 5.03651
44 390 5.03651
46 390 5.09944
47 390 5.09944
50 391 4.97512
51 391 5.03651
52 391 5.03651
53 391 5.03651
54 391 5.03651
55 391 5.03651
56 391 5.09944
57 391 5.09944
58 391 4.97512
56 392 5.09944
57 392 5.09944
58 392 4.97512
59 392 4.97512
60 392 4.97512
45 396 4.91521
16 397 4.91521
49 397 4.79962
52 397 4.85673
53 397 4.85673
54 397 4.85673
16 398 4.91521
17 398 4.91521
53 398 4.85673
54 398 4.85673
43 402 4.85673
46 402 4.74383
37 403 4.79962
38 403 4.79962
42 403 4.85673
335 422 4.2061
336 422 4.2061
336 426 4.12116
337 426 4.12116
11 439 4.03959
12 439 4.03959
15 439 4.03959
5 440 4.03959
9 445 4.03959
