169 3 50.7614
342 3 36.9686
343 3 36.9686
488 3 40.6504
492 3 27.137
493 3 27.137
534 3 31.2989
586 3 25.4453
637 3 33.8983
168 4 50.7614
169 4 50.7614
343 4 36.9686
344 4 36.9686
492 4 29.0698
493 4 29.0698
586 4 25.4453
637 4 31.2989
339 5 57.971
343 5 36.9686
344 5 36.9686
406 5 22.6244
534 5 31.2989
169 6 50.7614
301 6 29.0698
302 6 29.0698
340 6 57.971
406 6 22.6244
407 6 22.6244
492 6 27.137
493 6 27.137
534 6 31.2989
301 7 29.0698
302 7 29.0698
303 7 29.0698
400 7 22.6244
401 7 22.6244
431 7 22.6244
492 7 27.137
493 7 27.137
534 7 31.2989
302 8 29.0698
303 8 29.0698
401 8 22.6244
465 8 29.0698
466 8 29.0698
488 8 40.6504
493 8 27.137
534 8 31.2989
169 9 50.7614
303 9 29.0698
464 9 29.0698
465 9 29.0698
488 9 40.6504
493 9 27.137
534 9 31.2989
168 10 50.7614
169 10 50.7614
325 10 27.137
405 10 22.6244
465 10 29.0698
493 10 27.137
534 10 31.2989
586 10 23.9521
587 10 23.9521
169 11 50.7614
198 11 33.8983
405 11 22.6244
406 11 22.6244
434 11 22.6244
488 11 40.6504
583 11 29.0698
586 11 25.4453
587 11 25.4453
195 12 45.1467
198 12 33.8983
406 12 22.6244
407 12 22.6244
586 12 25.4453
168 13 57.971
169 13 57.971
201 13 33.8983
203 13 31.2989
488 13 40.6504
493 13 27.137
586 13 25.4453
168 14 57.971
169 14 57.971
200 14 33.8983
586 14 25.4453
169 15 57.971
201 15 33.8983
404 15 22.6244
405 15 22.6244
431 15 22.6244
537 15 27.137
586 15 25.4453
201 16 36.9686
202 16 36.9686
245 16 40.6504
301 16 27.137
305 16 21.4362
404 16 22.6244
405 16 22.6244
409 16 22.6244
418 16 22.6244
537 16 27.137
586 16 25.4453
301 17 27.137
302 17 27.137
537 17 27.137
538 17 27.137
586 17 25.4453
302 18 27.137
436 18 22.6244
586 18 25.4453
404 19 22.6244
436 19 22.6244
586 19 25.4453
587 19 25.4453
404 20 22.6244
586 20 25.4453
325 21 27.137
326 21 27.137
586 21 25.4453
302 22 29.0698
303 22 29.0698
326 22 27.137
586 22 25.4453
303 23 29.0698
435 23 22.6244
489 23 36.9686
537 23 25.4453
538 23 25.4453
586 23 25.4453
195 24 36.9686
304 24 29.0698
435 24 22.6244
436 24 22.6244
489 24 36.9686
493 24 27.137
534 24 31.2989
537 24 25.4453
538 24 25.4453
586 24 25.4453
195 25 36.9686
304 25 29.0698
403 25 22.6244
435 25 22.6244
534 25 31.2989
537 25 25.4453
586 25 25.4453
200 26 22.6244
297 26 29.0698
298 26 29.0698
537 26 27.137
538 26 27.137
586 26 25.4453
298 27 29.0698
403 27 22.6244
534 27 33.8983
537 27 27.137
538 27 27.137
586 27 25.4453
197 28 31.2989
298 28 29.0698
299 28 29.0698
300 28 29.0698
403 28 22.6244
493 28 29.0698
534 28 33.8983
586 28 25.4453
587 28 25.4453
299 29 29.0698
300 29 29.0698
400 29 22.6244
438 29 22.6244
534 29 33.8983
537 29 27.137
586 29 25.4453
299 30 29.0698
399 30 22.6244
412 30 23.9521
413 30 23.9521
414 30 23.9521
534 30 33.8983
198 31 31.2989
200 31 31.2989
401 31 27.137
432 31 22.6244
465 31 29.0698
466 31 29.0698
587 31 25.4453
198 32 31.2989
245 32 45.1467
246 32 45.1467
465 32 29.0698
195 33 50.7614
199 33 31.2989
401 33 23.9521
541 33 27.137
200 34 33.8983
402 34 25.4453
403 34 25.4453
493 34 27.137
494 34 27.137
587 34 25.4453
403 35 25.4453
489 35 36.9686
493 35 29.0698
494 35 29.0698
534 35 33.8983
541 35 27.137
587 35 25.4453
307 36 27.137
403 36 25.4453
405 36 23.9521
406 36 23.9521
489 36 36.9686
493 36 29.0698
541 36 27.137
587 36 25.4453
219 37 33.8983
405 37 23.9521
406 37 23.9521
407 37 23.9521
489 37 36.9686
493 37 29.0698
587 37 25.4453
489 38 36.9686
493 38 29.0698
494 38 29.0698
587 38 25.4453
489 39 36.9686
493 39 29.0698
541 39 27.137
587 39 25.4453
195 40 36.9686
489 40 36.9686
493 40 29.0698
534 40 33.8983
537 40 33.8983
541 40 27.137
587 40 25.4453
294 41 27.137
295 41 27.137
308 41 27.137
400 41 29.0698
401 41 27.137
404 41 22.6244
405 41 22.6244
409 41 17.7148
435 41 23.9521
436 41 23.9521
493 41 29.0698
534 41 33.8983
541 41 27.137
542 41 27.137
587 41 25.4453
127 42 67.5676
196 42 33.8983
294 42 27.137
400 42 29.0698
401 42 27.137
403 42 22.6244
404 42 22.6244
405 42 22.6244
414 42 22.6244
415 42 22.6244
493 42 29.0698
494 42 29.0698
541 42 27.137
587 42 25.4453
126 43 67.5676
202 43 22.6244
224 43 36.9686
400 43 29.0698
401 43 27.137
404 43 22.6244
405 43 22.6244
463 43 36.9686
489 43 40.6504
493 43 29.0698
541 43 27.137
587 43 25.4453
126 44 67.5676
198 44 33.8983
202 44 22.6244
224 44 36.9686
295 44 29.0698
349 44 33.8983
419 44 22.6244
466 44 29.0698
493 44 29.0698
529 44 67.5676
541 44 27.137
542 44 27.137
584 44 29.0698
587 44 25.4453
198 45 33.8983
202 45 22.6244
295 45 29.0698
296 45 29.0698
463 45 36.9686
493 45 29.0698
494 45 29.0698
537 45 36.9686
541 45 27.137
542 45 27.137
584 45 29.0698
586 45 27.137
587 45 25.4453
124 46 67.5676
296 46 29.0698
297 46 29.0698
351 46 33.8983
407 46 22.6244
408 46 22.6244
409 46 22.6244
420 46 22.6244
421 46 22.6244
463 46 36.9686
493 46 29.0698
494 46 29.0698
537 46 36.9686
541 46 27.137
542 46 27.137
198 47 33.8983
199 47 33.8983
246 47 40.6504
296 47 29.0698
297 47 29.0698
298 47 29.0698
404 47 29.0698
408 47 22.6244
422 47 23.9521
434 47 22.6244
463 47 36.9686
466 47 29.0698
489 47 40.6504
493 47 29.0698
541 47 27.137
199 48 33.8983
297 48 29.0698
298 48 29.0698
408 48 23.9521
421 48 23.9521
427 48 22.6244
463 48 36.9686
489 48 40.6504
493 48 29.0698
345 49 33.8983
463 49 36.9686
493 49 29.0698
494 49 29.0698
541 49 27.137
542 49 27.137
403 50 33.8983
408 50 23.9521
409 50 23.9521
410 50 23.9521
537 50 36.9686
541 50 27.137
542 50 27.137
586 50 25.4453
587 50 25.4453
588 50 25.4453
297 51 29.0698
345 51 36.9686
403 51 33.8983
406 51 29.0698
409 51 23.9521
410 51 23.9521
489 51 40.6504
493 51 29.0698
494 51 29.0698
541 51 27.137
542 51 27.137
584 51 29.0698
587 51 25.4453
588 51 25.4453
344 52 36.9686
404 52 33.8983
406 52 29.0698
489 52 40.6504
493 52 29.0698
494 52 29.0698
537 52 36.9686
541 52 27.137
542 52 27.137
584 52 29.0698
587 52 25.4453
144 53 36.9686
344 53 36.9686
489 53 40.6504
541 53 29.0698
542 53 29.0698
554 53 23.9521
555 53 23.9521
586 53 25.4453
587 53 25.4453
195 54 33.8983
343 54 36.9686
344 54 36.9686
402 54 27.137
465 54 31.2989
466 54 29.0698
489 54 40.6504
493 54 29.0698
494 54 29.0698
537 54 36.9686
541 54 29.0698
551 54 27.137
552 54 27.137
587 54 25.4453
195 55 33.8983
400 55 23.9521
410 55 15.0943
463 55 36.9686
465 55 31.2989
466 55 29.0698
489 55 40.6504
493 55 29.0698
494 55 29.0698
587 55 25.4453
196 56 33.8983
199 56 33.8983
200 56 33.8983
410 56 15.0943
438 56 22.6244
463 56 36.9686
466 56 29.0698
489 56 40.6504
541 56 31.2989
587 56 25.4453
295 57 29.0698
296 57 29.0698
301 57 20.3666
352 57 21.4362
402 57 23.9521
438 57 22.6244
587 57 25.4453
296 58 29.0698
301 58 20.3666
401 58 23.9521
402 58 23.9521
434 58 29.0698
463 58 36.9686
494 58 27.137
587 58 25.4453
637 58 31.2989
201 59 20.3666
296 59 29.0698
301 59 20.3666
343 59 36.9686
344 59 36.9686
401 59 23.9521
403 59 23.9521
494 59 27.137
587 59 25.4453
192 60 40.6504
195 60 33.8983
296 60 29.0698
297 60 29.0698
298 60 29.0698
337 60 134.228
344 60 36.9686
345 60 36.9686
436 60 29.0698
489 60 40.6504
494 60 27.137
538 60 25.4453
539 60 25.4453
587 60 25.4453
195 61 33.8983
196 61 33.8983
297 61 29.0698
298 61 29.0698
340 61 101.01
344 61 36.9686
345 61 36.9686
346 61 36.9686
535 61 31.2989
537 61 27.137
538 61 25.4453
539 61 25.4453
587 61 25.4453
196 62 33.8983
197 62 33.8983
198 62 33.8983
338 62 134.228
341 62 67.5676
345 62 36.9686
535 62 31.2989
538 62 27.137
539 62 27.137
587 62 25.4453
140 63 36.9686
141 63 36.9686
198 63 33.8983
199 63 33.8983
246 63 40.6504
338 63 101.01
489 63 40.6504
532 63 45.1467
535 63 31.2989
538 63 27.137
539 63 27.137
587 63 25.4453
141 64 36.9686
199 64 33.8983
200 64 33.8983
298 64 27.137
299 64 27.137
408 64 23.9521
409 64 23.9521
489 64 40.6504
494 64 27.137
531 64 45.1467
538 64 27.137
587 64 25.4453
141 65 36.9686
142 65 36.9686
200 65 33.8983
299 65 27.137
535 65 33.8983
538 65 27.137
587 65 25.4453
400 66 23.9521
428 66 31.2989
432 66 23.9521
433 66 23.9521
535 66 33.8983
538 66 27.137
587 66 25.4453
396 67 31.2989
400 67 23.9521
401 67 23.9521
428 67 31.2989
535 67 33.8983
538 67 27.137
572 67 101.01
587 67 25.4453
141 68 40.6504
142 68 40.6504
202 68 33.8983
396 68 31.2989
436 68 22.6244
534 68 33.8983
535 68 33.8983
587 68 25.4453
203 69 33.8983
392 69 31.2989
436 69 22.6244
493 69 27.137
494 69 27.137
495 69 27.137
496 69 27.137
535 69 33.8983
587 69 25.4453
220 70 33.8983
221 70 33.8983
432 70 29.0698
490 70 40.6504
493 70 27.137
494 70 27.137
495 70 27.137
535 70 33.8983
587 70 25.4453
138 71 36.9686
289 71 36.9686
415 71 22.6244
432 71 29.0698
489 71 40.6504
490 71 40.6504
494 71 27.137
535 71 33.8983
542 71 27.137
587 71 25.4453
195 72 40.6504
393 72 23.9521
394 72 23.9521
395 72 23.9521
396 72 23.9521
403 72 15.674
489 72 40.6504
494 72 29.0698
535 72 33.8983
587 72 25.4453
196 73 40.6504
198 73 33.8983
199 73 31.2989
393 73 23.9521
394 73 23.9521
395 73 23.9521
396 73 23.9521
434 73 29.0698
494 73 29.0698
535 73 33.8983
587 73 27.137
588 73 27.137
196 74 40.6504
199 74 31.2989
200 74 31.2989
395 74 23.9521
494 74 29.0698
587 74 27.137
588 74 27.137
395 75 23.9521
401 75 18.5185
494 75 29.0698
535 75 33.8983
196 76 57.971
200 76 33.8983
289 76 45.1467
395 76 23.9521
466 76 27.137
467 76 27.137
468 76 27.137
489 76 40.6504
494 76 29.0698
535 76 33.8983
542 76 27.137
587 76 25.4453
588 76 25.4453
200 77 33.8983
293 77 27.137
294 77 27.137
396 77 22.6244
466 77 29.0698
467 77 29.0698
489 77 40.6504
494 77 29.0698
535 77 33.8983
539 77 27.137
587 77 25.4453
588 77 25.4453
81 78 67.5676
200 78 33.8983
289 78 27.137
294 78 27.137
300 78 14.556
433 78 22.6244
494 78 29.0698
535 78 33.8983
588 78 25.4453
81 79 67.5676
246 79 45.1467
247 79 45.1467
290 79 45.1467
433 79 22.6244
434 79 22.6244
466 79 29.0698
494 79 29.0698
535 79 33.8983
542 79 27.137
588 79 25.4453
81 80 67.5676
494 80 29.0698
535 80 33.8983
539 80 27.137
588 80 25.4453
81 81 67.5676
135 81 57.971
395 81 23.9521
396 81 23.9521
494 81 29.0698
535 81 33.8983
539 81 27.137
583 81 27.137
588 81 25.4453
290 82 29.0698
395 82 23.9521
396 82 23.9521
431 82 25.4453
535 82 33.8983
542 82 27.137
583 82 27.137
588 82 25.4453
290 83 29.0698
291 83 29.0698
392 83 31.2989
395 83 23.9521
396 83 23.9521
431 83 25.4453
466 83 31.2989
494 83 29.0698
495 83 29.0698
535 83 33.8983
542 83 27.137
543 83 27.137
583 83 27.137
588 83 25.4453
320 84 29.0698
392 84 31.2989
494 84 29.0698
495 84 29.0698
535 84 33.8983
542 84 27.137
588 84 25.4453
128 85 57.971
141 85 36.9686
284 85 29.0698
291 85 18.5185
392 85 31.2989
494 85 29.0698
535 85 33.8983
542 85 27.137
587 85 25.4453
588 85 25.4453
77 86 45.1467
78 86 45.1467
284 86 29.0698
285 86 29.0698
291 86 18.5185
408 86 22.6244
409 86 22.6244
467 86 29.0698
494 86 29.0698
531 86 36.9686
542 86 27.137
83 87 45.1467
285 87 27.137
291 87 18.5185
302 87 11.325
494 87 29.0698
531 87 36.9686
535 87 33.8983
538 87 33.8983
542 87 27.137
121 88 57.971
291 88 29.0698
433 88 23.9521
434 88 23.9521
464 88 36.9686
467 88 29.0698
494 88 29.0698
495 88 29.0698
542 88 27.137
567 88 200
38 89 45.1467
76 89 40.6504
286 89 27.137
291 89 29.0698
392 89 23.9521
393 89 23.9521
401 89 23.9521
409 89 22.6244
433 89 23.9521
434 89 23.9521
464 89 36.9686
467 89 29.0698
494 89 29.0698
495 89 29.0698
542 89 27.137
543 89 27.137
587 89 25.4453
588 89 25.4453
38 90 45.1467
286 90 27.137
392 90 23.9521
393 90 23.9521
400 90 23.9521
401 90 23.9521
421 90 22.6244
429 90 31.2989
464 90 36.9686
467 90 29.0698
494 90 29.0698
495 90 29.0698
542 90 27.137
543 90 27.137
585 90 29.0698
587 90 25.4453
588 90 25.4453
637 90 16.9779
38 91 45.1467
75 91 40.6504
76 91 40.6504
114 91 57.971
163 91 36.9686
286 91 27.137
287 91 27.137
393 91 23.9521
421 91 22.6244
422 91 22.6244
464 91 36.9686
467 91 29.0698
494 91 29.0698
495 91 29.0698
532 91 33.8983
538 91 33.8983
539 91 33.8983
542 91 27.137
543 91 27.137
590 91 23.9521
591 91 25.4453
76 92 40.6504
287 92 29.0698
393 92 23.9521
394 92 23.9521
421 92 22.6244
432 92 22.6244
464 92 36.9686
467 92 29.0698
494 92 29.0698
495 92 29.0698
538 92 33.8983
542 92 27.137
543 92 27.137
551 92 23.9521
552 92 23.9521
586 92 25.4453
587 92 29.0698
590 92 25.4453
591 92 25.4453
393 93 23.9521
394 93 23.9521
464 93 36.9686
467 93 29.0698
494 93 29.0698
538 93 33.8983
542 93 27.137
547 93 29.0698
584 93 25.4453
590 93 25.4453
637 93 18.5185
41 94 29.0698
246 94 45.1467
247 94 45.1467
393 94 23.9521
414 94 36.9686
464 94 36.9686
467 94 29.0698
490 94 40.6504
494 94 29.0698
495 94 29.0698
584 94 25.4453
590 94 25.4453
37 95 50.7614
38 95 50.7614
140 95 36.9686
141 95 36.9686
286 95 29.0698
288 95 29.0698
393 95 25.4453
464 95 36.9686
490 95 40.6504
494 95 29.0698
495 95 29.0698
584 95 25.4453
590 95 25.4453
141 96 36.9686
288 96 29.0698
289 96 29.0698
393 96 27.137
430 96 23.9521
431 96 23.9521
432 96 23.9521
490 96 40.6504
494 96 29.0698
495 96 29.0698
584 96 25.4453
590 96 25.4453
289 97 29.0698
318 97 27.137
397 97 22.6244
398 97 22.6244
419 97 80.9717
431 97 23.9521
490 97 40.6504
494 97 29.0698
495 97 29.0698
584 97 25.4453
590 97 25.4453
36 98 45.1467
74 98 40.6504
196 98 33.8983
538 98 27.137
539 98 27.137
584 98 25.4453
590 98 25.4453
38 99 45.1467
136 99 33.8983
466 99 31.2989
467 99 29.0698
490 99 40.6504
494 99 29.0698
495 99 29.0698
584 99 25.4453
590 99 25.4453
35 100 45.1467
197 100 33.8983
198 100 33.8983
283 100 27.137
286 100 21.4362
428 100 27.137
466 100 31.2989
467 100 29.0698
490 100 40.6504
494 100 29.0698
495 100 29.0698
535 100 27.137
538 100 27.137
541 100 27.137
542 100 27.137
543 100 27.137
584 100 25.4453
590 100 25.4453
591 100 25.4453
35 101 45.1467
36 101 45.1467
199 101 33.8983
202 101 23.9521
396 101 22.6244
464 101 31.2989
467 101 29.0698
490 101 40.6504
494 101 29.0698
495 101 29.0698
535 101 27.137
541 101 27.137
542 101 27.137
584 101 25.4453
590 101 27.137
36 102 45.1467
50 102 45.1467
136 102 36.9686
199 102 33.8983
351 102 33.8983
389 102 36.9686
393 102 25.4453
395 102 23.9521
396 102 23.9521
419 102 22.6244
428 102 25.4453
490 102 40.6504
541 102 27.137
542 102 27.137
584 102 25.4453
590 102 27.137
591 102 27.137
36 103 45.1467
37 103 45.1467
50 103 45.1467
51 103 45.1467
72 103 40.6504
143 103 40.6504
162 103 36.9686
389 103 36.9686
395 103 23.9521
396 103 23.9521
414 103 31.2989
419 103 22.6244
429 103 23.9521
430 103 23.9521
540 103 27.137
541 103 27.137
542 103 27.137
584 103 25.4453
590 103 27.137
37 104 45.1467
52 104 45.1467
73 104 40.6504
137 104 36.9686
163 104 36.9686
389 104 36.9686
395 104 23.9521
467 104 29.0698
541 104 27.137
542 104 27.137
584 104 25.4453
590 104 27.137
52 105 45.1467
86 105 15.0943
87 105 15.0943
137 105 36.9686
425 105 29.0698
464 105 36.9686
490 105 36.9686
494 105 29.0698
495 105 29.0698
536 105 25.4453
541 105 29.0698
542 105 29.0698
584 105 25.4453
590 105 27.137
52 106 45.1467
75 106 57.971
284 106 27.137
428 106 23.9521
464 106 36.9686
467 106 29.0698
490 106 36.9686
494 106 29.0698
535 106 25.4453
536 106 25.4453
541 106 29.0698
542 106 29.0698
584 106 25.4453
590 106 27.137
591 106 27.137
9 107 50.7614
35 107 50.7614
36 107 50.7614
52 107 45.1467
103 107 15.0943
104 107 15.0943
193 107 33.8983
194 107 33.8983
345 107 36.9686
346 107 36.9686
349 107 25.4453
393 107 23.9521
494 107 33.8983
531 107 36.9686
535 107 25.4453
536 107 25.4453
541 107 29.0698
542 107 29.0698
584 107 25.4453
590 107 27.137
591 107 27.137
9 108 50.7614
36 108 50.7614
194 108 33.8983
345 108 36.9686
393 108 23.9521
394 108 23.9521
467 108 31.2989
494 108 33.8983
497 108 29.0698
541 108 29.0698
542 108 29.0698
584 108 25.4453
590 108 27.137
591 108 27.137
637 108 17.7148
9 109 50.7614
36 109 50.7614
37 109 50.7614
92 109 14.556
197 109 31.2989
280 109 29.0698
345 109 36.9686
394 109 23.9521
430 109 22.6244
431 109 22.6244
467 109 31.2989
494 109 33.8983
497 109 29.0698
541 109 29.0698
542 109 29.0698
584 109 25.4453
590 109 27.137
591 109 27.137
50 110 45.1467
91 110 14.556
247 110 40.6504
280 110 29.0698
284 110 21.4362
317 110 27.137
344 110 36.9686
345 110 36.9686
394 110 23.9521
395 110 23.9521
431 110 22.6244
467 110 31.2989
494 110 33.8983
497 110 29.0698
536 110 25.4453
541 110 27.137
542 110 27.137
584 110 25.4453
590 110 27.137
591 110 27.137
634 110 18.5185
635 110 18.5185
90 111 14.556
196 111 33.8983
197 111 33.8983
281 111 29.0698
284 111 21.4362
285 111 21.4362
311 111 50.7614
394 111 23.9521
395 111 23.9521
467 111 31.2989
468 111 31.2989
494 111 33.8983
497 111 29.0698
536 111 25.4453
541 111 27.137
542 111 27.137
584 111 25.4453
590 111 27.137
591 111 27.137
634 111 18.5185
635 111 17.7148
637 111 17.7148
196 112 33.8983
197 112 33.8983
198 112 33.8983
281 112 29.0698
285 112 21.4362
394 112 23.9521
395 112 23.9521
467 112 31.2989
468 112 31.2989
494 112 33.8983
497 112 29.0698
536 112 25.4453
541 112 27.137
542 112 27.137
543 112 27.137
584 112 25.4453
590 112 27.137
591 112 27.137
4 113 50.7614
54 113 45.1467
197 113 33.8983
198 113 33.8983
199 113 33.8983
354 113 19.3986
394 113 23.9521
395 113 23.9521
396 113 23.9521
435 113 22.6244
467 113 29.0698
468 113 29.0698
536 113 25.4453
541 113 27.137
542 113 27.137
543 113 27.137
584 113 25.4453
590 113 27.137
591 113 27.137
37 114 50.7614
94 114 14.556
95 114 14.556
96 114 14.556
345 114 36.9686
353 114 19.3986
395 114 23.9521
396 114 23.9521
497 114 29.0698
536 114 25.4453
541 114 27.137
542 114 27.137
543 114 27.137
584 114 25.4453
590 114 27.137
591 114 27.137
37 115 50.7614
95 115 14.556
96 115 14.556
344 115 36.9686
345 115 36.9686
346 115 36.9686
353 115 19.3986
434 115 23.9521
435 115 23.9521
468 115 29.0698
497 115 29.0698
523 115 40.6504
535 115 25.4453
536 115 25.4453
541 115 27.137
542 115 27.137
584 115 25.4453
590 115 25.4453
591 115 25.4453
637 115 33.8983
37 116 50.7614
38 116 50.7614
50 116 45.1467
279 116 29.0698
282 116 22.6244
293 116 27.137
338 116 134.228
341 116 67.5676
345 116 36.9686
346 116 36.9686
395 116 23.9521
396 116 23.9521
434 116 23.9521
435 116 23.9521
467 116 29.0698
468 116 29.0698
469 116 29.0698
497 116 29.0698
536 116 25.4453
541 116 27.137
584 116 25.4453
590 116 25.4453
591 116 25.4453
38 117 50.7614
341 117 67.5676
345 117 36.9686
346 117 36.9686
347 117 36.9686
396 117 23.9521
397 117 23.9521
431 117 29.0698
434 117 23.9521
467 117 29.0698
468 117 29.0698
469 117 29.0698
519 117 200
523 117 40.6504
536 117 25.4453
541 117 27.137
542 117 27.137
543 117 27.137
584 117 25.4453
590 117 25.4453
591 117 25.4453
592 117 25.4453
4 118 50.7614
53 118 45.1467
72 118 31.2989
128 118 57.971
129 118 57.971
288 118 17.7148
339 118 134.228
342 118 67.5676
346 118 36.9686
347 118 36.9686
396 118 23.9521
536 118 25.4453
541 118 27.137
542 118 27.137
543 118 27.137
572 118 33.8983
577 118 25.4453
584 118 25.4453
590 118 25.4453
591 118 25.4453
592 118 25.4453
4 119 50.7614
37 119 50.7614
70 119 40.6504
72 119 40.6504
129 119 57.971
192 119 31.2989
195 119 23.9521
288 119 17.7148
339 119 134.228
343 119 67.5676
497 119 29.0698
536 119 25.4453
541 119 27.137
542 119 27.137
543 119 27.137
584 119 25.4453
590 119 25.4453
591 119 25.4453
592 119 25.4453
4 120 50.7614
313 120 27.137
340 120 134.228
396 120 25.4453
397 120 23.9521
433 120 31.2989
536 120 25.4453
541 120 27.137
542 120 27.137
543 120 27.137
584 120 25.4453
585 120 25.4453
590 120 25.4453
591 120 25.4453
592 120 25.4453
5 121 50.7614
70 121 40.6504
281 121 27.137
282 121 27.137
283 121 27.137
397 121 23.9521
467 121 29.0698
468 121 29.0698
536 121 25.4453
541 121 27.137
542 121 27.137
584 121 25.4453
585 121 25.4453
590 121 25.4453
591 121 25.4453
592 121 25.4453
71 122 40.6504
283 122 27.137
399 122 23.9521
432 122 31.2989
467 122 29.0698
468 122 29.0698
469 122 29.0698
525 122 33.8983
526 122 33.8983
536 122 25.4453
541 122 27.137
542 122 27.137
543 122 27.137
590 122 25.4453
591 122 25.4453
592 122 25.4453
14 123 50.7614
37 123 50.7614
38 123 50.7614
70 123 40.6504
71 123 40.6504
387 123 22.6244
399 123 23.9521
400 123 23.9521
432 123 31.2989
467 123 29.0698
468 123 29.0698
469 123 29.0698
497 123 29.0698
536 123 25.4453
541 123 27.137
542 123 27.137
590 123 25.4453
591 123 25.4453
592 123 25.4453
71 124 40.6504
393 124 36.9686
399 124 23.9521
400 124 23.9521
467 124 29.0698
468 124 29.0698
469 124 29.0698
497 124 29.0698
526 124 33.8983
527 124 33.8983
536 124 25.4453
541 124 27.137
542 124 27.137
6 125 50.7614
33 125 50.7614
58 125 80.9717
95 125 14.556
96 125 14.556
195 125 25.4453
247 125 45.1467
280 125 27.137
393 125 36.9686
399 125 23.9521
436 125 22.6244
497 125 31.2989
526 125 33.8983
536 125 25.4453
541 125 27.137
542 125 27.137
3 126 57.971
195 126 25.4453
247 126 45.1467
280 126 27.137
281 126 27.137
386 126 134.228
430 126 33.8983
436 126 22.6244
536 126 25.4453
541 126 27.137
542 126 27.137
564 126 57.971
565 126 57.971
193 127 33.8983
497 127 31.2989
536 127 25.4453
541 127 27.137
542 127 27.137
543 127 27.137
564 127 57.971
25 128 67.5676
400 128 23.9521
401 128 23.9521
435 128 23.9521
469 128 29.0698
521 128 36.9686
536 128 27.137
541 128 27.137
542 128 27.137
543 128 27.137
544 128 25.4453
547 128 20.3666
548 128 20.3666
628 128 200
5 129 50.7614
95 129 14.556
193 129 33.8983
194 129 33.8983
196 129 33.8983
281 129 29.0698
282 129 29.0698
286 129 20.3666
313 129 27.137
394 129 40.6504
423 129 21.4362
497 129 31.2989
536 129 27.137
537 129 27.137
541 129 27.137
542 129 27.137
543 129 27.137
544 129 25.4453
545 129 23.9521
588 129 25.4453
589 129 25.4453
6 130 50.7614
60 130 80.9717
95 130 14.556
194 130 33.8983
281 130 29.0698
282 130 27.137
313 130 27.137
469 130 29.0698
497 130 29.0698
533 130 50.7614
534 130 45.1467
541 130 27.137
585 130 31.2989
588 130 25.4453
589 130 25.4453
60 131 80.9717
70 131 134.228
128 131 67.5676
131 131 36.9686
194 131 33.8983
195 131 33.8983
282 131 27.137
283 131 27.137
396 131 23.9521
468 131 29.0698
469 131 29.0698
585 131 31.2989
588 131 25.4453
589 131 25.4453
195 132 33.8983
201 132 19.3986
284 132 27.137
396 132 23.9521
435 132 22.6244
469 132 29.0698
497 132 29.0698
585 132 31.2989
588 132 25.4453
589 132 25.4453
95 133 14.556
195 133 33.8983
196 133 33.8983
284 133 27.137
288 133 20.3666
396 133 23.9521
397 133 23.9521
469 133 29.0698
497 133 29.0698
585 133 31.2989
588 133 27.137
589 133 27.137
196 134 33.8983
281 134 27.137
497 134 29.0698
498 134 29.0698
585 134 31.2989
588 134 27.137
589 134 27.137
4 135 67.5676
61 135 67.5676
396 135 27.137
497 135 31.2989
539 135 27.137
540 135 27.137
541 135 27.137
588 135 27.137
589 135 27.137
95 136 14.556
400 136 23.9521
401 136 23.9521
468 136 31.2989
469 136 31.2989
536 136 33.8983
537 136 31.2989
539 136 27.137
540 136 27.137
565 136 45.1467
588 136 25.4453
589 136 25.4453
95 137 14.556
193 137 33.8983
395 137 27.137
400 137 23.9521
401 137 23.9521
468 137 29.0698
469 137 29.0698
536 137 33.8983
539 137 27.137
540 137 27.137
560 137 101.01
565 137 45.1467
588 137 25.4453
589 137 25.4453
283 138 29.0698
284 138 29.0698
395 138 23.9521
396 138 23.9521
536 138 33.8983
539 138 27.137
540 138 27.137
560 138 101.01
565 138 45.1467
589 138 25.4453
133 139 36.9686
193 139 33.8983
194 139 33.8983
280 139 40.6504
284 139 29.0698
285 139 29.0698
396 139 23.9521
397 139 23.9521
404 139 23.9521
468 139 29.0698
469 139 29.0698
470 139 29.0698
536 139 33.8983
537 139 29.0698
540 139 27.137
560 139 101.01
565 139 45.1467
589 139 25.4453
95 140 14.556
194 140 33.8983
396 140 23.9521
397 140 23.9521
404 140 23.9521
405 140 23.9521
430 140 23.9521
431 140 23.9521
469 140 29.0698
495 140 27.137
537 140 29.0698
540 140 27.137
565 140 45.1467
588 140 25.4453
589 140 25.4453
104 141 14.556
105 141 14.556
106 141 14.556
194 141 33.8983
195 141 33.8983
248 141 40.6504
425 141 31.2989
426 141 31.2989
430 141 23.9521
491 141 36.9686
495 141 27.137
496 141 27.137
522 141 33.8983
536 141 27.137
537 141 27.137
589 141 25.4453
195 142 33.8983
248 142 40.6504
426 142 31.2989
491 142 40.6504
495 142 27.137
496 142 27.137
522 142 33.8983
527 142 57.971
537 142 27.137
540 142 27.137
589 142 25.4453
491 143 40.6504
495 143 29.0698
496 143 29.0698
528 143 50.7614
537 143 27.137
540 143 27.137
589 143 25.4453
313 144 27.137
400 144 27.137
401 144 27.137
403 144 25.4453
428 144 23.9521
429 144 23.9521
467 144 29.0698
468 144 29.0698
469 144 29.0698
491 144 40.6504
495 144 29.0698
496 144 29.0698
537 144 27.137
543 144 27.137
589 144 25.4453
30 145 67.5676
132 145 57.971
194 145 33.8983
248 145 45.1467
400 145 27.137
414 145 23.9521
428 145 23.9521
467 145 29.0698
468 145 29.0698
469 145 29.0698
491 145 40.6504
495 145 29.0698
496 145 29.0698
524 145 33.8983
528 145 50.7614
537 145 27.137
589 145 25.4453
147 146 36.9686
194 146 33.8983
278 146 29.0698
285 146 18.5185
406 146 22.6244
407 146 22.6244
408 146 22.6244
413 146 25.4453
414 146 23.9521
465 146 31.2989
468 146 29.0698
491 146 40.6504
495 146 29.0698
496 146 29.0698
528 146 50.7614
537 146 27.137
589 146 25.4453
194 147 33.8983
278 147 29.0698
279 147 29.0698
285 147 18.5185
411 147 29.0698
413 147 23.9521
414 147 23.9521
468 147 31.2989
491 147 40.6504
495 147 29.0698
496 147 29.0698
537 147 27.137
540 147 27.137
589 147 25.4453
279 148 29.0698
280 148 29.0698
285 148 19.3986
411 148 29.0698
414 148 23.9521
468 148 31.2989
495 148 29.0698
496 148 29.0698
537 148 27.137
543 148 27.137
589 148 25.4453
280 149 29.0698
281 149 27.137
405 149 50.7614
406 149 50.7614
407 149 45.1467
414 149 23.9521
468 149 31.2989
469 149 31.2989
491 149 40.6504
495 149 27.137
496 149 27.137
537 149 27.137
543 149 27.137
589 149 25.4453
281 150 29.0698
282 150 27.137
283 150 27.137
291 150 16.9779
405 150 57.971
406 150 57.971
414 150 23.9521
415 150 23.9521
491 150 40.6504
495 150 27.137
496 150 27.137
525 150 33.8983
526 150 33.8983
537 150 27.137
543 150 27.137
589 150 25.4453
220 151 31.2989
282 151 29.0698
283 151 27.137
291 151 16.9779
313 151 29.0698
314 151 29.0698
404 151 57.971
405 151 57.971
406 151 57.971
414 151 23.9521
415 151 23.9521
468 151 31.2989
491 151 40.6504
496 151 27.137
526 151 33.8983
537 151 27.137
543 151 27.137
544 151 27.137
589 151 25.4453
177 152 57.971
283 152 29.0698
291 152 16.9779
292 152 16.9779
404 152 57.971
405 152 57.971
415 152 23.9521
468 152 31.2989
469 152 31.2989
491 152 40.6504
495 152 27.137
496 152 27.137
518 152 29.0698
525 152 33.8983
526 152 33.8983
527 152 33.8983
537 152 27.137
543 152 29.0698
544 152 29.0698
589 152 25.4453
105 153 57.971
130 153 57.971
410 153 40.6504
415 153 23.9521
416 153 23.9521
420 153 22.6244
421 153 22.6244
468 153 31.2989
491 153 40.6504
495 153 27.137
496 153 27.137
526 153 33.8983
537 153 27.137
543 153 29.0698
589 153 25.4453
122 154 57.971
409 154 40.6504
415 154 23.9521
420 154 22.6244
421 154 22.6244
468 154 31.2989
469 154 31.2989
491 154 40.6504
496 154 27.137
537 154 27.137
589 154 25.4453
281 155 27.137
421 155 22.6244
468 155 31.2989
469 155 31.2989
491 155 40.6504
496 155 27.137
537 155 27.137
589 155 25.4453
20 156 101.01
115 156 57.971
193 156 33.8983
248 156 45.1467
281 156 27.137
282 156 29.0698
415 156 23.9521
421 156 22.6244
468 156 31.2989
469 156 31.2989
491 156 40.6504
496 156 27.137
537 156 27.137
589 156 25.4453
20 157 101.01
194 157 33.8983
229 157 31.2989
248 157 45.1467
284 157 27.137
285 157 27.137
415 157 23.9521
416 157 23.9521
421 157 22.6244
468 157 31.2989
469 157 31.2989
491 157 40.6504
537 157 27.137
543 157 27.137
544 157 27.137
589 157 25.4453
109 158 57.971
414 158 23.9521
415 158 23.9521
421 158 22.6244
422 158 22.6244
465 158 40.6504
491 158 40.6504
496 158 29.0698
537 158 27.137
543 158 27.137
544 158 27.137
589 158 25.4453
287 159 16.2999
422 159 23.9521
468 159 29.0698
469 159 29.0698
491 159 40.6504
496 159 29.0698
497 159 29.0698
537 159 27.137
543 159 27.137
544 159 27.137
577 159 50.7614
578 159 50.7614
589 159 25.4453
592 159 25.4453
229 160 31.2989
287 160 16.2999
414 160 23.9521
421 160 23.9521
422 160 23.9521
491 160 40.6504
496 160 29.0698
531 160 29.0698
537 160 27.137
543 160 29.0698
544 160 29.0698
589 160 25.4453
592 160 25.4453
185 161 50.7614
229 161 31.2989
279 161 29.0698
280 161 29.0698
414 161 23.9521
421 161 23.9521
468 161 31.2989
469 161 31.2989
470 161 31.2989
491 161 40.6504
496 161 29.0698
531 161 29.0698
532 161 33.8983
537 161 27.137
543 161 29.0698
544 161 29.0698
589 161 25.4453
592 161 25.4453
628 161 27.137
229 162 31.2989
279 162 29.0698
282 162 22.6244
414 162 23.9521
415 162 23.9521
421 162 23.9521
468 162 29.0698
496 162 29.0698
500 162 29.0698
533 162 33.8983
537 162 27.137
543 162 29.0698
544 162 29.0698
589 162 25.4453
592 162 25.4453
229 163 31.2989
283 163 22.6244
347 163 40.6504
352 163 57.971
414 163 23.9521
415 163 23.9521
421 163 23.9521
533 163 33.8983
534 163 33.8983
537 163 27.137
543 163 29.0698
544 163 29.0698
565 163 45.1467
566 163 45.1467
585 163 27.137
589 163 25.4453
592 163 27.137
137 164 36.9686
138 164 36.9686
185 164 57.971
186 164 57.971
229 164 31.2989
301 164 16.9779
341 164 80.9717
346 164 40.6504
350 164 57.971
414 164 22.6244
415 164 22.6244
421 164 23.9521
469 164 29.0698
470 164 29.0698
491 164 40.6504
496 164 29.0698
543 164 29.0698
544 164 29.0698
565 164 45.1467
566 164 45.1467
567 164 45.1467
585 164 27.137
589 164 25.4453
592 164 27.137
138 165 36.9686
139 165 36.9686
280 165 67.5676
281 165 29.0698
287 165 57.971
288 165 57.971
291 165 33.8983
292 165 29.0698
293 165 29.0698
294 165 29.0698
301 165 17.7148
345 165 40.6504
346 165 40.6504
350 165 57.971
352 165 57.971
414 165 22.6244
415 165 22.6244
491 165 40.6504
495 165 29.0698
496 165 29.0698
503 165 67.5676
530 165 101.01
531 165 80.9717
543 165 29.0698
544 165 29.0698
560 165 101.01
566 165 45.1467
567 165 45.1467
230 166 45.1467
252 166 31.2989
288 166 57.971
293 166 29.0698
294 166 29.0698
295 166 29.0698
301 166 17.7148
341 166 80.9717
345 166 36.9686
346 166 36.9686
415 166 22.6244
469 166 29.0698
470 166 29.0698
496 166 29.0698
500 166 29.0698
540 166 27.137
230 167 45.1467
294 167 29.0698
295 167 29.0698
301 167 17.7148
415 167 22.6244
421 167 23.9521
469 167 29.0698
470 167 29.0698
500 167 29.0698
503 167 67.5676
504 167 67.5676
537 167 27.137
538 167 27.137
540 167 27.137
294 168 29.0698
295 168 29.0698
301 168 18.5185
414 168 22.6244
415 168 22.6244
421 168 23.9521
496 168 29.0698
533 168 36.9686
536 168 27.137
537 168 27.137
538 168 27.137
540 168 27.137
216 169 33.8983
295 169 29.0698
301 169 18.5185
465 169 134.228
496 169 29.0698
533 169 36.9686
136 170 40.6504
186 170 50.7614
205 170 22.6244
216 170 33.8983
230 170 45.1467
295 170 29.0698
301 170 18.5185
352 170 21.4362
353 170 21.4362
422 170 22.6244
491 170 40.6504
496 170 29.0698
497 170 29.0698
500 170 29.0698
586 170 31.2989
589 170 25.4453
590 170 25.4453
137 171 40.6504
152 171 36.9686
199 171 45.1467
205 171 22.6244
295 171 29.0698
296 171 29.0698
301 171 18.5185
339 171 134.228
341 171 80.9717
342 171 67.5676
346 171 36.9686
352 171 21.4362
413 171 22.6244
414 171 22.6244
422 171 22.6244
468 171 31.2989
469 171 31.2989
470 171 31.2989
491 171 40.6504
496 171 29.0698
500 171 29.0698
586 171 31.2989
589 171 25.4453
590 171 25.4453
141 172 36.9686
248 172 45.1467
296 172 29.0698
301 172 19.3986
339 172 134.228
342 172 67.5676
346 172 36.9686
347 172 36.9686
414 172 22.6244
415 172 22.6244
422 172 22.6244
468 172 31.2989
469 172 31.2989
470 172 31.2989
491 172 40.6504
585 172 31.2989
586 172 31.2989
589 172 25.4453
590 172 25.4453
141 173 36.9686
147 173 36.9686
252 173 29.0698
296 173 27.137
297 173 27.137
301 173 19.3986
342 173 67.5676
346 173 36.9686
347 173 36.9686
348 173 36.9686
351 173 25.4453
354 173 22.6244
414 173 22.6244
468 173 31.2989
469 173 31.2989
470 173 31.2989
471 173 31.2989
586 173 31.2989
589 173 25.4453
590 173 25.4453
150 174 27.137
186 174 50.7614
301 174 20.3666
340 174 134.228
343 174 67.5676
347 174 36.9686
348 174 36.9686
349 174 33.8983
422 174 23.9521
465 174 45.1467
468 174 31.2989
469 174 31.2989
537 174 33.8983
540 174 25.4453
541 174 25.4453
542 174 25.4453
586 174 31.2989
589 174 27.137
590 174 27.137
186 175 50.7614
205 175 33.8983
206 175 33.8983
301 175 20.3666
343 175 80.9717
344 175 67.5676
422 175 23.9521
532 175 80.9717
537 175 33.8983
540 175 25.4453
541 175 25.4453
586 175 31.2989
589 175 27.137
590 175 27.137
186 176 50.7614
206 176 33.8983
301 176 20.3666
413 176 23.9521
414 176 23.9521
418 176 31.2989
422 176 23.9521
492 176 36.9686
495 176 29.0698
496 176 29.0698
531 176 57.971
537 176 33.8983
540 176 25.4453
541 176 25.4453
542 176 25.4453
586 176 31.2989
589 176 27.137
590 176 27.137
258 177 40.6504
297 177 27.137
301 177 20.3666
413 177 23.9521
422 177 23.9521
491 177 36.9686
492 177 36.9686
495 177 29.0698
496 177 29.0698
497 177 29.0698
537 177 33.8983
540 177 25.4453
541 177 25.4453
586 177 31.2989
589 177 25.4453
590 177 25.4453
219 178 23.9521
297 178 27.137
301 178 20.3666
413 178 22.6244
414 178 22.6244
468 178 29.0698
491 178 36.9686
492 178 36.9686
495 178 29.0698
496 178 29.0698
497 178 29.0698
532 178 57.971
537 178 33.8983
586 178 31.2989
589 178 25.4453
590 178 25.4453
140 179 57.971
297 179 27.137
301 179 20.3666
413 179 22.6244
414 179 22.6244
422 179 23.9521
468 179 29.0698
469 179 29.0698
470 179 29.0698
496 179 29.0698
497 179 29.0698
537 179 33.8983
540 179 27.137
541 179 27.137
590 179 25.4453
61 180 101.01
414 180 22.6244
415 180 22.6244
422 180 23.9521
468 180 29.0698
469 180 29.0698
470 180 29.0698
491 180 36.9686
492 180 36.9686
496 180 29.0698
497 180 29.0698
532 180 57.971
537 180 33.8983
540 180 27.137
541 180 27.137
586 180 31.2989
589 180 25.4453
590 180 25.4453
422 181 23.9521
468 181 29.0698
469 181 29.0698
470 181 29.0698
491 181 40.6504
492 181 40.6504
496 181 29.0698
497 181 29.0698
537 181 33.8983
541 181 27.137
590 181 25.4453
9 182 57.971
61 182 101.01
414 182 23.9521
422 182 22.6244
468 182 29.0698
469 182 29.0698
470 182 29.0698
492 182 40.6504
496 182 29.0698
537 182 33.8983
540 182 27.137
541 182 27.137
586 182 31.2989
589 182 25.4453
590 182 25.4453
9 183 57.971
83 183 45.1467
118 183 67.5676
414 183 23.9521
468 183 29.0698
492 183 40.6504
496 183 29.0698
497 183 29.0698
537 183 33.8983
541 183 27.137
590 183 25.4453
9 184 57.971
70 184 67.5676
145 184 45.1467
248 184 27.137
414 184 23.9521
415 184 23.9521
468 184 31.2989
469 184 31.2989
470 184 31.2989
491 184 40.6504
492 184 40.6504
496 184 29.0698
537 184 33.8983
541 184 27.137
590 184 25.4453
414 185 23.9521
415 185 23.9521
468 185 31.2989
469 185 31.2989
492 185 40.6504
496 185 29.0698
497 185 29.0698
537 185 33.8983
538 185 33.8983
541 185 27.137
590 185 25.4453
415 186 22.6244
422 186 23.9521
468 186 29.0698
469 186 29.0698
470 186 29.0698
492 186 40.6504
496 186 29.0698
497 186 29.0698
537 186 33.8983
541 186 27.137
590 186 25.4453
422 187 23.9521
468 187 31.2989
469 187 31.2989
492 187 40.6504
496 187 29.0698
497 187 29.0698
537 187 33.8983
540 187 27.137
541 187 27.137
590 187 25.4453
202 188 33.8983
229 188 31.2989
253 188 45.1467
302 188 16.9779
422 188 23.9521
468 188 31.2989
469 188 31.2989
470 188 31.2989
496 188 29.0698
497 188 29.0698
537 188 33.8983
541 188 27.137
587 188 29.0698
590 188 25.4453
294 189 29.0698
295 189 29.0698
301 189 17.7148
302 189 17.7148
414 189 22.6244
422 189 23.9521
492 189 40.6504
496 189 29.0698
497 189 29.0698
537 189 33.8983
541 189 27.137
590 189 25.4453
147 190 36.9686
294 190 27.137
295 190 27.137
414 190 22.6244
415 190 22.6244
469 190 31.2989
492 190 40.6504
496 190 29.0698
497 190 29.0698
537 190 33.8983
541 190 27.137
590 190 25.4453
147 191 36.9686
244 191 45.1467
295 191 29.0698
296 191 29.0698
301 191 18.5185
414 191 22.6244
415 191 22.6244
468 191 31.2989
469 191 31.2989
470 191 31.2989
492 191 40.6504
496 191 29.0698
497 191 29.0698
537 191 33.8983
538 191 33.8983
541 191 27.137
587 191 29.0698
590 191 25.4453
147 192 36.9686
202 192 33.8983
236 192 50.7614
296 192 29.0698
301 192 19.3986
414 192 22.6244
415 192 22.6244
469 192 31.2989
492 192 40.6504
496 192 29.0698
497 192 29.0698
537 192 33.8983
538 192 33.8983
541 192 27.137
590 192 25.4453
147 193 36.9686
296 193 29.0698
301 193 19.3986
415 193 22.6244
468 193 31.2989
469 193 31.2989
470 193 31.2989
496 193 29.0698
497 193 29.0698
537 193 31.2989
538 193 31.2989
541 193 27.137
590 193 25.4453
34 194 101.01
107 194 14.556
147 194 36.9686
296 194 29.0698
301 194 19.3986
415 194 22.6244
469 194 31.2989
470 194 31.2989
491 194 40.6504
492 194 40.6504
496 194 29.0698
497 194 29.0698
537 194 31.2989
538 194 31.2989
541 194 27.137
590 194 25.4453
34 195 101.01
69 195 101.01
81 195 101.01
297 195 29.0698
301 195 19.3986
416 195 22.6244
469 195 31.2989
470 195 31.2989
492 195 40.6504
497 195 29.0698
538 195 31.2989
541 195 27.137
590 195 25.4453
147 196 36.9686
211 196 22.6244
248 196 45.1467
249 196 45.1467
296 196 29.0698
297 196 29.0698
302 196 19.3986
416 196 22.6244
422 196 23.9521
469 196 31.2989
470 196 31.2989
492 196 40.6504
497 196 29.0698
538 196 31.2989
541 196 27.137
587 196 29.0698
590 196 25.4453
3 197 80.9717
44 197 45.1467
45 197 45.1467
64 197 80.9717
81 197 101.01
147 197 36.9686
207 197 33.8983
211 197 22.6244
296 197 27.137
297 197 27.137
302 197 19.3986
422 197 23.9521
469 197 31.2989
470 197 31.2989
496 197 29.0698
497 197 29.0698
538 197 31.2989
541 197 27.137
587 197 29.0698
590 197 25.4453
37 198 101.01
45 198 45.1467
65 198 80.9717
147 198 36.9686
422 198 23.9521
496 198 29.0698
497 198 29.0698
538 198 31.2989
541 198 27.137
587 198 29.0698
590 198 25.4453
37 199 101.01
45 199 45.1467
66 199 80.9717
416 199 22.6244
423 199 23.9521
496 199 29.0698
497 199 29.0698
538 199 31.2989
541 199 27.137
587 199 29.0698
590 199 25.4453
37 200 101.01
198 200 50.7614
492 200 40.6504
497 200 29.0698
538 200 31.2989
541 200 27.137
587 200 29.0698
590 200 25.4453
199 201 50.7614
213 201 36.9686
302 201 17.7148
491 201 40.6504
492 201 40.6504
496 201 29.0698
497 201 29.0698
538 201 31.2989
541 201 27.137
587 201 29.0698
590 201 25.4453
302 202 17.7148
415 202 23.9521
416 202 23.9521
423 202 23.9521
466 202 36.9686
468 202 29.0698
469 202 29.0698
491 202 40.6504
492 202 40.6504
497 202 29.0698
538 202 31.2989
541 202 27.137
587 202 29.0698
590 202 25.4453
186 203 50.7614
213 203 36.9686
423 203 23.9521
469 203 29.0698
470 203 29.0698
497 203 29.0698
538 203 31.2989
541 203 27.137
587 203 29.0698
590 203 25.4453
148 204 36.9686
213 204 36.9686
295 204 27.137
301 204 18.5185
469 204 29.0698
492 204 40.6504
497 204 29.0698
538 204 31.2989
541 204 27.137
587 204 29.0698
590 204 25.4453
591 204 25.4453
213 205 36.9686
295 205 27.137
296 205 27.137
301 205 18.5185
424 205 23.9521
469 205 29.0698
470 205 29.0698
497 205 29.0698
538 205 31.2989
541 205 27.137
542 205 27.137
590 205 25.4453
213 206 36.9686
296 206 27.137
301 206 18.5185
415 206 22.6244
416 206 22.6244
424 206 23.9521
469 206 31.2989
497 206 29.0698
538 206 31.2989
541 206 27.137
18 207 50.7614
213 207 33.8983
415 207 22.6244
424 207 23.9521
466 207 40.6504
469 207 31.2989
470 207 31.2989
497 207 29.0698
498 207 29.0698
415 208 22.6244
420 208 29.0698
424 208 23.9521
469 208 31.2989
470 208 31.2989
302 209 27.137
415 209 23.9521
424 209 22.6244
466 209 40.6504
469 209 31.2989
470 209 31.2989
492 209 29.0698
493 209 29.0698
587 209 29.0698
466 210 40.6504
469 210 31.2989
470 210 31.2989
471 210 31.2989
492 210 27.137
493 210 27.137
585 210 29.0698
586 210 29.0698
587 210 29.0698
590 210 25.4453
591 210 25.4453
19 211 50.7614
402 211 134.228
412 211 31.2989
413 211 29.0698
430 211 31.2989
469 211 31.2989
492 211 29.0698
493 211 29.0698
537 211 33.8983
538 211 33.8983
541 211 27.137
542 211 27.137
574 211 33.8983
575 211 33.8983
578 211 29.0698
579 211 29.0698
587 211 29.0698
590 211 25.4453
591 211 25.4453
594 211 20.3666
595 211 20.3666
378 212 31.2989
386 212 33.8983
387 212 33.8983
402 212 134.228
412 212 31.2989
424 212 50.7614
425 212 50.7614
426 212 50.7614
429 212 31.2989
430 212 31.2989
493 212 29.0698
496 212 29.0698
497 212 29.0698
537 212 33.8983
538 212 33.8983
541 212 27.137
542 212 27.137
545 212 20.3666
574 212 33.8983
575 212 33.8983
578 212 29.0698
579 212 29.0698
590 212 25.4453
591 212 25.4453
379 213 31.2989
386 213 33.8983
390 213 200
397 213 40.6504
399 213 40.6504
402 213 134.228
412 213 31.2989
425 213 50.7614
426 213 50.7614
430 213 31.2989
491 213 40.6504
492 213 40.6504
496 213 29.0698
497 213 29.0698
498 213 29.0698
499 213 27.137
537 213 33.8983
538 213 33.8983
541 213 27.137
542 213 27.137
575 213 33.8983
578 213 29.0698
579 213 29.0698
142 214 33.8983
143 214 33.8983
335 214 33.8983
379 214 31.2989
390 214 200
391 214 200
396 214 40.6504
397 214 40.6504
399 214 40.6504
430 214 31.2989
491 214 40.6504
492 214 40.6504
493 214 40.6504
496 214 29.0698
497 214 29.0698
498 214 29.0698
541 214 27.137
542 214 27.137
590 214 31.2989
39 215 40.6504
144 215 33.8983
158 215 33.8983
335 215 33.8983
390 215 200
391 215 200
392 215 200
524 215 18.5185
525 215 18.5185
541 215 27.137
542 215 27.137
582 215 50.7614
586 215 27.137
590 215 31.2989
594 215 25.4453
191 216 29.0698
192 216 29.0698
517 216 25.4453
518 216 25.4453
519 216 25.4453
520 216 23.9521
523 216 19.3986
524 216 18.5185
525 216 18.5185
526 216 18.5185
527 216 17.7148
537 216 33.8983
538 216 33.8983
541 216 27.137
590 216 31.2989
594 216 25.4453
607 216 25.4453
52 217 45.1467
192 217 29.0698
193 217 29.0698
510 217 40.6504
512 217 36.9686
513 217 36.9686
523 217 19.3986
524 217 18.5185
525 217 18.5185
526 217 18.5185
538 217 33.8983
541 217 27.137
542 217 27.137
590 217 31.2989
593 217 25.4453
594 217 25.4453
40 218 40.6504
52 218 45.1467
368 218 31.2989
371 218 22.6244
372 218 22.6244
373 218 22.6244
426 218 29.0698
538 218 33.8983
541 218 27.137
594 218 25.4453
610 218 25.4453
40 219 40.6504
355 219 22.6244
356 219 22.6244
372 219 22.6244
373 219 22.6244
376 219 9.48317
385 219 27.137
388 219 22.6244
389 219 22.6244
392 219 9.70874
611 219 25.4453
612 219 25.4453
57 220 40.6504
200 220 31.2989
372 220 22.6244
373 220 22.6244
387 220 22.6244
388 220 22.6244
529 220 17.7148
530 220 17.7148
531 220 17.7148
532 220 16.9779
533 220 16.9779
538 220 33.8983
539 220 33.8983
612 220 25.4453
613 220 23.9521
614 220 23.9521
615 220 23.9521
200 221 31.2989
388 221 22.6244
521 221 25.4453
528 221 18.5185
529 221 17.7148
530 221 17.7148
531 221 17.7148
538 221 33.8983
542 221 25.4453
610 221 25.4453
613 221 23.9521
614 221 23.9521
615 221 23.9521
616 221 22.6244
618 221 19.3986
619 221 18.5185
620 221 18.5185
201 222 31.2989
505 222 17.7148
506 222 17.7148
521 222 25.4453
522 222 25.4453
527 222 18.5185
528 222 18.5185
529 222 17.7148
530 222 17.7148
541 222 25.4453
624 222 22.6244
625 222 22.6244
626 222 22.6244
627 222 21.4362
628 222 21.4362
21 223 40.6504
201 223 31.2989
250 223 27.137
251 223 27.137
325 223 200
345 223 134.228
346 223 134.228
356 223 27.137
359 223 21.4362
368 223 134.228
369 223 134.228
380 223 22.6244
381 223 21.4362
382 223 21.4362
383 223 21.4362
480 223 18.5185
481 223 18.5185
505 223 17.7148
506 223 17.7148
523 223 23.9521
528 223 18.5185
529 223 17.7148
530 223 17.7148
624 223 22.6244
625 223 22.6244
74 224 40.6504
165 224 31.2989
166 224 31.2989
201 224 31.2989
325 224 200
326 224 200
344 224 134.228
356 224 27.137
359 224 21.4362
381 224 21.4362
382 224 21.4362
383 224 21.4362
421 224 22.6244
469 224 36.9686
470 224 36.9686
474 224 25.4453
480 224 18.5185
506 224 17.7148
529 224 17.7148
530 224 17.7148
531 224 17.7148
75 225 40.6504
147 225 33.8983
166 225 31.2989
167 225 31.2989
383 225 21.4362
397 225 45.1467
443 225 33.8983
525 225 17.7148
530 225 17.7148
531 225 17.7148
14 226 45.1467
22 226 40.6504
148 226 33.8983
355 226 29.0698
358 226 22.6244
368 226 101.01
382 226 21.4362
383 226 21.4362
389 226 134.228
395 226 45.1467
397 226 45.1467
400 226 33.8983
404 226 23.9521
415 226 200
418 226 134.228
425 226 31.2989
426 226 31.2989
427 226 31.2989
479 226 19.3986
506 226 18.5185
525 226 17.7148
526 226 17.7148
531 226 17.7148
532 226 17.7148
543 226 23.9521
14 227 45.1467
22 227 40.6504
32 227 40.6504
104 227 36.9686
325 227 15.674
333 227 11.6482
355 227 29.0698
370 227 101.01
383 227 21.4362
415 227 200
430 227 31.2989
447 227 45.1467
460 227 19.3986
478 227 19.3986
479 227 19.3986
506 227 18.5185
531 227 17.7148
532 227 17.7148
533 227 17.7148
14 228 45.1467
23 228 40.6504
32 228 40.6504
202 228 29.0698
210 228 31.2989
313 228 22.6244
326 228 15.674
330 228 12.7389
332 228 11.6482
333 228 11.325
354 228 29.0698
370 228 101.01
371 228 101.01
380 228 25.4453
382 228 21.4362
383 228 21.4362
415 228 200
416 228 200
430 228 31.2989
460 228 19.3986
477 228 19.3986
478 228 19.3986
505 228 18.5185
506 228 18.5185
532 228 17.7148
533 228 17.7148
534 228 17.7148
546 228 20.3666
594 228 25.4453
14 229 45.1467
307 229 101.01
308 229 101.01
313 229 22.6244
325 229 15.674
330 229 12.7389
333 229 11.325
370 229 101.01
378 229 27.137
380 229 25.4453
383 229 21.4362
396 229 50.7614
398 229 40.6504
400 229 33.8983
401 229 33.8983
415 229 200
416 229 200
430 229 31.2989
459 229 19.3986
460 229 19.3986
476 229 19.3986
477 229 19.3986
478 229 19.3986
505 229 18.5185
506 229 18.5185
533 229 17.7148
534 229 17.7148
535 229 17.7148
546 229 20.3666
547 229 20.3666
594 229 25.4453
212 230 31.2989
261 230 27.137
325 230 15.674
333 230 11.325
354 230 29.0698
357 230 22.6244
383 230 21.4362
464 230 19.3986
465 230 19.3986
477 230 19.3986
534 230 17.7148
535 230 17.7148
536 230 16.9779
564 230 25.4453
565 230 25.4453
20 231 40.6504
204 231 27.137
220 231 27.137
261 231 27.137
262 231 27.137
266 231 16.9779
267 231 16.9779
268 231 16.9779
354 231 31.2989
357 231 22.6244
358 231 22.6244
373 231 57.971
380 231 27.137
383 231 21.4362
384 231 21.4362
426 231 31.2989
428 231 31.2989
454 231 20.3666
455 231 19.3986
456 231 19.3986
464 231 19.3986
534 231 17.7148
535 231 17.7148
536 231 17.7148
564 231 25.4453
565 231 25.4453
579 231 27.137
590 231 31.2989
594 231 25.4453
628 231 23.9521
629 231 23.9521
295 232 31.2989
335 232 22.6244
336 232 22.6244
337 232 22.6244
341 232 17.7148
345 232 134.228
353 232 31.2989
354 232 31.2989
357 232 22.6244
358 232 21.4362
377 232 36.9686
379 232 29.0698
380 232 27.137
383 232 21.4362
384 232 21.4362
398 232 50.7614
399 232 50.7614
400 232 50.7614
404 232 31.2989
426 232 31.2989
429 232 27.137
451 232 22.6244
452 232 21.4362
453 232 20.3666
454 232 20.3666
455 232 19.3986
456 232 19.3986
457 232 18.5185
579 232 27.137
593 232 25.4453
594 232 25.4453
597 232 22.6244
77 233 36.9686
335 233 22.6244
336 233 22.6244
337 233 22.6244
341 233 17.7148
350 233 40.6504
353 233 31.2989
357 233 21.4362
358 233 21.4362
360 233 9.06207
383 233 21.4362
384 233 21.4362
399 233 50.7614
579 233 27.137
586 233 27.137
594 233 25.4453
597 233 22.6244
618 233 27.137
619 233 27.137
631 233 22.6244
632 233 23.9521
53 234 40.6504
157 234 31.2989
306 234 33.8983
307 234 33.8983
314 234 19.3986
324 234 200
336 234 22.6244
337 234 22.6244
338 234 22.6244
359 234 21.4362
382 234 21.4362
404 234 31.2989
417 234 23.9521
418 234 23.9521
529 234 23.9521
530 234 23.9521
531 234 22.6244
532 234 22.6244
533 234 20.3666
536 234 17.7148
537 234 17.7148
579 234 27.137
586 234 27.137
590 234 31.2989
594 234 25.4453
277 235 29.0698
319 235 14.556
324 235 200
325 235 200
337 235 22.6244
369 235 101.01
403 235 33.8983
412 235 36.9686
417 235 23.9521
418 235 23.9521
419 235 23.9521
535 235 17.7148
536 235 17.7148
537 235 17.7148
540 235 15.0943
590 235 31.2989
594 235 25.4453
277 236 29.0698
282 236 18.5185
352 236 200
369 236 101.01
535 236 17.7148
536 236 17.7148
537 236 17.7148
539 236 16.9779
540 236 15.0943
579 236 29.0698
590 236 31.2989
591 236 31.2989
594 236 25.4453
158 237 31.2989
348 237 23.9521
349 237 23.9521
366 237 22.6244
367 237 101.01
536 237 17.7148
579 237 29.0698
592 237 29.0698
158 238 31.2989
187 238 29.0698
380 238 45.1467
388 238 22.6244
389 238 22.6244
548 238 17.7148
549 238 17.7148
579 238 29.0698
157 239 31.2989
187 239 29.0698
190 239 22.6244
419 239 31.2989
420 239 20.3666
439 239 25.4453
549 239 17.7148
550 239 17.7148
551 239 17.7148
603 239 22.6244
604 239 22.6244
157 240 31.2989
158 240 31.2989
213 240 27.137
214 240 27.137
263 240 27.137
272 240 27.137
277 240 19.3986
391 240 31.2989
396 240 21.4362
537 240 17.7148
542 240 17.7148
549 240 17.7148
579 240 29.0698
591 240 25.4453
602 240 22.6244
603 240 22.6244
158 241 31.2989
213 241 27.137
214 241 27.137
245 241 27.137
246 241 27.137
263 241 27.137
264 241 27.137
272 241 27.137
273 241 27.137
277 241 19.3986
295 241 27.137
378 241 22.6244
379 241 22.6244
408 241 134.228
417 241 31.2989
418 241 31.2989
425 241 19.3986
426 241 18.5185
427 241 18.5185
428 241 17.7148
564 241 23.9521
586 241 27.137
587 241 27.137
591 241 25.4453
186 242 29.0698
214 242 27.137
245 242 27.137
246 242 27.137
272 242 27.137
273 242 27.137
276 242 19.3986
277 242 19.3986
295 242 27.137
324 242 23.9521
325 242 22.6244
385 242 21.4362
409 242 134.228
417 242 31.2989
424 242 19.3986
425 242 19.3986
426 242 18.5185
427 242 18.5185
436 242 19.3986
437 242 19.3986
586 242 27.137
587 242 27.137
591 242 25.4453
186 243 29.0698
213 243 27.137
214 243 27.137
246 243 27.137
247 243 27.137
323 243 23.9521
324 243 23.9521
330 243 15.0943
331 243 15.0943
374 243 50.7614
375 243 50.7614
376 243 45.1467
384 243 21.4362
385 243 21.4362
386 243 21.4362
417 243 31.2989
422 243 20.3666
423 243 20.3666
424 243 20.3666
438 243 19.3986
579 243 29.0698
586 243 27.137
587 243 27.137
591 243 25.4453
592 243 25.4453
214 244 27.137
246 244 25.4453
247 244 25.4453
304 244 15.674
322 244 23.9521
323 244 23.9521
331 244 14.556
368 244 22.6244
369 244 22.6244
370 244 22.6244
417 244 29.0698
421 244 20.3666
422 244 20.3666
423 244 20.3666
424 244 19.3986
517 244 17.7148
591 244 25.4453
592 244 23.9521
593 244 23.9521
322 245 23.9521
332 245 14.556
368 245 22.6244
369 245 22.6244
377 245 45.1467
421 245 20.3666
422 245 20.3666
440 245 19.3986
502 245 16.9779
503 245 16.9779
518 245 17.7148
533 245 19.3986
534 245 19.3986
535 245 18.5185
550 245 18.5185
551 245 18.5185
572 245 22.6244
573 245 22.6244
246 246 25.4453
322 246 23.9521
332 246 13.587
368 246 22.6244
378 246 21.4362
381 246 17.7148
421 246 20.3666
422 246 20.3666
518 246 17.7148
519 246 17.7148
520 246 17.7148
537 246 17.7148
538 246 16.9779
572 246 22.6244
573 246 22.6244
574 246 22.6244
578 246 22.6244
579 246 22.6244
580 246 21.4362
581 246 22.6244
582 246 21.4362
583 246 27.137
586 246 22.6244
587 246 22.6244
588 246 22.6244
594 246 22.6244
233 247 31.2989
234 247 31.2989
239 247 18.5185
246 247 25.4453
274 247 27.137
329 247 23.9521
333 247 13.587
366 247 22.6244
367 247 22.6244
374 247 29.0698
416 247 27.137
420 247 20.3666
421 247 20.3666
433 247 31.2989
434 247 31.2989
496 247 18.5185
520 247 17.7148
537 247 17.7148
538 247 17.7148
539 247 16.9779
540 247 16.9779
583 247 27.137
586 247 22.6244
587 247 22.6244
594 247 22.6244
617 247 16.2999
618 247 16.2999
244 248 25.4453
265 248 27.137
274 248 27.137
333 248 13.587
416 248 27.137
435 248 29.0698
496 248 18.5185
515 248 22.6244
519 248 17.7148
520 248 17.7148
521 248 17.7148
536 248 17.7148
537 248 17.7148
538 248 17.7148
549 248 19.3986
550 248 19.3986
556 248 22.6244
557 248 22.6244
558 248 22.6244
559 248 22.6244
244 249 19.3986
250 249 17.7148
265 249 27.137
266 249 27.137
330 249 22.6244
366 249 57.971
376 249 21.4362
377 249 21.4362
417 249 27.137
432 249 25.4453
495 249 18.5185
516 249 21.4362
520 249 17.7148
521 249 17.7148
522 249 17.7148
537 249 17.7148
557 249 22.6244
558 249 22.6244
570 249 23.9521
571 249 23.9521
599 249 22.6244
600 249 22.6244
601 249 22.6244
602 249 21.4362
606 249 22.6244
607 249 22.6244
266 250 27.137
330 250 22.6244
331 250 22.6244
334 250 17.7148
366 250 57.971
369 250 40.6504
376 250 21.4362
417 250 20.3666
425 250 40.6504
427 250 25.4453
428 250 21.4362
430 250 25.4453
431 250 25.4453
432 250 25.4453
433 250 25.4453
436 250 19.3986
437 250 19.3986
506 250 17.7148
606 250 22.6244
607 250 22.6244
611 250 19.3986
617 250 16.2999
618 250 16.2999
329 251 22.6244
330 251 22.6244
334 251 17.7148
366 251 57.971
369 251 40.6504
377 251 21.4362
381 251 16.9779
437 251 19.3986
438 251 19.3986
494 251 18.5185
514 251 18.5185
515 251 17.7148
616 251 16.2999
617 251 16.2999
618 251 16.2999
635 251 15.674
636 251 15.0943
637 251 15.0943
322 252 50.7614
330 252 22.6244
354 252 200
369 252 40.6504
377 252 22.6244
387 252 134.228
437 252 19.3986
438 252 19.3986
493 252 18.5185
494 252 18.5185
510 252 17.7148
511 252 17.7148
512 252 18.5185
515 252 17.7148
516 252 17.7148
632 252 16.2999
633 252 16.2999
634 252 15.674
635 252 15.674
636 252 15.0943
637 252 15.0943
339 253 50.7614
345 253 25.4453
369 253 40.6504
375 253 21.4362
377 253 21.4362
387 253 134.228
400 253 23.9521
401 253 23.9521
429 253 27.137
434 253 23.9521
438 253 19.3986
504 253 19.3986
505 253 19.3986
507 253 17.7148
516 253 17.7148
517 253 17.7148
551 253 18.5185
552 253 18.5185
632 253 16.2999
633 253 15.674
634 253 15.674
323 254 50.7614
328 254 22.6244
333 254 17.7148
339 254 50.7614
345 254 25.4453
346 254 25.4453
369 254 40.6504
375 254 21.4362
376 254 21.4362
377 254 21.4362
410 254 45.1467
430 254 27.137
434 254 23.9521
435 254 20.3666
438 254 19.3986
501 254 20.3666
502 254 20.3666
504 254 19.3986
505 254 19.3986
506 254 19.3986
507 254 17.7148
508 254 17.7148
509 254 17.7148
510 254 20.3666
516 254 17.7148
517 254 17.7148
550 254 18.5185
551 254 18.5185
552 254 18.5185
617 254 16.2999
630 254 16.2999
631 254 16.2999
632 254 15.674
333 255 17.7148
345 255 25.4453
346 255 25.4453
347 255 25.4453
353 255 16.2999
354 255 16.2999
369 255 40.6504
370 255 40.6504
376 255 22.6244
377 255 22.6244
388 255 22.6244
389 255 22.6244
410 255 45.1467
420 255 23.9521
428 255 27.137
432 255 25.4453
433 255 23.9521
434 255 23.9521
435 255 20.3666
502 255 20.3666
516 255 17.7148
517 255 17.7148
518 255 17.7148
539 255 17.7148
550 255 18.5185
551 255 18.5185
629 255 16.2999
630 255 16.2999
631 255 15.674
632 255 15.674
370 256 40.6504
376 256 22.6244
389 256 22.6244
390 256 22.6244
416 256 23.9521
418 256 27.137
420 256 23.9521
421 256 27.137
422 256 27.137
433 256 23.9521
437 256 19.3986
438 256 19.3986
502 256 18.5185
511 256 21.4362
512 256 18.5185
513 256 21.4362
517 256 17.7148
518 256 17.7148
550 256 18.5185
551 256 18.5185
612 256 16.2999
613 256 16.2999
629 256 16.2999
630 256 15.674
631 256 15.674
375 257 22.6244
418 257 27.137
436 257 19.3986
437 257 19.3986
438 257 19.3986
502 257 17.7148
507 257 23.9521
512 257 22.6244
513 257 21.4362
514 257 18.5185
541 257 17.7148
612 257 16.2999
613 257 16.2999
614 257 16.2999
628 257 16.2999
629 257 15.674
630 257 15.674
436 258 19.3986
437 258 19.3986
441 258 27.137
445 258 20.3666
446 258 20.3666
465 258 25.4453
468 258 27.137
470 258 27.137
473 258 22.6244
475 258 21.4362
476 258 21.4362
499 258 57.971
502 258 17.7148
513 258 21.4362
514 258 18.5185
517 258 17.7148
518 258 17.7148
613 258 16.2999
628 258 15.674
629 258 15.674
423 259 40.6504
435 259 19.3986
436 259 19.3986
445 259 20.3666
446 259 20.3666
447 259 20.3666
460 259 21.4362
461 259 21.4362
487 259 80.9717
502 259 17.7148
510 259 22.6244
511 259 22.6244
516 259 17.7148
517 259 17.7148
518 259 17.7148
627 259 15.674
628 259 15.674
629 259 15.674
635 259 16.9779
636 259 16.9779
424 260 22.6244
425 260 22.6244
434 260 20.3666
435 260 19.3986
436 260 19.3986
444 260 21.4362
447 260 20.3666
489 260 80.9717
502 260 17.7148
505 260 17.7148
507 260 17.7148
511 260 22.6244
512 260 21.4362
516 260 17.7148
517 260 17.7148
518 260 17.7148
538 260 19.3986
627 260 15.674
628 260 15.674
636 260 16.2999
637 260 16.2999
425 261 22.6244
426 261 22.6244
447 261 20.3666
503 261 17.7148
516 261 17.7148
517 261 17.7148
531 261 19.3986
532 261 19.3986
537 261 19.3986
538 261 19.3986
589 261 21.4362
590 261 20.3666
592 261 19.3986
593 261 19.3986
627 261 15.674
628 261 15.674
633 261 17.7148
634 261 16.9779
635 261 16.9779
637 261 16.2999
480 262 20.3666
481 262 20.3666
501 262 20.3666
504 262 17.7148
509 262 21.4362
514 262 18.5185
515 262 18.5185
516 262 17.7148
530 262 19.3986
531 262 19.3986
532 262 19.3986
536 262 19.3986
537 262 19.3986
627 262 15.674
637 262 16.2999
481 263 20.3666
505 263 17.7148
513 263 18.5185
514 263 18.5185
515 263 17.7148
516 263 17.7148
536 263 19.3986
537 263 19.3986
567 263 20.3666
570 263 18.5185
626 263 15.674
627 263 15.674
628 263 15.674
506 264 16.9779
510 264 20.3666
511 264 19.3986
512 264 19.3986
513 264 18.5185
514 264 18.5185
515 264 17.7148
588 264 18.5185
626 264 15.674
627 264 15.674
633 264 15.674
511 265 19.3986
512 265 19.3986
513 265 18.5185
633 265 15.674
634 265 15.674
616 266 57.971
633 266 15.674
571 267 18.5185
572 267 18.5185
635 267 16.9779
577 268 17.7148
578 268 17.7148
579 268 17.7148
633 268 16.9779
634 268 16.9779
635 268 16.9779
636 268 16.9779
637 268 16.2999
637 269 16.2999
605 270 17.7148
606 270 17.7148
607 270 17.7148
629 271 18.5185
636 271 16.2999
637 272 15.0943
544 284 12.7389
447 285 13.1492
448 285 13.1492
449 285 13.1492
450 285 12.7389
620 288 11.9904
621 288 11.9904
499 297 10.7296
500 297 10.7296
501 297 10.7296
502 297 10.4548
118 299 9.70874
585 299 10.1937
158 303 9.70874
159 303 9.70874
160 303 9.70874
161 303 9.70874
633 305 9.26784
634 305 9.26784
529 306 9.48317
441 312 8.86525
442 312 8.86525
442 313 8.86525
561 315 9.06207
562 315 9.06207
563 315 9.06207
566 315 8.49618
567 315 8.49618
568 315 8.49618
569 315 8.49618
570 315 8.32293
563 316 9.06207
564 316 8.86525
565 316 8.67679
120 317 8.15661
121 317 8.15661
122 317 8.15661
123 317 8.32293
125 317 8.32293
128 317 8.32293
129 317 8.32293
130 317 8.32293
133 317 8.49618
134 317 8.49618
139 317 8.67679
140 317 8.67679
141 317 8.67679
142 317 8.67679
140 318 8.67679
141 318 8.67679
461 318 8.49618
100 326 7.69527
101 326 7.69527
102 326 7.69527
103 326 7.69527
104 326 7.69527
105 326 7.69527
106 326 7.69527
107 326 7.69527
109 326 7.84314
110 326 7.84314
111 326 7.84314
112 326 7.84314
117 326 7.9968
118 327 7.9968
122 327 7.41565
123 327 7.41565
124 327 7.41565
125 327 7.41565
126 327 7.55287
127 327 7.55287
128 327 7.55287
129 327 7.69527
130 327 7.69527
131 327 7.69527
612 328 7.41565
607 329 7.41565
125 331 7.41565
629 335 7.03235
77 337 7.28332
78 337 7.28332
80 337 7.15564
81 337 7.28332
85 338 6.7981
86 338 6.7981
87 338 6.7981
88 338 6.7981
89 338 6.7981
90 338 6.91324
91 338 6.91324
92 338 6.91324
93 338 6.91324
94 338 6.91324
95 338 6.91324
96 338 6.91324
97 338 7.03235
98 338 7.03235
99 338 7.03235
100 338 7.03235
101 338 7.03235
102 338 7.03235
103 338 7.03235
104 338 7.03235
106 338 6.68673
621 338 7.15564
622 338 6.91324
102 339 7.03235
104 339 7.03235
105 339 7.15564
107 339 6.68673
108 339 6.68673
109 339 6.68673
110 339 6.7981
111 339 6.7981
112 339 6.7981
113 339 6.7981
114 339 6.91324
115 339 6.91324
116 339 7.03235
117 339 7.03235
624 339 6.7981
625 339 6.7981
626 339 6.7981
109 344 6.57895
521 344 6.57895
522 344 6.57895
108 345 6.57895
109 345 6.57895
51 352 6.47459
52 352 6.47459
53 352 6.47459
54 352 6.18047
53 353 6.47459
54 353 6.18047
55 353 6.18047
56 353 6.18047
57 353 6.18047
58 353 6.18047
59 353 6.18047
60 353 6.18047
61 353 6.18047
62 353 6.18047
63 353 6.27549
64 353 6.27549
65 353 6.27549
66 353 6.27549
67 353 6.27549
68 353 6.27549
69 353 6.27549
70 353 6.08828
71 353 6.08828
66 354 6.27549
67 354 6.27549
68 354 6.27549
69 354 6.27549
70 354 6.08828
71 354 6.08828
72 354 6.08828
73 354 6.08828
74 354 6.08828
75 354 6.08828
76 354 6.18047
77 354 6.18047
78 354 6.18047
79 354 6.18047
80 354 6.18047
81 354 6.18047
82 354 6.18047
83 354 6.18047
84 354 6.18047
85 354 6.27549
86 354 6.27549
87 354 5.9988
88 354 5.9988
82 355 6.18047
83 355 6.18047
84 355 6.18047
85 355 6.27549
86 355 6.27549
87 355 5.9988
88 355 5.9988
89 355 5.9988
90 355 6.08828
91 355 6.08828
92 355 6.08828
93 355 6.08828
94 355 6.08828
95 355 6.08828
96 355 6.18047
97 355 6.18047
98 355 6.18047
94 356 6.08828
95 356 6.08828
86 363 5.91191
87 363 5.91191
86 364 5.91191
87 364 5.91191
23 373 5.51268
27 373 5.58815
32 374 5.43922
33 374 5.43922
34 374 5.43922
35 374 5.43922
37 374 5.43922
38 374 5.51268
39 374 5.51268
41 374 5.29801
35 375 5.43922
38 375 5.51268
39 375 5.51268
40 375 5.29801
41 375 5.29801
42 375 5.29801
43 375 5.36769
44 375 5.36769
45 375 5.36769
46 375 5.36769
47 375 5.36769
48 375 5.36769
49 375 5.43922
50 375 5.23013
51 375 5.29801
53 375 5.29801
47 376 5.36769
48 376 5.36769
49 376 5.43922
50 376 5.23013
51 376 5.29801
52 376 5.29801
53 376 5.29801
54 376 5.29801
55 376 5.29801
56 376 5.29801
57 376 5.29801
58 376 5.36769
59 376 5.36769
60 376 5.36769
61 376 5.36769
62 376 5.36769
63 376 5.23013
64 376 5.29801
60 377 5.36769
61 377 5.36769
62 377 5.36769
63 377 5.23013
64 377 5.29801
65 377 5.29801
66 377 5.29801
67 377 5.29801
68 377 5.29801
69 377 5.29801
70 377 5.29801
71 377 5.36769
67 378 5.29801
68 378 5.29801
69 378 5.29801
47 389 4.91521
49 389 4.91521
51 389 4.91521
52 390 4.91521
53 390 4.91521
54 390 4.85673
55 391 4.91521
56 391 4.91521
57 391 4.85673
29 393 4.85673
32 393 4.79962
30 394 4.85673
33 394 4.91521
36 395 4.74383
39 396 4.74383
40 396 4.74383
46 398 4.79962
47 398 4.79962
31 409 4.53309
32 409 4.53309
31 410 4.53309
32 410 4.53309
551 423 4.07997
552 423 4.07997
293 430 4.03959
6 431 4.03959
7 431 4.03959
