185 3 50.7614
212 3 40.6504
216 3 33.8983
236 3 31.2989
318 3 29.0698
321 3 27.137
465 3 20.3666
466 3 20.3666
526 3 27.137
185 4 50.7614
217 4 33.8983
330 4 27.137
465 4 20.3666
525 4 27.137
575 4 23.9521
576 4 23.9521
577 4 23.9521
630 4 22.6244
631 4 22.6244
185 5 50.7614
186 5 50.7614
262 5 40.6504
263 5 40.6504
318 5 36.9686
330 5 27.137
345 5 25.4453
346 5 25.4453
437 5 20.3666
465 5 20.3666
466 5 20.3666
572 5 25.4453
574 5 25.4453
575 5 23.9521
627 5 27.137
630 5 22.6244
631 5 22.6244
185 6 50.7614
186 6 50.7614
262 6 40.6504
263 6 40.6504
318 6 36.9686
322 6 25.4453
345 6 25.4453
346 6 25.4453
347 6 25.4453
430 6 21.4362
456 6 20.3666
465 6 21.4362
466 6 21.4362
572 6 25.4453
574 6 23.9521
575 6 23.9521
630 6 22.6244
185 7 50.7614
186 7 50.7614
210 7 31.2989
318 7 36.9686
322 7 25.4453
346 7 25.4453
347 7 25.4453
424 7 31.2989
430 7 21.4362
435 7 20.3666
521 7 33.8983
525 7 27.137
526 7 27.137
574 7 25.4453
575 7 23.9521
185 8 57.971
210 8 31.2989
319 8 36.9686
322 8 25.4453
323 8 25.4453
425 8 29.0698
430 8 21.4362
431 8 21.4362
460 8 27.137
575 8 25.4453
630 8 22.6244
323 9 27.137
324 9 27.137
430 9 21.4362
431 9 21.4362
460 9 27.137
525 9 25.4453
526 9 25.4453
572 9 29.0698
575 9 25.4453
576 9 25.4453
631 9 22.6244
197 10 50.7614
199 10 50.7614
213 10 29.0698
233 10 9.26784
316 10 27.137
323 10 27.137
426 10 21.4362
427 10 21.4362
430 10 21.4362
468 10 21.4362
572 10 29.0698
575 10 25.4453
631 10 22.6244
210 11 29.0698
211 11 29.0698
221 11 14.0548
316 11 27.137
317 11 27.137
443 11 20.3666
468 11 21.4362
526 11 27.137
571 11 29.0698
572 11 29.0698
575 11 25.4453
631 11 22.6244
210 12 29.0698
211 12 29.0698
212 12 29.0698
317 12 27.137
440 12 23.9521
443 12 20.3666
462 12 20.3666
463 12 20.3666
525 12 27.137
526 12 27.137
571 12 31.2989
575 12 25.4453
631 12 22.6244
211 13 31.2989
215 13 22.6244
317 13 27.137
318 13 27.137
324 13 20.3666
427 13 21.4362
428 13 21.4362
440 13 23.9521
443 13 20.3666
525 13 27.137
575 13 25.4453
630 13 22.6244
631 13 22.6244
211 14 31.2989
221 14 15.674
230 14 11.0193
317 14 27.137
318 14 27.137
319 14 27.137
323 14 20.3666
343 14 25.4453
497 14 27.137
571 14 31.2989
575 14 25.4453
630 14 22.6244
631 14 22.6244
211 15 31.2989
221 15 15.674
318 15 27.137
319 15 27.137
467 15 21.4362
495 15 27.137
496 15 27.137
571 15 31.2989
575 15 25.4453
630 15 22.6244
631 15 22.6244
192 16 36.9686
211 16 31.2989
212 16 31.2989
224 16 14.556
241 16 31.2989
425 16 31.2989
429 16 22.6244
430 16 22.6244
431 16 21.4362
495 16 27.137
567 16 40.6504
575 16 25.4453
630 16 22.6244
631 16 22.6244
211 17 31.2989
212 17 31.2989
214 17 31.2989
430 17 22.6244
493 17 31.2989
526 17 25.4453
527 17 25.4453
528 17 25.4453
575 17 25.4453
631 17 22.6244
212 18 31.2989
433 18 20.3666
434 18 20.3666
468 18 20.3666
493 18 31.2989
525 18 25.4453
526 18 25.4453
527 18 25.4453
575 18 25.4453
630 18 22.6244
631 18 22.6244
212 19 31.2989
215 19 27.137
430 19 22.6244
432 19 21.4362
433 19 20.3666
434 19 20.3666
493 19 31.2989
526 19 25.4453
575 19 25.4453
579 19 23.9521
630 19 22.6244
631 19 22.6244
213 20 31.2989
216 20 27.137
226 20 33.8983
341 20 27.137
521 20 33.8983
526 20 25.4453
571 20 31.2989
575 20 25.4453
630 20 23.9521
631 20 23.9521
214 21 31.2989
216 21 29.0698
219 21 21.4362
226 21 33.8983
244 21 25.4453
263 21 40.6504
265 21 40.6504
526 21 25.4453
571 21 31.2989
579 21 23.9521
630 21 23.9521
631 21 23.9521
215 22 31.2989
220 22 21.4362
226 22 33.8983
238 22 22.6244
263 22 40.6504
493 22 31.2989
526 22 25.4453
630 22 23.9521
631 22 23.9521
211 23 50.7614
215 23 31.2989
216 23 31.2989
238 23 22.6244
263 23 40.6504
315 23 25.4453
427 23 21.4362
428 23 21.4362
436 23 20.3666
465 23 20.3666
466 23 20.3666
526 23 25.4453
575 23 25.4453
579 23 25.4453
630 23 23.9521
631 23 23.9521
212 24 50.7614
312 24 25.4453
340 24 27.137
427 24 21.4362
431 24 21.4362
432 24 21.4362
436 24 20.3666
442 24 20.3666
443 24 20.3666
444 24 20.3666
526 24 27.137
571 24 31.2989
579 24 25.4453
630 24 23.9521
631 24 23.9521
212 25 50.7614
235 25 31.2989
427 25 27.137
430 25 21.4362
431 25 21.4362
432 25 21.4362
466 25 20.3666
526 25 27.137
575 25 25.4453
578 25 25.4453
579 25 25.4453
630 25 23.9521
631 25 23.9521
218 26 31.2989
235 26 31.2989
312 26 25.4453
313 26 25.4453
328 26 25.4453
343 26 25.4453
427 26 27.137
431 26 21.4362
432 26 21.4362
526 26 27.137
556 26 200
579 26 25.4453
627 26 27.137
630 26 23.9521
631 26 23.9521
219 27 31.2989
313 27 27.137
319 27 27.137
328 27 25.4453
427 27 27.137
448 27 21.4362
496 27 27.137
526 27 27.137
579 27 25.4453
627 27 27.137
630 27 23.9521
631 27 23.9521
211 28 31.2989
219 28 31.2989
225 28 31.2989
313 28 27.137
319 28 27.137
328 28 25.4453
435 28 21.4362
448 28 21.4362
449 28 20.3666
493 28 31.2989
496 28 27.137
526 28 27.137
579 28 25.4453
627 28 27.137
630 28 23.9521
211 29 31.2989
220 29 31.2989
242 29 23.9521
313 29 27.137
430 29 29.0698
434 29 21.4362
435 29 21.4362
436 29 21.4362
437 29 21.4362
446 29 23.9521
449 29 21.4362
450 29 21.4362
451 29 21.4362
464 29 20.3666
495 29 27.137
496 29 27.137
526 29 27.137
579 29 25.4453
166 30 33.8983
211 30 31.2989
216 30 20.3666
314 30 27.137
345 30 7.69527
430 30 29.0698
431 30 29.0698
435 30 21.4362
436 30 21.4362
446 30 23.9521
449 30 21.4362
450 30 21.4362
451 30 21.4362
496 30 27.137
526 30 27.137
578 30 25.4453
579 30 25.4453
198 31 50.7614
211 31 31.2989
212 31 31.2989
217 31 21.4362
314 31 25.4453
315 31 25.4453
345 31 7.69527
430 31 29.0698
435 31 21.4362
449 31 21.4362
450 31 21.4362
457 31 20.3666
526 31 27.137
578 31 25.4453
579 31 25.4453
148 32 67.5676
198 32 50.7614
211 32 33.8983
212 32 33.8983
217 32 21.4362
314 32 27.137
315 32 25.4453
316 32 25.4453
345 32 7.69527
371 32 31.2989
435 32 21.4362
496 32 27.137
521 32 36.9686
526 32 27.137
575 32 25.4453
579 32 25.4453
630 32 22.6244
631 32 22.6244
632 32 22.6244
633 32 21.4362
161 33 36.9686
212 33 31.2989
217 33 21.4362
315 33 27.137
316 33 27.137
332 33 11.325
372 33 31.2989
430 33 29.0698
436 33 21.4362
437 33 21.4362
438 33 21.4362
463 33 20.3666
496 33 27.137
521 33 36.9686
526 33 27.137
578 33 25.4453
579 33 25.4453
630 33 22.6244
631 33 22.6244
632 33 22.6244
146 34 67.5676
161 34 36.9686
212 34 33.8983
213 34 33.8983
315 34 27.137
316 34 27.137
317 34 27.137
332 34 11.325
372 34 33.8983
373 34 31.2989
430 34 31.2989
436 34 21.4362
437 34 21.4362
438 34 21.4362
493 34 33.8983
526 34 27.137
579 34 25.4453
580 34 25.4453
627 34 27.137
630 34 22.6244
631 34 22.6244
145 35 67.5676
161 35 36.9686
212 35 33.8983
213 35 33.8983
220 35 31.2989
316 35 27.137
373 35 33.8983
433 35 27.137
437 35 21.4362
438 35 21.4362
467 35 21.4362
493 35 33.8983
526 35 27.137
579 35 25.4453
580 35 25.4453
627 35 27.137
631 35 22.6244
144 36 67.5676
145 36 67.5676
161 36 36.9686
212 36 33.8983
213 36 33.8983
220 36 31.2989
367 36 22.6244
370 36 45.1467
433 36 27.137
526 36 27.137
572 36 25.4453
579 36 25.4453
580 36 25.4453
630 36 22.6244
631 36 22.6244
143 37 67.5676
144 37 67.5676
212 37 33.8983
213 37 33.8983
214 37 33.8983
240 37 23.9521
263 37 36.9686
316 37 27.137
331 37 11.325
366 37 22.6244
370 37 45.1467
469 37 21.4362
526 37 27.137
572 37 25.4453
578 37 25.4453
579 37 25.4453
630 37 22.6244
631 37 22.6244
162 38 36.9686
237 38 31.2989
263 38 36.9686
264 38 36.9686
316 38 27.137
331 38 11.6482
376 38 16.9779
429 38 21.4362
466 38 23.9521
526 38 27.137
572 38 25.4453
578 38 25.4453
579 38 25.4453
580 38 25.4453
627 38 27.137
630 38 23.9521
631 38 23.9521
142 39 67.5676
331 39 11.6482
366 39 33.8983
369 39 45.1467
429 39 21.4362
430 39 21.4362
495 39 27.137
496 39 27.137
497 39 27.137
526 39 27.137
572 39 25.4453
573 39 25.4453
578 39 25.4453
579 39 25.4453
580 39 25.4453
630 39 23.9521
631 39 23.9521
142 40 67.5676
314 40 27.137
326 40 14.0548
331 40 11.6482
365 40 33.8983
366 40 33.8983
375 40 16.9779
437 40 21.4362
438 40 21.4362
468 40 21.4362
495 40 27.137
496 40 27.137
526 40 27.137
572 40 25.4453
573 40 25.4453
578 40 25.4453
579 40 25.4453
630 40 23.9521
631 40 23.9521
315 41 31.2989
365 41 33.8983
436 41 21.4362
437 41 21.4362
438 41 21.4362
468 41 21.4362
493 41 29.0698
495 41 27.137
496 41 27.137
526 41 27.137
630 41 23.9521
631 41 23.9521
158 42 36.9686
209 42 29.0698
210 42 29.0698
359 42 80.9717
364 42 33.8983
365 42 33.8983
366 42 33.8983
375 42 19.3986
427 42 23.9521
428 42 22.6244
429 42 22.6244
430 42 21.4362
630 42 23.9521
631 42 23.9521
158 43 36.9686
162 43 33.8983
210 43 31.2989
211 43 31.2989
359 43 80.9717
364 43 33.8983
365 43 33.8983
427 43 23.9521
430 43 21.4362
466 43 21.4362
467 43 21.4362
493 43 31.2989
526 43 27.137
630 43 23.9521
631 43 23.9521
162 44 33.8983
163 44 33.8983
211 44 31.2989
314 44 27.137
315 44 27.137
321 44 19.3986
343 44 25.4453
359 44 80.9717
374 44 20.3666
427 44 23.9521
466 44 20.3666
526 44 27.137
630 44 23.9521
631 44 23.9521
163 45 33.8983
164 45 33.8983
211 45 31.2989
215 45 29.0698
314 45 27.137
315 45 27.137
320 45 25.4453
359 45 80.9717
374 45 19.3986
526 45 27.137
572 45 29.0698
575 45 23.9521
576 45 23.9521
577 45 23.9521
630 45 23.9521
631 45 23.9521
160 46 33.8983
215 46 29.0698
314 46 27.137
315 46 27.137
320 46 25.4453
373 46 19.3986
496 46 27.137
526 46 27.137
527 46 27.137
572 46 29.0698
575 46 23.9521
576 46 23.9521
630 46 23.9521
631 46 23.9521
160 47 36.9686
216 47 21.4362
315 47 27.137
316 47 27.137
320 47 27.137
321 47 27.137
365 47 33.8983
462 47 23.9521
496 47 27.137
526 47 27.137
571 47 29.0698
572 47 29.0698
575 47 23.9521
576 47 23.9521
630 47 23.9521
631 47 23.9521
216 48 21.4362
315 48 27.137
316 48 27.137
317 48 27.137
335 48 67.5676
365 48 33.8983
366 48 33.8983
427 48 21.4362
436 48 21.4362
451 48 19.3986
462 48 23.9521
496 48 27.137
526 48 27.137
571 48 29.0698
572 48 29.0698
575 48 25.4453
576 48 25.4453
630 48 23.9521
631 48 23.9521
154 49 33.8983
155 49 33.8983
206 49 40.6504
209 49 31.2989
210 49 31.2989
211 49 29.0698
217 49 19.3986
316 49 27.137
317 49 27.137
345 49 27.137
365 49 33.8983
366 49 33.8983
427 49 21.4362
448 49 22.6244
493 49 33.8983
526 49 27.137
527 49 27.137
566 49 29.0698
572 49 29.0698
575 49 25.4453
576 49 25.4453
630 49 23.9521
631 49 23.9521
155 50 36.9686
210 50 31.2989
211 50 31.2989
212 50 31.2989
345 50 27.137
358 50 134.228
366 50 33.8983
367 50 33.8983
368 50 33.8983
422 50 29.0698
427 50 21.4362
428 50 21.4362
463 50 23.9521
496 50 27.137
526 50 27.137
572 50 29.0698
575 50 25.4453
576 50 25.4453
630 50 23.9521
631 50 23.9521
211 51 31.2989
212 51 31.2989
213 51 31.2989
358 51 134.228
362 51 57.971
366 51 33.8983
422 51 29.0698
427 51 21.4362
428 51 21.4362
457 51 31.2989
493 51 33.8983
572 51 29.0698
575 51 25.4453
630 51 23.9521
631 51 23.9521
154 52 36.9686
198 52 50.7614
199 52 50.7614
212 52 31.2989
213 52 31.2989
217 52 31.2989
242 52 21.4362
317 52 27.137
318 52 27.137
358 52 134.228
362 52 57.971
422 52 29.0698
427 52 21.4362
456 52 31.2989
493 52 33.8983
572 52 29.0698
575 52 25.4453
630 52 23.9521
631 52 23.9521
154 53 36.9686
157 53 33.8983
179 53 33.8983
213 53 33.8983
214 53 31.2989
245 53 33.8983
318 53 27.137
422 53 29.0698
465 53 21.4362
493 53 33.8983
571 53 29.0698
572 53 29.0698
630 53 23.9521
631 53 23.9521
154 54 36.9686
155 54 36.9686
158 54 25.4453
214 54 33.8983
215 54 31.2989
263 54 40.6504
264 54 36.9686
266 54 36.9686
418 54 21.4362
419 54 21.4362
423 54 29.0698
424 54 29.0698
465 54 21.4362
466 54 21.4362
576 54 25.4453
630 54 23.9521
631 54 23.9521
155 55 36.9686
215 55 31.2989
419 55 21.4362
496 55 27.137
526 55 25.4453
528 55 25.4453
529 55 23.9521
579 55 25.4453
630 55 23.9521
631 55 23.9521
155 56 36.9686
156 56 36.9686
179 56 36.9686
193 56 33.8983
216 56 31.2989
443 56 20.3666
444 56 20.3666
445 56 20.3666
526 56 25.4453
527 56 25.4453
528 56 25.4453
576 56 25.4453
630 56 23.9521
631 56 23.9521
155 57 36.9686
179 57 36.9686
211 57 31.2989
212 57 31.2989
217 57 29.0698
419 57 21.4362
420 57 21.4362
422 57 21.4362
423 57 20.3666
444 57 20.3666
493 57 33.8983
496 57 27.137
521 57 36.9686
522 57 36.9686
526 57 25.4453
527 57 25.4453
572 57 29.0698
576 57 25.4453
579 57 25.4453
630 57 23.9521
631 57 23.9521
155 58 36.9686
179 58 36.9686
212 58 31.2989
217 58 29.0698
218 58 29.0698
242 58 18.5185
307 58 27.137
310 58 27.137
419 58 21.4362
420 58 21.4362
421 58 21.4362
422 58 21.4362
426 58 16.9779
463 58 23.9521
464 58 23.9521
493 58 33.8983
521 58 36.9686
526 58 25.4453
527 58 25.4453
579 58 25.4453
630 58 23.9521
631 58 23.9521
156 59 36.9686
232 59 45.1467
235 59 31.2989
236 59 31.2989
307 59 27.137
311 59 27.137
340 59 27.137
421 59 21.4362
426 59 16.9779
493 59 33.8983
521 59 36.9686
526 59 27.137
527 59 27.137
579 59 25.4453
630 59 23.9521
631 59 23.9521
236 60 31.2989
237 60 31.2989
307 60 27.137
340 60 27.137
421 60 21.4362
526 60 27.137
527 60 27.137
575 60 31.2989
579 60 25.4453
630 60 22.6244
631 60 22.6244
151 61 36.9686
155 61 36.9686
218 61 21.4362
233 61 31.2989
311 61 27.137
313 61 27.137
314 61 27.137
421 61 21.4362
526 61 27.137
527 61 27.137
579 61 25.4453
630 61 22.6244
631 61 22.6244
152 62 36.9686
206 62 33.8983
210 62 33.8983
314 62 25.4453
526 62 27.137
527 62 27.137
575 62 31.2989
579 62 25.4453
631 62 22.6244
152 63 36.9686
180 63 36.9686
206 63 33.8983
211 63 33.8983
212 63 31.2989
213 63 31.2989
214 63 31.2989
219 63 21.4362
312 63 25.4453
422 63 21.4362
496 63 27.137
497 63 27.137
498 63 27.137
526 63 25.4453
527 63 25.4453
567 63 50.7614
572 63 31.2989
630 63 22.6244
631 63 22.6244
207 64 33.8983
213 64 33.8983
214 64 31.2989
215 64 31.2989
307 64 27.137
312 64 25.4453
462 64 20.3666
463 64 20.3666
464 64 20.3666
495 64 27.137
496 64 27.137
497 64 27.137
526 64 25.4453
527 64 25.4453
567 64 50.7614
572 64 31.2989
576 64 25.4453
630 64 22.6244
631 64 22.6244
153 65 36.9686
215 65 31.2989
307 65 27.137
312 65 25.4453
341 65 25.4453
342 65 25.4453
444 65 20.3666
463 65 20.3666
464 65 20.3666
493 65 33.8983
496 65 27.137
527 65 25.4453
576 65 25.4453
631 65 23.9521
212 66 40.6504
213 66 33.8983
312 66 25.4453
313 66 25.4453
335 66 45.1467
342 66 25.4453
421 66 22.6244
493 66 33.8983
496 66 27.137
526 66 25.4453
527 66 25.4453
576 66 25.4453
630 66 23.9521
631 66 23.9521
101 67 67.5676
102 67 67.5676
213 67 40.6504
215 67 40.6504
308 67 36.9686
320 67 13.587
421 67 22.6244
422 67 22.6244
493 67 33.8983
496 67 27.137
526 67 25.4453
527 67 25.4453
571 67 33.8983
572 67 33.8983
576 67 25.4453
631 67 23.9521
215 68 45.1467
308 68 36.9686
309 68 36.9686
421 68 22.6244
422 68 22.6244
423 68 22.6244
463 68 21.4362
493 68 33.8983
496 68 27.137
526 68 27.137
527 68 27.137
579 68 25.4453
631 68 23.9521
213 69 45.1467
421 69 22.6244
422 69 22.6244
460 69 23.9521
462 69 23.9521
493 69 33.8983
496 69 27.137
526 69 25.4453
527 69 25.4453
575 69 31.2989
579 69 25.4453
580 69 25.4453
631 69 23.9521
193 70 36.9686
213 70 33.8983
263 70 40.6504
264 70 40.6504
340 70 27.137
341 70 27.137
417 70 29.0698
418 70 29.0698
422 70 22.6244
460 70 23.9521
493 70 33.8983
496 70 29.0698
526 70 25.4453
527 70 25.4453
579 70 25.4453
580 70 25.4453
630 70 23.9521
631 70 23.9521
212 71 31.2989
264 71 40.6504
308 71 27.137
309 71 27.137
313 71 20.3666
320 71 25.4453
417 71 29.0698
418 71 29.0698
496 71 29.0698
527 71 25.4453
579 71 25.4453
580 71 25.4453
631 71 23.9521
199 72 45.1467
212 72 31.2989
264 72 40.6504
302 72 25.4453
309 72 27.137
340 72 27.137
341 72 27.137
417 72 29.0698
436 72 20.3666
437 72 20.3666
527 72 25.4453
575 72 31.2989
579 72 25.4453
580 72 25.4453
199 73 45.1467
212 73 31.2989
220 73 16.2999
302 73 25.4453
303 73 25.4453
309 73 27.137
310 73 27.137
340 73 27.137
432 73 25.4453
436 73 21.4362
493 73 33.8983
496 73 29.0698
527 73 25.4453
563 73 31.2989
564 73 31.2989
579 73 25.4453
580 73 25.4453
151 74 50.7614
153 74 36.9686
156 74 36.9686
242 74 19.3986
302 74 25.4453
303 74 25.4453
309 74 25.4453
310 74 25.4453
332 74 25.4453
432 74 25.4453
462 74 21.4362
463 74 21.4362
493 74 33.8983
496 74 29.0698
527 74 25.4453
564 74 31.2989
579 74 25.4453
580 74 25.4453
151 75 50.7614
154 75 36.9686
212 75 31.2989
237 75 29.0698
303 75 25.4453
309 75 25.4453
436 75 21.4362
463 75 21.4362
464 75 21.4362
496 75 29.0698
527 75 25.4453
564 75 31.2989
565 75 31.2989
575 75 31.2989
579 75 25.4453
631 75 22.6244
632 75 22.6244
634 75 21.4362
154 76 36.9686
210 76 31.2989
212 76 31.2989
264 76 40.6504
303 76 27.137
309 76 25.4453
418 76 21.4362
419 76 21.4362
427 76 20.3666
428 76 20.3666
463 76 21.4362
496 76 29.0698
497 76 29.0698
527 76 25.4453
567 76 25.4453
579 76 25.4453
580 76 25.4453
628 76 25.4453
630 76 23.9521
631 76 22.6244
154 77 36.9686
210 77 31.2989
244 77 40.6504
303 77 27.137
304 77 27.137
309 77 25.4453
310 77 25.4453
418 77 21.4362
419 77 21.4362
420 77 21.4362
427 77 20.3666
428 77 20.3666
429 77 20.3666
449 77 20.3666
450 77 20.3666
496 77 29.0698
527 77 27.137
568 77 25.4453
579 77 25.4453
580 77 25.4453
627 77 25.4453
628 77 25.4453
630 77 23.9521
631 77 22.6244
92 78 40.6504
144 78 57.971
154 78 36.9686
178 78 36.9686
303 78 27.137
304 78 27.137
309 78 27.137
419 78 21.4362
450 78 20.3666
451 78 20.3666
461 78 21.4362
496 78 29.0698
497 78 29.0698
527 78 27.137
575 78 31.2989
579 78 25.4453
580 78 25.4453
634 78 22.6244
92 79 40.6504
144 79 57.971
145 79 57.971
215 79 21.4362
304 79 27.137
305 79 27.137
338 79 25.4453
419 79 22.6244
442 79 20.3666
450 79 20.3666
461 79 21.4362
496 79 29.0698
497 79 29.0698
527 79 27.137
572 79 31.2989
575 79 31.2989
579 79 25.4453
580 79 25.4453
633 79 22.6244
634 79 22.6244
98 80 50.7614
177 80 36.9686
216 80 21.4362
264 80 40.6504
304 80 27.137
305 80 27.137
337 80 25.4453
338 80 25.4453
419 80 22.6244
420 80 22.6244
460 80 21.4362
496 80 29.0698
497 80 29.0698
527 80 27.137
572 80 31.2989
575 80 31.2989
576 80 31.2989
579 80 25.4453
627 80 22.6244
633 80 22.6244
634 80 22.6244
89 81 45.1467
98 81 50.7614
177 81 36.9686
216 81 21.4362
304 81 27.137
305 81 27.137
337 81 25.4453
338 81 25.4453
419 81 22.6244
496 81 29.0698
497 81 29.0698
527 81 27.137
575 81 31.2989
580 81 25.4453
627 81 22.6244
633 81 22.6244
634 81 22.6244
53 82 50.7614
137 82 67.5676
138 82 67.5676
177 82 36.9686
212 82 31.2989
305 82 27.137
306 82 27.137
419 82 22.6244
441 82 36.9686
496 82 29.0698
497 82 29.0698
522 82 36.9686
527 82 27.137
633 82 22.6244
634 82 22.6244
53 83 50.7614
54 83 50.7614
56 83 50.7614
89 83 40.6504
155 83 33.8983
178 83 36.9686
206 83 31.2989
241 83 31.2989
311 83 18.5185
335 83 25.4453
459 83 21.4362
460 83 21.4362
461 83 21.4362
493 83 36.9686
496 83 29.0698
497 83 29.0698
522 83 36.9686
527 83 27.137
627 83 22.6244
634 83 22.6244
53 84 50.7614
54 84 45.1467
90 84 40.6504
157 84 33.8983
207 84 31.2989
304 84 27.137
307 84 25.4453
336 84 25.4453
418 84 29.0698
422 84 21.4362
423 84 21.4362
424 84 21.4362
460 84 21.4362
461 84 21.4362
527 84 27.137
627 84 22.6244
634 84 22.6244
90 85 40.6504
91 85 40.6504
131 85 67.5676
158 85 36.9686
207 85 31.2989
208 85 29.0698
210 85 29.0698
304 85 31.2989
306 85 27.137
307 85 25.4453
417 85 29.0698
418 85 29.0698
423 85 21.4362
424 85 21.4362
460 85 21.4362
527 85 27.137
576 85 25.4453
577 85 23.9521
627 85 22.6244
634 85 22.6244
53 86 45.1467
91 86 40.6504
131 86 67.5676
151 86 57.971
154 86 36.9686
208 86 29.0698
210 86 29.0698
264 86 40.6504
266 86 40.6504
307 86 25.4453
308 86 25.4453
337 86 25.4453
338 86 25.4453
527 86 27.137
573 86 27.137
575 86 25.4453
576 86 25.4453
627 86 22.6244
634 86 22.6244
53 87 45.1467
56 87 50.7614
151 87 57.971
154 87 36.9686
155 87 36.9686
216 87 18.5185
245 87 29.0698
264 87 40.6504
303 87 33.8983
304 87 33.8983
441 87 20.3666
460 87 22.6244
497 87 27.137
498 87 27.137
527 87 27.137
575 87 25.4453
578 87 23.9521
579 87 23.9521
580 87 23.9521
627 87 22.6244
634 87 22.6244
52 88 45.1467
53 88 45.1467
124 88 67.5676
155 88 36.9686
304 88 33.8983
424 88 19.3986
496 88 27.137
497 88 27.137
527 88 27.137
528 88 27.137
572 88 25.4453
575 88 27.137
578 88 23.9521
579 88 25.4453
580 88 25.4453
603 88 33.8983
627 88 22.6244
634 88 22.6244
53 89 45.1467
54 89 45.1467
125 89 67.5676
210 89 31.2989
211 89 31.2989
300 89 27.137
301 89 27.137
304 89 33.8983
314 89 27.137
418 89 25.4453
419 89 23.9521
422 89 20.3666
447 89 20.3666
448 89 20.3666
496 89 27.137
497 89 27.137
526 89 27.137
527 89 27.137
572 89 25.4453
578 89 25.4453
579 89 25.4453
627 89 22.6244
634 89 22.6244
54 90 50.7614
211 90 31.2989
212 90 31.2989
301 90 27.137
304 90 27.137
418 90 25.4453
419 90 23.9521
421 90 21.4362
422 90 21.4362
423 90 21.4362
447 90 20.3666
448 90 20.3666
459 90 20.3666
460 90 20.3666
494 90 29.0698
496 90 27.137
497 90 27.137
572 90 25.4453
578 90 25.4453
579 90 25.4453
634 90 22.6244
51 91 45.1467
68 91 50.7614
88 91 40.6504
103 91 11.9904
106 91 12.7389
118 91 67.5676
150 91 36.9686
156 91 36.9686
212 91 31.2989
213 91 31.2989
217 91 23.9521
238 91 31.2989
241 91 31.2989
301 91 27.137
312 91 25.4453
421 91 21.4362
422 91 21.4362
442 91 31.2989
447 91 20.3666
448 91 20.3666
458 91 20.3666
496 91 29.0698
497 91 27.137
578 91 25.4453
579 91 25.4453
627 91 22.6244
634 91 22.6244
50 92 36.9686
52 92 50.7614
107 92 12.7389
108 92 12.7389
119 92 67.5676
150 92 36.9686
151 92 36.9686
209 92 33.8983
212 92 31.2989
213 92 31.2989
217 92 23.9521
242 92 31.2989
301 92 27.137
305 92 27.137
314 92 27.137
414 92 33.8983
421 92 21.4362
441 92 31.2989
496 92 29.0698
497 92 29.0698
572 92 25.4453
573 92 25.4453
578 92 25.4453
579 92 25.4453
634 92 22.6244
50 93 45.1467
52 93 45.1467
53 93 45.1467
109 93 12.7389
150 93 36.9686
151 93 36.9686
209 93 31.2989
213 93 31.2989
214 93 31.2989
242 93 31.2989
373 93 31.2989
425 93 20.3666
453 93 29.0698
497 93 27.137
527 93 25.4453
528 93 25.4453
572 93 25.4453
573 93 25.4453
578 93 25.4453
579 93 25.4453
634 93 22.6244
54 94 50.7614
113 94 57.971
150 94 36.9686
155 94 36.9686
156 94 36.9686
210 94 33.8983
373 94 33.8983
448 94 45.1467
453 94 29.0698
496 94 27.137
522 94 33.8983
526 94 25.4453
527 94 25.4453
528 94 25.4453
561 94 31.2989
572 94 25.4453
573 94 25.4453
578 94 25.4453
579 94 25.4453
580 94 25.4453
634 94 22.6244
51 95 50.7614
113 95 57.971
150 95 36.9686
151 95 36.9686
157 95 36.9686
177 95 45.1467
302 95 25.4453
338 95 25.4453
362 95 36.9686
368 95 50.7614
374 95 33.8983
419 95 21.4362
452 95 29.0698
457 95 21.4362
497 95 27.137
522 95 33.8983
572 95 25.4453
573 95 25.4453
578 95 25.4453
579 95 25.4453
634 95 22.6244
635 95 22.6244
51 96 50.7614
52 96 50.7614
66 96 45.1467
150 96 36.9686
151 96 36.9686
157 96 36.9686
158 96 36.9686
177 96 45.1467
178 96 45.1467
298 96 36.9686
302 96 25.4453
307 96 18.5185
370 96 50.7614
374 96 33.8983
419 96 21.4362
420 96 21.4362
458 96 21.4362
459 96 21.4362
496 96 29.0698
497 96 29.0698
526 96 29.0698
527 96 29.0698
530 96 25.4453
572 96 25.4453
573 96 25.4453
578 96 25.4453
579 96 25.4453
580 96 25.4453
634 96 23.9521
52 97 50.7614
53 97 50.7614
54 97 50.7614
66 97 50.7614
67 97 50.7614
151 97 36.9686
178 97 45.1467
192 97 50.7614
298 97 36.9686
370 97 50.7614
419 97 21.4362
420 97 21.4362
426 97 16.9779
459 97 21.4362
460 97 21.4362
494 97 33.8983
496 97 29.0698
497 97 27.137
526 97 31.2989
565 97 36.9686
566 97 36.9686
572 97 25.4453
573 97 25.4453
578 97 25.4453
579 97 25.4453
634 97 23.9521
635 97 23.9521
52 98 50.7614
53 98 50.7614
67 98 50.7614
68 98 50.7614
90 98 10.7296
192 98 50.7614
207 98 31.2989
208 98 31.2989
298 98 36.9686
302 98 20.3666
366 98 33.8983
367 98 33.8983
370 98 50.7614
419 98 21.4362
420 98 21.4362
421 98 21.4362
426 98 16.9779
494 98 33.8983
526 98 31.2989
530 98 27.137
556 98 200
565 98 36.9686
566 98 36.9686
572 98 25.4453
573 98 25.4453
578 98 25.4453
579 98 25.4453
634 98 23.9521
68 99 50.7614
87 99 13.1492
207 99 31.2989
208 99 31.2989
209 99 31.2989
211 99 27.137
214 99 25.4453
302 99 20.3666
335 99 27.137
336 99 27.137
361 99 67.5676
366 99 33.8983
420 99 22.6244
444 99 20.3666
497 99 27.137
529 99 29.0698
565 99 36.9686
566 99 36.9686
572 99 25.4453
573 99 25.4453
578 99 25.4453
579 99 25.4453
603 99 25.4453
604 99 25.4453
605 99 25.4453
634 99 23.9521
635 99 23.9521
68 100 50.7614
93 100 12.7389
94 100 12.7389
151 100 36.9686
209 100 31.2989
211 100 29.0698
212 100 25.4453
215 100 23.9521
246 100 33.8983
298 100 27.137
302 100 20.3666
336 100 27.137
337 100 27.137
361 100 67.5676
365 100 36.9686
366 100 36.9686
420 100 22.6244
421 100 22.6244
452 100 33.8983
494 100 33.8983
497 100 27.137
529 100 29.0698
530 100 29.0698
572 100 25.4453
573 100 25.4453
578 100 25.4453
579 100 25.4453
580 100 25.4453
634 100 23.9521
25 101 50.7614
50 101 45.1467
51 101 50.7614
68 101 50.7614
94 101 12.7389
151 101 36.9686
209 101 31.2989
212 101 27.137
298 101 27.137
299 101 27.137
302 101 20.3666
303 101 20.3666
308 101 18.5185
360 101 80.9717
361 101 80.9717
365 101 36.9686
366 101 36.9686
420 101 22.6244
421 101 22.6244
464 101 21.4362
494 101 33.8983
497 101 29.0698
526 101 31.2989
529 101 29.0698
572 101 25.4453
573 101 25.4453
578 101 25.4453
579 101 25.4453
580 101 25.4453
634 101 23.9521
25 102 50.7614
26 102 50.7614
31 102 50.7614
51 102 50.7614
52 102 45.1467
54 102 50.7614
152 102 36.9686
210 102 31.2989
223 102 14.0548
264 102 40.6504
298 102 27.137
299 102 27.137
302 102 20.3666
303 102 20.3666
308 102 18.5185
360 102 80.9717
365 102 36.9686
420 102 22.6244
421 102 22.6244
422 102 22.6244
423 102 21.4362
424 102 19.3986
464 102 21.4362
494 102 33.8983
496 102 31.2989
497 102 29.0698
529 102 29.0698
557 102 200
558 102 134.228
560 102 134.228
572 102 25.4453
573 102 25.4453
578 102 25.4453
579 102 25.4453
580 102 25.4453
633 102 23.9521
634 102 23.9521
26 103 50.7614
52 103 45.1467
53 103 50.7614
211 103 31.2989
212 103 31.2989
219 103 17.7148
224 103 14.0548
264 103 40.6504
299 103 27.137
303 103 20.3666
360 103 80.9717
421 103 21.4362
496 103 31.2989
497 103 29.0698
523 103 27.137
529 103 29.0698
572 103 25.4453
573 103 25.4453
578 103 25.4453
579 103 25.4453
580 103 25.4453
634 103 23.9521
22 104 57.971
26 104 50.7614
52 104 50.7614
53 104 50.7614
66 104 45.1467
151 104 33.8983
212 104 31.2989
213 104 31.2989
216 104 23.9521
299 104 27.137
303 104 21.4362
304 104 21.4362
376 104 19.3986
463 104 21.4362
464 104 21.4362
494 104 31.2989
496 104 31.2989
497 104 29.0698
529 104 29.0698
572 104 25.4453
573 104 25.4453
578 104 25.4453
579 104 25.4453
634 104 23.9521
22 105 57.971
148 105 50.7614
213 105 31.2989
214 105 31.2989
216 105 23.9521
299 105 27.137
300 105 27.137
303 105 25.4453
304 105 25.4453
372 105 21.4362
422 105 22.6244
423 105 22.6244
428 105 16.2999
463 105 22.6244
464 105 22.6244
497 105 29.0698
529 105 29.0698
572 105 25.4453
573 105 25.4453
578 105 25.4453
579 105 25.4453
580 105 25.4453
633 105 23.9521
634 105 23.9521
635 105 23.9521
32 106 50.7614
53 106 45.1467
300 106 27.137
365 106 33.8983
366 106 33.8983
375 106 19.3986
421 106 22.6244
422 106 21.4362
423 106 21.4362
424 106 21.4362
463 106 22.6244
464 106 22.6244
497 106 29.0698
529 106 29.0698
572 106 25.4453
573 106 25.4453
578 106 25.4453
579 106 25.4453
634 106 23.9521
635 106 23.9521
52 107 45.1467
94 107 13.1492
297 107 27.137
300 107 22.6244
358 107 134.228
365 107 33.8983
366 107 33.8983
367 107 33.8983
422 107 21.4362
494 107 33.8983
497 107 29.0698
529 107 29.0698
572 107 25.4453
573 107 25.4453
578 107 25.4453
579 107 25.4453
580 107 25.4453
634 107 23.9521
635 107 23.9521
21 108 50.7614
51 108 45.1467
52 108 45.1467
53 108 45.1467
297 108 27.137
300 108 22.6244
361 108 67.5676
362 108 57.971
366 108 33.8983
367 108 33.8983
494 108 33.8983
523 108 27.137
529 108 29.0698
555 108 33.8983
572 108 25.4453
573 108 25.4453
578 108 25.4453
579 108 25.4453
628 108 22.6244
634 108 23.9521
635 108 23.9521
21 109 50.7614
22 109 50.7614
49 109 36.9686
51 109 45.1467
53 109 45.1467
164 109 33.8983
213 109 31.2989
301 109 22.6244
359 109 134.228
362 109 57.971
366 109 33.8983
367 109 33.8983
368 109 33.8983
423 109 22.6244
424 109 22.6244
429 109 21.4362
430 109 21.4362
462 109 29.0698
529 109 29.0698
572 109 25.4453
573 109 25.4453
578 109 25.4453
579 109 25.4453
628 109 22.6244
634 109 23.9521
635 109 23.9521
21 110 50.7614
22 110 50.7614
53 110 50.7614
54 110 50.7614
66 110 50.7614
194 110 50.7614
215 110 31.2989
298 110 27.137
307 110 16.9779
359 110 101.01
362 110 57.971
363 110 57.971
367 110 33.8983
368 110 33.8983
369 110 33.8983
422 110 22.6244
423 110 21.4362
424 110 21.4362
529 110 29.0698
556 110 33.8983
572 110 25.4453
573 110 25.4453
578 110 25.4453
579 110 25.4453
580 110 25.4453
581 110 25.4453
628 110 22.6244
634 110 23.9521
635 110 23.9521
53 111 50.7614
54 111 50.7614
93 111 13.1492
134 111 57.971
149 111 27.137
150 111 27.137
192 111 50.7614
209 111 31.2989
210 111 31.2989
299 111 27.137
307 111 16.9779
422 111 22.6244
461 111 29.0698
529 111 29.0698
530 111 29.0698
556 111 33.8983
572 111 25.4453
573 111 25.4453
578 111 25.4453
579 111 25.4453
580 111 25.4453
628 111 22.6244
634 111 23.9521
635 111 23.9521
21 112 50.7614
55 112 50.7614
68 112 50.7614
93 112 13.1492
94 112 13.1492
150 112 27.137
210 112 31.2989
211 112 31.2989
212 112 31.2989
299 112 27.137
300 112 27.137
301 112 27.137
425 112 21.4362
426 112 21.4362
442 112 21.4362
466 112 21.4362
496 112 29.0698
497 112 29.0698
498 112 27.137
499 112 27.137
500 112 25.4453
523 112 27.137
529 112 29.0698
530 112 29.0698
556 112 33.8983
557 112 33.8983
572 112 25.4453
573 112 25.4453
578 112 25.4453
579 112 25.4453
580 112 25.4453
628 112 22.6244
634 112 23.9521
635 112 23.9521
21 113 50.7614
32 113 50.7614
95 113 13.587
145 113 57.971
146 113 57.971
300 113 27.137
301 113 27.137
413 113 21.4362
425 113 21.4362
426 113 21.4362
442 113 21.4362
496 113 29.0698
497 113 29.0698
498 113 29.0698
529 113 29.0698
572 113 25.4453
573 113 25.4453
578 113 25.4453
579 113 25.4453
627 113 22.6244
628 113 22.6244
633 113 23.9521
634 113 23.9521
21 114 50.7614
54 114 50.7614
96 114 13.587
413 114 21.4362
425 114 21.4362
426 114 21.4362
429 114 18.5185
497 114 29.0698
529 114 29.0698
558 114 31.2989
572 114 25.4453
573 114 25.4453
578 114 25.4453
579 114 25.4453
580 114 25.4453
21 115 50.7614
22 115 50.7614
69 115 50.7614
97 115 13.587
138 115 57.971
177 115 33.8983
213 115 18.5185
333 115 6.91324
419 115 31.2989
465 115 21.4362
497 115 29.0698
529 115 29.0698
558 115 31.2989
559 115 31.2989
560 115 31.2989
572 115 25.4453
573 115 25.4453
578 115 25.4453
579 115 25.4453
22 116 50.7614
48 116 50.7614
53 116 50.7614
98 116 13.587
138 116 57.971
139 116 57.971
206 116 31.2989
207 116 31.2989
297 116 27.137
298 116 27.137
302 116 19.3986
440 116 20.3666
441 116 20.3666
466 116 21.4362
497 116 29.0698
529 116 29.0698
530 116 29.0698
559 116 31.2989
572 116 25.4453
573 116 25.4453
578 116 25.4453
579 116 25.4453
22 117 50.7614
23 117 50.7614
48 117 50.7614
49 117 50.7614
53 117 50.7614
54 117 50.7614
99 117 13.587
134 117 57.971
207 117 31.2989
209 117 31.2989
298 117 27.137
426 117 22.6244
427 117 22.6244
497 117 29.0698
559 117 31.2989
560 117 31.2989
572 117 25.4453
573 117 25.4453
578 117 25.4453
579 117 25.4453
580 117 25.4453
19 118 50.7614
23 118 50.7614
31 118 50.7614
48 118 45.1467
54 118 50.7614
100 118 13.587
131 118 57.971
132 118 57.971
134 118 57.971
151 118 21.4362
207 118 31.2989
210 118 25.4453
213 118 17.7148
214 118 17.7148
243 118 40.6504
264 118 40.6504
265 118 40.6504
298 118 27.137
419 118 36.9686
422 118 20.3666
426 118 22.6244
427 118 22.6244
464 118 21.4362
497 118 31.2989
523 118 27.137
529 118 29.0698
530 118 29.0698
572 118 25.4453
573 118 25.4453
578 118 25.4453
579 118 25.4453
580 118 25.4453
583 118 20.3666
584 118 20.3666
631 118 22.6244
635 118 19.3986
636 118 17.7148
637 118 17.7148
19 119 50.7614
21 119 50.7614
23 119 50.7614
31 119 50.7614
48 119 45.1467
101 119 13.587
132 119 57.971
177 119 33.8983
207 119 31.2989
210 119 25.4453
215 119 17.7148
264 119 40.6504
265 119 40.6504
298 119 27.137
304 119 19.3986
314 119 12.3533
333 119 27.137
422 119 20.3666
423 119 20.3666
449 119 22.6244
450 119 21.4362
451 119 21.4362
465 119 21.4362
466 119 21.4362
497 119 31.2989
529 119 29.0698
530 119 29.0698
554 119 31.2989
572 119 25.4453
573 119 25.4453
578 119 25.4453
579 119 25.4453
580 119 25.4453
581 119 23.9521
628 119 27.137
631 119 22.6244
632 119 22.6244
633 119 22.6244
19 120 50.7614
20 120 50.7614
21 120 50.7614
23 120 50.7614
31 120 50.7614
48 120 45.1467
49 120 45.1467
125 120 57.971
127 120 57.971
146 120 50.7614
148 120 50.7614
154 120 36.9686
207 120 31.2989
208 120 31.2989
216 120 16.9779
220 120 13.587
267 120 36.9686
299 120 27.137
304 120 19.3986
314 120 12.3533
447 120 23.9521
497 120 31.2989
523 120 27.137
529 120 29.0698
572 120 25.4453
573 120 25.4453
578 120 25.4453
579 120 25.4453
628 120 27.137
631 120 22.6244
632 120 22.6244
20 121 50.7614
24 121 57.971
31 121 50.7614
48 121 45.1467
49 121 45.1467
125 121 57.971
208 121 31.2989
299 121 27.137
300 121 27.137
304 121 19.3986
332 121 27.137
497 121 31.2989
529 121 29.0698
530 121 29.0698
569 121 45.1467
628 121 27.137
631 121 22.6244
632 121 22.6244
20 122 50.7614
21 122 50.7614
51 122 50.7614
208 122 31.2989
209 122 31.2989
211 122 31.2989
299 122 27.137
300 122 27.137
301 122 27.137
332 122 27.137
333 122 27.137
422 122 21.4362
423 122 21.4362
445 122 25.4453
464 122 21.4362
497 122 31.2989
529 122 29.0698
530 122 29.0698
555 122 36.9686
628 122 27.137
631 122 23.9521
632 122 23.9521
22 123 57.971
36 123 67.5676
51 123 50.7614
119 123 67.5676
209 123 31.2989
300 123 25.4453
301 123 25.4453
328 123 40.6504
422 123 21.4362
423 123 21.4362
497 123 31.2989
498 123 31.2989
529 123 27.137
530 123 27.137
628 123 27.137
631 123 23.9521
632 123 23.9521
19 124 50.7614
22 124 57.971
23 124 57.971
36 124 67.5676
44 124 67.5676
192 124 50.7614
195 124 31.2989
209 124 31.2989
210 124 31.2989
215 124 18.5185
216 124 18.5185
301 124 25.4453
306 124 18.5185
307 124 18.5185
314 124 11.6482
425 124 21.4362
497 124 31.2989
498 124 31.2989
530 124 27.137
631 124 23.9521
632 124 23.9521
19 125 50.7614
23 125 57.971
70 125 200
209 125 31.2989
210 125 31.2989
216 125 18.5185
274 125 18.5185
302 125 27.137
422 125 25.4453
425 125 21.4362
497 125 31.2989
529 125 27.137
530 125 27.137
531 125 27.137
532 125 27.137
631 125 23.9521
632 125 23.9521
19 126 50.7614
50 126 50.7614
72 126 200
145 126 57.971
146 126 57.971
210 126 31.2989
298 126 27.137
299 126 27.137
422 126 25.4453
451 126 20.3666
497 126 31.2989
498 126 31.2989
499 126 31.2989
573 126 29.0698
574 126 29.0698
576 126 25.4453
577 126 25.4453
578 126 25.4453
631 126 23.9521
632 126 23.9521
19 127 50.7614
20 127 50.7614
50 127 45.1467
97 127 9.26784
149 127 25.4453
211 127 31.2989
233 127 29.0698
299 127 27.137
426 127 21.4362
427 127 21.4362
433 127 21.4362
497 127 31.2989
498 127 31.2989
523 127 27.137
524 127 27.137
573 127 29.0698
576 127 25.4453
577 127 25.4453
616 127 50.7614
631 127 23.9521
632 127 23.9521
20 128 50.7614
21 128 50.7614
50 128 50.7614
51 128 50.7614
92 128 13.1492
299 128 27.137
421 128 21.4362
427 128 21.4362
428 128 21.4362
497 128 29.0698
498 128 29.0698
523 128 27.137
524 128 27.137
572 128 29.0698
573 128 29.0698
576 128 25.4453
577 128 25.4453
616 128 50.7614
631 128 23.9521
632 128 23.9521
21 129 57.971
22 129 57.971
23 129 50.7614
45 129 67.5676
51 129 50.7614
91 129 13.1492
92 129 13.1492
93 129 13.1492
104 129 13.1492
244 129 36.9686
422 129 21.4362
423 129 21.4362
572 129 29.0698
573 129 29.0698
577 129 25.4453
597 129 45.1467
631 129 23.9521
632 129 23.9521
21 130 57.971
22 130 57.971
52 130 50.7614
53 130 50.7614
104 130 13.1492
105 130 13.1492
131 130 57.971
150 130 23.9521
197 130 27.137
297 130 40.6504
301 130 27.137
302 130 27.137
330 130 36.9686
335 130 25.4453
422 130 21.4362
423 130 21.4362
430 130 21.4362
431 130 21.4362
432 130 21.4362
497 130 29.0698
498 130 29.0698
499 130 29.0698
572 130 29.0698
573 130 29.0698
576 130 25.4453
577 130 25.4453
597 130 45.1467
628 130 27.137
631 130 23.9521
632 130 23.9521
23 131 57.971
53 131 50.7614
73 131 200
151 131 23.9521
208 131 31.2989
293 131 8.32293
298 131 40.6504
301 131 27.137
302 131 27.137
303 131 27.137
422 131 21.4362
431 131 21.4362
432 131 21.4362
455 131 23.9521
459 131 21.4362
460 131 21.4362
497 131 29.0698
498 131 29.0698
499 131 29.0698
500 131 29.0698
577 131 25.4453
597 131 45.1467
631 131 23.9521
632 131 23.9521
18 132 101.01
45 132 67.5676
75 132 200
146 132 36.9686
147 132 36.9686
208 132 31.2989
209 132 31.2989
303 132 27.137
419 132 67.5676
454 132 29.0698
459 132 21.4362
460 132 21.4362
498 132 29.0698
523 132 33.8983
527 132 25.4453
528 132 25.4453
529 132 25.4453
560 132 67.5676
574 132 25.4453
577 132 25.4453
597 132 45.1467
631 132 22.6244
632 132 22.6244
18 133 101.01
19 133 101.01
147 133 36.9686
148 133 36.9686
209 133 31.2989
215 133 18.5185
306 133 23.9521
427 133 21.4362
457 133 21.4362
523 133 33.8983
527 133 25.4453
528 133 25.4453
573 133 23.9521
574 133 23.9521
577 133 25.4453
597 133 45.1467
628 133 27.137
631 133 22.6244
632 133 22.6244
16 134 101.01
50 134 50.7614
147 134 36.9686
148 134 36.9686
149 134 36.9686
178 134 50.7614
209 134 31.2989
264 134 40.6504
265 134 40.6504
270 134 36.9686
294 134 11.325
422 134 29.0698
427 134 22.6244
523 134 33.8983
527 134 25.4453
528 134 25.4453
553 134 33.8983
554 134 33.8983
573 134 23.9521
574 134 23.9521
577 134 25.4453
632 134 22.6244
14 135 101.01
15 135 101.01
35 135 101.01
50 135 50.7614
210 135 31.2989
265 135 40.6504
271 135 36.9686
426 135 25.4453
427 135 25.4453
429 135 21.4362
430 135 21.4362
431 135 21.4362
455 135 22.6244
456 135 22.6244
457 135 22.6244
523 135 33.8983
527 135 25.4453
528 135 25.4453
574 135 23.9521
577 135 25.4453
631 135 22.6244
632 135 22.6244
36 136 101.01
49 136 50.7614
50 136 50.7614
72 136 80.9717
197 136 27.137
211 136 29.0698
271 136 27.137
332 136 27.137
426 136 25.4453
446 136 13.1492
456 136 22.6244
457 136 22.6244
497 136 27.137
498 136 27.137
499 136 27.137
528 136 25.4453
574 136 23.9521
577 136 25.4453
631 136 22.6244
632 136 22.6244
77 137 134.228
152 137 36.9686
153 137 36.9686
192 137 50.7614
193 137 50.7614
197 137 27.137
211 137 29.0698
212 137 29.0698
269 137 29.0698
294 137 27.137
295 137 27.137
303 137 16.2999
327 137 45.1467
332 137 27.137
425 137 27.137
429 137 22.6244
430 137 21.4362
431 137 21.4362
432 137 21.4362
433 137 21.4362
441 137 21.4362
497 137 27.137
498 137 27.137
527 137 25.4453
528 137 25.4453
556 137 31.2989
557 137 31.2989
574 137 23.9521
577 137 25.4453
631 137 22.6244
632 137 22.6244
145 138 33.8983
193 138 50.7614
208 138 31.2989
265 138 45.1467
269 138 29.0698
295 138 27.137
303 138 16.9779
441 138 22.6244
442 138 22.6244
494 138 36.9686
497 138 27.137
498 138 27.137
523 138 33.8983
528 138 25.4453
557 138 31.2989
558 138 31.2989
574 138 23.9521
577 138 25.4453
632 138 22.6244
49 139 80.9717
51 139 80.9717
146 139 33.8983
161 139 33.8983
238 139 36.9686
269 139 29.0698
295 139 29.0698
296 139 27.137
303 139 17.7148
323 139 134.228
438 139 27.137
441 139 22.6244
442 139 22.6244
454 139 21.4362
494 139 36.9686
497 139 29.0698
498 139 29.0698
528 139 27.137
574 139 23.9521
577 139 25.4453
631 139 22.6244
632 139 22.6244
49 140 80.9717
152 140 33.8983
162 140 33.8983
269 140 29.0698
296 140 27.137
297 140 27.137
303 140 17.7148
304 140 17.7148
323 140 134.228
433 140 40.6504
434 140 21.4362
441 140 22.6244
528 140 27.137
574 140 23.9521
577 140 25.4453
631 140 22.6244
632 140 22.6244
162 141 33.8983
193 141 50.7614
266 141 45.1467
269 141 29.0698
297 141 27.137
298 141 27.137
304 141 18.5185
310 141 15.0943
431 141 50.7614
432 141 50.7614
433 141 40.6504
441 141 21.4362
442 141 21.4362
497 141 29.0698
498 141 29.0698
523 141 33.8983
528 141 27.137
574 141 23.9521
631 141 22.6244
632 141 22.6244
242 142 50.7614
266 142 45.1467
298 142 27.137
299 142 27.137
300 142 25.4453
310 142 15.0943
431 142 50.7614
441 142 21.4362
442 142 21.4362
443 142 21.4362
497 142 31.2989
498 142 31.2989
528 142 27.137
573 142 23.9521
574 142 23.9521
577 142 25.4453
632 142 22.6244
142 143 57.971
207 143 23.9521
273 143 29.0698
299 143 27.137
300 143 27.137
301 143 27.137
309 143 15.0943
310 143 15.0943
333 143 25.4453
334 143 25.4453
430 143 50.7614
431 143 50.7614
442 143 21.4362
443 143 21.4362
494 143 36.9686
497 143 31.2989
498 143 31.2989
528 143 27.137
557 143 31.2989
558 143 31.2989
573 143 23.9521
574 143 23.9521
632 143 22.6244
134 144 57.971
135 144 57.971
269 144 45.1467
300 144 27.137
301 144 27.137
310 144 15.0943
332 144 25.4453
333 144 25.4453
334 144 25.4453
442 144 21.4362
443 144 21.4362
448 144 22.6244
497 144 31.2989
498 144 31.2989
528 144 27.137
558 144 31.2989
574 144 23.9521
577 144 25.4453
632 144 22.6244
135 145 57.971
236 145 31.2989
243 145 16.9779
244 145 16.9779
269 145 45.1467
270 145 45.1467
301 145 27.137
310 145 15.674
442 145 21.4362
443 145 21.4362
448 145 22.6244
497 145 31.2989
498 145 31.2989
528 145 27.137
558 145 31.2989
559 145 31.2989
566 145 45.1467
577 145 25.4453
632 145 22.6244
69 146 45.1467
128 146 57.971
193 146 50.7614
194 146 50.7614
204 146 29.0698
205 146 29.0698
236 146 31.2989
270 146 45.1467
442 146 22.6244
443 146 22.6244
448 146 21.4362
449 146 21.4362
497 146 31.2989
498 146 31.2989
528 146 27.137
558 146 33.8983
559 146 33.8983
565 146 45.1467
566 146 45.1467
577 146 25.4453
632 146 22.6244
69 147 45.1467
128 147 57.971
145 147 50.7614
146 147 50.7614
205 147 29.0698
207 147 29.0698
245 147 33.8983
332 147 25.4453
442 147 22.6244
448 147 21.4362
449 147 21.4362
497 147 31.2989
498 147 31.2989
528 147 27.137
558 147 33.8983
559 147 33.8983
565 147 45.1467
632 147 22.6244
122 148 57.971
146 148 50.7614
205 148 29.0698
206 148 31.2989
242 148 50.7614
245 148 33.8983
298 148 27.137
299 148 27.137
332 148 25.4453
442 148 22.6244
443 148 22.6244
449 148 21.4362
497 148 31.2989
498 148 31.2989
528 148 27.137
558 148 33.8983
574 148 23.9521
632 148 22.6244
12 149 67.5676
138 149 57.971
139 149 57.971
141 149 57.971
206 149 31.2989
207 149 31.2989
299 149 27.137
442 149 22.6244
443 149 22.6244
449 149 21.4362
450 149 21.4362
497 149 31.2989
498 149 31.2989
528 149 27.137
558 149 33.8983
577 149 25.4453
626 149 25.4453
632 149 22.6244
12 150 67.5676
40 150 101.01
139 150 57.971
149 150 33.8983
161 150 33.8983
197 150 27.137
207 150 31.2989
208 150 31.2989
215 150 16.9779
265 150 40.6504
301 150 27.137
302 150 27.137
303 150 27.137
442 150 22.6244
443 150 22.6244
449 150 21.4362
450 150 21.4362
497 150 31.2989
498 150 31.2989
528 150 27.137
560 150 31.2989
561 150 27.137
562 150 27.137
563 150 25.4453
632 150 22.6244
12 151 67.5676
40 151 101.01
41 151 101.01
132 151 57.971
134 151 57.971
150 151 33.8983
193 151 45.1467
207 151 33.8983
208 151 33.8983
215 151 16.9779
216 151 16.9779
243 151 45.1467
246 151 31.2989
265 151 40.6504
266 151 40.6504
269 151 27.137
303 151 27.137
449 151 21.4362
450 151 21.4362
497 151 31.2989
498 151 31.2989
528 151 27.137
562 151 27.137
563 151 27.137
574 151 23.9521
577 151 25.4453
578 151 25.4453
580 151 25.4453
581 151 25.4453
632 151 22.6244
12 152 67.5676
40 152 101.01
41 152 101.01
132 152 57.971
150 152 33.8983
151 152 33.8983
208 152 33.8983
209 152 33.8983
217 152 16.9779
218 152 16.9779
243 152 45.1467
246 152 31.2989
266 152 40.6504
305 152 15.674
306 152 15.674
449 152 21.4362
450 152 21.4362
497 152 31.2989
498 152 31.2989
523 152 36.9686
528 152 27.137
564 152 25.4453
565 152 25.4453
566 152 25.4453
574 152 23.9521
632 152 22.6244
635 152 23.9521
41 153 101.01
126 153 57.971
128 153 57.971
243 153 45.1467
266 153 40.6504
297 153 27.137
305 153 15.674
306 153 15.674
441 153 22.6244
449 153 22.6244
450 153 22.6244
497 153 31.2989
498 153 31.2989
528 153 27.137
565 153 25.4453
566 153 25.4453
567 153 25.4453
574 153 25.4453
580 153 25.4453
616 153 29.0698
632 153 22.6244
635 153 23.9521
16 154 57.971
32 154 50.7614
52 154 45.1467
119 154 67.5676
120 154 67.5676
243 154 45.1467
246 154 31.2989
273 154 57.971
296 154 27.137
297 154 27.137
306 154 15.674
363 154 36.9686
364 154 36.9686
441 154 22.6244
449 154 21.4362
497 154 31.2989
498 154 31.2989
523 154 36.9686
528 154 27.137
529 154 27.137
616 154 29.0698
632 154 22.6244
635 154 23.9521
17 155 57.971
120 155 67.5676
148 155 40.6504
246 155 31.2989
297 155 27.137
299 155 25.4453
300 155 21.4362
363 155 36.9686
371 155 50.7614
375 155 33.8983
441 155 22.6244
442 155 22.6244
449 155 21.4362
497 155 31.2989
498 155 31.2989
523 155 36.9686
528 155 27.137
529 155 27.137
532 155 27.137
533 155 27.137
569 155 25.4453
574 155 25.4453
581 155 25.4453
632 155 22.6244
635 155 23.9521
636 155 23.9521
114 156 67.5676
173 156 36.9686
201 156 50.7614
202 156 50.7614
246 156 31.2989
297 156 27.137
300 156 22.6244
301 156 21.4362
305 156 25.4453
309 156 20.3666
320 156 15.674
362 156 67.5676
367 156 80.9717
368 156 80.9717
371 156 50.7614
441 156 21.4362
442 156 21.4362
449 156 21.4362
497 156 31.2989
498 156 31.2989
523 156 36.9686
528 156 27.137
529 156 27.137
532 156 27.137
574 156 25.4453
580 156 25.4453
581 156 25.4453
632 156 22.6244
633 156 22.6244
635 156 23.9521
12 157 80.9717
13 157 80.9717
44 157 67.5676
150 157 36.9686
151 157 36.9686
202 157 50.7614
246 157 31.2989
297 157 27.137
301 157 22.6244
305 157 25.4453
309 157 29.0698
320 157 15.674
362 157 67.5676
367 157 80.9717
371 157 50.7614
373 157 45.1467
375 157 40.6504
441 157 21.4362
442 157 21.4362
443 157 21.4362
449 157 21.4362
497 157 31.2989
498 157 31.2989
523 157 36.9686
528 157 27.137
529 157 27.137
574 157 25.4453
580 157 25.4453
581 157 25.4453
586 157 18.5185
597 157 45.1467
626 157 25.4453
632 157 22.6244
16 158 57.971
17 158 57.971
151 158 36.9686
152 158 36.9686
202 158 50.7614
246 158 31.2989
272 158 29.0698
298 158 27.137
305 158 50.7614
306 158 27.137
309 158 29.0698
320 158 15.674
321 158 15.674
362 158 80.9717
366 158 36.9686
367 158 36.9686
371 158 50.7614
373 158 50.7614
376 158 33.8983
442 158 21.4362
449 158 21.4362
497 158 29.0698
498 158 29.0698
523 158 36.9686
528 158 27.137
529 158 27.137
553 158 31.2989
554 158 31.2989
555 158 31.2989
580 158 25.4453
581 158 25.4453
582 158 25.4453
597 158 45.1467
598 158 45.1467
599 158 45.1467
604 158 29.0698
605 158 29.0698
606 158 29.0698
607 158 27.137
618 158 27.137
17 159 57.971
45 159 67.5676
151 159 36.9686
152 159 36.9686
202 159 50.7614
243 159 45.1467
246 159 31.2989
247 159 31.2989
272 159 29.0698
273 159 29.0698
298 159 200
299 159 67.5676
302 159 134.228
306 159 50.7614
309 159 31.2989
310 159 29.0698
311 159 27.137
312 159 27.137
313 159 27.137
320 159 16.2999
321 159 16.2999
361 159 80.9717
362 159 80.9717
366 159 33.8983
367 159 33.8983
371 159 50.7614
373 159 40.6504
442 159 21.4362
449 159 21.4362
523 159 36.9686
528 159 27.137
554 159 31.2989
577 159 25.4453
597 159 45.1467
604 159 29.0698
605 159 29.0698
606 159 29.0698
607 159 27.137
17 160 57.971
18 160 57.971
45 160 67.5676
152 160 33.8983
153 160 33.8983
202 160 50.7614
218 160 31.2989
230 160 40.6504
246 160 31.2989
273 160 29.0698
299 160 200
302 160 200
303 160 134.228
306 160 50.7614
307 160 36.9686
312 160 27.137
313 160 27.137
320 160 16.2999
361 160 80.9717
366 160 36.9686
367 160 36.9686
442 160 21.4362
449 160 21.4362
497 160 29.0698
498 160 29.0698
499 160 29.0698
528 160 27.137
529 160 27.137
577 160 25.4453
18 161 57.971
19 161 57.971
202 161 50.7614
270 161 29.0698
300 161 200
312 161 27.137
313 161 27.137
314 161 27.137
320 161 16.9779
361 161 80.9717
441 161 21.4362
442 161 21.4362
443 161 21.4362
449 161 21.4362
450 161 21.4362
568 161 33.8983
573 161 25.4453
574 161 25.4453
575 161 25.4453
577 161 25.4453
578 161 25.4453
19 162 57.971
139 162 57.971
202 162 50.7614
220 162 33.8983
228 162 40.6504
246 162 31.2989
313 162 27.137
314 162 27.137
320 162 16.9779
441 162 21.4362
442 162 21.4362
449 162 21.4362
497 162 29.0698
498 162 29.0698
499 162 29.0698
528 162 27.137
529 162 27.137
532 162 27.137
573 162 25.4453
574 162 25.4453
632 162 22.6244
202 163 50.7614
221 163 33.8983
246 163 31.2989
247 163 31.2989
313 163 27.137
314 163 27.137
320 163 16.9779
449 163 21.4362
450 163 21.4362
498 163 29.0698
528 163 27.137
529 163 27.137
629 163 27.137
632 163 22.6244
633 163 22.6244
41 164 80.9717
150 164 36.9686
202 164 50.7614
221 164 33.8983
231 164 36.9686
233 164 31.2989
246 164 31.2989
247 164 31.2989
313 164 27.137
314 164 27.137
320 164 17.7148
371 164 40.6504
373 164 40.6504
440 164 21.4362
441 164 21.4362
450 164 21.4362
498 164 29.0698
528 164 27.137
529 164 27.137
629 164 27.137
632 164 22.6244
633 164 22.6244
637 164 17.7148
41 165 80.9717
150 165 36.9686
151 165 36.9686
166 165 33.8983
168 165 33.8983
193 165 50.7614
202 165 50.7614
221 165 33.8983
226 165 21.4362
230 165 45.1467
233 165 31.2989
246 165 31.2989
276 165 36.9686
313 165 25.4453
314 165 25.4453
320 165 17.7148
366 165 33.8983
367 165 33.8983
371 165 40.6504
373 165 40.6504
441 165 21.4362
442 165 21.4362
449 165 21.4362
450 165 21.4362
498 165 29.0698
522 165 40.6504
523 165 40.6504
528 165 27.137
529 165 27.137
632 165 22.6244
633 165 22.6244
6 166 101.01
18 166 57.971
152 166 36.9686
153 166 36.9686
167 166 33.8983
202 166 50.7614
221 166 33.8983
222 166 33.8983
226 166 21.4362
274 166 36.9686
276 166 36.9686
314 166 25.4453
315 166 25.4453
320 166 18.5185
359 166 134.228
362 166 67.5676
366 166 33.8983
367 166 33.8983
368 166 33.8983
373 166 40.6504
441 166 21.4362
442 166 21.4362
450 166 21.4362
497 166 29.0698
498 166 29.0698
499 166 29.0698
522 166 40.6504
629 166 27.137
632 166 23.9521
633 166 23.9521
6 167 101.01
12 167 101.01
18 167 57.971
154 167 36.9686
155 167 40.6504
159 167 36.9686
202 167 50.7614
265 167 40.6504
266 167 40.6504
271 167 23.9521
274 167 36.9686
276 167 36.9686
315 167 25.4453
320 167 18.5185
362 167 67.5676
363 167 67.5676
367 167 33.8983
368 167 33.8983
441 167 21.4362
442 167 21.4362
450 167 21.4362
497 167 29.0698
498 167 29.0698
499 167 29.0698
574 167 29.0698
577 167 23.9521
578 167 23.9521
579 167 23.9521
580 167 22.6244
581 167 20.3666
582 167 19.3986
583 167 18.5185
629 167 27.137
632 167 23.9521
633 167 23.9521
6 168 101.01
12 168 101.01
13 168 101.01
14 168 101.01
161 168 36.9686
162 168 36.9686
164 168 36.9686
202 168 50.7614
265 168 40.6504
266 168 40.6504
269 168 23.9521
276 168 36.9686
315 168 25.4453
316 168 25.4453
320 168 19.3986
360 168 134.228
363 168 67.5676
367 168 33.8983
368 168 33.8983
369 168 33.8983
497 168 31.2989
498 168 31.2989
573 168 29.0698
574 168 29.0698
576 168 25.4453
577 168 23.9521
578 168 23.9521
579 168 23.9521
632 168 23.9521
633 168 23.9521
153 169 36.9686
162 169 36.9686
164 169 36.9686
202 169 50.7614
215 169 57.971
216 169 57.971
220 169 33.8983
226 169 19.3986
265 169 40.6504
266 169 40.6504
276 169 36.9686
315 169 27.137
316 169 27.137
320 169 19.3986
360 169 134.228
363 169 67.5676
364 169 67.5676
368 169 33.8983
369 169 33.8983
370 169 33.8983
371 169 31.2989
440 169 21.4362
446 169 27.137
450 169 21.4362
569 169 40.6504
570 169 40.6504
573 169 29.0698
574 169 29.0698
577 169 23.9521
578 169 23.9521
632 169 23.9521
633 169 23.9521
14 170 67.5676
153 170 36.9686
154 170 36.9686
202 170 50.7614
215 170 57.971
216 170 57.971
220 170 33.8983
221 170 33.8983
261 170 40.6504
276 170 36.9686
315 170 27.137
316 170 27.137
320 170 19.3986
361 170 134.228
364 170 67.5676
365 170 67.5676
440 170 21.4362
441 170 21.4362
449 170 21.4362
450 170 21.4362
527 170 27.137
528 170 27.137
573 170 31.2989
574 170 29.0698
577 170 25.4453
578 170 25.4453
632 170 23.9521
633 170 23.9521
14 171 67.5676
42 171 80.9717
178 171 50.7614
201 171 50.7614
202 171 50.7614
221 171 33.8983
227 171 19.3986
246 171 45.1467
276 171 36.9686
315 171 27.137
320 171 19.3986
440 171 21.4362
441 171 21.4362
450 171 21.4362
523 171 36.9686
527 171 27.137
528 171 27.137
529 171 27.137
573 171 31.2989
574 171 31.2989
577 171 25.4453
578 171 25.4453
632 171 23.9521
633 171 23.9521
14 172 67.5676
161 172 33.8983
173 172 50.7614
198 172 29.0698
246 172 45.1467
276 172 36.9686
315 172 27.137
316 172 27.137
320 172 19.3986
440 172 21.4362
441 172 21.4362
450 172 21.4362
523 172 36.9686
527 172 27.137
528 172 27.137
529 172 27.137
573 172 31.2989
574 172 31.2989
577 172 25.4453
578 172 25.4453
629 172 27.137
632 172 23.9521
633 172 23.9521
10 173 67.5676
14 173 67.5676
21 173 50.7614
161 173 33.8983
175 173 50.7614
229 173 33.8983
235 173 22.6244
236 173 22.6244
276 173 36.9686
315 173 27.137
316 173 27.137
320 173 19.3986
440 173 21.4362
441 173 21.4362
442 173 21.4362
450 173 21.4362
497 173 29.0698
498 173 29.0698
499 173 29.0698
523 173 36.9686
528 173 27.137
529 173 27.137
573 173 31.2989
574 173 31.2989
577 173 25.4453
629 173 27.137
632 173 23.9521
633 173 23.9521
156 174 57.971
157 174 57.971
161 174 33.8983
162 174 33.8983
215 174 45.1467
236 174 22.6244
237 174 22.6244
252 174 23.9521
276 174 36.9686
315 174 27.137
320 174 19.3986
321 174 19.3986
441 174 21.4362
450 174 21.4362
497 174 29.0698
498 174 29.0698
499 174 29.0698
523 174 36.9686
528 174 27.137
529 174 27.137
573 174 31.2989
574 174 31.2989
577 174 25.4453
629 174 27.137
632 174 23.9521
633 174 23.9521
13 175 67.5676
14 175 67.5676
24 175 50.7614
80 175 101.01
81 175 101.01
83 175 101.01
86 175 80.9717
157 175 57.971
162 175 33.8983
166 175 33.8983
215 175 45.1467
216 175 45.1467
220 175 25.4453
233 175 31.2989
238 175 40.6504
252 175 23.9521
276 175 36.9686
315 175 27.137
316 175 27.137
320 175 19.3986
321 175 19.3986
441 175 21.4362
450 175 21.4362
497 175 29.0698
498 175 29.0698
499 175 29.0698
523 175 36.9686
528 175 27.137
573 175 29.0698
574 175 29.0698
577 175 25.4453
629 175 27.137
632 175 23.9521
633 175 23.9521
14 176 67.5676
81 176 101.01
149 176 57.971
152 176 33.8983
162 176 33.8983
216 176 45.1467
230 176 31.2989
233 176 31.2989
276 176 36.9686
315 176 27.137
441 176 21.4362
450 176 21.4362
498 176 29.0698
523 176 36.9686
528 176 27.137
529 176 27.137
573 176 29.0698
574 176 29.0698
577 176 25.4453
629 176 27.137
632 176 23.9521
633 176 23.9521
26 177 50.7614
142 177 57.971
149 177 57.971
193 177 50.7614
216 177 45.1467
252 177 23.9521
276 177 36.9686
441 177 21.4362
442 177 21.4362
450 177 21.4362
498 177 29.0698
523 177 36.9686
528 177 27.137
529 177 27.137
574 177 29.0698
577 177 25.4453
632 177 23.9521
633 177 23.9521
26 178 50.7614
81 178 101.01
135 178 57.971
138 178 36.9686
207 178 25.4453
218 178 45.1467
246 178 31.2989
275 178 36.9686
276 178 36.9686
441 178 21.4362
442 178 21.4362
450 178 21.4362
498 178 29.0698
499 178 29.0698
523 178 36.9686
528 178 27.137
529 178 27.137
568 178 40.6504
574 178 29.0698
577 178 25.4453
629 178 27.137
632 178 23.9521
633 178 23.9521
26 179 50.7614
129 179 57.971
135 179 57.971
164 179 25.4453
170 179 50.7614
173 179 33.8983
198 179 29.0698
202 179 50.7614
216 179 45.1467
218 179 45.1467
275 179 36.9686
276 179 36.9686
441 179 21.4362
442 179 21.4362
498 179 29.0698
528 179 27.137
529 179 27.137
573 179 29.0698
574 179 29.0698
577 179 25.4453
629 179 27.137
632 179 23.9521
633 179 23.9521
26 180 50.7614
28 180 50.7614
89 180 80.9717
161 180 36.9686
202 180 50.7614
233 180 31.2989
252 180 23.9521
261 180 40.6504
276 180 36.9686
442 180 21.4362
498 180 29.0698
528 180 27.137
574 180 29.0698
577 180 25.4453
578 180 25.4453
629 180 27.137
632 180 23.9521
633 180 23.9521
110 181 57.971
154 181 57.971
156 181 57.971
233 181 31.2989
252 181 23.9521
276 181 36.9686
320 181 16.9779
449 181 21.4362
450 181 21.4362
498 181 29.0698
499 181 29.0698
523 181 36.9686
528 181 27.137
529 181 27.137
574 181 29.0698
577 181 25.4453
629 181 27.137
632 181 23.9521
633 181 23.9521
111 182 57.971
146 182 57.971
216 182 45.1467
218 182 45.1467
230 182 31.2989
233 182 31.2989
252 182 23.9521
276 182 36.9686
321 182 16.9779
450 182 21.4362
498 182 29.0698
523 182 36.9686
528 182 27.137
529 182 27.137
574 182 29.0698
577 182 25.4453
578 182 25.4453
629 182 27.137
632 182 23.9521
633 182 23.9521
111 183 57.971
139 183 57.971
142 183 36.9686
218 183 45.1467
237 183 45.1467
321 183 16.9779
441 183 21.4362
450 183 21.4362
498 183 29.0698
517 183 57.971
523 183 36.9686
528 183 27.137
529 183 27.137
574 183 29.0698
577 183 25.4453
578 183 25.4453
629 183 27.137
632 183 23.9521
633 183 23.9521
133 184 57.971
146 184 57.971
198 184 29.0698
216 184 45.1467
230 184 31.2989
237 184 45.1467
246 184 31.2989
258 184 29.0698
312 184 27.137
313 184 27.137
320 184 16.9779
321 184 16.9779
441 184 21.4362
498 184 29.0698
523 184 36.9686
528 184 27.137
529 184 27.137
574 184 29.0698
577 184 25.4453
578 184 25.4453
629 184 27.137
632 184 23.9521
633 184 23.9521
16 185 80.9717
126 185 67.5676
164 185 23.9521
198 185 29.0698
216 185 33.8983
230 185 31.2989
237 185 45.1467
312 185 27.137
313 185 27.137
314 185 27.137
321 185 16.9779
441 185 21.4362
442 185 21.4362
498 185 29.0698
499 185 29.0698
528 185 27.137
529 185 27.137
574 185 29.0698
577 185 25.4453
578 185 25.4453
629 185 27.137
632 185 23.9521
633 185 23.9521
194 186 50.7614
195 186 50.7614
213 186 45.1467
230 186 31.2989
252 186 23.9521
269 186 45.1467
313 186 27.137
314 186 27.137
320 186 17.7148
441 186 21.4362
442 186 21.4362
450 186 22.6244
498 186 29.0698
499 186 29.0698
528 186 27.137
529 186 27.137
574 186 29.0698
577 186 25.4453
578 186 25.4453
629 186 27.137
632 186 23.9521
633 186 23.9521
198 187 29.0698
207 187 27.137
213 187 45.1467
215 187 45.1467
218 187 45.1467
233 187 31.2989
252 187 23.9521
271 187 45.1467
314 187 27.137
315 187 25.4453
320 187 17.7148
441 187 21.4362
442 187 21.4362
450 187 22.6244
498 187 27.137
499 187 27.137
523 187 36.9686
528 187 27.137
529 187 27.137
574 187 29.0698
577 187 25.4453
578 187 25.4453
629 187 27.137
632 187 23.9521
633 187 23.9521
109 188 67.5676
198 188 29.0698
218 188 33.8983
230 188 31.2989
233 188 31.2989
237 188 45.1467
243 188 23.9521
253 188 23.9521
314 188 27.137
315 188 27.137
320 188 18.5185
442 188 21.4362
443 188 21.4362
450 188 22.6244
498 188 27.137
499 188 27.137
500 188 27.137
523 188 36.9686
528 188 27.137
529 188 27.137
574 188 29.0698
577 188 25.4453
578 188 25.4453
629 188 27.137
632 188 23.9521
633 188 23.9521
78 189 101.01
109 189 67.5676
162 189 36.9686
165 189 23.9521
187 189 31.2989
198 189 29.0698
213 189 45.1467
216 189 33.8983
230 189 31.2989
233 189 31.2989
237 189 45.1467
315 189 27.137
320 189 18.5185
450 189 22.6244
498 189 27.137
499 189 27.137
523 189 36.9686
528 189 27.137
529 189 27.137
574 189 29.0698
577 189 25.4453
578 189 25.4453
629 189 27.137
632 189 22.6244
633 189 22.6244
24 190 67.5676
54 190 80.9717
162 190 36.9686
187 190 31.2989
198 190 29.0698
213 190 45.1467
230 190 31.2989
237 190 45.1467
240 190 31.2989
315 190 27.137
320 190 18.5185
443 190 21.4362
450 190 22.6244
498 190 27.137
499 190 27.137
523 190 36.9686
529 190 27.137
574 190 29.0698
577 190 25.4453
578 190 25.4453
629 190 27.137
632 190 22.6244
633 190 22.6244
187 191 31.2989
198 191 29.0698
212 191 45.1467
213 191 45.1467
265 191 40.6504
266 191 40.6504
275 191 18.5185
315 191 27.137
316 191 27.137
320 191 18.5185
321 191 18.5185
443 191 21.4362
444 191 21.4362
498 191 29.0698
499 191 29.0698
500 191 29.0698
523 191 36.9686
524 191 36.9686
528 191 27.137
529 191 27.137
530 191 27.137
574 191 29.0698
577 191 25.4453
629 191 27.137
633 191 22.6244
23 192 67.5676
84 192 101.01
187 192 33.8983
198 192 29.0698
207 192 27.137
221 192 33.8983
222 192 33.8983
226 192 21.4362
265 192 40.6504
266 192 40.6504
275 192 18.5185
315 192 27.137
316 192 27.137
320 192 17.7148
321 192 17.7148
498 192 29.0698
499 192 29.0698
500 192 29.0698
529 192 27.137
574 192 29.0698
577 192 25.4453
578 192 25.4453
629 192 27.137
633 192 22.6244
60 193 50.7614
61 193 50.7614
65 193 40.6504
84 193 101.01
187 193 33.8983
221 193 33.8983
222 193 33.8983
226 193 21.4362
266 193 40.6504
275 193 18.5185
314 193 27.137
315 193 27.137
321 193 17.7148
450 193 22.6244
498 193 29.0698
499 193 29.0698
528 193 27.137
529 193 27.137
530 193 27.137
574 193 29.0698
577 193 25.4453
578 193 25.4453
629 193 27.137
633 193 22.6244
57 194 80.9717
61 194 50.7614
79 194 57.971
85 194 101.01
321 194 17.7148
322 194 17.7148
442 194 22.6244
443 194 22.6244
450 194 22.6244
451 194 22.6244
528 194 27.137
529 194 27.137
574 194 29.0698
577 194 25.4453
578 194 25.4453
629 194 27.137
632 194 22.6244
633 194 22.6244
56 195 80.9717
57 195 80.9717
61 195 50.7614
161 195 36.9686
228 195 36.9686
275 195 18.5185
442 195 22.6244
450 195 21.4362
451 195 21.4362
529 195 27.137
530 195 27.137
574 195 29.0698
577 195 25.4453
578 195 25.4453
629 195 27.137
633 195 22.6244
215 196 50.7614
229 196 36.9686
275 196 18.5185
321 196 16.2999
442 196 22.6244
451 196 21.4362
523 196 40.6504
528 196 27.137
529 196 27.137
530 196 27.137
574 196 29.0698
577 196 25.4453
578 196 25.4453
629 196 27.137
127 197 67.5676
162 197 36.9686
229 197 36.9686
275 197 18.5185
321 197 16.2999
442 197 22.6244
451 197 21.4362
495 197 33.8983
498 197 27.137
523 197 40.6504
529 197 27.137
530 197 27.137
574 197 29.0698
577 197 25.4453
578 197 25.4453
629 197 27.137
630 197 27.137
633 197 22.6244
634 197 22.6244
162 198 36.9686
165 198 25.4453
202 198 50.7614
229 198 36.9686
275 198 18.5185
313 198 27.137
442 198 22.6244
443 198 22.6244
495 198 33.8983
498 198 27.137
499 198 27.137
500 198 27.137
523 198 40.6504
528 198 27.137
529 198 27.137
530 198 27.137
574 198 29.0698
577 198 25.4453
578 198 25.4453
629 198 27.137
633 198 22.6244
21 199 80.9717
162 199 36.9686
165 199 25.4453
202 199 50.7614
229 199 36.9686
275 199 18.5185
313 199 27.137
320 199 16.9779
321 199 16.9779
443 199 22.6244
451 199 21.4362
495 199 33.8983
498 199 27.137
499 199 27.137
529 199 27.137
574 199 29.0698
577 199 25.4453
578 199 25.4453
629 199 27.137
633 199 22.6244
634 199 22.6244
162 200 33.8983
167 200 25.4453
229 200 36.9686
275 200 19.3986
313 200 27.137
314 200 27.137
452 200 21.4362
498 200 27.137
499 200 27.137
529 200 27.137
530 200 27.137
574 200 31.2989
578 200 25.4453
629 200 27.137
630 200 27.137
633 200 22.6244
634 200 22.6244
18 201 80.9717
23 201 80.9717
31 201 50.7614
162 201 33.8983
216 201 45.1467
222 201 22.6244
229 201 36.9686
275 201 19.3986
313 201 27.137
314 201 27.137
320 201 17.7148
452 201 21.4362
498 201 29.0698
499 201 29.0698
529 201 27.137
530 201 27.137
574 201 31.2989
578 201 25.4453
629 201 27.137
632 201 23.9521
633 201 22.6244
33 202 50.7614
34 202 50.7614
162 202 33.8983
216 202 45.1467
275 202 19.3986
314 202 27.137
320 202 17.7148
442 202 21.4362
443 202 21.4362
452 202 21.4362
495 202 36.9686
498 202 29.0698
499 202 29.0698
528 202 27.137
529 202 27.137
530 202 27.137
574 202 31.2989
577 202 25.4453
578 202 25.4453
632 202 23.9521
34 203 50.7614
229 203 36.9686
267 203 40.6504
268 203 40.6504
275 203 19.3986
314 203 27.137
320 203 17.7148
442 203 21.4362
451 203 21.4362
452 203 21.4362
495 203 36.9686
498 203 27.137
499 203 27.137
528 203 27.137
529 203 27.137
530 203 27.137
229 204 40.6504
442 204 21.4362
447 204 29.0698
451 204 21.4362
452 204 21.4362
529 204 27.137
320 205 25.4453
321 205 25.4453
442 205 21.4362
443 205 21.4362
452 205 21.4362
453 205 21.4362
499 205 29.0698
500 205 29.0698
524 205 27.137
630 205 25.4453
34 206 50.7614
442 206 21.4362
443 206 21.4362
495 206 36.9686
498 206 29.0698
499 206 29.0698
500 206 29.0698
524 206 27.137
525 206 27.137
630 206 25.4453
632 206 23.9521
633 206 22.6244
34 207 50.7614
36 207 50.7614
436 207 29.0698
437 207 29.0698
456 207 29.0698
495 207 36.9686
498 207 29.0698
499 207 29.0698
500 207 29.0698
524 207 27.137
525 207 27.137
574 207 31.2989
575 207 29.0698
577 207 25.4453
578 207 25.4453
626 207 31.2989
629 207 25.4453
630 207 25.4453
632 207 23.9521
633 207 22.6244
634 207 22.6244
637 207 18.5185
17 208 50.7614
18 208 50.7614
36 208 50.7614
410 208 50.7614
437 208 29.0698
438 208 29.0698
456 208 29.0698
498 208 31.2989
524 208 27.137
525 208 27.137
573 208 31.2989
574 208 31.2989
577 208 25.4453
578 208 25.4453
582 208 19.3986
614 208 25.4453
615 208 25.4453
618 208 25.4453
619 208 25.4453
629 208 25.4453
630 208 25.4453
633 208 22.6244
634 208 23.9521
637 208 19.3986
26 209 50.7614
384 209 33.8983
385 209 33.8983
399 209 50.7614
400 209 31.2989
401 209 31.2989
402 209 31.2989
410 209 67.5676
420 209 50.7614
422 209 50.7614
437 209 29.0698
456 209 29.0698
497 209 31.2989
524 209 27.137
525 209 27.137
528 209 27.137
529 209 27.137
530 209 27.137
573 209 31.2989
574 209 31.2989
577 209 25.4453
578 209 25.4453
579 209 25.4453
582 209 19.3986
583 209 19.3986
614 209 25.4453
615 209 25.4453
618 209 25.4453
619 209 25.4453
620 209 25.4453
633 209 22.6244
634 209 23.9521
50 210 57.971
51 210 57.971
52 210 45.1467
155 210 33.8983
156 210 33.8983
157 210 33.8983
160 210 21.4362
354 210 33.8983
355 210 33.8983
401 210 31.2989
402 210 31.2989
408 210 50.7614
409 210 50.7614
412 210 134.228
413 210 134.228
414 210 134.228
415 210 33.8983
421 210 50.7614
422 210 50.7614
423 210 36.9686
424 210 50.7614
437 210 29.0698
456 210 29.0698
522 210 27.137
523 210 27.137
524 210 27.137
525 210 27.137
528 210 27.137
529 210 27.137
530 210 27.137
533 210 18.5185
534 210 18.5185
535 210 18.5185
574 210 31.2989
578 210 25.4453
615 210 25.4453
619 210 25.4453
633 210 23.9521
634 210 23.9521
636 210 22.6244
637 210 22.6244
31 211 45.1467
53 211 45.1467
54 211 45.1467
57 211 67.5676
58 211 67.5676
59 211 67.5676
66 211 45.1467
67 211 45.1467
68 211 45.1467
86 211 36.9686
87 211 36.9686
88 211 36.9686
89 211 45.1467
90 211 45.1467
91 211 45.1467
156 211 33.8983
157 211 33.8983
171 211 33.8983
172 211 33.8983
195 211 50.7614
196 211 50.7614
197 211 50.7614
198 211 50.7614
200 211 29.0698
201 211 29.0698
245 211 40.6504
355 211 33.8983
397 211 200
408 211 67.5676
412 211 134.228
413 211 134.228
414 211 134.228
415 211 33.8983
422 211 50.7614
423 211 36.9686
456 211 29.0698
523 211 27.137
524 211 27.137
525 211 27.137
528 211 27.137
529 211 27.137
530 211 27.137
534 211 18.5185
574 211 31.2989
578 211 25.4453
614 211 25.4453
615 211 25.4453
619 211 25.4453
633 211 23.9521
634 211 23.9521
636 211 22.6244
637 211 22.6244
54 212 45.1467
91 212 45.1467
92 212 50.7614
172 212 33.8983
173 212 33.8983
201 212 29.0698
202 212 33.8983
203 212 31.2989
204 212 31.2989
205 212 31.2989
206 212 29.0698
574 212 31.2989
578 212 25.4453
615 212 25.4453
618 212 25.4453
633 212 23.9521
634 212 23.9521
636 212 22.6244
637 212 22.6244
67 213 45.1467
205 213 31.2989
206 213 29.0698
498 213 27.137
499 213 27.137
500 213 27.137
555 213 200
559 213 21.4362
560 213 21.4362
561 213 21.4362
565 213 16.9779
566 213 16.9779
567 213 16.2999
568 213 16.2999
569 213 15.674
574 213 31.2989
578 213 25.4453
579 213 25.4453
615 213 25.4453
633 213 23.9521
636 213 22.6244
637 213 22.6244
54 214 40.6504
55 214 40.6504
67 214 45.1467
163 214 33.8983
164 214 33.8983
224 214 29.0698
384 214 57.971
389 214 31.2989
390 214 31.2989
391 214 29.0698
499 214 27.137
500 214 27.137
547 214 40.6504
552 214 31.2989
565 214 16.9779
566 214 16.9779
567 214 16.2999
568 214 16.2999
569 214 15.674
574 214 31.2989
578 214 25.4453
615 214 25.4453
636 214 22.6244
637 214 22.6244
14 215 45.1467
38 215 45.1467
55 215 40.6504
120 215 36.9686
164 215 33.8983
165 215 33.8983
390 215 31.2989
391 215 29.0698
392 215 29.0698
393 215 27.137
395 215 20.3666
396 215 20.3666
397 215 20.3666
578 215 25.4453
579 215 25.4453
582 215 19.3986
615 215 25.4453
619 215 25.4453
633 215 23.9521
634 215 23.9521
636 215 22.6244
637 215 22.6244
10 216 45.1467
11 216 45.1467
14 216 45.1467
33 216 45.1467
63 216 40.6504
71 216 36.9686
120 216 36.9686
121 216 36.9686
378 216 20.3666
379 216 20.3666
396 216 20.3666
397 216 20.3666
398 216 19.3986
409 216 27.137
410 216 25.4453
413 216 21.4362
578 216 25.4453
633 216 23.9521
634 216 23.9521
636 216 22.6244
637 216 22.6244
10 217 45.1467
33 217 45.1467
160 217 31.2989
214 217 29.0698
215 217 29.0698
378 217 20.3666
379 217 20.3666
396 217 20.3666
397 217 20.3666
412 217 21.4362
413 217 21.4362
414 217 21.4362
573 217 16.2999
574 217 16.2999
633 217 23.9521
10 218 45.1467
161 218 31.2989
215 218 29.0698
413 218 21.4362
414 218 21.4362
572 218 16.2999
573 218 16.2999
574 218 16.2999
575 218 15.674
36 219 40.6504
119 219 36.9686
130 219 33.8983
131 219 33.8983
162 219 33.8983
184 219 29.0698
215 219 29.0698
216 219 29.0698
545 219 16.2999
570 219 16.9779
571 219 16.9779
572 219 16.2999
573 219 16.2999
585 219 16.9779
633 219 23.9521
36 220 40.6504
56 220 45.1467
88 220 40.6504
131 220 33.8983
132 220 33.8983
158 220 33.8983
159 220 33.8983
178 220 31.2989
215 220 29.0698
216 220 29.0698
266 220 25.4453
267 220 23.9521
344 220 134.228
345 220 134.228
367 220 134.228
368 220 134.228
382 220 21.4362
390 220 101.01
391 220 101.01
392 220 101.01
405 220 20.3666
406 220 20.3666
407 220 20.3666
517 220 16.9779
545 220 16.2999
570 220 16.9779
571 220 16.9779
572 220 16.2999
573 220 16.2999
585 220 16.9779
29 221 45.1467
37 221 40.6504
49 221 40.6504
57 221 45.1467
88 221 40.6504
89 221 40.6504
90 221 40.6504
160 221 31.2989
170 221 31.2989
178 221 31.2989
179 221 31.2989
180 221 31.2989
216 221 29.0698
267 221 23.9521
268 221 25.4453
275 221 15.0943
276 221 15.0943
345 221 134.228
365 221 200
378 221 25.4453
381 221 20.3666
382 221 20.3666
392 221 101.01
393 221 80.9717
394 221 80.9717
405 221 20.3666
406 221 20.3666
407 221 20.3666
408 221 19.3986
448 221 21.4362
516 221 16.9779
545 221 16.2999
565 221 20.3666
571 221 16.2999
572 221 16.2999
573 221 16.2999
29 222 45.1467
37 222 40.6504
49 222 40.6504
117 222 36.9686
160 222 31.2989
161 222 31.2989
166 222 19.3986
179 222 31.2989
180 222 31.2989
183 222 21.4362
269 222 25.4453
325 222 134.228
326 222 134.228
330 222 50.7614
332 222 50.7614
345 222 134.228
378 222 25.4453
381 222 20.3666
407 222 20.3666
408 222 19.3986
471 222 31.2989
482 222 25.4453
483 222 25.4453
502 222 27.137
503 222 27.137
505 222 27.137
506 222 29.0698
516 222 16.9779
545 222 16.2999
573 222 16.2999
574 222 16.2999
10 223 45.1467
11 223 45.1467
12 223 45.1467
29 223 45.1467
37 223 40.6504
46 223 40.6504
117 223 36.9686
270 223 25.4453
307 223 40.6504
325 223 134.228
326 223 134.228
330 223 50.7614
345 223 134.228
381 223 20.3666
407 223 20.3666
408 223 19.3986
412 223 200
413 223 200
420 223 45.1467
428 223 29.0698
452 223 27.137
453 223 27.137
515 223 17.7148
516 223 17.7148
552 223 16.2999
567 223 16.2999
568 223 15.674
573 223 16.2999
574 223 16.2999
17 224 45.1467
18 224 45.1467
19 224 45.1467
29 224 45.1467
38 224 40.6504
46 224 40.6504
47 224 40.6504
84 224 36.9686
215 224 29.0698
224 224 29.0698
271 224 25.4453
272 224 25.4453
326 224 134.228
345 224 134.228
350 224 36.9686
352 224 36.9686
353 224 33.8983
377 224 25.4453
381 224 20.3666
393 224 80.9717
394 224 80.9717
397 224 45.1467
404 224 25.4453
407 224 20.3666
408 224 20.3666
439 224 200
440 224 134.228
452 224 27.137
453 224 27.137
456 224 27.137
457 224 27.137
545 224 16.9779
546 224 16.9779
568 224 15.674
574 224 16.2999
575 224 15.674
19 225 45.1467
47 225 40.6504
118 225 36.9686
161 225 31.2989
216 225 29.0698
220 225 19.3986
225 225 29.0698
272 225 25.4453
273 225 25.4453
332 225 36.9686
333 225 36.9686
350 225 36.9686
377 225 25.4453
393 225 80.9717
394 225 80.9717
404 225 25.4453
407 225 20.3666
408 225 20.3666
434 225 50.7614
439 225 200
440 225 200
453 225 27.137
457 225 27.137
488 225 22.6244
489 225 22.6244
494 225 16.9779
514 225 17.7148
545 225 16.9779
546 225 16.9779
567 225 15.674
568 225 15.674
575 225 15.674
576 225 15.674
577 225 15.674
634 225 22.6244
30 226 45.1467
161 226 31.2989
162 226 31.2989
163 226 31.2989
226 226 29.0698
326 226 134.228
331 226 36.9686
332 226 36.9686
333 226 36.9686
345 226 101.01
353 226 33.8983
377 226 27.137
393 226 80.9717
402 226 25.4453
404 226 25.4453
407 226 20.3666
408 226 20.3666
413 226 200
421 226 36.9686
422 226 36.9686
442 226 134.228
443 226 25.4453
457 226 27.137
494 226 16.9779
545 226 16.2999
546 226 16.2999
576 226 15.674
577 226 15.674
34 227 40.6504
35 227 40.6504
170 227 29.0698
226 227 27.137
227 227 27.137
276 227 25.4453
277 227 25.4453
278 227 25.4453
308 227 33.8983
326 227 134.228
345 227 101.01
402 227 29.0698
404 227 25.4453
407 227 20.3666
408 227 20.3666
413 227 200
422 227 40.6504
439 227 200
493 227 16.9779
494 227 16.9779
510 227 20.3666
511 227 20.3666
513 227 17.7148
514 227 17.7148
545 227 16.2999
546 227 16.2999
577 227 15.674
578 227 15.674
94 228 40.6504
158 228 31.2989
199 228 27.137
218 228 27.137
227 228 29.0698
233 228 25.4453
234 228 25.4453
235 228 25.4453
277 228 25.4453
278 228 25.4453
282 228 16.2999
284 228 16.2999
289 228 12.7389
314 228 27.137
343 228 101.01
348 228 40.6504
376 228 27.137
380 228 20.3666
402 228 29.0698
404 228 29.0698
493 228 17.7148
508 228 20.3666
509 228 20.3666
546 228 16.2999
576 228 16.2999
577 228 15.674
578 228 15.674
579 228 15.674
580 228 15.674
49 229 40.6504
50 229 40.6504
55 229 45.1467
56 229 45.1467
60 229 200
62 229 200
90 229 36.9686
94 229 36.9686
110 229 33.8983
200 229 27.137
235 229 25.4453
278 229 25.4453
284 229 16.2999
289 229 12.7389
313 229 27.137
314 229 27.137
315 229 27.137
337 229 29.0698
343 229 134.228
356 229 21.4362
376 229 29.0698
380 229 20.3666
381 229 20.3666
401 229 29.0698
402 229 29.0698
404 229 25.4453
408 229 20.3666
409 229 20.3666
414 229 200
424 229 40.6504
437 229 40.6504
451 229 27.137
454 229 27.137
487 229 17.7148
488 229 17.7148
489 229 17.7148
497 229 17.7148
498 229 17.7148
499 229 17.7148
500 229 16.9779
508 229 20.3666
578 229 15.674
579 229 15.674
66 230 40.6504
67 230 40.6504
81 230 36.9686
110 230 33.8983
124 230 33.8983
147 230 31.2989
208 230 29.0698
209 230 29.0698
289 230 12.7389
338 230 29.0698
356 230 21.4362
357 230 21.4362
358 230 21.4362
363 230 15.674
366 230 101.01
371 230 45.1467
375 230 29.0698
376 230 29.0698
379 230 20.3666
380 230 20.3666
381 230 20.3666
393 230 80.9717
401 230 31.2989
402 230 29.0698
404 230 25.4453
408 230 20.3666
409 230 20.3666
424 230 40.6504
429 230 27.137
454 230 27.137
484 230 21.4362
485 230 20.3666
486 230 19.3986
487 230 17.7148
488 230 17.7148
489 230 17.7148
578 230 15.674
579 230 15.674
580 230 15.674
605 230 22.6244
619 230 25.4453
634 230 23.9521
67 231 40.6504
68 231 40.6504
92 231 36.9686
94 231 36.9686
110 231 33.8983
111 231 33.8983
169 231 31.2989
170 231 31.2989
190 231 29.0698
191 231 29.0698
210 231 29.0698
211 231 27.137
320 231 67.5676
321 231 67.5676
326 231 31.2989
343 231 134.228
344 231 134.228
356 231 21.4362
357 231 21.4362
358 231 21.4362
359 231 20.3666
371 231 45.1467
375 231 27.137
376 231 27.137
380 231 20.3666
401 231 31.2989
404 231 25.4453
407 231 20.3666
408 231 20.3666
409 231 20.3666
436 231 40.6504
483 231 21.4362
484 231 21.4362
485 231 20.3666
488 231 17.7148
489 231 17.7148
490 231 16.9779
491 231 16.9779
493 231 15.674
589 231 17.7148
591 231 16.2999
592 231 16.2999
618 231 25.4453
619 231 25.4453
620 231 25.4453
628 231 23.9521
637 231 22.6244
147 232 31.2989
170 232 31.2989
192 232 29.0698
199 232 29.0698
326 232 31.2989
339 232 29.0698
343 232 200
344 232 200
357 232 21.4362
358 232 21.4362
359 232 20.3666
386 232 7.55287
387 232 7.55287
436 232 40.6504
445 232 22.6244
446 232 22.6244
453 232 27.137
456 232 25.4453
457 232 25.4453
592 232 16.2999
593 232 16.2999
618 232 25.4453
619 232 25.4453
628 232 23.9521
632 232 27.137
636 232 22.6244
637 232 22.6244
85 233 33.8983
110 233 36.9686
111 233 36.9686
147 233 31.2989
170 233 31.2989
171 233 31.2989
199 233 29.0698
200 233 29.0698
294 233 25.4453
299 233 17.7148
339 233 50.7614
357 233 21.4362
358 233 21.4362
359 233 20.3666
387 233 7.69527
406 233 21.4362
436 233 40.6504
442 233 25.4453
443 233 23.9521
444 233 22.6244
445 233 22.6244
446 233 22.6244
454 233 25.4453
574 233 20.3666
575 233 19.3986
576 233 19.3986
577 233 18.5185
580 233 16.2999
581 233 16.2999
582 233 15.674
614 233 31.2989
628 233 23.9521
636 233 22.6244
637 233 22.6244
165 234 29.0698
171 234 31.2989
200 234 29.0698
294 234 25.4453
571 234 21.4362
572 234 20.3666
573 234 20.3666
574 234 20.3666
575 234 19.3986
576 234 19.3986
580 234 16.2999
581 234 16.2999
585 234 13.587
586 234 13.587
633 234 29.0698
636 234 22.6244
637 234 22.6244
147 235 31.2989
165 235 31.2989
200 235 29.0698
201 235 29.0698
261 235 23.9521
273 235 23.9521
370 235 25.4453
371 235 27.137
373 235 25.4453
389 235 20.3666
390 235 27.137
394 235 19.3986
579 235 16.2999
580 235 16.2999
581 235 16.2999
584 235 14.0548
585 235 13.587
619 235 25.4453
632 235 27.137
633 235 27.137
636 235 22.6244
637 235 22.6244
147 236 31.2989
165 236 29.0698
170 236 31.2989
200 236 29.0698
201 236 29.0698
227 236 27.137
371 236 27.137
403 236 40.6504
404 236 40.6504
405 236 36.9686
407 236 31.2989
414 236 20.3666
559 236 200
579 236 16.2999
580 236 16.2999
581 236 16.2999
582 236 15.674
619 236 25.4453
122 237 33.8983
123 237 33.8983
165 237 29.0698
170 237 31.2989
171 237 31.2989
201 237 29.0698
227 237 27.137
228 237 27.137
407 237 31.2989
412 237 20.3666
414 237 20.3666
415 237 20.3666
448 237 18.5185
577 237 17.7148
619 237 25.4453
633 237 23.9521
166 238 29.0698
171 238 31.2989
227 238 25.4453
228 238 25.4453
280 238 25.4453
288 238 25.4453
289 238 25.4453
294 238 17.7148
351 238 21.4362
352 238 21.4362
422 238 20.3666
433 238 57.971
448 238 19.3986
577 238 17.7148
593 238 16.2999
594 238 16.2999
633 238 23.9521
637 238 20.3666
199 239 29.0698
200 239 29.0698
228 239 25.4453
260 239 25.4453
261 239 25.4453
280 239 25.4453
282 239 57.971
289 239 25.4453
290 239 25.4453
294 239 17.7148
295 239 17.7148
313 239 27.137
353 239 21.4362
403 239 20.3666
417 239 27.137
422 239 20.3666
423 239 20.3666
448 239 19.3986
581 239 15.674
593 239 16.2999
594 239 16.2999
595 239 16.2999
633 239 23.9521
634 239 22.6244
636 239 20.3666
637 239 20.3666
199 240 29.0698
200 240 29.0698
228 240 25.4453
257 240 40.6504
261 240 25.4453
262 240 25.4453
278 240 25.4453
280 240 25.4453
288 240 25.4453
289 240 25.4453
290 240 25.4453
294 240 17.7148
295 240 17.7148
339 240 67.5676
402 240 20.3666
403 240 20.3666
404 240 20.3666
405 240 20.3666
417 240 29.0698
423 240 20.3666
435 240 57.971
439 240 36.9686
440 240 36.9686
445 240 29.0698
446 240 27.137
455 240 17.7148
456 240 16.9779
457 240 16.9779
463 240 29.0698
464 240 29.0698
465 240 29.0698
466 240 27.137
581 240 15.674
582 240 15.674
593 240 16.2999
594 240 16.2999
595 240 16.2999
596 240 16.2999
598 240 15.674
605 240 21.4362
628 240 23.9521
634 240 22.6244
200 241 29.0698
203 241 20.3666
228 241 25.4453
261 241 25.4453
262 241 25.4453
312 241 25.4453
313 241 25.4453
314 241 25.4453
322 241 15.0943
323 241 15.0943
342 241 22.6244
343 241 22.6244
344 241 22.6244
345 241 21.4362
349 241 20.3666
350 241 16.2999
351 241 16.2999
391 241 40.6504
396 241 57.971
397 241 57.971
398 241 50.7614
408 241 20.3666
409 241 20.3666
410 241 19.3986
440 241 36.9686
453 241 18.5185
454 241 17.7148
455 241 17.7148
456 241 16.9779
457 241 16.9779
468 241 17.7148
469 241 16.9779
475 241 16.9779
628 241 23.9521
634 241 22.6244
227 242 25.4453
228 242 25.4453
261 242 23.9521
262 242 23.9521
313 242 25.4453
314 242 25.4453
323 242 15.0943
342 242 22.6244
343 242 22.6244
344 242 22.6244
351 242 16.2999
352 242 14.556
397 242 57.971
398 242 50.7614
399 242 45.1467
400 242 21.4362
409 242 20.3666
410 242 19.3986
411 242 19.3986
412 242 18.5185
445 242 29.0698
452 242 18.5185
469 242 16.9779
470 242 16.9779
578 242 15.674
579 242 15.674
580 242 15.674
618 242 25.4453
619 242 25.4453
628 242 23.9521
634 242 23.9521
635 242 23.9521
228 243 25.4453
262 243 23.9521
323 243 15.0943
342 243 23.9521
352 243 20.3666
353 243 14.556
391 243 40.6504
392 243 21.4362
393 243 21.4362
394 243 20.3666
400 243 23.9521
401 243 20.3666
445 243 27.137
451 243 19.3986
452 243 18.5185
453 243 18.5185
454 243 17.7148
470 243 17.7148
471 243 17.7148
619 243 25.4453
627 243 23.9521
628 243 23.9521
630 243 23.9521
633 243 23.9521
634 243 23.9521
248 244 29.0698
260 244 23.9521
261 244 23.9521
262 244 23.9521
353 244 14.556
388 244 101.01
390 244 45.1467
391 244 21.4362
392 244 21.4362
401 244 20.3666
402 244 20.3666
414 244 11.325
415 244 11.0193
416 244 11.0193
417 244 8.67679
450 244 18.5185
451 244 18.5185
452 244 18.5185
465 244 23.9521
471 244 17.7148
543 244 16.2999
558 244 15.674
633 244 23.9521
634 244 23.9521
637 244 21.4362
249 245 29.0698
255 245 23.9521
260 245 23.9521
262 245 23.9521
291 245 25.4453
341 245 50.7614
350 245 21.4362
391 245 21.4362
402 245 19.3986
403 245 19.3986
406 245 19.3986
407 245 19.3986
429 245 20.3666
450 245 18.5185
451 245 18.5185
472 245 17.7148
541 245 16.2999
560 245 15.674
577 245 17.7148
591 245 23.9521
595 245 16.9779
614 245 21.4362
255 246 23.9521
256 246 23.9521
281 246 27.137
291 246 25.4453
336 246 200
341 246 50.7614
344 246 33.8983
349 246 21.4362
350 246 21.4362
354 246 17.7148
388 246 67.5676
398 246 27.137
403 246 19.3986
444 246 25.4453
449 246 18.5185
450 246 18.5185
451 246 18.5185
462 246 31.2989
561 246 15.674
578 246 17.7148
579 246 16.9779
580 246 16.2999
581 246 15.674
582 246 15.674
594 246 16.9779
595 246 17.7148
596 246 17.7148
613 246 21.4362
614 246 21.4362
616 246 21.4362
617 246 20.3666
621 246 21.4362
622 246 21.4362
623 246 20.3666
624 246 19.3986
625 246 20.3666
626 246 19.3986
627 246 23.9521
631 246 21.4362
632 246 21.4362
260 247 17.7148
264 247 18.5185
266 247 18.5185
281 247 27.137
282 247 27.137
290 247 25.4453
336 247 200
341 247 50.7614
350 247 21.4362
351 247 21.4362
354 247 16.9779
397 247 27.137
398 247 27.137
404 247 19.3986
444 247 25.4453
449 247 18.5185
450 247 18.5185
464 247 27.137
473 247 17.7148
561 247 15.674
562 247 15.674
581 247 15.674
582 247 15.674
583 247 15.674
584 247 15.0943
585 247 14.556
586 247 13.587
597 247 20.3666
627 247 23.9521
631 247 20.3666
632 247 20.3666
633 247 20.3666
634 247 19.3986
635 247 19.3986
636 247 21.4362
282 248 27.137
283 248 27.137
290 248 15.674
330 248 200
341 248 50.7614
350 248 21.4362
351 248 21.4362
354 248 16.9779
388 248 67.5676
389 248 67.5676
393 248 40.6504
400 248 25.4453
401 248 19.3986
444 248 25.4453
560 248 16.2999
562 248 15.674
563 248 15.674
582 248 15.674
583 248 15.674
597 248 20.3666
598 248 21.4362
330 249 200
338 249 101.01
351 249 21.4362
354 249 16.9779
355 249 16.9779
388 249 67.5676
389 249 67.5676
401 249 19.3986
402 249 19.3986
438 249 200
445 249 23.9521
462 249 23.9521
467 249 17.7148
534 249 16.9779
535 249 16.9779
563 249 15.674
564 249 15.674
580 249 16.2999
581 249 15.674
582 249 15.674
594 249 16.9779
595 249 21.4362
597 249 21.4362
598 249 21.4362
599 249 21.4362
600 249 20.3666
601 249 18.5185
602 249 18.5185
603 249 17.7148
612 249 21.4362
613 249 21.4362
636 249 21.4362
637 249 33.8983
329 250 200
338 250 101.01
342 250 45.1467
349 250 21.4362
350 250 21.4362
355 250 17.7148
392 250 40.6504
454 250 21.4362
455 250 20.3666
457 250 19.3986
458 250 18.5185
459 250 18.5185
460 250 18.5185
461 250 18.5185
462 250 22.6244
467 250 17.7148
468 250 17.7148
533 250 16.9779
558 250 18.5185
564 250 15.674
613 250 21.4362
342 251 45.1467
350 251 21.4362
351 251 21.4362
392 251 40.6504
401 251 19.3986
402 251 19.3986
443 251 21.4362
454 251 21.4362
455 251 20.3666
458 251 18.5185
459 251 18.5185
461 251 18.5185
468 251 17.7148
469 251 17.7148
559 251 18.5185
342 252 40.6504
353 252 200
359 252 45.1467
360 252 45.1467
365 252 25.4453
366 252 23.9521
392 252 40.6504
397 252 134.228
398 252 134.228
402 252 20.3666
427 252 20.3666
468 252 17.7148
532 252 16.9779
533 252 16.9779
555 252 16.2999
556 252 16.2999
343 253 21.4362
348 253 33.8983
353 253 200
359 253 45.1467
360 253 45.1467
366 253 23.9521
367 253 23.9521
392 253 36.9686
398 253 134.228
399 253 101.01
426 253 20.3666
427 253 20.3666
428 253 20.3666
464 253 22.6244
465 253 22.6244
468 253 17.7148
469 253 17.7148
531 253 16.9779
532 253 16.9779
538 253 33.8983
539 253 31.2989
540 253 31.2989
549 253 16.2999
550 253 15.674
551 253 16.2999
553 253 16.2999
556 253 15.674
557 253 16.2999
558 253 15.674
596 253 16.9779
597 253 16.9779
343 254 21.4362
366 254 23.9521
367 254 23.9521
368 254 22.6244
374 254 23.9521
375 254 23.9521
376 254 23.9521
384 254 40.6504
392 254 33.8983
393 254 33.8983
397 254 134.228
401 254 20.3666
413 254 21.4362
414 254 21.4362
435 254 40.6504
436 254 40.6504
437 254 40.6504
453 254 29.0698
459 254 23.9521
463 254 22.6244
464 254 22.6244
465 254 22.6244
469 254 17.7148
544 254 17.7148
547 254 16.2999
557 254 15.674
558 254 15.674
595 254 16.9779
596 254 16.9779
344 255 21.4362
367 255 22.6244
368 255 22.6244
369 255 22.6244
376 255 23.9521
387 255 31.2989
393 255 33.8983
394 255 33.8983
400 255 20.3666
401 255 20.3666
402 255 20.3666
413 255 21.4362
414 255 21.4362
415 255 21.4362
437 255 40.6504
448 255 23.9521
449 255 23.9521
455 255 29.0698
456 255 27.137
457 255 23.9521
463 255 22.6244
464 255 22.6244
465 255 22.6244
466 255 21.4362
469 255 17.7148
540 255 20.3666
541 255 19.3986
542 255 18.5185
544 255 17.7148
545 255 16.2999
547 255 16.2999
548 255 15.674
549 255 15.674
550 255 15.674
551 255 16.2999
595 255 16.9779
596 255 16.9779
394 256 33.8983
414 256 21.4362
415 256 21.4362
443 256 25.4453
445 256 23.9521
446 256 25.4453
448 256 23.9521
449 256 23.9521
450 256 23.9521
454 256 29.0698
456 256 27.137
458 256 23.9521
459 256 23.9521
462 256 23.9521
540 256 18.5185
541 256 18.5185
545 256 16.2999
546 256 16.2999
547 256 15.674
548 256 15.674
558 256 15.674
559 256 15.674
583 256 16.2999
584 256 16.2999
595 256 16.9779
596 256 16.9779
399 257 20.3666
450 257 23.9521
451 257 23.9521
463 257 22.6244
468 257 17.7148
554 257 18.5185
558 257 15.674
559 257 15.674
595 257 16.9779
596 257 16.9779
467 258 18.5185
468 258 18.5185
469 258 17.7148
511 258 200
541 258 16.2999
552 258 18.5185
553 258 18.5185
559 258 15.674
594 258 16.9779
595 258 16.9779
452 259 20.3666
460 259 23.9521
466 259 18.5185
467 259 18.5185
475 259 19.3986
476 259 19.3986
477 259 18.5185
493 259 19.3986
497 259 23.9521
498 259 22.6244
500 259 22.6244
501 259 21.4362
502 259 20.3666
503 259 20.3666
504 259 20.3666
515 259 101.01
516 259 101.01
517 259 101.01
518 259 80.9717
541 259 18.5185
547 259 21.4362
552 259 18.5185
553 259 18.5185
554 259 17.7148
555 259 16.9779
556 259 16.2999
559 259 15.674
452 260 40.6504
454 260 20.3666
465 260 18.5185
466 260 18.5185
476 260 19.3986
477 260 18.5185
478 260 18.5185
492 260 19.3986
493 260 19.3986
494 260 19.3986
506 260 16.9779
507 260 16.9779
522 260 45.1467
541 260 18.5185
554 260 19.3986
559 260 15.674
564 260 12.7389
454 261 20.3666
455 261 18.5185
464 261 19.3986
465 261 19.3986
466 261 18.5185
474 261 20.3666
477 261 18.5185
478 261 18.5185
479 261 18.5185
491 261 20.3666
540 261 18.5185
541 261 18.5185
543 261 17.7148
544 261 17.7148
545 261 18.5185
558 261 16.2999
559 261 16.2999
455 262 18.5185
463 262 19.3986
541 262 18.5185
542 262 17.7148
552 262 19.3986
553 262 19.3986
557 262 16.2999
558 262 16.2999
559 262 16.2999
580 262 17.7148
581 262 17.7148
496 263 22.6244
497 263 22.6244
509 263 23.9521
510 263 23.9521
511 263 23.9521
557 263 16.2999
558 263 16.2999
637 263 20.3666
515 264 18.5185
516 264 18.5185
517 264 18.5185
518 264 17.7148
543 264 16.2999
544 264 16.2999
545 264 16.2999
546 264 16.2999
549 264 19.3986
550 264 19.3986
555 264 16.9779
556 264 16.9779
557 264 16.2999
558 264 16.2999
579 264 17.7148
600 264 19.3986
601 264 19.3986
604 264 16.2999
616 264 16.9779
544 265 16.2999
545 265 16.2999
554 265 16.9779
555 265 16.9779
556 265 16.2999
557 265 16.2999
578 265 17.7148
579 265 17.7148
613 265 18.5185
616 265 16.9779
545 266 16.2999
546 266 15.674
547 266 16.2999
551 266 18.5185
552 266 17.7148
553 266 17.7148
554 266 16.9779
555 266 16.9779
547 267 15.674
550 267 18.5185
551 267 18.5185
552 267 17.7148
553 267 17.7148
554 267 16.9779
637 267 16.9779
604 270 16.9779
605 270 16.9779
611 270 16.2999
618 270 16.2999
619 270 16.2999
620 270 16.9779
622 270 18.5185
625 271 16.2999
626 271 16.2999
627 271 16.2999
634 271 15.0943
465 274 15.674
466 274 15.674
491 281 13.587
492 281 13.587
439 282 13.1492
440 282 13.1492
441 282 13.1492
565 289 11.6482
566 289 11.6482
584 290 11.6482
585 290 11.6482
598 291 11.6482
599 291 11.6482
486 292 11.325
488 292 11.325
490 292 11.325
487 293 11.325
608 299 10.7296
609 299 10.4548
611 299 10.4548
122 309 9.26784
548 309 10.1937
549 309 10.1937
550 309 9.9453
551 309 9.70874
552 309 9.26784
553 309 9.26784
554 309 9.06207
555 309 8.86525
556 309 8.86525
553 310 9.26784
554 310 9.06207
555 310 8.86525
556 310 8.86525
557 310 8.67679
139 311 9.26784
145 312 9.26784
151 313 9.26784
152 313 9.26784
155 314 8.49618
119 321 8.32293
122 321 8.67679
123 321 8.67679
124 321 8.67679
125 321 8.49618
128 321 8.67679
136 322 8.32293
137 322 8.32293
138 322 8.32293
140 322 8.32293
594 323 8.32293
481 328 8.67679
485 330 7.84314
486 330 7.84314
489 330 7.41565
490 330 7.28332
93 331 7.9968
486 331 7.84314
487 331 7.84314
489 331 7.41565
490 331 7.28332
491 331 7.28332
95 332 7.9968
99 332 7.69527
100 332 7.69527
101 332 7.69527
102 332 7.69527
104 332 7.69527
105 332 7.84314
106 332 7.84314
107 332 7.84314
108 332 7.84314
109 332 7.84314
111 332 7.84314
112 332 7.84314
113 332 7.84314
492 332 7.15564
493 332 6.91324
113 333 7.84314
114 333 7.41565
116 333 7.55287
117 333 7.55287
118 333 7.55287
120 333 7.55287
121 333 7.55287
122 333 7.55287
123 333 7.55287
126 333 7.15564
127 334 7.15564
128 334 7.15564
633 334 8.67679
634 334 8.67679
636 335 8.15661
637 335 8.15661
514 338 7.03235
69 345 6.68673
70 345 6.7981
71 345 6.7981
72 345 6.7981
73 345 6.7981
74 345 6.7981
75 345 6.91324
76 345 6.91324
77 345 6.91324
78 345 6.91324
79 345 7.03235
80 345 7.03235
81 345 7.03235
82 345 7.03235
83 345 7.03235
84 345 6.68673
83 346 7.03235
84 346 6.68673
85 346 6.68673
86 346 6.7981
87 346 6.7981
88 346 6.7981
89 346 6.7981
90 346 6.7981
91 346 6.91324
92 346 6.91324
93 346 6.91324
94 346 6.91324
95 346 6.91324
97 346 7.03235
98 346 6.68673
99 346 6.68673
100 346 6.68673
94 347 6.91324
96 347 6.91324
97 347 7.03235
98 347 6.68673
99 347 6.68673
100 347 6.68673
101 347 6.68673
102 347 6.68673
103 347 6.68673
104 347 6.68673
105 347 6.7981
106 347 6.7981
107 347 6.7981
108 347 6.68673
109 347 6.68673
108 348 6.68673
109 348 6.68673
110 348 6.47459
40 362 6.08828
41 362 6.08828
42 362 6.08828
43 362 6.08828
44 362 6.18047
45 362 6.18047
46 362 6.18047
47 362 6.18047
48 362 5.91191
47 363 6.18047
48 363 5.91191
49 363 5.91191
50 363 5.91191
51 363 5.91191
52 363 5.9988
53 363 5.9988
54 363 6.08828
55 363 6.08828
56 363 6.08828
57 363 6.08828
58 363 6.08828
59 363 6.08828
60 363 6.08828
61 363 6.18047
62 363 5.91191
56 364 6.08828
58 364 6.08828
60 364 6.08828
61 364 6.18047
62 364 5.91191
63 364 5.91191
64 364 5.9988
65 364 5.9988
66 364 5.9988
67 364 5.9988
68 364 5.9988
69 364 5.9988
70 364 5.9988
71 364 5.9988
72 364 5.82751
73 364 5.82751
75 364 5.91191
70 365 5.9988
71 365 5.9988
72 365 5.82751
73 365 5.82751
74 365 5.91191
75 365 5.91191
76 365 5.91191
77 365 5.91191
78 365 5.91191
79 365 5.91191
80 365 5.91191
81 365 5.9988
82 365 5.9988
83 365 5.9988
84 365 5.74548
80 366 5.91191
82 366 5.9988
83 366 5.9988
84 366 5.74548
85 366 5.74548
86 366 5.74548
87 366 5.74548
71 375 5.66572
72 375 5.66572
73 375 5.66572
605 382 5.16396
606 382 5.16396
607 382 5.03651
608 383 4.97512
609 383 4.91521
610 383 4.85673
610 384 4.85673
611 384 4.85673
26 388 5.29801
31 389 5.23013
32 389 5.23013
35 389 5.29801
36 389 5.29801
35 390 5.29801
38 390 5.16396
39 390 5.16396
40 390 5.16396
41 390 5.16396
42 390 5.16396
43 390 5.09944
44 390 5.09944
41 391 5.16396
42 391 5.16396
43 391 5.09944
44 391 5.09944
45 391 5.09944
46 391 5.09944
47 391 5.09944
48 391 5.09944
49 391 5.09944
50 391 4.97512
49 392 5.09944
50 392 4.97512
51 392 4.97512
52 392 4.97512
53 392 4.97512
294 392 4.91521
295 392 4.91521
53 393 4.97512
592 418 4.1632
