451 3 29.0698
452 3 29.0698
491 3 21.4362
492 3 21.4362
497 3 20.3666
498 3 20.3666
501 3 17.7148
575 3 33.8983
589 3 31.2989
447 4 29.0698
491 4 20.3666
492 4 20.3666
497 4 20.3666
498 4 20.3666
503 4 17.7148
565 4 36.9686
588 4 31.2989
589 4 31.2989
446 5 29.0698
447 5 29.0698
492 5 20.3666
497 5 20.3666
498 5 20.3666
529 5 20.3666
446 6 29.0698
447 6 29.0698
493 6 20.3666
494 6 20.3666
497 6 21.4362
530 6 20.3666
564 6 36.9686
447 7 29.0698
448 7 29.0698
453 7 19.3986
455 7 19.3986
465 7 12.7389
493 7 20.3666
500 7 20.3666
501 7 20.3666
564 7 36.9686
447 8 29.0698
448 8 29.0698
455 8 19.3986
494 8 20.3666
499 8 21.4362
500 8 21.4362
501 8 21.4362
506 8 16.9779
532 8 16.2999
564 8 36.9686
446 9 29.0698
447 9 29.0698
448 9 29.0698
452 9 31.2989
455 9 19.3986
493 9 20.3666
494 9 20.3666
500 9 21.4362
501 9 21.4362
506 9 16.9779
511 9 21.4362
512 9 21.4362
522 9 20.3666
531 9 16.2999
446 10 31.2989
447 10 31.2989
499 10 21.4362
500 10 21.4362
501 10 21.4362
502 10 21.4362
505 10 18.5185
510 10 21.4362
511 10 21.4362
530 10 16.9779
531 10 16.9779
544 10 40.6504
468 11 29.0698
525 11 20.3666
530 11 16.9779
543 11 40.6504
547 11 10.7296
630 11 29.0698
218 12 18.5185
468 12 29.0698
484 12 200
495 12 20.3666
504 12 20.3666
518 12 21.4362
530 12 19.3986
628 12 29.0698
629 12 29.0698
630 12 29.0698
444 13 29.0698
445 13 29.0698
447 13 29.0698
468 13 29.0698
490 13 20.3666
496 13 20.3666
516 13 21.4362
517 13 21.4362
576 13 33.8983
490 14 20.3666
498 14 16.2999
515 14 22.6244
516 14 22.6244
522 14 19.3986
576 14 33.8983
446 15 29.0698
450 15 22.6244
468 15 29.0698
490 15 20.3666
491 15 20.3666
492 15 20.3666
498 15 16.2999
503 15 14.0548
511 15 11.325
521 15 20.3666
522 15 20.3666
576 15 33.8983
627 15 27.137
218 16 18.5185
450 16 22.6244
468 16 29.0698
491 16 20.3666
492 16 20.3666
497 16 16.2999
498 16 16.2999
510 16 11.325
514 16 36.9686
520 16 20.3666
521 16 20.3666
576 16 33.8983
626 16 27.137
627 16 27.137
218 17 18.5185
442 17 45.1467
446 17 29.0698
457 17 29.0698
491 17 20.3666
492 17 20.3666
497 17 16.9779
501 17 14.556
502 17 14.556
513 17 40.6504
514 17 40.6504
520 17 20.3666
530 17 16.9779
553 17 36.9686
626 17 27.137
627 17 27.137
449 18 29.0698
455 18 29.0698
456 18 29.0698
490 18 21.4362
491 18 20.3666
496 18 16.9779
497 18 16.9779
500 18 15.0943
501 18 15.0943
512 18 40.6504
530 18 16.9779
552 18 36.9686
553 18 36.9686
445 19 29.0698
448 19 29.0698
492 19 20.3666
493 19 20.3666
496 19 17.7148
499 19 15.674
500 19 15.0943
511 19 40.6504
527 19 19.3986
529 19 16.9779
621 19 29.0698
627 19 27.137
491 20 20.3666
499 20 15.674
500 20 15.674
524 20 20.3666
525 20 20.3666
621 20 29.0698
626 20 27.137
627 20 27.137
447 21 25.4453
450 21 20.3666
492 21 20.3666
493 21 20.3666
499 21 15.674
519 21 20.3666
524 21 20.3666
525 21 20.3666
447 22 22.6244
492 22 20.3666
498 22 20.3666
499 22 16.9779
506 22 12.3533
509 22 17.7148
518 22 20.3666
519 22 20.3666
525 22 20.3666
442 23 29.0698
443 23 29.0698
446 23 25.4453
447 23 22.6244
451 23 20.3666
497 23 20.3666
498 23 20.3666
505 23 13.587
516 23 21.4362
567 23 29.0698
442 24 29.0698
443 24 29.0698
444 24 29.0698
446 24 25.4453
450 24 21.4362
465 24 29.0698
492 24 20.3666
496 24 21.4362
497 24 21.4362
498 24 21.4362
504 24 13.587
529 24 20.3666
530 24 20.3666
621 24 29.0698
627 24 22.6244
443 25 29.0698
444 25 29.0698
450 25 21.4362
465 25 29.0698
491 25 20.3666
492 25 20.3666
493 25 20.3666
496 25 21.4362
503 25 14.0548
515 25 29.0698
523 25 19.3986
612 25 29.0698
621 25 29.0698
622 25 29.0698
443 26 29.0698
450 26 21.4362
454 26 29.0698
465 26 29.0698
466 26 29.0698
467 26 29.0698
493 26 20.3666
502 26 14.0548
521 26 20.3666
522 26 20.3666
523 26 19.3986
621 26 29.0698
622 26 29.0698
443 27 29.0698
444 27 29.0698
450 27 21.4362
453 27 29.0698
454 27 29.0698
467 27 29.0698
468 27 29.0698
469 27 27.137
492 27 20.3666
493 27 20.3666
494 27 20.3666
502 27 14.0548
520 27 21.4362
521 27 20.3666
543 27 40.6504
621 27 29.0698
627 27 22.6244
443 28 29.0698
444 28 29.0698
445 28 29.0698
450 28 21.4362
468 28 29.0698
469 28 29.0698
493 28 20.3666
494 28 20.3666
498 28 17.7148
501 28 14.556
519 28 21.4362
520 28 21.4362
621 28 29.0698
444 29 29.0698
445 29 29.0698
450 29 22.6244
451 29 22.6244
468 29 29.0698
498 29 16.9779
525 29 20.3666
621 29 29.0698
622 29 29.0698
627 29 22.6244
445 30 29.0698
446 30 29.0698
450 30 22.6244
451 30 22.6244
468 30 29.0698
490 30 20.3666
495 30 17.7148
496 30 17.7148
500 30 16.9779
529 30 19.3986
604 30 31.2989
605 30 31.2989
610 30 29.0698
621 30 29.0698
622 30 29.0698
627 30 22.6244
444 31 31.2989
445 31 31.2989
446 31 31.2989
450 31 22.6244
451 31 22.6244
490 31 20.3666
491 31 20.3666
492 31 20.3666
495 31 17.7148
499 31 16.9779
529 31 19.3986
603 31 31.2989
604 31 31.2989
605 31 31.2989
621 31 29.0698
622 31 29.0698
444 32 31.2989
445 32 31.2989
447 32 29.0698
469 32 29.0698
472 32 23.9521
491 32 20.3666
492 32 20.3666
498 32 16.9779
529 32 19.3986
604 32 31.2989
605 32 31.2989
609 32 29.0698
621 32 29.0698
445 33 31.2989
446 33 31.2989
468 33 29.0698
469 33 29.0698
472 33 23.9521
497 33 17.7148
515 33 20.3666
219 34 18.5185
445 34 31.2989
446 34 31.2989
449 34 23.9521
468 34 29.0698
493 34 21.4362
512 34 21.4362
513 34 21.4362
514 34 21.4362
219 35 18.5185
449 35 23.9521
467 35 29.0698
468 35 29.0698
496 35 20.3666
497 35 20.3666
511 35 21.4362
512 35 21.4362
513 35 21.4362
535 35 40.6504
494 36 21.4362
495 36 21.4362
496 36 20.3666
497 36 20.3666
498 36 20.3666
505 36 15.0943
534 36 40.6504
535 36 40.6504
536 36 40.6504
596 36 31.2989
597 36 31.2989
621 36 29.0698
622 36 29.0698
444 37 29.0698
445 37 29.0698
463 37 31.2989
495 37 21.4362
496 37 21.4362
497 37 20.3666
498 37 20.3666
504 37 15.0943
505 37 15.0943
516 37 21.4362
596 37 31.2989
604 37 31.2989
605 37 31.2989
621 37 29.0698
622 37 29.0698
442 38 31.2989
443 38 31.2989
444 38 29.0698
445 38 29.0698
446 38 29.0698
466 38 29.0698
470 38 29.0698
471 38 29.0698
497 38 20.3666
498 38 20.3666
499 38 20.3666
504 38 15.0943
604 38 31.2989
621 38 29.0698
442 39 31.2989
444 39 29.0698
445 39 29.0698
446 39 29.0698
465 39 29.0698
466 39 29.0698
470 39 29.0698
496 39 21.4362
497 39 20.3666
498 39 20.3666
499 39 20.3666
503 39 16.2999
604 39 31.2989
605 39 31.2989
622 39 29.0698
444 40 31.2989
445 40 29.0698
446 40 29.0698
447 40 29.0698
451 40 21.4362
498 40 21.4362
499 40 20.3666
502 40 19.3986
605 40 31.2989
622 40 29.0698
440 41 57.971
445 41 31.2989
446 41 31.2989
451 41 21.4362
498 41 21.4362
499 41 20.3666
501 41 19.3986
590 41 33.8983
595 41 31.2989
605 41 31.2989
622 41 29.0698
627 41 22.6244
437 42 101.01
445 42 31.2989
446 42 31.2989
451 42 21.4362
471 42 29.0698
472 42 29.0698
498 42 21.4362
499 42 20.3666
500 42 20.3666
501 42 20.3666
505 42 16.9779
589 42 33.8983
590 42 33.8983
594 42 31.2989
605 42 31.2989
622 42 29.0698
623 42 29.0698
444 43 31.2989
452 43 21.4362
471 43 29.0698
500 43 20.3666
501 43 20.3666
505 43 16.9779
536 43 20.3666
537 43 20.3666
593 43 31.2989
594 43 31.2989
605 43 31.2989
622 43 29.0698
448 44 25.4453
452 44 20.3666
499 44 20.3666
500 44 20.3666
501 44 20.3666
522 44 20.3666
592 44 33.8983
622 44 29.0698
443 45 33.8983
448 45 25.4453
449 45 25.4453
500 45 20.3666
138 46 45.1467
445 46 31.2989
446 46 29.0698
449 46 25.4453
467 46 27.137
535 46 19.3986
138 47 45.1467
444 47 31.2989
445 47 31.2989
446 47 31.2989
491 47 22.6244
494 47 18.5185
523 47 17.7148
534 47 19.3986
535 47 19.3986
583 47 31.2989
590 47 33.8983
591 47 33.8983
605 47 31.2989
606 47 31.2989
622 47 29.0698
138 48 45.1467
219 48 18.5185
445 48 31.2989
446 48 31.2989
490 48 22.6244
510 48 19.3986
590 48 31.2989
591 48 31.2989
605 48 31.2989
606 48 31.2989
446 49 31.2989
449 49 27.137
465 49 31.2989
466 49 31.2989
470 49 29.0698
471 49 29.0698
491 49 22.6244
497 49 21.4362
498 49 21.4362
499 49 20.3666
500 49 20.3666
504 49 16.9779
590 49 31.2989
591 49 31.2989
605 49 31.2989
606 49 31.2989
446 50 31.2989
449 50 27.137
470 50 29.0698
491 50 21.4362
497 50 21.4362
498 50 21.4362
499 50 20.3666
500 50 20.3666
504 50 16.9779
514 50 11.9904
534 50 19.3986
591 50 31.2989
605 50 31.2989
606 50 31.2989
448 51 29.0698
449 51 29.0698
469 51 29.0698
470 51 29.0698
487 51 45.1467
499 51 20.3666
500 51 20.3666
501 51 20.3666
503 51 18.5185
513 51 11.9904
577 51 33.8983
578 51 33.8983
581 51 31.2989
591 51 31.2989
605 51 31.2989
606 51 31.2989
132 52 50.7614
219 52 18.5185
448 52 31.2989
449 52 29.0698
450 52 29.0698
451 52 27.137
468 52 31.2989
469 52 31.2989
470 52 31.2989
486 52 57.971
494 52 20.3666
499 52 20.3666
500 52 20.3666
508 52 13.587
575 52 36.9686
576 52 36.9686
577 52 33.8983
580 52 31.2989
590 52 31.2989
591 52 31.2989
605 52 31.2989
606 52 31.2989
132 53 50.7614
447 53 31.2989
448 53 31.2989
449 53 29.0698
468 53 31.2989
469 53 31.2989
470 53 31.2989
476 53 20.3666
485 53 57.971
493 53 20.3666
494 53 20.3666
535 53 19.3986
574 53 40.6504
590 53 31.2989
591 53 31.2989
595 53 25.4453
605 53 31.2989
606 53 31.2989
447 54 31.2989
448 54 31.2989
453 54 22.6244
476 54 20.3666
484 54 67.5676
502 54 19.3986
535 54 19.3986
605 54 31.2989
606 54 31.2989
128 55 50.7614
453 55 22.6244
470 55 31.2989
483 55 67.5676
494 55 20.3666
501 55 20.3666
502 55 19.3986
509 55 14.556
535 55 19.3986
536 55 19.3986
605 55 31.2989
129 56 45.1467
453 56 22.6244
482 56 67.5676
493 56 20.3666
494 56 20.3666
497 56 20.3666
504 56 20.3666
577 56 33.8983
219 57 18.5185
444 57 36.9686
445 57 36.9686
447 57 31.2989
450 57 29.0698
493 57 20.3666
494 57 20.3666
503 57 20.3666
507 57 19.3986
511 57 14.556
577 57 33.8983
591 57 31.2989
602 57 29.0698
128 58 45.1467
425 58 23.9521
450 58 29.0698
466 58 29.0698
467 58 29.0698
473 58 29.0698
498 58 20.3666
502 58 20.3666
503 58 20.3666
577 58 33.8983
591 58 31.2989
592 58 31.2989
601 58 29.0698
602 58 29.0698
128 59 45.1467
418 59 36.9686
419 59 36.9686
425 59 23.9521
449 59 29.0698
450 59 29.0698
470 59 23.9521
494 59 20.3666
495 59 20.3666
498 59 20.3666
499 59 20.3666
505 59 20.3666
506 59 19.3986
577 59 33.8983
590 59 31.2989
591 59 31.2989
128 60 45.1467
129 60 45.1467
141 60 50.7614
418 60 36.9686
419 60 36.9686
425 60 23.9521
439 60 31.2989
442 60 29.0698
446 60 31.2989
467 60 29.0698
470 60 31.2989
494 60 21.4362
495 60 20.3666
498 60 20.3666
499 60 20.3666
565 60 40.6504
568 60 33.8983
569 60 33.8983
591 60 31.2989
129 61 45.1467
151 61 45.1467
417 61 36.9686
418 61 36.9686
419 61 36.9686
425 61 23.9521
428 61 20.3666
439 61 31.2989
440 61 31.2989
446 61 31.2989
447 61 31.2989
466 61 29.0698
467 61 31.2989
469 61 29.0698
473 61 29.0698
486 61 21.4362
487 61 21.4362
494 61 21.4362
498 61 20.3666
499 61 21.4362
568 61 33.8983
577 61 33.8983
591 61 31.2989
129 62 45.1467
130 62 45.1467
151 62 45.1467
418 62 40.6504
419 62 40.6504
440 62 31.2989
446 62 31.2989
447 62 31.2989
472 62 29.0698
473 62 29.0698
486 62 21.4362
487 62 21.4362
492 62 22.6244
567 62 33.8983
568 62 33.8983
577 62 33.8983
591 62 31.2989
129 63 50.7614
130 63 50.7614
219 63 19.3986
413 63 36.9686
418 63 40.6504
419 63 40.6504
472 63 29.0698
473 63 29.0698
486 63 21.4362
487 63 21.4362
495 63 21.4362
496 63 21.4362
510 63 18.5185
533 63 20.3666
534 63 20.3666
591 63 31.2989
130 64 45.1467
137 64 50.7614
418 64 40.6504
447 64 31.2989
448 64 31.2989
473 64 29.0698
489 64 20.3666
494 64 21.4362
495 64 21.4362
496 64 21.4362
497 64 20.3666
500 64 20.3666
503 64 15.674
504 64 15.674
590 64 31.2989
591 64 31.2989
595 64 27.137
426 65 40.6504
441 65 29.0698
442 65 29.0698
447 65 31.2989
448 65 31.2989
488 65 21.4362
489 65 21.4362
495 65 21.4362
496 65 21.4362
499 65 19.3986
503 65 15.674
566 65 33.8983
594 65 27.137
128 66 45.1467
426 66 40.6504
441 66 29.0698
442 66 29.0698
446 66 31.2989
472 66 29.0698
473 66 29.0698
493 66 22.6244
494 66 21.4362
498 66 20.3666
499 66 19.3986
634 66 27.137
635 66 25.4453
128 67 45.1467
129 67 45.1467
441 67 29.0698
442 67 29.0698
443 67 29.0698
472 67 29.0698
511 67 11.9904
537 67 15.674
538 67 15.674
556 67 36.9686
634 67 27.137
635 67 27.137
129 68 45.1467
416 68 36.9686
417 68 36.9686
443 68 29.0698
472 68 29.0698
536 68 15.674
554 68 36.9686
555 68 36.9686
556 68 36.9686
557 68 36.9686
634 68 27.137
635 68 27.137
637 68 25.4453
129 69 45.1467
130 69 45.1467
416 69 33.8983
444 69 29.0698
470 69 29.0698
471 69 29.0698
472 69 29.0698
494 69 21.4362
495 69 21.4362
496 69 21.4362
497 69 20.3666
531 69 17.7148
536 69 15.674
556 69 36.9686
557 69 36.9686
566 69 33.8983
634 69 27.137
635 69 27.137
130 70 50.7614
418 70 27.137
437 70 80.9717
443 70 29.0698
444 70 29.0698
470 70 29.0698
471 70 29.0698
494 70 21.4362
495 70 21.4362
496 70 21.4362
497 70 20.3666
500 70 17.7148
502 70 17.7148
528 70 19.3986
535 70 18.5185
556 70 36.9686
565 70 33.8983
566 70 33.8983
578 70 33.8983
130 71 50.7614
418 71 27.137
419 71 27.137
443 71 29.0698
444 71 29.0698
447 71 23.9521
495 71 21.4362
496 71 21.4362
499 71 19.3986
526 71 19.3986
528 71 19.3986
529 71 19.3986
533 71 19.3986
534 71 19.3986
537 71 17.7148
578 71 33.8983
130 72 50.7614
413 72 40.6504
414 72 40.6504
418 72 27.137
419 72 27.137
431 72 15.0943
447 72 23.9521
525 72 21.4362
526 72 20.3666
528 72 19.3986
533 72 19.3986
534 72 19.3986
536 72 18.5185
537 72 17.7148
578 72 33.8983
413 73 40.6504
414 73 40.6504
418 73 27.137
430 73 15.0943
447 73 23.9521
468 73 29.0698
469 73 29.0698
474 73 21.4362
506 73 13.587
527 73 20.3666
129 74 50.7614
148 74 45.1467
220 74 18.5185
430 74 15.0943
443 74 29.0698
447 74 23.9521
450 74 21.4362
468 74 29.0698
469 74 29.0698
470 74 29.0698
474 74 21.4362
494 74 21.4362
495 74 21.4362
499 74 16.9779
500 74 16.9779
504 74 14.0548
505 74 14.0548
525 74 21.4362
129 75 50.7614
442 75 29.0698
443 75 29.0698
447 75 23.9521
449 75 23.9521
493 75 21.4362
494 75 21.4362
495 75 21.4362
499 75 16.9779
500 75 16.9779
503 75 14.0548
504 75 14.0548
545 75 40.6504
546 75 40.6504
566 75 33.8983
128 76 50.7614
427 76 36.9686
442 76 29.0698
443 76 29.0698
446 76 25.4453
449 76 21.4362
494 76 21.4362
499 76 16.9779
503 76 14.0548
544 76 40.6504
547 76 40.6504
616 76 29.0698
617 76 29.0698
128 77 50.7614
138 77 50.7614
152 77 45.1467
220 77 18.5185
443 77 31.2989
444 77 29.0698
471 77 29.0698
472 77 29.0698
497 77 20.3666
498 77 16.9779
501 77 16.2999
502 77 14.556
546 77 40.6504
547 77 40.6504
616 77 29.0698
617 77 29.0698
139 78 45.1467
220 78 18.5185
412 78 40.6504
413 78 40.6504
443 78 31.2989
467 78 29.0698
471 78 29.0698
472 78 29.0698
475 78 29.0698
546 78 40.6504
616 78 29.0698
617 78 29.0698
412 79 40.6504
413 79 40.6504
442 79 31.2989
443 79 31.2989
444 79 31.2989
490 79 21.4362
566 79 36.9686
615 79 29.0698
616 79 29.0698
126 80 45.1467
139 80 50.7614
413 80 40.6504
420 80 27.137
443 80 31.2989
444 80 31.2989
450 80 22.6244
474 80 29.0698
489 80 21.4362
490 80 21.4362
632 80 27.137
126 81 45.1467
127 81 45.1467
139 81 50.7614
220 81 19.3986
413 81 40.6504
414 81 40.6504
415 81 40.6504
420 81 27.137
444 81 31.2989
445 81 29.0698
474 81 29.0698
475 81 29.0698
489 81 21.4362
490 81 20.3666
491 81 20.3666
498 81 21.4362
499 81 21.4362
511 81 20.3666
568 81 33.8983
632 81 27.137
126 82 45.1467
127 82 45.1467
220 82 19.3986
413 82 40.6504
414 82 40.6504
425 82 45.1467
444 82 31.2989
445 82 29.0698
446 82 29.0698
474 82 29.0698
489 82 21.4362
490 82 21.4362
491 82 21.4362
492 82 20.3666
495 82 17.7148
497 82 20.3666
498 82 21.4362
499 82 20.3666
509 82 20.3666
510 82 20.3666
567 82 33.8983
629 82 27.137
126 83 50.7614
127 83 50.7614
139 83 50.7614
150 83 45.1467
220 83 19.3986
417 83 27.137
424 83 45.1467
445 83 29.0698
446 83 29.0698
447 83 29.0698
469 83 25.4453
490 83 21.4362
491 83 21.4362
492 83 21.4362
537 83 45.1467
628 83 27.137
629 83 27.137
630 83 27.137
637 83 27.137
126 84 50.7614
127 84 50.7614
139 84 50.7614
416 84 27.137
417 84 25.4453
446 84 29.0698
447 84 29.0698
474 84 29.0698
491 84 21.4362
497 84 18.5185
501 84 20.3666
536 84 45.1467
628 84 27.137
629 84 27.137
630 84 27.137
637 84 27.137
127 85 50.7614
139 85 50.7614
416 85 27.137
417 85 27.137
446 85 29.0698
447 85 29.0698
473 85 29.0698
474 85 29.0698
490 85 21.4362
491 85 21.4362
492 85 21.4362
496 85 17.7148
508 85 14.0548
588 85 31.2989
600 85 29.0698
601 85 29.0698
623 85 29.0698
628 85 27.137
629 85 27.137
630 85 27.137
127 86 50.7614
128 86 50.7614
411 86 40.6504
416 86 27.137
417 86 27.137
425 86 40.6504
446 86 29.0698
447 86 29.0698
450 86 21.4362
490 86 21.4362
491 86 21.4362
492 86 21.4362
493 86 21.4362
495 86 17.7148
496 86 17.7148
507 86 14.0548
600 86 31.2989
601 86 31.2989
628 86 27.137
629 86 27.137
128 87 50.7614
411 87 40.6504
412 87 40.6504
415 87 27.137
416 87 27.137
425 87 40.6504
449 87 21.4362
473 87 29.0698
506 87 14.0548
600 87 31.2989
601 87 31.2989
602 87 31.2989
629 87 27.137
128 88 50.7614
180 88 57.971
411 88 40.6504
412 88 40.6504
442 88 31.2989
443 88 31.2989
444 88 31.2989
449 88 21.4362
473 88 29.0698
474 88 29.0698
504 88 21.4362
505 88 21.4362
506 88 21.4362
599 88 31.2989
600 88 31.2989
614 88 29.0698
127 89 50.7614
128 89 50.7614
220 89 19.3986
411 89 40.6504
412 89 40.6504
413 89 40.6504
442 89 31.2989
443 89 31.2989
444 89 31.2989
472 89 29.0698
473 89 29.0698
474 89 29.0698
494 89 20.3666
495 89 20.3666
502 89 22.6244
503 89 22.6244
504 89 21.4362
521 89 19.3986
595 89 31.2989
614 89 29.0698
623 89 29.0698
624 89 29.0698
127 90 50.7614
128 90 50.7614
220 90 19.3986
307 90 67.5676
413 90 40.6504
443 90 31.2989
444 90 31.2989
494 90 21.4362
495 90 20.3666
623 90 29.0698
624 90 29.0698
127 91 50.7614
413 91 40.6504
414 91 40.6504
415 91 40.6504
420 91 21.4362
444 91 29.0698
448 91 23.9521
493 91 21.4362
494 91 20.3666
495 91 20.3666
619 91 29.0698
623 91 29.0698
624 91 29.0698
414 92 40.6504
415 92 40.6504
444 92 29.0698
445 92 29.0698
492 92 22.6244
493 92 21.4362
494 92 21.4362
495 92 21.4362
496 92 20.3666
504 92 13.587
505 92 13.587
587 92 31.2989
611 92 29.0698
623 92 29.0698
624 92 29.0698
125 93 50.7614
178 93 67.5676
414 93 36.9686
442 93 29.0698
474 93 29.0698
491 93 23.9521
492 93 22.6244
495 93 20.3666
496 93 20.3666
503 93 13.587
606 93 31.2989
607 93 31.2989
611 93 29.0698
612 93 29.0698
619 93 29.0698
623 93 29.0698
624 93 29.0698
125 94 50.7614
126 94 50.7614
177 94 67.5676
220 94 18.5185
419 94 22.6244
427 94 36.9686
441 94 29.0698
442 94 29.0698
495 94 20.3666
609 94 29.0698
610 94 29.0698
611 94 29.0698
612 94 29.0698
623 94 29.0698
624 94 29.0698
126 95 50.7614
177 95 67.5676
411 95 40.6504
412 95 40.6504
419 95 22.6244
426 95 36.9686
427 95 36.9686
442 95 29.0698
445 95 31.2989
446 95 31.2989
473 95 29.0698
474 95 29.0698
491 95 22.6244
497 95 20.3666
533 95 20.3666
534 95 19.3986
536 95 19.3986
623 95 29.0698
624 95 29.0698
126 96 50.7614
177 96 67.5676
342 96 67.5676
411 96 40.6504
412 96 40.6504
413 96 36.9686
419 96 23.9521
473 96 29.0698
474 96 29.0698
490 96 21.4362
491 96 21.4362
495 96 21.4362
496 96 21.4362
623 96 29.0698
624 96 29.0698
177 97 67.5676
304 97 57.971
410 97 40.6504
411 97 40.6504
412 97 40.6504
418 97 27.137
440 97 50.7614
445 97 31.2989
446 97 29.0698
455 97 18.5185
491 97 21.4362
495 97 20.3666
496 97 20.3666
583 97 33.8983
584 97 33.8983
599 97 29.0698
607 97 31.2989
623 97 29.0698
624 97 29.0698
123 98 50.7614
124 98 50.7614
177 98 67.5676
410 98 45.1467
417 98 29.0698
418 98 29.0698
439 98 67.5676
443 98 40.6504
446 98 29.0698
447 98 29.0698
448 98 29.0698
490 98 21.4362
491 98 21.4362
492 98 21.4362
501 98 14.556
539 98 21.4362
540 98 21.4362
607 98 31.2989
136 99 45.1467
176 99 67.5676
177 99 67.5676
220 99 18.5185
417 99 31.2989
418 99 29.0698
443 99 40.6504
446 99 29.0698
447 99 29.0698
448 99 29.0698
471 99 29.0698
490 99 21.4362
491 99 21.4362
492 99 21.4362
506 99 15.674
539 99 21.4362
607 99 31.2989
124 100 50.7614
125 100 50.7614
136 100 45.1467
143 100 50.7614
176 100 67.5676
177 100 67.5676
301 100 67.5676
332 100 57.971
414 100 40.6504
417 100 31.2989
446 100 31.2989
480 100 57.971
491 100 21.4362
504 100 16.2999
505 100 16.2999
573 100 33.8983
574 100 33.8983
596 100 31.2989
597 100 31.2989
607 100 31.2989
124 101 45.1467
176 101 67.5676
177 101 67.5676
301 101 67.5676
408 101 200
414 101 40.6504
415 101 36.9686
417 101 31.2989
427 101 17.7148
439 101 57.971
480 101 57.971
496 101 21.4362
497 101 21.4362
498 101 21.4362
503 101 16.2999
510 101 12.7389
573 101 33.8983
595 101 31.2989
596 101 31.2989
597 101 31.2989
607 101 31.2989
623 101 29.0698
624 101 29.0698
79 102 45.1467
125 102 50.7614
176 102 67.5676
414 102 40.6504
417 102 31.2989
439 102 57.971
445 102 31.2989
472 102 29.0698
473 102 29.0698
492 102 21.4362
493 102 21.4362
496 102 21.4362
497 102 21.4362
498 102 21.4362
522 102 20.3666
523 102 20.3666
573 102 33.8983
593 102 36.9686
594 102 33.8983
595 102 31.2989
596 102 31.2989
623 102 29.0698
624 102 29.0698
125 103 45.1467
176 103 67.5676
258 103 57.971
282 103 57.971
283 103 57.971
414 103 40.6504
417 103 31.2989
418 103 31.2989
439 103 57.971
493 103 21.4362
607 103 31.2989
608 103 31.2989
624 103 29.0698
126 104 45.1467
258 104 57.971
282 104 57.971
380 104 57.971
414 104 40.6504
418 104 31.2989
419 104 31.2989
471 104 27.137
472 104 27.137
493 104 21.4362
498 104 21.4362
539 104 21.4362
540 104 21.4362
607 104 31.2989
624 104 29.0698
78 105 45.1467
127 105 45.1467
301 105 67.5676
311 105 67.5676
380 105 57.971
414 105 40.6504
418 105 29.0698
442 105 31.2989
443 105 31.2989
471 105 27.137
472 105 27.137
489 105 33.8983
494 105 21.4362
495 105 21.4362
522 105 20.3666
592 105 33.8983
593 105 33.8983
624 105 29.0698
78 106 45.1467
123 106 45.1467
195 106 57.971
301 106 67.5676
311 106 67.5676
312 106 67.5676
331 106 67.5676
343 106 36.9686
380 106 57.971
442 106 31.2989
443 106 31.2989
444 106 31.2989
472 106 27.137
488 106 33.8983
562 106 33.8983
592 106 33.8983
624 106 29.0698
53 107 40.6504
172 107 57.971
195 107 57.971
311 107 67.5676
342 107 40.6504
350 107 67.5676
379 107 57.971
380 107 57.971
442 107 31.2989
443 107 31.2989
444 107 31.2989
471 107 29.0698
472 107 29.0698
561 107 36.9686
562 107 36.9686
582 107 33.8983
583 107 33.8983
624 107 29.0698
625 107 29.0698
77 108 45.1467
78 108 45.1467
172 108 57.971
173 108 57.971
310 108 67.5676
338 108 67.5676
342 108 40.6504
350 108 67.5676
411 108 36.9686
417 108 40.6504
471 108 29.0698
472 108 29.0698
493 108 21.4362
494 108 21.4362
495 108 21.4362
562 108 36.9686
581 108 33.8983
582 108 33.8983
583 108 33.8983
589 108 31.2989
608 108 29.0698
624 108 29.0698
625 108 29.0698
77 109 45.1467
78 109 45.1467
126 109 50.7614
172 109 57.971
173 109 57.971
221 109 18.5185
338 109 67.5676
342 109 36.9686
426 109 40.6504
444 109 33.8983
470 109 29.0698
471 109 29.0698
493 109 21.4362
494 109 21.4362
495 109 21.4362
499 109 19.3986
560 109 36.9686
561 109 36.9686
581 109 33.8983
582 109 33.8983
589 109 31.2989
607 109 29.0698
608 109 29.0698
624 109 29.0698
126 110 50.7614
173 110 57.971
179 110 57.971
323 110 80.9717
338 110 67.5676
371 110 57.971
379 110 25.4453
412 110 40.6504
413 110 40.6504
426 110 40.6504
439 110 50.7614
443 110 33.8983
444 110 33.8983
470 110 29.0698
471 110 29.0698
498 110 19.3986
589 110 31.2989
593 110 31.2989
607 110 29.0698
608 110 29.0698
624 110 29.0698
50 111 45.1467
179 111 57.971
180 111 57.971
285 111 57.971
301 111 67.5676
302 111 67.5676
370 111 57.971
391 111 67.5676
392 111 67.5676
409 111 50.7614
412 111 40.6504
413 111 40.6504
416 111 50.7614
426 111 40.6504
427 111 40.6504
442 111 33.8983
443 111 33.8983
502 111 16.2999
503 111 16.2999
540 111 20.3666
541 111 20.3666
593 111 31.2989
607 111 31.2989
608 111 31.2989
180 112 67.5676
309 112 57.971
316 112 27.137
327 112 67.5676
369 112 57.971
370 112 57.971
378 112 25.4453
412 112 40.6504
427 112 40.6504
494 112 23.9521
495 112 22.6244
502 112 16.2999
540 112 20.3666
541 112 20.3666
551 112 36.9686
579 112 33.8983
607 112 31.2989
608 112 31.2989
50 113 45.1467
175 113 67.5676
180 113 67.5676
197 113 57.971
326 113 67.5676
327 113 67.5676
369 113 80.9717
412 113 40.6504
427 113 36.9686
443 113 33.8983
446 113 23.9521
498 113 19.3986
528 113 20.3666
529 113 20.3666
541 113 20.3666
542 113 20.3666
551 113 36.9686
552 113 36.9686
570 113 33.8983
571 113 33.8983
607 113 31.2989
608 113 31.2989
50 114 50.7614
127 114 50.7614
175 114 67.5676
177 114 67.5676
180 114 67.5676
197 114 57.971
338 114 9.48317
426 114 36.9686
440 114 50.7614
443 114 29.0698
486 114 45.1467
490 114 25.4453
492 114 25.4453
493 114 23.9521
528 114 20.3666
551 114 36.9686
569 114 33.8983
570 114 33.8983
571 114 33.8983
607 114 31.2989
608 114 31.2989
127 115 50.7614
180 115 67.5676
317 115 57.971
326 115 67.5676
338 115 9.48317
411 115 40.6504
439 115 50.7614
447 115 23.9521
473 115 27.137
487 115 45.1467
492 115 25.4453
569 115 33.8983
570 115 33.8983
579 115 36.9686
593 115 31.2989
607 115 31.2989
608 115 31.2989
127 116 50.7614
179 116 67.5676
180 116 67.5676
188 116 67.5676
197 116 57.971
204 116 80.9717
326 116 14.556
333 116 67.5676
411 116 40.6504
425 116 40.6504
426 116 40.6504
443 116 29.0698
444 116 29.0698
473 116 27.137
487 116 45.1467
496 116 20.3666
497 116 19.3986
500 116 17.7148
501 116 17.7148
538 116 21.4362
593 116 31.2989
607 116 31.2989
608 116 31.2989
54 117 45.1467
126 117 50.7614
127 117 50.7614
179 117 67.5676
180 117 67.5676
188 117 67.5676
204 117 80.9717
332 117 67.5676
333 117 67.5676
338 117 9.70874
342 117 67.5676
349 117 80.9717
392 117 12.3533
412 117 40.6504
424 117 40.6504
443 117 31.2989
444 117 31.2989
445 117 29.0698
473 117 27.137
496 117 20.3666
499 117 18.5185
500 117 17.7148
540 117 21.4362
579 117 36.9686
593 117 31.2989
48 118 45.1467
56 118 45.1467
68 118 45.1467
126 118 50.7614
204 118 80.9717
324 118 67.5676
327 118 14.556
342 118 67.5676
406 118 101.01
412 118 40.6504
444 118 29.0698
445 118 29.0698
475 118 27.137
489 118 40.6504
499 118 17.7148
528 118 21.4362
559 118 33.8983
593 118 31.2989
56 119 45.1467
126 119 50.7614
135 119 50.7614
177 119 67.5676
178 119 67.5676
204 119 80.9717
309 119 67.5676
313 119 67.5676
319 119 22.6244
443 119 29.0698
444 119 29.0698
445 119 29.0698
480 119 134.228
481 119 134.228
488 119 40.6504
502 119 17.7148
526 119 21.4362
527 119 21.4362
558 119 33.8983
559 119 33.8983
593 119 31.2989
41 120 45.1467
51 120 45.1467
125 120 50.7614
126 120 50.7614
135 120 50.7614
177 120 57.971
203 120 80.9717
309 120 67.5676
313 120 57.971
319 120 22.6244
327 120 15.0943
338 120 9.9453
339 120 9.9453
408 120 40.6504
444 120 29.0698
445 120 29.0698
446 120 29.0698
474 120 29.0698
480 120 134.228
481 120 101.01
501 120 18.5185
558 120 33.8983
559 120 33.8983
576 120 33.8983
593 120 31.2989
41 121 45.1467
49 121 45.1467
76 121 50.7614
125 121 50.7614
126 121 50.7614
135 121 50.7614
151 121 134.228
177 121 57.971
182 121 67.5676
203 121 80.9717
393 121 50.7614
427 121 40.6504
445 121 29.0698
446 121 29.0698
474 121 29.0698
487 121 45.1467
500 121 19.3986
501 121 19.3986
579 121 33.8983
593 121 31.2989
48 122 45.1467
49 122 45.1467
125 122 50.7614
126 122 50.7614
135 122 50.7614
136 122 50.7614
177 122 57.971
181 122 67.5676
202 122 80.9717
310 122 67.5676
311 122 67.5676
327 122 67.5676
368 122 67.5676
390 122 12.7389
393 122 50.7614
394 122 50.7614
405 122 45.1467
406 122 45.1467
426 122 36.9686
473 122 29.0698
474 122 29.0698
483 122 67.5676
487 122 45.1467
499 122 19.3986
500 122 19.3986
501 122 19.3986
505 122 16.9779
579 122 33.8983
593 122 31.2989
49 123 45.1467
126 123 50.7614
135 123 50.7614
157 123 134.228
177 123 67.5676
178 123 67.5676
202 123 80.9717
310 123 67.5676
311 123 67.5676
316 123 31.2989
317 123 31.2989
320 123 57.971
327 123 67.5676
328 123 67.5676
368 123 67.5676
387 123 200
390 123 12.7389
405 123 45.1467
406 123 45.1467
430 123 27.137
441 123 36.9686
474 123 29.0698
490 123 36.9686
500 123 19.3986
504 123 16.9779
547 123 40.6504
548 123 40.6504
587 123 31.2989
68 124 50.7614
125 124 50.7614
126 124 50.7614
177 124 67.5676
178 124 67.5676
202 124 80.9717
293 124 67.5676
311 124 67.5676
312 124 67.5676
317 124 31.2989
327 124 67.5676
368 124 67.5676
406 124 45.1467
426 124 36.9686
430 124 27.137
442 124 36.9686
474 124 29.0698
475 124 29.0698
483 124 57.971
484 124 57.971
485 124 57.971
490 124 36.9686
503 124 17.7148
504 124 16.9779
548 124 40.6504
549 124 40.6504
43 125 45.1467
88 125 50.7614
89 125 50.7614
126 125 50.7614
156 125 101.01
177 125 67.5676
178 125 67.5676
204 125 80.9717
303 125 57.971
311 125 67.5676
312 125 67.5676
317 125 57.971
368 125 67.5676
426 125 36.9686
480 125 101.01
484 125 57.971
503 125 17.7148
547 125 40.6504
548 125 40.6504
549 125 40.6504
156 126 101.01
204 126 80.9717
311 126 67.5676
317 126 57.971
318 126 57.971
367 126 67.5676
368 126 67.5676
373 126 33.8983
408 126 36.9686
436 126 21.4362
474 126 29.0698
480 126 101.01
481 126 101.01
483 126 57.971
484 126 57.971
487 126 57.971
547 126 40.6504
580 126 33.8983
44 127 45.1467
127 127 50.7614
156 127 101.01
295 127 67.5676
317 127 57.971
318 127 57.971
329 127 14.556
330 127 14.556
338 127 57.971
339 127 57.971
344 127 9.06207
367 127 67.5676
368 127 67.5676
373 127 33.8983
387 127 200
397 127 33.8983
408 127 36.9686
409 127 36.9686
442 127 29.0698
443 127 29.0698
449 127 20.3666
456 127 15.0943
477 127 101.01
478 127 101.01
580 127 33.8983
44 128 45.1467
62 128 45.1467
88 128 45.1467
156 128 101.01
182 128 57.971
183 128 57.971
312 128 67.5676
330 128 14.556
339 128 57.971
344 128 9.06207
367 128 67.5676
387 128 200
396 128 33.8983
408 128 36.9686
409 128 36.9686
410 128 36.9686
436 128 22.6244
437 128 22.6244
443 128 29.0698
449 128 20.3666
477 128 101.01
478 128 101.01
538 128 40.6504
539 128 40.6504
540 128 40.6504
568 128 33.8983
87 129 45.1467
88 129 45.1467
123 129 45.1467
156 129 101.01
175 129 57.971
183 129 57.971
204 129 80.9717
312 129 67.5676
344 129 9.06207
367 129 67.5676
370 129 57.971
410 129 36.9686
435 129 22.6244
436 129 22.6244
473 129 29.0698
477 129 101.01
478 129 101.01
479 129 101.01
538 129 40.6504
539 129 40.6504
540 129 40.6504
568 129 33.8983
176 130 57.971
183 130 57.971
202 130 80.9717
203 130 80.9717
312 130 67.5676
313 130 67.5676
350 130 67.5676
366 130 67.5676
367 130 67.5676
387 130 200
395 130 33.8983
410 130 36.9686
427 130 40.6504
434 130 23.9521
435 130 22.6244
473 130 29.0698
476 130 134.228
477 130 101.01
478 130 101.01
479 130 101.01
506 130 20.3666
507 130 20.3666
508 130 20.3666
538 130 40.6504
539 130 40.6504
568 130 33.8983
582 130 33.8983
583 130 33.8983
123 131 45.1467
124 131 45.1467
154 131 101.01
176 131 57.971
183 131 67.5676
202 131 80.9717
298 131 67.5676
299 131 67.5676
313 131 67.5676
314 131 67.5676
317 131 40.6504
320 131 29.0698
350 131 67.5676
365 131 80.9717
366 131 67.5676
386 131 200
387 131 200
398 131 29.0698
427 131 40.6504
428 131 40.6504
433 131 25.4453
434 131 23.9521
445 131 23.9521
472 131 29.0698
477 131 101.01
478 131 101.01
479 131 101.01
509 131 20.3666
568 131 33.8983
63 132 50.7614
82 132 45.1467
123 132 50.7614
160 132 101.01
176 132 57.971
202 132 80.9717
299 132 67.5676
313 132 67.5676
314 132 67.5676
317 132 40.6504
320 132 29.0698
337 132 67.5676
349 132 67.5676
363 132 80.9717
386 132 200
389 132 134.228
397 132 31.2989
426 132 40.6504
427 132 40.6504
432 132 101.01
433 132 80.9717
444 132 23.9521
472 132 29.0698
476 132 134.228
477 132 134.228
478 132 134.228
567 132 33.8983
568 132 33.8983
41 133 45.1467
50 133 45.1467
51 133 45.1467
81 133 45.1467
123 133 50.7614
124 133 50.7614
175 133 57.971
176 133 57.971
183 133 67.5676
202 133 80.9717
206 133 80.9717
299 133 67.5676
300 133 67.5676
313 133 67.5676
314 133 67.5676
317 133 40.6504
321 133 29.0698
336 133 67.5676
344 133 9.48317
388 133 200
399 133 29.0698
405 133 50.7614
406 133 45.1467
408 133 33.8983
409 133 33.8983
426 133 40.6504
431 133 101.01
432 133 101.01
472 133 29.0698
508 133 21.4362
529 133 50.7614
530 133 50.7614
30 134 45.1467
41 134 45.1467
50 134 45.1467
51 134 45.1467
64 134 45.1467
98 134 45.1467
123 134 50.7614
124 134 50.7614
175 134 67.5676
176 134 67.5676
182 134 67.5676
206 134 80.9717
231 134 80.9717
234 134 101.01
314 134 67.5676
318 134 40.6504
321 134 29.0698
361 134 67.5676
384 134 57.971
385 134 57.971
388 134 134.228
409 134 33.8983
410 134 33.8983
430 134 134.228
431 134 101.01
472 134 29.0698
51 135 45.1467
64 135 45.1467
123 135 50.7614
124 135 50.7614
175 135 67.5676
176 135 67.5676
206 135 80.9717
231 135 80.9717
234 135 101.01
239 135 80.9717
314 135 67.5676
361 135 67.5676
384 135 57.971
385 135 57.971
409 135 36.9686
410 135 36.9686
428 135 200
429 135 134.228
502 135 21.4362
503 135 21.4362
637 135 27.137
31 136 45.1467
41 136 45.1467
80 136 45.1467
97 136 45.1467
122 136 50.7614
158 136 101.01
175 136 67.5676
176 136 67.5676
206 136 80.9717
231 136 80.9717
232 136 80.9717
297 136 200
314 136 67.5676
325 136 67.5676
345 136 9.26784
381 136 134.228
384 136 57.971
385 136 57.971
386 136 57.971
397 136 101.01
426 136 200
427 136 200
637 136 27.137
42 137 45.1467
122 137 50.7614
123 137 50.7614
157 137 101.01
160 137 101.01
175 137 67.5676
176 137 67.5676
181 137 67.5676
182 137 67.5676
203 137 80.9717
232 137 80.9717
297 137 200
314 137 80.9717
318 137 40.6504
345 137 9.26784
354 137 67.5676
358 137 40.6504
408 137 40.6504
409 137 40.6504
450 137 29.0698
637 137 27.137
88 138 45.1467
122 138 50.7614
157 138 101.01
169 138 134.228
170 138 134.228
176 138 67.5676
182 138 67.5676
203 138 80.9717
232 138 80.9717
241 138 80.9717
314 138 80.9717
318 138 40.6504
329 138 16.9779
354 138 67.5676
355 138 67.5676
512 138 21.4362
513 138 21.4362
637 138 27.137
51 139 45.1467
91 139 50.7614
169 139 134.228
170 139 134.228
195 139 57.971
203 139 80.9717
204 139 80.9717
232 139 80.9717
241 139 80.9717
314 139 80.9717
315 139 80.9717
325 139 21.4362
329 139 16.9779
354 139 67.5676
385 139 200
449 139 29.0698
637 139 27.137
33 140 45.1467
68 140 45.1467
91 140 50.7614
123 140 50.7614
204 140 80.9717
240 140 80.9717
241 140 80.9717
302 140 67.5676
314 140 80.9717
315 140 80.9717
325 140 21.4362
329 140 16.9779
345 140 9.48317
354 140 67.5676
368 140 67.5676
405 140 57.971
630 140 27.137
637 140 27.137
33 141 45.1467
38 141 45.1467
44 141 45.1467
122 141 50.7614
184 141 67.5676
204 141 80.9717
205 141 80.9717
240 141 80.9717
241 141 80.9717
302 141 67.5676
303 141 67.5676
305 141 57.971
312 141 200
315 141 67.5676
345 141 9.48317
366 141 67.5676
398 141 27.137
400 141 27.137
526 141 20.3666
618 141 29.0698
619 141 29.0698
629 141 27.137
630 141 27.137
637 141 27.137
44 142 45.1467
122 142 50.7614
174 142 101.01
184 142 67.5676
204 142 80.9717
205 142 80.9717
230 142 80.9717
303 142 57.971
319 142 36.9686
320 142 36.9686
345 142 9.48317
365 142 67.5676
366 142 67.5676
413 142 31.2989
458 142 29.0698
526 142 20.3666
618 142 29.0698
619 142 29.0698
629 142 27.137
630 142 27.137
634 142 31.2989
637 142 27.137
78 143 45.1467
123 143 50.7614
159 143 134.228
172 143 134.228
174 143 134.228
175 143 80.9717
184 143 67.5676
204 143 80.9717
205 143 80.9717
217 143 67.5676
230 143 80.9717
241 143 80.9717
304 143 57.971
309 143 67.5676
312 143 200
315 143 80.9717
316 143 67.5676
319 143 36.9686
320 143 36.9686
325 143 25.4453
352 143 50.7614
365 143 67.5676
385 143 57.971
398 143 27.137
399 143 27.137
409 143 40.6504
410 143 40.6504
413 143 31.2989
526 143 20.3666
542 143 40.6504
618 143 29.0698
619 143 29.0698
89 144 50.7614
120 144 134.228
123 144 50.7614
124 144 50.7614
159 144 134.228
163 144 101.01
172 144 134.228
197 144 57.971
204 144 80.9717
205 144 80.9717
217 144 67.5676
230 144 80.9717
231 144 80.9717
241 144 80.9717
304 144 67.5676
305 144 67.5676
312 144 200
315 144 80.9717
316 144 67.5676
320 144 36.9686
324 144 25.4453
327 144 80.9717
350 144 50.7614
360 144 16.9779
380 144 200
385 144 57.971
398 144 101.01
409 144 45.1467
410 144 45.1467
613 144 29.0698
619 144 29.0698
89 145 50.7614
120 145 134.228
163 145 101.01
172 145 134.228
197 145 57.971
205 145 80.9717
217 145 67.5676
230 145 80.9717
231 145 80.9717
304 145 57.971
310 145 200
313 145 200
315 145 80.9717
316 145 67.5676
324 145 25.4453
350 145 50.7614
360 145 16.9779
370 145 67.5676
384 145 57.971
385 145 57.971
396 145 134.228
397 145 101.01
409 145 45.1467
410 145 45.1467
411 145 45.1467
526 145 20.3666
613 145 29.0698
625 145 29.0698
58 146 45.1467
163 146 101.01
171 146 134.228
205 146 80.9717
304 146 67.5676
316 146 67.5676
320 146 36.9686
344 146 80.9717
360 146 16.9779
384 146 57.971
385 146 57.971
396 146 134.228
409 146 45.1467
451 146 29.0698
452 146 29.0698
602 146 31.2989
603 146 31.2989
613 146 29.0698
619 146 29.0698
620 146 29.0698
621 146 29.0698
58 147 45.1467
81 147 50.7614
121 147 134.228
162 147 101.01
173 147 67.5676
205 147 80.9717
305 147 67.5676
316 147 67.5676
317 147 67.5676
320 147 36.9686
384 147 67.5676
385 147 67.5676
395 147 134.228
408 147 50.7614
409 147 50.7614
602 147 29.0698
603 147 29.0698
612 147 29.0698
613 147 29.0698
618 147 29.0698
619 147 29.0698
620 147 29.0698
637 147 200
35 148 45.1467
57 148 45.1467
81 148 50.7614
104 148 50.7614
162 148 101.01
174 148 67.5676
205 148 80.9717
233 148 80.9717
241 148 101.01
305 148 67.5676
307 148 57.971
316 148 67.5676
317 148 67.5676
321 148 36.9686
327 148 80.9717
336 148 9.26784
353 148 8.15661
359 148 80.9717
384 148 67.5676
385 148 67.5676
602 148 29.0698
603 148 29.0698
92 149 45.1467
104 149 50.7614
120 149 134.228
121 149 134.228
162 149 101.01
169 149 134.228
174 149 67.5676
205 149 80.9717
206 149 80.9717
240 149 101.01
241 149 101.01
312 149 29.0698
317 149 67.5676
321 149 40.6504
345 149 67.5676
349 149 36.9686
359 149 80.9717
384 149 67.5676
385 149 67.5676
398 149 101.01
405 149 80.9717
434 149 40.6504
450 149 31.2989
451 149 31.2989
597 149 31.2989
603 149 29.0698
57 150 45.1467
78 150 45.1467
91 150 45.1467
92 150 45.1467
102 150 50.7614
117 150 101.01
121 150 134.228
168 150 200
196 150 57.971
205 150 80.9717
231 150 80.9717
240 150 101.01
317 150 67.5676
318 150 67.5676
321 150 40.6504
344 150 67.5676
345 150 67.5676
358 150 80.9717
359 150 80.9717
384 150 67.5676
386 150 67.5676
404 150 101.01
527 150 20.3666
588 150 31.2989
597 150 31.2989
598 150 31.2989
54 151 45.1467
78 151 45.1467
102 151 50.7614
117 151 101.01
118 151 101.01
168 151 200
173 151 134.228
196 151 57.971
205 151 80.9717
231 151 80.9717
240 151 101.01
285 151 80.9717
317 151 67.5676
318 151 67.5676
321 151 40.6504
326 151 25.4453
331 151 19.3986
343 151 67.5676
346 151 57.971
356 151 80.9717
357 151 80.9717
384 151 67.5676
385 151 67.5676
386 151 67.5676
402 151 134.228
403 151 134.228
527 151 20.3666
588 151 31.2989
597 151 31.2989
598 151 31.2989
602 151 31.2989
603 151 31.2989
630 151 27.137
631 151 27.137
632 151 27.137
102 152 50.7614
165 152 134.228
168 152 134.228
196 152 57.971
205 152 80.9717
231 152 101.01
284 152 80.9717
307 152 67.5676
318 152 67.5676
321 152 45.1467
329 152 21.4362
331 152 21.4362
336 152 14.556
341 152 80.9717
342 152 80.9717
346 152 57.971
352 152 29.0698
356 152 80.9717
401 152 134.228
402 152 134.228
527 152 21.4362
588 152 31.2989
597 152 31.2989
601 152 31.2989
602 152 31.2989
603 152 31.2989
630 152 27.137
631 152 27.137
632 152 27.137
73 153 45.1467
89 153 45.1467
101 153 50.7614
102 153 50.7614
121 153 134.228
165 153 134.228
206 153 80.9717
240 153 80.9717
273 153 80.9717
289 153 67.5676
308 153 67.5676
318 153 67.5676
319 153 67.5676
329 153 21.4362
331 153 21.4362
341 153 80.9717
342 153 80.9717
346 153 10.1937
352 153 29.0698
380 153 200
401 153 134.228
406 153 50.7614
490 153 80.9717
588 153 31.2989
72 154 45.1467
101 154 50.7614
121 154 101.01
191 154 57.971
206 154 80.9717
230 154 101.01
231 154 101.01
308 154 67.5676
318 154 67.5676
319 154 67.5676
325 154 31.2989
329 154 21.4362
340 154 80.9717
345 154 67.5676
352 154 31.2989
383 154 80.9717
453 154 40.6504
459 154 31.2989
529 154 20.3666
530 154 20.3666
575 154 33.8983
583 154 33.8983
584 154 33.8983
588 154 31.2989
616 154 29.0698
621 154 29.0698
625 154 29.0698
626 154 29.0698
72 155 45.1467
79 155 45.1467
100 155 50.7614
191 155 57.971
206 155 80.9717
207 155 80.9717
219 155 80.9717
230 155 101.01
231 155 101.01
240 155 80.9717
265 155 200
296 155 67.5676
297 155 67.5676
319 155 80.9717
345 155 80.9717
351 155 67.5676
352 155 67.5676
357 155 20.3666
360 155 17.7148
361 155 17.7148
383 155 80.9717
385 155 57.971
458 155 31.2989
529 155 20.3666
530 155 20.3666
531 155 20.3666
574 155 33.8983
575 155 33.8983
576 155 33.8983
583 155 33.8983
584 155 33.8983
588 155 31.2989
624 155 29.0698
625 155 29.0698
626 155 29.0698
118 156 101.01
119 156 101.01
124 156 134.228
174 156 134.228
207 156 80.9717
234 156 80.9717
240 156 101.01
265 156 200
297 156 67.5676
319 156 67.5676
320 156 67.5676
330 156 22.6244
345 156 80.9717
351 156 67.5676
352 156 67.5676
360 156 17.7148
382 156 101.01
385 156 57.971
386 156 50.7614
389 156 45.1467
435 156 67.5676
530 156 20.3666
531 156 20.3666
575 156 33.8983
576 156 33.8983
586 156 31.2989
587 156 31.2989
588 156 31.2989
611 156 31.2989
612 156 29.0698
613 156 29.0698
614 156 29.0698
615 156 29.0698
626 156 29.0698
59 157 45.1467
65 157 45.1467
88 157 45.1467
119 157 101.01
124 157 134.228
125 157 134.228
207 157 80.9717
231 157 101.01
234 157 80.9717
310 157 80.9717
319 157 67.5676
323 157 40.6504
336 157 80.9717
337 157 80.9717
350 157 67.5676
351 157 67.5676
381 157 200
385 157 57.971
386 157 57.971
427 157 40.6504
431 157 29.0698
432 157 29.0698
453 157 57.971
465 157 21.4362
530 157 20.3666
552 157 40.6504
571 157 33.8983
575 157 33.8983
613 157 29.0698
626 157 29.0698
65 158 45.1467
79 158 45.1467
100 158 57.971
119 158 101.01
120 158 101.01
124 158 134.228
207 158 80.9717
251 158 134.228
308 158 80.9717
309 158 80.9717
320 158 67.5676
323 158 40.6504
335 158 80.9717
336 158 80.9717
381 158 200
386 158 50.7614
387 158 50.7614
406 158 16.9779
426 158 40.6504
427 158 40.6504
452 158 57.971
453 158 57.971
465 158 21.4362
530 158 20.3666
563 158 36.9686
564 158 36.9686
571 158 33.8983
601 158 29.0698
604 158 31.2989
626 158 29.0698
37 159 40.6504
57 159 45.1467
65 159 45.1467
100 159 57.971
119 159 101.01
120 159 101.01
207 159 80.9717
221 159 67.5676
251 159 134.228
252 159 134.228
320 159 67.5676
323 159 40.6504
334 159 80.9717
335 159 80.9717
346 159 80.9717
351 159 40.6504
354 159 27.137
359 159 101.01
386 159 50.7614
405 159 16.9779
451 159 57.971
452 159 57.971
453 159 57.971
506 159 134.228
530 159 20.3666
563 159 36.9686
564 159 36.9686
571 159 33.8983
575 159 33.8983
609 159 31.2989
626 159 29.0698
97 160 50.7614
206 160 80.9717
207 160 80.9717
221 160 67.5676
230 160 80.9717
251 160 134.228
303 160 80.9717
304 160 80.9717
305 160 80.9717
314 160 101.01
319 160 67.5676
320 160 67.5676
323 160 40.6504
330 160 22.6244
344 160 80.9717
346 160 80.9717
358 160 101.01
383 160 200
502 160 200
529 160 20.3666
530 160 20.3666
563 160 36.9686
564 160 36.9686
575 160 33.8983
596 160 31.2989
597 160 31.2989
598 160 31.2989
599 160 31.2989
609 160 31.2989
610 160 31.2989
626 160 29.0698
57 161 45.1467
77 161 50.7614
97 161 50.7614
118 161 101.01
197 161 57.971
206 161 80.9717
207 161 80.9717
230 161 80.9717
242 161 101.01
251 161 134.228
256 161 134.228
304 161 80.9717
305 161 80.9717
310 161 67.5676
319 161 67.5676
320 161 67.5676
323 161 40.6504
329 161 67.5676
344 161 80.9717
346 161 80.9717
350 161 40.6504
354 161 27.137
409 161 33.8983
415 161 40.6504
529 161 20.3666
553 161 36.9686
554 161 36.9686
559 161 36.9686
563 161 36.9686
564 161 36.9686
595 161 33.8983
596 161 31.2989
597 161 31.2989
598 161 31.2989
609 161 31.2989
610 161 31.2989
626 161 29.0698
627 161 29.0698
637 161 27.137
45 162 45.1467
117 162 101.01
118 162 101.01
197 162 57.971
206 162 80.9717
207 162 80.9717
230 162 80.9717
251 162 134.228
282 162 134.228
283 162 134.228
288 162 40.6504
289 162 40.6504
313 162 67.5676
319 162 80.9717
320 162 80.9717
323 162 40.6504
331 162 67.5676
408 162 33.8983
409 162 33.8983
476 162 80.9717
553 162 36.9686
554 162 36.9686
559 162 36.9686
609 162 31.2989
610 162 31.2989
626 162 29.0698
627 162 29.0698
44 163 45.1467
45 163 45.1467
53 163 45.1467
63 163 45.1467
76 163 50.7614
89 163 50.7614
117 163 101.01
206 163 80.9717
207 163 80.9717
231 163 80.9717
251 163 134.228
283 163 134.228
319 163 80.9717
320 163 80.9717
330 163 67.5676
331 163 67.5676
344 163 80.9717
378 163 101.01
401 163 101.01
436 163 57.971
437 163 57.971
446 163 101.01
447 163 101.01
530 163 20.3666
553 163 36.9686
554 163 36.9686
594 163 33.8983
595 163 33.8983
609 163 31.2989
610 163 31.2989
626 163 29.0698
637 163 27.137
63 164 45.1467
68 164 57.971
76 164 50.7614
89 164 50.7614
108 164 57.971
109 164 57.971
114 164 101.01
206 164 80.9717
223 164 101.01
251 164 134.228
283 164 134.228
315 164 101.01
319 164 80.9717
330 164 67.5676
400 164 101.01
401 164 101.01
414 164 36.9686
436 164 57.971
450 164 50.7614
451 164 50.7614
543 164 40.6504
544 164 40.6504
553 164 36.9686
582 164 33.8983
583 164 33.8983
584 164 33.8983
594 164 33.8983
595 164 33.8983
609 164 31.2989
610 164 31.2989
637 164 27.137
76 165 50.7614
108 165 57.971
109 165 57.971
206 165 80.9717
223 165 101.01
283 165 134.228
301 165 200
310 165 80.9717
311 165 80.9717
319 165 80.9717
329 165 80.9717
352 165 31.2989
419 165 45.1467
531 165 20.3666
543 165 40.6504
544 165 40.6504
553 165 36.9686
594 165 33.8983
595 165 33.8983
609 165 31.2989
610 165 31.2989
637 165 27.137
82 166 50.7614
117 166 134.228
242 166 101.01
282 166 134.228
283 166 134.228
301 166 200
316 166 200
349 166 45.1467
352 166 33.8983
386 166 50.7614
419 166 45.1467
452 166 50.7614
453 166 50.7614
530 166 20.3666
531 166 20.3666
552 166 36.9686
553 166 36.9686
581 166 33.8983
594 166 33.8983
595 166 33.8983
609 166 31.2989
610 166 31.2989
626 166 29.0698
627 166 29.0698
207 167 80.9717
223 167 101.01
229 167 101.01
282 167 134.228
283 167 134.228
301 167 200
307 167 200
323 167 200
343 167 200
346 167 80.9717
349 167 45.1467
352 167 33.8983
414 167 101.01
419 167 45.1467
420 167 45.1467
425 167 27.137
452 167 50.7614
514 167 67.5676
531 167 20.3666
535 167 40.6504
570 167 36.9686
571 167 36.9686
572 167 36.9686
581 167 33.8983
582 167 33.8983
594 167 33.8983
595 167 33.8983
626 167 29.0698
627 167 29.0698
631 167 27.137
637 167 27.137
38 168 40.6504
118 168 101.01
207 168 80.9717
229 168 101.01
295 168 200
301 168 200
323 168 200
324 168 200
327 168 67.5676
335 168 80.9717
340 168 36.9686
341 168 36.9686
346 168 80.9717
352 168 50.7614
414 168 101.01
419 168 45.1467
425 168 27.137
535 168 40.6504
544 168 40.6504
570 168 36.9686
571 168 36.9686
594 168 33.8983
595 168 33.8983
626 168 29.0698
627 168 29.0698
59 169 45.1467
75 169 45.1467
98 169 50.7614
118 169 101.01
119 169 101.01
206 169 80.9717
207 169 80.9717
220 169 67.5676
230 169 80.9717
295 169 200
301 169 200
323 169 200
335 169 80.9717
336 169 80.9717
346 169 80.9717
351 169 45.1467
352 169 50.7614
354 169 50.7614
414 169 101.01
421 169 40.6504
535 169 40.6504
543 169 40.6504
581 169 33.8983
594 169 33.8983
595 169 33.8983
626 169 29.0698
627 169 29.0698
83 170 50.7614
110 170 67.5676
119 170 101.01
120 170 101.01
207 170 80.9717
220 170 67.5676
230 170 80.9717
231 170 80.9717
295 170 200
301 170 200
334 170 80.9717
335 170 80.9717
346 170 80.9717
385 170 67.5676
386 170 67.5676
421 170 40.6504
524 170 21.4362
559 170 36.9686
560 170 36.9686
561 170 36.9686
569 170 36.9686
581 170 33.8983
609 170 31.2989
610 170 31.2989
626 170 29.0698
627 170 29.0698
631 170 27.137
72 171 45.1467
110 171 67.5676
119 171 101.01
120 171 101.01
207 171 80.9717
231 171 80.9717
232 171 80.9717
249 171 134.228
294 171 200
295 171 200
302 171 200
333 171 80.9717
334 171 80.9717
346 171 80.9717
347 171 80.9717
385 171 67.5676
420 171 40.6504
421 171 40.6504
422 171 40.6504
424 171 36.9686
425 171 31.2989
506 171 67.5676
508 171 67.5676
524 171 21.4362
525 171 21.4362
535 171 40.6504
569 171 36.9686
581 171 33.8983
609 171 31.2989
610 171 31.2989
626 171 29.0698
627 171 29.0698
631 171 27.137
72 172 45.1467
94 172 50.7614
110 172 67.5676
207 172 80.9717
231 172 80.9717
232 172 80.9717
249 172 134.228
253 172 134.228
266 172 101.01
294 172 200
331 172 101.01
332 172 80.9717
385 172 67.5676
420 172 40.6504
421 172 40.6504
422 172 40.6504
495 172 101.01
496 172 101.01
524 172 21.4362
525 172 21.4362
530 172 20.3666
550 172 36.9686
551 172 36.9686
558 172 40.6504
559 172 36.9686
569 172 36.9686
581 172 33.8983
582 172 33.8983
609 172 31.2989
610 172 31.2989
619 172 29.0698
626 172 29.0698
627 172 29.0698
631 172 27.137
71 173 45.1467
109 173 67.5676
207 173 80.9717
232 173 80.9717
249 173 134.228
253 173 134.228
266 173 101.01
269 173 200
270 173 134.228
351 173 80.9717
366 173 14.556
381 173 200
509 173 50.7614
525 173 20.3666
549 173 36.9686
550 173 36.9686
551 173 36.9686
595 173 31.2989
609 173 31.2989
610 173 31.2989
626 173 29.0698
627 173 29.0698
71 174 45.1467
110 174 67.5676
204 174 80.9717
227 174 200
246 174 134.228
249 174 134.228
253 174 134.228
266 174 134.228
269 174 200
270 174 134.228
272 174 134.228
281 174 134.228
318 174 80.9717
337 174 80.9717
452 174 57.971
504 174 57.971
506 174 57.971
509 174 67.5676
570 174 33.8983
594 174 31.2989
595 174 31.2989
609 174 29.0698
610 174 29.0698
626 174 29.0698
627 174 29.0698
631 174 27.137
79 175 50.7614
80 175 50.7614
81 175 50.7614
92 175 50.7614
111 175 67.5676
227 175 200
249 175 134.228
253 175 134.228
266 175 134.228
269 175 200
270 175 134.228
272 175 134.228
281 175 134.228
318 175 80.9717
386 175 67.5676
421 175 36.9686
425 175 29.0698
433 175 80.9717
500 175 200
504 175 57.971
506 175 57.971
522 175 22.6244
524 175 20.3666
539 175 40.6504
540 175 40.6504
541 175 40.6504
548 175 40.6504
570 175 33.8983
595 175 31.2989
609 175 29.0698
610 175 29.0698
626 175 29.0698
627 175 29.0698
50 176 40.6504
68 176 45.1467
110 176 67.5676
227 176 200
249 176 134.228
253 176 134.228
265 176 134.228
266 176 134.228
269 176 200
270 176 134.228
272 176 134.228
281 176 134.228
286 176 134.228
288 176 134.228
319 176 80.9717
323 176 36.9686
328 176 67.5676
365 176 200
431 176 80.9717
512 176 50.7614
520 176 25.4453
539 176 40.6504
540 176 40.6504
558 176 36.9686
581 176 33.8983
595 176 31.2989
610 176 29.0698
24 177 80.9717
64 177 50.7614
68 177 45.1467
112 177 80.9717
203 177 134.228
205 177 134.228
227 177 200
249 177 134.228
253 177 134.228
269 177 200
270 177 134.228
272 177 134.228
281 177 134.228
296 177 134.228
298 177 134.228
311 177 200
319 177 80.9717
323 177 80.9717
348 177 12.3533
420 177 36.9686
421 177 36.9686
452 177 45.1467
532 177 40.6504
533 177 40.6504
558 177 36.9686
581 177 33.8983
582 177 33.8983
595 177 31.2989
609 177 29.0698
610 177 29.0698
632 177 27.137
24 178 80.9717
112 178 101.01
114 178 134.228
203 178 134.228
227 178 200
246 178 101.01
273 178 67.5676
281 178 134.228
296 178 134.228
298 178 134.228
311 178 200
318 178 80.9717
319 178 80.9717
323 178 134.228
326 178 67.5676
348 178 80.9717
420 178 40.6504
421 178 40.6504
453 178 45.1467
454 178 45.1467
514 178 45.1467
530 178 45.1467
531 178 40.6504
532 178 40.6504
581 178 33.8983
595 178 31.2989
609 178 29.0698
610 178 29.0698
619 178 29.0698
52 179 50.7614
63 179 50.7614
111 179 80.9717
112 179 101.01
113 179 101.01
114 179 134.228
227 179 200
245 179 101.01
246 179 101.01
281 179 134.228
286 179 134.228
296 179 134.228
311 179 200
319 179 80.9717
323 179 134.228
325 179 80.9717
326 179 67.5676
328 179 67.5676
338 179 14.0548
347 179 80.9717
417 179 57.971
451 179 57.971
452 179 45.1467
504 179 57.971
505 179 50.7614
508 179 45.1467
510 179 45.1467
511 179 50.7614
512 179 45.1467
570 179 33.8983
581 179 33.8983
595 179 31.2989
619 179 29.0698
51 180 50.7614
52 180 50.7614
110 180 80.9717
111 180 101.01
179 180 67.5676
205 180 134.228
221 180 134.228
227 180 200
235 180 80.9717
244 180 101.01
245 180 101.01
285 180 200
288 180 134.228
296 180 134.228
311 180 200
318 180 80.9717
319 180 80.9717
323 180 134.228
338 180 14.0548
347 180 80.9717
417 180 57.971
448 180 57.971
504 180 57.971
507 180 50.7614
512 180 45.1467
570 180 33.8983
581 180 33.8983
594 180 31.2989
595 180 31.2989
596 180 31.2989
614 180 29.0698
615 180 29.0698
61 181 50.7614
62 181 50.7614
86 181 57.971
110 181 101.01
111 181 101.01
204 181 101.01
235 181 80.9717
244 181 101.01
296 181 134.228
298 181 134.228
311 181 200
318 181 80.9717
319 181 80.9717
347 181 80.9717
348 181 80.9717
351 181 45.1467
352 181 45.1467
356 181 36.9686
425 181 27.137
462 181 29.0698
466 181 23.9521
504 181 57.971
505 181 50.7614
507 181 50.7614
570 181 33.8983
581 181 33.8983
22 182 101.01
85 182 57.971
86 182 57.971
106 182 101.01
107 182 101.01
196 182 67.5676
204 182 101.01
234 182 80.9717
235 182 80.9717
244 182 80.9717
318 182 80.9717
319 182 80.9717
320 182 80.9717
325 182 67.5676
326 182 31.2989
347 182 80.9717
348 182 80.9717
351 182 40.6504
356 182 36.9686
415 182 67.5676
420 182 40.6504
496 182 67.5676
497 182 67.5676
504 182 57.971
505 182 50.7614
570 182 33.8983
582 182 33.8983
620 182 29.0698
621 182 29.0698
63 183 45.1467
70 183 45.1467
107 183 101.01
186 183 57.971
196 183 67.5676
234 183 80.9717
235 183 80.9717
305 183 134.228
319 183 80.9717
320 183 80.9717
325 183 31.2989
326 183 31.2989
338 183 134.228
351 183 40.6504
356 183 36.9686
366 183 200
399 183 67.5676
400 183 67.5676
408 183 101.01
420 183 40.6504
443 183 50.7614
570 183 33.8983
573 183 29.0698
613 183 29.0698
63 184 45.1467
70 184 45.1467
196 184 67.5676
234 184 80.9717
235 184 80.9717
243 184 101.01
305 184 200
318 184 80.9717
319 184 80.9717
325 184 31.2989
350 184 40.6504
351 184 40.6504
365 184 200
398 184 67.5676
399 184 67.5676
408 184 101.01
570 184 33.8983
63 185 45.1467
196 185 67.5676
235 185 80.9717
242 185 101.01
247 185 134.228
254 185 134.228
266 185 200
267 185 200
305 185 200
318 185 80.9717
319 185 80.9717
331 185 19.3986
345 185 101.01
346 185 101.01
350 185 40.6504
351 185 40.6504
365 185 200
376 185 9.70874
399 185 67.5676
570 185 33.8983
604 185 29.0698
63 186 45.1467
73 186 45.1467
105 186 67.5676
107 186 134.228
186 186 57.971
196 186 67.5676
235 186 80.9717
247 186 134.228
254 186 134.228
266 186 200
267 186 200
272 186 200
273 186 200
305 186 200
318 186 80.9717
319 186 80.9717
331 186 134.228
345 186 80.9717
346 186 80.9717
349 186 40.6504
350 186 40.6504
532 186 20.3666
576 186 33.8983
52 187 50.7614
53 187 50.7614
63 187 45.1467
64 187 45.1467
103 187 57.971
104 187 57.971
107 187 134.228
196 187 67.5676
211 187 80.9717
229 187 134.228
235 187 80.9717
247 187 134.228
254 187 134.228
266 187 200
267 187 200
273 187 200
276 187 134.228
285 187 134.228
311 187 134.228
318 187 80.9717
319 187 80.9717
345 187 80.9717
346 187 80.9717
349 187 40.6504
354 187 25.4453
358 187 20.3666
359 187 20.3666
373 187 101.01
381 187 33.8983
382 187 33.8983
391 187 80.9717
392 187 80.9717
394 187 134.228
430 187 40.6504
492 187 101.01
493 187 101.01
528 187 20.3666
559 187 36.9686
63 188 45.1467
64 188 45.1467
196 188 67.5676
210 188 80.9717
235 188 80.9717
247 188 134.228
254 188 134.228
266 188 200
273 188 200
276 188 134.228
285 188 134.228
287 188 134.228
311 188 134.228
331 188 200
332 188 200
335 188 57.971
345 188 80.9717
346 188 101.01
349 188 45.1467
354 188 25.4453
358 188 20.3666
359 188 20.3666
373 188 101.01
380 188 33.8983
391 188 80.9717
398 188 80.9717
399 188 67.5676
430 188 40.6504
533 188 20.3666
196 189 67.5676
235 189 80.9717
247 189 134.228
254 189 134.228
266 189 200
267 189 200
273 189 200
276 189 134.228
285 189 134.228
302 189 134.228
310 189 80.9717
331 189 200
335 189 57.971
340 189 200
341 189 200
348 189 45.1467
349 189 40.6504
358 189 25.4453
359 189 25.4453
395 189 134.228
396 189 101.01
397 189 80.9717
398 189 80.9717
399 189 67.5676
403 189 40.6504
430 189 40.6504
437 189 80.9717
464 189 80.9717
465 189 80.9717
511 189 80.9717
526 189 20.3666
59 190 40.6504
70 190 45.1467
111 190 134.228
186 190 57.971
196 190 67.5676
220 190 134.228
235 190 80.9717
247 190 134.228
266 190 200
267 190 200
273 190 200
276 190 134.228
285 190 200
302 190 134.228
310 190 80.9717
319 190 67.5676
331 190 200
339 190 200
340 190 200
348 190 40.6504
349 190 40.6504
352 190 25.4453
358 190 134.228
362 190 57.971
366 190 134.228
396 190 101.01
397 190 80.9717
398 190 80.9717
399 190 67.5676
400 190 67.5676
403 190 40.6504
404 190 40.6504
525 190 20.3666
526 190 20.3666
196 191 67.5676
220 191 134.228
235 191 80.9717
247 191 134.228
273 191 200
276 191 134.228
285 191 200
302 191 134.228
311 191 31.2989
319 191 67.5676
330 191 200
338 191 200
339 191 200
340 191 200
348 191 31.2989
349 191 31.2989
352 191 22.6244
358 191 200
366 191 134.228
380 191 101.01
382 191 101.01
496 191 36.9686
505 191 40.6504
525 191 20.3666
526 191 20.3666
565 191 36.9686
54 192 45.1467
59 192 40.6504
60 192 40.6504
85 192 67.5676
196 192 67.5676
207 192 80.9717
235 192 80.9717
285 192 200
302 192 134.228
310 192 80.9717
311 192 80.9717
319 192 67.5676
324 192 67.5676
331 192 31.2989
337 192 200
338 192 200
339 192 200
351 192 27.137
365 192 134.228
366 192 134.228
379 192 101.01
380 192 101.01
412 192 45.1467
494 192 36.9686
495 192 36.9686
496 192 36.9686
525 192 20.3666
526 192 20.3666
33 193 40.6504
54 193 45.1467
59 193 45.1467
60 193 45.1467
85 193 67.5676
106 193 101.01
196 193 67.5676
207 193 80.9717
235 193 80.9717
285 193 200
295 193 134.228
302 193 200
303 193 200
310 193 80.9717
311 193 80.9717
319 193 67.5676
324 193 67.5676
365 193 134.228
366 193 134.228
379 193 101.01
380 193 101.01
403 193 67.5676
408 193 80.9717
409 193 80.9717
410 193 45.1467
470 193 80.9717
486 193 40.6504
487 193 40.6504
54 194 45.1467
108 194 101.01
109 194 134.228
196 194 67.5676
234 194 80.9717
235 194 80.9717
302 194 200
303 194 200
311 194 80.9717
318 194 67.5676
319 194 67.5676
323 194 67.5676
324 194 67.5676
397 194 200
399 194 134.228
400 194 101.01
401 194 101.01
486 194 40.6504
526 194 20.3666
89 195 101.01
192 195 67.5676
196 195 67.5676
234 195 80.9717
235 195 80.9717
238 195 80.9717
311 195 80.9717
315 195 200
318 195 67.5676
319 195 67.5676
324 195 36.9686
340 195 200
341 195 200
373 195 134.228
374 195 134.228
399 195 134.228
400 195 101.01
401 195 101.01
402 195 80.9717
408 195 80.9717
525 195 20.3666
526 195 20.3666
89 196 101.01
96 196 200
97 196 200
104 196 101.01
192 196 67.5676
211 196 80.9717
233 196 80.9717
234 196 80.9717
238 196 80.9717
315 196 200
318 196 80.9717
319 196 80.9717
331 196 27.137
340 196 200
341 196 200
342 196 200
357 196 20.3666
367 196 13.587
39 197 40.6504
77 197 45.1467
92 197 134.228
93 197 134.228
138 197 50.7614
234 197 80.9717
238 197 80.9717
280 197 134.228
318 197 80.9717
319 197 80.9717
323 197 67.5676
327 197 23.9521
331 197 27.137
340 197 200
342 197 200
356 197 20.3666
357 197 20.3666
365 197 13.587
366 197 13.587
460 197 29.0698
77 198 45.1467
194 198 134.228
212 198 67.5676
234 198 80.9717
235 198 80.9717
251 198 134.228
252 198 134.228
264 198 134.228
272 198 29.0698
280 198 134.228
281 198 134.228
311 198 134.228
312 198 134.228
323 198 67.5676
347 198 4.34028
365 198 13.587
395 198 50.7614
398 198 45.1467
199 199 101.01
234 199 80.9717
235 199 80.9717
251 199 134.228
252 199 134.228
264 199 134.228
266 199 134.228
267 199 134.228
280 199 134.228
281 199 134.228
311 199 134.228
312 199 134.228
324 199 67.5676
331 199 27.137
359 199 20.3666
365 199 14.556
199 200 101.01
212 200 67.5676
235 200 80.9717
240 200 134.228
252 200 134.228
264 200 134.228
266 200 134.228
267 200 134.228
280 200 134.228
281 200 134.228
285 200 40.6504
286 200 40.6504
292 200 21.4362
295 200 134.228
306 200 134.228
324 200 67.5676
359 200 20.3666
363 200 14.556
364 200 14.556
425 200 33.8983
426 200 33.8983
42 201 45.1467
43 201 45.1467
77 201 45.1467
118 201 57.971
195 201 101.01
212 201 67.5676
235 201 80.9717
240 201 134.228
252 201 134.228
264 201 134.228
267 201 134.228
280 201 134.228
281 201 134.228
287 201 134.228
295 201 134.228
298 201 200
299 201 200
306 201 134.228
307 201 134.228
323 201 67.5676
324 201 67.5676
344 201 101.01
345 201 101.01
356 201 20.3666
357 201 20.3666
363 201 14.556
387 201 7.28332
393 201 40.6504
425 201 33.8983
426 201 33.8983
427 201 33.8983
524 201 21.4362
525 201 21.4362
526 201 21.4362
77 202 45.1467
195 202 101.01
198 202 101.01
203 202 200
204 202 200
212 202 67.5676
240 202 134.228
251 202 134.228
252 202 134.228
264 202 134.228
266 202 134.228
267 202 134.228
281 202 134.228
295 202 134.228
318 202 80.9717
323 202 80.9717
335 202 134.228
336 202 134.228
343 202 101.01
344 202 101.01
345 202 101.01
356 202 20.3666
357 202 20.3666
366 202 13.587
427 202 33.8983
198 203 134.228
212 203 67.5676
240 203 134.228
252 203 134.228
264 203 134.228
266 203 134.228
267 203 134.228
272 203 101.01
281 203 134.228
287 203 134.228
295 203 134.228
305 203 134.228
318 203 80.9717
334 203 134.228
335 203 134.228
343 203 101.01
344 203 101.01
345 203 101.01
357 203 21.4362
365 203 13.587
366 203 13.587
403 203 33.8983
404 203 33.8983
411 203 20.3666
417 203 33.8983
427 203 31.2989
212 204 67.5676
240 204 134.228
267 204 134.228
272 204 101.01
280 204 134.228
281 204 134.228
295 204 134.228
305 204 134.228
306 204 134.228
344 204 101.01
345 204 101.01
356 204 21.4362
357 204 21.4362
363 204 14.556
364 204 13.587
365 204 13.587
369 204 45.1467
372 204 31.2989
375 204 25.4453
376 204 25.4453
395 204 10.1937
403 204 33.8983
404 204 33.8983
428 204 31.2989
524 204 20.3666
528 204 17.7148
212 205 67.5676
234 205 200
240 205 134.228
272 205 101.01
280 205 134.228
281 205 134.228
295 205 134.228
304 205 134.228
305 205 134.228
306 205 134.228
344 205 80.9717
345 205 80.9717
356 205 21.4362
362 205 200
369 205 45.1467
384 205 7.69527
385 205 7.69527
391 205 16.9779
400 205 200
403 205 33.8983
428 205 33.8983
524 205 20.3666
525 205 20.3666
212 206 67.5676
280 206 134.228
281 206 134.228
344 206 80.9717
356 206 21.4362
378 206 45.1467
379 206 45.1467
403 206 33.8983
71 207 45.1467
98 207 50.7614
212 207 80.9717
235 207 101.01
237 207 80.9717
260 207 134.228
261 207 134.228
278 207 200
280 207 200
291 207 134.228
325 207 134.228
334 207 31.2989
344 207 80.9717
355 207 21.4362
356 207 21.4362
378 207 45.1467
379 207 45.1467
392 207 16.9779
393 207 16.9779
394 207 16.2999
402 207 33.8983
403 207 33.8983
410 207 19.3986
411 207 19.3986
412 207 19.3986
428 207 33.8983
466 207 29.0698
98 208 50.7614
200 208 200
212 208 80.9717
229 208 134.228
237 208 80.9717
260 208 134.228
261 208 134.228
291 208 134.228
317 208 80.9717
325 208 134.228
328 208 67.5676
333 208 31.2989
334 208 31.2989
342 208 101.01
344 208 80.9717
345 208 80.9717
348 208 45.1467
355 208 21.4362
359 208 17.7148
378 208 45.1467
392 208 16.2999
393 208 16.2999
402 208 33.8983
403 208 33.8983
409 208 33.8983
410 208 19.3986
411 208 19.3986
412 208 19.3986
428 208 33.8983
429 208 33.8983
37 209 40.6504
57 209 45.1467
94 209 45.1467
159 209 80.9717
189 209 80.9717
212 209 80.9717
260 209 134.228
291 209 134.228
316 209 67.5676
317 209 67.5676
325 209 134.228
328 209 67.5676
333 209 31.2989
336 209 101.01
338 209 101.01
342 209 101.01
343 209 101.01
344 209 101.01
345 209 80.9717
348 209 67.5676
378 209 45.1467
381 209 40.6504
388 209 20.3666
402 209 36.9686
403 209 36.9686
410 209 19.3986
411 209 19.3986
426 209 33.8983
429 209 33.8983
37 210 40.6504
45 210 40.6504
57 210 45.1467
94 210 45.1467
174 210 134.228
189 210 80.9717
212 210 80.9717
234 210 80.9717
235 210 80.9717
259 210 134.228
260 210 134.228
316 210 67.5676
325 210 134.228
328 210 67.5676
335 210 101.01
336 210 101.01
342 210 134.228
343 210 101.01
344 210 101.01
345 210 80.9717
349 210 45.1467
350 210 45.1467
354 210 134.228
356 210 134.228
357 210 134.228
363 210 33.8983
364 210 33.8983
37 211 40.6504
57 211 45.1467
128 211 80.9717
182 211 80.9717
212 211 80.9717
234 211 80.9717
235 211 80.9717
258 211 134.228
259 211 134.228
260 211 134.228
313 211 200
316 211 67.5676
336 211 101.01
349 211 67.5676
350 211 67.5676
353 211 200
354 211 134.228
355 211 134.228
356 211 134.228
359 211 200
360 211 134.228
362 211 80.9717
363 211 134.228
367 211 45.1467
373 211 23.9521
374 211 25.4453
532 211 18.5185
533 211 18.5185
37 212 40.6504
57 212 45.1467
165 212 101.01
181 212 80.9717
234 212 80.9717
242 212 134.228
243 212 134.228
258 212 134.228
259 212 134.228
313 212 200
316 212 67.5676
317 212 67.5676
333 212 134.228
334 212 134.228
350 212 67.5676
354 212 134.228
355 212 134.228
356 212 134.228
359 212 200
360 212 134.228
361 212 134.228
362 212 80.9717
363 212 134.228
380 212 40.6504
381 212 40.6504
382 212 15.674
383 212 15.674
384 212 15.0943
385 212 14.556
467 212 23.9521
468 212 23.9521
532 212 18.5185
57 213 45.1467
95 213 50.7614
212 213 101.01
220 213 200
226 213 200
234 213 101.01
243 213 134.228
258 213 134.228
271 213 134.228
313 213 200
316 213 67.5676
317 213 67.5676
324 213 67.5676
331 213 101.01
332 213 134.228
355 213 200
356 213 200
361 213 134.228
362 213 134.228
363 213 134.228
370 213 31.2989
371 213 25.4453
380 213 40.6504
381 213 40.6504
382 213 15.674
383 213 15.674
467 213 23.9521
468 213 23.9521
469 213 23.9521
470 213 22.6244
512 213 18.5185
513 213 17.7148
57 214 45.1467
95 214 50.7614
212 214 101.01
220 214 200
226 214 200
234 214 101.01
243 214 134.228
258 214 134.228
259 214 134.228
279 214 50.7614
295 214 101.01
418 214 29.0698
445 214 23.9521
450 214 18.5185
471 214 20.3666
508 214 20.3666
509 214 20.3666
510 214 19.3986
511 214 18.5185
512 214 18.5185
513 214 17.7148
514 214 17.7148
515 214 17.7148
32 215 40.6504
57 215 45.1467
160 215 80.9717
212 215 101.01
220 215 200
224 215 200
226 215 200
234 215 101.01
243 215 134.228
257 215 134.228
259 215 134.228
275 215 134.228
279 215 50.7614
295 215 101.01
399 215 33.8983
400 215 33.8983
417 215 29.0698
418 215 29.0698
444 215 23.9521
445 215 23.9521
446 215 23.9521
466 215 23.9521
467 215 23.9521
472 215 19.3986
505 215 18.5185
506 215 18.5185
32 216 40.6504
143 216 50.7614
160 216 80.9717
212 216 101.01
220 216 200
226 216 200
234 216 101.01
243 216 134.228
254 216 134.228
259 216 134.228
277 216 67.5676
417 216 29.0698
418 216 29.0698
445 216 23.9521
446 216 23.9521
467 216 23.9521
468 216 23.9521
472 216 19.3986
498 216 19.3986
499 216 19.3986
500 216 18.5185
501 216 18.5185
502 216 17.7148
532 216 16.2999
533 216 15.674
534 216 15.674
535 216 15.0943
536 216 14.556
3 217 31.2989
4 217 33.8983
5 217 36.9686
6 217 36.9686
9 217 67.5676
11 217 36.9686
12 217 36.9686
13 217 36.9686
14 217 40.6504
15 217 45.1467
16 217 50.7614
17 217 50.7614
32 217 40.6504
75 217 45.1467
160 217 80.9717
212 217 101.01
220 217 200
224 217 200
226 217 200
234 217 101.01
242 217 134.228
243 217 134.228
252 217 134.228
253 217 134.228
254 217 134.228
378 217 45.1467
379 217 45.1467
384 217 27.137
417 217 29.0698
445 217 23.9521
446 217 23.9521
467 217 23.9521
468 217 23.9521
473 217 19.3986
493 217 17.7148
494 217 17.7148
495 217 17.7148
520 217 18.5185
521 217 18.5185
522 217 18.5185
531 217 16.2999
532 217 16.2999
533 217 15.674
570 217 11.9904
634 217 10.1937
32 218 40.6504
60 218 45.1467
160 218 80.9717
212 218 101.01
220 218 200
224 218 200
226 218 200
378 218 45.1467
379 218 45.1467
400 218 31.2989
406 218 21.4362
427 218 200
445 218 23.9521
446 218 23.9521
467 218 23.9521
468 218 23.9521
469 218 23.9521
474 218 19.3986
478 218 15.674
479 218 15.674
493 218 17.7148
494 218 17.7148
518 218 19.3986
519 218 19.3986
521 218 18.5185
522 218 18.5185
563 218 13.587
564 218 13.1492
565 218 13.1492
566 218 13.1492
567 218 13.1492
637 218 9.48317
60 219 45.1467
160 219 80.9717
213 219 101.01
295 219 67.5676
366 219 67.5676
379 219 45.1467
391 219 17.7148
400 219 33.8983
406 219 21.4362
423 219 27.137
424 219 27.137
445 219 23.9521
446 219 23.9521
468 219 23.9521
469 219 23.9521
472 219 18.5185
478 219 15.0943
518 219 19.3986
519 219 19.3986
545 219 13.1492
546 219 13.1492
553 219 13.587
564 219 13.1492
565 219 13.1492
566 219 13.1492
573 219 15.0943
574 219 15.0943
60 220 45.1467
160 220 80.9717
394 220 57.971
400 220 33.8983
406 220 21.4362
419 220 29.0698
489 220 17.7148
517 220 19.3986
573 220 15.0943
574 220 15.0943
575 220 15.0943
576 220 14.556
634 220 9.70874
635 220 9.70874
160 221 80.9717
369 221 50.7614
370 221 50.7614
375 221 29.0698
395 221 50.7614
396 221 50.7614
400 221 33.8983
419 221 29.0698
420 221 29.0698
476 221 15.0943
477 221 15.0943
478 221 15.0943
516 221 19.3986
517 221 19.3986
544 221 13.1492
575 221 15.0943
576 221 14.556
577 221 14.556
578 221 14.0548
32 222 40.6504
135 222 50.7614
157 222 101.01
160 222 80.9717
182 222 57.971
183 222 57.971
369 222 50.7614
370 222 50.7614
371 222 50.7614
374 222 29.0698
375 222 29.0698
376 222 29.0698
379 222 29.0698
380 222 29.0698
396 222 36.9686
400 222 33.8983
401 222 33.8983
404 222 22.6244
419 222 29.0698
420 222 29.0698
425 222 22.6244
467 222 21.4362
468 222 21.4362
469 222 20.3666
470 222 19.3986
471 222 18.5185
508 222 20.3666
509 222 20.3666
510 222 20.3666
578 222 14.0548
579 222 13.587
584 222 14.556
625 222 10.1937
628 222 9.70874
635 222 9.70874
31 223 40.6504
32 223 40.6504
56 223 40.6504
152 223 101.01
182 223 57.971
277 223 50.7614
375 223 29.0698
379 223 31.2989
396 223 33.8983
401 223 31.2989
419 223 29.0698
420 223 27.137
422 223 27.137
423 223 22.6244
466 223 21.4362
467 223 21.4362
468 223 21.4362
469 223 20.3666
521 223 18.5185
528 223 13.587
529 223 13.587
581 223 13.587
616 223 14.0548
617 223 13.587
619 223 12.7389
620 223 12.3533
621 223 12.3533
623 223 10.7296
624 223 10.1937
625 223 10.1937
627 223 9.9453
628 223 9.70874
629 223 9.70874
635 223 9.70874
276 224 50.7614
277 224 50.7614
278 224 50.7614
385 224 40.6504
395 224 33.8983
396 224 33.8983
440 224 25.4453
441 224 25.4453
444 224 20.3666
460 224 18.5185
472 224 16.9779
473 224 16.9779
474 224 16.9779
520 224 18.5185
528 224 13.587
625 224 10.1937
628 224 9.9453
634 224 9.70874
635 224 9.70874
86 225 57.971
133 225 45.1467
274 225 57.971
275 225 50.7614
276 225 50.7614
380 225 101.01
384 225 40.6504
385 225 40.6504
386 225 40.6504
390 225 27.137
391 225 27.137
396 225 33.8983
397 225 33.8983
398 225 17.7148
402 225 23.9521
403 225 21.4362
453 225 23.9521
454 225 23.9521
476 225 16.2999
477 225 19.3986
480 225 16.9779
481 225 16.9779
538 225 14.556
562 225 13.1492
569 225 15.674
570 225 15.674
571 225 15.0943
628 225 9.9453
631 225 10.1937
633 225 9.70874
634 225 9.70874
133 226 45.1467
134 226 45.1467
272 226 67.5676
385 226 40.6504
397 226 31.2989
398 226 31.2989
403 226 21.4362
405 226 21.4362
452 226 23.9521
453 226 23.9521
454 226 23.9521
568 226 16.2999
569 226 15.674
570 226 15.674
571 226 15.0943
572 226 14.556
573 226 14.0548
629 226 10.1937
630 226 10.1937
631 226 10.1937
633 226 9.70874
634 226 9.70874
412 227 29.0698
424 227 25.4453
453 227 23.9521
454 227 23.9521
456 227 22.6244
457 227 20.3666
540 227 13.587
543 227 12.7389
572 227 14.556
573 227 14.0548
574 227 14.0548
575 227 13.587
629 227 10.1937
630 227 10.1937
633 227 9.9453
634 227 9.70874
338 228 80.9717
339 228 67.5676
341 228 45.1467
342 228 45.1467
388 228 36.9686
389 228 36.9686
390 228 33.8983
392 228 31.2989
393 228 29.0698
398 228 31.2989
399 228 31.2989
421 228 27.137
474 228 20.3666
475 228 20.3666
501 228 17.7148
507 228 17.7148
508 228 17.7148
514 228 17.7148
533 228 16.2999
540 228 13.1492
542 228 13.1492
543 228 12.7389
573 228 14.0548
574 228 14.0548
575 228 13.587
576 228 13.587
616 228 10.1937
617 228 10.1937
618 228 10.1937
619 228 9.9453
623 228 10.4548
624 228 10.1937
625 228 10.1937
626 228 10.1937
633 228 9.70874
3 229 36.9686
134 229 45.1467
341 229 45.1467
342 229 45.1467
389 229 36.9686
390 229 33.8983
392 229 31.2989
393 229 29.0698
398 229 33.8983
399 229 33.8983
400 229 33.8983
401 229 31.2989
404 229 22.6244
422 229 25.4453
481 229 15.0943
524 229 15.0943
576 229 13.587
577 229 13.1492
578 229 13.1492
624 229 10.1937
625 229 10.1937
626 229 10.1937
633 229 10.1937
3 230 36.9686
134 230 45.1467
259 230 40.6504
260 230 40.6504
398 230 33.8983
437 230 21.4362
468 230 20.3666
497 230 17.7148
502 230 17.7148
503 230 17.7148
579 230 12.7389
32 231 40.6504
397 231 33.8983
398 231 33.8983
415 231 29.0698
422 231 16.9779
424 231 16.9779
432 231 25.4453
433 231 23.9521
434 231 23.9521
435 231 23.9521
437 231 21.4362
438 231 20.3666
470 231 19.3986
471 231 17.7148
497 231 21.4362
503 231 17.7148
504 231 17.7148
516 231 16.2999
517 231 15.674
518 231 15.674
519 231 15.674
520 231 15.0943
121 232 45.1467
414 232 29.0698
415 232 29.0698
424 232 16.9779
434 232 23.9521
435 232 23.9521
438 232 20.3666
466 232 20.3666
467 232 20.3666
468 232 19.3986
470 232 17.7148
504 232 17.7148
517 232 15.674
518 232 15.674
519 232 15.674
520 232 15.0943
528 232 11.6482
529 232 11.6482
626 232 10.7296
627 232 10.4548
628 232 10.4548
629 232 10.1937
633 232 9.48317
634 232 9.26784
121 233 45.1467
338 233 50.7614
339 233 50.7614
341 233 36.9686
342 233 36.9686
401 233 200
402 233 33.8983
403 233 33.8983
404 233 33.8983
407 233 23.9521
414 233 29.0698
415 233 29.0698
424 233 16.9779
434 233 23.9521
438 233 19.3986
439 233 19.3986
468 233 19.3986
498 233 21.4362
499 233 21.4362
503 233 17.7148
504 233 17.7148
505 233 17.7148
571 233 13.1492
595 233 11.9904
596 233 11.6482
597 233 11.6482
598 233 11.325
599 233 11.0193
600 233 11.0193
601 233 10.7296
602 233 10.4548
623 233 11.6482
624 233 11.0193
625 233 10.7296
626 233 10.7296
627 233 10.4548
628 233 10.4548
629 233 10.1937
634 233 9.26784
245 234 36.9686
246 234 36.9686
339 234 50.7614
341 234 36.9686
342 234 36.9686
402 234 33.8983
403 234 33.8983
404 234 33.8983
407 234 23.9521
413 234 29.0698
414 234 29.0698
415 234 29.0698
417 234 27.137
424 234 16.9779
425 234 16.9779
434 234 23.9521
439 234 19.3986
469 234 17.7148
504 234 17.7148
505 234 17.7148
506 234 17.7148
511 234 14.556
563 234 13.1492
595 234 11.9904
596 234 11.6482
597 234 11.6482
598 234 11.325
627 234 10.4548
628 234 10.4548
629 234 10.1937
630 234 10.1937
631 234 9.9453
341 235 36.9686
342 235 36.9686
407 235 23.9521
414 235 29.0698
415 235 29.0698
417 235 27.137
424 235 16.9779
425 235 16.9779
433 235 25.4453
434 235 25.4453
435 235 25.4453
439 235 18.5185
462 235 22.6244
463 235 21.4362
464 235 21.4362
465 235 20.3666
510 235 14.556
563 235 13.1492
564 235 13.1492
629 235 10.1937
630 235 10.1937
631 235 10.1937
413 236 29.0698
414 236 29.0698
415 236 29.0698
425 236 16.2999
433 236 25.4453
434 236 25.4453
435 236 25.4453
455 236 36.9686
456 236 36.9686
457 236 29.0698
458 236 29.0698
459 236 27.137
460 236 27.137
461 236 23.9521
462 236 22.6244
463 236 21.4362
464 236 21.4362
465 236 20.3666
467 236 17.7148
468 236 16.9779
567 236 11.9904
571 236 13.1492
234 237 31.2989
414 237 29.0698
418 237 27.137
434 237 25.4453
435 237 25.4453
440 237 19.3986
516 237 15.0943
517 237 14.556
518 237 14.556
572 237 13.1492
573 237 13.1492
593 237 11.325
621 237 9.48317
622 237 9.26784
445 238 23.9521
446 238 23.9521
447 238 23.9521
451 238 18.5185
488 238 17.7148
489 238 17.7148
490 238 17.7148
493 238 15.674
510 238 17.7148
511 238 16.9779
512 238 16.9779
513 238 16.2999
517 238 15.0943
518 238 14.556
573 238 13.1492
591 238 11.325
592 238 11.325
593 238 11.325
603 238 11.6482
604 238 11.6482
605 238 11.6482
342 239 50.7614
346 239 29.0698
419 239 27.137
420 239 27.137
428 239 50.7614
429 239 50.7614
443 239 25.4453
444 239 25.4453
445 239 23.9521
446 239 23.9521
487 239 18.5185
488 239 17.7148
489 239 17.7148
490 239 17.7148
493 239 15.674
494 239 15.674
495 239 15.674
512 239 16.9779
513 239 16.2999
514 239 15.674
567 239 16.2999
572 239 13.1492
573 239 13.1492
574 239 12.7389
575 239 12.7389
591 239 11.325
602 239 11.6482
619 239 9.48317
620 239 9.26784
347 240 29.0698
419 240 27.137
420 240 27.137
421 240 27.137
437 240 23.9521
438 240 23.9521
488 240 17.7148
489 240 17.7148
492 240 15.674
495 240 15.674
514 240 15.674
515 240 15.0943
568 240 16.2999
569 240 15.674
570 240 15.0943
571 240 13.587
572 240 13.1492
573 240 13.1492
574 240 12.7389
575 240 12.7389
576 240 12.3533
577 240 12.3533
591 240 11.325
601 240 11.6482
602 240 11.6482
621 240 9.06207
348 241 29.0698
349 241 29.0698
438 241 23.9521
488 241 17.7148
491 241 16.9779
497 241 14.556
509 241 15.674
573 241 13.1492
574 241 12.7389
575 241 12.7389
576 241 12.3533
606 241 10.1937
607 241 10.1937
608 241 10.1937
347 242 29.0698
348 242 29.0698
349 242 29.0698
437 242 23.9521
438 242 23.9521
439 242 23.9521
488 242 17.7148
508 242 15.674
509 242 15.674
512 242 14.556
513 242 14.556
596 242 11.0193
597 242 11.0193
214 243 29.0698
215 243 29.0698
437 243 23.9521
438 243 23.9521
462 243 20.3666
487 243 17.7148
488 243 17.7148
510 243 15.674
511 243 15.0943
549 243 13.587
550 243 13.587
593 243 11.0193
594 243 11.0193
595 243 11.0193
443 244 18.5185
488 244 17.7148
577 244 12.7389
578 244 12.3533
557 245 13.1492
558 245 13.1492
578 245 12.3533
579 245 12.3533
200 246 23.9521
463 246 20.3666
509 246 15.674
512 246 15.0943
558 246 13.1492
574 246 13.587
578 246 12.3533
579 246 12.3533
580 246 12.3533
594 246 10.7296
595 246 10.7296
596 246 10.7296
353 247 22.6244
462 247 20.3666
463 247 20.3666
464 247 20.3666
509 247 15.674
547 247 13.587
548 247 13.587
549 247 13.587
558 247 13.1492
559 247 13.1492
574 247 13.587
575 247 13.587
579 247 12.3533
580 247 12.3533
594 247 11.0193
357 248 22.6244
358 248 22.6244
462 248 20.3666
463 248 20.3666
464 248 20.3666
473 248 20.3666
474 248 20.3666
475 248 20.3666
513 248 15.0943
514 248 14.556
515 248 13.1492
546 248 13.587
547 248 13.587
548 248 13.587
554 248 11.6482
555 248 11.6482
559 248 12.7389
575 248 13.587
576 248 13.587
590 248 11.325
591 248 11.325
592 248 11.325
605 248 10.7296
359 249 22.6244
462 249 20.3666
463 249 20.3666
464 249 20.3666
465 249 20.3666
473 249 20.3666
474 249 20.3666
506 249 16.2999
507 249 16.2999
508 249 16.2999
512 249 15.674
513 249 15.0943
515 249 13.1492
516 249 13.1492
547 249 13.587
550 249 12.7389
551 249 12.7389
552 249 12.3533
591 249 11.325
592 249 11.325
463 250 20.3666
464 250 20.3666
465 250 20.3666
479 250 16.2999
480 250 21.4362
481 250 20.3666
482 250 21.4362
483 250 21.4362
506 250 16.2999
507 250 16.2999
508 250 16.2999
511 250 16.2999
512 250 15.674
513 250 15.0943
514 250 13.587
515 250 13.1492
546 250 13.587
549 250 12.7389
550 250 12.7389
560 250 12.7389
591 250 11.325
507 251 16.2999
508 251 16.2999
561 251 12.7389
574 251 13.587
575 251 13.587
578 251 12.3533
590 251 11.325
591 251 11.325
598 251 9.9453
599 251 9.9453
362 252 22.6244
363 252 22.6244
554 252 11.9904
561 252 12.7389
589 252 11.325
590 252 11.325
591 252 11.325
596 252 10.1937
597 252 10.1937
361 253 22.6244
362 253 22.6244
363 253 22.6244
364 253 21.4362
507 253 15.674
513 253 16.2999
514 253 16.2999
549 253 13.1492
553 253 11.9904
554 253 11.9904
555 253 11.9904
561 253 13.1492
562 253 13.1492
590 253 11.325
595 253 10.1937
506 254 15.674
507 254 15.674
514 254 16.2999
548 254 13.1492
549 254 13.1492
594 254 10.4548
595 254 10.1937
252 255 19.3986
507 255 15.674
512 255 15.674
548 255 13.1492
549 255 13.587
555 255 13.1492
589 255 11.325
113 256 25.4453
512 256 15.674
513 256 15.674
547 256 13.587
548 256 13.587
554 256 13.1492
555 256 13.1492
556 256 13.1492
589 256 11.325
592 256 10.7296
593 256 10.4548
513 257 15.674
514 257 15.674
515 257 15.674
547 257 13.587
548 257 13.587
551 257 14.0548
552 257 14.0548
553 257 13.587
554 257 13.1492
555 257 13.1492
556 257 13.1492
592 257 10.7296
513 258 15.674
514 258 15.674
600 258 11.0193
602 258 11.0193
513 259 15.674
519 259 15.674
521 259 12.7389
522 259 12.3533
523 259 12.3533
547 259 13.587
594 259 12.7389
598 259 11.0193
599 259 11.0193
600 259 11.0193
605 259 9.9453
606 259 9.9453
511 260 15.674
512 260 15.674
513 260 15.674
519 260 15.674
521 260 12.7389
522 260 12.3533
547 260 13.587
553 260 13.587
554 260 13.1492
555 260 13.1492
556 260 13.1492
572 260 12.7389
573 260 12.7389
574 260 12.7389
598 260 11.0193
600 260 11.0193
507 261 16.2999
547 261 13.587
554 261 13.1492
555 261 13.1492
556 261 13.1492
557 261 12.7389
558 261 12.7389
583 261 12.7389
584 261 12.7389
585 261 12.7389
586 261 12.3533
587 261 11.9904
508 262 16.2999
509 262 16.2999
510 262 15.674
555 262 13.1492
556 262 13.1492
584 262 12.7389
585 262 12.7389
586 262 12.3533
587 262 11.9904
588 262 11.6482
589 262 11.6482
590 262 11.325
591 262 11.0193
592 262 10.7296
593 262 10.4548
594 262 10.4548
595 262 10.4548
602 262 10.7296
603 262 10.7296
514 263 13.587
519 263 15.674
520 263 15.674
546 263 13.587
587 263 11.9904
588 263 11.6482
589 263 11.6482
590 263 11.325
591 263 11.0193
592 263 10.7296
593 263 10.4548
594 263 10.4548
595 263 10.4548
596 263 10.7296
602 263 10.7296
603 263 10.7296
545 264 13.587
546 264 13.587
547 264 13.587
595 264 10.4548
597 264 11.0193
598 264 11.325
599 264 11.325
600 264 11.0193
603 264 10.7296
604 264 10.7296
507 265 15.0943
546 265 13.587
547 265 13.587
550 265 15.0943
551 265 14.556
552 265 14.0548
553 265 13.587
554 265 13.587
555 265 13.1492
599 265 11.325
604 265 10.7296
236 266 15.674
237 266 15.674
542 266 22.6244
547 266 13.587
553 266 13.587
554 266 13.1492
555 266 13.1492
556 266 13.1492
557 266 12.7389
235 267 15.674
554 267 13.1492
555 267 13.1492
606 267 10.7296
607 267 11.0193
233 268 15.674
234 268 15.674
384 268 17.7148
385 268 16.9779
386 268 16.9779
389 268 15.0943
390 268 14.556
547 268 15.0943
548 268 15.0943
549 268 14.556
550 268 14.556
551 268 14.0548
554 268 13.1492
597 268 11.0193
598 268 11.0193
386 269 16.9779
387 269 15.674
388 269 15.0943
389 269 15.0943
390 269 14.556
391 269 14.556
549 269 15.0943
550 269 14.556
551 269 14.0548
552 269 13.587
553 269 13.1492
554 269 13.1492
390 270 14.556
552 270 13.587
553 270 13.1492
554 270 13.1492
555 270 12.7389
556 270 12.7389
606 270 10.7296
607 270 10.7296
607 271 10.7296
227 272 14.0548
601 272 11.0193
602 272 11.0193
603 272 11.0193
602 273 10.7296
603 273 11.0193
605 273 10.7296
606 273 10.4548
566 274 12.7389
592 274 12.7389
593 274 12.7389
596 274 11.325
597 274 11.0193
598 274 10.7296
600 274 10.7296
223 275 13.587
594 275 11.325
595 275 11.325
596 275 11.325
597 275 11.0193
599 275 10.7296
600 275 10.7296
600 276 10.4548
61 277 12.7389
591 277 11.325
592 277 11.325
616 277 10.7296
617 277 10.7296
618 277 10.7296
619 277 10.7296
620 277 10.4548
179 278 11.6482
186 278 12.3533
187 278 12.3533
590 278 11.325
591 278 11.325
592 278 11.325
604 278 10.7296
605 278 10.7296
606 278 10.7296
617 278 10.7296
618 278 10.7296
217 279 12.7389
592 279 11.325
605 279 10.7296
617 279 10.7296
618 279 10.7296
216 280 12.3533
590 280 11.325
591 280 11.325
592 280 11.325
593 280 11.325
594 280 11.0193
615 280 10.7296
617 280 10.7296
623 280 12.3533
214 281 11.9904
593 281 11.325
594 281 11.0193
616 281 10.7296
617 281 10.7296
26 282 15.674
214 282 11.9904
593 282 11.325
594 282 11.0193
595 282 11.0193
636 282 12.3533
637 282 12.3533
31 283 11.6482
110 283 10.7296
408 283 11.9904
413 283 10.1937
414 283 10.1937
593 283 11.325
594 283 11.0193
595 283 11.0193
596 283 11.0193
597 283 10.7296
598 283 10.4548
111 284 10.7296
112 284 10.7296
210 284 11.6482
90 285 10.7296
183 285 11.0193
184 285 11.0193
614 287 10.7296
615 287 10.7296
198 292 10.1937
41 293 10.1937
70 293 9.9453
71 293 9.9453
197 293 10.1937
198 293 10.1937
48 294 9.9453
49 294 9.9453
196 294 10.1937
197 294 10.1937
49 295 9.9453
50 295 9.9453
77 295 9.70874
90 295 9.48317
35 296 9.9453
77 296 9.70874
78 296 9.48317
138 296 10.1937
140 296 10.1937
12 297 9.70874
79 297 9.48317
69 298 9.48317
80 298 9.48317
81 298 9.48317
82 298 9.48317
112 298 9.26784
134 298 9.06207
135 298 9.06207
190 298 9.9453
82 299 9.48317
111 299 9.26784
112 299 9.26784
119 299 9.06207
120 299 9.06207
121 299 9.06207
122 299 9.06207
187 300 9.26784
28 301 9.48317
42 301 9.06207
108 301 8.86525
136 301 8.86525
186 301 9.26784
187 301 9.26784
39 302 8.86525
40 302 9.06207
42 302 9.06207
109 302 8.86525
39 303 8.86525
40 303 9.06207
41 303 9.06207
54 303 9.06207
60 303 8.67679
105 303 8.49618
121 303 8.67679
32 304 8.86525
54 304 9.06207
104 304 8.49618
105 304 8.49618
106 304 8.49618
443 304 11.0193
105 305 8.49618
107 305 8.49618
108 305 8.49618
178 306 8.86525
452 306 8.67679
453 306 8.32293
505 306 8.67679
70 307 8.49618
74 307 8.49618
75 307 8.49618
178 307 8.86525
445 307 9.26784
446 307 9.06207
447 307 9.06207
448 307 8.67679
451 307 8.49618
453 307 8.32293
454 307 8.15661
455 307 7.9968
70 308 8.49618
71 308 8.49618
72 308 8.49618
169 308 8.32293
447 308 9.06207
448 308 8.67679
449 308 8.67679
450 308 8.67679
451 308 8.49618
452 308 8.32293
453 308 8.32293
454 308 8.15661
455 308 7.69527
456 308 7.55287
454 309 7.9968
455 309 7.69527
456 309 7.55287
457 309 7.55287
137 310 8.15661
457 310 7.41565
458 310 7.15564
514 310 8.32293
515 310 8.32293
516 310 8.32293
42 311 8.15661
101 311 7.69527
517 311 7.9968
518 311 7.9968
519 311 7.84314
520 311 7.84314
521 311 7.84314
26 312 7.9968
102 312 7.69527
170 312 8.15661
74 313 7.84314
89 313 7.84314
90 313 7.84314
153 313 7.9968
154 313 7.9968
78 314 7.69527
91 314 7.69527
92 314 7.69527
528 314 7.9968
529 314 7.9968
530 314 7.9968
93 315 7.55287
27 316 7.84314
69 316 7.55287
70 316 7.55287
81 316 7.69527
535 316 7.9968
536 316 7.9968
537 316 7.84314
24 317 7.84314
25 317 7.84314
26 317 7.84314
82 317 7.69527
180 317 8.32293
181 317 8.32293
538 317 7.84314
539 317 7.55287
575 317 7.84314
576 317 7.84314
577 317 7.84314
629 317 8.15661
92 318 7.15564
542 318 8.15661
543 318 8.15661
579 318 7.69527
580 318 7.55287
581 318 7.55287
582 318 7.69527
583 318 7.69527
584 318 7.55287
634 318 7.55287
635 318 7.55287
636 318 7.41565
92 319 7.15564
93 319 7.15564
546 319 7.69527
547 319 7.69527
548 319 7.69527
585 319 7.41565
586 319 7.41565
587 319 7.28332
588 319 7.28332
589 319 7.41565
590 319 7.28332
591 319 7.28332
633 319 7.55287
634 319 7.55287
635 319 7.41565
636 319 7.41565
548 320 7.69527
549 320 7.69527
550 320 7.55287
551 320 7.41565
591 320 7.28332
592 320 7.03235
593 320 7.03235
595 320 7.41565
596 320 7.41565
597 320 7.41565
598 320 7.41565
599 320 7.41565
600 320 7.41565
602 320 7.55287
603 320 7.55287
604 320 7.55287
633 320 7.41565
634 320 7.41565
635 320 7.41565
636 320 7.41565
637 320 7.41565
100 321 7.28332
101 321 7.28332
159 321 7.55287
552 321 7.28332
553 321 7.28332
554 321 7.28332
604 321 7.55287
605 321 7.28332
606 321 7.28332
607 321 7.28332
608 321 7.28332
609 321 7.28332
610 321 7.28332
632 321 7.41565
633 321 7.41565
634 321 7.41565
635 321 7.41565
557 322 7.28332
612 322 6.91324
613 322 6.91324
614 322 6.91324
615 322 6.91324
617 322 7.28332
618 322 7.28332
619 322 7.28332
628 322 7.55287
630 322 7.41565
631 322 7.41565
632 322 7.41565
633 322 7.41565
634 322 7.28332
80 323 7.15564
558 323 7.28332
559 323 7.28332
560 323 7.28332
561 323 7.28332
562 323 7.28332
621 323 7.03235
622 323 7.03235
630 323 7.41565
631 323 7.41565
632 323 7.41565
633 323 7.28332
109 324 7.15564
110 324 7.15564
563 324 7.28332
45 325 7.28332
46 325 7.28332
93 325 7.15564
94 325 7.15564
566 325 7.28332
567 325 7.28332
568 325 7.28332
34 326 6.91324
94 326 7.15564
152 326 7.15564
570 326 7.03235
571 326 7.03235
34 327 6.91324
35 327 6.91324
72 327 6.91324
73 327 6.91324
76 327 7.15564
573 327 7.03235
574 327 7.03235
575 327 7.15564
35 328 6.91324
53 328 6.7981
577 328 7.15564
578 328 7.15564
579 328 7.15564
53 329 6.7981
144 329 6.91324
581 329 6.7981
582 329 6.7981
583 329 6.91324
605 329 6.91324
606 329 6.91324
53 330 6.7981
54 330 6.7981
63 330 6.7981
69 330 6.68673
70 330 6.68673
144 330 6.91324
145 330 6.91324
146 330 6.91324
585 330 6.91324
586 330 6.91324
609 330 6.7981
610 330 6.7981
611 330 6.7981
52 331 6.7981
85 331 6.7981
142 331 6.91324
587 331 6.7981
588 331 6.7981
589 331 6.7981
614 331 6.68673
615 331 6.68673
616 331 6.68673
59 332 6.7981
85 332 6.7981
591 332 6.7981
592 332 6.7981
593 332 6.7981
618 332 6.57895
619 332 6.91324
620 332 6.7981
621 332 6.7981
622 332 6.7981
594 333 6.68673
595 333 6.57895
596 333 6.57895
623 333 6.57895
624 333 6.57895
625 333 6.47459
33 334 6.47459
597 334 6.57895
598 334 6.57895
599 334 6.68673
627 334 6.47459
628 334 6.37349
629 334 6.37349
630 334 6.47459
10 335 6.7981
76 335 6.47459
601 335 6.57895
602 335 6.57895
603 335 6.57895
604 335 6.47459
632 335 6.47459
633 335 6.47459
634 335 6.47459
635 335 6.47459
636 335 6.47459
6 336 6.47459
7 336 6.47459
27 336 6.47459
28 336 6.47459
29 336 6.47459
70 336 6.37349
71 336 6.37349
82 336 6.47459
605 336 6.47459
606 336 6.37349
607 336 6.37349
608 336 6.37349
637 336 6.68673
26 337 6.47459
30 337 6.47459
50 337 6.18047
70 337 6.37349
71 337 6.37349
72 337 6.37349
73 337 6.37349
609 337 6.37349
610 337 6.37349
32 338 6.27549
35 338 6.37349
37 338 6.18047
38 338 6.18047
50 338 6.27549
51 338 6.27549
52 338 6.27549
613 338 6.47459
37 339 6.18047
38 339 6.18047
39 339 6.18047
40 339 6.18047
41 339 6.08828
47 339 6.18047
48 339 6.18047
78 339 6.27549
614 339 6.47459
615 339 6.37349
616 339 6.37349
617 339 6.27549
618 339 6.27549
39 340 6.18047
40 340 6.18047
47 340 6.18047
48 340 6.18047
61 340 6.18047
619 340 6.27549
620 340 6.37349
621 340 6.27549
9 341 6.08828
47 341 6.18047
48 341 6.18047
49 341 6.18047
27 342 6.27549
626 342 6.27549
627 342 6.27549
54 343 5.9988
55 343 5.9988
630 343 6.08828
631 343 6.08828
54 344 5.9988
55 344 5.9988
56 344 5.9988
57 344 5.9988
634 344 6.27549
636 345 6.27549
35 347 5.82751
35 348 5.9988
36 348 5.9988
29 350 5.91191
30 350 5.91191
33 350 5.9988
34 350 5.9988
30 351 5.91191
31 351 5.91191
23 352 5.58815
26 352 5.58815
27 352 5.66572
28 353 5.66572
38 353 5.66572
46 354 5.66572
57 356 5.51268
522 356 5.74548
523 356 5.74548
524 356 5.66572
525 356 5.66572
526 356 5.66572
527 356 5.58815
531 356 5.58815
533 356 5.58815
534 356 5.58815
535 356 5.58815
536 356 5.58815
537 356 5.43922
67 357 5.58815
68 357 5.58815
523 357 5.74548
524 357 5.66572
525 357 5.66572
526 357 5.66572
527 357 5.58815
528 357 5.51268
529 357 5.51268
536 357 5.58815
537 357 5.43922
28 358 5.58815
68 358 5.58815
69 358 5.58815
27 359 5.43922
28 359 5.58815
30 359 5.66572
31 359 5.66572
93 360 5.51268
91 362 5.51268
92 362 5.51268
93 362 5.51268
122 363 5.82751
603 364 5.51268
36 365 5.43922
53 365 5.23013
54 365 5.23013
55 365 5.23013
99 365 5.51268
36 366 5.23013
56 366 5.23013
57 366 5.23013
100 366 5.51268
35 367 5.16396
36 367 5.23013
58 367 5.23013
34 368 5.09944
35 368 5.16396
36 368 5.16396
37 368 5.23013
33 369 5.09944
18 370 5.09944
94 370 5.51268
90 371 5.16396
91 371 5.16396
92 371 5.23013
271 371 5.43922
272 371 5.43922
104 374 5.43922
300 374 5.29801
93 375 5.16396
94 376 5.16396
13 380 4.85673
13 382 4.79962
74 382 4.79962
97 382 5.16396
13 383 4.79962
17 385 4.68933
124 385 5.03651
125 385 5.03651
126 385 4.97512
473 385 4.91521
125 386 5.03651
126 386 4.97512
127 386 4.97512
128 386 4.97512
129 386 4.91521
69 387 4.74383
70 387 4.74383
529 388 4.68933
532 389 4.53309
533 389 4.53309
178 392 4.85673
507 394 4.63607
508 394 4.63607
74 397 4.85673
282 399 4.584
156 400 4.63607
157 400 4.63607
283 400 4.584
540 415 4.07997
541 415 4.07997
606 415 4.12116
607 415 4.12116
613 415 4.12116
616 416 4.12116
617 416 4.12116
618 416 4.12116
619 416 4.12116
626 416 4.03959
617 417 4.12116
618 417 4.12116
619 417 4.07997
620 417 4.03959
621 418 4.03959
622 418 4.03959
623 418 4.03959
624 418 4.03959
625 418 4.03959
626 418 4.03959
627 418 4.03959
628 418 4.03959
629 418 4.03959
630 418 4.03959
326 419 4.1632
558 419 4.03959
559 419 4.03959
620 419 4.03959
621 419 4.03959
357 420 4.07997
