531 3 14.556
532 3 14.556
555 3 17.7148
593 3 33.8983
607 3 31.2989
473 4 27.137
523 4 18.5185
524 4 18.5185
525 4 18.5185
531 4 15.0943
532 4 15.0943
561 4 18.5185
562 4 18.5185
593 4 33.8983
597 4 27.137
607 4 31.2989
469 5 33.8983
472 5 27.137
481 5 27.137
523 5 18.5185
524 5 18.5185
525 5 18.5185
530 5 18.5185
531 5 18.5185
567 5 17.7148
568 5 17.7148
593 5 33.8983
607 5 31.2989
467 6 33.8983
472 6 27.137
479 6 27.137
494 6 23.9521
529 6 19.3986
530 6 18.5185
531 6 18.5185
535 6 13.1492
538 6 12.7389
568 6 17.7148
593 6 33.8983
606 6 31.2989
607 6 31.2989
467 7 33.8983
471 7 27.137
524 7 18.5185
525 7 18.5185
528 7 19.3986
529 7 19.3986
581 7 36.9686
524 8 18.5185
525 8 18.5185
526 8 18.5185
580 8 36.9686
581 8 36.9686
481 9 27.137
524 9 18.5185
525 9 18.5185
526 9 18.5185
556 9 18.5185
557 9 17.7148
559 9 17.7148
566 9 18.5185
567 9 18.5185
580 9 36.9686
470 10 22.6244
480 10 27.137
532 10 14.556
535 10 13.587
556 10 18.5185
557 10 17.7148
465 11 29.0698
466 11 29.0698
470 11 22.6244
475 11 18.5185
534 11 13.587
465 12 27.137
466 12 27.137
470 12 22.6244
474 12 19.3986
490 12 27.137
566 12 17.7148
593 12 33.8983
465 13 27.137
466 13 27.137
474 13 19.3986
489 13 27.137
522 13 18.5185
524 13 18.5185
525 13 17.7148
528 13 16.9779
566 13 17.7148
593 13 33.8983
466 14 27.137
467 14 27.137
473 14 19.3986
489 14 27.137
490 14 27.137
491 14 27.137
524 14 18.5185
525 14 17.7148
527 14 16.9779
528 14 16.9779
566 14 17.7148
466 15 27.137
467 15 27.137
477 15 27.137
491 15 27.137
493 15 27.137
523 15 18.5185
524 15 18.5185
527 15 16.9779
466 16 27.137
467 16 27.137
492 16 27.137
493 16 27.137
526 16 17.7148
527 16 17.7148
530 16 16.2999
593 16 33.8983
467 17 27.137
468 17 27.137
474 17 20.3666
475 17 21.4362
483 17 27.137
493 17 27.137
525 17 18.5185
526 17 18.5185
529 17 16.9779
530 17 16.9779
593 17 33.8983
468 18 27.137
469 18 27.137
474 18 20.3666
482 18 27.137
493 18 27.137
525 18 18.5185
526 18 18.5185
529 18 16.9779
467 19 27.137
468 19 27.137
469 19 27.137
473 19 20.3666
474 19 20.3666
539 19 14.0548
467 20 29.0698
468 20 29.0698
469 20 29.0698
474 20 21.4362
493 20 27.137
497 20 27.137
528 20 19.3986
529 20 19.3986
538 20 14.0548
462 21 57.971
467 21 29.0698
468 21 29.0698
473 21 22.6244
493 21 27.137
527 21 19.3986
528 21 19.3986
529 21 19.3986
530 21 19.3986
531 21 18.5185
538 21 14.0548
468 22 29.0698
493 22 27.137
496 22 27.137
528 22 19.3986
529 22 19.3986
530 22 19.3986
531 22 18.5185
469 23 29.0698
492 24 27.137
530 24 19.3986
531 24 18.5185
459 25 200
532 25 18.5185
534 25 17.7148
535 25 17.7148
530 26 19.3986
531 26 18.5185
533 26 18.5185
534 26 17.7148
630 26 29.0698
631 26 29.0698
466 27 29.0698
467 27 27.137
468 27 27.137
471 27 23.9521
495 27 27.137
496 27 27.137
529 27 20.3666
533 27 18.5185
534 27 18.5185
574 27 18.5185
575 27 18.5185
582 27 33.8983
629 27 29.0698
462 28 40.6504
465 28 29.0698
470 28 25.4453
490 28 27.137
491 28 27.137
495 28 27.137
498 28 25.4453
533 28 18.5185
534 28 18.5185
544 28 12.3533
467 29 29.0698
468 29 27.137
469 29 27.137
470 29 25.4453
479 29 27.137
532 29 18.5185
533 29 18.5185
534 29 18.5185
467 30 29.0698
468 30 29.0698
469 30 29.0698
572 30 17.7148
573 30 17.7148
467 31 29.0698
468 31 29.0698
475 31 19.3986
496 31 27.137
572 31 17.7148
573 31 17.7148
623 31 31.2989
629 31 29.0698
474 32 21.4362
496 32 27.137
497 32 27.137
560 32 16.9779
622 32 31.2989
627 32 29.0698
628 32 29.0698
629 32 29.0698
496 33 27.137
497 33 27.137
523 33 18.5185
530 33 19.3986
531 33 19.3986
532 33 18.5185
534 33 17.7148
621 33 31.2989
622 33 31.2989
623 33 31.2989
626 33 29.0698
628 33 29.0698
629 33 29.0698
468 34 27.137
472 34 22.6244
473 34 22.6244
522 34 19.3986
523 34 19.3986
529 34 19.3986
530 34 19.3986
531 34 19.3986
533 34 18.5185
537 34 16.2999
571 34 17.7148
625 34 31.2989
626 34 29.0698
628 34 29.0698
468 35 27.137
472 35 22.6244
483 35 27.137
529 35 19.3986
530 35 19.3986
531 35 19.3986
532 35 18.5185
533 35 18.5185
534 35 17.7148
537 35 16.2999
467 36 27.137
468 36 27.137
472 36 22.6244
523 36 19.3986
530 36 19.3986
531 36 19.3986
532 36 19.3986
533 36 18.5185
572 36 17.7148
573 36 17.7148
458 37 200
468 37 27.137
469 37 27.137
572 37 17.7148
615 37 29.0698
468 38 27.137
469 38 27.137
490 38 27.137
526 38 18.5185
572 38 17.7148
614 38 29.0698
615 38 29.0698
623 38 29.0698
624 38 29.0698
469 39 27.137
472 39 25.4453
489 39 27.137
490 39 27.137
491 39 27.137
495 39 27.137
534 39 18.5185
535 39 18.5185
572 39 17.7148
623 39 29.0698
624 39 29.0698
469 40 27.137
472 40 25.4453
495 40 27.137
533 40 18.5185
534 40 18.5185
572 40 17.7148
575 40 16.9779
624 40 29.0698
471 41 27.137
472 41 27.137
475 41 21.4362
495 41 27.137
526 41 18.5185
527 41 18.5185
535 41 18.5185
536 41 18.5185
623 41 29.0698
624 41 29.0698
470 42 29.0698
471 42 29.0698
472 42 29.0698
493 42 27.137
494 42 27.137
495 42 27.137
525 42 18.5185
526 42 18.5185
527 42 18.5185
529 42 17.7148
534 42 18.5185
536 42 18.5185
537 42 18.5185
623 42 29.0698
624 42 29.0698
470 43 29.0698
471 43 29.0698
493 43 27.137
494 43 27.137
495 43 27.137
525 43 18.5185
526 43 18.5185
535 43 18.5185
536 43 18.5185
576 43 17.7148
578 43 17.7148
607 43 33.8983
608 43 33.8983
613 43 31.2989
623 43 31.2989
624 43 31.2989
470 44 29.0698
471 44 29.0698
477 44 21.4362
535 44 19.3986
572 44 17.7148
573 44 17.7148
607 44 33.8983
608 44 33.8983
611 44 31.2989
612 44 31.2989
623 44 31.2989
624 44 31.2989
470 45 29.0698
476 45 21.4362
494 45 27.137
495 45 27.137
499 45 21.4362
526 45 18.5185
527 45 18.5185
530 45 18.5185
531 45 18.5185
532 45 18.5185
571 45 17.7148
572 45 17.7148
623 45 31.2989
476 46 21.4362
527 46 18.5185
531 46 18.5185
532 46 18.5185
473 47 25.4453
476 47 21.4362
487 47 40.6504
493 47 27.137
526 47 18.5185
527 47 18.5185
531 47 18.5185
532 47 18.5185
574 47 17.7148
470 48 29.0698
473 48 27.137
499 48 27.137
518 48 18.5185
523 48 23.9521
528 48 18.5185
529 48 18.5185
571 48 17.7148
608 48 31.2989
624 48 29.0698
637 48 27.137
490 49 27.137
491 49 27.137
498 49 27.137
517 49 19.3986
518 49 19.3986
528 49 18.5185
529 49 18.5185
571 49 17.7148
608 49 31.2989
623 49 29.0698
624 49 29.0698
636 49 27.137
637 49 27.137
136 50 45.1467
472 50 27.137
473 50 27.137
478 50 21.4362
517 50 19.3986
518 50 19.3986
528 50 18.5185
533 50 16.9779
575 50 18.5185
576 50 18.5185
608 50 31.2989
623 50 29.0698
624 50 29.0698
136 51 45.1467
469 51 27.137
470 51 27.137
518 51 19.3986
527 51 19.3986
528 51 18.5185
531 51 17.7148
532 51 16.9779
624 51 29.0698
461 52 29.0698
462 52 29.0698
468 52 27.137
469 52 27.137
491 52 27.137
497 52 27.137
498 52 27.137
519 52 19.3986
520 52 19.3986
526 52 19.3986
527 52 19.3986
530 52 18.5185
531 52 18.5185
538 52 14.556
598 52 31.2989
599 52 31.2989
609 52 31.2989
624 52 29.0698
469 53 27.137
470 53 27.137
490 53 27.137
491 53 29.0698
497 53 27.137
498 53 27.137
519 53 19.3986
525 53 20.3666
530 53 18.5185
531 53 18.5185
536 53 14.556
537 53 14.556
538 53 14.556
594 53 40.6504
597 53 31.2989
598 53 31.2989
609 53 31.2989
623 53 29.0698
624 53 29.0698
135 54 45.1467
437 54 36.9686
438 54 36.9686
469 54 29.0698
470 54 29.0698
497 54 27.137
498 54 27.137
520 54 19.3986
521 54 19.3986
529 54 18.5185
530 54 18.5185
531 54 18.5185
536 54 14.556
537 54 14.556
573 54 17.7148
574 54 17.7148
591 54 45.1467
593 54 40.6504
597 54 31.2989
598 54 31.2989
608 54 31.2989
609 54 31.2989
623 54 29.0698
624 54 29.0698
135 55 45.1467
136 55 45.1467
437 55 36.9686
438 55 36.9686
493 55 33.8983
497 55 27.137
498 55 27.137
520 55 19.3986
573 55 17.7148
597 55 33.8983
607 55 31.2989
623 55 31.2989
624 55 31.2989
136 56 45.1467
437 56 36.9686
438 56 36.9686
464 56 27.137
470 56 29.0698
471 56 29.0698
497 56 27.137
515 56 31.2989
534 56 15.674
623 56 31.2989
624 56 31.2989
628 56 25.4453
136 57 45.1467
137 57 45.1467
437 57 36.9686
463 57 27.137
464 57 27.137
469 57 29.0698
497 57 27.137
526 57 19.3986
527 57 19.3986
528 57 19.3986
529 57 18.5185
533 57 19.3986
571 57 17.7148
572 57 17.7148
595 57 33.8983
623 57 31.2989
137 58 45.1467
465 58 27.137
526 58 19.3986
527 58 19.3986
528 58 19.3986
529 58 18.5185
532 58 19.3986
570 58 17.7148
571 58 17.7148
595 58 33.8983
609 58 31.2989
137 59 45.1467
464 59 29.0698
465 59 29.0698
531 59 17.7148
540 59 12.7389
570 59 17.7148
579 59 18.5185
595 59 33.8983
609 59 31.2989
446 60 33.8983
464 60 29.0698
496 60 27.137
539 60 12.7389
595 60 33.8983
609 60 31.2989
135 61 45.1467
434 61 36.9686
435 61 36.9686
495 61 27.137
496 61 27.137
527 61 18.5185
528 61 18.5185
583 61 36.9686
595 61 33.8983
609 61 31.2989
136 62 45.1467
465 62 29.0698
466 62 29.0698
495 62 25.4453
525 62 19.3986
526 62 18.5185
527 62 18.5185
528 62 18.5185
537 62 13.1492
581 62 36.9686
582 62 36.9686
585 62 33.8983
586 62 33.8983
595 62 33.8983
609 62 31.2989
136 63 45.1467
461 63 40.6504
465 63 29.0698
466 63 29.0698
524 63 20.3666
526 63 18.5185
527 63 18.5185
528 63 18.5185
536 63 13.587
537 63 13.1492
584 63 36.9686
585 63 33.8983
595 63 33.8983
596 63 33.8983
599 63 27.137
609 63 31.2989
136 64 45.1467
137 64 45.1467
466 64 29.0698
494 64 27.137
531 64 16.2999
595 64 33.8983
609 64 31.2989
137 65 45.1467
432 65 36.9686
433 65 36.9686
438 65 25.4453
470 65 21.4362
471 65 21.4362
474 65 19.3986
493 65 27.137
494 65 27.137
533 65 16.2999
534 65 15.674
566 65 17.7148
608 65 31.2989
609 65 31.2989
137 66 45.1467
431 66 36.9686
438 66 25.4453
470 66 21.4362
473 66 20.3666
494 66 27.137
529 66 19.3986
608 66 31.2989
609 66 31.2989
612 66 27.137
138 67 45.1467
432 67 36.9686
433 67 36.9686
437 67 25.4453
464 67 29.0698
465 67 29.0698
466 67 27.137
469 67 21.4362
470 67 21.4362
583 67 33.8983
465 68 29.0698
466 68 27.137
468 68 25.4453
472 68 20.3666
521 68 18.5185
522 68 18.5185
583 68 33.8983
595 68 33.8983
596 68 33.8983
464 69 29.0698
465 69 27.137
466 69 27.137
472 69 20.3666
496 69 27.137
520 69 18.5185
521 69 18.5185
522 69 18.5185
530 69 19.3986
531 69 19.3986
532 69 19.3986
583 69 33.8983
595 69 33.8983
465 70 27.137
466 70 27.137
495 70 27.137
496 70 27.137
500 70 27.137
520 70 18.5185
521 70 18.5185
527 70 15.674
530 70 18.5185
531 70 18.5185
543 70 19.3986
544 70 19.3986
574 70 36.9686
595 70 33.8983
436 71 29.0698
465 71 27.137
466 71 27.137
467 71 27.137
495 71 27.137
496 71 27.137
497 71 27.137
521 71 18.5185
522 71 18.5185
530 71 18.5185
541 71 19.3986
542 71 19.3986
543 71 19.3986
544 71 19.3986
573 71 36.9686
583 71 33.8983
595 71 33.8983
596 71 33.8983
145 72 45.1467
430 72 36.9686
432 72 36.9686
435 72 29.0698
467 72 27.137
494 72 27.137
499 72 27.137
520 72 19.3986
521 72 18.5185
522 72 18.5185
523 72 18.5185
528 72 16.2999
529 72 18.5185
595 72 33.8983
596 72 33.8983
431 73 36.9686
432 73 36.9686
435 73 29.0698
466 73 27.137
467 73 27.137
492 73 27.137
499 73 27.137
521 73 18.5185
522 73 18.5185
538 73 14.0548
595 73 33.8983
596 73 33.8983
432 74 36.9686
440 74 25.4453
466 74 29.0698
499 74 27.137
523 74 18.5185
526 74 18.5185
527 74 16.2999
546 74 17.7148
595 74 33.8983
599 74 29.0698
432 75 36.9686
433 75 36.9686
439 75 25.4453
468 75 27.137
469 75 27.137
522 75 18.5185
523 75 18.5185
524 75 18.5185
535 75 14.556
536 75 14.556
598 75 31.2989
146 76 50.7614
432 76 36.9686
468 76 27.137
469 76 27.137
470 76 27.137
493 76 25.4453
494 76 25.4453
523 76 18.5185
524 76 18.5185
583 76 33.8983
596 76 33.8983
432 77 36.9686
445 77 33.8983
469 77 27.137
470 77 27.137
498 77 27.137
499 77 27.137
530 77 15.0943
537 77 18.5185
538 77 18.5185
557 77 17.7148
583 77 33.8983
635 77 29.0698
147 78 50.7614
445 78 33.8983
469 78 27.137
470 78 27.137
498 78 27.137
526 78 18.5185
535 78 19.3986
536 78 19.3986
557 78 17.7148
634 78 29.0698
635 78 27.137
133 79 45.1467
134 79 45.1467
469 79 27.137
498 79 27.137
523 79 20.3666
526 79 18.5185
634 79 29.0698
134 80 45.1467
429 80 36.9686
436 80 25.4453
498 80 27.137
525 80 18.5185
526 80 18.5185
527 80 18.5185
596 80 16.9779
635 80 29.0698
636 80 29.0698
637 80 27.137
134 81 45.1467
435 81 36.9686
436 81 36.9686
465 81 29.0698
466 81 29.0698
472 81 20.3666
497 81 27.137
498 81 27.137
524 81 19.3986
525 81 19.3986
527 81 18.5185
537 81 14.0548
635 81 29.0698
134 82 45.1467
135 82 45.1467
434 82 36.9686
435 82 36.9686
444 82 36.9686
445 82 36.9686
465 82 29.0698
466 82 29.0698
498 82 27.137
526 82 19.3986
527 82 19.3986
528 82 18.5185
629 82 29.0698
135 83 45.1467
429 83 36.9686
430 83 36.9686
431 83 36.9686
434 83 36.9686
465 83 29.0698
466 83 29.0698
526 83 19.3986
527 83 19.3986
528 83 19.3986
586 83 17.7148
629 83 29.0698
135 84 45.1467
430 84 36.9686
471 84 22.6244
527 84 19.3986
533 84 15.674
431 85 36.9686
432 85 36.9686
466 85 27.137
467 85 29.0698
471 85 22.6244
498 85 27.137
499 85 27.137
431 86 36.9686
432 86 36.9686
522 86 19.3986
523 86 19.3986
528 86 19.3986
618 86 31.2989
619 86 31.2989
464 87 29.0698
522 87 19.3986
523 87 19.3986
527 87 19.3986
528 87 19.3986
618 87 31.2989
619 87 31.2989
433 88 36.9686
497 88 27.137
498 88 27.137
499 88 27.137
522 88 19.3986
523 88 19.3986
526 88 19.3986
527 88 19.3986
577 88 18.5185
446 89 36.9686
497 89 27.137
498 89 27.137
521 89 19.3986
522 89 19.3986
523 89 19.3986
538 89 14.556
577 89 18.5185
132 90 45.1467
438 90 21.4362
446 90 36.9686
468 90 27.137
518 90 27.137
522 90 19.3986
523 90 19.3986
132 91 45.1467
429 91 40.6504
430 91 36.9686
438 91 23.9521
470 91 25.4453
522 91 19.3986
523 91 19.3986
530 91 19.3986
559 91 17.7148
615 91 31.2989
616 91 31.2989
632 91 29.0698
637 91 27.137
429 92 40.6504
430 92 36.9686
432 92 36.9686
437 92 23.9521
467 92 29.0698
469 92 27.137
470 92 27.137
471 92 25.4453
496 92 27.137
528 92 19.3986
529 92 19.3986
530 92 19.3986
531 92 18.5185
559 92 17.7148
579 92 17.7148
580 92 17.7148
186 93 57.971
437 93 23.9521
469 93 27.137
470 93 27.137
528 93 19.3986
529 93 19.3986
530 93 19.3986
186 94 57.971
436 94 29.0698
468 94 27.137
469 94 27.137
523 94 19.3986
524 94 19.3986
579 94 17.7148
604 94 31.2989
629 94 29.0698
436 95 29.0698
498 95 25.4453
558 95 17.7148
604 95 31.2989
625 95 33.8983
629 95 29.0698
630 95 29.0698
631 95 29.0698
632 95 29.0698
143 96 45.1467
433 96 36.9686
436 96 29.0698
467 96 29.0698
468 96 29.0698
497 96 25.4453
498 96 25.4453
520 96 29.0698
525 96 19.3986
526 96 19.3986
603 96 31.2989
604 96 31.2989
628 96 29.0698
629 96 29.0698
630 96 29.0698
631 96 29.0698
186 97 57.971
426 97 200
433 97 36.9686
436 97 29.0698
519 97 29.0698
604 97 31.2989
621 97 29.0698
627 97 31.2989
630 97 29.0698
131 98 45.1467
186 98 57.971
314 98 57.971
432 98 36.9686
436 98 29.0698
528 98 18.5185
621 98 29.0698
132 99 45.1467
186 99 57.971
437 99 29.0698
464 99 27.137
465 99 27.137
496 99 27.137
497 99 27.137
523 99 20.3666
524 99 20.3666
525 99 19.3986
526 99 18.5185
527 99 18.5185
528 99 18.5185
532 99 15.0943
533 99 15.0943
617 99 29.0698
621 99 29.0698
132 100 45.1467
133 100 45.1467
269 100 45.1467
270 100 45.1467
433 100 36.9686
457 100 57.971
465 100 27.137
466 100 27.137
508 100 200
524 100 20.3666
526 100 18.5185
531 100 15.674
532 100 15.674
625 100 31.2989
133 101 45.1467
134 101 45.1467
433 101 36.9686
444 101 22.6244
466 101 27.137
496 101 27.137
531 101 15.674
591 101 33.8983
625 101 31.2989
277 102 40.6504
459 102 45.1467
466 102 27.137
467 102 27.137
468 102 27.137
496 102 27.137
497 102 27.137
528 102 18.5185
529 102 18.5185
530 102 17.7148
542 102 12.7389
590 102 33.8983
591 102 33.8983
613 102 31.2989
614 102 31.2989
625 102 31.2989
130 103 45.1467
314 103 57.971
324 103 67.5676
466 103 27.137
496 103 27.137
521 103 27.137
578 103 17.7148
579 103 17.7148
590 103 33.8983
613 103 31.2989
614 103 31.2989
615 103 31.2989
620 103 31.2989
625 103 31.2989
626 103 31.2989
131 104 45.1467
132 104 45.1467
325 104 67.5676
435 104 40.6504
436 104 40.6504
460 104 45.1467
496 104 27.137
526 104 19.3986
527 104 19.3986
564 104 18.5185
578 104 17.7148
579 104 17.7148
580 104 17.7148
612 104 31.2989
613 104 31.2989
614 104 31.2989
132 105 45.1467
133 105 45.1467
531 105 16.9779
550 105 10.1937
564 105 18.5185
565 105 18.5185
626 105 29.0698
133 106 45.1467
182 106 57.971
431 106 29.0698
445 106 36.9686
446 106 36.9686
461 106 45.1467
531 106 16.9779
602 106 31.2989
606 106 31.2989
626 106 29.0698
182 107 57.971
351 107 67.5676
352 107 67.5676
356 107 67.5676
431 107 33.8983
445 107 36.9686
446 107 36.9686
469 107 22.6244
526 107 19.3986
527 107 19.3986
574 107 19.3986
575 107 19.3986
606 107 31.2989
610 107 31.2989
55 108 45.1467
183 108 57.971
189 108 67.5676
352 108 67.5676
431 108 33.8983
446 108 36.9686
462 108 45.1467
468 108 22.6244
469 108 22.6244
496 108 27.137
497 108 27.137
526 108 19.3986
527 108 19.3986
610 108 31.2989
189 109 57.971
297 109 67.5676
314 109 67.5676
352 109 67.5676
358 109 67.5676
385 109 57.971
431 109 33.8983
446 109 36.9686
461 109 45.1467
466 109 25.4453
497 109 27.137
527 109 19.3986
528 109 19.3986
532 109 16.2999
533 109 16.2999
600 109 31.2989
601 109 31.2989
610 109 31.2989
133 110 45.1467
316 110 67.5676
322 110 57.971
330 110 25.4453
385 110 57.971
470 110 22.6244
497 110 27.137
509 110 101.01
510 110 101.01
527 110 19.3986
531 110 16.9779
532 110 16.2999
540 110 14.0548
541 110 14.0548
574 110 18.5185
578 110 36.9686
579 110 36.9686
599 110 31.2989
600 110 31.2989
601 110 31.2989
626 110 29.0698
185 111 67.5676
190 111 57.971
316 111 67.5676
340 111 67.5676
341 111 67.5676
384 111 57.971
429 111 40.6504
430 111 40.6504
433 111 33.8983
466 111 27.137
497 111 27.137
509 111 101.01
510 111 101.01
529 111 19.3986
530 111 18.5185
563 111 18.5185
598 111 33.8983
599 111 31.2989
600 111 31.2989
610 111 31.2989
626 111 29.0698
134 112 45.1467
185 112 67.5676
340 112 67.5676
341 112 67.5676
429 112 40.6504
466 112 27.137
467 112 27.137
472 112 22.6244
528 112 19.3986
529 112 19.3986
534 112 16.2999
625 112 29.0698
626 112 29.0698
134 113 45.1467
189 113 57.971
446 113 31.2989
462 113 40.6504
466 113 27.137
467 113 27.137
471 113 20.3666
472 113 20.3666
506 113 80.9717
528 113 19.3986
529 113 19.3986
610 113 31.2989
626 113 29.0698
72 114 45.1467
189 114 57.971
198 114 57.971
466 114 27.137
467 114 27.137
503 114 101.01
504 114 101.01
610 114 31.2989
626 114 29.0698
189 115 57.971
363 115 80.9717
426 115 36.9686
503 115 101.01
504 115 101.01
508 115 57.971
546 115 17.7148
587 115 33.8983
626 115 29.0698
321 116 57.971
341 116 14.556
356 116 67.5676
426 116 36.9686
467 116 27.137
468 116 27.137
498 116 27.137
502 116 101.01
503 116 101.01
504 116 101.01
507 116 57.971
520 116 45.1467
521 116 45.1467
586 116 33.8983
587 116 33.8983
625 116 29.0698
626 116 29.0698
142 117 45.1467
322 117 57.971
326 117 67.5676
341 117 14.556
356 117 67.5676
405 117 67.5676
468 117 27.137
498 117 27.137
503 117 101.01
512 117 200
585 117 33.8983
586 117 33.8983
626 117 29.0698
132 118 45.1467
142 118 45.1467
163 118 101.01
341 118 14.556
405 118 67.5676
428 118 36.9686
462 118 40.6504
498 118 27.137
503 118 101.01
504 118 101.01
505 118 101.01
610 118 31.2989
625 118 29.0698
626 118 29.0698
132 119 45.1467
142 119 45.1467
143 119 45.1467
162 119 101.01
191 119 57.971
192 119 57.971
323 119 57.971
326 119 57.971
333 119 22.6244
341 119 14.556
503 119 101.01
504 119 101.01
596 119 33.8983
133 120 50.7614
163 120 101.01
186 120 57.971
187 120 57.971
464 120 29.0698
465 120 29.0698
503 120 101.01
163 121 101.01
187 121 57.971
323 121 57.971
324 121 67.5676
330 121 29.0698
449 121 27.137
463 121 29.0698
464 121 29.0698
503 121 101.01
575 121 36.9686
576 121 36.9686
584 121 36.9686
611 121 31.2989
629 121 29.0698
133 122 50.7614
187 122 57.971
213 122 67.5676
324 122 67.5676
325 122 67.5676
330 122 29.0698
331 122 29.0698
341 122 67.5676
366 122 18.5185
383 122 67.5676
425 122 36.9686
426 122 36.9686
445 122 36.9686
449 122 27.137
503 122 101.01
507 122 57.971
537 122 18.5185
574 122 36.9686
575 122 36.9686
576 122 36.9686
611 122 31.2989
622 122 29.0698
187 123 57.971
324 123 67.5676
325 123 67.5676
331 123 29.0698
383 123 80.9717
404 123 57.971
425 123 36.9686
426 123 36.9686
541 123 18.5185
573 123 40.6504
611 123 31.2989
187 124 57.971
366 124 18.5185
500 124 101.01
501 124 101.01
560 124 18.5185
611 124 31.2989
133 125 45.1467
331 125 67.5676
381 125 80.9717
382 125 80.9717
471 125 21.4362
168 126 101.01
192 126 57.971
344 126 14.556
426 126 40.6504
427 126 36.9686
428 126 36.9686
429 126 36.9686
460 126 57.971
467 126 25.4453
541 126 18.5185
542 126 18.5185
543 126 18.5185
615 126 29.0698
161 127 101.01
162 127 101.01
168 127 101.01
192 127 57.971
193 127 57.971
325 127 67.5676
344 127 14.556
382 127 80.9717
399 127 50.7614
428 127 36.9686
429 127 36.9686
447 127 33.8983
454 127 23.9521
496 127 29.0698
541 127 18.5185
542 127 18.5185
564 127 40.6504
565 127 40.6504
612 127 31.2989
613 127 31.2989
614 127 31.2989
162 128 101.01
168 128 101.01
185 128 57.971
193 128 57.971
325 128 67.5676
326 128 67.5676
381 128 67.5676
382 128 67.5676
447 128 33.8983
453 128 23.9521
504 128 101.01
68 129 45.1467
130 129 45.1467
163 129 101.01
186 129 57.971
193 129 57.971
326 129 67.5676
330 129 40.6504
364 129 80.9717
446 129 33.8983
447 129 36.9686
493 129 200
535 129 18.5185
597 129 33.8983
45 130 40.6504
54 130 40.6504
69 130 45.1467
130 130 45.1467
163 130 134.228
186 130 57.971
213 130 80.9717
311 130 67.5676
326 130 67.5676
327 130 67.5676
330 130 40.6504
445 130 36.9686
450 130 101.01
471 130 27.137
493 130 200
496 130 27.137
130 131 45.1467
163 131 101.01
166 131 101.01
185 131 57.971
213 131 80.9717
312 131 67.5676
326 131 67.5676
327 131 67.5676
330 131 40.6504
413 131 101.01
424 131 40.6504
428 131 33.8983
449 131 101.01
558 131 27.137
561 131 18.5185
585 131 33.8983
185 132 57.971
327 132 67.5676
331 132 40.6504
401 132 50.7614
428 132 33.8983
448 132 101.01
449 132 101.01
600 132 31.2989
185 133 57.971
217 133 67.5676
327 133 67.5676
400 133 50.7614
401 133 50.7614
411 133 101.01
447 133 134.228
448 133 134.228
585 133 33.8983
185 134 57.971
217 134 67.5676
243 134 80.9717
327 134 67.5676
400 134 50.7614
401 134 50.7614
402 134 50.7614
426 134 40.6504
445 134 134.228
446 134 134.228
562 134 18.5185
585 134 33.8983
185 135 67.5676
243 135 80.9717
327 135 67.5676
331 135 36.9686
339 135 11.0193
401 135 57.971
426 135 40.6504
427 135 40.6504
478 135 20.3666
495 135 27.137
496 135 27.137
562 135 18.5185
169 136 101.01
185 136 67.5676
191 136 57.971
192 136 57.971
243 136 80.9717
246 136 80.9717
327 136 80.9717
328 136 80.9717
331 136 36.9686
368 136 67.5676
369 136 67.5676
373 136 36.9686
562 136 18.5185
80 137 45.1467
169 137 101.01
192 137 57.971
205 137 57.971
243 137 80.9717
244 137 80.9717
327 137 80.9717
328 137 80.9717
332 137 36.9686
343 137 16.2999
368 137 67.5676
369 137 67.5676
562 137 18.5185
182 138 134.228
243 138 80.9717
244 138 80.9717
253 138 80.9717
327 138 67.5676
328 138 67.5676
339 138 21.4362
343 138 16.2999
426 138 36.9686
427 138 36.9686
482 138 27.137
181 139 134.228
214 139 67.5676
215 139 67.5676
243 139 80.9717
252 139 80.9717
328 139 67.5676
332 139 33.8983
343 139 16.2999
368 139 80.9717
383 139 67.5676
411 139 31.2989
481 139 27.137
482 139 27.137
561 139 18.5185
129 140 45.1467
184 140 134.228
215 140 67.5676
252 140 80.9717
315 140 57.971
316 140 57.971
317 140 57.971
328 140 67.5676
339 140 23.9521
368 140 67.5676
431 140 29.0698
432 140 29.0698
534 140 45.1467
554 140 18.5185
555 140 18.5185
561 140 18.5185
562 140 18.5185
130 141 45.1467
215 141 67.5676
241 141 80.9717
242 141 80.9717
316 141 57.971
333 141 36.9686
360 141 9.26784
380 141 80.9717
381 141 67.5676
400 141 57.971
427 141 36.9686
428 141 36.9686
431 141 31.2989
432 141 29.0698
528 141 45.1467
531 141 50.7614
532 141 45.1467
561 141 18.5185
562 141 18.5185
568 141 36.9686
130 142 45.1467
131 142 45.1467
175 142 101.01
215 142 67.5676
241 142 80.9717
242 142 80.9717
316 142 57.971
325 142 200
328 142 67.5676
333 142 36.9686
338 142 23.9521
339 142 23.9521
366 142 67.5676
400 142 57.971
401 142 57.971
427 142 36.9686
428 142 36.9686
429 142 36.9686
525 142 57.971
131 143 45.1467
166 143 101.01
175 143 101.01
215 143 80.9717
241 143 80.9717
242 143 80.9717
317 143 57.971
325 143 200
328 143 80.9717
329 143 67.5676
333 143 36.9686
338 143 23.9521
428 143 36.9686
429 143 36.9686
474 143 27.137
171 144 134.228
184 144 134.228
215 144 80.9717
241 144 101.01
242 144 101.01
317 144 57.971
323 144 200
329 144 67.5676
341 144 20.3666
375 144 16.2999
428 144 36.9686
429 144 36.9686
555 144 18.5185
562 144 18.5185
636 144 29.0698
174 145 101.01
215 145 80.9717
241 145 101.01
326 145 200
329 145 67.5676
341 145 20.3666
375 145 16.2999
412 145 134.228
527 145 57.971
540 145 45.1467
562 145 18.5185
563 145 18.5185
636 145 29.0698
637 145 29.0698
174 146 101.01
183 146 67.5676
227 146 67.5676
241 146 101.01
318 146 57.971
329 146 67.5676
330 146 67.5676
358 146 80.9717
375 146 16.2999
398 146 80.9717
399 146 80.9717
411 146 134.228
424 146 67.5676
425 146 67.5676
539 146 45.1467
540 146 45.1467
562 146 18.5185
563 146 18.5185
636 146 29.0698
637 146 29.0698
183 147 57.971
227 147 67.5676
241 147 101.01
314 147 200
318 147 57.971
329 147 67.5676
330 147 67.5676
334 147 36.9686
341 147 67.5676
398 147 80.9717
399 147 80.9717
540 147 45.1467
562 147 18.5185
563 147 18.5185
631 147 29.0698
637 147 29.0698
83 148 45.1467
174 148 101.01
183 148 57.971
215 148 67.5676
241 148 101.01
330 148 80.9717
334 148 36.9686
335 148 36.9686
398 148 80.9717
401 148 67.5676
557 148 18.5185
631 148 29.0698
83 149 45.1467
107 149 45.1467
108 149 45.1467
127 149 101.01
128 149 101.01
174 149 101.01
206 149 57.971
242 149 80.9717
252 149 80.9717
330 149 67.5676
334 149 36.9686
335 149 36.9686
373 149 67.5676
413 149 101.01
620 149 29.0698
621 149 29.0698
631 149 29.0698
108 150 45.1467
128 150 101.01
129 150 101.01
180 150 134.228
206 150 57.971
216 150 67.5676
242 150 80.9717
243 150 80.9717
252 150 80.9717
319 150 67.5676
322 150 67.5676
330 150 67.5676
331 150 67.5676
335 150 36.9686
340 150 23.9521
358 150 67.5676
373 150 67.5676
555 150 18.5185
556 150 18.5185
557 150 18.5185
565 150 18.5185
566 150 18.5185
620 150 29.0698
621 150 29.0698
631 150 29.0698
635 150 31.2989
637 150 29.0698
128 151 101.01
129 151 101.01
216 151 67.5676
242 151 80.9717
243 151 80.9717
320 151 67.5676
331 151 67.5676
335 151 36.9686
342 151 21.4362
356 151 67.5676
357 151 67.5676
371 151 67.5676
417 151 200
556 151 18.5185
557 151 18.5185
566 151 18.5185
621 151 29.0698
243 152 80.9717
301 152 67.5676
331 152 67.5676
332 152 67.5676
343 152 21.4362
345 152 21.4362
351 152 14.0548
355 152 67.5676
356 152 67.5676
370 152 80.9717
556 152 18.5185
566 152 18.5185
567 152 18.5185
621 152 29.0698
132 153 134.228
176 153 101.01
301 153 67.5676
321 153 67.5676
331 153 67.5676
332 153 67.5676
343 153 21.4362
351 153 14.0548
366 153 29.0698
414 153 101.01
565 153 18.5185
566 153 18.5185
606 153 31.2989
614 153 31.2989
615 153 31.2989
132 154 134.228
217 154 80.9717
242 154 101.01
309 154 80.9717
332 154 67.5676
333 154 67.5676
336 154 40.6504
343 154 21.4362
359 154 67.5676
366 154 29.0698
367 154 29.0698
397 154 101.01
401 154 50.7614
565 154 18.5185
566 154 18.5185
605 154 31.2989
606 154 31.2989
607 154 31.2989
614 154 31.2989
615 154 31.2989
620 154 29.0698
621 154 29.0698
217 155 80.9717
218 155 80.9717
242 155 101.01
309 155 67.5676
332 155 67.5676
333 155 67.5676
351 155 57.971
359 155 67.5676
366 155 29.0698
431 155 36.9686
471 155 50.7614
565 155 18.5185
566 155 18.5185
605 155 31.2989
606 155 31.2989
607 155 31.2989
135 156 80.9717
218 156 80.9717
242 156 101.01
332 156 67.5676
333 156 67.5676
346 156 18.5185
365 156 67.5676
401 156 50.7614
402 156 50.7614
446 156 36.9686
471 156 50.7614
478 156 31.2989
555 156 19.3986
556 156 19.3986
557 156 19.3986
565 156 18.5185
566 156 18.5185
601 156 31.2989
606 156 31.2989
129 157 101.01
130 157 101.01
310 157 80.9717
332 157 67.5676
333 157 67.5676
337 157 36.9686
350 157 57.971
351 157 57.971
369 157 25.4453
401 157 57.971
402 157 57.971
446 157 36.9686
470 157 50.7614
471 157 50.7614
555 157 19.3986
565 157 18.5185
566 157 18.5185
592 157 33.8983
593 157 33.8983
600 157 31.2989
601 157 31.2989
218 158 80.9717
333 158 67.5676
336 158 36.9686
337 158 36.9686
369 158 25.4453
401 158 57.971
402 158 57.971
470 158 57.971
471 158 57.971
565 158 18.5185
592 158 33.8983
593 158 33.8983
600 158 31.2989
601 158 31.2989
241 159 80.9717
263 159 134.228
264 159 134.228
333 159 67.5676
336 159 36.9686
337 159 36.9686
369 159 25.4453
373 159 67.5676
428 159 40.6504
429 159 40.6504
434 159 25.4453
435 159 25.4453
436 159 25.4453
469 159 57.971
470 159 57.971
471 159 57.971
525 159 67.5676
529 159 45.1467
555 159 18.5185
556 159 18.5185
565 159 18.5185
566 159 18.5185
628 159 33.8983
629 159 31.2989
630 159 31.2989
631 159 29.0698
632 159 29.0698
217 160 80.9717
218 160 80.9717
241 160 80.9717
263 160 134.228
264 160 134.228
267 160 50.7614
316 160 67.5676
317 160 67.5676
318 160 67.5676
323 160 67.5676
332 160 67.5676
333 160 67.5676
336 160 36.9686
337 160 36.9686
360 160 67.5676
427 160 40.6504
428 160 40.6504
429 160 40.6504
433 160 36.9686
434 160 25.4453
475 160 36.9686
556 160 18.5185
557 160 18.5185
565 160 18.5185
592 160 33.8983
623 160 29.0698
631 160 29.0698
128 161 134.228
207 161 57.971
217 161 80.9717
218 161 80.9717
241 161 80.9717
263 161 134.228
264 161 134.228
323 161 67.5676
332 161 67.5676
333 161 67.5676
336 161 36.9686
337 161 36.9686
344 161 67.5676
348 161 45.1467
360 161 67.5676
422 161 101.01
423 161 101.01
498 161 50.7614
566 161 18.5185
567 161 18.5185
580 161 36.9686
581 161 36.9686
588 161 33.8983
623 161 29.0698
128 162 134.228
217 162 80.9717
241 162 80.9717
242 162 80.9717
263 162 134.228
264 162 134.228
295 162 134.228
326 162 67.5676
329 162 200
332 162 67.5676
333 162 67.5676
337 162 36.9686
348 162 45.1467
422 162 101.01
437 162 36.9686
566 162 18.5185
567 162 18.5185
580 162 36.9686
581 162 36.9686
588 162 33.8983
592 162 33.8983
616 162 31.2989
627 162 29.0698
263 163 134.228
264 163 134.228
295 163 134.228
296 163 134.228
332 163 67.5676
333 163 67.5676
344 163 67.5676
358 163 67.5676
453 163 67.5676
454 163 67.5676
525 163 67.5676
526 163 67.5676
555 163 19.3986
556 163 19.3986
557 163 19.3986
567 163 18.5185
580 163 36.9686
613 163 33.8983
614 163 31.2989
615 163 31.2989
616 163 31.2989
627 163 29.0698
93 164 45.1467
264 164 134.228
301 164 36.9686
323 164 67.5676
333 164 67.5676
343 164 80.9717
453 164 67.5676
576 164 36.9686
615 164 31.2989
628 164 29.0698
240 165 101.01
324 165 67.5676
325 165 67.5676
337 165 67.5676
432 165 67.5676
438 165 36.9686
439 165 36.9686
576 165 36.9686
628 165 29.0698
127 166 101.01
128 166 101.01
240 166 80.9717
295 166 200
314 166 200
337 166 67.5676
367 166 33.8983
402 166 50.7614
438 166 36.9686
470 166 57.971
558 166 18.5185
559 166 18.5185
566 166 18.5185
567 166 18.5185
600 166 33.8983
601 166 33.8983
602 166 31.2989
612 166 31.2989
613 166 31.2989
628 166 29.0698
234 167 134.228
240 167 80.9717
241 167 80.9717
295 167 200
314 167 200
319 167 45.1467
337 167 67.5676
360 167 67.5676
361 167 67.5676
366 167 33.8983
367 167 33.8983
402 167 50.7614
470 167 57.971
559 167 18.5185
566 167 18.5185
599 167 33.8983
600 167 33.8983
601 167 33.8983
612 167 31.2989
628 167 29.0698
129 168 134.228
241 168 80.9717
295 168 200
314 168 200
337 168 67.5676
340 168 67.5676
348 168 80.9717
354 168 33.8983
355 168 33.8983
366 168 33.8983
402 168 50.7614
612 168 31.2989
627 168 29.0698
628 168 29.0698
118 169 57.971
130 169 134.228
131 169 134.228
241 169 80.9717
242 169 80.9717
314 169 200
322 169 33.8983
336 169 200
348 169 80.9717
349 169 80.9717
366 169 33.8983
402 169 50.7614
440 169 36.9686
533 169 80.9717
559 169 18.5185
560 169 18.5185
561 169 18.5185
566 169 18.5185
588 169 33.8983
612 169 31.2989
626 169 31.2989
130 170 134.228
131 170 134.228
217 170 80.9717
242 170 80.9717
314 170 200
336 170 200
348 170 80.9717
349 170 80.9717
360 170 80.9717
377 170 21.4362
440 170 36.9686
444 170 27.137
552 170 31.2989
560 170 18.5185
561 170 18.5185
586 170 36.9686
587 170 33.8983
588 170 33.8983
589 170 33.8983
612 170 31.2989
242 171 80.9717
243 171 80.9717
308 171 134.228
314 171 200
360 171 80.9717
366 171 33.8983
400 171 67.5676
440 171 36.9686
444 171 27.137
466 171 57.971
467 171 57.971
526 171 57.971
527 171 57.971
540 171 45.1467
559 171 18.5185
560 171 18.5185
561 171 18.5185
566 171 18.5185
612 171 31.2989
243 172 80.9717
261 172 134.228
307 172 134.228
308 172 134.228
360 172 80.9717
361 172 80.9717
439 172 36.9686
440 172 36.9686
540 172 45.1467
566 172 18.5185
576 172 36.9686
577 172 36.9686
599 172 31.2989
612 172 31.2989
125 173 134.228
243 173 80.9717
261 173 134.228
278 173 134.228
365 173 80.9717
439 173 36.9686
440 173 36.9686
540 173 45.1467
541 173 45.1467
575 173 36.9686
576 173 36.9686
577 173 36.9686
586 173 33.8983
612 173 31.2989
627 173 29.0698
628 173 29.0698
5 174 80.9717
261 174 134.228
278 174 134.228
282 174 134.228
399 174 80.9717
524 174 57.971
528 174 40.6504
529 174 40.6504
586 174 33.8983
598 174 31.2989
599 174 31.2989
621 174 29.0698
628 174 29.0698
120 175 67.5676
239 175 134.228
240 175 134.228
261 175 134.228
278 175 134.228
282 175 134.228
331 175 67.5676
332 175 67.5676
400 175 80.9717
514 175 80.9717
515 175 80.9717
524 175 57.971
525 175 57.971
558 175 18.5185
559 175 18.5185
565 175 36.9686
566 175 36.9686
567 175 36.9686
598 175 33.8983
599 175 33.8983
628 175 29.0698
120 176 67.5676
215 176 101.01
239 176 134.228
240 176 134.228
261 176 134.228
265 176 134.228
278 176 134.228
282 176 134.228
293 176 200
294 176 200
332 176 67.5676
400 176 80.9717
401 176 80.9717
524 176 57.971
525 176 57.971
565 176 36.9686
566 176 36.9686
575 176 36.9686
586 176 33.8983
612 176 31.2989
628 176 29.0698
66 177 40.6504
120 177 67.5676
125 177 101.01
214 177 101.01
239 177 134.228
240 177 134.228
258 177 134.228
261 177 134.228
265 177 134.228
278 177 134.228
282 177 134.228
293 177 200
332 177 67.5676
345 177 33.8983
349 177 22.6244
378 177 200
379 177 200
439 177 36.9686
586 177 33.8983
612 177 31.2989
627 177 29.0698
628 177 29.0698
95 178 50.7614
124 178 134.228
125 178 101.01
240 178 134.228
258 178 134.228
282 178 134.228
293 178 200
294 178 200
324 178 200
332 178 67.5676
349 178 22.6244
439 178 36.9686
556 178 40.6504
557 178 40.6504
586 178 33.8983
612 178 31.2989
627 178 29.0698
628 178 29.0698
632 178 25.4453
5 179 80.9717
239 179 134.228
240 179 134.228
293 179 200
294 179 200
309 179 134.228
311 179 134.228
324 179 200
336 179 200
339 179 67.5676
438 179 36.9686
439 179 36.9686
470 179 57.971
533 179 50.7614
556 179 40.6504
567 179 18.5185
568 179 18.5185
598 179 33.8983
599 179 33.8983
612 179 31.2989
627 179 31.2989
628 179 31.2989
5 180 80.9717
122 180 134.228
239 180 134.228
240 180 134.228
293 180 200
294 180 200
298 180 200
309 180 134.228
324 180 200
331 180 67.5676
332 180 67.5676
336 180 200
361 180 80.9717
432 180 80.9717
524 180 57.971
525 180 57.971
598 180 33.8983
606 180 31.2989
612 180 31.2989
627 180 31.2989
628 180 31.2989
122 181 134.228
256 181 80.9717
298 181 200
309 181 134.228
324 181 200
332 181 80.9717
361 181 80.9717
432 181 80.9717
486 181 27.137
490 181 22.6244
524 181 57.971
528 181 45.1467
606 181 31.2989
612 181 31.2989
627 181 31.2989
628 181 31.2989
67 182 45.1467
75 182 50.7614
118 182 134.228
245 182 101.01
309 182 134.228
311 182 134.228
324 182 200
332 182 80.9717
339 182 29.0698
352 182 134.228
361 182 80.9717
486 182 27.137
524 182 57.971
525 182 57.971
527 182 50.7614
534 182 50.7614
535 182 50.7614
612 182 31.2989
637 182 27.137
68 183 45.1467
75 183 50.7614
117 183 134.228
195 183 57.971
245 183 80.9717
332 183 80.9717
333 183 80.9717
339 183 29.0698
361 183 80.9717
415 183 67.5676
462 183 45.1467
469 183 57.971
470 183 57.971
471 183 57.971
524 183 57.971
525 183 57.971
598 183 33.8983
611 183 31.2989
612 183 31.2989
632 183 29.0698
633 183 29.0698
68 184 45.1467
246 184 80.9717
247 184 80.9717
318 184 134.228
332 184 80.9717
338 184 29.0698
339 184 29.0698
351 184 134.228
414 184 67.5676
415 184 67.5676
562 184 18.5185
9 185 101.01
68 185 45.1467
112 185 57.971
246 185 80.9717
247 185 80.9717
266 185 134.228
318 185 134.228
331 185 80.9717
332 185 80.9717
338 185 29.0698
339 185 29.0698
359 185 80.9717
364 185 40.6504
365 185 40.6504
379 185 200
413 185 67.5676
414 185 67.5676
423 185 101.01
598 185 33.8983
68 186 45.1467
118 186 101.01
206 186 57.971
246 186 80.9717
247 186 80.9717
259 186 134.228
266 186 134.228
279 186 134.228
284 186 134.228
318 186 134.228
331 186 80.9717
332 186 80.9717
359 186 80.9717
360 186 80.9717
364 186 40.6504
564 186 18.5185
568 186 18.5185
598 186 33.8983
631 186 29.0698
632 186 29.0698
68 187 45.1467
118 187 101.01
222 187 67.5676
247 187 80.9717
259 187 134.228
266 187 134.228
279 187 134.228
284 187 134.228
286 187 134.228
318 187 134.228
331 187 80.9717
332 187 80.9717
345 187 17.7148
359 187 80.9717
360 187 80.9717
364 187 40.6504
563 187 17.7148
564 187 17.7148
587 187 33.8983
606 187 31.2989
206 188 67.5676
241 188 134.228
247 188 80.9717
259 188 134.228
266 188 134.228
279 188 134.228
286 188 134.228
298 188 134.228
345 188 17.7148
359 188 80.9717
360 188 80.9717
406 188 80.9717
407 188 67.5676
409 188 134.228
569 188 18.5185
575 188 36.9686
206 189 67.5676
259 189 134.228
266 189 134.228
279 189 134.228
286 189 134.228
298 189 134.228
345 189 17.7148
359 189 80.9717
372 189 200
387 189 134.228
412 189 80.9717
413 189 80.9717
414 189 67.5676
561 189 18.5185
562 189 18.5185
569 189 18.5185
206 190 67.5676
259 190 134.228
266 190 134.228
279 190 134.228
286 190 134.228
298 190 134.228
308 190 134.228
324 190 27.137
332 190 67.5676
344 190 19.3986
345 190 19.3986
371 190 200
410 190 101.01
411 190 80.9717
412 190 80.9717
413 190 80.9717
414 190 67.5676
415 190 67.5676
416 190 57.971
529 190 80.9717
560 190 18.5185
561 190 18.5185
119 191 67.5676
206 191 67.5676
259 191 134.228
279 191 134.228
286 191 134.228
298 191 134.228
314 191 134.228
315 191 134.228
330 191 67.5676
332 191 67.5676
353 191 200
363 191 29.0698
371 191 200
380 191 33.8983
412 191 80.9717
413 191 80.9717
414 191 67.5676
415 191 67.5676
559 191 18.5185
560 191 18.5185
561 191 18.5185
206 192 67.5676
259 192 134.228
279 192 134.228
298 192 134.228
315 192 134.228
332 192 67.5676
344 192 19.3986
351 192 200
352 192 200
353 192 200
362 192 29.0698
363 192 29.0698
371 192 200
372 192 200
380 192 101.01
394 192 101.01
560 192 18.5185
561 192 18.5185
97 193 67.5676
206 193 67.5676
298 193 134.228
315 193 134.228
324 193 29.0698
332 193 67.5676
337 193 33.8983
345 193 19.3986
351 193 200
352 193 200
379 193 101.01
393 193 101.01
394 193 101.01
519 193 33.8983
561 193 18.5185
206 194 67.5676
246 194 80.9717
298 194 134.228
308 194 134.228
315 194 134.228
323 194 29.0698
324 194 29.0698
331 194 67.5676
332 194 67.5676
337 194 33.8983
338 194 33.8983
345 194 19.3986
379 194 200
381 194 200
394 194 101.01
422 194 101.01
423 194 101.01
424 194 80.9717
425 194 31.2989
426 194 31.2989
427 194 29.0698
489 194 27.137
490 194 27.137
94 195 101.01
100 195 101.01
206 195 67.5676
246 195 80.9717
314 195 200
315 195 200
324 195 29.0698
331 195 67.5676
332 195 67.5676
337 195 33.8983
338 195 33.8983
345 195 18.5185
412 195 134.228
414 195 101.01
415 195 101.01
416 195 101.01
418 195 80.9717
561 195 18.5185
562 195 18.5185
568 195 18.5185
100 196 101.01
115 196 101.01
245 196 80.9717
324 196 31.2989
328 196 200
331 196 80.9717
332 196 80.9717
337 196 33.8983
354 196 200
414 196 101.01
415 196 101.01
416 196 101.01
417 196 80.9717
561 196 18.5185
223 197 134.228
245 197 80.9717
328 197 200
331 197 80.9717
332 197 80.9717
354 197 200
223 198 134.228
245 198 80.9717
246 198 80.9717
292 198 134.228
293 198 134.228
331 198 80.9717
483 198 27.137
223 199 134.228
246 199 80.9717
264 199 134.228
276 199 134.228
279 199 57.971
292 199 134.228
293 199 134.228
324 199 134.228
325 199 134.228
341 199 36.9686
409 199 80.9717
410 199 80.9717
223 200 134.228
246 200 80.9717
264 200 134.228
273 200 25.4453
276 200 134.228
279 200 57.971
286 200 67.5676
293 200 134.228
324 200 134.228
325 200 134.228
337 200 67.5676
341 200 36.9686
345 200 25.4453
223 201 134.228
246 201 80.9717
252 201 134.228
264 201 134.228
276 201 134.228
279 201 134.228
293 201 134.228
337 201 67.5676
341 201 36.9686
369 201 200
377 201 36.9686
444 201 31.2989
445 201 31.2989
446 201 31.2989
447 201 31.2989
223 202 134.228
240 202 134.228
252 202 134.228
264 202 134.228
276 202 134.228
293 202 134.228
307 202 134.228
308 202 134.228
311 202 57.971
312 202 57.971
318 202 200
319 202 200
336 202 67.5676
337 202 67.5676
358 202 101.01
369 202 200
377 202 36.9686
411 202 33.8983
445 202 31.2989
446 202 31.2989
447 202 31.2989
560 202 18.5185
561 202 18.5185
562 202 18.5185
223 203 134.228
227 203 134.228
240 203 134.228
252 203 134.228
264 203 134.228
276 203 134.228
279 203 134.228
293 203 134.228
308 203 134.228
331 203 67.5676
336 203 67.5676
337 203 67.5676
348 203 101.01
356 203 101.01
357 203 80.9717
358 203 80.9717
403 203 80.9717
446 203 31.2989
447 203 29.0698
559 203 18.5185
560 203 18.5185
561 203 18.5185
223 204 134.228
227 204 134.228
240 204 134.228
251 204 134.228
252 204 134.228
264 204 134.228
276 204 134.228
279 204 134.228
293 204 134.228
308 204 134.228
331 204 67.5676
336 204 67.5676
347 204 101.01
348 204 101.01
355 204 134.228
356 204 101.01
357 204 80.9717
358 204 80.9717
359 204 80.9717
371 204 20.3666
380 204 13.587
421 204 31.2989
422 204 31.2989
430 204 19.3986
436 204 31.2989
564 204 17.7148
223 205 134.228
239 205 134.228
252 205 134.228
284 205 134.228
293 205 134.228
314 205 200
318 205 134.228
331 205 67.5676
337 205 57.971
358 205 80.9717
359 205 80.9717
371 205 20.3666
376 205 200
377 205 134.228
379 205 14.0548
380 205 13.587
383 205 40.6504
384 205 40.6504
387 205 29.0698
391 205 22.6244
448 205 29.0698
563 205 17.7148
223 206 134.228
227 206 134.228
239 206 134.228
284 206 134.228
293 206 134.228
317 206 134.228
318 206 134.228
331 206 20.3666
358 206 80.9717
376 206 200
377 206 134.228
383 206 40.6504
407 206 36.9686
408 206 36.9686
409 206 36.9686
421 206 31.2989
422 206 31.2989
448 206 25.4453
559 206 18.5185
560 206 18.5185
293 207 134.228
298 207 40.6504
358 207 80.9717
370 207 22.6244
421 207 31.2989
422 207 31.2989
428 207 33.8983
209 208 80.9717
223 208 134.228
241 208 101.01
246 208 80.9717
292 208 134.228
293 208 134.228
356 208 80.9717
358 208 80.9717
369 208 22.6244
387 208 134.228
393 208 45.1467
394 208 45.1467
421 208 31.2989
422 208 31.2989
428 208 33.8983
431 208 31.2989
169 209 80.9717
240 209 101.01
241 209 101.01
246 209 80.9717
272 209 134.228
330 209 67.5676
338 209 134.228
341 209 67.5676
347 209 29.0698
355 209 200
358 209 80.9717
368 209 22.6244
369 209 22.6244
394 209 45.1467
410 209 15.0943
421 209 31.2989
428 209 33.8983
448 209 25.4453
449 209 25.4453
185 210 101.01
241 210 101.01
246 210 80.9717
272 210 134.228
329 210 67.5676
330 210 67.5676
338 210 134.228
339 210 101.01
341 210 67.5676
346 210 134.228
347 210 29.0698
349 210 29.0698
355 210 200
356 210 80.9717
358 210 80.9717
393 210 45.1467
394 210 45.1467
405 210 19.3986
420 210 31.2989
421 210 31.2989
428 210 33.8983
429 210 33.8983
446 210 31.2989
449 210 25.4453
246 211 80.9717
272 211 134.228
292 211 134.228
326 211 200
330 211 67.5676
338 211 134.228
341 211 67.5676
348 211 29.0698
349 211 29.0698
355 211 200
357 211 80.9717
358 211 67.5676
363 211 33.8983
394 211 45.1467
405 211 19.3986
420 211 31.2989
421 211 31.2989
449 211 25.4453
246 212 80.9717
271 212 134.228
272 212 134.228
326 212 200
358 212 67.5676
363 212 33.8983
364 212 80.9717
367 212 134.228
368 212 134.228
369 212 134.228
370 212 134.228
371 212 101.01
374 212 134.228
375 212 134.228
376 212 134.228
377 212 36.9686
378 212 20.3666
382 212 36.9686
385 212 29.0698
246 213 80.9717
255 213 134.228
270 213 134.228
366 213 200
368 213 134.228
369 213 134.228
373 213 134.228
374 213 134.228
375 213 134.228
376 213 134.228
399 213 14.0548
400 213 13.587
566 213 17.7148
232 214 200
238 214 134.228
255 214 134.228
270 214 134.228
326 214 200
330 214 57.971
337 214 25.4453
338 214 25.4453
345 214 200
368 214 134.228
369 214 134.228
374 214 134.228
375 214 134.228
382 214 36.9686
386 214 29.0698
396 214 40.6504
397 214 40.6504
399 214 14.0548
400 214 13.587
458 214 22.6244
492 214 22.6244
493 214 21.4362
494 214 21.4362
495 214 20.3666
550 214 15.674
565 214 17.7148
566 214 17.7148
568 214 17.7148
569 214 16.9779
223 215 80.9717
232 215 200
238 215 134.228
255 215 134.228
270 215 134.228
271 215 134.228
338 215 25.4453
382 215 36.9686
385 215 29.0698
397 215 40.6504
493 215 21.4362
494 215 21.4362
495 215 20.3666
496 215 20.3666
170 216 80.9717
232 216 200
238 216 134.228
255 216 134.228
271 216 134.228
437 216 27.137
438 216 27.137
496 216 20.3666
497 216 19.3986
498 216 19.3986
541 216 17.7148
542 216 17.7148
543 216 16.9779
544 216 16.9779
545 216 16.9779
546 216 16.2999
549 216 15.674
550 216 15.674
170 217 80.9717
232 217 200
238 217 134.228
255 217 134.228
272 217 134.228
417 217 31.2989
418 217 31.2989
442 217 21.4362
469 217 22.6244
470 217 22.6244
543 217 16.9779
544 217 16.9779
545 217 16.9779
232 218 200
238 218 134.228
265 218 134.228
437 218 27.137
438 218 27.137
442 218 21.4362
469 218 22.6244
470 218 22.6244
493 218 22.6244
494 218 21.4362
499 218 17.7148
541 218 17.7148
542 218 17.7148
584 218 12.7389
585 218 12.7389
175 219 101.01
225 219 200
232 219 200
238 219 134.228
394 219 40.6504
395 219 40.6504
437 219 27.137
469 219 21.4362
470 219 21.4362
493 219 22.6244
494 219 22.6244
500 219 16.9779
534 219 16.9779
535 219 16.9779
536 219 16.9779
537 219 16.2999
170 220 80.9717
175 220 101.01
394 220 40.6504
395 220 40.6504
418 220 29.0698
425 220 19.3986
469 220 21.4362
470 220 21.4362
494 220 22.6244
495 220 22.6244
527 220 16.2999
528 220 16.2999
529 220 16.2999
555 220 17.7148
556 220 16.9779
557 220 17.7148
558 220 16.9779
572 220 15.0943
577 220 13.1492
578 220 13.1492
579 220 13.1492
580 220 12.7389
623 220 11.325
624 220 11.325
625 220 11.325
626 220 11.325
627 220 11.0193
628 220 11.0193
629 220 10.4548
630 220 10.4548
631 220 10.4548
175 221 101.01
395 221 40.6504
400 221 25.4453
418 221 29.0698
444 221 23.9521
445 221 23.9521
455 221 18.5185
456 221 18.5185
469 221 21.4362
470 221 21.4362
471 221 21.4362
493 221 22.6244
494 221 22.6244
495 221 22.6244
502 221 16.9779
528 221 16.2999
529 221 16.2999
531 221 15.674
576 221 13.1492
577 221 13.1492
578 221 13.1492
624 221 11.325
625 221 11.325
626 221 11.325
422 222 23.9521
445 222 23.9521
457 222 18.5185
469 222 21.4362
470 222 21.4362
471 222 21.4362
553 222 16.9779
554 222 16.9779
594 222 11.6482
595 222 11.6482
619 222 11.325
620 222 11.325
621 222 11.325
622 222 11.325
384 223 45.1467
385 223 45.1467
386 223 45.1467
391 223 27.137
418 223 29.0698
422 223 23.9521
439 223 27.137
440 223 27.137
507 223 16.9779
553 223 16.9779
605 223 11.6482
619 223 11.325
620 223 11.325
621 223 11.325
191 224 57.971
383 224 134.228
384 224 45.1467
385 224 45.1467
386 224 45.1467
388 224 40.6504
390 224 33.8983
391 224 27.137
392 224 27.137
395 224 29.0698
396 224 29.0698
413 224 33.8983
414 224 33.8983
418 224 31.2989
419 224 31.2989
422 224 23.9521
439 224 25.4453
440 224 25.4453
505 224 16.9779
506 224 16.9779
552 224 16.9779
553 224 16.9779
605 224 11.6482
626 224 13.1492
628 224 12.3533
629 224 12.3533
630 224 12.3533
631 224 11.9904
390 225 33.8983
413 225 33.8983
419 225 31.2989
439 225 25.4453
440 225 25.4453
445 225 19.3986
446 225 19.3986
447 225 18.5185
497 225 18.5185
498 225 18.5185
499 225 18.5185
500 225 17.7148
503 225 15.0943
509 225 16.2999
552 225 16.9779
553 225 16.9779
413 226 33.8983
440 226 25.4453
443 226 20.3666
444 226 20.3666
496 226 18.5185
497 226 18.5185
498 226 18.5185
543 226 18.5185
544 226 18.5185
545 226 16.9779
546 226 16.2999
547 226 15.674
548 226 15.674
549 226 15.0943
632 226 11.9904
633 226 11.9904
394 227 134.228
396 227 134.228
401 227 36.9686
402 227 36.9686
403 227 36.9686
408 227 22.6244
413 227 33.8983
414 227 33.8983
422 227 20.3666
465 227 21.4362
497 227 18.5185
498 227 18.5185
503 227 15.0943
504 227 15.0943
635 227 11.9904
636 227 11.6482
401 228 36.9686
402 228 36.9686
408 228 22.6244
420 228 20.3666
421 228 20.3666
422 228 20.3666
502 228 15.0943
506 228 15.0943
507 228 15.0943
508 228 15.0943
558 228 15.0943
559 228 15.0943
571 228 13.1492
635 228 11.9904
441 229 25.4453
442 229 25.4453
445 229 20.3666
478 229 21.4362
479 229 21.4362
494 229 23.9521
511 229 15.0943
559 229 15.0943
562 229 14.0548
570 229 13.1492
624 229 12.7389
625 229 12.3533
627 229 11.6482
141 230 50.7614
352 230 67.5676
355 230 36.9686
356 230 36.9686
431 230 27.137
445 230 20.3666
478 230 21.4362
479 230 21.4362
482 230 18.5185
483 230 18.5185
552 230 15.0943
627 230 11.6482
628 230 11.6482
629 230 11.6482
352 231 67.5676
355 231 36.9686
356 231 36.9686
405 231 33.8983
406 231 33.8983
407 231 33.8983
409 231 31.2989
410 231 29.0698
415 231 33.8983
416 231 31.2989
417 231 31.2989
482 231 18.5185
588 231 11.6482
590 231 11.6482
603 231 11.325
628 231 11.6482
629 231 11.6482
630 231 11.6482
355 232 36.9686
406 232 33.8983
407 232 33.8983
416 232 33.8983
418 232 31.2989
419 232 16.9779
443 232 23.9521
543 232 15.674
544 232 15.674
545 232 15.674
573 232 15.0943
574 232 15.674
629 232 11.6482
630 232 11.325
631 232 11.325
443 233 23.9521
537 233 15.674
544 233 15.674
545 233 15.674
551 233 15.674
552 233 15.674
567 233 13.1492
568 233 13.1492
601 233 11.325
602 233 11.325
629 233 11.6482
630 233 11.325
631 233 11.325
632 233 11.325
414 234 33.8983
415 234 33.8983
416 234 33.8983
434 234 27.137
435 234 27.137
455 234 23.9521
456 234 22.6244
457 234 22.6244
458 234 22.6244
460 234 18.5185
461 234 18.5185
532 234 15.674
567 234 13.1492
568 234 13.1492
571 234 15.674
608 234 9.9453
632 234 11.325
352 235 50.7614
355 235 33.8983
356 235 33.8983
434 235 27.137
435 235 27.137
456 235 22.6244
457 235 22.6244
458 235 22.6244
461 235 17.7148
462 235 17.7148
499 235 16.2999
500 235 16.2999
532 235 15.674
533 235 15.674
538 235 15.674
539 235 15.674
540 235 15.0943
555 235 15.0943
556 235 14.556
557 235 14.556
558 235 14.0548
559 235 14.0548
560 235 13.587
561 235 13.587
562 235 13.1492
623 235 11.0193
637 235 11.0193
352 236 50.7614
353 236 50.7614
356 236 33.8983
418 236 200
419 236 200
422 236 29.0698
426 236 22.6244
434 236 27.137
435 236 27.137
457 236 22.6244
462 236 17.7148
499 236 16.2999
500 236 16.2999
557 236 14.556
558 236 14.0548
559 236 14.0548
560 236 13.587
561 236 13.1492
356 237 33.8983
357 237 33.8983
421 237 29.0698
422 237 29.0698
423 237 29.0698
425 237 22.6244
426 237 22.6244
434 237 27.137
435 237 27.137
457 237 22.6244
462 237 17.7148
463 237 17.7148
497 237 16.9779
498 237 16.2999
534 237 15.674
540 237 15.0943
541 237 15.0943
557 237 14.556
558 237 14.0548
559 237 14.0548
563 237 12.7389
637 237 11.0193
356 238 33.8983
421 238 29.0698
422 238 29.0698
426 238 22.6244
433 238 27.137
434 238 27.137
435 238 27.137
444 238 23.9521
446 238 23.9521
457 238 22.6244
463 238 16.9779
529 238 15.674
530 238 15.674
531 238 15.674
540 238 15.0943
541 238 15.0943
542 238 15.0943
562 238 13.1492
563 238 12.3533
564 238 12.3533
433 239 27.137
434 239 27.137
435 239 27.137
456 239 22.6244
457 239 22.6244
458 239 22.6244
491 239 18.5185
492 239 18.5185
493 239 18.5185
525 239 15.674
540 239 15.0943
541 239 15.0943
542 239 15.0943
543 239 15.0943
628 239 11.325
629 239 11.325
434 240 27.137
456 240 22.6244
457 240 22.6244
458 240 22.6244
464 240 16.9779
486 240 27.137
487 240 27.137
488 240 23.9521
489 240 20.3666
490 240 19.3986
491 240 18.5185
492 240 18.5185
493 240 18.5185
494 240 17.7148
496 240 16.2999
542 240 15.0943
549 240 12.7389
457 241 22.6244
458 241 22.6244
464 241 16.9779
491 241 18.5185
492 241 18.5185
493 241 18.5185
496 241 16.2999
497 241 16.2999
619 241 11.0193
620 241 11.0193
357 242 40.6504
361 242 27.137
558 242 13.587
620 242 11.0193
361 243 27.137
362 243 27.137
439 243 25.4453
440 243 25.4453
441 243 25.4453
450 243 23.9521
468 243 22.6244
469 243 21.4362
470 243 21.4362
471 243 21.4362
523 243 16.2999
556 243 13.587
557 243 13.587
558 243 13.587
559 243 13.587
620 243 11.0193
439 244 25.4453
440 244 25.4453
441 244 25.4453
442 244 23.9521
460 244 22.6244
461 244 22.6244
462 244 22.6244
468 244 22.6244
469 244 21.4362
470 244 21.4362
518 244 20.3666
521 244 16.2999
522 244 16.2999
523 244 15.674
524 244 15.674
528 244 13.587
529 244 13.587
552 244 14.0548
553 244 13.587
554 244 13.587
620 244 11.0193
629 244 11.0193
630 244 11.0193
631 244 11.0193
363 245 27.137
364 245 27.137
461 245 22.6244
462 245 22.6244
521 245 16.2999
522 245 16.2999
523 245 15.674
527 245 13.587
528 245 13.587
529 245 13.587
530 245 13.587
553 245 13.587
554 245 13.587
555 245 13.587
631 245 11.0193
632 245 11.0193
633 245 10.7296
363 246 27.137
364 246 27.137
521 246 16.2999
522 246 16.2999
525 246 15.0943
526 246 14.0548
555 246 13.587
556 246 13.587
462 247 21.4362
520 247 16.2999
521 247 16.2999
522 247 16.2999
532 247 15.674
624 247 13.587
625 247 13.587
626 247 13.1492
627 247 12.7389
628 247 11.9904
630 247 11.325
631 247 11.0193
632 247 11.0193
633 247 10.7296
634 247 10.7296
460 248 21.4362
461 248 21.4362
462 248 21.4362
521 248 16.2999
547 248 14.0548
548 248 14.0548
553 248 12.7389
629 248 11.6482
630 248 11.325
631 248 11.325
632 248 11.0193
633 248 10.7296
634 248 10.7296
635 248 10.4548
547 249 14.0548
551 249 12.7389
554 249 12.3533
631 249 11.325
632 249 11.0193
633 249 10.7296
634 249 10.7296
549 250 14.0548
550 250 13.1492
600 251 11.6482
373 252 21.4362
490 252 18.5185
491 252 18.5185
492 252 18.5185
636 252 10.7296
637 252 10.7296
490 253 18.5185
491 253 18.5185
492 253 18.5185
548 253 14.0548
549 253 13.587
551 253 13.1492
552 253 13.1492
636 253 10.7296
637 253 10.7296
376 254 20.3666
490 254 18.5185
491 254 18.5185
492 254 18.5185
493 254 17.7148
502 254 18.5185
503 254 18.5185
504 254 18.5185
505 254 17.7148
548 254 14.0548
549 254 13.587
551 254 13.587
611 254 11.325
612 254 11.325
637 254 10.7296
492 255 18.5185
502 255 18.5185
503 255 18.5185
504 255 18.5185
554 255 13.587
612 255 11.325
613 255 11.325
631 255 11.6482
637 255 10.7296
491 256 17.7148
492 256 17.7148
493 256 17.7148
508 256 15.0943
509 256 19.3986
510 256 18.5185
511 256 19.3986
512 256 19.3986
547 256 14.0548
553 256 13.587
554 256 13.587
599 256 11.6482
600 256 11.6482
613 256 11.325
631 256 11.6482
632 256 11.6482
493 257 17.7148
545 257 14.0548
546 257 14.0548
547 257 14.0548
550 257 14.556
551 257 14.0548
552 257 14.0548
553 257 14.0548
554 257 13.587
597 257 11.6482
598 257 11.6482
599 257 11.6482
614 257 11.0193
632 257 11.6482
379 258 19.3986
380 258 19.3986
381 258 19.3986
546 258 14.0548
547 258 14.0548
551 258 14.0548
552 258 14.0548
553 258 13.587
596 258 11.6482
597 258 11.6482
598 258 11.6482
602 258 10.7296
603 258 10.7296
380 259 19.3986
381 259 19.3986
521 259 16.2999
522 259 16.2999
597 259 11.6482
601 259 10.7296
554 260 13.587
555 260 13.587
600 260 11.0193
601 260 10.7296
545 261 14.556
546 261 14.556
553 261 13.587
554 261 13.587
555 261 13.587
596 261 11.6482
617 261 10.7296
631 261 11.325
632 261 11.325
633 261 11.325
634 261 11.0193
545 262 14.0548
546 262 14.0548
555 262 13.587
601 262 11.325
605 262 11.325
606 262 11.325
607 262 11.325
617 262 10.7296
618 262 10.7296
143 263 16.2999
528 263 15.674
545 263 14.0548
546 263 14.0548
598 263 11.6482
546 264 14.0548
598 264 11.6482
599 264 11.325
600 264 11.325
553 265 13.587
554 265 13.587
599 265 11.6482
600 265 11.325
601 265 11.325
602 265 11.325
607 265 11.325
608 265 11.325
609 265 11.325
553 266 13.587
554 266 13.587
555 266 13.587
599 266 11.6482
600 266 11.325
601 266 11.325
608 266 11.325
609 266 11.325
610 266 11.325
553 267 14.0548
554 267 13.587
562 267 13.587
607 267 11.325
608 267 11.325
609 267 11.325
610 267 11.325
560 268 13.587
561 268 13.587
562 268 13.587
598 268 11.6482
605 268 11.6482
610 268 11.325
551 269 14.0548
552 269 14.0548
553 269 14.0548
561 269 13.587
569 269 15.0943
570 269 15.0943
598 269 11.6482
606 269 11.6482
551 270 13.587
552 270 14.0548
598 270 11.6482
546 271 14.556
547 271 14.0548
548 271 14.0548
549 271 14.0548
598 271 11.6482
628 271 11.325
629 271 11.325
630 271 11.0193
631 271 11.0193
632 271 11.0193
637 271 23.9521
548 272 14.0548
549 272 14.0548
598 272 11.6482
606 272 11.9904
607 272 11.6482
608 272 11.325
609 272 11.325
610 272 11.325
611 272 11.0193
597 273 11.6482
608 273 11.325
609 273 11.325
610 273 11.325
611 273 11.0193
613 273 10.7296
614 273 10.1937
239 274 14.0548
609 274 11.325
610 274 11.325
546 275 13.1492
547 275 13.1492
548 275 13.1492
596 276 11.6482
598 276 11.6482
599 276 11.325
606 276 11.6482
598 277 11.6482
599 277 11.325
601 277 11.325
602 277 11.0193
604 277 11.6482
605 277 11.6482
606 277 11.6482
607 277 11.325
608 277 11.325
609 277 11.325
599 278 11.6482
605 278 11.6482
606 278 11.325
607 278 11.325
608 278 11.325
609 278 11.325
610 278 11.0193
97 279 11.9904
408 279 13.587
409 279 13.587
410 279 13.587
411 279 13.587
412 279 12.7389
413 279 12.7389
414 279 11.9904
607 279 11.325
608 279 11.325
609 279 11.325
135 280 11.6482
413 280 12.7389
414 280 11.9904
599 280 13.1492
600 280 13.1492
601 280 12.7389
603 280 11.9904
607 280 11.325
603 281 11.9904
604 281 11.6482
605 281 11.325
606 281 11.325
607 281 11.325
605 282 11.6482
536 283 11.9904
537 283 11.9904
82 286 10.7296
134 287 10.7296
143 287 10.4548
635 287 11.0193
636 287 11.0193
169 288 10.1937
166 290 10.1937
174 291 9.9453
175 291 9.9453
56 292 9.9453
55 293 9.9453
165 293 9.70874
55 294 9.9453
139 294 9.70874
140 294 9.70874
69 296 9.70874
82 297 9.06207
20 298 9.48317
21 298 9.48317
83 298 9.06207
84 298 9.06207
438 298 9.9453
444 298 9.26784
202 299 9.48317
445 299 9.26784
612 299 9.48317
613 299 9.48317
57 300 9.06207
58 300 9.06207
59 300 9.06207
169 300 9.26784
170 300 9.26784
59 301 9.06207
60 301 9.06207
40 302 8.86525
106 302 9.06207
115 302 8.86525
38 303 8.86525
39 303 8.86525
40 303 8.86525
135 306 8.67679
28 309 8.32293
29 309 8.32293
27 310 8.32293
28 310 8.32293
29 310 8.32293
30 310 8.49618
25 311 7.9968
27 311 8.32293
28 311 8.32293
30 311 8.49618
51 312 7.9968
50 313 8.15661
51 313 7.9968
52 313 7.9968
53 313 8.15661
181 313 8.32293
35 314 7.9968
36 314 7.9968
90 314 7.9968
127 314 7.69527
37 315 7.9968
41 315 7.9968
75 315 7.84314
78 315 8.15661
128 315 7.69527
129 315 7.69527
38 317 7.69527
38 318 7.69527
39 318 7.69527
74 318 7.55287
76 318 7.55287
92 318 7.55287
103 318 7.69527
104 318 7.69527
105 318 7.69527
39 319 7.69527
40 319 7.69527
74 319 7.55287
76 319 7.55287
102 319 7.69527
104 319 7.69527
121 319 7.28332
74 320 7.55287
75 320 7.55287
83 320 7.41565
84 320 7.41565
86 320 7.41565
89 320 7.28332
84 321 7.41565
85 321 7.41565
65 325 6.91324
66 325 6.91324
4 326 6.7981
62 326 6.91324
66 326 6.91324
3 327 6.7981
4 327 6.7981
60 327 6.91324
82 327 7.03235
83 327 7.03235
84 327 7.03235
60 328 6.91324
61 328 6.91324
63 328 6.91324
63 329 6.7981
64 329 6.91324
29 330 6.91324
63 330 6.7981
64 330 6.91324
65 330 6.91324
73 330 7.41565
77 330 6.68673
146 331 6.7981
147 331 6.7981
22 332 6.7981
68 332 6.68673
69 332 6.68673
117 332 6.57895
118 332 6.7981
18 333 6.7981
115 334 6.57895
116 334 6.57895
117 334 6.57895
128 334 6.68673
140 334 6.68673
141 334 6.68673
77 335 6.57895
503 335 6.7981
568 335 6.91324
569 335 6.91324
571 335 6.91324
572 335 7.03235
62 336 6.57895
492 336 7.15564
493 336 7.03235
494 336 7.03235
495 336 7.03235
496 336 6.91324
497 336 6.7981
498 336 6.7981
500 336 6.91324
501 336 6.7981
502 336 6.7981
503 336 6.7981
504 336 6.68673
505 336 6.57895
506 336 6.47459
575 336 6.68673
576 336 6.68673
579 336 6.91324
495 337 7.03235
496 337 6.91324
497 337 6.7981
498 337 6.7981
499 337 6.68673
500 337 6.91324
501 337 6.7981
503 337 6.7981
504 337 6.68673
505 337 6.57895
506 337 6.47459
507 337 6.37349
585 337 6.7981
587 337 6.7981
507 338 6.37349
508 338 5.91191
595 338 6.68673
596 338 6.68673
597 338 6.68673
95 339 6.68673
602 339 6.57895
603 339 6.57895
604 339 6.57895
605 339 6.57895
65 340 6.27549
66 340 6.27549
78 340 6.08828
79 340 6.08828
91 340 6.47459
580 340 6.68673
581 340 6.68673
611 340 6.47459
613 340 6.47459
46 341 5.9988
58 341 6.27549
59 341 6.27549
120 341 6.27549
121 341 6.27549
583 341 6.68673
584 341 6.68673
37 342 6.47459
47 342 5.9988
117 342 6.27549
585 342 6.57895
586 342 6.47459
587 342 6.47459
588 342 6.37349
589 342 6.37349
629 342 6.27549
33 343 5.9988
38 343 6.08828
40 343 6.08828
41 343 5.9988
48 343 5.9988
49 343 5.91191
116 343 6.27549
117 343 6.27549
118 343 6.27549
119 343 6.27549
590 343 6.37349
592 343 6.37349
633 343 6.27549
635 343 6.27549
636 343 6.27549
637 343 6.27549
33 344 5.9988
34 344 5.9988
35 344 5.9988
44 344 5.58815
593 344 6.37349
594 344 6.37349
595 344 6.27549
33 345 5.9988
34 345 5.9988
35 345 5.9988
37 345 6.08828
38 345 6.08828
86 345 5.9988
87 345 5.9988
10 346 5.91191
38 346 6.08828
87 346 5.9988
153 347 6.37349
602 347 6.47459
153 348 6.37349
154 348 6.37349
155 348 6.37349
156 348 6.37349
157 348 6.37349
605 348 6.18047
606 348 6.18047
19 349 5.82751
63 349 5.74548
64 349 5.74548
82 349 5.91191
607 349 6.18047
608 349 6.18047
609 349 5.9988
71 350 5.74548
80 350 5.91191
81 350 5.91191
82 350 5.91191
612 350 5.9988
614 351 5.9988
615 351 6.18047
616 352 6.08828
617 352 6.08828
618 352 6.08828
31 353 5.82751
32 353 5.82751
619 353 5.9988
620 353 5.91191
621 353 5.74548
622 353 5.74548
623 353 5.74548
32 354 5.82751
47 354 5.74548
622 354 5.74548
623 354 5.74548
625 354 5.66572
626 354 5.66572
627 355 5.66572
630 356 5.74548
60 357 5.43922
634 357 5.82751
635 358 5.82751
636 358 5.74548
637 358 5.74548
637 359 5.74548
14 361 5.23013
50 361 5.36769
53 361 5.36769
55 361 5.29801
69 361 5.43922
70 361 5.43922
50 362 5.36769
51 362 5.36769
52 362 5.36769
53 362 5.36769
54 362 5.29801
50 363 5.36769
174 363 6.18047
12 364 5.43922
29 364 5.43922
30 364 5.43922
94 364 5.43922
95 364 5.43922
178 364 5.74548
179 364 5.74548
29 365 5.43922
15 367 5.36769
15 368 5.36769
9 369 5.03651
55 369 5.16396
56 369 5.16396
92 372 5.09944
93 372 5.09944
94 372 5.09944
94 373 5.09944
95 373 5.03651
96 373 5.03651
89 374 5.09944
90 374 5.09944
91 374 5.09944
23 375 5.09944
80 375 4.97512
81 375 4.97512
23 376 5.09944
24 376 5.09944
8 377 4.79962
9 377 4.79962
8 378 4.79962
385 388 4.85673
93 389 4.97512
92 390 4.97512
93 390 4.97512
94 391 4.97512
384 391 4.79962
385 391 4.79962
250 397 4.68933
252 397 4.68933
81 399 4.63607
143 399 4.68933
144 399 4.68933
145 399 4.68933
80 400 4.63607
171 400 4.63607
172 400 4.63607
173 400 4.63607
79 401 4.63607
80 401 4.63607
81 401 4.63607
82 401 4.63607
83 401 4.63607
191 401 4.63607
161 402 4.584
214 403 4.584
341 408 4.43459
342 408 4.43459
518 409 4.29461
519 409 4.29461
499 414 4.2061
431 415 4.2061
434 415 4.12116
526 417 4.1632
62 421 4.2061
63 421 4.2061
64 421 4.2061
131 423 4.2061
274 424 4.03959
274 425 4.03959
275 425 4.03959
276 425 4.03959
277 425 4.03959
524 428 4.03959
633 429 4.03959
634 429 4.03959
635 429 4.03959
636 429 4.03959
637 429 4.03959
635 430 4.03959
636 430 4.03959
637 430 4.03959
42 431 4.07997
