486 3 25.4453
487 3 25.4453
488 3 25.4453
494 3 19.3986
515 3 23.9521
516 3 23.9521
560 3 17.7148
563 3 16.9779
608 3 15.674
621 3 31.2989
487 4 25.4453
488 4 25.4453
562 4 17.7148
563 4 16.9779
621 4 31.2989
625 4 29.0698
487 5 25.4453
488 5 25.4453
489 5 25.4453
493 5 20.3666
504 5 25.4453
505 5 25.4453
567 5 15.674
570 5 14.0548
621 5 31.2989
489 6 25.4453
492 6 21.4362
503 6 25.4453
516 6 25.4453
563 6 17.7148
564 6 17.7148
615 6 15.674
621 6 31.2989
488 7 25.4453
489 7 25.4453
495 7 20.3666
561 7 18.5185
562 7 17.7148
563 7 17.7148
614 7 15.674
615 7 15.674
621 7 31.2989
488 8 25.4453
489 8 25.4453
516 8 25.4453
519 8 23.9521
567 8 16.9779
568 8 16.2999
488 9 25.4453
489 9 25.4453
565 9 16.9779
566 9 16.9779
567 9 16.9779
568 9 16.2999
481 10 57.971
490 10 25.4453
567 10 16.9779
568 10 16.2999
516 11 23.9521
559 11 22.6244
611 11 15.674
613 11 15.674
614 11 15.674
558 12 22.6244
613 12 15.674
512 13 23.9521
582 13 15.674
510 14 25.4453
511 14 25.4453
518 14 23.9521
522 14 20.3666
582 14 15.674
597 14 16.2999
598 14 16.2999
488 15 25.4453
513 15 23.9521
555 15 16.9779
563 15 17.7148
595 15 16.2999
612 15 15.674
613 15 15.674
485 16 29.0698
487 16 25.4453
488 16 25.4453
489 16 25.4453
512 16 25.4453
513 16 23.9521
514 16 25.4453
538 16 200
562 16 17.7148
563 16 17.7148
567 16 16.2999
612 16 15.674
486 17 27.137
487 17 27.137
488 17 25.4453
489 17 25.4453
561 17 17.7148
562 17 17.7148
563 17 17.7148
564 17 17.7148
565 17 16.9779
566 17 16.9779
567 17 16.2999
583 17 15.674
613 17 15.674
488 18 25.4453
489 18 25.4453
490 18 25.4453
555 18 17.7148
556 18 17.7148
561 18 17.7148
562 18 17.7148
563 18 17.7148
564 18 17.7148
565 18 16.9779
583 18 15.674
488 19 27.137
496 19 19.3986
519 19 23.9521
555 19 17.7148
595 19 15.674
596 19 15.674
558 20 16.9779
559 20 16.9779
560 20 16.9779
577 20 12.3533
612 20 15.674
495 21 19.3986
519 21 25.4453
520 21 25.4453
568 21 16.2999
569 21 16.2999
489 22 23.9521
519 22 25.4453
566 22 17.7148
567 22 16.9779
568 22 16.2999
569 22 16.2999
488 23 25.4453
489 23 25.4453
493 23 20.3666
559 23 16.2999
560 23 16.2999
565 23 17.7148
566 23 17.7148
570 23 16.2999
574 23 15.0943
615 23 15.674
558 24 16.2999
559 24 16.2999
560 24 16.2999
573 24 15.674
574 24 15.674
488 25 25.4453
489 25 25.4453
557 25 16.9779
558 25 16.2999
559 25 16.2999
560 25 16.2999
573 25 15.674
574 25 15.674
489 26 25.4453
490 26 25.4453
573 26 15.674
610 26 16.2999
611 26 15.674
612 26 15.674
613 26 15.674
621 26 15.674
489 27 25.4453
490 27 25.4453
512 27 25.4453
513 27 25.4453
518 27 23.9521
611 27 15.674
612 27 15.674
613 27 15.674
621 27 15.674
489 28 25.4453
490 28 25.4453
511 28 25.4453
512 28 25.4453
517 28 23.9521
518 28 23.9521
560 28 16.2999
561 28 16.2999
564 28 16.2999
565 28 16.2999
559 29 16.2999
560 29 16.2999
492 30 25.4453
493 30 25.4453
560 30 16.2999
561 30 16.2999
563 30 16.2999
564 30 16.2999
611 30 15.674
492 31 25.4453
493 31 25.4453
516 31 25.4453
517 31 25.4453
560 31 16.9779
610 31 15.674
611 31 15.674
490 32 25.4453
491 32 25.4453
492 32 25.4453
516 32 25.4453
517 32 25.4453
549 32 16.9779
550 32 16.9779
556 32 21.4362
561 32 16.9779
562 32 16.9779
580 32 15.674
616 32 15.674
491 33 25.4453
492 33 25.4453
517 33 25.4453
549 33 16.9779
561 33 16.9779
637 33 29.0698
517 34 25.4453
548 34 16.9779
550 34 16.9779
636 34 29.0698
637 34 29.0698
517 35 25.4453
518 35 25.4453
549 35 16.9779
550 35 16.9779
552 35 16.9779
636 35 29.0698
637 35 29.0698
551 36 16.9779
552 36 16.9779
563 36 16.9779
564 36 16.9779
490 37 27.137
491 37 25.4453
494 37 23.9521
495 37 23.9521
552 37 16.9779
553 37 16.9779
557 37 19.3986
563 37 16.9779
564 37 16.9779
570 37 14.556
611 37 15.674
493 38 25.4453
494 38 23.9521
514 38 25.4453
521 38 25.4453
522 38 25.4453
552 38 16.9779
609 38 15.674
493 39 25.4453
513 39 23.9521
553 39 16.9779
554 39 16.9779
564 39 16.9779
565 39 16.9779
629 39 29.0698
565 40 16.9779
611 40 15.674
628 40 29.0698
629 40 29.0698
636 40 29.0698
490 41 25.4453
515 41 25.4453
520 41 25.4453
521 41 25.4453
557 41 17.7148
559 41 16.9779
560 41 16.9779
563 41 16.2999
603 41 16.2999
611 41 15.674
613 41 15.674
636 41 29.0698
489 42 25.4453
490 42 25.4453
491 42 25.4453
513 42 23.9521
514 42 23.9521
520 42 25.4453
521 42 25.4453
558 42 16.9779
560 42 16.9779
561 42 16.2999
569 42 15.674
481 43 25.4453
482 43 25.4453
489 43 25.4453
490 43 25.4453
520 43 25.4453
521 43 25.4453
598 43 16.2999
599 43 15.674
619 43 16.2999
485 44 25.4453
520 44 25.4453
521 44 25.4453
551 44 29.0698
599 44 15.674
600 44 15.674
601 44 15.674
622 44 31.2989
626 44 29.0698
483 45 25.4453
484 45 25.4453
491 45 27.137
622 45 31.2989
625 45 29.0698
626 45 29.0698
484 46 25.4453
490 46 27.137
491 46 27.137
519 46 25.4453
520 46 25.4453
568 46 13.587
625 46 29.0698
626 46 29.0698
454 47 33.8983
483 47 25.4453
484 47 25.4453
489 47 27.137
490 47 27.137
560 47 16.9779
561 47 16.9779
567 47 14.0548
609 47 15.674
454 48 36.9686
484 48 25.4453
560 48 16.9779
561 48 16.9779
565 48 14.556
566 48 14.556
609 48 15.674
453 49 36.9686
454 49 36.9686
483 49 25.4453
484 49 25.4453
485 49 25.4453
559 49 16.9779
560 49 16.9779
564 49 14.556
565 49 14.556
452 50 36.9686
453 50 36.9686
484 50 25.4453
485 50 25.4453
559 50 16.9779
622 50 31.2989
518 51 25.4453
519 51 25.4453
622 51 31.2989
478 52 101.01
486 52 25.4453
517 52 25.4453
518 52 25.4453
563 52 16.2999
622 52 31.2989
450 53 33.8983
485 53 25.4453
486 53 25.4453
498 53 15.0943
562 53 16.9779
563 53 16.2999
572 53 16.2999
622 53 31.2989
476 54 101.01
485 54 25.4453
486 54 25.4453
553 54 16.9779
554 54 16.9779
561 54 16.9779
565 54 16.2999
566 54 16.2999
622 54 31.2989
451 55 33.8983
486 55 27.137
487 55 27.137
552 55 16.9779
553 55 16.9779
554 55 16.9779
563 55 16.2999
564 55 16.2999
565 55 16.2999
607 55 33.8983
622 55 31.2989
451 56 33.8983
492 56 20.3666
516 56 25.4453
553 56 16.9779
554 56 16.9779
564 56 16.2999
622 56 31.2989
627 56 23.9521
138 57 45.1467
490 57 20.3666
491 57 20.3666
516 57 25.4453
517 57 25.4453
553 57 16.9779
562 57 16.2999
622 57 31.2989
138 58 45.1467
484 58 25.4453
485 58 25.4453
486 58 25.4453
490 58 20.3666
554 58 16.9779
555 58 16.9779
561 58 14.0548
562 58 14.0548
580 58 16.2999
612 58 16.2999
637 58 29.0698
484 59 25.4453
485 59 25.4453
486 59 25.4453
554 59 16.9779
555 59 16.9779
556 59 16.2999
560 59 14.0548
561 59 14.0548
612 59 16.2999
486 60 25.4453
518 60 25.4453
519 60 25.4453
553 60 16.9779
554 60 16.9779
555 60 16.2999
556 60 16.2999
559 60 14.556
622 60 31.2989
448 61 33.8983
452 61 36.9686
453 61 36.9686
485 61 25.4453
486 61 25.4453
518 61 25.4453
519 61 25.4453
555 61 16.9779
556 61 16.2999
622 61 31.2989
634 61 29.0698
485 62 25.4453
486 62 25.4453
487 62 25.4453
519 62 25.4453
554 62 16.9779
555 62 16.9779
556 62 16.9779
557 62 16.2999
568 62 16.9779
569 62 16.9779
622 62 31.2989
487 63 25.4453
516 63 25.4453
556 63 16.9779
567 63 16.9779
568 63 16.9779
569 63 16.9779
595 63 15.674
622 63 31.2989
463 64 33.8983
486 64 25.4453
487 64 25.4453
488 64 25.4453
514 64 25.4453
522 64 23.9521
622 64 31.2989
448 65 33.8983
451 65 27.137
487 65 25.4453
521 65 23.9521
522 65 23.9521
556 65 16.9779
559 65 16.2999
560 65 16.2999
622 65 31.2989
447 66 33.8983
451 66 27.137
487 66 25.4453
488 66 25.4453
489 66 25.4453
556 66 16.9779
557 66 16.9779
558 66 16.9779
559 66 16.9779
622 66 31.2989
447 67 33.8983
488 67 25.4453
489 67 25.4453
490 67 25.4453
558 67 16.9779
559 67 16.2999
560 67 16.2999
622 67 31.2989
463 68 33.8983
489 68 25.4453
490 68 25.4453
515 68 25.4453
521 68 25.4453
522 68 25.4453
557 68 16.9779
558 68 16.9779
633 68 15.674
634 68 15.674
448 69 36.9686
489 69 25.4453
490 69 25.4453
521 69 25.4453
522 69 25.4453
556 69 17.7148
561 69 16.2999
633 69 15.674
634 69 15.674
488 70 25.4453
489 70 25.4453
490 70 25.4453
558 70 17.7148
559 70 16.9779
560 70 16.9779
613 70 15.674
615 70 15.674
630 70 19.3986
631 70 18.5185
461 71 33.8983
558 71 17.7148
559 71 16.9779
560 71 16.9779
612 71 15.674
613 71 15.674
461 72 33.8983
520 72 23.9521
521 72 23.9521
562 72 16.2999
451 73 31.2989
461 73 33.8983
485 73 25.4453
486 73 25.4453
520 73 23.9521
521 73 23.9521
522 73 23.9521
553 73 16.9779
554 73 16.9779
561 73 16.9779
562 73 16.2999
485 74 25.4453
486 74 25.4453
553 74 16.9779
554 74 16.9779
559 74 16.9779
560 74 16.9779
561 74 16.2999
562 74 16.2999
567 74 13.587
486 75 25.4453
554 75 16.9779
557 75 17.7148
558 75 17.7148
559 75 16.9779
560 75 16.9779
136 76 45.1467
451 76 36.9686
461 76 33.8983
521 76 23.9521
553 76 16.9779
554 76 16.9779
555 76 16.9779
445 77 36.9686
450 77 36.9686
486 77 25.4453
487 77 25.4453
491 77 21.4362
521 77 23.9521
522 77 23.9521
552 77 17.7148
553 77 16.9779
554 77 16.9779
617 77 16.2999
445 78 36.9686
446 78 36.9686
486 78 27.137
487 78 27.137
491 78 21.4362
521 78 23.9521
522 78 23.9521
536 78 200
554 78 17.7148
562 78 16.9779
563 78 16.9779
447 79 36.9686
548 79 25.4453
554 79 17.7148
555 79 17.7148
562 79 16.9779
563 79 16.9779
564 79 16.9779
597 79 15.674
619 79 16.2999
446 80 33.8983
447 80 33.8983
520 80 25.4453
521 80 25.4453
553 80 17.7148
554 80 17.7148
555 80 17.7148
560 80 17.7148
561 80 17.7148
562 80 16.9779
563 80 16.9779
582 80 15.674
597 80 15.674
619 80 16.2999
620 80 16.2999
520 81 25.4453
521 81 25.4453
560 81 18.5185
561 81 17.7148
448 83 36.9686
491 83 23.9521
555 83 17.7148
596 83 15.674
619 83 15.674
620 83 15.674
621 83 15.674
462 84 33.8983
463 84 33.8983
489 84 25.4453
490 84 25.4453
519 84 23.9521
556 84 17.7148
557 84 17.7148
444 85 36.9686
445 85 36.9686
488 85 25.4453
489 85 25.4453
490 85 25.4453
557 85 17.7148
572 85 16.2999
488 86 25.4453
489 86 25.4453
490 86 25.4453
556 86 17.7148
557 86 17.7148
617 86 16.2999
618 86 15.674
620 86 15.674
621 86 15.0943
622 86 15.0943
445 87 36.9686
452 87 23.9521
617 87 16.2999
618 87 15.674
620 87 15.674
621 87 15.0943
452 88 23.9521
519 88 23.9521
520 88 23.9521
521 88 23.9521
553 88 19.3986
559 88 16.9779
560 88 16.2999
566 88 13.587
446 89 36.9686
447 89 36.9686
488 89 25.4453
521 89 23.9521
554 89 19.3986
558 89 16.2999
559 89 16.2999
560 89 16.2999
565 89 13.587
566 89 13.587
632 89 29.0698
452 90 27.137
564 90 13.587
615 90 16.9779
631 90 29.0698
632 90 29.0698
564 91 15.0943
632 91 29.0698
449 92 33.8983
452 92 27.137
491 92 19.3986
519 92 23.9521
520 92 23.9521
618 92 16.2999
619 92 16.2999
486 93 25.4453
600 93 16.9779
601 93 16.2999
609 93 16.2999
618 93 16.2999
619 93 16.2999
451 94 33.8983
486 94 25.4453
519 94 23.9521
562 94 15.674
568 94 13.587
597 94 18.5185
598 94 18.5185
600 94 16.2999
602 94 16.2999
619 94 16.2999
620 94 16.2999
191 95 57.971
518 95 23.9521
519 95 23.9521
596 95 18.5185
597 95 18.5185
601 95 16.2999
601 96 16.2999
615 96 16.2999
487 97 25.4453
601 97 16.2999
615 97 16.2999
616 97 16.2999
285 98 36.9686
518 98 25.4453
519 98 25.4453
559 98 16.9779
618 98 15.0943
619 98 15.0943
572 99 13.587
445 100 33.8983
451 100 36.9686
454 100 29.0698
559 100 17.7148
560 100 16.9779
565 100 14.556
566 100 14.556
570 100 13.587
571 100 13.587
611 100 16.2999
613 100 16.2999
489 101 21.4362
558 101 17.7148
559 101 17.7148
565 101 14.556
613 101 16.2999
635 101 29.0698
368 102 57.971
474 102 57.971
485 102 25.4453
489 102 21.4362
545 102 50.7614
561 102 16.9779
562 102 16.9779
601 102 16.2999
635 102 29.0698
443 103 33.8983
462 103 33.8983
463 103 33.8983
474 103 57.971
520 103 23.9521
561 103 16.9779
562 103 16.9779
367 104 57.971
486 104 23.9521
520 104 23.9521
561 104 16.9779
188 105 57.971
490 105 21.4362
520 105 23.9521
563 105 16.9779
564 105 16.9779
565 105 16.9779
627 105 31.2989
628 105 31.2989
635 105 29.0698
487 106 25.4453
535 106 67.5676
563 106 16.9779
568 106 15.0943
625 106 31.2989
627 106 31.2989
628 106 31.2989
635 106 29.0698
396 107 57.971
444 107 36.9686
445 107 36.9686
487 107 25.4453
568 107 15.0943
325 108 67.5676
486 108 25.4453
487 108 25.4453
522 108 23.9521
567 108 15.0943
325 109 67.5676
522 109 23.9521
536 109 80.9717
565 109 16.2999
566 109 16.2999
569 109 15.0943
570 109 15.0943
623 109 31.2989
350 110 67.5676
446 110 36.9686
488 110 25.4453
489 110 25.4453
569 110 15.0943
623 110 31.2989
194 111 57.971
441 111 33.8983
445 111 36.9686
462 111 33.8983
476 111 50.7614
538 111 67.5676
539 111 80.9717
441 112 33.8983
572 112 16.2999
612 112 33.8983
613 112 33.8983
394 113 57.971
571 113 16.2999
572 113 16.2999
610 113 33.8983
611 113 33.8983
612 113 33.8983
613 113 33.8983
570 114 16.2999
571 114 16.2999
572 114 16.2999
577 114 13.587
329 115 80.9717
330 115 67.5676
366 115 67.5676
443 115 27.137
484 115 25.4453
485 115 25.4453
486 115 25.4453
516 115 101.01
623 115 31.2989
332 116 67.5676
439 116 36.9686
440 116 36.9686
623 116 31.2989
169 117 101.01
336 117 57.971
476 117 50.7614
477 117 50.7614
570 117 18.5185
571 117 18.5185
572 117 18.5185
169 118 101.01
477 118 50.7614
484 118 27.137
577 118 16.2999
578 118 16.2999
192 119 57.971
333 119 57.971
340 119 29.0698
416 119 57.971
477 119 50.7614
482 119 29.0698
483 119 29.0698
573 119 17.7148
574 119 17.7148
575 119 17.7148
576 119 16.9779
578 119 16.2999
598 119 36.9686
333 120 57.971
340 120 29.0698
394 120 67.5676
416 120 57.971
440 120 36.9686
481 120 29.0698
192 121 57.971
334 121 57.971
340 121 29.0698
394 121 67.5676
395 121 67.5676
415 121 57.971
416 121 57.971
520 121 23.9521
610 121 31.2989
334 122 57.971
415 122 57.971
416 122 57.971
441 122 36.9686
442 122 33.8983
443 122 33.8983
444 122 31.2989
568 122 16.9779
624 122 31.2989
400 123 31.2989
581 123 16.2999
598 123 16.2999
624 123 31.2989
166 124 101.01
197 124 57.971
341 124 29.0698
400 124 31.2989
478 124 45.1467
581 124 16.2999
599 124 16.2999
624 124 31.2989
167 125 101.01
335 125 67.5676
368 125 31.2989
411 125 50.7614
463 125 33.8983
519 125 23.9521
580 125 16.2999
581 125 16.2999
624 125 31.2989
168 126 101.01
334 126 67.5676
335 126 67.5676
393 126 67.5676
483 126 31.2989
624 126 31.2989
169 127 101.01
198 127 57.971
335 127 67.5676
624 127 31.2989
335 128 67.5676
336 128 67.5676
340 128 36.9686
442 128 31.2989
506 128 23.9521
559 128 40.6504
599 128 16.2999
335 129 67.5676
336 129 67.5676
340 129 36.9686
462 129 101.01
559 129 40.6504
590 129 16.2999
591 129 16.2999
599 129 16.2999
628 129 29.0698
336 130 67.5676
591 130 16.2999
599 130 16.2999
336 131 67.5676
440 131 40.6504
441 131 40.6504
460 131 101.01
518 131 23.9521
599 131 16.2999
336 132 67.5676
337 132 67.5676
413 132 50.7614
440 132 40.6504
445 132 27.137
547 132 67.5676
568 132 36.9686
599 132 16.2999
190 133 57.971
336 133 67.5676
337 133 67.5676
413 133 50.7614
414 133 50.7614
505 133 20.3666
547 133 67.5676
552 133 57.971
567 133 36.9686
568 133 36.9686
590 133 16.2999
591 133 16.2999
599 133 16.2999
384 134 33.8983
567 134 36.9686
568 134 36.9686
588 134 16.9779
589 134 16.2999
590 134 16.2999
591 134 16.2999
599 134 16.2999
167 135 101.01
176 135 101.01
251 135 80.9717
341 135 36.9686
384 135 33.8983
599 135 16.2999
251 136 80.9717
337 136 67.5676
341 136 36.9686
440 136 40.6504
441 136 40.6504
444 136 29.0698
445 136 29.0698
599 136 16.2999
221 137 67.5676
251 137 80.9717
337 137 67.5676
349 137 20.3666
599 137 16.2999
221 138 67.5676
222 138 67.5676
337 138 67.5676
349 138 20.3666
446 138 29.0698
447 138 27.137
590 138 16.2999
591 138 16.2999
592 138 16.2999
599 138 16.2999
222 139 67.5676
325 139 57.971
327 139 57.971
349 139 20.3666
447 139 27.137
600 139 16.2999
166 140 101.01
167 140 101.01
325 140 57.971
348 140 22.6244
421 140 101.01
443 140 33.8983
444 140 33.8983
600 140 16.2999
167 141 101.01
249 141 80.9717
348 141 22.6244
354 141 16.2999
377 141 45.1467
413 141 50.7614
414 141 50.7614
443 141 33.8983
444 141 33.8983
592 141 16.9779
600 141 16.2999
222 142 80.9717
249 142 80.9717
338 142 67.5676
339 142 67.5676
351 142 19.3986
426 142 19.3986
600 142 16.2999
222 143 80.9717
249 143 80.9717
326 143 57.971
338 143 67.5676
374 143 67.5676
406 143 200
249 144 80.9717
338 144 67.5676
368 144 67.5676
386 144 15.674
559 144 40.6504
592 144 16.9779
593 144 16.9779
248 145 80.9717
339 145 67.5676
343 145 33.8983
409 145 101.01
439 145 50.7614
560 145 40.6504
592 145 16.9779
593 145 16.9779
603 145 16.2999
339 146 67.5676
344 146 36.9686
408 146 101.01
409 146 101.01
413 146 50.7614
560 146 40.6504
592 146 16.9779
593 146 16.9779
604 146 16.2999
605 146 16.2999
339 147 67.5676
340 147 67.5676
344 147 36.9686
413 147 50.7614
414 147 50.7614
476 147 57.971
592 147 16.9779
604 147 16.2999
605 147 16.2999
222 148 67.5676
344 148 33.8983
369 148 67.5676
374 148 33.8983
384 148 67.5676
414 148 50.7614
475 148 57.971
591 148 16.9779
592 148 16.9779
593 148 16.9779
604 148 16.2999
222 149 67.5676
340 149 67.5676
344 149 36.9686
345 149 36.9686
368 149 57.971
413 149 50.7614
591 149 16.9779
592 149 16.9779
604 149 16.2999
222 150 67.5676
250 150 101.01
340 150 67.5676
407 150 200
591 150 16.9779
592 150 16.9779
250 151 101.01
344 151 40.6504
362 151 13.1492
366 151 67.5676
381 151 67.5676
407 151 200
591 151 16.9779
603 151 16.2999
604 151 16.2999
634 151 29.0698
341 152 67.5676
377 152 27.137
407 152 200
591 152 16.9779
594 152 16.2999
595 152 15.0943
603 152 16.2999
604 152 16.2999
633 152 29.0698
634 152 29.0698
341 153 67.5676
342 153 67.5676
369 153 67.5676
377 153 27.137
412 153 57.971
553 153 40.6504
591 153 16.9779
603 153 16.2999
633 153 29.0698
634 153 29.0698
224 154 80.9717
341 154 67.5676
342 154 67.5676
348 154 31.2989
369 154 67.5676
548 154 67.5676
591 154 16.9779
592 154 16.9779
603 154 16.2999
634 154 29.0698
224 155 80.9717
249 155 101.01
341 155 67.5676
342 155 67.5676
376 155 67.5676
413 155 57.971
461 155 36.9686
462 155 36.9686
465 155 27.137
490 155 33.8983
591 155 16.9779
592 155 16.9779
593 155 16.9779
603 155 16.2999
629 155 29.0698
634 155 29.0698
250 156 101.01
342 156 67.5676
361 156 57.971
413 156 50.7614
414 156 50.7614
490 156 33.8983
591 156 16.2999
592 156 16.2999
596 156 14.556
603 156 16.2999
619 156 31.2989
620 156 31.2989
628 156 29.0698
629 156 29.0698
224 157 80.9717
342 157 67.5676
346 157 36.9686
347 157 36.9686
413 157 50.7614
414 157 50.7614
604 157 16.2999
605 157 16.2999
619 157 31.2989
628 157 29.0698
629 157 29.0698
634 157 29.0698
224 158 80.9717
342 158 67.5676
343 158 67.5676
346 158 36.9686
443 158 36.9686
444 158 36.9686
485 158 50.7614
603 158 16.2999
604 158 16.2999
619 158 31.2989
224 159 80.9717
326 159 57.971
342 159 67.5676
346 159 36.9686
448 159 40.6504
449 159 40.6504
485 159 50.7614
542 159 50.7614
605 159 16.2999
619 159 31.2989
272 160 134.228
342 160 67.5676
343 160 67.5676
346 160 36.9686
354 160 19.3986
370 160 67.5676
452 160 33.8983
593 160 16.2999
594 160 16.2999
595 160 16.2999
605 160 16.2999
614 160 31.2989
272 161 134.228
342 161 67.5676
346 161 36.9686
370 161 67.5676
452 161 33.8983
593 161 16.2999
594 161 16.2999
595 161 16.2999
598 161 15.0943
599 161 15.0943
614 161 31.2989
619 161 31.2989
249 162 80.9717
272 162 134.228
342 162 67.5676
343 162 67.5676
469 162 45.1467
595 162 16.2999
604 162 16.2999
272 163 134.228
304 163 134.228
342 163 67.5676
353 163 67.5676
354 163 67.5676
600 163 15.0943
604 163 16.2999
242 164 134.228
272 164 134.228
332 164 80.9717
333 164 80.9717
342 164 67.5676
352 164 67.5676
353 164 67.5676
542 164 50.7614
596 164 16.2999
604 164 16.2999
632 164 200
412 165 57.971
442 165 134.228
443 165 134.228
596 165 16.2999
597 165 16.2999
604 165 16.2999
628 165 31.2989
629 165 31.2989
242 166 134.228
370 166 67.5676
377 166 31.2989
412 166 57.971
413 166 57.971
596 166 16.2999
597 166 16.2999
598 166 16.2999
604 166 16.2999
627 166 31.2989
628 166 31.2989
629 166 31.2989
242 167 134.228
304 167 134.228
323 167 200
370 167 67.5676
377 167 31.2989
413 167 57.971
596 167 16.2999
597 167 16.2999
604 167 16.2999
248 168 80.9717
323 168 200
377 168 31.2989
414 168 57.971
604 168 16.2999
625 168 31.2989
249 169 80.9717
323 169 200
358 169 80.9717
359 169 80.9717
376 169 31.2989
414 169 45.1467
597 169 16.2999
604 169 16.2999
613 169 31.2989
614 169 31.2989
615 169 31.2989
249 170 80.9717
250 170 80.9717
323 170 200
370 170 80.9717
547 170 80.9717
548 170 80.9717
571 170 36.9686
572 170 36.9686
613 170 31.2989
614 170 31.2989
625 170 31.2989
250 171 80.9717
370 171 80.9717
459 171 27.137
572 171 36.9686
625 171 31.2989
250 172 80.9717
269 172 134.228
370 172 80.9717
371 172 80.9717
594 172 16.9779
601 172 36.9686
611 172 33.8983
612 172 33.8983
625 172 31.2989
626 172 31.2989
250 173 101.01
269 173 134.228
451 173 50.7614
595 173 16.9779
599 173 36.9686
600 173 36.9686
601 173 36.9686
611 173 33.8983
625 173 31.2989
269 174 134.228
460 174 25.4453
541 174 50.7614
559 174 45.1467
560 174 45.1467
611 174 33.8983
625 174 31.2989
123 175 50.7614
248 175 134.228
269 175 134.228
541 175 50.7614
559 175 45.1467
560 175 45.1467
625 175 31.2989
247 176 134.228
248 176 134.228
269 176 134.228
302 176 134.228
411 176 80.9717
528 176 80.9717
625 176 31.2989
131 177 101.01
221 177 101.01
241 177 134.228
248 177 134.228
269 177 134.228
302 177 134.228
307 177 134.228
484 177 50.7614
540 177 57.971
541 177 57.971
611 177 33.8983
612 177 33.8983
248 178 134.228
290 178 134.228
302 178 134.228
452 178 40.6504
453 178 40.6504
454 178 40.6504
540 178 57.971
578 178 33.8983
579 178 33.8983
580 178 33.8983
248 179 134.228
302 179 134.228
318 179 134.228
333 179 134.228
625 179 31.2989
128 180 134.228
241 180 200
247 180 134.228
302 180 134.228
512 180 20.3666
568 180 36.9686
569 180 36.9686
625 180 31.2989
254 181 80.9717
333 181 134.228
371 181 80.9717
477 181 50.7614
507 181 25.4453
508 181 25.4453
568 181 36.9686
569 181 36.9686
625 181 31.2989
317 182 200
318 182 200
333 182 200
371 182 80.9717
540 182 50.7614
541 182 50.7614
569 182 36.9686
612 182 31.2989
341 183 80.9717
342 183 80.9717
348 183 31.2989
349 183 31.2989
484 183 57.971
540 183 50.7614
541 183 50.7614
551 183 50.7614
553 183 50.7614
612 183 31.2989
427 184 57.971
484 184 57.971
541 184 50.7614
606 184 16.2999
611 184 31.2989
612 184 31.2989
615 184 27.137
254 185 80.9717
327 185 134.228
375 185 33.8983
577 185 36.9686
601 185 16.2999
612 185 31.2989
625 185 31.2989
626 185 31.2989
254 186 80.9717
267 186 134.228
274 186 134.228
287 186 134.228
293 186 134.228
327 186 134.228
340 186 67.5676
341 186 67.5676
369 186 80.9717
370 186 80.9717
375 186 36.9686
388 186 200
601 186 16.2999
612 186 31.2989
625 186 31.2989
626 186 31.2989
267 187 134.228
274 187 134.228
287 187 134.228
294 187 134.228
327 187 134.228
341 187 67.5676
369 187 80.9717
370 187 80.9717
374 187 36.9686
611 187 31.2989
612 187 31.2989
267 188 134.228
274 188 134.228
287 188 134.228
294 188 134.228
369 188 80.9717
370 188 80.9717
374 188 36.9686
598 188 16.2999
608 188 16.2999
611 188 31.2989
612 188 31.2989
267 189 134.228
287 189 134.228
294 189 134.228
369 189 80.9717
370 189 80.9717
418 189 67.5676
597 189 16.2999
598 189 16.2999
599 189 16.2999
608 189 16.2999
612 189 31.2989
267 190 134.228
274 190 134.228
287 190 134.228
294 190 134.228
306 190 134.228
369 190 80.9717
397 190 134.228
422 190 101.01
423 190 80.9717
424 190 80.9717
425 190 67.5676
426 190 57.971
427 190 50.7614
428 190 45.1467
510 190 21.4362
598 190 16.2999
267 191 134.228
268 191 134.228
274 191 134.228
287 191 134.228
294 191 134.228
422 191 101.01
423 191 80.9717
424 191 80.9717
425 191 67.5676
426 191 57.971
427 191 50.7614
428 191 45.1467
498 191 40.6504
608 191 16.2999
267 192 134.228
287 192 134.228
294 192 134.228
423 192 80.9717
424 192 80.9717
425 192 67.5676
507 192 23.9521
608 192 16.2999
306 193 200
333 193 29.0698
361 193 200
597 193 16.2999
306 194 200
324 194 134.228
333 194 29.0698
341 194 67.5676
360 194 200
361 194 200
404 194 134.228
405 194 134.228
598 194 16.2999
607 194 16.2999
253 195 80.9717
323 195 134.228
324 195 134.228
333 195 29.0698
347 195 29.0698
403 195 134.228
404 195 134.228
433 195 101.01
434 195 80.9717
435 195 80.9717
436 195 80.9717
323 196 134.228
324 196 134.228
341 196 67.5676
426 196 80.9717
427 196 80.9717
428 196 80.9717
434 196 80.9717
435 196 80.9717
436 196 80.9717
437 196 67.5676
597 196 16.2999
598 196 16.2999
599 196 16.2999
120 197 134.228
337 197 200
340 197 80.9717
363 197 200
425 197 101.01
426 197 80.9717
427 197 80.9717
428 197 80.9717
607 197 16.2999
340 198 80.9717
341 198 80.9717
427 198 80.9717
253 199 80.9717
608 199 16.2999
253 200 80.9717
272 200 134.228
284 200 134.228
287 200 57.971
301 200 134.228
302 200 134.228
597 200 16.2999
272 201 134.228
284 201 134.228
301 201 134.228
302 201 134.228
272 202 134.228
284 202 134.228
285 202 134.228
287 202 101.01
301 202 134.228
302 202 134.228
346 202 67.5676
461 202 31.2989
462 202 31.2989
463 202 31.2989
598 202 16.2999
284 203 134.228
285 203 134.228
316 203 200
320 203 50.7614
462 203 29.0698
463 203 29.0698
464 203 29.0698
597 203 16.2999
598 203 16.2999
599 203 16.2999
248 204 134.228
257 204 134.228
272 204 134.228
284 204 134.228
301 204 200
302 204 200
316 204 200
340 204 20.3666
366 204 101.01
367 204 101.01
596 204 16.2999
597 204 16.2999
598 204 16.2999
257 205 134.228
272 205 134.228
284 205 200
301 205 200
302 205 200
316 205 200
356 205 134.228
364 205 200
365 205 101.01
367 205 101.01
368 205 101.01
437 205 29.0698
438 205 29.0698
452 205 31.2989
464 205 29.0698
301 206 200
302 206 200
340 206 20.3666
367 206 101.01
368 206 101.01
436 206 29.0698
437 206 29.0698
465 206 29.0698
601 206 16.2999
301 207 200
302 207 200
326 207 200
327 207 200
367 207 80.9717
368 207 80.9717
386 207 134.228
420 207 36.9686
421 207 36.9686
422 207 36.9686
437 207 29.0698
596 207 16.2999
367 208 67.5676
368 208 67.5676
437 208 29.0698
248 209 101.01
406 209 40.6504
407 209 40.6504
466 209 23.9521
248 210 101.01
364 210 200
368 210 57.971
406 210 40.6504
444 210 31.2989
466 210 23.9521
511 210 25.4453
253 211 80.9717
280 211 134.228
339 211 57.971
356 211 80.9717
364 211 200
368 211 57.971
436 211 29.0698
437 211 29.0698
444 211 31.2989
466 211 23.9521
467 211 23.9521
280 212 134.228
347 212 134.228
350 212 67.5676
363 212 200
364 212 200
368 212 57.971
406 212 40.6504
407 212 40.6504
436 212 29.0698
437 212 29.0698
444 212 31.2989
463 212 29.0698
466 212 23.9521
467 212 23.9521
253 213 80.9717
367 213 57.971
368 213 57.971
373 213 134.228
380 213 101.01
263 214 134.228
278 214 134.228
335 214 134.228
375 214 134.228
377 214 134.228
378 214 134.228
383 214 40.6504
384 214 40.6504
385 214 40.6504
603 214 16.2999
240 215 134.228
246 215 134.228
278 215 134.228
375 215 134.228
376 215 134.228
377 215 134.228
378 215 134.228
383 215 40.6504
384 215 40.6504
409 215 40.6504
410 215 40.6504
458 215 29.0698
459 215 29.0698
603 215 16.2999
240 216 134.228
246 216 134.228
409 216 40.6504
410 216 40.6504
519 216 20.3666
590 216 14.0548
603 216 16.2999
607 216 14.556
240 217 134.228
246 217 134.228
518 217 20.3666
519 217 20.3666
520 217 20.3666
521 217 20.3666
603 217 16.2999
604 217 16.2999
607 217 14.556
15 218 33.8983
240 218 134.228
246 218 134.228
262 218 134.228
263 218 134.228
456 218 23.9521
240 219 134.228
246 219 134.228
492 219 19.3986
493 219 19.3986
516 219 21.4362
578 219 15.674
579 219 15.674
580 219 15.674
240 220 134.228
492 220 19.3986
493 220 19.3986
517 220 21.4362
518 220 21.4362
578 220 15.674
579 220 15.674
580 220 15.674
581 220 14.556
582 220 14.0548
583 220 13.1492
584 220 13.1492
585 220 12.7389
407 221 36.9686
493 221 19.3986
517 221 20.3666
518 221 20.3666
519 221 20.3666
407 222 36.9686
493 222 19.3986
494 222 19.3986
574 222 14.0548
575 222 14.0548
637 222 10.7296
407 223 36.9686
464 223 22.6244
465 223 22.6244
493 223 19.3986
494 223 19.3986
519 223 20.3666
520 223 20.3666
564 223 14.0548
565 223 14.0548
566 223 14.0548
593 223 15.674
594 223 15.674
595 223 15.674
596 223 15.674
597 223 15.0943
464 224 22.6244
465 224 22.6244
492 224 19.3986
493 224 19.3986
494 224 19.3986
518 224 20.3666
519 224 20.3666
520 224 20.3666
527 224 19.3986
564 224 14.0548
565 224 14.0548
566 224 14.0548
568 224 13.1492
569 224 12.7389
592 224 15.674
593 224 15.674
395 225 45.1467
396 225 45.1467
397 225 45.1467
403 225 25.4453
433 225 21.4362
493 225 19.3986
494 225 19.3986
568 225 13.1492
592 225 15.0943
396 226 45.1467
397 226 45.1467
401 226 45.1467
402 226 25.4453
403 226 25.4453
404 226 25.4453
408 226 25.4453
428 226 31.2989
433 226 21.4362
434 226 21.4362
438 226 21.4362
457 226 23.9521
458 226 23.9521
528 226 18.5185
529 226 18.5185
592 226 15.0943
434 227 21.4362
435 227 21.4362
457 227 23.9521
458 227 23.9521
528 227 18.5185
529 227 18.5185
530 227 18.5185
591 227 14.556
592 227 14.556
428 228 31.2989
434 228 21.4362
458 228 23.9521
464 228 18.5185
465 228 18.5185
466 228 17.7148
530 228 18.5185
531 228 17.7148
533 228 14.556
592 228 14.556
414 229 36.9686
415 229 36.9686
422 229 21.4362
428 229 31.2989
429 229 31.2989
462 229 18.5185
463 229 18.5185
523 229 17.7148
524 229 17.7148
591 229 14.556
592 229 14.556
593 229 14.556
414 230 36.9686
415 230 36.9686
422 230 21.4362
436 230 25.4453
437 230 25.4453
438 230 25.4453
487 230 20.3666
488 230 20.3666
524 230 17.7148
532 231 16.2999
533 231 16.2999
366 232 40.6504
449 232 23.9521
464 232 19.3986
502 232 19.3986
503 232 19.3986
504 232 19.3986
537 232 13.587
538 232 13.587
539 232 15.674
601 232 13.587
602 232 13.587
366 233 40.6504
419 233 33.8983
420 233 33.8983
423 233 27.137
424 233 27.137
464 233 21.4362
503 233 19.3986
507 233 16.9779
521 233 18.5185
522 233 18.5185
595 233 14.0548
601 233 13.587
602 233 13.587
606 233 11.9904
607 233 11.9904
419 234 33.8983
420 234 33.8983
421 234 31.2989
423 234 27.137
424 234 27.137
431 234 29.0698
462 234 21.4362
503 234 19.3986
504 234 19.3986
507 234 16.9779
522 234 18.5185
541 234 15.674
589 234 12.7389
605 234 11.9904
606 234 11.9904
622 234 11.0193
431 235 29.0698
462 235 21.4362
546 235 13.587
597 235 14.0548
611 236 11.325
612 236 11.325
16 237 33.8983
463 237 21.4362
479 237 20.3666
480 237 20.3666
583 237 13.587
584 237 13.587
585 237 13.587
586 237 13.1492
594 237 13.1492
611 237 11.325
16 238 33.8983
366 238 31.2989
367 238 31.2989
452 238 23.9521
462 238 21.4362
463 238 21.4362
478 238 20.3666
479 238 20.3666
480 238 20.3666
483 238 16.2999
484 238 16.2999
570 238 13.587
575 238 14.0548
576 238 13.587
584 238 13.587
585 238 13.587
593 238 13.1492
594 238 13.1492
595 238 13.1492
367 239 31.2989
438 239 27.137
452 239 23.9521
453 239 23.9521
478 239 20.3666
479 239 20.3666
480 239 20.3666
483 239 16.2999
484 239 16.2999
576 239 13.587
577 239 13.587
594 239 13.1492
616 239 11.325
617 239 11.325
618 239 11.325
619 239 11.0193
620 239 11.0193
367 240 31.2989
368 240 31.2989
437 240 27.137
438 240 27.137
439 240 27.137
442 240 21.4362
452 240 23.9521
453 240 23.9521
479 240 20.3666
484 240 16.2999
529 240 14.556
530 240 14.556
571 240 13.587
578 240 13.587
619 240 11.0193
621 240 10.7296
622 240 10.7296
624 240 10.4548
438 241 27.137
442 241 21.4362
449 241 25.4453
450 241 25.4453
451 241 23.9521
452 241 23.9521
453 241 23.9521
463 241 22.6244
478 241 20.3666
479 241 20.3666
485 241 16.2999
529 241 14.556
530 241 14.556
602 241 13.1492
603 241 12.7389
604 241 12.3533
605 241 11.9904
606 241 11.9904
607 241 11.6482
608 241 11.325
609 241 11.325
610 241 11.0193
611 241 11.0193
451 242 23.9521
452 242 23.9521
463 242 22.6244
464 242 22.6244
479 242 20.3666
483 242 16.9779
485 242 16.2999
526 242 15.674
527 242 15.0943
528 242 14.556
606 242 11.9904
607 242 11.6482
608 242 11.325
609 242 11.325
610 242 11.0193
451 243 25.4453
452 243 25.4453
457 243 18.5185
477 243 20.3666
478 243 20.3666
479 243 20.3666
482 243 17.7148
483 243 16.9779
579 243 13.587
580 243 13.587
581 243 13.587
605 243 11.9904
612 243 10.7296
477 244 20.3666
478 244 20.3666
479 244 20.3666
480 244 19.3986
518 244 18.5185
519 244 17.7148
520 244 16.9779
521 244 16.2999
522 244 16.2999
580 244 13.587
581 244 13.587
582 244 13.1492
612 244 10.4548
613 244 10.4548
479 245 20.3666
480 245 20.3666
515 245 21.4362
516 245 20.3666
517 245 18.5185
518 245 18.5185
519 245 17.7148
520 245 16.9779
521 245 16.2999
522 245 16.2999
525 245 14.0548
526 245 14.0548
580 245 13.587
581 245 13.587
582 245 13.1492
583 245 13.1492
373 246 25.4453
521 246 16.2999
525 246 14.0548
526 246 14.0548
527 246 14.0548
582 246 13.1492
583 246 13.1492
594 246 10.4548
458 247 22.6244
459 247 22.6244
494 247 19.3986
458 248 22.6244
459 248 22.6244
460 248 22.6244
492 248 19.3986
493 248 19.3986
494 248 19.3986
376 249 22.6244
460 249 22.6244
482 249 20.3666
483 249 20.3666
484 249 20.3666
492 249 19.3986
493 249 19.3986
559 249 14.0548
376 250 22.6244
551 250 19.3986
557 250 14.0548
558 250 14.0548
559 250 14.0548
560 250 14.0548
603 250 11.6482
604 250 11.6482
605 250 11.6482
606 250 11.6482
607 250 11.325
557 251 14.0548
558 251 14.0548
559 251 14.0548
566 251 11.6482
598 251 11.9904
599 251 11.6482
600 251 11.6482
605 251 11.6482
606 251 11.6482
484 252 19.3986
485 252 19.3986
556 252 14.0548
557 252 14.0548
558 252 14.0548
563 252 12.7389
567 252 11.6482
601 252 11.6482
483 253 19.3986
484 253 19.3986
557 253 14.0548
558 253 14.0548
561 253 12.7389
562 253 12.7389
601 253 11.6482
602 253 11.6482
557 254 14.0548
560 254 13.1492
561 254 12.7389
557 255 14.0548
590 255 12.3533
591 255 12.3533
593 255 11.9904
557 256 14.0548
559 256 14.0548
592 256 11.9904
599 256 10.4548
596 257 11.0193
518 258 16.2999
519 258 16.2999
520 258 16.2999
556 258 14.0548
594 258 11.0193
595 258 11.0193
596 258 11.0193
518 259 16.2999
519 259 16.2999
520 259 16.2999
519 260 16.2999
520 260 16.2999
519 261 16.2999
520 261 16.2999
532 261 16.2999
533 261 16.2999
534 261 16.2999
535 261 16.2999
520 262 16.2999
521 262 16.2999
533 262 16.2999
534 262 16.2999
593 262 11.9904
594 262 11.6482
596 262 11.0193
597 262 11.0193
598 262 11.325
520 263 16.2999
521 263 16.2999
536 263 15.674
537 263 14.556
538 263 14.556
539 263 14.0548
542 263 16.9779
543 263 16.9779
597 263 11.325
521 264 16.2999
522 264 16.2999
599 264 11.6482
600 264 11.6482
395 265 16.2999
396 265 16.2999
557 265 14.0548
590 265 11.9904
591 265 11.9904
599 265 11.6482
600 265 11.6482
601 265 11.6482
396 266 16.2999
557 266 14.0548
590 266 11.9904
591 266 11.9904
592 266 11.9904
599 266 11.6482
600 266 11.6482
601 266 11.6482
560 267 13.1492
561 267 13.1492
591 267 11.9904
592 267 11.9904
596 267 11.9904
597 267 11.9904
598 267 11.9904
591 268 11.9904
594 268 11.6482
129 270 14.0548
598 270 12.3533
601 270 11.6482
602 270 11.6482
589 271 11.9904
590 271 11.9904
593 271 11.6482
599 271 11.9904
600 271 11.6482
601 271 11.6482
602 271 11.6482
589 272 11.9904
590 272 11.9904
591 272 11.9904
600 272 11.6482
601 272 11.6482
602 272 11.6482
589 273 11.9904
590 273 11.9904
601 273 11.6482
602 273 11.6482
597 274 11.9904
598 274 11.9904
598 275 11.9904
599 275 11.9904
599 276 11.9904
600 276 11.9904
601 276 11.6482
599 277 11.9904
600 277 11.9904
601 277 11.6482
599 278 11.6482
600 278 11.6482
609 278 11.6482
610 278 11.6482
609 279 11.6482
610 279 11.6482
86 280 11.9904
595 280 12.3533
596 280 11.9904
597 280 11.9904
599 280 11.6482
184 281 11.6482
597 281 11.9904
598 281 11.9904
599 281 11.6482
148 282 11.325
589 282 12.7389
590 282 12.3533
591 282 12.3533
592 282 11.9904
592 283 11.9904
593 283 11.9904
594 283 11.9904
611 285 11.325
53 287 11.0193
108 288 10.4548
592 288 11.325
593 288 11.325
594 288 11.325
595 288 11.325
170 290 10.1937
64 291 9.9453
99 291 10.1937
146 291 9.70874
65 292 9.9453
431 292 11.325
432 292 11.325
433 292 11.0193
434 292 11.0193
437 292 9.9453
438 292 9.9453
61 293 9.9453
109 293 9.70874
144 293 9.70874
435 293 10.7296
436 293 10.1937
437 293 9.9453
438 293 9.9453
439 293 9.9453
107 294 9.70874
217 296 9.9453
50 297 9.26784
141 297 9.06207
142 298 9.06207
583 298 10.4548
584 298 10.1937
587 298 9.70874
588 298 9.70874
4 299 9.26784
586 299 9.70874
587 299 9.70874
163 300 8.86525
41 301 8.86525
113 301 8.67679
41 302 8.86525
103 302 8.86525
113 302 8.67679
140 302 8.67679
37 303 8.67679
140 303 8.67679
604 303 9.48317
606 303 9.26784
607 303 9.06207
608 303 9.06207
38 304 8.67679
144 304 8.32293
611 304 8.49618
612 304 8.49618
3 305 8.49618
6 305 8.49618
117 305 8.32293
144 305 8.32293
145 305 8.32293
153 305 8.32293
82 306 8.32293
83 306 8.32293
118 306 8.32293
139 306 8.15661
140 306 8.15661
154 306 8.32293
107 307 8.32293
115 307 8.32293
139 307 8.15661
140 307 8.15661
155 307 8.32293
164 307 8.15661
6 308 8.15661
107 308 8.32293
140 308 8.15661
141 308 8.15661
148 308 8.15661
149 308 7.84314
165 308 8.15661
6 309 8.15661
104 309 7.9968
127 309 7.9968
149 309 7.84314
150 309 7.84314
151 309 7.84314
3 310 7.9968
4 310 8.15661
7 310 8.15661
128 310 7.9968
3 311 7.9968
4 311 8.15661
39 311 7.9968
40 311 7.9968
136 311 7.9968
137 311 7.9968
3 312 7.9968
137 312 7.9968
138 312 7.9968
97 313 7.55287
104 313 7.69527
105 313 7.69527
113 313 7.69527
17 314 7.55287
18 314 7.55287
105 314 7.69527
130 314 7.69527
17 315 7.55287
18 315 7.55287
65 315 7.69527
89 315 7.41565
111 315 7.69527
18 316 7.55287
34 316 7.28332
35 316 7.28332
69 316 7.41565
90 316 7.41565
30 317 7.28332
35 317 7.28332
36 317 7.28332
45 317 7.55287
55 317 7.55287
56 317 7.55287
69 317 7.41565
70 317 7.41565
91 317 7.41565
154 317 7.55287
29 318 7.28332
30 318 7.28332
31 318 7.28332
45 318 7.55287
70 318 7.41565
92 318 7.41565
99 318 7.28332
125 318 7.55287
33 319 7.15564
40 319 7.28332
41 319 7.28332
99 319 7.28332
100 319 7.28332
101 319 7.28332
112 319 7.41565
144 319 7.41565
87 320 7.28332
88 320 7.28332
110 320 7.41565
128 320 7.15564
141 320 7.41565
180 320 7.69527
88 321 7.15564
110 321 7.41565
111 321 7.41565
127 321 7.15564
128 321 7.15564
135 321 7.15564
136 321 7.15564
141 321 7.41565
142 321 7.41565
475 321 7.55287
476 321 7.55287
477 321 7.41565
478 321 7.28332
479 321 7.28332
480 321 7.28332
483 321 7.15564
484 321 7.15564
4 322 7.15564
34 322 7.15564
57 322 7.15564
58 322 7.15564
84 322 7.15564
85 322 7.15564
128 322 7.15564
129 322 7.15564
137 322 7.15564
138 322 7.03235
143 322 7.41565
34 323 7.15564
59 323 7.15564
69 323 7.15564
87 323 7.15564
88 323 6.91324
35 324 7.15564
59 324 7.15564
60 324 7.15564
63 324 7.03235
60 325 7.15564
61 325 7.15564
117 325 7.03235
118 325 7.03235
48 326 7.03235
66 326 6.91324
49 327 7.03235
66 327 6.91324
67 327 6.91324
106 327 6.91324
107 327 6.91324
68 328 6.91324
88 328 6.91324
95 328 6.7981
170 328 7.15564
103 330 6.57895
92 331 6.57895
96 331 6.57895
103 331 6.57895
104 331 6.57895
92 332 6.57895
93 332 6.57895
10 333 6.57895
54 333 6.47459
93 333 6.57895
94 333 6.57895
55 334 6.47459
75 334 6.18047
112 335 6.47459
34 336 6.27549
35 336 6.27549
103 336 6.37349
112 336 6.47459
27 337 6.37349
28 337 6.37349
35 337 6.27549
36 337 6.27549
103 337 6.37349
28 338 6.37349
51 338 6.18047
7 340 6.18047
4 341 6.08828
5 341 6.08828
138 341 6.27549
3 342 6.08828
4 342 6.08828
5 342 6.08828
138 342 6.27549
139 342 6.27549
28 343 5.9988
29 343 5.91191
124 343 6.18047
29 344 5.91191
30 344 5.91191
42 344 5.82751
95 344 5.91191
125 344 6.18047
9 345 5.82751
12 345 5.91191
31 345 5.91191
42 345 5.82751
43 345 5.82751
73 345 5.74548
92 345 5.82751
95 345 5.91191
8 346 5.82751
9 346 5.82751
73 346 5.74548
74 346 5.74548
92 346 5.82751
93 346 5.91191
8 347 5.82751
9 347 5.82751
28 347 5.82751
54 347 5.91191
55 347 5.91191
74 347 5.74548
75 347 5.74548
92 347 5.82751
93 347 5.91191
147 347 6.18047
25 348 5.82751
28 348 5.82751
49 348 5.58815
52 348 6.08828
58 348 5.58815
59 348 5.58815
75 348 5.74548
76 348 5.74548
147 348 6.18047
25 349 5.82751
47 349 5.58815
58 349 5.58815
59 349 5.58815
3 350 5.66572
47 350 5.58815
48 350 5.58815
93 350 5.74548
3 351 5.58815
5 351 5.66572
48 351 5.58815
52 351 5.51268
94 351 5.74548
115 351 5.74548
137 351 5.91191
5 352 5.66572
25 352 5.43922
40 352 5.51268
51 352 5.51268
52 352 5.51268
60 352 5.51268
5 353 5.66572
24 353 5.43922
25 353 5.43922
37 353 5.51268
39 353 5.51268
40 353 5.43922
41 353 5.43922
60 353 5.51268
61 353 5.51268
12 354 5.51268
13 354 5.51268
20 354 5.43922
37 354 5.51268
38 354 5.51268
41 354 5.43922
62 354 5.51268
63 354 5.51268
12 355 5.51268
13 355 5.51268
17 355 5.36769
18 355 5.43922
37 355 5.51268
38 355 5.51268
63 355 5.51268
64 355 5.51268
80 355 5.58815
12 356 5.51268
13 356 5.51268
19 356 5.43922
60 356 5.43922
64 356 5.51268
37 358 5.29801
38 358 5.23013
66 358 5.51268
76 358 5.36769
82 358 5.43922
38 359 5.23013
39 359 5.23013
63 359 5.36769
77 359 5.36769
78 359 5.36769
83 359 5.43922
125 359 5.58815
126 359 5.58815
34 360 5.16396
40 360 5.23013
34 361 5.16396
35 361 5.16396
95 362 5.29801
97 362 5.29801
61 364 5.23013
31 365 5.16396
62 365 5.23013
32 366 5.16396
45 366 5.09944
78 366 5.09944
4 367 4.97512
12 367 5.03651
53 369 5.09944
57 369 4.97512
70 369 5.09944
58 370 4.97512
71 370 5.09944
59 371 4.97512
36 372 4.91521
49 372 4.91521
50 372 4.91521
62 373 4.91521
63 374 4.91521
66 374 4.97512
90 374 4.91521
6 375 4.85673
7 375 4.85673
57 375 4.85673
89 375 4.91521
90 375 4.91521
91 375 4.91521
6 376 4.85673
7 376 4.85673
91 376 4.91521
92 376 4.91521
97 376 4.85673
40 377 4.68933
47 377 4.79962
94 377 4.68933
95 377 4.85673
97 377 4.85673
40 378 4.68933
41 378 4.68933
47 378 4.74383
48 378 4.74383
88 378 4.85673
98 378 4.85673
41 379 4.68933
42 379 4.68933
44 379 4.68933
45 379 4.74383
79 379 4.79962
92 379 4.68933
93 379 4.68933
95 379 4.68933
98 379 4.85673
42 380 4.68933
43 380 4.68933
44 380 4.68933
45 380 4.68933
46 380 4.74383
79 380 4.79962
80 380 4.79962
99 380 4.85673
46 381 4.68933
47 381 4.68933
48 381 4.584
60 381 4.68933
80 381 4.79962
81 381 4.79962
83 381 4.68933
60 382 4.68933
61 383 4.68933
55 384 4.584
100 384 4.91521
566 384 5.03651
581 384 4.91521
582 384 4.85673
55 385 4.584
56 385 4.584
100 385 4.91521
567 385 5.03651
568 385 5.03651
569 385 4.91521
583 385 4.74383
584 385 4.74383
100 386 4.91521
101 386 4.91521
568 386 5.03651
569 386 4.91521
570 386 4.91521
571 386 4.85673
572 386 4.79962
575 386 4.68933
576 386 4.68933
584 386 4.68933
585 386 4.63607
36 387 4.4833
41 387 4.53309
101 387 4.91521
570 387 4.91521
571 387 4.85673
572 387 4.79962
573 387 4.74383
574 387 4.74383
575 387 4.68933
576 387 4.68933
577 387 4.68933
578 387 4.63607
579 387 4.584
580 387 4.584
581 387 4.584
582 387 4.63607
583 387 4.68933
584 387 4.68933
585 387 4.63607
586 387 4.53309
587 387 4.4833
36 388 4.4833
37 388 4.4833
41 388 4.53309
573 388 4.74383
574 388 4.74383
575 388 4.68933
576 388 4.68933
577 388 4.68933
578 388 4.63607
579 388 4.584
580 388 4.584
581 388 4.584
582 388 4.584
583 388 4.63607
584 388 4.63607
585 388 4.584
586 388 4.53309
587 388 4.4833
588 388 4.43459
37 389 4.4833
38 389 4.4833
42 389 4.53309
97 389 4.79962
588 389 4.43459
589 389 4.34028
98 390 4.79962
99 391 4.79962
13 392 4.38693
100 392 4.79962
13 393 4.38693
43 393 4.584
59 393 4.43459
72 393 4.4833
100 393 4.74383
21 394 4.43459
26 394 4.38693
42 394 4.584
73 394 4.4833
101 394 4.74383
23 395 4.43459
26 395 4.38693
27 395 4.38693
41 395 4.43459
45 395 4.29461
46 395 4.29461
99 395 4.74383
11 396 4.24989
38 396 4.29461
41 396 4.38693
46 396 4.29461
47 396 4.29461
50 396 4.34028
98 396 4.74383
99 396 4.74383
37 397 4.29461
38 397 4.29461
39 397 4.34028
40 397 4.34028
41 397 4.29461
42 397 4.29461
43 398 4.29461
43 399 4.24989
44 399 4.24989
97 399 4.74383
96 400 4.584
99 400 4.53309
100 400 4.53309
101 400 4.53309
93 401 4.53309
94 401 4.53309
102 401 4.4833
93 402 4.53309
94 402 4.43459
95 402 4.43459
93 403 4.53309
94 403 4.43459
95 403 4.43459
96 403 4.38693
97 403 4.38693
98 403 4.38693
99 403 4.38693
100 403 4.43459
101 403 4.43459
94 404 4.43459
95 404 4.43459
96 404 4.38693
97 404 4.38693
5 409 4.12116
66 417 4.2061
120 420 4.1632
121 420 4.1632
324 420 4.12116
426 420 4.07997
427 420 4.07997
365 421 4.12116
64 422 4.07997
65 423 4.07997
66 423 4.07997
298 425 4.03959
426 427 4.03959
425 428 4.03959
426 428 4.03959
427 428 4.03959
117 432 4.03959
118 432 4.03959
113 433 4.24989
117 433 4.03959
118 433 4.03959
113 434 4.2061
117 434 4.03959
118 434 4.03959
112 435 4.2061
117 435 4.03959
111 436 4.2061
112 436 4.2061
421 437 4.03959
422 438 4.03959
424 441 4.03959
