221 3 13.587
503 3 23.9521
523 3 25.4453
528 3 23.9521
573 3 16.2999
581 3 16.2999
582 3 16.2999
586 3 14.556
602 3 15.0943
635 3 15.0943
636 3 14.556
221 4 13.587
522 4 23.9521
523 4 23.9521
530 4 23.9521
580 4 16.2999
581 4 16.2999
582 4 16.2999
583 4 16.2999
584 4 15.674
585 4 15.674
603 4 15.0943
604 4 15.0943
221 5 13.587
521 5 23.9521
530 5 23.9521
573 5 16.2999
574 5 16.2999
580 5 16.9779
581 5 16.2999
582 5 16.2999
583 5 16.2999
617 5 15.0943
635 5 15.0943
221 6 13.587
499 6 23.9521
522 6 25.4453
530 6 23.9521
572 6 16.2999
573 6 16.2999
574 6 16.2999
615 6 15.0943
616 6 15.0943
617 6 15.0943
634 6 15.0943
221 7 13.587
497 7 25.4453
498 7 25.4453
499 7 23.9521
524 7 23.9521
573 7 16.2999
577 7 16.2999
634 7 15.0943
221 8 13.587
495 8 27.137
496 8 25.4453
497 8 25.4453
498 8 25.4453
499 8 23.9521
502 8 23.9521
524 8 23.9521
525 8 23.9521
576 8 16.2999
577 8 15.674
221 9 13.587
497 9 25.4453
498 9 25.4453
499 9 25.4453
500 9 23.9521
501 9 23.9521
532 9 22.6244
585 9 16.2999
586 9 16.2999
637 9 15.0943
221 10 13.587
498 10 25.4453
499 10 25.4453
500 10 23.9521
531 10 23.9521
567 10 31.2989
577 10 15.674
578 10 15.674
579 10 15.674
586 10 16.2999
589 10 15.0943
593 10 14.556
594 10 14.556
620 10 15.0943
621 10 15.0943
637 10 15.0943
221 11 13.587
498 11 25.4453
531 11 23.9521
576 11 15.674
577 11 15.674
578 11 15.674
589 11 16.2999
592 11 14.556
593 11 14.556
221 12 13.587
530 12 23.9521
531 12 23.9521
532 12 23.9521
576 12 15.674
577 12 15.674
578 12 15.674
588 12 16.2999
221 13 13.587
500 13 23.9521
530 13 23.9521
531 13 23.9521
588 13 16.2999
632 13 15.0943
633 13 15.0943
634 13 15.0943
635 13 15.0943
636 13 14.556
221 14 13.587
499 14 22.6244
500 14 22.6244
577 14 15.674
581 14 15.0943
592 14 15.0943
633 14 15.0943
634 14 15.0943
221 15 13.587
578 15 15.674
579 15 15.674
580 15 15.0943
221 16 14.0548
525 16 23.9521
578 16 15.674
579 16 15.674
583 16 15.674
584 16 15.674
221 17 14.0548
498 17 25.4453
499 17 25.4453
565 17 45.1467
577 17 15.674
578 17 15.674
579 17 15.674
584 17 15.674
221 18 14.0548
499 18 25.4453
500 18 25.4453
578 18 15.674
635 18 14.556
221 19 14.0548
499 19 25.4453
500 19 25.4453
524 19 23.9521
525 19 23.9521
528 19 23.9521
529 19 23.9521
530 19 23.9521
577 19 16.2999
578 19 16.2999
579 19 16.2999
580 19 15.674
525 20 23.9521
529 20 23.9521
567 20 15.674
579 20 16.2999
598 20 15.674
600 20 15.674
629 20 15.0943
631 20 15.0943
632 20 14.556
221 21 14.0548
503 21 23.9521
573 21 20.3666
579 21 16.2999
629 21 15.0943
630 21 15.0943
221 22 14.0548
502 22 23.9521
504 22 23.9521
528 22 23.9521
529 22 23.9521
567 22 16.2999
568 22 16.2999
579 22 16.2999
221 23 14.0548
502 23 25.4453
503 23 25.4453
504 23 23.9521
528 23 23.9521
529 23 23.9521
566 23 16.2999
567 23 16.2999
568 23 16.2999
636 23 15.0943
221 24 14.0548
501 24 25.4453
502 24 25.4453
528 24 23.9521
568 24 16.2999
569 24 16.2999
581 24 16.2999
582 24 15.674
633 24 15.0943
634 24 15.0943
221 25 14.0548
501 25 25.4453
502 25 25.4453
569 25 16.2999
570 25 15.674
571 25 15.674
581 25 16.2999
582 25 15.674
631 25 15.0943
632 25 15.0943
633 25 15.0943
221 26 14.0548
528 26 23.9521
529 26 23.9521
569 26 16.2999
581 26 16.2999
582 26 15.674
584 26 15.674
585 26 15.0943
616 26 15.674
617 26 15.674
629 26 16.2999
630 26 15.0943
631 26 15.0943
221 27 14.0548
528 27 23.9521
529 27 23.9521
530 27 23.9521
570 27 16.2999
571 27 16.2999
584 27 15.674
635 27 15.0943
636 27 15.674
221 28 14.0548
570 28 16.2999
221 29 14.0548
500 29 25.4453
501 29 25.4453
504 29 23.9521
505 29 23.9521
569 29 16.9779
577 29 15.674
583 29 16.2999
628 29 15.0943
629 29 15.0943
503 30 23.9521
504 30 23.9521
505 30 23.9521
524 30 25.4453
532 30 25.4453
533 30 25.4453
576 30 16.2999
577 30 15.674
578 30 15.674
579 30 15.674
588 30 15.674
609 30 14.556
625 30 14.0548
628 30 15.0943
504 31 23.9521
524 31 23.9521
578 31 15.674
579 31 15.674
586 31 15.674
587 31 15.674
588 31 15.674
598 31 15.0943
623 31 14.556
624 31 14.556
622 32 14.556
623 32 14.556
221 33 14.0548
499 33 23.9521
500 33 23.9521
524 33 23.9521
532 33 23.9521
620 33 15.674
621 33 15.0943
622 33 14.556
499 34 23.9521
500 34 23.9521
501 34 23.9521
524 34 23.9521
525 34 23.9521
531 34 23.9521
532 34 23.9521
533 34 23.9521
587 34 13.587
491 35 23.9521
492 35 23.9521
500 35 23.9521
501 35 23.9521
525 35 23.9521
531 35 23.9521
532 35 23.9521
577 35 15.674
578 35 15.674
579 35 15.674
585 35 13.587
590 35 15.0943
617 35 15.0943
221 36 13.587
532 36 23.9521
561 36 36.9686
578 36 15.674
579 36 15.674
631 36 15.0943
632 36 15.0943
222 37 13.587
493 37 23.9521
527 37 23.9521
560 37 36.9686
561 37 36.9686
579 37 15.674
222 38 13.587
501 38 25.4453
531 38 23.9521
559 38 36.9686
560 38 36.9686
578 38 15.674
579 38 15.674
583 38 15.0943
628 38 15.674
629 38 15.0943
635 38 31.2989
636 38 33.8983
221 39 13.587
222 39 13.587
493 39 25.4453
494 39 25.4453
500 39 25.4453
501 39 25.4453
582 39 15.0943
617 39 15.674
626 39 16.9779
634 39 31.2989
635 39 31.2989
493 40 25.4453
559 40 40.6504
222 41 13.587
467 41 33.8983
528 41 23.9521
531 41 23.9521
559 41 40.6504
581 41 15.674
592 41 15.0943
222 42 13.587
461 42 33.8983
467 42 33.8983
494 42 25.4453
558 42 40.6504
581 42 15.674
591 42 15.0943
592 42 15.0943
597 42 15.674
222 43 13.587
461 43 33.8983
530 43 23.9521
531 43 23.9521
580 43 16.2999
581 43 15.674
222 44 13.587
461 44 33.8983
495 44 25.4453
511 44 25.4453
529 44 23.9521
530 44 23.9521
571 44 15.674
580 44 16.2999
585 44 15.674
635 44 31.2989
636 44 31.2989
222 45 13.587
529 45 23.9521
570 45 16.2999
571 45 16.2999
582 45 16.2999
583 45 15.674
590 45 11.0193
635 45 31.2989
222 46 13.587
582 46 16.2999
594 46 15.0943
600 46 15.0943
613 46 15.0943
614 46 15.0943
635 46 31.2989
222 47 13.587
495 47 25.4453
496 47 25.4453
497 47 25.4453
531 47 25.4453
571 47 16.2999
635 47 31.2989
222 48 13.587
495 48 25.4453
496 48 25.4453
503 48 18.5185
527 48 23.9521
571 48 16.2999
572 48 16.2999
573 48 16.2999
621 48 15.0943
635 48 31.2989
222 49 13.587
528 49 23.9521
559 49 40.6504
571 49 16.2999
572 49 16.2999
585 49 12.3533
634 49 31.2989
222 50 13.587
458 50 33.8983
502 50 19.3986
528 50 23.9521
559 50 40.6504
572 50 15.674
573 50 15.674
616 50 14.556
222 51 13.587
494 51 25.4453
495 51 25.4453
496 51 25.4453
500 51 20.3666
501 51 20.3666
518 51 23.9521
572 51 16.2999
573 51 15.674
610 51 15.674
616 51 14.556
222 52 13.587
494 52 25.4453
495 52 25.4453
496 52 25.4453
500 52 20.3666
531 52 23.9521
560 52 40.6504
561 52 40.6504
573 52 15.674
574 52 15.674
575 52 15.674
586 52 16.2999
587 52 16.2999
222 53 13.587
495 53 25.4453
496 53 25.4453
530 53 23.9521
559 53 36.9686
560 53 36.9686
561 53 36.9686
567 53 21.4362
586 53 16.2999
587 53 16.2999
588 53 16.2999
139 54 40.6504
222 54 13.587
455 54 33.8983
456 54 33.8983
525 54 23.9521
529 54 23.9521
530 54 23.9521
534 54 21.4362
535 54 21.4362
587 54 16.2999
222 55 13.587
459 55 33.8983
460 55 33.8983
496 55 25.4453
497 55 25.4453
528 55 23.9521
531 55 23.9521
577 55 15.674
635 55 31.2989
637 55 31.2989
222 56 13.587
460 56 33.8983
468 56 33.8983
496 56 25.4453
497 56 25.4453
498 56 25.4453
527 56 23.9521
528 56 23.9521
573 56 16.2999
574 56 16.2999
575 56 15.674
576 56 15.674
577 56 15.674
578 56 15.0943
635 56 31.2989
222 57 13.587
497 57 25.4453
525 57 25.4453
533 57 23.9521
534 57 23.9521
577 57 15.674
222 58 13.587
496 58 25.4453
497 58 25.4453
498 58 25.4453
524 58 25.4453
525 58 25.4453
526 58 25.4453
533 58 23.9521
534 58 23.9521
581 58 15.0943
222 59 13.587
499 59 25.4453
574 59 16.9779
575 59 16.9779
586 59 11.9904
637 59 15.0943
222 60 13.587
454 60 36.9686
498 60 25.4453
499 60 25.4453
574 60 16.9779
575 60 16.9779
579 60 15.0943
585 60 11.9904
635 60 15.0943
636 60 15.0943
637 60 15.0943
222 61 13.587
453 61 36.9686
498 61 25.4453
499 61 25.4453
500 61 25.4453
526 61 23.9521
527 61 23.9521
533 61 23.9521
534 61 23.9521
574 61 16.9779
575 61 16.9779
578 61 15.674
635 61 15.0943
222 62 13.587
452 62 36.9686
455 62 33.8983
499 62 25.4453
500 62 25.4453
532 62 23.9521
533 62 23.9521
575 62 16.9779
576 62 16.9779
581 62 15.0943
222 63 13.587
499 63 25.4453
500 63 25.4453
501 63 25.4453
222 64 13.587
500 64 25.4453
550 64 200
570 64 16.2999
571 64 16.2999
572 64 16.2999
579 64 15.674
580 64 15.674
163 65 40.6504
222 65 13.587
455 65 33.8983
456 65 33.8983
532 65 23.9521
570 65 16.2999
571 65 16.2999
572 65 16.2999
575 65 17.7148
576 65 16.9779
577 65 16.9779
578 65 16.2999
579 65 15.674
142 66 45.1467
143 66 45.1467
222 66 13.587
531 66 23.9521
532 66 23.9521
533 66 23.9521
571 66 16.2999
575 66 17.7148
602 66 15.0943
222 67 13.587
468 67 33.8983
495 67 23.9521
496 67 23.9521
497 67 23.9521
533 67 23.9521
571 67 16.2999
222 68 13.587
469 68 33.8983
495 68 23.9521
496 68 23.9521
570 68 16.2999
571 68 16.2999
572 68 16.2999
591 68 13.1492
625 68 15.0943
222 69 13.587
571 69 16.2999
576 69 16.9779
222 70 13.587
496 70 25.4453
497 70 25.4453
532 70 23.9521
571 70 16.2999
572 70 16.2999
573 70 16.2999
580 70 15.674
581 70 15.674
603 70 14.556
618 70 15.0943
619 70 15.0943
222 71 13.587
452 71 33.8983
457 71 36.9686
469 71 31.2989
497 71 23.9521
532 71 23.9521
533 71 23.9521
534 71 23.9521
570 71 16.9779
571 71 16.2999
572 71 16.2999
576 71 16.9779
581 71 15.674
602 71 14.556
603 71 14.556
222 72 13.587
452 72 33.8983
453 72 33.8983
457 72 36.9686
458 72 36.9686
497 72 23.9521
222 73 13.587
452 73 33.8983
495 73 23.9521
222 74 13.587
446 74 200
453 74 33.8983
454 74 33.8983
532 74 23.9521
533 74 23.9521
582 74 15.0943
595 74 15.0943
222 75 13.587
453 75 33.8983
454 75 33.8983
495 75 23.9521
499 75 23.9521
532 75 23.9521
533 75 23.9521
571 75 17.7148
572 75 17.7148
581 75 15.0943
582 75 15.0943
617 75 15.0943
222 76 14.0548
456 76 33.8983
570 76 17.7148
571 76 17.7148
590 76 15.674
591 76 15.674
592 76 15.674
222 77 14.0548
222 78 14.0548
456 78 31.2989
530 78 23.9521
222 79 14.0548
458 79 33.8983
498 79 25.4453
499 79 25.4453
500 79 25.4453
530 79 23.9521
152 80 40.6504
153 80 40.6504
470 80 33.8983
498 80 25.4453
499 80 25.4453
500 80 25.4453
501 80 23.9521
576 80 16.2999
577 80 16.2999
578 80 16.2999
153 81 40.6504
222 81 14.0548
452 81 33.8983
470 81 33.8983
564 81 27.137
576 81 16.2999
577 81 16.2999
578 81 16.2999
582 81 14.556
583 81 14.556
637 81 16.2999
452 82 33.8983
529 82 25.4453
530 82 23.9521
532 82 23.9521
533 82 22.6244
577 82 16.2999
582 82 14.556
634 82 16.2999
635 82 16.2999
636 82 16.2999
222 83 14.0548
532 83 23.9521
590 83 12.3533
222 84 14.0548
561 84 36.9686
562 84 36.9686
588 84 12.3533
623 84 15.0943
459 85 27.137
620 85 16.2999
621 85 15.674
622 85 15.674
623 85 15.0943
625 85 15.0943
502 86 23.9521
530 86 23.9521
531 86 23.9521
532 86 23.9521
560 86 36.9686
579 86 15.674
580 86 15.674
617 86 17.7148
618 86 17.7148
619 86 16.9779
622 86 15.674
623 86 15.0943
495 87 23.9521
496 87 23.9521
497 87 23.9521
531 87 23.9521
579 87 15.674
456 88 33.8983
495 88 23.9521
496 88 23.9521
596 88 15.0943
455 89 33.8983
530 89 23.9521
531 89 23.9521
583 89 15.674
619 89 16.9779
620 89 16.9779
621 89 16.2999
622 89 16.2999
623 89 15.0943
637 89 15.674
575 90 16.2999
576 90 16.2999
616 90 18.5185
617 90 17.7148
618 90 17.7148
619 90 16.9779
459 91 33.8983
577 91 16.2999
578 91 16.2999
459 92 33.8983
460 92 33.8983
496 92 27.137
530 92 23.9521
577 92 16.2999
584 92 14.0548
589 92 12.7389
590 92 12.7389
634 92 15.674
635 92 15.674
280 93 40.6504
311 93 50.7614
489 93 50.7614
530 93 23.9521
559 93 40.6504
560 93 40.6504
561 93 40.6504
577 93 16.2999
589 93 12.7389
286 94 45.1467
287 94 45.1467
577 94 16.2999
578 94 16.2999
579 94 16.2999
623 94 15.0943
458 95 36.9686
459 95 36.9686
462 95 27.137
560 95 40.6504
561 95 40.6504
579 95 16.2999
617 95 15.0943
623 95 15.0943
452 96 33.8983
458 96 36.9686
528 96 25.4453
563 96 36.9686
564 96 36.9686
578 96 16.2999
579 96 16.2999
578 97 16.9779
611 97 15.0943
450 98 33.8983
470 98 33.8983
531 98 23.9521
532 98 23.9521
582 98 15.674
603 98 15.0943
470 99 33.8983
481 99 50.7614
496 99 25.4453
531 99 23.9521
532 99 23.9521
635 99 16.2999
453 100 31.2989
470 100 33.8983
500 100 21.4362
551 100 80.9717
552 100 80.9717
160 101 45.1467
495 101 25.4453
496 101 25.4453
583 101 15.674
584 101 15.674
585 101 15.674
160 102 45.1467
189 102 57.971
490 102 40.6504
496 102 25.4453
497 102 25.4453
583 102 15.674
584 102 15.674
587 102 14.556
588 102 14.556
629 102 15.674
451 103 36.9686
452 103 36.9686
455 103 29.0698
456 103 29.0698
528 103 23.9521
586 103 15.0943
587 103 14.556
533 104 23.9521
497 105 25.4453
533 105 23.9521
541 105 80.9717
637 105 31.2989
448 106 33.8983
532 106 23.9521
585 106 16.9779
586 106 16.9779
589 106 15.674
637 106 31.2989
355 107 57.971
470 107 31.2989
585 107 16.9779
625 107 33.8983
637 107 31.2989
448 108 33.8983
482 108 50.7614
624 108 33.8983
625 108 33.8983
637 108 31.2989
544 109 80.9717
545 109 80.9717
546 109 80.9717
568 109 40.6504
581 109 16.9779
582 109 16.9779
623 109 33.8983
624 109 33.8983
637 109 31.2989
143 110 40.6504
493 110 25.4453
494 110 25.4453
495 110 25.4453
590 110 16.9779
591 110 16.2999
637 110 31.2989
493 111 25.4453
498 111 21.4362
590 111 16.9779
591 111 16.9779
596 111 15.0943
597 111 15.0943
637 111 31.2989
328 112 57.971
370 112 67.5676
371 112 67.5676
446 112 36.9686
447 112 36.9686
593 112 16.2999
594 112 16.2999
597 112 15.0943
598 112 15.0943
637 112 31.2989
328 113 57.971
335 113 57.971
339 113 36.9686
340 113 36.9686
446 113 36.9686
447 113 36.9686
493 113 25.4453
592 113 16.2999
593 113 16.2999
594 113 16.2999
597 113 15.0943
627 113 15.674
102 114 36.9686
335 114 57.971
336 114 57.971
483 114 50.7614
492 114 27.137
585 114 16.9779
618 114 15.674
627 114 15.674
421 115 45.1467
483 115 50.7614
531 115 101.01
587 115 16.2999
588 115 16.2999
609 115 15.674
618 115 15.674
621 115 15.674
495 116 23.9521
496 116 23.9521
550 116 50.7614
586 116 16.2999
587 116 16.2999
588 116 16.2999
618 116 15.674
637 116 31.2989
337 117 67.5676
370 117 57.971
399 117 67.5676
449 117 31.2989
550 117 50.7614
600 117 15.674
601 117 15.674
619 117 15.674
620 117 15.674
637 117 31.2989
143 118 40.6504
337 118 67.5676
399 118 67.5676
600 118 15.674
619 118 15.674
637 118 31.2989
54 119 36.9686
55 119 36.9686
572 119 33.8983
599 119 15.674
600 119 15.674
637 119 31.2989
450 120 33.8983
494 120 25.4453
609 120 15.674
637 120 31.2989
198 121 57.971
471 121 33.8983
494 121 25.4453
530 121 23.9521
608 121 15.674
620 121 15.674
621 121 15.674
637 121 31.2989
168 122 101.01
471 122 33.8983
495 122 25.4453
496 122 25.4453
609 122 15.674
610 122 15.674
611 122 15.674
620 122 15.674
621 122 15.674
637 122 31.2989
169 123 101.01
170 123 101.01
338 123 67.5676
357 123 57.971
398 123 67.5676
496 123 25.4453
573 123 36.9686
610 123 15.674
620 123 15.674
637 123 31.2989
57 124 40.6504
170 124 101.01
171 124 101.01
322 124 57.971
339 124 67.5676
448 124 31.2989
449 124 31.2989
611 124 15.674
620 124 15.674
637 124 31.2989
171 125 101.01
339 125 67.5676
420 125 50.7614
498 125 25.4453
499 125 27.137
588 125 33.8983
589 125 33.8983
76 126 36.9686
324 126 57.971
339 126 67.5676
344 126 36.9686
449 126 33.8983
450 126 31.2989
568 126 40.6504
588 126 33.8983
619 126 15.674
339 127 67.5676
340 127 67.5676
344 127 36.9686
470 127 33.8983
529 127 23.9521
619 127 15.674
620 127 15.674
167 128 101.01
340 128 67.5676
447 128 33.8983
448 128 33.8983
489 128 50.7614
509 128 22.6244
609 128 15.674
610 128 15.674
611 128 15.674
619 128 15.674
620 128 15.674
93 129 40.6504
94 129 40.6504
167 129 101.01
340 129 67.5676
341 129 67.5676
419 129 50.7614
425 129 101.01
578 129 36.9686
609 129 15.674
610 129 15.674
619 129 15.674
620 129 15.674
74 130 36.9686
75 130 36.9686
76 130 36.9686
92 130 40.6504
340 130 67.5676
341 130 67.5676
419 130 50.7614
554 130 67.5676
577 130 36.9686
578 130 36.9686
619 130 15.674
192 131 57.971
340 131 67.5676
341 131 67.5676
419 131 50.7614
554 131 67.5676
578 131 36.9686
610 131 15.674
619 131 15.674
49 132 40.6504
169 132 134.228
610 132 15.674
613 132 15.0943
620 132 15.674
38 133 40.6504
169 133 134.228
253 133 80.9717
254 133 80.9717
345 133 36.9686
447 133 36.9686
448 133 36.9686
449 133 36.9686
451 133 33.8983
452 133 27.137
610 133 15.674
611 133 15.674
612 133 15.674
620 133 15.674
621 133 15.674
254 134 80.9717
341 134 67.5676
439 134 200
448 134 36.9686
454 134 27.137
620 134 15.674
621 134 15.674
254 135 80.9717
453 135 29.0698
454 135 27.137
612 135 15.674
613 135 15.674
620 135 15.674
167 136 101.01
327 136 57.971
328 136 57.971
353 136 20.3666
612 136 15.674
613 136 15.674
621 136 15.674
168 137 101.01
328 137 57.971
329 137 57.971
353 137 20.3666
450 137 33.8983
451 137 33.8983
561 137 45.1467
612 137 15.674
613 137 15.674
620 137 15.674
621 137 15.674
622 137 15.674
168 138 101.01
169 138 101.01
329 138 57.971
418 138 50.7614
419 138 50.7614
450 138 33.8983
451 138 33.8983
452 138 33.8983
621 138 15.674
169 139 101.01
338 139 200
342 139 67.5676
347 139 33.8983
418 139 50.7614
419 139 50.7614
451 139 33.8983
586 139 36.9686
252 140 80.9717
342 140 67.5676
586 140 36.9686
611 140 15.674
612 140 15.674
613 140 15.674
624 140 15.674
625 140 15.674
224 141 67.5676
342 141 67.5676
352 141 23.9521
448 141 33.8983
611 141 15.674
612 141 15.674
613 141 15.674
624 141 15.674
625 141 15.674
116 142 45.1467
118 142 45.1467
330 142 57.971
343 142 67.5676
347 142 36.9686
569 142 40.6504
586 142 36.9686
611 142 15.674
612 142 15.674
613 142 15.674
624 142 15.674
625 142 15.674
78 143 40.6504
79 143 40.6504
112 143 45.1467
227 143 67.5676
343 143 67.5676
347 143 36.9686
569 143 40.6504
586 143 36.9686
624 143 15.674
625 143 15.674
343 144 67.5676
412 144 200
418 144 50.7614
419 144 50.7614
569 144 40.6504
612 144 15.674
624 144 15.674
625 144 15.674
87 145 40.6504
343 145 67.5676
348 145 36.9686
419 145 50.7614
610 145 15.674
624 145 15.674
625 145 15.674
37 146 36.9686
252 146 80.9717
344 146 67.5676
348 146 36.9686
373 146 67.5676
419 146 50.7614
610 146 15.674
611 146 15.674
612 146 15.674
624 146 15.674
625 146 15.674
37 147 36.9686
344 147 67.5676
348 147 36.9686
514 147 23.9521
515 147 23.9521
610 147 15.674
611 147 15.674
614 147 15.0943
615 147 14.556
624 147 15.674
625 147 15.674
333 148 57.971
515 148 23.9521
611 148 15.674
623 148 15.674
624 148 15.674
253 149 80.9717
370 149 57.971
412 149 200
611 149 15.674
612 149 15.674
623 149 15.674
624 149 15.674
344 150 67.5676
345 150 67.5676
610 150 15.674
611 150 15.674
612 150 15.674
623 150 15.674
624 150 15.674
345 151 67.5676
373 151 80.9717
454 151 31.2989
611 151 15.674
612 151 15.674
613 151 15.674
345 152 67.5676
346 152 67.5676
373 152 80.9717
381 152 29.0698
554 152 80.9717
611 152 15.674
612 152 15.674
39 153 36.9686
345 153 67.5676
346 153 67.5676
625 153 15.674
626 153 15.674
418 154 57.971
419 154 57.971
492 154 50.7614
625 154 15.674
626 154 15.674
632 154 31.2989
633 154 31.2989
39 155 36.9686
113 155 40.6504
114 155 40.6504
325 155 67.5676
346 155 67.5676
418 155 57.971
419 155 57.971
451 155 31.2989
492 155 50.7614
616 155 15.0943
632 155 31.2989
346 156 67.5676
347 156 67.5676
350 156 36.9686
455 156 36.9686
456 156 36.9686
457 156 36.9686
492 156 50.7614
514 156 23.9521
613 156 15.674
614 156 15.674
615 156 15.674
616 156 15.0943
632 156 31.2989
350 157 36.9686
455 157 36.9686
456 157 36.9686
492 157 50.7614
550 157 50.7614
551 157 50.7614
613 157 15.674
614 157 15.674
625 157 15.674
626 157 15.674
40 158 40.6504
275 158 134.228
345 158 67.5676
346 158 67.5676
350 158 36.9686
359 158 18.5185
374 158 67.5676
625 158 15.674
626 158 15.674
275 159 134.228
336 159 134.228
339 159 57.971
346 159 67.5676
350 159 36.9686
461 159 33.8983
616 159 15.674
617 159 15.674
625 159 15.674
40 160 40.6504
73 160 36.9686
275 160 134.228
346 160 67.5676
347 160 67.5676
350 160 36.9686
351 160 36.9686
461 160 33.8983
475 160 45.1467
476 160 45.1467
616 160 15.674
617 160 15.674
625 160 15.674
275 161 134.228
346 161 67.5676
617 161 15.674
618 161 15.674
625 161 15.674
76 162 40.6504
245 162 134.228
275 162 134.228
336 162 67.5676
337 162 67.5676
357 162 67.5676
617 162 15.674
625 162 15.674
41 163 40.6504
416 163 80.9717
616 163 15.674
617 163 15.674
374 164 67.5676
417 164 67.5676
447 164 134.228
448 164 134.228
625 164 15.674
90 165 40.6504
374 165 67.5676
592 165 36.9686
593 165 36.9686
600 165 33.8983
618 165 15.674
625 165 15.674
327 166 134.228
361 166 80.9717
362 166 80.9717
417 166 67.5676
418 166 67.5676
513 166 25.4453
514 166 25.4453
592 166 36.9686
593 166 36.9686
594 166 36.9686
600 166 33.8983
617 166 15.674
625 166 15.674
251 167 80.9717
327 167 134.228
363 167 80.9717
380 167 80.9717
592 167 36.9686
627 167 29.0698
628 167 31.2989
252 168 80.9717
327 168 134.228
581 168 40.6504
582 168 40.6504
588 168 36.9686
374 169 80.9717
581 169 40.6504
582 169 40.6504
42 170 36.9686
253 170 80.9717
375 170 80.9717
487 170 57.971
488 170 57.971
615 170 15.674
616 170 15.674
624 170 31.2989
253 171 80.9717
380 171 67.5676
549 171 50.7614
574 171 33.8983
624 171 31.2989
253 172 80.9717
380 172 67.5676
568 172 40.6504
569 172 40.6504
572 172 36.9686
273 173 101.01
549 173 50.7614
568 173 40.6504
569 173 40.6504
570 173 40.6504
572 173 36.9686
600 173 31.2989
601 173 31.2989
602 173 31.2989
273 174 134.228
415 174 101.01
548 174 50.7614
549 174 50.7614
81 175 40.6504
132 175 80.9717
251 175 134.228
273 175 134.228
624 175 31.2989
251 176 134.228
273 176 134.228
306 176 134.228
392 176 200
457 176 50.7614
462 176 33.8983
588 176 36.9686
589 176 36.9686
590 176 36.9686
624 176 31.2989
251 177 134.228
273 177 134.228
462 177 33.8983
619 177 15.674
620 177 15.674
70 178 40.6504
251 178 134.228
306 178 134.228
519 178 23.9521
579 178 36.9686
251 179 134.228
306 179 134.228
336 179 134.228
337 179 134.228
519 179 23.9521
578 179 36.9686
579 179 36.9686
321 180 134.228
337 180 134.228
375 180 80.9717
376 180 80.9717
548 180 50.7614
549 180 50.7614
558 180 57.971
575 180 40.6504
579 180 36.9686
353 181 27.137
548 181 50.7614
549 181 50.7614
561 181 45.1467
618 181 16.2999
627 181 15.674
628 181 15.674
215 182 13.587
216 182 13.587
432 182 57.971
482 182 50.7614
483 182 50.7614
490 182 57.971
549 182 50.7614
587 182 36.9686
624 182 31.2989
627 182 15.674
628 182 15.674
215 183 13.587
256 183 80.9717
587 183 36.9686
621 183 15.674
622 183 31.2989
215 184 13.587
256 184 80.9717
257 184 80.9717
373 184 67.5676
374 184 67.5676
379 184 33.8983
587 184 36.9686
628 184 15.674
629 184 15.674
37 185 33.8983
214 185 13.587
290 185 134.228
345 185 57.971
373 185 67.5676
374 185 67.5676
379 185 40.6504
431 185 67.5676
624 185 31.2989
628 185 15.674
629 185 15.674
37 186 33.8983
214 186 13.587
291 186 134.228
331 186 134.228
373 186 67.5676
374 186 67.5676
378 186 40.6504
431 186 57.971
432 186 57.971
618 186 15.674
619 186 15.674
629 186 15.674
214 187 13.587
290 187 134.228
291 187 134.228
373 187 80.9717
374 187 80.9717
378 187 40.6504
424 187 80.9717
425 187 80.9717
618 187 15.674
619 187 15.674
629 187 15.674
214 188 13.587
291 188 134.228
373 188 80.9717
374 188 80.9717
430 188 67.5676
431 188 57.971
587 188 36.9686
618 188 15.674
619 188 15.674
629 188 15.674
25 189 33.8983
34 189 33.8983
214 189 13.587
291 189 134.228
310 189 134.228
427 189 101.01
428 189 80.9717
429 189 80.9717
430 189 67.5676
431 189 57.971
432 189 50.7614
433 189 50.7614
629 189 15.674
34 190 33.8983
84 190 40.6504
214 190 13.587
270 190 134.228
271 190 134.228
290 190 134.228
291 190 134.228
310 190 134.228
427 190 101.01
428 190 80.9717
429 190 80.9717
430 190 67.5676
431 190 57.971
433 190 50.7614
503 190 67.5676
559 190 80.9717
34 191 33.8983
214 191 13.1492
270 191 134.228
297 191 200
337 191 27.137
617 191 15.674
618 191 15.674
619 191 15.674
628 191 15.674
629 191 15.674
34 192 33.8983
253 192 134.228
310 192 134.228
327 192 200
337 192 27.137
365 192 200
618 192 15.674
627 192 15.674
628 192 15.674
310 193 134.228
364 193 200
408 193 101.01
409 193 101.01
440 193 80.9717
34 194 33.8983
327 194 200
409 194 101.01
438 194 80.9717
439 194 80.9717
440 194 80.9717
441 194 80.9717
442 194 67.5676
443 194 25.4453
444 194 25.4453
445 194 23.9521
515 194 23.9521
516 194 23.9521
617 194 15.674
618 194 15.674
619 194 15.674
620 194 15.674
34 195 33.8983
221 195 13.587
327 195 200
341 195 200
345 195 57.971
367 195 200
430 195 101.01
431 195 101.01
432 195 101.01
433 195 80.9717
440 195 80.9717
618 195 15.674
628 195 15.674
629 195 15.674
34 196 33.8983
367 196 200
430 196 101.01
431 196 101.01
432 196 101.01
433 196 80.9717
34 197 33.8983
256 197 80.9717
331 197 134.228
621 197 15.674
622 197 15.674
629 197 15.674
630 197 15.674
256 198 80.9717
617 198 15.674
618 198 15.674
288 199 101.01
305 199 134.228
337 199 134.228
426 199 67.5676
288 200 134.228
305 200 134.228
466 200 33.8983
288 201 134.228
305 201 134.228
470 201 29.0698
471 201 29.0698
472 201 29.0698
618 201 15.674
251 202 101.01
260 202 134.228
288 202 134.228
305 202 134.228
320 202 134.228
471 202 29.0698
472 202 29.0698
617 202 15.674
618 202 15.674
619 202 15.674
238 203 134.228
260 203 134.228
288 203 134.228
305 203 134.228
320 203 134.228
370 203 101.01
371 203 101.01
618 203 15.674
260 204 134.228
288 204 134.228
305 204 134.228
320 204 134.228
324 204 50.7614
360 204 101.01
371 204 101.01
417 204 134.228
418 204 134.228
444 204 29.0698
445 204 29.0698
459 204 31.2989
460 204 31.2989
472 204 29.0698
260 205 134.228
305 205 134.228
371 205 101.01
391 205 134.228
425 205 36.9686
426 205 36.9686
427 205 36.9686
444 205 29.0698
445 205 29.0698
622 205 15.0943
27 206 33.8983
371 206 101.01
372 206 101.01
390 206 134.228
427 206 36.9686
428 206 36.9686
516 206 23.9521
616 206 15.674
27 207 33.8983
32 207 33.8983
444 207 29.0698
617 207 15.674
27 208 33.8983
251 208 101.01
474 208 27.137
251 209 101.01
367 209 134.228
372 209 67.5676
451 209 31.2989
452 209 31.2989
474 209 27.137
49 210 36.9686
360 210 80.9717
361 210 80.9717
367 210 134.228
368 210 134.228
372 210 67.5676
375 210 13.1492
444 210 27.137
451 210 31.2989
452 210 31.2989
49 211 36.9686
365 211 134.228
372 211 67.5676
411 211 45.1467
412 211 45.1467
443 211 27.137
444 211 27.137
451 211 31.2989
452 211 31.2989
472 211 27.137
444 212 27.137
515 212 23.9521
518 212 23.9521
379 213 200
380 213 200
381 213 200
387 213 40.6504
388 213 40.6504
25 214 33.8983
243 214 134.228
249 214 134.228
266 214 134.228
379 214 200
381 214 200
386 214 40.6504
387 214 40.6504
388 214 40.6504
389 214 36.9686
415 214 36.9686
416 214 36.9686
467 214 27.137
624 214 15.0943
625 214 15.0943
25 215 33.8983
243 215 134.228
249 215 134.228
415 215 36.9686
416 215 36.9686
503 215 19.3986
530 215 20.3666
531 215 20.3666
532 215 19.3986
613 215 13.1492
624 215 15.0943
625 215 15.0943
243 216 134.228
249 216 134.228
502 216 19.3986
503 216 19.3986
504 216 19.3986
531 216 20.3666
532 216 19.3986
533 216 19.3986
534 216 18.5185
586 216 17.7148
587 216 17.7148
588 216 17.7148
612 216 13.1492
613 216 13.1492
625 216 15.0943
10 217 31.2989
11 217 31.2989
243 217 134.228
249 217 134.228
465 217 22.6244
534 217 18.5185
566 217 13.587
567 217 13.587
568 217 13.587
625 217 15.0943
10 218 31.2989
243 218 134.228
249 218 134.228
439 218 31.2989
440 218 31.2989
563 218 14.556
564 218 14.0548
565 218 14.0548
603 218 13.1492
604 218 13.1492
11 219 31.2989
28 219 33.8983
504 219 18.5185
505 219 18.5185
506 219 18.5185
529 219 20.3666
530 219 20.3666
531 219 20.3666
562 219 14.556
599 219 14.556
600 219 14.556
601 219 14.0548
602 219 13.587
603 219 13.1492
604 219 13.1492
11 220 31.2989
28 220 33.8983
412 220 36.9686
413 220 36.9686
504 220 18.5185
505 220 18.5185
506 220 18.5185
529 220 20.3666
530 220 19.3986
531 220 19.3986
532 220 19.3986
599 220 14.556
600 220 14.556
601 220 14.0548
602 220 13.587
603 220 13.1492
604 220 13.1492
605 220 12.7389
606 220 12.7389
607 220 11.9904
11 221 31.2989
413 221 36.9686
505 221 18.5185
506 221 18.5185
532 221 19.3986
539 221 18.5185
413 222 36.9686
505 222 18.5185
506 222 18.5185
532 222 19.3986
533 222 19.3986
596 222 13.587
597 222 13.587
615 222 14.556
616 222 14.556
617 222 14.556
618 222 14.0548
619 222 14.0548
474 223 22.6244
475 223 22.6244
504 223 19.3986
505 223 18.5185
506 223 18.5185
533 223 19.3986
586 223 13.1492
587 223 13.1492
618 223 14.0548
11 224 31.2989
402 224 45.1467
440 224 29.0698
504 224 19.3986
505 224 19.3986
506 224 19.3986
531 224 19.3986
541 224 18.5185
585 224 13.1492
586 224 13.1492
587 224 13.1492
401 225 45.1467
402 225 45.1467
403 225 40.6504
405 225 36.9686
409 225 23.9521
414 225 23.9521
435 225 29.0698
437 225 29.0698
440 225 29.0698
441 225 29.0698
466 225 22.6244
467 225 22.6244
505 225 19.3986
506 225 19.3986
507 225 18.5185
541 225 18.5185
542 225 18.5185
589 225 12.7389
590 225 12.3533
614 225 14.0548
408 226 23.9521
409 226 23.9521
427 226 31.2989
435 226 29.0698
440 226 29.0698
441 226 29.0698
466 226 23.9521
467 226 23.9521
541 226 18.5185
542 226 18.5185
543 226 18.5185
544 226 17.7148
613 226 14.0548
614 226 14.0548
625 226 14.0548
435 227 29.0698
438 227 27.137
467 227 23.9521
542 227 18.5185
543 227 18.5185
544 227 17.7148
545 227 16.9779
555 227 14.556
613 227 13.587
614 227 13.587
625 227 14.0548
11 228 31.2989
414 228 36.9686
435 228 29.0698
436 228 29.0698
466 228 23.9521
467 228 23.9521
563 228 16.2999
564 228 16.2999
614 228 13.587
11 229 31.2989
414 229 36.9686
420 229 36.9686
421 229 36.9686
435 229 29.0698
468 229 23.9521
471 229 19.3986
472 229 19.3986
473 229 19.3986
537 229 18.5185
538 229 18.5185
562 229 16.2999
614 229 13.587
616 229 13.587
633 229 13.587
634 229 13.587
11 230 31.2989
28 230 33.8983
420 230 36.9686
444 230 27.137
471 230 19.3986
499 230 19.3986
500 230 19.3986
537 230 18.5185
538 230 18.5185
615 230 13.587
616 230 13.587
11 231 31.2989
28 231 33.8983
610 231 12.7389
611 231 12.7389
612 231 13.1492
11 232 31.2989
371 232 36.9686
426 232 33.8983
457 232 23.9521
470 232 21.4362
474 232 20.3666
516 232 18.5185
550 232 15.0943
551 232 15.0943
553 232 15.0943
554 232 15.0943
555 232 15.0943
556 232 14.556
583 232 13.587
11 233 31.2989
425 233 33.8983
426 233 33.8983
427 233 33.8983
430 233 25.4453
431 233 25.4453
438 233 29.0698
457 233 23.9521
515 233 18.5185
516 233 18.5185
517 233 18.5185
535 233 18.5185
536 233 18.5185
547 233 16.2999
549 233 15.0943
550 233 15.0943
554 233 15.0943
555 233 15.0943
582 233 13.587
583 233 13.587
626 233 12.7389
11 234 31.2989
426 234 33.8983
427 234 33.8983
438 234 29.0698
471 234 21.4362
472 234 21.4362
516 234 18.5185
517 234 18.5185
521 234 16.2999
534 234 18.5185
535 234 18.5185
536 234 18.5185
612 234 12.3533
613 234 12.3533
625 234 12.7389
626 234 12.7389
628 234 12.7389
629 234 12.7389
630 234 12.7389
631 234 12.7389
632 234 12.3533
633 234 11.9904
635 234 10.7296
636 234 10.7296
11 235 31.2989
472 235 21.4362
516 235 18.5185
517 235 18.5185
520 235 16.2999
559 235 14.556
560 235 14.556
611 235 12.3533
617 235 13.587
618 235 13.587
619 235 13.1492
629 235 12.7389
630 235 12.7389
631 235 12.7389
11 236 31.2989
28 236 33.8983
472 236 21.4362
620 236 13.1492
621 236 13.1492
11 237 31.2989
371 237 31.2989
437 237 29.0698
438 237 29.0698
461 237 22.6244
472 237 21.4362
473 237 21.4362
11 238 31.2989
461 238 22.6244
472 238 21.4362
473 238 21.4362
490 238 19.3986
491 238 19.3986
493 238 18.5185
494 238 16.2999
495 238 16.2999
510 238 18.5185
511 238 18.5185
606 238 12.7389
607 238 12.7389
608 238 12.3533
617 238 12.7389
372 239 29.0698
442 239 200
461 239 22.6244
490 239 19.3986
491 239 19.3986
495 239 16.2999
496 239 16.2999
541 239 15.674
542 239 15.674
592 239 12.7389
597 239 13.1492
598 239 13.1492
608 239 12.3533
609 239 12.3533
610 239 12.3533
617 239 12.7389
618 239 12.7389
372 240 29.0698
373 240 29.0698
444 240 27.137
445 240 27.137
446 240 27.137
449 240 20.3666
450 240 20.3666
460 240 22.6244
461 240 22.6244
489 240 19.3986
490 240 19.3986
491 240 19.3986
542 240 15.674
593 240 12.7389
609 240 12.3533
614 240 13.1492
445 241 27.137
446 241 27.137
450 241 20.3666
457 241 29.0698
460 241 22.6244
461 241 22.6244
473 241 21.4362
489 241 19.3986
490 241 19.3986
545 241 15.0943
546 241 14.556
592 241 12.7389
593 241 12.7389
599 241 12.7389
600 241 12.7389
601 241 12.7389
618 241 12.7389
619 241 12.7389
460 242 23.9521
461 242 23.9521
473 242 21.4362
474 242 21.4362
490 242 19.3986
592 242 12.7389
593 242 12.7389
460 243 23.9521
461 243 23.9521
473 243 21.4362
474 243 21.4362
489 243 19.3986
490 243 19.3986
542 243 15.0943
543 243 15.0943
544 243 15.0943
592 243 12.7389
633 243 11.325
634 243 11.325
635 243 11.0193
636 243 10.7296
637 243 10.7296
460 244 23.9521
461 244 23.9521
488 244 19.3986
489 244 19.3986
490 244 19.3986
494 244 16.9779
591 244 12.7389
602 244 12.7389
603 244 12.7389
632 244 11.6482
633 244 11.325
635 244 11.0193
636 244 10.7296
489 245 19.3986
490 245 19.3986
491 245 19.3986
535 245 15.674
536 245 15.674
537 245 15.674
598 245 12.7389
602 245 12.7389
603 245 12.7389
604 245 12.7389
605 245 12.7389
378 246 23.9521
490 246 19.3986
491 246 19.3986
497 246 18.5185
535 246 15.674
536 246 15.674
537 246 15.674
538 246 15.674
541 246 13.587
542 246 13.587
603 246 12.7389
604 246 12.7389
605 246 12.3533
635 246 11.0193
379 247 23.9521
490 247 19.3986
491 247 19.3986
536 247 15.674
537 247 15.674
542 247 13.587
543 247 13.587
603 247 12.7389
604 247 12.7389
605 247 12.3533
606 247 12.3533
607 247 12.3533
467 248 22.6244
468 248 22.6244
469 248 22.6244
480 248 21.4362
498 248 18.5185
581 248 13.1492
605 248 12.3533
618 248 11.325
619 248 11.325
620 248 11.325
468 249 22.6244
469 249 22.6244
470 249 21.4362
494 249 19.3986
495 249 19.3986
503 249 19.3986
504 249 19.3986
505 249 18.5185
506 249 18.5185
507 249 17.7148
618 249 11.325
382 250 22.6244
494 250 19.3986
495 250 19.3986
617 250 11.325
618 250 11.325
527 251 19.3986
528 251 19.3986
578 252 13.1492
579 252 13.1492
580 252 13.1492
581 252 12.7389
634 252 10.7296
496 253 18.5185
578 253 13.1492
579 253 13.1492
586 253 12.7389
626 253 11.0193
627 253 11.0193
628 253 10.7296
631 253 11.0193
632 253 10.7296
633 253 10.7296
634 253 10.7296
635 253 10.7296
636 253 10.4548
637 253 9.9453
494 254 18.5185
495 254 18.5185
496 254 18.5185
544 254 15.0943
577 254 13.1492
578 254 13.1492
579 254 13.1492
634 254 10.7296
577 255 13.1492
578 255 13.1492
584 255 11.9904
629 255 10.7296
630 255 10.7296
577 256 13.1492
582 256 11.9904
583 256 11.6482
628 256 10.7296
629 256 10.7296
577 257 13.1492
620 257 11.0193
576 258 13.1492
577 258 13.1492
580 258 12.3533
618 258 11.0193
619 258 11.0193
620 258 11.0193
534 259 15.674
535 259 15.674
576 259 13.1492
577 259 13.1492
618 259 11.0193
619 259 11.0193
626 259 10.7296
533 260 15.674
534 260 15.674
535 260 15.674
576 260 13.587
577 260 13.587
617 260 11.325
618 260 11.0193
534 261 15.674
535 261 15.674
576 261 13.587
577 261 13.587
534 262 15.674
535 262 15.674
620 262 11.0193
535 263 15.674
536 263 15.674
549 263 15.674
550 263 15.674
551 263 15.674
552 263 15.0943
619 263 11.0193
535 264 15.674
536 264 15.674
550 264 15.674
551 264 15.674
585 264 13.1492
535 265 15.674
536 265 15.674
537 265 15.674
555 265 13.587
586 265 13.1492
621 265 11.0193
536 266 15.674
537 266 15.674
538 266 15.0943
619 266 11.0193
620 266 11.0193
621 266 11.0193
623 266 11.0193
625 266 11.0193
403 267 16.2999
404 267 16.2999
623 267 11.0193
627 267 10.7296
577 268 13.1492
578 268 13.1492
623 268 11.0193
627 268 10.7296
628 268 10.7296
578 269 13.1492
617 269 11.0193
618 269 11.0193
623 269 11.0193
627 269 11.0193
628 269 11.0193
629 269 10.7296
578 270 13.1492
581 270 12.3533
617 270 11.0193
618 270 11.0193
619 270 11.0193
627 270 10.7296
628 270 10.7296
629 270 10.7296
578 271 13.1492
616 271 11.325
617 271 11.0193
618 271 11.0193
619 271 11.0193
623 271 11.0193
626 271 11.0193
625 272 11.0193
626 272 11.0193
627 272 10.7296
119 273 13.1492
561 273 14.0548
629 274 10.7296
616 275 11.325
625 275 11.9904
628 275 10.7296
629 275 10.7296
630 275 10.7296
614 276 11.325
616 276 11.325
617 276 11.325
628 276 10.7296
629 276 10.7296
630 276 10.7296
152 277 11.9904
197 277 12.3533
581 277 13.1492
582 277 13.1492
616 277 11.325
617 277 11.325
628 277 10.7296
629 277 10.7296
630 277 10.7296
616 278 11.325
617 278 11.325
624 278 11.325
625 278 11.0193
629 278 10.7296
625 279 11.0193
626 279 11.0193
625 280 11.0193
626 280 11.0193
627 280 11.0193
627 281 11.0193
628 281 11.0193
629 281 10.7296
627 282 11.0193
628 282 10.7296
629 282 10.7296
626 283 11.0193
627 283 11.0193
628 283 11.0193
626 284 11.0193
627 284 11.0193
637 284 10.7296
603 285 11.6482
626 285 11.0193
139 286 10.1937
625 286 11.0193
626 286 11.0193
135 287 10.4548
175 287 10.4548
135 288 10.4548
617 288 11.325
618 288 11.0193
619 288 11.0193
620 288 10.7296
619 289 11.0193
620 289 10.7296
621 289 10.7296
622 289 10.7296
627 290 11.0193
628 290 11.0193
174 291 10.1937
32 292 10.1937
162 293 9.70874
162 294 9.70874
618 294 10.4548
621 294 10.4548
622 294 10.4548
623 294 10.4548
90 295 9.48317
622 295 10.4548
627 295 9.06207
628 295 9.06207
24 296 9.48317
86 296 9.48317
24 297 9.48317
25 297 9.48317
60 297 9.06207
61 297 9.06207
79 297 9.06207
96 297 9.26784
158 297 9.26784
41 298 8.86525
48 298 8.86525
79 298 9.06207
452 298 9.26784
41 299 8.86525
42 299 8.86525
43 299 8.86525
79 299 9.06207
131 299 8.86525
446 299 10.1937
447 299 10.1937
448 299 10.1937
449 299 9.9453
451 299 9.70874
452 299 9.26784
453 299 9.26784
37 300 9.06207
89 300 8.67679
90 300 8.86525
452 300 9.26784
453 300 9.26784
454 300 9.26784
37 301 9.06207
89 301 8.67679
90 301 8.86525
127 301 8.32293
86 302 8.67679
87 302 8.67679
123 303 8.32293
124 303 8.32293
150 304 8.32293
151 304 8.32293
209 304 8.86525
23 305 8.49618
30 305 8.49618
33 305 8.49618
151 305 8.32293
4 306 8.49618
23 306 8.49618
30 306 8.49618
102 306 7.9968
123 306 8.15661
613 306 9.48317
614 306 9.26784
615 306 9.26784
616 306 9.06207
103 307 7.9968
123 307 8.15661
615 307 9.26784
616 307 9.06207
617 307 9.06207
618 307 8.86525
619 307 8.86525
620 307 8.32293
621 307 8.15661
103 308 7.9968
104 308 7.9968
166 308 8.15661
617 308 9.06207
621 308 8.15661
622 308 8.15661
623 308 7.9968
624 308 7.84314
33 309 7.9968
40 309 7.84314
59 309 7.9968
101 309 7.9968
118 309 7.55287
147 309 7.9968
166 309 8.15661
40 310 7.84314
55 310 8.15661
56 310 8.15661
90 310 7.84314
126 310 7.84314
147 310 7.9968
10 311 7.84314
90 311 7.69527
91 311 7.69527
97 311 7.69527
10 312 7.84314
92 312 7.69527
121 312 7.69527
5 313 7.69527
80 313 7.41565
92 313 7.69527
94 313 7.69527
121 313 7.69527
80 314 7.41565
81 314 7.41565
84 314 7.55287
85 314 7.55287
124 315 7.41565
125 315 7.41565
55 316 7.28332
94 316 7.28332
125 316 7.41565
126 316 7.41565
135 316 7.28332
55 317 7.28332
56 317 7.28332
89 317 7.28332
94 317 7.28332
119 317 7.28332
126 317 7.41565
135 317 7.28332
136 317 7.28332
92 318 7.28332
95 318 7.28332
119 318 7.28332
120 318 7.28332
136 318 7.28332
147 318 7.28332
82 319 7.15564
91 319 7.28332
92 319 7.28332
120 319 7.28332
121 319 7.28332
140 319 7.28332
147 319 7.28332
78 320 7.15564
83 320 7.03235
121 320 7.28332
129 320 7.15564
130 320 7.15564
131 320 7.15564
133 320 7.15564
148 320 7.28332
58 321 7.15564
62 321 7.15564
78 321 7.15564
79 321 7.15564
80 321 7.15564
104 321 7.03235
105 321 7.03235
195 321 7.9968
83 322 7.03235
105 322 7.03235
106 322 7.03235
112 322 7.15564
174 322 7.41565
4 323 6.91324
114 323 6.91324
115 323 6.91324
115 324 6.91324
116 324 6.91324
117 324 6.91324
180 324 7.28332
77 325 6.68673
86 325 6.7981
87 325 6.7981
110 325 6.91324
69 326 6.68673
77 326 6.68673
78 326 6.68673
87 326 6.7981
106 326 6.91324
107 326 6.91324
77 327 6.68673
78 327 6.68673
79 327 6.68673
83 327 6.68673
107 327 6.91324
108 327 6.91324
113 327 6.68673
32 328 6.7981
33 328 6.7981
59 328 6.57895
60 328 6.57895
83 328 6.68673
84 328 6.68673
36 329 6.47459
60 329 6.57895
85 329 6.68673
103 329 6.68673
21 330 6.57895
35 330 6.47459
36 330 6.37349
60 330 6.57895
82 330 6.68673
126 330 6.7981
133 330 6.68673
134 330 6.68673
21 331 6.57895
22 331 6.57895
35 331 6.37349
61 331 6.47459
100 331 6.57895
126 331 6.7981
134 331 6.68673
8 332 6.47459
36 332 6.37349
61 332 6.47459
62 332 6.47459
70 332 6.47459
95 332 6.57895
100 332 6.57895
101 332 6.57895
145 332 6.68673
3 333 6.47459
31 333 6.37349
36 333 6.37349
62 333 6.47459
70 333 6.47459
71 333 6.47459
84 333 6.47459
85 333 6.47459
117 333 6.47459
121 333 6.57895
122 333 6.57895
167 333 6.7981
3 334 6.47459
27 334 6.47459
56 334 6.27549
71 334 6.47459
72 334 6.47459
82 334 6.47459
83 334 6.47459
84 334 6.47459
118 334 6.47459
122 334 6.57895
497 334 7.03235
498 334 6.91324
506 334 6.7981
507 334 6.7981
55 335 6.27549
83 335 6.47459
111 335 6.27549
118 335 6.47459
119 335 6.47459
498 335 6.91324
499 335 6.91324
500 335 6.7981
501 335 6.68673
502 335 6.57895
508 335 6.7981
509 335 6.57895
51 336 6.27549
56 336 6.27549
57 336 6.27549
83 336 6.47459
101 336 6.18047
111 336 6.27549
112 336 6.27549
118 336 6.47459
119 336 6.47459
175 336 7.03235
21 337 6.27549
22 337 6.27549
51 337 6.18047
52 337 6.18047
59 337 6.27549
101 337 6.18047
102 337 6.18047
111 337 6.27549
112 337 6.27549
114 337 6.27549
119 337 6.47459
120 337 6.37349
52 338 6.18047
54 338 6.18047
101 338 6.18047
102 338 6.18047
122 338 6.37349
125 338 6.37349
174 338 7.03235
23 339 6.18047
53 339 6.18047
56 339 5.9988
92 339 6.27549
125 339 6.37349
126 339 6.37349
23 340 6.18047
24 340 6.18047
89 340 6.18047
23 341 6.18047
24 341 6.18047
89 341 6.18047
90 341 6.18047
107 341 6.27549
116 341 6.27549
29 342 5.9988
47 342 5.9988
90 342 6.18047
100 342 6.08828
108 342 6.27549
125 342 6.18047
9 343 5.9988
29 343 5.91191
30 343 5.91191
33 343 5.91191
60 343 5.91191
74 343 5.9988
75 343 5.9988
76 343 5.9988
163 343 6.57895
29 344 5.91191
30 344 5.91191
61 344 5.91191
75 344 5.9988
76 344 5.9988
150 344 6.27549
30 345 5.91191
31 345 5.91191
54 345 5.9988
55 345 5.9988
58 345 5.91191
151 345 6.27549
59 346 5.91191
75 347 5.74548
70 348 5.74548
71 348 5.74548
75 348 5.74548
57 349 5.66572
60 349 5.66572
61 349 5.66572
70 349 5.74548
71 349 5.74548
72 349 5.74548
74 349 5.74548
57 350 5.66572
58 350 5.66572
61 350 5.66572
62 350 5.66572
72 350 5.74548
57 351 5.66572
58 351 5.66572
62 351 5.66572
58 352 5.66572
59 352 5.66572
139 352 5.82751
12 353 5.51268
83 353 5.66572
12 354 5.51268
33 354 5.29801
80 354 5.51268
122 354 5.66572
151 354 6.08828
70 355 5.36769
68 356 5.36769
78 356 5.43922
79 356 5.43922
68 357 5.36769
79 357 5.43922
80 357 5.43922
102 357 5.51268
109 357 5.58815
147 357 5.9988
45 358 5.29801
46 358 5.29801
46 359 5.29801
69 359 5.36769
100 359 5.51268
60 361 5.16396
146 361 5.74548
71 362 5.29801
108 362 5.36769
109 362 5.36769
122 362 5.36769
108 363 5.36769
421 363 5.66572
422 363 5.66572
108 364 5.36769
139 364 5.66572
80 365 5.29801
96 365 5.23013
123 365 5.29801
606 365 5.51268
607 365 5.51268
91 366 5.23013
92 366 5.23013
93 366 5.23013
117 366 5.23013
119 366 5.23013
123 366 5.29801
124 366 5.29801
608 366 5.51268
609 366 5.51268
610 366 5.51268
49 367 4.91521
93 367 5.23013
102 367 5.23013
120 367 5.29801
413 367 5.51268
414 367 5.51268
415 367 5.51268
54 368 5.09944
55 368 5.16396
118 368 5.23013
28 369 4.91521
52 369 4.97512
118 369 5.23013
28 370 4.85673
29 370 4.85673
51 370 4.91521
52 370 4.91521
96 370 5.09944
102 370 5.09944
118 370 5.23013
370 370 5.43922
6 371 4.79962
8 371 4.85673
28 371 4.85673
29 371 4.85673
51 371 4.91521
52 371 4.91521
119 371 5.23013
128 371 5.43922
5 372 4.79962
6 372 4.79962
28 372 4.85673
29 372 4.85673
51 372 4.91521
120 372 5.23013
5 373 4.74383
6 373 4.74383
8 373 4.74383
29 373 4.79962
30 373 4.79962
43 373 4.79962
55 373 4.85673
72 373 4.97512
6 374 4.68933
79 374 4.91521
6 375 4.68933
51 375 4.85673
76 375 4.91521
77 375 4.91521
119 375 5.29801
572 375 5.16396
52 376 4.79962
59 376 4.85673
77 376 4.91521
78 376 4.91521
106 376 4.97512
52 377 4.79962
53 377 4.79962
106 377 4.97512
107 377 4.97512
53 378 4.79962
54 378 4.79962
59 378 4.85673
38 379 4.74383
43 379 4.68933
79 379 4.74383
9 380 4.584
42 380 4.68933
43 380 4.68933
44 380 4.68933
78 380 4.74383
79 380 4.74383
80 380 4.74383
11 382 4.584
12 382 4.584
32 382 4.63607
34 382 4.63607
60 383 4.63607
75 384 4.68933
82 384 4.74383
75 385 4.68933
13 386 4.43459
11 387 4.43459
13 387 4.43459
19 387 4.4833
88 387 4.63607
89 387 4.63607
424 387 4.85673
11 388 4.43459
13 388 4.43459
28 388 4.43459
34 388 4.4833
35 388 4.4833
36 388 4.4833
89 388 4.63607
90 388 4.63607
119 388 4.91521
120 388 4.91521
11 389 4.43459
28 389 4.43459
29 389 4.43459
32 389 4.4833
36 389 4.4833
355 389 4.85673
356 389 4.85673
575 389 4.79962
440 390 4.79962
441 390 4.79962
440 391 4.79962
441 391 4.79962
51 392 4.43459
267 392 4.79962
267 393 4.79962
268 393 4.79962
613 394 4.68933
614 394 4.68933
615 395 4.68933
616 395 4.63607
445 396 4.53309
7 397 4.29461
28 397 4.1632
7 398 4.29461
28 398 4.1632
26 399 4.1632
40 401 4.2061
179 402 4.53309
130 406 4.43459
130 407 4.43459
131 407 4.43459
435 407 4.38693
436 407 4.38693
437 407 4.38693
320 408 4.38693
321 408 4.38693
437 408 4.38693
438 408 4.38693
3 409 4.03959
321 409 4.38693
8 410 4.03959
9 410 4.03959
72 410 4.29461
78 410 4.34028
202 410 4.38693
626 410 4.24989
9 411 4.03959
38 411 4.03959
78 411 4.34028
79 411 4.34028
37 412 4.03959
38 412 4.03959
39 412 4.03959
419 412 4.29461
420 412 4.29461
439 412 4.29461
440 412 4.29461
39 413 4.03959
40 413 4.03959
76 413 4.34028
46 414 4.03959
72 414 4.24989
591 414 4.2061
46 415 4.03959
48 415 4.03959
592 415 4.2061
593 415 4.2061
594 415 4.2061
35 416 4.03959
36 416 4.03959
37 416 4.03959
38 416 4.03959
39 416 4.03959
40 416 4.03959
46 416 4.03959
154 416 4.2061
155 416 4.2061
257 416 4.2061
439 416 4.1632
508 416 4.1632
593 416 4.2061
594 416 4.2061
42 417 4.03959
43 417 4.03959
49 417 4.03959
155 417 4.2061
24 418 4.03959
422 418 4.1632
423 418 4.1632
48 419 4.03959
401 419 4.1632
402 419 4.1632
423 419 4.1632
424 419 4.1632
48 420 4.03959
407 420 4.07997
436 420 4.12116
437 420 4.12116
441 420 4.07997
278 421 4.12116
194 422 4.07997
279 422 4.12116
50 424 4.03959
365 424 4.03959
366 424 4.03959
367 424 4.03959
50 425 4.03959
366 425 4.03959
414 425 4.03959
51 426 4.03959
414 426 4.03959
532 426 4.03959
51 427 4.03959
193 427 4.03959
629 427 4.07997
630 427 4.03959
632 427 4.03959
637 427 4.03959
631 428 4.03959
632 428 4.03959
633 428 4.03959
634 428 4.03959
635 428 4.03959
636 428 4.03959
637 428 4.03959
633 429 4.03959
634 429 4.03959
635 429 4.03959
636 429 4.03959
637 429 4.03959
47 438 4.24989
45 442 4.03959
44 443 4.03959
45 443 4.03959
43 444 4.03959
44 444 4.03959
41 445 4.03959
42 445 4.03959
43 445 4.03959
40 446 4.03959
41 446 4.03959
42 446 4.03959
39 447 4.03959
40 447 4.03959
38 448 4.03959
