209 3 11.9904
582 3 40.6504
583 3 40.6504
616 3 13.587
617 3 13.587
624 3 13.587
629 3 13.587
630 3 13.587
631 3 13.587
632 3 13.1492
209 4 11.9904
514 4 22.6244
519 4 23.9521
522 4 21.4362
582 4 40.6504
616 4 13.587
618 4 13.587
628 4 13.587
629 4 13.587
630 4 13.587
631 4 13.587
209 5 11.9904
515 5 22.6244
516 5 22.6244
522 5 21.4362
524 5 21.4362
550 5 22.6244
551 5 22.6244
582 5 40.6504
627 5 14.0548
209 6 11.9904
523 6 21.4362
524 6 21.4362
550 6 22.6244
551 6 22.6244
582 6 40.6504
625 6 15.0943
209 7 11.9904
521 7 23.9521
633 7 13.1492
634 7 13.1492
209 8 11.9904
521 8 23.9521
582 8 40.6504
633 8 13.1492
209 9 11.9904
550 9 22.6244
551 9 22.6244
582 9 40.6504
209 10 11.9904
549 10 22.6244
550 10 22.6244
551 10 22.6244
552 10 22.6244
617 10 14.0548
618 10 14.0548
619 10 14.0548
209 11 11.9904
551 11 22.6244
618 11 14.0548
626 11 13.587
627 11 13.587
209 12 11.9904
631 12 13.587
632 12 13.587
209 13 11.9904
520 13 25.4453
523 13 23.9521
524 13 23.9521
525 13 22.6244
551 13 22.6244
555 13 22.6244
556 13 22.6244
618 13 14.0548
619 13 14.0548
623 13 14.0548
209 14 11.9904
516 14 23.9521
517 14 23.9521
519 14 23.9521
522 14 23.9521
523 14 23.9521
524 14 23.9521
525 14 22.6244
617 14 14.0548
618 14 14.0548
619 14 14.0548
622 14 14.0548
635 14 13.1492
209 15 11.9904
210 15 11.9904
516 15 23.9521
521 15 23.9521
524 15 23.9521
547 15 22.6244
634 15 13.1492
635 15 13.1492
636 15 13.1492
637 15 12.7389
209 16 11.9904
210 16 11.9904
547 16 22.6244
548 16 22.6244
634 16 13.1492
635 16 13.1492
636 16 13.1492
209 17 11.9904
210 17 11.9904
519 17 22.6244
546 17 22.6244
547 17 22.6244
554 17 22.6244
555 17 22.6244
636 17 13.1492
209 18 11.9904
210 18 11.9904
509 18 22.6244
518 18 22.6244
519 18 22.6244
520 18 22.6244
545 18 22.6244
546 18 22.6244
547 18 22.6244
554 18 22.6244
555 18 22.6244
582 18 40.6504
583 18 40.6504
584 18 40.6504
595 18 36.9686
209 19 11.9904
210 19 11.9904
518 19 22.6244
519 19 22.6244
554 19 22.6244
555 19 22.6244
582 19 40.6504
583 19 40.6504
636 19 13.1492
209 20 11.9904
210 20 11.9904
509 20 22.6244
510 20 22.6244
550 20 22.6244
551 20 22.6244
624 20 13.587
625 20 13.587
637 20 13.1492
209 21 11.9904
210 21 11.9904
515 21 22.6244
548 21 22.6244
549 21 22.6244
550 21 22.6244
621 21 14.0548
622 21 13.587
623 21 13.587
624 21 13.587
209 22 11.9904
210 22 11.9904
541 22 45.1467
548 22 22.6244
549 22 22.6244
553 22 22.6244
554 22 22.6244
555 22 22.6244
609 22 14.0548
610 22 14.0548
621 22 14.0548
622 22 13.587
631 22 13.1492
209 23 11.9904
210 23 11.9904
512 23 22.6244
519 23 23.9521
520 23 23.9521
521 23 23.9521
609 23 14.0548
209 24 11.9904
210 24 11.9904
512 24 22.6244
517 24 23.9521
519 24 23.9521
520 24 23.9521
629 24 13.1492
630 24 13.1492
634 24 13.587
209 25 11.9904
210 25 11.9904
512 25 22.6244
551 25 22.6244
553 25 21.4362
554 25 21.4362
610 25 14.0548
611 25 14.0548
633 25 13.587
634 25 13.587
209 26 11.9904
210 26 11.9904
550 26 22.6244
610 26 14.0548
611 26 14.0548
625 26 14.0548
626 26 13.587
633 26 13.587
209 27 11.9904
210 27 11.9904
512 27 23.9521
513 27 23.9521
552 27 21.4362
611 27 14.0548
623 27 14.556
624 27 14.0548
625 27 14.0548
209 28 11.9904
210 28 11.9904
512 28 23.9521
513 28 23.9521
552 28 22.6244
553 28 22.6244
576 28 40.6504
577 28 40.6504
610 28 14.0548
611 28 14.0548
612 28 14.0548
621 28 15.0943
623 28 14.556
209 29 11.9904
210 29 11.9904
512 29 23.9521
513 29 23.9521
514 29 23.9521
576 29 40.6504
610 29 14.0548
611 29 14.0548
614 29 13.587
627 29 14.0548
630 29 13.587
210 30 11.6482
514 30 23.9521
551 30 22.6244
613 30 14.0548
614 30 13.587
628 30 14.0548
629 30 14.0548
630 30 14.0548
210 31 11.6482
474 31 31.2989
534 31 22.6244
575 31 40.6504
576 31 40.6504
627 31 14.0548
628 31 14.0548
629 31 14.0548
210 32 11.6482
474 32 31.2989
514 32 23.9521
515 32 23.9521
524 32 16.2999
575 32 40.6504
627 32 14.0548
628 32 14.0548
629 32 14.0548
210 33 11.6482
474 33 31.2989
514 33 23.9521
515 33 23.9521
523 33 16.9779
524 33 16.2999
550 33 21.4362
575 33 40.6504
612 33 14.556
210 34 11.6482
514 34 23.9521
515 34 23.9521
522 34 16.9779
610 34 15.0943
611 34 14.556
210 35 11.6482
467 35 31.2989
468 35 31.2989
521 35 16.9779
522 35 16.9779
551 35 21.4362
610 35 15.0943
613 35 14.556
614 35 14.556
615 35 14.556
210 36 11.6482
467 36 31.2989
510 36 31.2989
538 36 22.6244
539 36 22.6244
552 36 21.4362
574 36 40.6504
622 36 14.0548
623 36 14.0548
210 37 11.9904
470 37 31.2989
513 37 22.6244
514 37 22.6244
515 37 22.6244
548 37 22.6244
573 37 40.6504
574 37 40.6504
210 38 11.9904
513 38 22.6244
514 38 22.6244
515 38 22.6244
574 38 40.6504
612 38 14.556
626 38 13.587
210 39 11.9904
507 39 45.1467
514 39 22.6244
515 39 22.6244
555 39 21.4362
574 39 40.6504
611 39 14.556
612 39 14.556
613 39 14.556
210 40 11.9904
470 40 33.8983
471 40 33.8983
547 40 22.6244
550 40 23.9521
554 40 21.4362
557 40 21.4362
574 40 40.6504
575 40 40.6504
611 40 14.556
612 40 14.556
210 41 11.9904
574 41 40.6504
575 41 40.6504
634 41 13.587
635 41 13.587
210 42 11.9904
515 42 23.9521
516 42 23.9521
517 42 22.6244
549 42 22.6244
574 42 45.1467
575 42 45.1467
626 42 13.587
133 43 40.6504
210 43 11.9904
514 43 23.9521
515 43 23.9521
516 43 23.9521
540 43 45.1467
546 43 22.6244
547 43 22.6244
548 43 22.6244
555 43 22.6244
556 43 22.6244
607 43 14.556
608 43 14.556
210 44 11.9904
467 44 33.8983
468 44 33.8983
473 44 31.2989
516 44 22.6244
517 44 22.6244
546 44 22.6244
547 44 22.6244
555 44 22.6244
556 44 22.6244
575 44 45.1467
607 44 14.556
608 44 14.556
612 44 14.556
614 44 14.556
615 44 14.556
616 44 14.556
210 45 11.9904
472 45 31.2989
473 45 31.2989
516 45 23.9521
517 45 22.6244
576 45 45.1467
577 45 45.1467
607 45 14.556
614 45 14.556
615 45 14.556
616 45 14.556
210 46 11.9904
481 46 31.2989
518 46 22.6244
519 46 22.6244
577 46 45.1467
578 46 45.1467
607 46 14.556
632 46 13.587
633 46 13.587
210 47 11.9904
517 47 22.6244
518 47 22.6244
548 47 22.6244
549 47 22.6244
555 47 22.6244
556 47 22.6244
557 47 21.4362
578 47 45.1467
579 47 40.6504
607 47 14.556
632 47 13.587
633 47 13.587
210 48 11.9904
517 48 23.9521
518 48 22.6244
519 48 22.6244
553 48 23.9521
554 48 23.9521
579 48 45.1467
580 48 40.6504
606 48 14.556
607 48 14.556
608 48 14.556
609 48 14.556
614 48 14.556
615 48 14.556
210 49 11.9904
519 49 23.9521
580 49 45.1467
581 49 40.6504
608 49 14.556
609 49 14.556
613 49 14.556
614 49 14.556
210 50 11.9904
518 50 23.9521
519 50 23.9521
520 50 23.9521
608 50 14.556
618 50 14.556
619 50 14.556
620 50 14.556
621 50 14.0548
210 51 11.9904
467 51 33.8983
471 51 25.4453
518 51 23.9521
519 51 23.9521
583 51 40.6504
584 51 36.9686
607 51 14.556
608 51 14.556
609 51 14.556
618 51 14.556
619 51 14.556
620 51 14.556
157 52 40.6504
210 52 11.9904
466 52 33.8983
471 52 25.4453
550 52 22.6244
554 52 22.6244
555 52 22.6244
584 52 36.9686
607 52 14.556
608 52 14.556
609 52 14.556
610 52 14.556
210 53 11.9904
484 53 31.2989
555 53 22.6244
556 53 22.6244
609 53 14.556
210 54 11.9904
514 54 23.9521
515 54 23.9521
519 54 19.3986
555 54 21.4362
556 54 21.4362
622 54 13.587
634 54 13.587
210 55 11.9904
467 55 33.8983
513 55 23.9521
514 55 23.9521
515 55 23.9521
584 55 40.6504
622 55 13.587
632 55 14.0548
633 55 13.587
634 55 13.587
210 56 11.9904
211 56 11.9904
555 56 22.6244
584 56 40.6504
630 56 14.556
631 56 14.0548
632 56 14.0548
633 56 13.587
210 57 11.9904
211 57 11.9904
467 57 33.8983
554 57 22.6244
584 57 40.6504
152 58 36.9686
161 58 40.6504
210 58 11.9904
481 58 33.8983
482 58 33.8983
555 58 22.6244
556 58 22.6244
611 58 15.0943
612 58 14.556
614 58 14.556
635 58 13.587
138 59 36.9686
139 59 36.9686
210 59 11.9904
211 59 11.9904
512 59 23.9521
515 59 22.6244
516 59 22.6244
517 59 22.6244
555 59 22.6244
583 59 40.6504
634 59 13.587
207 60 14.0548
210 60 11.9904
211 60 11.9904
583 60 40.6504
584 60 40.6504
210 61 11.9904
211 61 11.9904
513 61 23.9521
517 61 22.6244
554 61 22.6244
555 61 22.6244
583 61 40.6504
618 61 13.587
210 62 11.9904
211 62 11.9904
482 62 31.2989
518 62 22.6244
519 62 22.6244
553 62 22.6244
554 62 22.6244
555 62 22.6244
556 62 22.6244
610 62 14.556
617 62 13.587
210 63 11.9904
211 63 11.9904
464 63 31.2989
465 63 31.2989
470 63 33.8983
514 63 23.9521
517 63 22.6244
518 63 22.6244
519 63 22.6244
210 64 11.9904
211 64 11.9904
465 64 31.2989
466 64 31.2989
470 64 33.8983
210 65 11.9904
211 65 11.9904
465 65 31.2989
466 65 31.2989
584 65 40.6504
628 65 14.556
629 65 14.556
210 66 11.6482
211 66 11.6482
481 66 31.2989
552 66 22.6244
553 66 22.6244
627 66 14.556
628 66 14.556
157 67 40.6504
210 67 11.6482
211 67 11.6482
466 67 33.8983
467 67 33.8983
519 67 23.9521
552 67 22.6244
553 67 22.6244
584 67 40.6504
585 67 40.6504
211 68 11.6482
518 68 23.9521
519 68 23.9521
584 68 40.6504
585 68 40.6504
618 68 14.556
623 68 14.556
624 68 14.556
211 69 11.6482
478 69 31.2989
517 69 23.9521
518 69 23.9521
584 69 40.6504
585 69 40.6504
618 69 14.556
211 70 11.6482
468 70 33.8983
469 70 33.8983
551 70 23.9521
552 70 22.6244
584 70 40.6504
629 70 14.0548
211 71 11.6482
484 71 31.2989
554 71 22.6244
555 71 22.6244
628 71 14.0548
629 71 14.0548
637 71 14.0548
211 72 11.6482
464 72 33.8983
484 72 31.2989
508 72 45.1467
207 73 14.0548
211 73 11.6482
614 73 14.0548
615 73 14.0548
211 74 11.6482
464 74 31.2989
521 74 22.6244
553 74 22.6244
554 74 22.6244
616 74 14.0548
632 74 13.1492
149 75 40.6504
211 75 11.6482
515 75 22.6244
553 75 22.6244
554 75 22.6244
616 75 14.0548
622 75 14.0548
623 75 14.0548
627 75 14.556
628 75 14.556
629 75 14.0548
630 75 13.587
631 75 13.587
211 76 11.9904
466 76 31.2989
472 76 25.4453
515 76 22.6244
516 76 22.6244
615 76 14.0548
616 76 14.0548
622 76 14.0548
626 76 15.0943
627 76 14.556
211 77 11.9904
515 77 22.6244
516 77 22.6244
552 77 22.6244
553 77 22.6244
577 77 40.6504
578 77 40.6504
211 78 11.9904
468 78 31.2989
552 78 22.6244
553 78 22.6244
577 78 40.6504
618 78 14.0548
211 79 11.9904
516 79 22.6244
517 79 22.6244
617 79 14.556
618 79 14.556
211 80 11.9904
469 80 31.2989
515 80 22.6244
516 80 22.6244
517 80 22.6244
552 80 22.6244
553 80 22.6244
576 80 40.6504
617 80 14.556
618 80 14.556
211 81 11.9904
516 81 22.6244
552 81 22.6244
553 81 22.6244
616 81 14.556
617 81 14.556
211 82 11.9904
516 82 23.9521
621 82 14.556
627 82 13.587
211 83 11.9904
471 83 33.8983
472 83 33.8983
575 83 40.6504
620 83 14.556
621 83 14.556
620 84 14.556
621 84 14.556
624 84 14.556
550 85 23.9521
551 85 23.9521
576 85 40.6504
623 85 14.556
624 85 14.556
211 86 11.9904
515 86 22.6244
554 86 21.4362
555 86 21.4362
576 86 40.6504
622 86 14.556
623 86 14.556
211 87 11.9904
471 87 33.8983
472 87 33.8983
475 87 25.4453
501 87 45.1467
554 87 21.4362
576 87 40.6504
622 87 14.556
625 87 14.0548
626 87 14.0548
637 87 11.325
471 88 33.8983
475 88 25.4453
555 88 21.4362
625 88 14.0548
634 88 14.556
635 88 13.587
502 89 45.1467
520 89 18.5185
555 89 21.4362
578 89 40.6504
624 89 14.556
625 89 14.0548
502 90 45.1467
623 90 14.556
624 90 14.556
625 90 14.556
629 90 14.556
463 91 31.2989
515 91 22.6244
516 91 22.6244
578 91 45.1467
579 91 45.1467
580 91 45.1467
623 91 14.556
624 91 14.556
625 91 14.556
628 91 14.556
629 91 14.556
632 91 13.587
636 91 13.587
637 91 13.587
463 92 31.2989
484 92 31.2989
515 92 22.6244
516 92 22.6244
554 92 21.4362
624 92 14.556
628 92 14.556
637 92 13.587
515 93 22.6244
516 93 22.6244
550 93 22.6244
551 93 22.6244
556 93 21.4362
492 94 50.7614
550 94 22.6244
555 94 21.4362
556 94 21.4362
620 94 14.556
634 94 13.587
619 95 14.556
620 95 14.556
628 95 15.0943
631 95 14.0548
632 95 14.0548
463 96 36.9686
464 96 36.9686
554 96 22.6244
555 96 22.6244
630 96 14.0548
631 96 14.0548
194 97 50.7614
555 97 22.6244
633 98 14.0548
634 98 14.556
155 99 40.6504
460 99 31.2989
155 100 40.6504
483 100 31.2989
513 100 22.6244
548 100 22.6244
549 100 22.6244
626 100 14.0548
627 100 14.0548
629 100 13.587
630 100 13.1492
58 101 36.9686
548 101 22.6244
626 101 14.0548
627 101 14.0548
628 101 14.0548
629 101 13.587
57 102 36.9686
58 102 36.9686
212 102 11.9904
460 102 33.8983
461 102 33.8983
586 102 36.9686
626 102 14.0548
637 102 14.0548
212 104 11.6482
54 105 36.9686
212 105 11.6482
626 105 14.0548
212 106 11.6482
459 106 31.2989
513 106 23.9521
159 107 40.6504
212 107 11.6482
503 107 50.7614
510 107 23.9521
511 107 23.9521
76 108 40.6504
510 108 23.9521
516 108 21.4362
520 108 23.9521
521 108 23.9521
634 108 31.2989
97 109 36.9686
157 109 40.6504
459 109 33.8983
462 109 27.137
515 109 21.4362
516 109 21.4362
35 110 36.9686
96 110 36.9686
212 110 11.6482
341 110 57.971
458 110 33.8983
459 110 33.8983
563 110 50.7614
212 111 11.9904
341 111 57.971
483 111 31.2989
564 111 50.7614
631 111 31.2989
49 112 36.9686
212 112 11.9904
563 112 50.7614
564 112 50.7614
599 112 36.9686
600 112 36.9686
212 113 11.9904
513 113 23.9521
514 113 23.9521
599 113 36.9686
600 113 36.9686
620 113 33.8983
621 113 33.8983
622 113 33.8983
157 114 36.9686
212 114 11.9904
484 114 31.2989
485 114 31.2989
514 114 23.9521
515 114 23.9521
620 114 33.8983
621 114 33.8983
46 115 36.9686
212 115 11.9904
407 115 57.971
427 115 101.01
485 115 31.2989
500 115 50.7614
514 115 23.9521
620 115 33.8983
212 116 11.9904
500 116 50.7614
518 116 23.9521
519 116 23.9521
212 117 11.9904
509 117 45.1467
516 117 23.9521
517 117 23.9521
518 117 23.9521
519 117 23.9521
520 117 22.6244
617 117 33.8983
74 118 36.9686
212 118 11.9904
617 118 33.8983
363 119 57.971
460 119 33.8983
461 119 33.8983
607 119 33.8983
608 119 33.8983
609 119 33.8983
49 120 36.9686
344 120 57.971
363 120 57.971
426 120 45.1467
500 120 50.7614
529 120 22.6244
530 120 22.6244
607 120 33.8983
608 120 33.8983
484 121 31.2989
521 121 23.9521
533 121 22.6244
585 121 40.6504
586 121 40.6504
617 121 33.8983
344 122 57.971
345 122 57.971
54 123 36.9686
345 123 67.5676
536 123 21.4362
38 124 36.9686
54 124 36.9686
345 124 57.971
427 124 50.7614
488 124 31.2989
596 124 36.9686
597 124 36.9686
605 124 36.9686
631 124 33.8983
35 125 36.9686
76 125 33.8983
212 125 11.9904
426 125 50.7614
427 125 50.7614
500 125 50.7614
596 125 36.9686
597 125 36.9686
631 125 33.8983
87 126 36.9686
212 126 11.9904
346 126 67.5676
427 126 50.7614
596 126 36.9686
67 127 40.6504
86 127 36.9686
104 127 40.6504
212 127 11.9904
346 127 57.971
427 127 50.7614
506 127 50.7614
596 127 36.9686
86 128 36.9686
212 128 11.9904
346 128 67.5676
459 128 33.8983
460 128 33.8983
461 128 33.8983
464 128 27.137
506 128 50.7614
550 128 21.4362
631 128 33.8983
41 129 40.6504
631 129 33.8983
29 130 36.9686
30 130 36.9686
68 130 36.9686
346 130 67.5676
29 131 36.9686
427 131 45.1467
257 132 80.9717
462 132 31.2989
463 132 31.2989
464 132 31.2989
463 133 31.2989
464 133 31.2989
618 133 33.8983
84 134 40.6504
168 134 101.01
75 135 36.9686
334 135 57.971
541 136 22.6244
583 136 40.6504
606 136 33.8983
347 137 67.5676
541 137 22.6244
358 138 22.6244
606 138 33.8983
34 139 40.6504
51 139 36.9686
111 139 40.6504
605 139 36.9686
28 140 36.9686
348 140 67.5676
455 140 67.5676
586 140 40.6504
587 140 40.6504
28 141 36.9686
71 141 36.9686
96 141 40.6504
28 142 36.9686
536 142 22.6244
28 143 36.9686
206 143 11.6482
354 143 33.8983
28 144 36.9686
55 144 36.9686
28 145 36.9686
206 145 11.6482
350 145 67.5676
71 146 40.6504
206 146 11.9904
354 146 36.9686
206 147 11.9904
350 147 57.971
566 147 67.5676
206 148 11.9904
351 148 67.5676
566 148 67.5676
30 150 36.9686
38 150 36.9686
351 150 57.971
352 150 57.971
380 150 67.5676
30 151 36.9686
30 152 36.9686
468 152 33.8983
469 152 33.8983
30 153 36.9686
70 153 36.9686
352 153 67.5676
466 153 40.6504
70 154 36.9686
563 154 50.7614
565 154 50.7614
356 155 36.9686
503 155 50.7614
31 156 36.9686
336 156 57.971
31 157 36.9686
206 157 11.6482
352 157 57.971
356 157 36.9686
474 157 31.2989
626 157 33.8983
635 157 33.8983
31 158 36.9686
352 158 57.971
626 158 33.8983
627 158 33.8983
635 158 33.8983
636 158 33.8983
19 159 36.9686
31 159 36.9686
280 159 134.228
563 159 50.7614
626 159 33.8983
635 159 33.8983
363 160 67.5676
364 160 67.5676
563 160 50.7614
626 160 33.8983
32 161 36.9686
206 161 11.9904
534 161 22.6244
613 161 33.8983
614 161 33.8983
621 161 33.8983
622 161 33.8983
32 162 36.9686
206 162 11.6482
423 162 80.9717
612 162 33.8983
613 162 33.8983
614 162 33.8983
621 162 33.8983
622 162 33.8983
380 163 80.9717
613 163 33.8983
206 164 11.6482
207 164 11.6482
609 164 33.8983
206 165 11.6482
600 165 36.9686
601 165 36.9686
602 165 36.9686
608 165 33.8983
609 165 33.8983
206 166 11.6482
601 166 36.9686
608 166 33.8983
609 166 33.8983
636 166 29.0698
637 166 29.0698
206 167 11.6482
635 167 31.2989
636 167 29.0698
637 167 29.0698
34 168 36.9686
72 168 40.6504
206 168 11.6482
381 168 67.5676
592 168 36.9686
207 169 11.6482
586 169 40.6504
587 169 40.6504
632 169 33.8983
633 169 33.8983
34 170 36.9686
207 170 11.6482
586 170 40.6504
587 170 40.6504
621 170 33.8983
622 170 33.8983
623 170 33.8983
632 170 33.8983
633 170 33.8983
34 171 36.9686
277 171 134.228
615 171 33.8983
34 172 36.9686
206 172 11.6482
277 172 134.228
615 172 33.8983
34 173 36.9686
206 173 11.6482
207 173 11.6482
277 173 134.228
608 173 33.8983
609 173 33.8983
610 173 33.8983
618 173 33.8983
619 173 33.8983
620 173 33.8983
206 174 11.6482
277 174 134.228
609 174 33.8983
619 174 33.8983
74 175 40.6504
206 175 11.6482
277 175 134.228
475 175 31.2989
540 175 22.6244
541 175 22.6244
633 175 31.2989
73 176 40.6504
597 176 36.9686
598 176 36.9686
619 176 33.8983
632 176 31.2989
633 176 31.2989
203 177 11.6482
562 177 50.7614
597 177 36.9686
607 177 33.8983
619 177 33.8983
63 178 40.6504
202 178 11.6482
255 178 134.228
606 178 33.8983
607 178 33.8983
619 178 33.8983
201 179 11.6482
202 179 11.6482
562 179 50.7614
619 179 33.8983
620 179 33.8983
201 180 11.6482
632 180 33.8983
633 180 33.8983
201 181 11.6482
342 181 200
495 181 45.1467
496 181 45.1467
607 181 33.8983
632 181 31.2989
633 181 31.2989
58 182 36.9686
62 182 36.9686
201 182 11.6482
27 183 33.8983
58 183 36.9686
201 183 11.6482
633 183 31.2989
27 184 33.8983
201 184 11.325
260 184 80.9717
380 184 80.9717
619 184 33.8983
620 184 33.8983
633 184 31.2989
27 185 33.8983
200 185 11.325
201 185 11.325
295 185 134.228
350 185 67.5676
380 185 80.9717
385 185 36.9686
398 185 200
607 185 33.8983
633 185 31.2989
27 186 33.8983
201 186 11.325
380 186 67.5676
384 186 36.9686
385 186 36.9686
432 186 80.9717
433 186 80.9717
607 186 33.8983
619 186 33.8983
27 187 33.8983
295 187 134.228
380 187 80.9717
437 187 67.5676
438 187 67.5676
439 187 57.971
619 187 33.8983
14 188 33.8983
23 188 31.2989
78 188 36.9686
200 188 11.325
201 188 11.325
380 188 67.5676
435 188 80.9717
436 188 80.9717
437 188 67.5676
438 188 67.5676
439 188 67.5676
440 188 57.971
441 188 50.7614
442 188 45.1467
13 189 33.8983
23 189 31.2989
43 189 33.8983
78 189 36.9686
315 189 134.228
437 189 67.5676
438 189 67.5676
439 189 67.5676
511 189 45.1467
514 189 57.971
24 190 31.2989
43 190 33.8983
78 190 36.9686
342 190 27.137
438 190 67.5676
78 191 36.9686
23 192 33.8983
55 192 36.9686
209 192 11.6482
315 192 134.228
448 192 80.9717
449 192 80.9717
536 192 22.6244
537 192 22.6244
544 192 22.6244
24 193 33.8983
55 193 36.9686
415 193 134.228
416 193 134.228
446 193 101.01
447 193 80.9717
448 193 80.9717
449 193 80.9717
450 193 67.5676
451 193 57.971
452 193 27.137
453 193 25.4453
536 193 22.6244
537 193 22.6244
24 194 33.8983
438 194 101.01
439 194 101.01
440 194 101.01
441 194 80.9717
447 194 80.9717
448 194 80.9717
449 194 80.9717
201 195 11.325
438 195 101.01
439 195 101.01
440 195 101.01
441 195 80.9717
23 196 33.8983
24 197 31.2989
24 198 31.2989
292 199 134.228
487 199 25.4453
38 200 33.8983
310 200 134.228
486 200 25.4453
487 200 25.4453
488 200 25.4453
264 201 134.228
310 201 134.228
488 201 25.4453
55 202 36.9686
264 202 134.228
459 202 27.137
39 203 33.8983
55 203 36.9686
264 203 134.228
376 203 134.228
458 203 27.137
459 203 27.137
473 203 29.0698
474 203 29.0698
39 204 33.8983
264 204 134.228
310 204 134.228
376 204 134.228
458 204 25.4453
377 205 134.228
458 206 25.4453
16 207 31.2989
21 207 33.8983
379 207 80.9717
458 207 25.4453
16 208 31.2989
21 208 33.8983
47 208 36.9686
207 208 11.9904
255 208 101.01
458 208 25.4453
465 208 29.0698
466 208 29.0698
544 208 22.6244
16 209 31.2989
21 209 33.8983
29 209 33.8983
207 209 11.9904
378 209 80.9717
458 209 25.4453
465 209 29.0698
466 209 29.0698
16 210 31.2989
40 210 33.8983
378 210 80.9717
379 210 80.9717
457 210 25.4453
458 210 25.4453
465 210 29.0698
466 210 29.0698
40 211 33.8983
378 211 80.9717
421 211 40.6504
422 211 40.6504
435 211 31.2989
457 211 25.4453
458 211 25.4453
465 211 29.0698
490 211 27.137
14 212 31.2989
40 212 33.8983
14 213 31.2989
31 213 33.8983
47 213 33.8983
386 213 134.228
387 213 134.228
391 213 134.228
393 213 134.228
14 214 31.2989
31 214 33.8983
47 214 33.8983
207 214 11.6482
386 214 134.228
391 214 134.228
393 214 134.228
395 214 101.01
425 214 36.9686
426 214 36.9686
14 215 31.2989
32 215 33.8983
47 215 33.8983
207 215 11.6482
247 215 134.228
393 215 134.228
425 215 36.9686
426 215 36.9686
512 215 18.5185
513 215 18.5185
527 215 16.9779
528 215 16.9779
558 215 17.7148
559 215 17.7148
560 215 17.7148
561 215 16.9779
14 216 31.2989
207 216 11.6482
527 216 16.9779
528 216 16.9779
529 216 16.9779
537 216 21.4362
559 216 17.7148
560 216 17.7148
561 216 16.9779
562 216 16.9779
563 216 16.2999
68 217 36.9686
207 217 11.6482
541 217 16.9779
563 217 16.2999
607 217 12.3533
608 217 11.9904
609 217 11.9904
610 217 11.9904
611 217 11.6482
14 218 33.8983
207 218 11.6482
453 218 27.137
454 218 27.137
604 218 12.3533
605 218 12.3533
606 218 12.3533
207 219 11.6482
529 219 16.9779
530 219 16.9779
531 219 16.9779
555 219 18.5185
556 219 18.5185
557 219 18.5185
558 219 18.5185
602 219 12.7389
603 219 12.7389
17 220 31.2989
207 220 11.6482
422 220 36.9686
423 220 36.9686
530 220 16.9779
531 220 16.9779
556 220 18.5185
557 220 18.5185
559 220 17.7148
615 220 11.9904
17 221 31.2989
207 221 11.6482
422 221 36.9686
423 221 36.9686
530 221 16.9779
531 221 16.9779
17 222 31.2989
43 222 33.8983
74 222 36.9686
530 222 16.9779
531 222 16.9779
532 222 16.9779
598 222 12.7389
613 222 11.9904
614 222 11.9904
17 223 31.2989
43 223 33.8983
454 223 25.4453
531 223 16.9779
597 223 12.7389
14 224 31.2989
43 224 33.8983
438 224 29.0698
454 224 25.4453
530 224 16.9779
531 224 16.9779
532 224 16.9779
558 224 18.5185
559 224 18.5185
613 224 11.9904
635 224 11.325
636 224 11.325
637 224 11.0193
14 225 31.2989
410 225 40.6504
411 225 40.6504
414 225 31.2989
448 225 27.137
484 225 21.4362
530 225 16.9779
531 225 16.9779
532 225 16.9779
558 225 18.5185
634 225 11.325
635 225 11.325
636 225 11.325
637 225 11.0193
411 226 40.6504
417 226 40.6504
448 226 27.137
451 226 22.6244
484 226 21.4362
485 226 21.4362
524 226 16.9779
531 226 16.9779
532 226 16.9779
533 226 16.2999
551 226 16.9779
552 226 16.9779
571 226 16.9779
572 226 16.9779
612 226 11.9904
634 226 11.325
635 226 11.325
636 226 11.325
417 227 40.6504
448 227 27.137
451 227 22.6244
454 227 27.137
484 227 21.4362
485 227 21.4362
493 227 15.674
572 227 16.9779
573 227 16.2999
448 228 27.137
484 228 21.4362
485 228 21.4362
571 228 16.9779
572 228 16.9779
573 228 16.2999
574 228 16.2999
575 228 15.674
576 228 15.0943
577 228 14.556
624 228 13.1492
14 229 31.2989
424 229 36.9686
431 229 33.8983
448 229 27.137
485 229 21.4362
598 229 15.0943
615 229 11.9904
622 229 13.1492
623 229 13.1492
624 229 13.1492
629 229 11.325
17 230 33.8983
431 230 33.8983
432 230 33.8983
448 230 27.137
449 230 27.137
485 230 21.4362
486 230 21.4362
491 230 17.7148
492 230 16.9779
567 230 16.2999
568 230 16.2999
597 230 15.0943
598 230 15.0943
615 230 11.9904
618 230 14.556
619 230 14.556
620 230 14.556
627 230 11.325
628 230 11.325
431 231 33.8983
458 231 25.4453
459 231 25.4453
485 231 21.4362
486 231 21.4362
489 231 20.3666
490 231 19.3986
524 231 16.9779
525 231 16.9779
566 231 16.2999
567 231 16.2999
568 231 16.2999
588 231 12.7389
589 231 12.7389
590 231 12.7389
595 231 15.0943
596 231 15.0943
17 232 31.2989
489 232 20.3666
524 232 16.9779
567 232 16.2999
14 233 31.2989
17 233 31.2989
473 233 22.6244
474 233 22.6244
477 233 19.3986
488 233 20.3666
489 233 20.3666
493 233 16.9779
494 233 16.9779
524 233 16.9779
525 233 16.9779
14 234 31.2989
378 234 33.8983
437 234 31.2989
438 234 31.2989
439 234 31.2989
442 234 23.9521
443 234 23.9521
451 234 27.137
474 234 22.6244
542 234 16.2999
543 234 16.2999
544 234 16.2999
572 234 16.9779
587 234 13.1492
588 234 13.1492
589 234 13.1492
590 234 13.1492
594 234 12.7389
438 235 31.2989
439 235 31.2989
451 235 27.137
452 235 27.137
542 235 16.2999
543 235 16.2999
544 235 16.2999
564 235 16.9779
565 235 16.9779
572 235 16.9779
585 235 13.587
587 235 13.1492
588 235 13.1492
592 235 12.7389
593 235 12.7389
594 235 12.7389
595 235 12.7389
14 236 31.2989
17 236 31.2989
490 236 19.3986
491 236 19.3986
544 236 16.2999
564 236 16.9779
565 236 16.9779
17 237 31.2989
491 237 19.3986
492 237 19.3986
544 237 16.2999
562 237 16.9779
564 237 16.9779
565 237 16.9779
598 237 12.7389
599 237 12.7389
14 238 31.2989
17 238 31.2989
477 238 21.4362
478 238 21.4362
591 238 12.7389
599 238 12.7389
600 238 12.7389
450 239 27.137
477 239 21.4362
478 239 21.4362
492 239 19.3986
478 240 21.4362
491 240 19.3986
492 240 19.3986
493 240 19.3986
513 240 17.7148
514 240 17.7148
515 240 17.7148
517 240 16.9779
518 240 16.9779
519 240 16.9779
537 240 16.2999
460 241 25.4453
461 241 25.4453
477 241 21.4362
478 241 21.4362
513 241 17.7148
514 241 17.7148
515 241 17.7148
518 241 16.9779
519 241 16.9779
520 241 16.2999
381 242 25.4453
459 242 25.4453
460 242 25.4453
461 242 25.4453
464 242 23.9521
465 242 23.9521
477 242 21.4362
478 242 21.4362
513 242 17.7148
514 242 17.7148
578 242 13.587
459 243 25.4453
460 243 25.4453
461 243 25.4453
477 243 22.6244
478 243 22.6244
493 243 19.3986
513 243 17.7148
514 243 17.7148
577 243 13.587
578 243 13.587
579 243 13.587
477 244 21.4362
478 244 21.4362
492 244 19.3986
493 244 19.3986
513 244 17.7148
576 244 13.587
582 244 13.1492
583 244 13.1492
477 245 21.4362
493 245 19.3986
494 245 19.3986
513 245 17.7148
581 245 13.1492
582 245 13.1492
583 245 13.1492
477 246 21.4362
478 246 21.4362
493 246 19.3986
494 246 19.3986
512 246 17.7148
513 246 17.7148
477 247 21.4362
512 247 17.7148
513 247 17.7148
514 247 17.7148
518 247 15.0943
577 247 14.0548
578 247 14.0548
512 248 16.9779
513 248 16.9779
514 248 16.9779
521 248 16.9779
522 248 16.9779
513 249 16.9779
572 249 13.587
573 249 13.587
486 250 20.3666
487 250 20.3666
514 250 16.9779
522 250 16.9779
571 250 13.587
572 250 13.587
573 250 13.587
486 251 20.3666
487 251 20.3666
488 251 20.3666
500 251 19.3986
522 251 16.9779
523 251 16.9779
570 251 13.587
571 251 13.587
572 251 13.587
577 251 13.1492
487 252 20.3666
488 252 20.3666
489 252 19.3986
530 252 16.9779
531 252 16.9779
532 252 16.9779
533 252 16.2999
570 252 13.587
571 252 13.587
628 252 11.6482
629 252 11.6482
392 253 20.3666
518 253 16.9779
519 253 16.9779
529 253 16.9779
530 253 16.9779
531 253 16.9779
532 253 16.9779
628 253 11.6482
629 253 11.6482
632 253 10.7296
392 254 20.3666
518 254 16.9779
519 254 16.9779
530 254 16.9779
514 255 17.7148
518 255 16.9779
555 255 16.9779
556 255 16.9779
568 255 14.0548
520 257 16.9779
518 258 16.9779
519 258 16.9779
520 258 16.9779
563 258 16.2999
564 258 16.2999
567 258 14.556
568 258 14.556
627 258 11.325
628 258 11.0193
629 258 11.0193
518 259 16.9779
519 259 16.9779
520 259 16.9779
625 259 11.325
626 259 11.325
627 259 11.325
628 259 11.0193
636 259 11.0193
626 260 11.325
624 261 11.325
625 261 11.325
626 261 11.325
579 262 13.1492
625 262 11.325
624 263 11.325
568 264 14.0548
569 264 14.0548
624 264 11.325
567 265 14.0548
568 265 14.0548
569 265 14.0548
624 265 11.325
164 266 15.0943
568 266 14.0548
569 266 14.0548
623 266 11.325
624 266 11.325
568 267 13.587
569 267 13.587
624 267 11.325
568 268 13.587
569 268 13.587
570 268 13.587
623 268 11.325
624 268 11.325
569 269 13.587
624 269 11.325
569 270 13.587
570 270 13.587
587 270 13.587
588 270 13.1492
589 270 13.1492
590 270 13.1492
624 270 11.325
570 271 13.587
571 271 13.587
587 271 13.587
588 271 13.1492
589 271 13.1492
635 271 11.0193
636 271 11.0193
134 272 13.587
570 272 13.587
571 272 13.587
597 272 11.0193
598 272 11.0193
635 272 11.0193
636 272 11.0193
571 273 13.587
572 273 13.587
573 273 13.1492
636 273 11.0193
419 274 14.0548
420 274 14.0548
418 275 14.0548
419 275 14.0548
420 275 14.0548
582 275 13.1492
633 275 11.325
634 275 11.0193
141 276 12.7389
625 276 11.325
625 277 11.325
626 277 11.325
34 278 15.0943
108 278 12.3533
585 278 13.1492
586 278 13.1492
625 278 11.325
130 279 12.3533
626 279 11.325
167 280 11.6482
626 280 11.325
630 280 10.4548
603 281 11.9904
604 281 11.9904
626 281 11.325
225 282 11.9904
603 282 11.9904
89 284 11.0193
90 285 11.0193
161 285 11.0193
91 286 11.0193
98 286 11.325
637 286 11.0193
80 287 11.0193
182 287 10.7296
629 287 11.325
630 287 11.325
70 288 10.7296
81 288 11.0193
179 288 10.4548
81 289 11.0193
125 289 10.1937
126 289 10.1937
179 289 10.4548
180 289 10.7296
202 289 10.4548
208 289 10.4548
93 290 10.4548
157 290 10.4548
553 290 11.0193
554 290 11.0193
53 291 10.7296
47 293 10.1937
150 293 9.9453
101 295 9.48317
133 295 9.48317
23 299 9.48317
51 299 9.26784
200 299 9.48317
201 299 9.48317
23 300 9.48317
24 300 9.48317
60 300 9.06207
9 302 9.26784
26 302 9.48317
102 302 8.67679
103 302 8.67679
58 303 8.86525
102 303 8.67679
146 303 8.67679
147 303 8.49618
153 303 8.49618
159 303 8.67679
97 304 8.49618
98 304 8.49618
99 304 8.49618
147 304 8.49618
148 304 8.49618
149 304 8.49618
35 305 8.67679
98 305 8.49618
150 305 8.49618
102 306 8.32293
108 306 8.15661
51 307 8.49618
55 307 8.32293
74 307 8.32293
106 307 8.15661
51 308 8.49618
106 308 8.15661
146 308 8.32293
164 308 8.15661
165 308 8.15661
138 309 8.15661
139 309 8.15661
165 309 8.15661
166 309 8.15661
41 310 8.15661
80 310 7.84314
75 311 7.9968
76 311 7.9968
81 311 7.84314
143 311 7.84314
144 311 7.84314
207 311 8.32293
72 312 7.9968
82 312 7.84314
86 312 7.84314
110 312 7.84314
127 312 7.84314
128 312 7.84314
73 313 7.9968
82 313 7.84314
107 313 7.69527
127 313 7.69527
161 313 7.84314
64 314 7.69527
107 314 7.69527
108 314 7.84314
127 314 7.69527
37 315 7.84314
38 315 7.69527
127 315 7.69527
128 315 7.69527
35 316 8.15661
38 316 7.69527
156 317 7.41565
120 318 7.28332
43 319 7.41565
62 319 7.28332
63 319 7.28332
82 319 7.15564
114 319 7.28332
120 319 7.28332
121 319 7.28332
124 319 7.28332
133 319 7.28332
478 319 8.32293
479 319 8.32293
480 319 8.32293
481 319 7.9968
482 319 7.9968
485 319 7.69527
486 319 7.55287
487 319 7.55287
488 319 7.55287
44 320 7.28332
60 320 7.28332
61 320 7.28332
110 320 7.41565
114 320 7.28332
149 320 7.28332
480 320 8.32293
481 320 7.9968
482 320 7.9968
483 320 7.9968
484 320 7.84314
485 320 7.69527
486 320 7.55287
487 320 7.55287
488 320 7.55287
489 320 7.55287
19 321 7.15564
20 321 7.15564
46 321 7.28332
51 321 7.03235
60 321 7.28332
96 321 7.28332
150 321 7.15564
181 321 7.55287
20 322 7.15564
33 323 7.03235
34 323 6.91324
35 323 6.91324
81 323 6.7981
128 323 6.91324
144 323 7.03235
149 323 7.15564
150 323 7.15564
30 324 6.91324
31 324 6.91324
68 324 6.91324
79 324 6.7981
81 324 6.7981
82 324 6.7981
83 324 6.7981
145 324 7.03235
157 324 7.15564
30 325 6.91324
31 325 6.91324
51 325 6.91324
78 325 6.68673
100 325 6.91324
177 325 7.15564
178 325 7.15564
30 326 6.91324
79 326 6.7981
101 326 6.91324
151 326 6.91324
92 327 6.7981
113 327 6.68673
114 327 6.68673
115 327 6.68673
24 328 6.57895
25 328 6.57895
26 328 6.57895
69 328 6.57895
115 328 6.68673
182 328 7.15564
183 328 7.15564
25 329 6.57895
26 329 6.57895
69 329 6.57895
70 329 6.57895
183 329 7.15564
184 329 7.15564
70 330 6.57895
103 330 6.57895
112 330 6.57895
95 331 6.37349
103 331 6.57895
104 331 6.57895
112 331 6.57895
96 332 6.37349
104 332 6.47459
152 332 6.68673
166 332 6.7981
73 333 6.37349
79 333 6.27549
44 334 6.37349
69 334 6.18047
75 334 6.37349
76 334 6.37349
101 334 6.37349
105 334 6.47459
67 335 6.18047
71 335 6.47459
172 335 6.7981
66 336 6.08828
67 336 6.18047
68 336 6.18047
102 336 6.37349
40 337 6.18047
66 337 6.08828
82 337 6.27549
123 337 6.27549
40 338 6.18047
41 338 6.18047
71 338 6.08828
123 338 6.27549
37 339 6.27549
41 339 6.18047
65 339 6.08828
72 339 6.08828
90 339 6.08828
91 339 6.08828
96 339 6.08828
97 339 6.08828
100 339 6.08828
121 339 6.27549
167 339 6.47459
39 340 6.18047
65 340 6.08828
68 340 6.08828
69 340 6.08828
96 340 6.08828
97 340 6.08828
100 340 6.08828
126 340 6.08828
30 341 5.9988
51 341 5.9988
54 341 5.82751
69 341 6.08828
70 341 6.08828
96 341 6.08828
97 341 6.08828
20 342 5.91191
50 342 5.9988
51 342 5.91191
53 342 5.82751
54 342 5.82751
55 342 5.82751
96 342 5.9988
97 342 5.9988
20 343 5.91191
21 343 5.91191
49 343 5.9988
50 343 5.9988
54 343 5.82751
67 343 5.82751
87 343 5.91191
135 343 6.27549
21 344 5.91191
52 344 5.91191
60 344 5.82751
77 344 5.58815
136 344 6.27549
148 344 6.27549
159 344 6.27549
160 344 6.27549
60 345 5.82751
69 345 5.82751
74 345 5.58815
75 345 5.58815
3 346 5.9988
4 346 5.9988
23 347 5.74548
29 347 5.51268
40 347 5.66572
49 347 5.58815
50 347 5.58815
102 347 5.74548
103 347 5.74548
133 347 5.9988
3 348 5.66572
4 348 5.66572
9 348 5.74548
30 348 5.51268
54 348 5.82751
56 348 5.58815
57 348 5.58815
103 348 5.74548
104 348 5.74548
134 348 5.9988
3 349 5.58815
9 349 5.58815
30 349 5.51268
111 349 5.74548
74 350 5.58815
79 350 5.51268
80 350 5.51268
10 351 5.58815
60 351 5.51268
61 351 5.51268
74 351 5.58815
160 351 6.18047
56 352 5.91191
57 352 5.91191
61 352 5.51268
62 352 5.51268
18 353 5.43922
52 353 5.43922
62 353 5.51268
120 353 5.66572
121 353 5.66572
18 354 5.43922
52 354 5.43922
53 354 5.43922
62 354 5.43922
73 354 5.36769
85 354 5.9988
92 354 5.36769
16 355 5.43922
52 355 5.43922
53 355 5.43922
73 355 5.36769
74 355 5.36769
80 355 5.43922
89 355 5.43922
90 355 5.36769
92 355 5.36769
16 356 5.43922
53 356 5.43922
54 356 5.43922
74 356 5.36769
75 356 5.36769
80 356 5.43922
89 356 5.36769
90 356 5.36769
93 356 5.36769
159 356 5.9988
160 356 5.9988
53 357 5.43922
54 357 5.43922
71 357 5.36769
80 357 5.43922
81 357 5.43922
82 357 5.43922
90 357 5.36769
13 358 5.29801
54 358 5.36769
55 358 5.36769
63 358 5.36769
64 358 5.36769
65 358 5.29801
66 358 5.29801
72 358 5.36769
73 358 5.36769
90 358 5.36769
91 358 5.36769
44 359 5.23013
55 359 5.36769
56 359 5.36769
65 359 5.29801
66 359 5.29801
67 359 5.29801
68 359 5.29801
91 359 5.36769
96 359 5.43922
33 360 5.23013
28 361 5.23013
29 361 5.23013
30 361 5.16396
48 361 5.09944
72 361 5.23013
125 361 5.43922
126 361 5.43922
127 361 5.43922
130 361 5.43922
28 362 5.23013
29 362 5.23013
30 362 5.16396
31 362 5.23013
82 362 5.23013
84 362 5.16396
85 362 5.23013
31 363 5.16396
32 363 5.16396
39 363 5.16396
50 363 5.09944
118 363 5.43922
123 363 5.43922
133 363 5.36769
134 363 5.36769
39 364 5.16396
41 364 5.16396
42 364 5.16396
43 364 5.16396
118 364 5.43922
134 364 5.36769
40 365 5.16396
42 365 5.16396
43 365 5.16396
44 365 5.16396
45 365 5.16396
46 366 5.16396
112 366 5.29801
113 366 5.29801
34 367 4.97512
47 367 4.97512
34 368 4.97512
35 368 4.97512
28 369 5.03651
29 369 5.03651
135 369 5.43922
28 370 5.03651
29 370 5.03651
30 370 5.03651
79 370 5.03651
135 370 5.43922
136 370 5.43922
30 371 5.03651
135 371 5.43922
136 371 5.43922
34 372 4.74383
34 373 4.74383
35 373 4.74383
68 373 4.97512
71 373 4.91521
72 373 4.91521
55 374 5.09944
56 374 5.09944
30 375 4.74383
55 375 5.09944
56 375 5.09944
63 375 4.91521
64 375 4.91521
87 375 4.91521
12 376 4.91521
56 376 5.09944
57 376 5.09944
64 376 4.91521
65 376 4.85673
78 376 5.36769
88 376 4.91521
11 377 4.91521
12 377 4.91521
51 377 4.74383
52 377 4.74383
82 377 4.79962
83 377 4.79962
130 377 5.23013
9 378 4.79962
10 378 4.79962
11 378 4.85673
16 378 4.79962
51 378 4.74383
52 378 4.74383
53 378 4.74383
67 378 4.79962
83 378 4.79962
8 379 4.79962
9 379 4.79962
10 379 4.79962
15 379 4.79962
16 379 4.79962
67 379 4.79962
72 379 4.68933
9 380 4.79962
10 380 4.79962
17 380 4.79962
36 380 4.63607
58 380 4.74383
72 380 4.68933
73 380 4.68933
79 380 4.74383
110 380 4.91521
566 380 5.03651
567 380 5.03651
568 380 5.03651
569 380 5.03651
570 380 4.97512
571 380 4.91521
576 380 5.03651
577 380 5.03651
578 380 5.03651
579 380 5.03651
580 380 4.97512
581 380 4.91521
582 380 4.85673
583 380 4.85673
36 381 4.63607
37 381 4.63607
43 381 4.63607
72 381 4.68933
73 381 4.68933
110 381 4.91521
567 381 5.03651
568 381 5.03651
569 381 5.03651
570 381 4.97512
571 381 4.91521
572 381 4.91521
579 381 5.03651
580 381 4.97512
581 381 4.91521
582 381 4.85673
583 381 4.85673
584 381 4.85673
37 382 4.63607
43 382 4.63607
44 382 4.63607
63 382 4.68933
16 383 4.74383
34 383 5.09944
44 383 4.63607
123 383 5.03651
16 384 4.74383
38 384 4.63607
44 384 4.63607
102 384 4.74383
103 384 4.74383
37 385 4.63607
38 385 4.63607
88 385 4.68933
90 385 4.68933
100 385 4.85673
103 385 4.74383
104 385 4.74383
121 385 5.03651
122 385 5.03651
38 386 4.63607
39 386 4.63607
39 387 4.63607
40 387 4.63607
82 387 4.584
87 387 4.63607
88 387 4.68933
25 388 4.38693
33 388 4.4833
102 388 4.68933
25 389 4.38693
30 389 4.584
31 389 4.584
69 389 4.584
83 389 4.584
84 389 4.584
102 389 4.68933
8 390 4.38693
25 390 4.38693
31 390 4.584
40 390 4.4833
46 390 4.63607
47 390 4.63607
102 390 4.68933
7 391 4.34028
8 391 4.34028
40 391 4.4833
41 391 4.4833
47 391 4.63607
48 391 4.63607
93 391 4.584
112 391 4.79962
8 392 4.34028
41 392 4.4833
102 392 4.68933
109 392 4.79962
110 392 4.79962
514 392 4.68933
8 393 4.34028
110 393 4.79962
88 394 4.4833
103 394 4.68933
11 395 4.34028
22 395 4.43459
518 395 4.63607
10 396 4.34028
11 396 4.34028
23 396 4.53309
31 396 4.38693
103 396 4.68933
457 396 4.63607
458 396 4.63607
459 396 4.63607
518 396 4.63607
519 396 4.63607
19 397 4.38693
20 397 4.38693
31 397 4.38693
32 397 4.38693
51 397 4.38693
459 397 4.63607
19 398 4.38693
20 398 4.38693
38 398 4.38693
60 399 4.34028
61 399 4.34028
62 399 4.34028
532 399 4.53309
11 400 4.43459
42 400 4.34028
92 400 4.4833
93 400 4.4833
427 400 4.53309
93 401 4.4833
515 401 4.53309
14 402 4.34028
27 402 4.38693
28 402 4.38693
39 402 4.24989
90 402 4.4833
445 402 4.4833
39 403 4.24989
40 403 4.24989
77 403 4.24989
90 403 4.43459
91 403 4.4833
54 404 4.24989
70 404 4.24989
78 404 4.24989
417 404 4.38693
518 404 4.43459
459 405 4.43459
460 405 4.43459
535 405 4.38693
97 406 4.43459
523 407 4.29461
526 407 4.2061
527 407 4.2061
92 408 4.43459
93 408 4.43459
87 409 4.38693
526 410 4.29461
527 410 4.29461
365 415 4.2061
93 416 4.2061
91 417 4.2061
409 417 4.1632
410 417 4.1632
416 417 4.1632
417 417 4.1632
523 417 4.12116
524 417 4.12116
76 418 4.2061
91 418 4.2061
92 418 4.2061
328 418 4.1632
76 419 4.2061
408 419 4.1632
409 419 4.1632
525 419 4.12116
526 419 4.07997
296 423 4.07997
297 423 4.07997
477 423 4.03959
549 423 4.03959
68 424 4.07997
69 424 4.07997
297 424 4.07997
298 424 4.07997
68 425 4.07997
69 425 4.07997
235 426 4.03959
236 427 4.03959
445 427 4.03959
470 427 4.03959
445 428 4.03959
446 428 4.03959
470 428 4.03959
340 430 4.03959
63 431 4.03959
56 435 4.03959
55 436 4.03959
