119 3 33.8983
131 3 7.15564
140 3 7.15564
141 3 7.15564
499 3 27.137
519 3 25.4453
578 3 16.9779
579 3 16.2999
580 3 16.2999
617 3 20.3666
130 4 7.15564
131 4 7.15564
140 4 7.15564
141 4 7.15564
502 4 25.4453
503 4 27.137
574 4 19.3986
575 4 19.3986
576 4 18.5185
578 4 16.9779
579 4 16.9779
627 4 16.9779
131 5 7.15564
140 5 7.15564
141 5 7.15564
574 5 19.3986
575 5 19.3986
576 5 18.5185
578 5 17.7148
622 5 16.9779
130 6 7.15564
131 6 7.15564
140 6 7.15564
141 6 7.15564
574 6 19.3986
621 6 16.9779
131 7 7.15564
140 7 7.15564
141 7 7.15564
144 7 33.8983
569 7 17.7148
619 7 17.7148
620 7 16.9779
624 7 16.9779
625 7 17.7148
131 8 7.15564
140 8 7.15564
141 8 7.15564
570 8 17.7148
593 8 16.9779
619 8 17.7148
624 8 16.9779
626 8 17.7148
131 9 7.15564
140 9 7.15564
141 9 7.15564
520 9 25.4453
569 9 17.7148
570 9 17.7148
131 10 7.15564
140 10 7.15564
141 10 7.15564
510 10 27.137
511 10 27.137
576 10 17.7148
577 10 17.7148
621 10 17.7148
622 10 17.7148
131 11 7.15564
134 11 8.32293
140 11 7.15564
141 11 7.15564
510 11 27.137
575 11 17.7148
576 11 17.7148
614 11 36.9686
131 12 7.15564
140 12 7.15564
141 12 7.15564
500 12 25.4453
501 12 25.4453
570 12 18.5185
571 12 18.5185
572 12 18.5185
614 12 36.9686
112 13 31.2989
131 13 7.15564
140 13 7.15564
141 13 7.15564
498 13 27.137
500 13 27.137
501 13 25.4453
506 13 27.137
569 13 18.5185
570 13 18.5185
571 13 18.5185
595 13 16.2999
623 13 17.7148
624 13 17.7148
131 14 7.15564
140 14 7.15564
141 14 7.15564
505 14 27.137
506 14 27.137
514 14 27.137
516 14 27.137
521 14 25.4453
568 14 19.3986
577 14 14.556
622 14 17.7148
623 14 17.7148
131 15 7.15564
140 15 7.15564
141 15 7.15564
501 15 27.137
516 15 27.137
517 15 25.4453
572 15 18.5185
622 15 17.7148
624 15 17.7148
625 15 17.7148
131 16 7.15564
140 16 7.15564
141 16 7.15564
571 16 17.7148
572 16 17.7148
613 16 40.6504
624 16 17.7148
625 16 17.7148
131 17 7.15564
140 17 7.15564
141 17 7.15564
147 17 33.8983
569 17 17.7148
131 18 7.15564
140 18 7.15564
141 18 7.15564
146 18 33.8983
147 18 33.8983
519 18 27.137
520 18 27.137
568 18 17.7148
569 18 17.7148
573 18 17.7148
577 18 15.0943
131 19 7.15564
140 19 7.15564
141 19 7.15564
570 19 17.7148
615 19 36.9686
625 19 16.9779
131 20 7.15564
140 20 7.15564
141 20 7.15564
573 20 17.7148
574 20 17.7148
617 20 36.9686
131 21 7.15564
140 21 7.15564
141 21 7.15564
570 21 17.7148
571 21 18.5185
573 21 17.7148
574 21 18.5185
575 21 17.7148
614 21 40.6504
616 21 36.9686
617 21 36.9686
131 22 7.15564
140 22 7.15564
141 22 7.15564
570 22 17.7148
571 22 18.5185
576 22 17.7148
577 22 17.7148
613 22 40.6504
615 22 40.6504
131 23 7.15564
140 23 7.15564
141 23 7.15564
519 23 27.137
520 23 27.137
571 23 17.7148
576 23 17.7148
577 23 17.7148
617 23 36.9686
127 24 33.8983
128 24 33.8983
131 24 7.15564
140 24 7.15564
141 24 7.15564
498 24 29.0698
499 24 29.0698
607 24 17.7148
616 24 40.6504
618 24 36.9686
625 24 16.9779
127 25 33.8983
131 25 7.15564
140 25 7.15564
141 25 7.15564
573 25 17.7148
577 25 18.5185
605 25 17.7148
606 25 17.7148
607 25 17.7148
617 25 36.9686
618 25 36.9686
621 25 16.9779
622 25 16.9779
624 25 16.2999
131 26 7.15564
140 26 7.15564
141 26 7.15564
145 26 33.8983
574 26 17.7148
576 26 17.7148
577 26 17.7148
578 26 18.5185
604 26 18.5185
605 26 17.7148
606 26 17.7148
619 26 36.9686
620 26 36.9686
621 26 17.7148
131 27 7.15564
140 27 7.15564
141 27 7.15564
145 27 33.8983
573 27 17.7148
574 27 17.7148
602 27 19.3986
603 27 18.5185
604 27 18.5185
618 27 40.6504
123 28 33.8983
131 28 7.15564
141 28 7.15564
517 28 25.4453
574 28 18.5185
575 28 18.5185
578 28 17.7148
579 28 18.5185
619 28 36.9686
131 29 7.15564
141 29 7.15564
574 29 18.5185
576 29 17.7148
620 29 40.6504
622 29 40.6504
131 30 7.15564
141 30 7.15564
499 30 29.0698
503 30 27.137
504 30 27.137
575 30 18.5185
576 30 17.7148
618 30 18.5185
622 30 36.9686
623 30 36.9686
624 30 36.9686
131 31 7.15564
141 31 7.15564
507 31 27.137
577 31 17.7148
578 31 17.7148
623 31 36.9686
625 31 36.9686
626 31 36.9686
118 32 33.8983
131 32 7.15564
141 32 7.15564
577 32 17.7148
578 32 17.7148
619 32 17.7148
620 32 18.5185
625 32 36.9686
118 33 33.8983
131 33 7.15564
134 33 33.8983
135 33 33.8983
141 33 7.15564
145 33 33.8983
495 33 27.137
579 33 17.7148
580 33 17.7148
626 33 36.9686
627 33 36.9686
118 34 33.8983
131 34 7.15564
141 34 7.15564
578 34 17.7148
579 34 17.7148
580 34 17.7148
626 34 36.9686
627 34 36.9686
131 35 7.15564
141 35 7.15564
501 35 27.137
502 35 27.137
503 35 27.137
579 35 17.7148
580 35 17.7148
622 35 16.9779
624 35 36.9686
626 35 36.9686
131 36 7.15564
141 36 7.15564
496 36 27.137
620 36 17.7148
131 37 7.15564
141 37 7.15564
496 37 27.137
497 37 27.137
570 37 18.5185
572 37 17.7148
573 37 17.7148
598 37 16.2999
599 37 16.2999
600 37 16.2999
619 37 18.5185
131 38 7.15564
134 38 8.49618
141 38 7.15564
496 38 27.137
497 38 27.137
498 38 27.137
571 38 17.7148
572 38 17.7148
573 38 17.7148
577 38 18.5185
578 38 18.5185
579 38 18.5185
580 38 18.5185
598 38 16.2999
599 38 16.2999
621 38 17.7148
622 38 17.7148
623 38 16.9779
131 39 7.15564
141 39 7.15564
142 39 7.15564
498 39 27.137
515 39 27.137
571 39 17.7148
572 39 17.7148
576 39 19.3986
577 39 18.5185
578 39 18.5185
579 39 18.5185
585 39 17.7148
621 39 17.7148
623 39 16.9779
131 40 7.15564
141 40 7.15564
142 40 7.15564
571 40 18.5185
582 40 18.5185
583 40 18.5185
584 40 18.5185
620 40 17.7148
623 40 16.9779
626 40 33.8983
131 41 7.15564
141 41 7.15564
142 41 7.15564
501 41 29.0698
581 41 18.5185
582 41 18.5185
583 41 18.5185
625 41 33.8983
626 41 33.8983
131 42 7.15564
141 42 7.15564
142 42 7.15564
513 42 25.4453
572 42 18.5185
573 42 18.5185
131 43 7.15564
141 43 7.15564
142 43 7.15564
499 43 29.0698
572 43 18.5185
573 43 17.7148
618 43 17.7148
619 43 17.7148
626 43 36.9686
627 43 36.9686
126 44 33.8983
131 44 7.15564
141 44 7.15564
142 44 7.15564
499 44 29.0698
500 44 29.0698
519 44 25.4453
573 44 18.5185
574 44 17.7148
575 44 17.7148
576 44 16.9779
618 44 17.7148
626 44 36.9686
131 45 7.15564
141 45 7.15564
142 45 7.15564
519 45 25.4453
572 45 18.5185
573 45 18.5185
574 45 17.7148
575 45 17.7148
621 45 16.9779
622 45 16.9779
111 46 33.8983
131 46 7.15564
141 46 7.15564
142 46 7.15564
573 46 18.5185
620 46 16.9779
621 46 16.9779
626 46 36.9686
131 47 7.15564
141 47 7.15564
142 47 7.15564
626 47 36.9686
131 48 7.15564
141 48 7.15564
142 48 7.15564
131 49 7.15564
141 49 7.15564
142 49 7.15564
573 49 17.7148
618 49 17.7148
619 49 17.7148
131 50 7.15564
141 50 7.15564
142 50 7.15564
503 50 27.137
571 50 17.7148
572 50 17.7148
573 50 17.7148
575 50 16.9779
578 50 15.0943
617 50 17.7148
618 50 16.9779
619 50 16.9779
620 50 16.9779
131 51 7.15564
141 51 7.15564
142 51 7.15564
497 51 27.137
498 51 27.137
503 51 27.137
571 51 17.7148
572 51 17.7148
618 51 16.9779
619 51 16.9779
625 51 16.9779
131 52 7.15564
141 52 7.15564
142 52 7.15564
497 52 27.137
498 52 27.137
499 52 27.137
572 52 17.7148
620 52 16.9779
625 52 16.9779
131 53 7.15564
141 53 7.15564
142 53 7.15564
495 53 31.2989
496 53 29.0698
499 53 27.137
500 53 25.4453
576 53 18.5185
577 53 18.5185
620 53 16.9779
623 53 16.9779
624 53 16.9779
625 53 16.9779
108 54 33.8983
131 54 7.15564
141 54 7.15564
142 54 7.15564
576 54 18.5185
577 54 18.5185
578 54 18.5185
131 55 7.15564
141 55 7.15564
142 55 7.15564
573 55 19.3986
575 55 18.5185
576 55 18.5185
619 55 16.9779
620 55 16.9779
131 56 7.15564
141 56 7.15564
142 56 7.15564
569 56 22.6244
620 56 16.9779
131 57 7.15564
141 57 7.15564
142 57 7.15564
568 57 22.6244
577 57 18.5185
578 57 17.7148
579 57 17.7148
620 57 16.9779
119 58 33.8983
131 58 7.15564
141 58 7.15564
142 58 7.15564
191 58 50.7614
571 58 18.5185
572 58 17.7148
574 58 16.9779
579 58 17.7148
623 58 16.2999
113 59 33.8983
114 59 33.8983
131 59 7.15564
141 59 7.15564
142 59 7.15564
569 59 18.5185
570 59 18.5185
571 59 17.7148
572 59 17.7148
619 59 16.9779
620 59 16.9779
621 59 16.9779
55 60 33.8983
131 60 7.15564
141 60 7.15564
142 60 7.15564
570 60 18.5185
571 60 18.5185
619 60 16.9779
620 60 16.9779
632 60 33.8983
131 61 7.15564
141 61 7.15564
142 61 7.15564
573 61 17.7148
574 61 17.7148
632 61 33.8983
131 62 7.15564
141 62 7.15564
142 62 7.15564
573 62 18.5185
610 62 16.9779
632 62 33.8983
131 63 7.15564
141 63 7.15564
142 63 7.15564
131 64 7.15564
141 64 7.15564
142 64 7.15564
503 64 29.0698
504 64 29.0698
518 64 25.4453
574 64 18.5185
575 64 17.7148
576 64 17.7148
577 64 16.9779
623 64 17.7148
624 64 17.7148
14 65 31.2989
131 65 7.15564
141 65 7.15564
142 65 7.15564
324 65 36.9686
325 65 36.9686
503 65 29.0698
573 65 18.5185
574 65 17.7148
575 65 17.7148
576 65 17.7148
583 65 17.7148
584 65 17.7148
622 65 17.7148
19 66 33.8983
52 66 33.8983
131 66 7.15564
141 66 7.15564
142 66 7.15564
319 66 36.9686
320 66 36.9686
323 66 36.9686
324 66 36.9686
583 66 17.7148
595 66 18.5185
596 66 17.7148
52 67 33.8983
131 67 7.15564
141 67 7.15564
142 67 7.15564
284 67 36.9686
316 67 36.9686
317 67 36.9686
318 67 36.9686
579 67 18.5185
582 67 17.7148
593 67 18.5185
594 67 18.5185
595 67 18.5185
596 67 17.7148
21 68 33.8983
131 68 7.15564
141 68 7.15564
142 68 7.15564
315 68 36.9686
316 68 36.9686
493 68 27.137
494 68 27.137
594 68 18.5185
595 68 18.5185
14 69 31.2989
25 69 33.8983
27 69 33.8983
47 69 33.8983
131 69 7.15564
141 69 7.15564
142 69 7.15564
186 69 50.7614
295 69 31.2989
314 69 36.9686
518 69 27.137
519 69 27.137
569 69 17.7148
598 69 16.9779
625 69 16.9779
626 69 16.9779
627 69 16.9779
8 70 31.2989
27 70 33.8983
33 70 31.2989
52 70 33.8983
131 70 7.15564
141 70 7.15564
142 70 7.15564
502 70 27.137
528 70 40.6504
568 70 17.7148
569 70 17.7148
626 70 16.9779
627 70 16.9779
32 71 31.2989
33 71 31.2989
41 71 33.8983
48 71 33.8983
52 71 33.8983
56 71 33.8983
131 71 7.15564
141 71 7.15564
142 71 7.15564
495 71 25.4453
574 71 15.0943
575 71 15.0943
9 72 31.2989
18 72 33.8983
38 72 31.2989
39 72 31.2989
56 72 33.8983
131 72 7.15564
141 72 7.15564
142 72 7.15564
573 72 15.0943
617 72 40.6504
625 72 16.9779
18 73 33.8983
31 73 31.2989
131 73 7.15564
142 73 7.15564
569 73 17.7148
616 73 40.6504
624 73 16.9779
626 73 16.9779
627 73 16.9779
30 74 31.2989
105 74 33.8983
131 74 7.15564
142 74 7.15564
494 74 29.0698
495 74 29.0698
537 74 40.6504
566 74 18.5185
567 74 17.7148
568 74 17.7148
10 75 31.2989
59 75 33.8983
131 75 7.15564
142 75 7.15564
569 75 17.7148
571 75 16.9779
618 75 40.6504
10 76 33.8983
59 76 33.8983
131 76 7.15564
141 76 7.15564
142 76 7.15564
624 76 16.9779
625 76 16.9779
626 76 16.9779
10 77 33.8983
33 77 31.2989
58 77 33.8983
131 77 7.15564
139 77 33.8983
142 77 7.15564
620 77 40.6504
624 77 16.9779
10 78 33.8983
21 78 31.2989
58 78 33.8983
131 78 7.15564
139 78 33.8983
142 78 7.15564
579 78 17.7148
580 78 17.7148
623 78 16.9779
624 78 16.9779
14 79 31.2989
48 79 33.8983
131 79 7.15564
138 79 33.8983
139 79 33.8983
142 79 7.15564
578 79 17.7148
579 79 17.7148
580 79 17.7148
25 80 31.2989
26 80 31.2989
56 80 33.8983
131 80 7.15564
138 80 33.8983
142 80 7.15564
577 80 18.5185
578 80 17.7148
25 81 31.2989
26 81 31.2989
131 81 7.15564
142 81 7.15564
186 81 45.1467
491 81 27.137
572 81 17.7148
6 82 33.8983
16 82 33.8983
25 82 31.2989
49 82 33.8983
111 82 33.8983
131 82 7.15564
142 82 7.15564
487 82 27.137
490 82 27.137
491 82 27.137
569 82 18.5185
570 82 18.5185
571 82 18.5185
13 83 31.2989
49 83 33.8983
58 83 33.8983
131 83 7.15564
142 83 7.15564
145 83 36.9686
4 84 31.2989
17 84 33.8983
38 84 31.2989
44 84 31.2989
49 84 33.8983
58 84 33.8983
65 84 33.8983
131 84 7.15564
132 84 7.15564
142 84 7.15564
37 85 31.2989
38 85 31.2989
49 85 33.8983
57 85 33.8983
131 85 7.15564
137 85 33.8983
142 85 7.15564
145 85 33.8983
537 85 36.9686
566 85 18.5185
567 85 18.5185
623 85 16.9779
23 86 31.2989
24 86 31.2989
35 86 31.2989
36 86 31.2989
49 86 33.8983
57 86 33.8983
131 86 7.15564
142 86 7.15564
143 86 7.15564
488 86 27.137
489 86 27.137
536 86 36.9686
537 86 36.9686
567 86 18.5185
568 86 18.5185
26 87 31.2989
33 87 33.8983
49 87 33.8983
54 87 33.8983
70 87 33.8983
107 87 31.2989
131 87 7.15564
142 87 7.15564
569 87 18.5185
570 87 18.5185
573 87 17.7148
18 88 33.8983
19 88 33.8983
33 88 33.8983
37 88 33.8983
40 88 33.8983
54 88 33.8983
131 88 7.15564
142 88 7.15564
568 88 18.5185
569 88 18.5185
570 88 18.5185
604 88 16.9779
624 88 17.7148
5 89 31.2989
9 89 31.2989
19 89 33.8983
39 89 33.8983
43 89 33.8983
48 89 33.8983
71 89 33.8983
131 89 7.15564
142 89 7.15564
211 89 45.1467
328 89 50.7614
492 89 22.6244
575 89 17.7148
576 89 17.7148
577 89 17.7148
623 89 17.7148
624 89 17.7148
4 90 31.2989
8 90 31.2989
9 90 31.2989
29 90 33.8983
48 90 33.8983
69 90 31.2989
70 90 31.2989
71 90 31.2989
131 90 7.15564
142 90 7.15564
143 90 7.15564
211 90 45.1467
487 90 29.0698
488 90 29.0698
489 90 29.0698
492 90 22.6244
575 90 17.7148
576 90 17.7148
623 90 17.7148
14 91 31.2989
29 91 33.8983
61 91 33.8983
69 91 33.8983
70 91 33.8983
131 91 7.15564
142 91 7.15564
143 91 7.15564
488 91 29.0698
489 91 29.0698
517 91 27.137
518 91 27.137
575 91 17.7148
576 91 17.7148
36 92 33.8983
46 92 33.8983
69 92 33.8983
131 92 7.03235
142 92 7.15564
143 92 7.15564
517 92 27.137
574 92 17.7148
575 92 17.7148
576 92 17.7148
13 93 31.2989
14 93 31.2989
16 93 31.2989
69 93 33.8983
131 93 7.03235
132 93 7.03235
142 93 7.15564
533 93 40.6504
626 93 17.7148
13 94 31.2989
50 94 31.2989
51 94 31.2989
66 94 33.8983
67 94 33.8983
131 94 7.03235
132 94 7.03235
142 94 7.15564
197 94 45.1467
591 94 16.9779
592 94 16.9779
593 94 16.9779
597 94 16.9779
598 94 16.9779
599 94 16.9779
619 94 17.7148
620 94 17.7148
14 95 31.2989
49 95 31.2989
50 95 31.2989
119 95 33.8983
131 95 7.03235
142 95 7.15564
493 95 27.137
514 95 27.137
534 95 40.6504
573 95 18.5185
574 95 18.5185
14 96 31.2989
18 96 33.8983
35 96 31.2989
119 96 33.8983
120 96 33.8983
131 96 7.03235
142 96 7.15564
143 96 7.15564
417 96 50.7614
573 96 18.5185
584 96 17.7148
585 96 17.7148
602 96 16.9779
11 97 31.2989
23 97 33.8983
75 97 33.8983
76 97 33.8983
131 97 7.03235
132 97 7.03235
140 97 7.15564
519 97 27.137
520 97 27.137
600 97 16.9779
601 97 16.9779
627 97 17.7148
28 98 33.8983
63 98 33.8983
69 98 31.2989
70 98 31.2989
131 98 7.03235
132 98 7.03235
143 98 7.15564
348 98 50.7614
349 98 50.7614
535 98 40.6504
611 98 17.7148
618 98 16.9779
44 99 31.2989
63 99 33.8983
68 99 31.2989
69 99 31.2989
108 99 33.8983
131 99 7.03235
132 99 7.03235
143 99 7.15564
349 99 50.7614
574 99 16.9779
12 100 31.2989
43 100 31.2989
44 100 31.2989
53 100 33.8983
131 100 7.03235
142 100 7.15564
143 100 7.15564
490 100 27.137
518 100 27.137
536 100 40.6504
576 100 16.9779
11 101 31.2989
12 101 31.2989
22 101 31.2989
62 101 33.8983
79 101 33.8983
131 101 7.03235
132 101 7.03235
489 101 27.137
490 101 27.137
491 101 27.137
10 102 31.2989
11 102 31.2989
39 102 31.2989
40 102 31.2989
61 102 33.8983
78 102 33.8983
79 102 33.8983
131 102 7.03235
132 102 7.03235
143 102 7.15564
208 102 45.1467
209 102 45.1467
431 102 45.1467
490 102 27.137
537 102 40.6504
16 103 33.8983
21 103 31.2989
39 103 31.2989
55 103 31.2989
131 103 7.15564
132 103 7.15564
143 103 7.15564
619 103 16.9779
635 103 33.8983
636 103 33.8983
4 104 31.2989
30 104 31.2989
39 104 31.2989
54 104 31.2989
55 104 31.2989
131 104 7.15564
132 104 7.15564
143 104 7.15564
518 104 27.137
618 104 16.9779
619 104 16.9779
9 105 31.2989
38 105 31.2989
53 105 31.2989
131 105 7.15564
132 105 7.15564
143 105 7.15564
190 105 45.1467
579 105 17.7148
618 105 16.9779
9 106 31.2989
64 106 31.2989
75 106 33.8983
76 106 33.8983
131 106 7.03235
143 106 7.15564
490 106 27.137
9 107 31.2989
45 107 31.2989
46 107 31.2989
60 107 33.8983
73 107 33.8983
74 107 33.8983
131 107 7.03235
143 107 7.15564
361 107 57.971
362 107 57.971
372 107 50.7614
617 107 17.7148
46 108 31.2989
80 108 33.8983
131 108 7.03235
617 108 17.7148
20 109 33.8983
26 109 29.0698
29 109 33.8983
34 109 31.2989
54 109 31.2989
63 109 33.8983
79 109 33.8983
80 109 33.8983
131 109 7.03235
384 109 57.971
445 109 36.9686
537 109 40.6504
538 109 40.6504
10 110 33.8983
20 110 33.8983
29 110 33.8983
34 110 31.2989
38 110 33.8983
45 110 33.8983
46 110 33.8983
63 110 33.8983
78 110 33.8983
79 110 33.8983
131 110 7.03235
145 110 33.8983
205 110 50.7614
333 110 57.971
334 110 57.971
13 111 31.2989
37 111 33.8983
44 111 33.8983
45 111 33.8983
59 111 36.9686
60 111 36.9686
76 111 33.8983
77 111 33.8983
117 111 33.8983
131 111 7.03235
490 111 27.137
491 111 27.137
572 111 17.7148
8 112 33.8983
15 112 31.2989
37 112 33.8983
44 112 33.8983
45 112 33.8983
58 112 36.9686
59 112 36.9686
75 112 33.8983
76 112 33.8983
117 112 33.8983
131 112 7.03235
199 112 45.1467
200 112 45.1467
489 112 27.137
490 112 27.137
491 112 27.137
494 112 22.6244
495 112 22.6244
614 112 17.7148
615 112 17.7148
7 113 33.8983
15 113 31.2989
36 113 33.8983
37 113 33.8983
131 113 7.03235
143 113 7.15564
169 113 101.01
199 113 45.1467
353 113 57.971
490 113 27.137
525 113 45.1467
7 114 33.8983
36 114 33.8983
37 114 33.8983
41 114 33.8983
71 114 33.8983
72 114 33.8983
131 114 7.03235
143 114 7.15564
495 114 22.6244
525 114 45.1467
539 114 40.6504
31 115 31.2989
32 115 31.2989
36 115 31.2989
37 115 31.2989
41 115 33.8983
47 115 31.2989
71 115 33.8983
131 115 7.03235
143 115 7.15564
177 115 80.9717
539 115 40.6504
587 115 17.7148
10 116 31.2989
11 116 31.2989
31 116 31.2989
32 116 31.2989
36 116 31.2989
41 116 33.8983
60 116 36.9686
67 116 33.8983
131 116 7.03235
143 116 7.15564
177 116 80.9717
492 116 27.137
605 116 17.7148
4 117 33.8983
10 117 31.2989
32 117 31.2989
41 117 33.8983
63 117 33.8983
131 117 7.03235
143 117 7.15564
176 117 80.9717
493 117 27.137
494 117 27.137
526 117 45.1467
605 117 17.7148
606 117 17.7148
633 117 33.8983
49 118 31.2989
50 118 31.2989
65 118 33.8983
131 118 7.03235
143 118 7.15564
493 118 27.137
633 118 33.8983
32 119 33.8983
43 119 33.8983
53 119 33.8983
57 119 33.8983
78 119 33.8983
79 119 33.8983
83 119 33.8983
106 119 33.8983
131 119 7.15564
143 119 7.15564
424 119 50.7614
491 119 29.0698
11 120 33.8983
19 120 31.2989
31 120 33.8983
32 120 33.8983
42 120 33.8983
43 120 33.8983
53 120 33.8983
75 120 33.8983
91 120 33.8983
92 120 33.8983
93 120 31.2989
131 120 7.15564
143 120 7.15564
208 120 45.1467
606 120 17.7148
11 121 33.8983
16 121 31.2989
19 121 31.2989
31 121 33.8983
42 121 33.8983
43 121 33.8983
52 121 33.8983
75 121 33.8983
90 121 33.8983
131 121 7.15564
143 121 7.15564
201 121 50.7614
202 121 50.7614
360 121 50.7614
35 122 33.8983
51 122 33.8983
52 122 33.8983
131 122 7.15564
143 122 7.15564
526 122 45.1467
527 122 45.1467
32 123 33.8983
88 123 33.8983
89 123 33.8983
90 123 33.8983
131 123 7.15564
143 123 7.15564
527 123 45.1467
12 124 31.2989
14 124 31.2989
18 124 31.2989
88 124 33.8983
131 124 7.15564
143 124 7.15564
211 124 50.7614
44 125 33.8983
83 125 36.9686
84 125 36.9686
131 125 7.15564
143 125 7.15564
606 125 17.7148
607 125 17.7148
7 126 31.2989
33 126 33.8983
34 126 33.8983
40 126 31.2989
41 126 31.2989
42 126 31.2989
70 126 33.8983
71 126 33.8983
84 126 36.9686
131 126 7.15564
143 126 7.15564
177 126 80.9717
342 126 50.7614
606 126 17.7148
607 126 17.7148
621 126 40.6504
622 126 40.6504
25 127 33.8983
26 127 33.8983
34 127 33.8983
39 127 31.2989
65 127 33.8983
70 127 33.8983
131 127 7.15564
143 127 7.15564
206 127 45.1467
602 127 17.7148
606 127 17.7148
607 127 17.7148
34 128 33.8983
49 128 33.8983
65 128 31.2989
131 128 7.15564
143 128 7.15564
209 128 50.7614
210 128 50.7614
596 128 17.7148
597 128 17.7148
606 128 17.7148
607 128 17.7148
5 129 31.2989
17 129 31.2989
22 129 33.8983
130 129 7.15564
131 129 7.15564
143 129 7.15564
596 129 17.7148
597 129 17.7148
606 129 17.7148
627 129 36.9686
10 130 31.2989
11 130 31.2989
12 130 31.2989
22 130 33.8983
63 130 33.8983
131 130 7.15564
143 130 7.15564
596 130 17.7148
597 130 17.7148
4 131 31.2989
11 131 31.2989
22 131 33.8983
81 131 36.9686
82 131 36.9686
83 131 33.8983
87 131 36.9686
88 131 36.9686
131 131 7.15564
143 131 7.15564
36 132 33.8983
41 132 33.8983
51 132 33.8983
80 132 33.8983
131 132 7.15564
143 132 7.15564
8 133 31.2989
9 133 31.2989
18 133 36.9686
41 133 33.8983
55 133 33.8983
61 133 33.8983
62 133 33.8983
63 133 33.8983
131 133 7.15564
22 134 33.8983
25 134 31.2989
32 134 33.8983
40 134 33.8983
41 134 33.8983
50 134 33.8983
62 134 33.8983
131 134 7.15564
143 134 7.15564
5 135 31.2989
9 135 31.2989
22 135 33.8983
36 135 31.2989
54 135 33.8983
130 135 7.15564
131 135 7.15564
143 135 7.15564
362 135 57.971
9 136 31.2989
17 136 33.8983
35 136 31.2989
44 136 33.8983
45 136 33.8983
131 136 7.15564
143 136 7.15564
8 137 33.8983
16 137 33.8983
17 137 33.8983
131 137 7.15564
143 137 7.15564
88 138 31.2989
91 138 40.6504
131 138 7.15564
141 138 7.15564
5 139 33.8983
6 139 33.8983
24 139 31.2989
48 139 33.8983
84 139 33.8983
85 139 33.8983
130 139 7.15564
131 139 7.15564
5 140 33.8983
17 140 31.2989
40 140 33.8983
55 140 31.2989
56 140 31.2989
60 140 31.2989
81 140 33.8983
82 140 33.8983
83 140 33.8983
84 140 33.8983
85 140 33.8983
130 140 7.15564
131 140 7.15564
331 140 57.971
17 141 31.2989
40 141 33.8983
81 141 33.8983
82 141 33.8983
130 141 7.15564
131 141 7.15564
143 141 7.15564
499 141 29.0698
500 141 29.0698
10 142 33.8983
78 142 33.8983
79 142 33.8983
131 142 7.15564
143 142 7.15564
144 142 7.15564
9 143 33.8983
33 143 31.2989
34 143 31.2989
47 143 33.8983
64 143 33.8983
77 143 33.8983
78 143 33.8983
130 143 7.15564
131 143 7.15564
143 143 7.15564
33 144 31.2989
46 144 33.8983
130 144 7.15564
131 144 7.15564
143 144 7.15564
18 145 31.2989
33 145 31.2989
38 145 33.8983
45 145 33.8983
46 145 33.8983
71 145 36.9686
75 145 33.8983
130 145 7.15564
131 145 7.15564
143 145 7.15564
144 145 7.15564
335 145 50.7614
336 145 50.7614
337 145 50.7614
360 145 57.971
498 145 27.137
499 145 27.137
506 145 27.137
609 145 17.7148
4 146 31.2989
33 146 31.2989
45 146 33.8983
76 146 36.9686
130 146 7.15564
131 146 7.15564
143 146 7.15564
144 146 7.15564
499 146 27.137
506 146 27.137
608 146 17.7148
609 146 17.7148
4 147 31.2989
24 147 33.8983
27 147 33.8983
33 147 31.2989
38 147 33.8983
45 147 33.8983
61 147 36.9686
66 147 33.8983
131 147 7.15564
143 147 7.15564
144 147 7.15564
608 147 17.7148
4 148 31.2989
19 148 33.8983
20 148 33.8983
24 148 33.8983
33 148 31.2989
40 148 33.8983
60 148 36.9686
66 148 33.8983
69 148 36.9686
70 148 36.9686
131 148 7.15564
143 148 7.15564
608 148 17.7148
20 149 33.8983
24 149 33.8983
32 149 31.2989
33 149 31.2989
43 149 33.8983
44 149 33.8983
131 149 7.15564
143 149 7.15564
144 149 7.15564
352 149 50.7614
3 150 31.2989
32 150 31.2989
43 150 33.8983
84 150 33.8983
87 150 36.9686
124 150 7.28332
125 150 7.28332
143 150 7.15564
3 151 31.2989
32 151 31.2989
43 151 33.8983
58 151 36.9686
123 151 7.28332
124 151 7.28332
143 151 7.15564
144 151 7.15564
5 152 31.2989
24 152 33.8983
31 152 31.2989
32 152 31.2989
58 152 36.9686
74 152 33.8983
122 152 7.28332
123 152 7.28332
126 152 7.15564
143 152 7.15564
144 152 7.15564
11 153 33.8983
12 153 33.8983
31 153 31.2989
32 153 31.2989
57 153 36.9686
122 153 7.28332
123 153 7.28332
125 153 7.28332
130 153 7.03235
131 153 7.03235
143 153 7.15564
31 154 31.2989
39 154 33.8983
45 154 31.2989
46 154 31.2989
53 154 33.8983
54 154 33.8983
121 154 7.28332
122 154 7.28332
131 154 7.03235
143 154 7.15564
144 154 7.15564
28 155 33.8983
39 155 33.8983
45 155 31.2989
53 155 33.8983
54 155 33.8983
121 155 7.15564
122 155 7.15564
131 155 7.03235
143 155 7.15564
234 155 57.971
4 156 31.2989
6 156 31.2989
7 156 31.2989
28 156 33.8983
32 156 31.2989
39 156 33.8983
42 156 33.8983
43 156 33.8983
52 156 33.8983
63 156 36.9686
120 156 7.15564
121 156 7.15564
143 156 7.15564
144 156 7.15564
390 156 67.5676
6 157 31.2989
7 157 31.2989
21 157 31.2989
28 157 33.8983
31 157 31.2989
32 157 31.2989
42 157 33.8983
58 157 36.9686
120 157 7.15564
121 157 7.15564
143 157 7.03235
144 157 7.03235
28 158 33.8983
31 158 31.2989
65 158 33.8983
120 158 7.15564
121 158 7.15564
143 158 7.15564
144 158 7.15564
22 159 31.2989
28 159 33.8983
31 159 31.2989
65 159 33.8983
119 159 7.15564
120 159 7.15564
137 159 7.03235
143 159 7.15564
144 159 7.15564
22 160 31.2989
28 160 33.8983
32 160 31.2989
50 160 33.8983
119 160 7.03235
120 160 7.03235
137 160 7.03235
144 160 7.15564
637 160 31.2989
22 161 31.2989
28 161 33.8983
31 161 33.8983
32 161 33.8983
119 161 7.03235
120 161 7.03235
137 161 7.03235
143 161 7.15564
144 161 7.15564
636 161 31.2989
637 161 31.2989
31 162 33.8983
32 162 33.8983
119 162 7.03235
137 162 7.03235
143 162 7.15564
144 162 7.15564
627 162 36.9686
628 162 36.9686
633 162 33.8983
46 163 33.8983
49 163 36.9686
50 163 36.9686
58 163 36.9686
59 163 36.9686
119 163 7.03235
137 163 7.03235
143 163 7.15564
144 163 7.15564
609 163 17.7148
610 163 17.7148
627 163 36.9686
628 163 36.9686
633 163 33.8983
45 164 33.8983
49 164 36.9686
69 164 33.8983
70 164 33.8983
74 164 33.8983
75 164 33.8983
76 164 33.8983
118 164 7.03235
119 164 7.03235
137 164 7.03235
139 164 7.84314
140 164 7.84314
143 164 7.15564
144 164 7.15564
604 164 17.7148
627 164 36.9686
633 164 33.8983
31 165 31.2989
44 165 33.8983
45 165 33.8983
69 165 33.8983
118 165 7.03235
119 165 7.03235
140 165 7.84314
144 165 7.15564
604 165 17.7148
31 166 31.2989
44 166 33.8983
68 166 33.8983
69 166 33.8983
112 166 57.971
118 166 7.03235
119 166 7.03235
144 166 7.15564
612 166 17.7148
59 167 36.9686
65 167 36.9686
66 167 36.9686
67 167 33.8983
118 167 7.03235
119 167 7.03235
144 167 7.15564
611 167 17.7148
31 168 33.8983
43 168 36.9686
44 168 36.9686
45 168 36.9686
59 168 36.9686
64 168 36.9686
65 168 36.9686
118 168 7.03235
144 168 7.15564
64 169 36.9686
118 169 7.03235
144 169 7.15564
26 170 33.8983
38 170 33.8983
118 170 7.03235
119 170 7.03235
144 170 7.15564
31 171 33.8983
51 171 33.8983
52 171 33.8983
56 171 36.9686
60 171 36.9686
61 171 36.9686
118 171 7.03235
119 171 7.03235
121 171 7.03235
144 171 7.15564
604 171 16.9779
31 172 33.8983
50 172 33.8983
51 172 33.8983
118 172 7.03235
119 172 7.03235
144 172 7.15564
284 172 80.9717
31 173 33.8983
39 173 33.8983
118 173 7.03235
119 173 7.03235
144 173 7.15564
145 173 7.15564
196 173 45.1467
275 173 200
276 173 200
305 173 134.228
617 173 36.9686
26 174 33.8983
31 174 33.8983
97 174 45.1467
118 174 7.03235
119 174 7.03235
134 174 7.03235
135 174 6.91324
136 174 7.03235
144 174 7.15564
9 175 29.0698
118 175 7.03235
119 175 7.03235
133 175 7.03235
134 175 7.03235
135 175 7.03235
144 175 7.15564
600 175 17.7148
9 176 29.0698
118 176 6.91324
119 176 6.91324
132 176 7.03235
133 176 7.03235
144 176 7.15564
600 176 17.7148
9 177 29.0698
38 177 33.8983
44 177 33.8983
47 177 33.8983
118 177 6.91324
119 177 6.91324
132 177 7.03235
133 177 7.03235
144 177 7.15564
9 178 29.0698
66 178 36.9686
67 178 36.9686
118 178 6.91324
119 178 6.91324
144 178 7.15564
270 178 67.5676
4 179 29.0698
65 179 36.9686
66 179 36.9686
119 179 7.03235
133 179 7.03235
144 179 7.15564
265 179 101.01
266 179 67.5676
268 179 67.5676
4 180 29.0698
5 180 29.0698
50 180 33.8983
65 180 36.9686
119 180 7.03235
133 180 7.03235
144 180 7.15564
455 180 67.5676
456 180 67.5676
4 181 29.0698
20 181 31.2989
49 181 33.8983
50 181 33.8983
119 181 7.03235
120 181 7.03235
133 181 7.03235
144 181 7.15564
4 182 29.0698
5 182 29.0698
49 182 33.8983
50 182 33.8983
119 182 7.03235
120 182 7.03235
133 182 7.03235
144 182 7.15564
4 183 29.0698
20 183 31.2989
21 183 31.2989
49 183 33.8983
50 183 33.8983
65 183 36.9686
120 183 7.03235
133 183 7.03235
144 183 7.15564
447 183 200
452 183 67.5676
453 183 67.5676
454 183 57.971
455 183 57.971
456 183 50.7614
4 184 29.0698
20 184 31.2989
65 184 36.9686
133 184 7.03235
144 184 7.15564
450 184 80.9717
451 184 80.9717
452 184 67.5676
453 184 67.5676
454 184 57.971
455 184 57.971
456 184 50.7614
496 184 50.7614
20 185 31.2989
50 185 33.8983
122 185 6.7981
144 185 7.15564
452 185 67.5676
453 185 67.5676
454 185 57.971
455 185 57.971
5 186 29.0698
20 186 31.2989
34 186 33.8983
43 186 33.8983
122 186 6.7981
133 186 7.03235
144 186 7.03235
453 186 67.5676
5 187 29.0698
34 187 33.8983
43 187 33.8983
50 187 33.8983
122 187 6.7981
134 187 7.03235
144 187 7.03235
5 188 29.0698
10 188 29.0698
11 188 29.0698
43 188 33.8983
50 188 33.8983
133 188 7.03235
144 188 7.03235
145 188 7.03235
5 189 29.0698
10 189 29.0698
20 189 31.2989
43 189 33.8983
50 189 33.8983
144 189 7.15564
461 189 80.9717
462 189 80.9717
463 189 80.9717
464 189 67.5676
551 189 45.1467
552 189 45.1467
564 189 29.0698
565 189 29.0698
566 189 29.0698
572 189 29.0698
10 190 29.0698
20 190 31.2989
133 190 7.03235
144 190 7.15564
145 190 7.15564
460 190 101.01
461 190 80.9717
462 190 80.9717
463 190 80.9717
464 190 67.5676
10 191 29.0698
20 191 31.2989
21 191 31.2989
33 191 33.8983
124 191 6.7981
133 191 7.03235
144 191 7.15564
145 191 7.15564
460 191 101.01
461 191 80.9717
462 191 80.9717
463 191 80.9717
10 192 29.0698
20 192 31.2989
33 192 33.8983
44 192 33.8983
133 192 7.03235
144 192 7.15564
145 192 7.15564
226 192 134.228
341 192 134.228
6 193 31.2989
10 193 29.0698
44 193 33.8983
144 193 7.15564
21 194 31.2989
44 194 33.8983
131 194 7.03235
132 194 7.03235
144 194 7.15564
496 194 21.4362
20 195 31.2989
21 195 31.2989
50 195 33.8983
51 195 33.8983
131 195 7.15564
132 195 7.15564
145 195 7.15564
479 195 134.228
480 195 134.228
482 195 200
486 195 67.5676
487 195 67.5676
528 195 21.4362
10 196 31.2989
11 196 31.2989
20 196 31.2989
21 196 31.2989
33 196 31.2989
131 196 7.15564
132 196 7.15564
144 196 7.15564
145 196 7.15564
527 196 21.4362
528 196 21.4362
529 196 21.4362
11 197 31.2989
20 197 31.2989
131 197 7.03235
132 197 7.03235
144 197 7.15564
145 197 7.15564
11 198 31.2989
131 198 7.03235
132 198 7.03235
144 198 7.15564
145 198 7.15564
601 198 17.7148
11 199 31.2989
15 199 31.2989
65 199 33.8983
131 199 7.03235
132 199 7.03235
144 199 7.15564
145 199 7.15564
376 199 134.228
377 199 134.228
378 199 101.01
379 199 67.5676
380 199 67.5676
381 199 50.7614
494 199 20.3666
510 199 22.6244
31 200 31.2989
50 200 33.8983
51 200 33.8983
64 200 33.8983
65 200 33.8983
131 200 7.03235
132 200 7.03235
144 200 7.15564
145 200 7.15564
433 200 134.228
434 200 134.228
435 200 134.228
493 200 21.4362
494 200 21.4362
509 200 22.6244
510 200 22.6244
527 200 21.4362
9 201 29.0698
50 201 33.8983
131 201 7.03235
132 201 7.03235
144 201 7.15564
145 201 7.15564
298 201 134.228
299 201 134.228
440 201 101.01
441 201 101.01
442 201 101.01
443 201 67.5676
447 201 134.228
448 201 134.228
452 201 50.7614
453 201 50.7614
456 201 33.8983
457 201 33.8983
458 201 33.8983
493 201 21.4362
494 201 21.4362
599 201 17.7148
600 201 17.7148
6 202 31.2989
9 202 29.0698
131 202 7.03235
132 202 7.03235
144 202 7.15564
145 202 7.15564
269 202 134.228
270 202 134.228
383 202 200
458 202 33.8983
459 202 33.8983
493 202 21.4362
528 202 21.4362
599 202 17.7148
600 202 17.7148
9 203 29.0698
74 203 33.8983
131 203 7.03235
132 203 7.03235
144 203 7.15564
145 203 7.15564
528 203 21.4362
9 204 29.0698
34 204 33.8983
51 204 33.8983
71 204 36.9686
130 204 7.03235
131 204 7.03235
132 204 7.03235
144 204 7.15564
145 204 7.15564
246 204 200
6 205 31.2989
9 205 29.0698
131 205 7.03235
132 205 7.03235
144 205 7.15564
145 205 7.15564
6 206 31.2989
9 206 29.0698
15 206 31.2989
131 206 7.03235
132 206 7.03235
144 206 7.15564
145 206 7.15564
370 206 134.228
373 206 67.5676
403 206 200
404 206 200
529 206 21.4362
9 207 29.0698
15 207 31.2989
51 207 33.8983
131 207 7.03235
132 207 7.03235
144 207 7.15564
177 207 57.971
529 207 21.4362
532 207 21.4362
9 208 29.0698
35 208 33.8983
36 208 33.8983
51 208 33.8983
72 208 36.9686
78 208 50.7614
131 208 7.03235
132 208 7.03235
388 208 67.5676
462 208 27.137
492 208 21.4362
493 208 21.4362
532 208 21.4362
9 209 29.0698
50 209 33.8983
72 209 36.9686
131 209 7.03235
132 209 7.03235
492 209 21.4362
493 209 21.4362
532 209 21.4362
9 210 29.0698
10 210 29.0698
83 210 50.7614
131 210 7.03235
132 210 7.03235
398 210 101.01
460 210 27.137
461 210 27.137
602 210 17.7148
604 210 17.7148
9 211 29.0698
10 211 29.0698
132 211 7.03235
467 211 19.3986
547 211 16.9779
9 212 29.0698
14 212 31.2989
37 212 33.8983
40 212 33.8983
557 212 20.3666
558 212 20.3666
559 212 19.3986
560 212 18.5185
561 212 18.5185
9 213 29.0698
37 213 33.8983
39 213 33.8983
40 213 33.8983
561 213 18.5185
562 213 17.7148
563 213 17.7148
564 213 16.9779
565 213 16.2999
50 214 33.8983
51 214 33.8983
448 214 29.0698
50 215 33.8983
60 215 40.6504
521 215 17.7148
582 215 13.587
132 216 7.03235
556 216 18.5185
557 216 18.5185
558 216 17.7148
559 216 16.9779
560 216 16.9779
561 216 16.2999
602 216 16.9779
603 216 16.2999
604 216 15.674
605 216 15.674
606 216 15.0943
607 216 15.0943
608 216 14.556
609 216 14.0548
610 216 13.587
611 216 12.3533
20 217 31.2989
21 217 31.2989
45 217 33.8983
575 217 14.0548
576 217 13.587
605 217 15.674
606 217 15.0943
607 217 15.0943
608 217 14.556
609 217 14.0548
610 217 13.587
611 217 12.3533
612 217 11.9904
613 217 11.9904
614 217 11.6482
4 218 31.2989
5 218 31.2989
20 218 31.2989
21 218 31.2989
44 218 33.8983
45 218 33.8983
113 218 31.2989
487 218 21.4362
488 218 21.4362
573 218 14.0548
574 218 14.0548
630 218 12.3533
631 218 12.3533
4 219 29.0698
5 219 29.0698
45 219 33.8983
503 219 21.4362
504 219 21.4362
571 219 14.0548
572 219 14.0548
4 220 29.0698
5 220 29.0698
59 220 45.1467
443 220 31.2989
613 220 12.3533
614 220 12.3533
615 220 12.3533
616 220 12.3533
4 221 29.0698
8 221 29.0698
50 221 33.8983
51 221 33.8983
443 221 31.2989
550 221 18.5185
551 221 18.5185
607 221 12.3533
614 221 12.3533
615 221 12.3533
616 221 11.9904
637 221 15.674
487 222 21.4362
524 222 18.5185
607 222 12.3533
615 222 11.9904
616 222 11.9904
39 223 33.8983
487 223 21.4362
488 223 21.4362
607 223 12.3533
615 223 11.9904
616 223 11.9904
617 223 11.9904
35 224 33.8983
39 224 33.8983
132 224 7.03235
488 224 21.4362
501 224 18.5185
502 224 18.5185
615 224 11.9904
616 224 11.9904
617 224 11.9904
51 225 36.9686
131 225 7.03235
132 225 7.03235
427 225 40.6504
428 225 40.6504
443 225 31.2989
502 225 18.5185
542 225 17.7148
617 225 11.9904
50 226 36.9686
51 226 36.9686
59 226 45.1467
132 226 7.03235
482 226 21.4362
483 226 19.3986
616 226 11.9904
617 226 11.9904
618 226 11.9904
51 227 36.9686
59 227 45.1467
132 227 7.03235
480 227 22.6244
483 227 19.3986
484 227 19.3986
487 227 21.4362
488 227 21.4362
616 227 11.9904
617 227 11.9904
618 227 11.9904
51 228 36.9686
132 228 7.15564
462 228 27.137
463 228 27.137
479 228 21.4362
480 228 22.6244
488 228 21.4362
548 228 18.5185
549 228 17.7148
550 228 17.7148
554 228 14.556
555 228 14.0548
556 228 14.0548
557 228 14.0548
607 228 11.9904
617 228 11.9904
618 228 11.9904
619 228 11.6482
479 229 21.4362
480 229 21.4362
484 229 18.5185
488 229 21.4362
514 229 17.7148
515 229 17.7148
516 229 17.7148
533 229 16.9779
534 229 16.9779
535 229 16.9779
541 229 16.9779
542 229 16.9779
543 229 16.9779
544 229 16.2999
550 229 17.7148
551 229 16.9779
552 229 15.674
553 229 14.556
554 229 14.556
555 229 14.0548
556 229 14.0548
607 229 11.9904
618 229 11.6482
619 229 11.6482
10 230 29.0698
444 230 33.8983
445 230 33.8983
455 230 27.137
479 230 22.6244
480 230 22.6244
488 230 21.4362
515 230 17.7148
528 230 16.9779
534 230 16.9779
535 230 16.9779
542 230 16.9779
543 230 16.9779
554 230 14.556
555 230 14.0548
606 230 11.9904
607 230 11.9904
618 230 11.6482
619 230 11.6482
620 230 11.6482
10 231 29.0698
11 231 29.0698
15 231 31.2989
24 231 31.2989
42 231 31.2989
455 231 27.137
479 231 22.6244
480 231 22.6244
528 231 16.9779
534 231 16.9779
535 231 16.9779
606 231 11.9904
607 231 11.9904
617 231 11.9904
618 231 11.6482
619 231 11.6482
620 231 11.6482
40 232 31.2989
41 232 31.2989
545 232 16.2999
546 232 16.2999
558 232 15.0943
560 232 14.0548
561 232 14.0548
562 232 14.0548
619 232 11.6482
620 232 11.6482
621 232 11.6482
622 232 11.325
496 233 19.3986
535 233 16.2999
536 233 16.2999
545 233 16.2999
546 233 16.2999
547 233 16.2999
561 233 14.0548
132 234 7.03235
145 234 7.15564
495 234 19.3986
496 234 19.3986
536 234 16.2999
537 234 16.2999
10 235 29.0698
11 235 29.0698
98 235 36.9686
131 235 7.03235
132 235 7.03235
465 235 23.9521
528 235 16.9779
535 235 16.2999
536 235 16.2999
537 235 16.2999
3 236 33.8983
10 236 29.0698
97 236 36.9686
101 236 33.8983
131 236 7.03235
132 236 7.03235
145 236 7.15564
464 236 25.4453
465 236 25.4453
469 236 25.4453
535 236 16.2999
536 236 16.2999
545 236 15.674
131 237 7.03235
132 237 7.03235
144 237 7.15564
145 237 7.15564
464 237 25.4453
465 237 25.4453
470 237 25.4453
524 237 15.0943
544 237 15.674
145 238 7.15564
465 238 25.4453
519 238 17.7148
520 238 17.7148
525 238 15.0943
543 238 15.674
544 238 15.674
607 238 11.9904
608 238 11.9904
609 238 11.9904
631 238 11.6482
632 238 11.6482
145 239 7.15564
519 239 17.7148
520 239 17.7148
543 239 15.674
544 239 15.674
552 239 14.556
608 239 11.9904
632 239 11.6482
633 239 11.6482
551 240 14.556
552 240 14.556
608 240 11.9904
632 240 11.6482
633 240 11.6482
608 241 11.9904
609 241 11.9904
541 242 18.5185
542 242 18.5185
548 242 14.556
549 242 14.556
635 242 11.6482
636 242 11.6482
637 242 11.6482
145 243 7.15564
524 243 16.9779
525 243 16.9779
549 243 14.556
550 243 14.556
554 243 12.7389
635 243 11.6482
636 243 11.6482
637 243 11.6482
144 244 7.15564
145 244 7.15564
524 244 16.9779
525 244 16.9779
526 244 16.9779
550 244 14.556
637 244 11.6482
145 245 7.15564
525 245 16.9779
526 245 16.9779
550 245 14.556
637 245 11.6482
145 246 7.15564
551 246 14.556
637 246 11.6482
132 247 7.15564
145 247 7.15564
496 247 20.3666
497 247 19.3986
498 247 19.3986
499 247 19.3986
503 247 19.3986
525 247 16.9779
526 247 16.9779
550 247 14.556
551 247 14.556
552 247 14.556
637 247 11.6482
145 248 7.15564
497 248 19.3986
498 248 19.3986
499 248 19.3986
503 248 19.3986
504 248 19.3986
525 248 16.9779
526 248 16.9779
550 248 14.556
551 248 14.556
552 248 14.556
145 249 7.15564
497 249 19.3986
498 249 19.3986
525 249 16.9779
526 249 16.9779
582 249 17.7148
589 249 12.7389
590 249 12.7389
591 249 12.7389
592 249 12.3533
144 250 7.15564
145 250 7.15564
519 250 17.7148
520 250 17.7148
546 250 15.0943
547 250 15.0943
589 250 12.7389
590 250 12.7389
591 250 12.7389
596 250 12.3533
597 250 11.9904
145 251 7.15564
519 251 17.7148
520 251 17.7148
552 251 14.556
588 251 12.7389
589 251 12.7389
590 251 12.7389
598 251 11.9904
599 251 11.9904
627 251 11.325
628 251 11.325
629 251 11.325
132 252 7.03235
145 252 7.15564
539 252 15.0943
552 252 14.556
553 252 14.556
589 252 12.7389
590 252 12.7389
598 252 11.9904
599 252 11.9904
600 252 11.9904
145 253 7.15564
552 253 14.556
553 253 14.556
587 253 12.7389
588 253 12.7389
589 253 12.7389
145 254 7.15564
523 254 16.9779
524 254 16.9779
525 254 16.9779
552 254 14.556
553 254 14.556
587 254 12.7389
588 254 12.7389
589 254 12.7389
600 254 11.9904
601 254 11.9904
145 255 7.15564
552 255 14.556
553 255 14.556
588 255 12.7389
145 256 7.15564
553 256 14.556
587 256 12.7389
588 256 12.7389
601 256 11.9904
602 256 11.9904
145 257 7.15564
553 257 14.556
132 258 7.03235
145 258 7.15564
586 258 12.7389
587 258 12.7389
588 258 12.7389
602 258 11.9904
603 258 11.9904
145 259 7.15564
540 259 15.0943
541 259 15.0943
542 259 15.0943
585 259 13.1492
586 259 12.7389
587 259 12.7389
588 259 12.7389
145 260 7.15564
541 260 15.0943
542 260 15.0943
585 260 13.1492
586 260 12.7389
587 260 12.7389
588 260 12.7389
603 260 11.9904
145 261 7.15564
541 261 15.0943
542 261 15.0943
543 261 15.0943
587 261 12.7389
588 261 12.7389
603 261 11.9904
604 261 11.9904
144 262 7.15564
145 262 7.15564
588 262 12.7389
603 262 11.9904
145 263 7.15564
543 263 15.0943
544 263 14.556
545 263 14.556
587 263 12.7389
588 263 12.7389
604 263 11.9904
132 264 7.15564
145 264 7.15564
417 264 16.2999
418 264 16.2999
543 264 15.0943
544 264 14.556
545 264 14.556
546 264 14.556
587 264 12.7389
588 264 12.7389
604 264 11.9904
605 264 11.9904
132 265 7.15564
145 265 7.15564
588 265 12.7389
604 265 11.9904
145 266 7.15564
605 266 11.9904
606 266 11.9904
88 267 17.7148
145 267 7.15564
605 267 11.9904
606 267 11.9904
619 267 11.9904
620 267 11.6482
621 267 11.6482
622 267 11.6482
145 268 7.15564
597 268 12.3533
598 268 12.3533
617 268 11.9904
618 268 11.9904
619 268 11.9904
145 269 7.15564
596 269 12.3533
597 269 12.3533
598 269 12.3533
616 269 11.9904
617 269 11.9904
618 269 11.9904
145 270 7.15564
596 270 12.3533
597 270 12.3533
145 271 7.15564
591 271 12.3533
592 271 12.3533
593 271 12.3533
145 272 7.15564
145 273 7.15564
599 275 12.3533
600 275 11.9904
601 275 11.9904
597 276 12.3533
598 276 12.3533
599 276 12.3533
591 277 12.7389
592 277 12.7389
132 279 7.15564
615 281 11.6482
123 283 11.0193
132 283 7.03235
132 284 7.03235
132 285 7.03235
190 285 10.4548
132 286 7.03235
189 286 10.4548
190 286 10.4548
94 287 10.4548
132 287 7.03235
164 287 10.1937
190 287 10.4548
132 288 7.03235
166 288 10.1937
132 289 7.03235
104 290 10.1937
107 290 10.1937
122 290 9.9453
132 290 7.03235
177 290 9.48317
178 290 9.48317
182 290 9.70874
132 291 7.03235
131 292 7.03235
132 292 7.03235
107 293 9.48317
131 293 7.03235
132 293 7.03235
182 293 9.48317
131 294 7.03235
72 295 9.26784
73 295 9.26784
131 295 7.03235
72 296 9.26784
168 296 9.26784
230 296 9.70874
145 297 7.15564
168 297 9.26784
169 297 9.26784
145 298 7.15564
172 298 9.06207
72 299 8.86525
127 299 8.86525
145 299 7.15564
35 300 8.67679
145 300 7.15564
35 301 8.67679
36 301 8.67679
124 301 8.49618
160 302 8.67679
66 303 8.49618
154 303 8.32293
155 303 8.32293
54 304 8.49618
61 304 8.49618
65 304 8.49618
67 304 8.49618
74 304 8.49618
154 304 8.32293
155 304 8.32293
156 304 8.32293
74 305 8.49618
77 305 8.15661
175 305 8.15661
467 305 9.48317
471 305 9.26784
472 305 9.26784
473 305 9.26784
90 306 8.32293
175 306 8.15661
176 306 8.15661
465 306 9.48317
466 306 9.48317
467 306 9.48317
470 306 9.26784
471 306 9.26784
472 306 9.26784
473 306 9.26784
474 306 9.06207
96 307 7.9968
107 307 8.15661
175 307 8.15661
176 307 8.15661
102 308 8.15661
103 308 8.15661
107 308 8.15661
34 309 7.84314
102 309 8.15661
103 309 8.15661
104 309 8.15661
189 309 7.9968
34 310 7.84314
104 310 8.15661
179 310 8.15661
180 310 8.15661
187 310 7.9968
188 310 7.9968
153 311 7.9968
154 311 7.9968
155 311 7.9968
37 312 7.84314
53 312 7.84314
69 312 7.69527
146 312 7.15564
149 312 7.9968
150 312 7.84314
155 312 7.9968
156 312 7.9968
14 313 7.69527
15 313 7.69527
28 313 7.84314
29 313 7.84314
102 313 7.84314
103 313 7.84314
149 313 7.9968
150 313 7.84314
151 313 7.9968
152 313 7.9968
12 314 7.55287
15 314 7.69527
49 314 7.55287
69 314 7.69527
73 314 7.41565
150 314 7.84314
307 314 8.86525
11 315 7.55287
12 315 7.55287
71 315 7.41565
72 315 7.41565
78 315 7.55287
107 315 7.41565
308 315 8.86525
11 316 7.55287
36 316 7.41565
37 316 7.41565
38 316 7.41565
68 316 7.28332
72 316 7.41565
73 316 7.41565
103 316 7.41565
107 316 7.41565
31 317 7.55287
47 317 7.41565
61 317 7.28332
68 317 7.28332
73 317 7.28332
103 317 7.41565
194 317 7.69527
195 317 7.69527
196 317 7.69527
45 318 7.41565
46 318 7.41565
52 318 7.28332
53 318 7.55287
149 318 7.41565
193 318 7.69527
19 319 7.41565
20 319 7.41565
45 319 7.41565
50 319 7.55287
52 319 7.28332
53 319 7.55287
192 319 7.55287
193 319 7.69527
194 319 7.69527
50 320 7.55287
165 320 7.41565
164 321 7.41565
166 321 7.41565
60 322 6.7981
110 322 7.15564
166 322 7.41565
58 323 6.7981
60 323 6.7981
102 323 7.15564
160 323 7.15564
161 323 7.15564
60 324 6.7981
61 324 6.7981
147 324 7.03235
160 324 7.15564
161 324 7.15564
162 324 7.15564
47 325 6.7981
56 325 6.7981
76 325 7.03235
107 325 6.91324
162 325 7.15564
56 326 6.7981
60 326 6.7981
76 326 7.03235
108 326 6.91324
188 326 7.15564
189 326 7.15564
188 327 7.15564
189 327 7.15564
190 327 7.15564
21 328 6.7981
56 328 6.7981
45 330 6.68673
138 330 6.47459
145 330 6.68673
45 331 6.68673
46 331 6.68673
136 331 6.47459
138 331 6.47459
139 331 6.47459
145 331 6.68673
146 331 6.68673
147 331 6.68673
181 331 6.7981
182 331 6.7981
183 331 6.7981
46 332 6.68673
47 332 6.68673
134 332 6.7981
146 332 6.68673
147 332 6.68673
201 332 7.15564
51 333 6.57895
104 333 6.57895
132 333 6.47459
134 333 6.68673
130 334 6.47459
199 334 7.15564
200 334 7.15564
129 335 6.47459
130 335 6.47459
134 335 6.37349
136 335 6.37349
137 335 6.37349
39 336 6.27549
41 336 6.27549
42 336 6.57895
129 336 6.47459
137 336 6.37349
38 337 6.27549
39 337 6.27549
43 337 6.57895
44 337 6.27549
79 337 6.08828
132 337 6.37349
133 337 6.27549
62 338 6.27549
79 338 6.08828
132 338 6.27549
133 338 6.27549
134 338 6.27549
141 338 6.7981
134 339 6.27549
135 339 6.27549
26 340 6.08828
90 340 6.18047
91 340 6.18047
137 340 6.18047
24 341 6.08828
26 341 6.08828
27 341 6.27549
92 341 6.18047
128 341 6.37349
131 341 6.18047
132 341 6.18047
137 341 6.18047
23 342 5.9988
24 342 6.08828
69 342 5.9988
128 342 6.37349
131 342 6.18047
167 342 6.37349
23 343 5.9988
67 343 5.9988
69 343 5.9988
70 343 5.9988
72 343 6.08828
120 343 6.08828
64 344 5.91191
65 344 5.91191
63 345 5.91191
64 345 5.91191
65 345 5.91191
107 345 5.91191
108 345 5.91191
118 345 6.08828
525 345 6.7981
526 345 6.7981
527 345 6.68673
528 345 6.57895
14 346 5.82751
63 346 5.91191
64 346 5.91191
65 346 5.91191
66 346 5.91191
67 346 5.91191
105 346 5.9988
109 346 5.91191
116 346 5.82751
118 346 6.08828
120 346 5.82751
122 346 6.08828
519 346 6.57895
520 346 6.57895
529 346 6.47459
530 346 6.47459
531 346 6.37349
27 347 5.82751
66 347 5.91191
100 347 5.91191
101 347 5.91191
104 347 5.91191
107 347 5.91191
109 347 5.91191
22 348 5.82751
23 348 5.91191
99 348 5.91191
100 348 5.91191
101 348 5.91191
102 348 5.91191
103 348 5.91191
104 348 5.91191
115 348 6.08828
134 348 5.74548
21 349 5.82751
22 349 5.82751
23 349 5.82751
141 349 5.82751
142 349 5.82751
20 350 5.74548
21 350 5.82751
139 350 5.82751
24 351 5.82751
64 351 5.66572
101 351 5.66572
127 351 5.74548
139 351 5.82751
140 351 5.82751
85 352 5.58815
86 352 5.58815
101 352 5.66572
139 352 5.82751
109 354 5.58815
54 355 5.43922
13 356 5.51268
14 356 5.51268
30 356 5.51268
32 356 5.51268
68 357 5.43922
108 358 5.43922
119 358 5.43922
120 359 5.43922
120 360 5.43922
120 361 5.43922
121 361 5.43922
80 362 5.16396
120 362 5.43922
121 362 5.43922
122 362 5.43922
133 362 5.43922
33 363 5.16396
51 363 5.16396
27 364 5.16396
52 364 5.09944
53 364 5.09944
54 364 5.09944
84 364 5.29801
112 364 5.36769
113 364 5.36769
27 365 5.16396
49 365 5.03651
50 365 5.03651
53 365 5.03651
54 365 5.09944
56 365 5.09944
81 365 5.36769
84 365 5.29801
92 365 5.23013
115 365 5.29801
11 366 4.97512
12 366 4.97512
14 366 4.97512
49 366 5.03651
50 366 5.03651
51 366 5.03651
52 366 5.03651
115 366 5.23013
116 366 5.23013
11 367 4.97512
12 367 4.97512
15 367 4.97512
51 367 5.03651
52 367 5.03651
78 367 5.03651
99 367 5.09944
100 367 5.09944
120 367 5.36769
135 367 5.43922
136 367 5.43922
138 367 5.29801
144 367 5.29801
15 368 4.97512
51 368 5.03651
52 368 5.03651
53 368 5.03651
77 368 5.03651
78 368 5.03651
99 368 5.09944
100 368 5.09944
112 368 5.09944
113 368 5.16396
114 368 5.16396
138 368 5.29801
139 368 5.29801
140 368 5.29801
50 369 5.03651
127 369 5.23013
26 370 4.91521
91 370 5.03651
26 371 4.91521
107 371 5.09944
122 372 5.09944
39 373 4.85673
80 373 4.97512
121 373 5.03651
122 373 5.03651
123 373 5.03651
3 374 4.74383
80 374 4.97512
122 374 5.03651
123 374 5.03651
3 375 4.74383
34 375 4.79962
62 375 4.68933
92 375 4.91521
122 375 5.03651
34 376 4.74383
35 376 4.74383
34 377 4.74383
73 377 5.66572
33 378 4.74383
72 378 5.66572
80 378 4.79962
81 378 4.79962
82 378 4.79962
5 379 4.63607
40 379 4.79962
81 379 4.79962
82 379 4.79962
5 380 4.584
41 380 4.79962
66 380 4.91521
78 380 4.79962
79 380 4.79962
80 380 4.79962
81 380 4.79962
4 381 4.584
5 381 4.584
26 381 4.4833
36 381 4.584
63 381 4.68933
77 381 4.74383
78 381 4.74383
79 381 4.74383
113 381 4.79962
4 382 4.584
10 382 4.53309
26 382 4.4833
27 382 4.4833
35 382 4.584
36 382 4.584
63 382 4.68933
64 382 4.68933
77 382 4.74383
25 383 4.4833
26 383 4.4833
27 383 4.4833
28 383 4.53309
35 383 4.584
36 383 4.584
37 383 4.584
63 383 4.68933
105 383 4.74383
228 383 5.16396
229 383 5.16396
10 384 4.53309
62 384 4.68933
63 384 4.68933
105 384 4.74383
140 384 5.03651
141 384 5.03651
142 384 5.03651
141 385 5.03651
142 385 5.03651
105 386 4.74383
139 386 4.97512
140 386 4.97512
141 386 5.03651
138 387 4.97512
139 387 4.97512
45 388 4.38693
46 388 4.4833
138 388 4.97512
11 389 4.34028
72 389 4.53309
11 390 4.34028
43 390 4.4833
11 391 4.34028
58 391 4.38693
8 392 4.29461
25 393 4.38693
50 393 4.29461
93 393 4.53309
95 393 4.68933
25 394 4.38693
40 394 4.24989
91 394 4.68933
22 395 4.2061
32 395 4.2061
35 395 4.2061
40 395 4.24989
46 395 4.38693
53 395 4.38693
22 396 4.2061
32 396 4.1632
36 396 4.38693
53 396 4.38693
54 396 4.38693
32 397 4.1632
33 397 4.2061
51 397 4.38693
87 397 4.38693
31 398 4.1632
42 398 4.29461
86 398 4.38693
87 398 4.38693
88 398 4.38693
42 399 4.29461
548 400 4.584
38 401 4.1632
82 401 4.29461
545 401 4.63607
546 401 4.584
547 401 4.584
548 401 4.584
37 402 4.1632
82 402 4.29461
83 402 4.29461
547 402 4.584
129 403 4.584
130 403 4.584
77 404 4.24989
124 404 4.85673
127 404 4.584
128 404 4.584
129 404 4.584
130 404 4.584
153 404 4.53309
77 405 4.24989
78 405 4.24989
127 405 4.584
153 405 4.53309
20 406 4.03959
151 406 4.4833
152 406 4.4833
153 406 4.53309
409 406 4.4833
116 407 4.4833
151 407 4.4833
544 407 4.4833
545 407 4.4833
114 408 4.43459
150 408 4.4833
113 409 4.43459
114 409 4.43459
50 410 4.03959
113 410 4.43459
114 410 4.43459
217 410 4.38693
548 410 4.34028
48 411 4.03959
49 411 4.03959
50 411 4.03959
51 411 4.03959
14 412 4.03959
27 412 4.03959
28 412 4.03959
546 412 4.34028
27 413 4.03959
28 413 4.03959
100 413 4.29461
102 413 4.34028
83 414 4.12116
84 414 4.12116
99 415 4.29461
100 415 4.29461
101 415 4.29461
49 417 4.03959
155 421 4.2061
156 421 4.2061
201 427 4.07997
202 427 4.07997
36 431 4.03959
78 431 4.1632
34 432 4.03959
44 432 4.03959
389 432 4.03959
42 433 4.03959
74 433 4.03959
74 434 4.03959
76 435 4.03959
