14 3 4.2061
92 3 29.0698
103 3 31.2989
104 3 31.2989
108 3 31.2989
128 3 31.2989
129 3 31.2989
621 3 16.2999
622 3 15.674
623 3 15.674
630 3 14.556
632 3 13.587
14 4 4.2061
92 4 29.0698
107 4 31.2989
108 4 31.2989
128 4 31.2989
524 4 23.9521
616 4 15.0943
617 4 15.0943
618 4 15.0943
624 4 15.674
628 4 15.674
629 4 15.674
630 4 15.0943
631 4 15.0943
636 4 13.1492
14 5 4.2061
15 5 4.2061
118 5 31.2989
128 5 31.2989
523 5 23.9521
524 5 23.9521
615 5 15.674
616 5 15.0943
617 5 15.0943
627 5 16.2999
628 5 15.674
629 5 15.674
630 5 15.0943
634 5 13.587
635 5 13.587
13 6 4.2061
14 6 4.2061
92 6 31.2989
107 6 31.2989
117 6 31.2989
118 6 31.2989
127 6 31.2989
128 6 31.2989
537 6 23.9521
618 6 15.0943
619 6 15.0943
626 6 16.2999
627 6 16.2999
628 6 15.674
634 6 13.587
14 7 4.2061
15 7 4.2061
89 7 31.2989
92 7 31.2989
117 7 31.2989
127 7 31.2989
513 7 25.4453
514 7 25.4453
540 7 22.6244
617 7 15.0943
618 7 15.0943
619 7 15.0943
625 7 16.9779
14 8 4.2061
15 8 4.2061
120 8 31.2989
618 8 15.0943
632 8 15.0943
13 9 4.2061
14 9 4.2061
594 9 200
617 9 15.674
618 9 15.0943
619 9 15.0943
620 9 15.0943
13 10 4.24989
14 10 4.24989
15 10 4.24989
129 10 31.2989
515 10 23.9521
542 10 23.9521
617 10 15.674
618 10 15.674
619 10 15.674
620 10 15.0943
635 10 15.0943
14 11 4.2061
15 11 4.2061
87 11 31.2989
98 11 31.2989
539 11 23.9521
617 11 15.674
618 11 15.674
619 11 15.674
14 12 4.2061
15 12 4.2061
97 12 31.2989
98 12 31.2989
116 12 31.2989
117 12 31.2989
125 12 33.8983
129 12 31.2989
516 12 23.9521
517 12 23.9521
539 12 23.9521
636 12 15.0943
637 12 15.0943
14 13 4.24989
15 13 4.24989
97 13 31.2989
98 13 31.2989
116 13 31.2989
117 13 31.2989
125 13 33.8983
128 13 33.8983
129 13 33.8983
517 13 23.9521
518 13 23.9521
634 13 16.2999
635 13 16.2999
636 13 15.0943
637 13 15.0943
14 14 4.2061
15 14 4.2061
116 14 31.2989
129 14 31.2989
516 14 23.9521
517 14 23.9521
518 14 23.9521
616 14 15.0943
618 14 15.0943
623 14 13.587
633 14 16.2999
634 14 16.2999
635 14 16.2999
14 15 4.2061
15 15 4.2061
616 15 15.0943
617 15 15.0943
618 15 15.0943
622 15 13.587
632 15 16.9779
633 15 16.2999
14 16 4.2061
15 16 4.2061
101 16 31.2989
102 16 31.2989
122 16 31.2989
126 16 31.2989
127 16 31.2989
616 16 15.0943
617 16 15.0943
618 16 15.0943
621 16 13.587
14 17 4.2061
15 17 4.2061
88 17 31.2989
113 17 33.8983
125 17 31.2989
126 17 31.2989
127 17 31.2989
616 17 15.0943
617 17 15.0943
620 17 14.556
14 18 4.2061
15 18 4.2061
112 18 33.8983
125 18 31.2989
518 18 25.4453
519 18 25.4453
619 18 15.0943
637 18 16.2999
14 19 4.24989
15 19 4.24989
108 19 33.8983
124 19 31.2989
125 19 31.2989
539 19 23.9521
622 19 15.0943
623 19 15.0943
637 19 16.2999
14 20 4.24989
15 20 4.24989
96 20 31.2989
124 20 31.2989
125 20 31.2989
519 20 25.4453
520 20 25.4453
541 20 23.9521
542 20 23.9521
621 20 15.674
622 20 15.0943
623 20 15.0943
14 21 4.24989
15 21 4.24989
106 21 33.8983
114 21 31.2989
124 21 31.2989
514 21 23.9521
616 21 15.0943
617 21 15.0943
618 21 15.674
620 21 15.674
621 21 15.674
622 21 15.0943
623 21 15.0943
624 21 15.0943
14 22 4.24989
15 22 4.24989
96 22 31.2989
113 22 31.2989
114 22 31.2989
124 22 31.2989
613 22 19.3986
617 22 15.0943
618 22 15.674
620 22 15.674
14 23 4.24989
15 23 4.24989
98 23 31.2989
120 23 31.2989
121 23 31.2989
514 23 23.9521
617 23 15.0943
618 23 15.674
14 24 4.24989
15 24 4.24989
91 24 31.2989
98 24 31.2989
122 24 31.2989
514 24 25.4453
589 24 200
628 24 15.0943
14 25 4.24989
15 25 4.24989
107 25 31.2989
613 25 15.674
614 25 15.674
627 25 15.0943
14 26 4.24989
15 26 4.24989
90 26 31.2989
614 26 15.674
615 26 15.674
14 27 4.24989
15 27 4.24989
90 27 31.2989
122 27 29.0698
523 27 23.9521
540 27 23.9521
614 27 15.674
615 27 15.674
14 28 4.24989
15 28 4.24989
120 28 31.2989
121 28 31.2989
614 28 15.674
615 28 15.674
616 28 15.674
15 29 4.24989
516 29 25.4453
518 29 25.4453
519 29 23.9521
541 29 23.9521
613 29 16.2999
614 29 15.674
616 29 15.674
619 29 14.556
620 29 14.556
621 29 14.556
15 30 4.29461
119 30 31.2989
516 30 25.4453
517 30 25.4453
518 30 25.4453
519 30 23.9521
520 30 23.9521
616 30 15.674
617 30 15.674
619 30 14.556
620 30 14.556
15 31 4.29461
119 31 31.2989
120 31 31.2989
15 32 4.29461
119 32 31.2989
120 32 31.2989
619 32 15.0943
620 32 15.0943
621 32 15.0943
623 32 15.0943
15 33 4.29461
112 33 31.2989
113 33 31.2989
119 33 31.2989
120 33 31.2989
619 33 15.674
620 33 15.674
621 33 15.0943
15 34 4.29461
87 34 31.2989
112 34 31.2989
119 34 31.2989
120 34 31.2989
610 34 15.674
620 34 15.0943
621 34 15.0943
87 35 31.2989
93 35 29.0698
119 35 31.2989
609 35 15.674
610 35 15.674
612 35 15.674
87 36 31.2989
111 36 31.2989
119 36 31.2989
519 36 27.137
535 36 23.9521
611 36 15.674
613 36 15.0943
622 36 15.0943
629 36 14.0548
630 36 14.0548
637 36 17.7148
15 37 4.29461
110 37 31.2989
613 37 15.0943
15 38 4.29461
110 38 31.2989
120 38 31.2989
131 38 33.8983
537 38 23.9521
553 38 36.9686
15 39 4.29461
109 39 31.2989
120 39 31.2989
131 39 33.8983
610 39 15.674
611 39 15.674
612 39 15.674
613 39 15.674
15 40 4.29461
93 40 29.0698
119 40 31.2989
120 40 31.2989
124 40 31.2989
611 40 15.674
612 40 15.674
613 40 15.674
15 41 4.29461
93 41 31.2989
109 41 31.2989
120 41 31.2989
520 41 25.4453
521 41 25.4453
619 41 15.674
620 41 15.674
93 42 31.2989
98 42 31.2989
124 42 31.2989
95 43 31.2989
98 43 33.8983
123 43 31.2989
512 43 23.9521
524 43 25.4453
541 43 22.6244
611 43 15.0943
612 43 15.0943
613 43 15.0943
614 43 15.0943
15 44 4.29461
100 44 33.8983
123 44 31.2989
523 44 25.4453
611 44 15.0943
613 44 15.0943
614 44 14.556
617 44 14.0548
618 44 13.587
15 45 4.29461
100 45 33.8983
120 45 31.2989
122 45 31.2989
123 45 31.2989
612 45 15.0943
613 45 15.0943
616 45 14.556
617 45 14.0548
15 46 4.29461
120 46 31.2989
123 46 31.2989
614 46 15.0943
615 46 15.0943
616 46 14.556
15 47 4.29461
325 47 31.2989
513 47 23.9521
514 47 23.9521
523 47 23.9521
524 47 23.9521
539 47 23.9521
540 47 23.9521
541 47 23.9521
613 47 15.0943
614 47 15.0943
618 47 14.0548
93 48 31.2989
319 48 31.2989
322 48 31.2989
323 48 31.2989
324 48 31.2989
325 48 31.2989
512 48 23.9521
513 48 23.9521
617 48 14.556
15 49 4.29461
25 49 31.2989
26 49 31.2989
88 49 31.2989
195 49 45.1467
282 49 33.8983
285 49 33.8983
317 49 31.2989
318 49 31.2989
522 49 25.4453
7 50 29.0698
15 50 4.24989
177 50 45.1467
280 50 33.8983
281 50 33.8983
284 50 29.0698
315 50 33.8983
316 50 31.2989
515 50 23.9521
522 50 25.4453
607 50 15.674
612 50 15.0943
613 50 15.0943
614 50 15.0943
615 50 15.0943
616 50 15.0943
15 51 4.24989
33 51 31.2989
280 51 33.8983
313 51 33.8983
314 51 33.8983
514 51 23.9521
607 51 15.674
608 51 15.674
614 51 15.0943
615 51 15.0943
622 51 15.674
623 51 15.674
624 51 15.0943
625 51 15.0943
626 51 15.0943
26 52 29.0698
126 52 31.2989
127 52 31.2989
312 52 33.8983
313 52 33.8983
607 52 15.674
608 52 15.674
621 52 16.2999
622 52 15.674
624 52 15.0943
5 53 29.0698
15 53 4.29461
21 53 29.0698
25 53 29.0698
126 53 31.2989
127 53 31.2989
615 53 15.0943
616 53 15.0943
9 54 29.0698
15 54 4.29461
21 54 29.0698
25 54 29.0698
117 54 31.2989
126 54 31.2989
127 54 31.2989
514 54 25.4453
515 54 25.4453
613 54 15.674
614 54 15.674
615 54 15.674
616 54 15.0943
9 55 29.0698
10 55 29.0698
25 55 29.0698
30 55 31.2989
117 55 31.2989
126 55 31.2989
127 55 31.2989
514 55 25.4453
615 55 15.674
625 55 15.674
108 56 31.2989
117 56 31.2989
126 56 33.8983
176 56 45.1467
515 56 25.4453
608 56 15.674
616 56 15.674
34 57 31.2989
90 57 29.0698
125 57 33.8983
126 57 33.8983
608 57 15.674
609 57 15.674
610 57 15.674
15 58 4.24989
34 58 31.2989
508 58 25.4453
553 58 36.9686
607 58 16.2999
608 58 16.2999
609 58 15.674
3 59 29.0698
21 59 29.0698
33 59 31.2989
109 59 31.2989
110 59 31.2989
111 59 31.2989
609 59 16.2999
610 59 15.674
612 59 15.674
613 59 15.674
21 60 29.0698
110 60 31.2989
116 60 31.2989
122 60 31.2989
130 60 33.8983
539 60 23.9521
610 60 15.674
611 60 15.674
612 60 15.674
613 60 15.674
619 60 15.0943
20 61 29.0698
32 61 31.2989
116 61 31.2989
122 61 31.2989
611 61 15.674
612 61 15.674
613 61 15.674
614 61 15.674
619 61 15.0943
620 61 15.0943
5 62 29.0698
6 62 29.0698
29 62 31.2989
96 62 29.0698
121 62 31.2989
122 62 31.2989
129 62 31.2989
509 62 25.4453
510 62 25.4453
612 62 15.674
613 62 15.674
615 62 15.674
619 62 15.0943
620 62 15.0943
622 62 15.0943
5 63 29.0698
6 63 29.0698
15 63 4.24989
121 63 31.2989
122 63 31.2989
129 63 31.2989
505 63 23.9521
614 63 15.674
615 63 15.674
616 63 15.674
620 63 15.0943
621 63 15.0943
622 63 15.0943
15 64 4.24989
121 64 31.2989
129 64 31.2989
615 64 15.674
620 64 15.0943
621 64 15.0943
91 65 31.2989
121 65 31.2989
128 65 31.2989
129 65 31.2989
626 65 15.674
627 65 14.556
23 66 31.2989
42 66 31.2989
90 66 31.2989
91 66 31.2989
128 66 31.2989
553 66 36.9686
617 66 15.674
618 66 15.674
619 66 15.674
620 66 15.674
22 67 31.2989
23 67 31.2989
42 67 31.2989
98 67 29.0698
128 67 31.2989
619 67 15.674
629 67 14.556
15 68 4.24989
23 68 31.2989
32 68 31.2989
98 68 29.0698
122 68 31.2989
128 68 31.2989
506 68 23.9521
507 68 23.9521
508 68 23.9521
629 68 14.556
630 68 14.556
634 68 14.556
635 68 14.556
9 69 29.0698
15 69 4.24989
23 69 31.2989
31 69 31.2989
39 69 31.2989
100 69 29.0698
120 69 31.2989
128 69 33.8983
176 69 45.1467
619 69 15.0943
633 69 14.556
634 69 14.556
635 69 14.556
7 70 29.0698
8 70 29.0698
22 70 31.2989
31 70 31.2989
120 70 31.2989
128 70 33.8983
175 70 45.1467
618 70 15.0943
619 70 15.0943
626 70 14.0548
634 70 14.556
31 71 31.2989
119 71 31.2989
511 71 23.9521
619 71 15.0943
620 71 15.0943
4 72 29.0698
7 72 29.0698
15 72 4.24989
16 72 4.24989
87 72 31.2989
99 72 31.2989
118 72 31.2989
119 72 31.2989
505 72 25.4453
506 72 25.4453
507 72 25.4453
508 72 25.4453
510 72 22.6244
552 72 36.9686
553 72 36.9686
4 73 29.0698
11 73 29.0698
15 73 4.24989
16 73 4.24989
27 73 31.2989
93 73 29.0698
126 73 31.2989
127 73 31.2989
128 73 31.2989
204 73 45.1467
506 73 25.4453
507 73 25.4453
539 73 23.9521
552 73 36.9686
4 74 29.0698
15 74 4.24989
19 74 29.0698
45 74 31.2989
46 74 31.2989
102 74 29.0698
118 74 31.2989
126 74 31.2989
127 74 31.2989
344 74 45.1467
15 75 4.24989
16 75 4.24989
44 75 31.2989
45 75 31.2989
46 75 31.2989
118 75 31.2989
126 75 31.2989
188 75 45.1467
204 75 45.1467
618 75 15.674
7 76 27.137
15 76 4.24989
16 76 4.24989
43 76 31.2989
45 76 31.2989
126 76 31.2989
194 76 45.1467
204 76 45.1467
347 76 45.1467
619 76 15.674
620 76 15.674
6 77 27.137
7 77 27.137
16 77 4.24989
19 77 27.137
88 77 31.2989
194 77 45.1467
203 77 45.1467
204 77 45.1467
620 77 15.674
621 77 15.674
635 77 15.0943
15 78 4.24989
16 78 4.24989
21 78 27.137
44 78 31.2989
45 78 31.2989
113 78 31.2989
127 78 31.2989
128 78 31.2989
203 78 45.1467
509 78 25.4453
15 79 4.24989
16 79 4.24989
21 79 29.0698
40 79 31.2989
41 79 31.2989
42 79 31.2989
113 79 31.2989
127 79 31.2989
128 79 31.2989
203 79 45.1467
461 79 40.6504
542 79 23.9521
16 80 4.24989
20 80 27.137
21 80 27.137
40 80 31.2989
41 80 31.2989
127 80 31.2989
549 80 36.9686
553 80 36.9686
622 80 15.674
16 81 4.24989
21 81 29.0698
30 81 29.0698
31 81 29.0698
38 81 29.0698
100 81 31.2989
119 81 31.2989
123 81 31.2989
127 81 33.8983
553 81 36.9686
619 81 16.9779
621 81 16.2999
622 81 15.674
625 81 14.556
15 82 4.24989
16 82 4.24989
30 82 29.0698
37 82 29.0698
38 82 29.0698
50 82 29.0698
51 82 31.2989
99 82 31.2989
100 82 33.8983
123 82 31.2989
124 82 31.2989
550 82 36.9686
15 83 4.24989
16 83 4.24989
37 83 29.0698
45 83 31.2989
48 83 29.0698
122 83 31.2989
123 83 31.2989
188 83 40.6504
469 83 45.1467
470 83 45.1467
513 83 25.4453
540 83 23.9521
550 83 36.9686
15 84 4.24989
16 84 4.24989
44 84 31.2989
45 84 31.2989
102 84 33.8983
122 84 33.8983
123 84 33.8983
188 84 40.6504
196 84 45.1467
197 84 45.1467
203 84 45.1467
508 84 25.4453
509 84 25.4453
510 84 25.4453
540 84 23.9521
15 85 4.29461
16 85 4.29461
39 85 31.2989
42 85 31.2989
44 85 31.2989
87 85 31.2989
102 85 33.8983
202 85 45.1467
508 85 25.4453
509 85 25.4453
606 85 14.556
607 85 14.556
626 85 14.556
16 86 4.29461
29 86 29.0698
42 86 31.2989
87 86 31.2989
604 86 15.0943
605 86 14.556
606 86 14.556
621 86 15.674
622 86 15.674
623 86 15.674
624 86 15.0943
625 86 14.556
16 87 4.29461
55 87 31.2989
56 87 31.2989
85 87 31.2989
99 87 31.2989
182 87 50.7614
433 87 40.6504
434 87 40.6504
435 87 40.6504
540 87 23.9521
547 87 22.6244
618 87 15.0943
623 87 15.674
36 88 31.2989
37 88 31.2989
54 88 31.2989
55 88 31.2989
85 88 31.2989
126 88 29.0698
510 88 23.9521
610 88 15.0943
611 88 15.0943
617 88 15.0943
618 88 15.0943
12 89 29.0698
27 89 29.0698
36 89 31.2989
203 89 45.1467
350 89 50.7614
553 89 36.9686
590 89 57.971
591 89 57.971
592 89 57.971
617 89 15.0943
618 89 15.0943
622 89 15.674
631 89 15.674
16 90 4.24989
27 90 29.0698
30 90 29.0698
84 90 31.2989
85 90 31.2989
99 90 31.2989
202 90 45.1467
203 90 45.1467
509 90 23.9521
553 90 36.9686
622 90 15.674
629 90 16.2999
630 90 16.2999
631 90 15.674
633 90 15.674
635 90 15.0943
26 91 29.0698
27 91 29.0698
32 91 29.0698
99 91 31.2989
102 91 33.8983
128 91 31.2989
201 91 45.1467
622 91 15.674
16 92 4.24989
32 92 29.0698
41 92 29.0698
84 92 31.2989
102 92 33.8983
127 92 31.2989
128 92 31.2989
622 92 15.674
623 92 15.674
633 92 15.674
634 92 15.674
637 92 14.556
8 93 31.2989
16 93 4.24989
49 93 31.2989
127 93 31.2989
128 93 31.2989
622 93 15.674
623 93 15.674
632 93 15.674
633 93 15.674
634 93 15.674
636 93 15.0943
637 93 14.556
5 94 29.0698
8 94 31.2989
16 94 4.24989
20 94 31.2989
33 94 31.2989
34 94 31.2989
40 94 29.0698
48 94 31.2989
49 94 31.2989
58 94 31.2989
128 94 31.2989
505 94 23.9521
623 94 15.0943
637 94 14.556
5 95 29.0698
16 95 4.24989
19 95 31.2989
33 95 31.2989
39 95 29.0698
40 95 29.0698
45 95 31.2989
57 95 31.2989
58 95 31.2989
128 95 31.2989
367 95 50.7614
368 95 50.7614
637 95 15.0943
26 96 29.0698
32 96 31.2989
38 96 29.0698
55 96 31.2989
56 96 31.2989
57 96 31.2989
81 96 31.2989
128 96 31.2989
185 96 45.1467
508 96 25.4453
509 96 25.4453
18 97 29.0698
37 97 31.2989
55 97 31.2989
56 97 31.2989
127 97 31.2989
128 97 31.2989
508 97 25.4453
509 97 25.4453
552 97 40.6504
553 97 40.6504
5 98 29.0698
9 98 31.2989
16 98 29.0698
18 98 29.0698
97 98 31.2989
127 98 31.2989
128 98 31.2989
363 98 67.5676
509 98 25.4453
4 99 29.0698
5 99 29.0698
9 99 31.2989
34 99 31.2989
35 99 31.2989
51 99 31.2989
52 99 31.2989
97 99 31.2989
193 99 45.1467
197 99 45.1467
515 99 23.9521
5 100 29.0698
9 100 31.2989
29 100 31.2989
34 100 31.2989
40 100 31.2989
49 100 31.2989
51 100 31.2989
52 100 31.2989
124 100 31.2989
125 100 31.2989
128 100 31.2989
197 100 45.1467
202 100 45.1467
334 100 50.7614
511 100 23.9521
8 101 31.2989
9 101 31.2989
14 101 29.0698
30 101 31.2989
40 101 31.2989
47 101 31.2989
48 101 31.2989
92 101 31.2989
124 101 31.2989
191 101 45.1467
202 101 45.1467
512 101 23.9521
8 102 29.0698
19 102 29.0698
20 102 29.0698
39 102 31.2989
46 102 31.2989
47 102 31.2989
91 102 31.2989
92 102 31.2989
191 102 45.1467
202 102 45.1467
512 102 23.9521
611 102 45.1467
4 103 31.2989
8 103 29.0698
12 103 29.0698
14 103 29.0698
19 103 29.0698
36 103 31.2989
43 103 31.2989
128 103 31.2989
191 103 45.1467
201 103 45.1467
202 103 45.1467
512 103 23.9521
8 104 29.0698
12 104 29.0698
87 104 31.2989
101 104 31.2989
127 104 31.2989
128 104 31.2989
512 104 25.4453
513 104 25.4453
514 104 25.4453
8 105 29.0698
101 105 31.2989
127 105 31.2989
128 105 31.2989
513 105 25.4453
18 106 31.2989
103 106 31.2989
178 106 40.6504
201 106 45.1467
19 107 31.2989
36 107 29.0698
37 107 29.0698
54 107 31.2989
55 107 31.2989
68 107 29.0698
69 107 29.0698
88 107 29.0698
128 107 31.2989
201 107 40.6504
16 108 31.2989
51 108 31.2989
67 108 29.0698
68 108 29.0698
69 108 29.0698
128 108 31.2989
16 109 31.2989
33 109 31.2989
34 109 31.2989
51 109 31.2989
65 109 29.0698
66 109 29.0698
200 109 45.1467
4 110 31.2989
32 110 31.2989
33 110 31.2989
51 110 31.2989
65 110 29.0698
86 110 31.2989
128 110 31.2989
129 110 31.2989
200 110 45.1467
7 111 31.2989
16 111 29.0698
39 111 29.0698
40 111 29.0698
65 111 29.0698
66 111 29.0698
92 111 31.2989
128 111 31.2989
193 111 40.6504
200 111 45.1467
6 112 31.2989
16 112 29.0698
39 112 29.0698
62 112 31.2989
66 112 31.2989
92 112 31.2989
128 112 31.2989
192 112 40.6504
193 112 40.6504
18 113 29.0698
19 113 29.0698
51 113 29.0698
52 113 29.0698
61 113 31.2989
66 113 31.2989
128 113 31.2989
6 114 31.2989
15 114 29.0698
18 114 29.0698
19 114 29.0698
22 114 29.0698
39 114 29.0698
40 114 29.0698
47 114 31.2989
61 114 31.2989
66 114 31.2989
136 114 31.2989
204 114 40.6504
5 115 31.2989
6 115 31.2989
15 115 31.2989
18 115 29.0698
22 115 29.0698
46 115 31.2989
127 115 31.2989
136 115 31.2989
5 116 31.2989
6 116 31.2989
43 116 31.2989
46 116 31.2989
60 116 31.2989
136 116 31.2989
29 117 29.0698
36 117 29.0698
136 117 31.2989
203 117 45.1467
611 117 45.1467
25 118 31.2989
29 118 29.0698
30 118 29.0698
93 118 31.2989
28 119 29.0698
37 119 29.0698
40 119 29.0698
60 119 31.2989
135 119 31.2989
136 119 31.2989
202 119 45.1467
6 120 29.0698
37 120 29.0698
38 120 29.0698
58 120 31.2989
59 120 31.2989
60 120 31.2989
67 120 33.8983
143 120 101.01
144 120 101.01
234 120 57.971
6 121 29.0698
12 121 29.0698
13 121 29.0698
17 121 29.0698
56 121 31.2989
57 121 31.2989
67 121 33.8983
91 121 31.2989
13 122 29.0698
24 122 31.2989
36 122 31.2989
37 122 31.2989
66 122 33.8983
234 122 57.971
36 123 31.2989
37 123 31.2989
42 123 31.2989
56 123 31.2989
65 123 33.8983
234 123 57.971
10 124 31.2989
51 124 31.2989
163 124 101.01
202 124 45.1467
234 124 57.971
608 124 45.1467
7 125 31.2989
11 125 31.2989
27 125 31.2989
29 125 31.2989
51 125 31.2989
93 125 31.2989
202 125 45.1467
608 125 45.1467
6 126 31.2989
27 126 31.2989
42 126 31.2989
201 126 45.1467
17 127 4.24989
32 127 29.0698
50 127 31.2989
65 127 29.0698
12 128 31.2989
17 128 4.24989
38 128 31.2989
131 128 31.2989
518 128 25.4453
519 128 23.9521
520 128 23.9521
521 128 23.9521
5 129 29.0698
17 129 4.24989
21 129 29.0698
24 129 31.2989
62 129 33.8983
63 129 31.2989
64 129 31.2989
94 129 31.2989
267 129 80.9717
520 129 23.9521
613 129 45.1467
17 130 4.24989
20 130 29.0698
30 130 31.2989
61 130 33.8983
62 130 33.8983
63 130 33.8983
266 130 80.9717
17 131 4.24989
20 131 29.0698
29 131 31.2989
58 131 33.8983
59 131 33.8983
60 131 33.8983
17 132 4.24989
57 132 33.8983
58 132 33.8983
59 132 33.8983
3 133 29.0698
17 133 4.24989
57 133 33.8983
517 133 23.9521
518 133 23.9521
17 134 4.24989
20 134 31.2989
98 134 31.2989
519 134 23.9521
4 135 29.0698
17 135 4.24989
19 135 4.24989
48 135 33.8983
4 136 29.0698
17 136 4.24989
19 136 4.24989
84 136 45.1467
607 136 45.1467
4 137 29.0698
17 137 4.24989
45 137 31.2989
53 137 33.8983
67 137 31.2989
4 138 29.0698
17 138 4.24989
36 138 33.8983
45 138 31.2989
3 139 29.0698
4 139 29.0698
13 139 31.2989
17 139 4.24989
36 139 33.8983
42 139 33.8983
45 139 31.2989
65 139 31.2989
239 139 50.7614
612 139 45.1467
3 140 29.0698
12 140 29.0698
17 140 4.24989
65 140 31.2989
3 141 29.0698
18 141 4.24989
61 141 31.2989
64 141 31.2989
66 141 31.2989
3 142 29.0698
11 142 31.2989
18 142 4.29461
25 142 31.2989
34 142 31.2989
117 142 31.2989
353 142 57.971
530 142 23.9521
3 143 29.0698
18 143 4.29461
33 143 31.2989
34 143 31.2989
50 143 31.2989
609 143 45.1467
3 144 29.0698
18 144 4.29461
51 144 31.2989
99 144 31.2989
18 145 4.34028
29 145 31.2989
18 146 4.34028
29 146 31.2989
610 146 45.1467
27 147 31.2989
104 147 31.2989
13 148 33.8983
14 148 33.8983
17 148 4.24989
26 148 31.2989
34 148 31.2989
104 148 31.2989
116 148 31.2989
13 149 31.2989
14 149 31.2989
17 149 4.24989
25 149 31.2989
34 149 31.2989
35 149 31.2989
116 149 31.2989
125 149 33.8983
229 149 57.971
17 150 4.24989
33 150 31.2989
616 150 45.1467
14 151 31.2989
11 152 29.0698
17 152 4.24989
104 152 31.2989
17 153 4.24989
18 153 4.24989
51 153 31.2989
52 153 31.2989
103 153 31.2989
104 153 31.2989
17 154 4.24989
18 154 4.24989
103 154 33.8983
612 154 45.1467
17 155 4.24989
30 155 25.4453
50 155 31.2989
103 155 33.8983
113 155 31.2989
17 156 4.24989
18 156 4.24989
103 156 33.8983
114 156 31.2989
46 157 33.8983
102 157 33.8983
114 157 31.2989
115 157 31.2989
17 158 4.29461
18 158 4.29461
79 158 45.1467
102 158 33.8983
114 158 31.2989
17 159 4.29461
18 159 4.29461
101 159 33.8983
114 159 31.2989
637 159 22.6244
17 160 4.29461
18 160 4.29461
44 160 33.8983
101 160 33.8983
114 160 31.2989
18 161 4.29461
41 161 31.2989
86 161 45.1467
114 161 31.2989
11 162 29.0698
17 162 4.29461
18 162 4.29461
85 162 45.1467
86 162 45.1467
114 162 31.2989
18 163 4.29461
37 163 33.8983
99 163 29.0698
113 163 31.2989
114 163 31.2989
18 164 4.24989
37 164 33.8983
112 164 31.2989
17 165 4.24989
18 165 4.24989
32 165 33.8983
37 165 33.8983
112 165 31.2989
17 166 4.24989
18 166 4.24989
112 166 31.2989
18 167 4.24989
112 167 31.2989
187 167 45.1467
188 167 45.1467
17 168 4.24989
18 168 4.24989
53 168 33.8983
98 168 31.2989
100 168 31.2989
112 168 31.2989
187 168 45.1467
234 168 57.971
17 169 4.24989
18 169 4.24989
98 169 31.2989
100 169 31.2989
233 169 57.971
18 170 4.24989
100 170 31.2989
18 171 4.24989
18 172 4.24989
44 172 33.8983
18 173 4.24989
42 173 33.8983
268 173 67.5676
18 174 4.24989
24 174 31.2989
42 174 33.8983
262 174 67.5676
263 174 67.5676
18 175 4.29461
24 175 31.2989
262 175 67.5676
263 175 67.5676
18 176 4.29461
24 176 31.2989
95 176 40.6504
99 176 33.8983
112 176 33.8983
113 176 33.8983
188 176 45.1467
452 176 57.971
453 176 57.971
18 177 4.29461
24 177 31.2989
43 177 33.8983
95 177 40.6504
99 177 33.8983
113 177 33.8983
453 177 57.971
18 178 4.29461
24 178 31.2989
43 178 33.8983
101 178 33.8983
459 178 57.971
460 178 57.971
461 178 57.971
462 178 50.7614
463 178 45.1467
18 179 4.2061
24 179 31.2989
459 179 57.971
460 179 57.971
461 179 57.971
462 179 50.7614
463 179 45.1467
5 180 29.0698
24 180 31.2989
190 180 45.1467
458 180 67.5676
459 180 57.971
460 180 57.971
461 180 57.971
462 180 50.7614
5 181 29.0698
24 181 31.2989
114 181 33.8983
190 181 45.1467
5 182 29.0698
16 182 31.2989
24 182 31.2989
114 182 33.8983
24 183 31.2989
102 183 31.2989
113 183 33.8983
24 184 31.2989
468 184 67.5676
469 184 67.5676
3 185 29.0698
18 185 4.2061
102 185 31.2989
466 185 80.9717
467 185 67.5676
468 185 67.5676
469 185 67.5676
470 185 67.5676
555 185 36.9686
3 186 29.0698
9 186 29.0698
18 186 4.2061
19 186 4.2061
465 186 134.228
466 186 80.9717
467 186 67.5676
468 186 67.5676
469 186 67.5676
3 187 29.0698
18 187 4.2061
19 187 4.2061
467 187 80.9717
468 187 67.5676
8 188 29.0698
9 188 29.0698
18 188 4.2061
19 188 4.2061
113 188 33.8983
512 188 200
550 188 20.3666
551 188 20.3666
552 188 20.3666
18 189 4.24989
19 189 4.24989
502 189 80.9717
503 189 80.9717
509 189 200
511 189 134.228
556 189 19.3986
557 189 18.5185
558 189 18.5185
559 189 18.5185
18 190 4.2061
19 190 4.2061
110 190 31.2989
118 190 45.1467
559 190 18.5185
560 190 18.5185
4 191 29.0698
25 191 31.2989
248 191 57.971
18 192 4.2061
19 192 4.2061
557 192 18.5185
18 193 4.2061
19 193 4.2061
519 193 18.5185
535 193 20.3666
536 193 20.3666
557 193 18.5185
558 193 18.5185
18 194 4.2061
19 194 4.2061
18 195 4.2061
19 195 4.2061
41 195 31.2989
519 195 17.7148
558 195 18.5185
561 195 18.5185
18 196 4.2061
19 196 4.2061
25 196 31.2989
103 196 29.0698
436 196 200
439 196 101.01
518 196 17.7148
519 196 17.7148
529 196 19.3986
558 196 18.5185
559 196 18.5185
18 197 4.2061
19 197 4.2061
24 197 31.2989
25 197 31.2989
55 197 33.8983
469 197 31.2989
470 197 31.2989
471 197 31.2989
472 197 29.0698
519 197 17.7148
24 198 31.2989
53 198 33.8983
384 198 200
518 198 18.5185
519 198 18.5185
559 198 18.5185
53 199 33.8983
518 199 18.5185
559 199 18.5185
562 199 18.5185
19 200 4.2061
53 200 33.8983
194 200 45.1467
559 200 18.5185
4 201 29.0698
19 201 4.2061
53 201 33.8983
524 201 20.3666
525 201 20.3666
19 202 4.2061
25 202 31.2989
37 202 40.6504
53 202 33.8983
511 202 18.5185
560 202 18.5185
563 202 18.5185
25 203 31.2989
53 203 33.8983
407 203 80.9717
486 203 19.3986
511 203 18.5185
518 203 18.5185
560 203 18.5185
563 203 18.5185
19 204 4.2061
25 204 31.2989
53 204 33.8983
99 204 31.2989
387 204 200
388 204 200
391 204 67.5676
479 204 22.6244
503 204 21.4362
518 204 18.5185
560 204 18.5185
6 205 29.0698
19 205 4.2061
25 205 31.2989
53 205 33.8983
62 205 45.1467
114 205 31.2989
503 205 21.4362
510 205 19.3986
517 205 18.5185
518 205 18.5185
560 205 18.5185
563 205 18.5185
564 205 18.5185
19 206 4.2061
24 206 31.2989
25 206 31.2989
53 206 33.8983
62 206 45.1467
68 206 50.7614
114 206 31.2989
503 206 21.4362
19 207 4.2061
24 207 31.2989
25 207 31.2989
53 207 33.8983
68 207 50.7614
114 207 31.2989
483 207 22.6244
484 207 22.6244
503 207 21.4362
589 207 14.0548
8 208 29.0698
19 208 4.2061
53 208 33.8983
113 208 31.2989
397 208 134.228
398 208 134.228
589 208 14.0548
601 208 16.2999
602 208 16.2999
603 208 16.2999
604 208 15.674
605 208 15.674
606 208 15.0943
607 208 15.0943
608 208 14.556
609 208 14.0548
8 209 29.0698
19 209 4.2061
25 209 31.2989
112 209 31.2989
231 209 57.971
460 209 27.137
605 209 15.674
606 209 15.0943
607 209 15.0943
608 209 14.556
609 209 14.0548
610 209 13.587
611 209 13.587
612 209 13.1492
613 209 12.7389
9 210 29.0698
19 210 4.2061
25 210 31.2989
111 210 31.2989
112 210 31.2989
461 210 27.137
19 211 4.2061
25 211 31.2989
99 211 31.2989
111 211 31.2989
19 212 4.2061
24 212 31.2989
25 212 31.2989
66 212 33.8983
111 212 31.2989
539 212 18.5185
597 212 16.2999
598 212 15.674
599 212 15.674
600 212 15.0943
601 212 14.556
602 212 14.556
603 212 14.556
604 212 14.0548
19 213 4.2061
66 213 33.8983
600 213 15.0943
602 213 14.556
603 213 14.556
19 214 4.24989
66 214 33.8983
512 214 18.5185
18 215 29.0698
66 215 33.8983
90 215 29.0698
92 215 29.0698
93 215 29.0698
111 215 31.2989
511 215 18.5185
512 215 18.5185
530 215 17.7148
531 215 17.7148
532 215 17.7148
637 215 11.0193
18 216 29.0698
25 216 31.2989
111 216 31.2989
529 216 18.5185
530 216 17.7148
531 216 17.7148
532 216 17.7148
543 216 16.2999
18 217 29.0698
19 217 29.0698
35 217 40.6504
455 217 29.0698
591 217 15.674
592 217 15.674
633 217 11.0193
19 218 4.2061
25 218 31.2989
36 218 40.6504
112 218 31.2989
455 218 29.0698
631 218 11.0193
632 218 11.0193
19 219 4.1632
25 219 31.2989
112 219 31.2989
191 219 45.1467
590 219 15.674
591 219 15.674
19 220 4.1632
25 220 31.2989
112 220 31.2989
556 220 16.9779
557 220 16.9779
590 220 15.674
591 220 15.674
628 220 11.0193
12 221 31.2989
19 221 4.1632
25 221 31.2989
90 221 29.0698
112 221 31.2989
482 221 21.4362
483 221 21.4362
511 221 18.5185
512 221 18.5185
626 221 11.325
627 221 11.0193
7 222 29.0698
10 222 31.2989
11 222 31.2989
12 222 31.2989
19 222 4.2061
25 222 31.2989
37 222 40.6504
90 222 29.0698
112 222 31.2989
483 222 21.4362
512 222 18.5185
532 222 16.2999
533 222 16.2999
623 222 11.6482
624 222 11.325
625 222 11.325
626 222 11.325
19 223 4.2061
25 223 31.2989
90 223 29.0698
112 223 31.2989
437 223 33.8983
447 223 29.0698
532 223 16.2999
533 223 16.2999
582 223 15.0943
583 223 15.0943
592 223 14.556
19 224 4.2061
25 224 31.2989
90 224 29.0698
501 224 20.3666
502 224 20.3666
505 224 19.3986
506 224 19.3986
512 224 18.5185
537 224 15.674
19 225 4.2061
25 225 31.2989
501 225 19.3986
502 225 19.3986
505 225 19.3986
506 225 19.3986
512 225 18.5185
513 225 18.5185
536 225 15.674
537 225 15.674
619 225 11.6482
620 225 11.6482
621 225 11.6482
19 226 4.2061
25 226 31.2989
117 226 33.8983
478 226 22.6244
479 226 22.6244
480 226 22.6244
501 226 19.3986
502 226 19.3986
600 226 14.0548
601 226 14.0548
602 226 14.0548
19 227 4.2061
25 227 31.2989
117 227 33.8983
118 227 33.8983
501 227 19.3986
502 227 19.3986
512 227 18.5185
513 227 18.5185
533 227 15.674
574 227 14.0548
575 227 14.0548
576 227 14.0548
586 227 14.0548
587 227 14.0548
609 227 11.6482
610 227 11.6482
611 227 11.325
612 227 11.325
613 227 11.0193
19 228 4.2061
99 228 31.2989
456 228 29.0698
457 228 29.0698
501 228 19.3986
502 228 19.3986
512 228 18.5185
513 228 18.5185
545 228 15.0943
546 228 15.674
547 228 15.674
548 228 15.0943
549 228 15.0943
550 228 15.674
551 228 15.0943
575 228 14.0548
576 228 14.0548
577 228 14.0548
582 228 15.674
583 228 15.0943
585 228 14.0548
586 228 14.0548
603 228 14.0548
604 228 13.587
608 228 11.9904
609 228 11.6482
610 228 11.6482
611 228 11.325
612 228 11.325
613 228 11.0193
19 229 4.2061
100 229 31.2989
469 229 25.4453
501 229 19.3986
502 229 19.3986
529 229 16.9779
549 229 15.0943
550 229 15.674
559 229 14.0548
568 229 14.0548
576 229 14.0548
582 229 15.674
583 229 15.0943
585 229 14.0548
586 229 14.0548
610 229 11.6482
611 229 11.325
612 229 11.325
19 230 4.2061
25 230 31.2989
501 230 19.3986
502 230 19.3986
529 230 16.9779
568 230 14.0548
576 230 13.587
577 230 13.587
585 230 14.0548
586 230 14.0548
12 231 29.0698
13 231 29.0698
19 231 4.1632
22 231 31.2989
568 231 14.0548
576 231 14.0548
577 231 14.0548
589 231 14.0548
590 231 14.0548
617 231 11.325
618 231 11.325
619 231 11.325
19 232 4.1632
523 232 16.9779
524 232 16.9779
525 232 16.9779
568 232 14.0548
576 232 13.587
577 232 13.587
578 232 13.587
589 232 14.0548
590 232 14.0548
614 232 11.6482
617 232 11.325
618 232 11.325
619 232 11.325
19 233 4.1632
75 233 29.0698
501 233 20.3666
502 233 20.3666
523 233 16.9779
524 233 16.9779
568 233 14.0548
589 233 14.0548
590 233 14.0548
612 233 11.6482
613 233 11.6482
614 233 11.6482
618 233 11.325
19 234 4.1632
487 234 22.6244
488 234 22.6244
501 234 20.3666
502 234 20.3666
523 234 16.9779
524 234 16.9779
568 234 14.0548
589 234 14.0548
590 234 14.0548
618 234 11.325
75 235 29.0698
481 235 22.6244
482 235 22.6244
487 235 22.6244
488 235 22.6244
568 235 14.0548
569 235 14.0548
576 235 14.0548
577 235 14.0548
578 235 14.0548
579 235 13.587
597 235 11.9904
598 235 11.9904
99 236 29.0698
482 236 22.6244
487 236 22.6244
569 236 14.0548
575 236 14.556
576 236 14.0548
577 236 14.0548
578 236 14.0548
579 236 13.587
594 236 12.7389
595 236 12.3533
482 237 22.6244
558 237 14.556
593 237 12.7389
556 238 14.556
557 238 14.556
558 238 14.556
562 238 13.587
563 238 14.0548
592 238 12.7389
593 238 12.7389
19 239 4.24989
556 239 14.556
557 239 14.556
591 239 12.7389
592 239 12.7389
19 240 4.24989
556 240 14.556
557 240 14.556
560 240 14.0548
591 240 12.3533
592 240 12.3533
593 240 12.3533
603 240 11.6482
604 240 11.6482
556 241 14.556
603 241 11.6482
604 241 11.6482
631 241 10.7296
632 241 10.7296
590 242 12.7389
591 242 12.3533
605 242 11.6482
632 242 10.7296
633 242 10.7296
590 243 12.7389
594 243 12.3533
595 243 12.3533
605 243 11.6482
503 244 21.4362
504 244 21.4362
593 244 12.3533
599 244 11.9904
563 245 14.0548
564 245 14.0548
565 245 14.0548
589 245 12.7389
590 245 12.7389
592 245 12.3533
593 245 12.3533
599 245 11.9904
600 245 11.9904
601 245 11.9904
602 245 11.6482
562 246 14.556
563 246 14.0548
564 246 14.0548
565 246 14.0548
589 246 12.7389
591 246 12.3533
592 246 12.3533
601 246 11.9904
602 246 11.6482
564 247 14.0548
592 247 12.3533
588 248 12.7389
589 248 12.7389
592 248 12.3533
602 248 11.6482
603 248 11.6482
525 249 16.9779
526 249 16.9779
527 249 16.9779
532 249 16.9779
533 249 16.9779
563 249 14.0548
564 249 14.0548
588 249 12.7389
589 249 12.7389
603 249 11.6482
526 250 16.9779
532 250 16.9779
533 250 16.9779
563 250 14.0548
564 250 14.0548
565 250 14.0548
588 250 12.7389
589 250 12.7389
603 250 11.6482
604 250 11.6482
525 251 16.9779
526 251 16.9779
527 251 16.9779
564 251 14.0548
565 251 14.0548
603 251 11.6482
604 251 11.6482
605 251 11.6482
19 252 4.24989
557 252 14.556
603 252 11.6482
604 252 11.6482
605 252 11.6482
19 253 4.24989
557 253 14.556
19 254 4.24989
556 254 14.556
557 254 14.556
561 254 14.556
562 254 14.556
563 254 14.556
597 254 11.9904
604 254 11.6482
605 254 11.6482
19 255 4.2061
557 255 14.556
558 255 14.556
597 255 11.9904
605 255 11.6482
19 256 4.2061
558 256 14.556
587 256 12.3533
605 256 11.6482
19 257 4.2061
587 257 12.3533
605 257 11.6482
19 258 4.2061
561 258 14.556
562 258 14.556
563 258 14.0548
564 258 14.0548
565 258 13.587
587 258 12.3533
605 258 11.6482
606 258 11.6482
19 259 4.2061
239 259 14.556
240 259 14.556
587 259 12.3533
605 259 11.6482
606 259 11.6482
19 260 4.2061
240 260 14.556
587 260 12.3533
605 260 11.6482
606 260 11.6482
607 260 11.6482
19 261 4.2061
255 261 14.556
558 261 15.0943
559 261 15.0943
606 261 11.6482
607 261 11.6482
19 262 4.2061
606 262 11.6482
19 263 4.2061
19 264 4.2061
529 264 14.0548
530 264 14.0548
584 264 14.0548
588 264 12.3533
607 264 11.6482
19 265 4.2061
588 265 12.3533
589 265 12.3533
590 265 12.3533
597 265 11.9904
598 265 11.9904
599 265 11.9904
607 265 11.6482
19 266 4.2061
590 266 12.3533
603 266 11.9904
604 266 11.9904
605 266 11.9904
19 267 4.2061
250 267 12.7389
251 267 12.7389
589 267 12.3533
590 267 12.3533
591 267 12.3533
19 268 4.2061
251 268 12.7389
252 268 12.7389
591 268 12.3533
604 268 11.9904
19 269 4.2061
591 269 12.3533
19 270 4.2061
592 270 11.9904
593 270 11.9904
19 271 4.2061
592 271 11.9904
593 271 11.9904
594 271 11.9904
19 272 4.2061
437 272 12.7389
438 272 12.7389
594 272 11.9904
595 272 11.9904
596 272 11.6482
19 273 4.2061
19 274 4.2061
19 275 4.2061
19 276 4.2061
19 277 4.24989
19 278 4.24989
171 278 11.325
19 279 4.24989
20 279 4.24989
130 279 11.325
143 279 11.0193
19 280 4.24989
143 280 11.0193
157 280 10.7296
239 280 11.0193
19 281 4.24989
236 281 10.7296
617 281 10.7296
19 282 4.2061
236 282 10.7296
237 282 11.0193
19 283 4.2061
19 284 4.2061
104 284 10.4548
19 285 4.2061
19 286 4.2061
140 286 9.9453
19 287 4.2061
229 287 9.9453
622 287 10.1937
19 288 4.2061
226 288 9.9453
625 288 10.1937
626 288 10.1937
19 289 4.2061
91 289 9.70874
92 289 9.70874
19 290 4.2061
20 290 4.2061
91 290 9.70874
184 290 9.48317
19 291 4.24989
20 291 4.24989
87 291 9.70874
140 291 9.26784
184 291 9.48317
199 291 9.48317
20 292 4.24989
87 292 9.48317
140 292 9.26784
163 292 9.26784
248 292 10.1937
19 293 4.24989
20 293 4.24989
164 293 9.26784
248 293 10.1937
249 293 9.9453
250 293 9.9453
251 293 9.9453
19 294 4.24989
20 294 4.24989
85 294 9.06207
176 294 9.06207
177 294 9.06207
220 294 9.26784
20 295 4.2061
65 295 9.06207
85 295 9.06207
77 296 8.86525
19 297 4.2061
20 297 4.2061
221 297 8.86525
19 298 4.2061
20 298 4.2061
90 298 8.67679
19 299 4.24989
20 299 4.24989
216 299 8.67679
20 300 4.24989
20 301 4.24989
60 301 8.32293
75 301 8.49618
76 301 8.49618
92 301 8.49618
185 301 8.15661
192 301 8.32293
193 301 8.32293
20 302 4.24989
58 302 8.15661
76 302 8.49618
92 302 8.49618
185 302 8.15661
186 302 8.15661
192 302 8.32293
193 302 8.32293
19 303 4.2061
20 303 4.2061
52 303 8.15661
56 303 8.15661
195 303 8.15661
20 304 4.2061
52 304 8.15661
218 304 8.32293
20 305 4.2061
53 305 8.15661
73 305 8.15661
218 305 8.32293
219 305 8.32293
20 306 4.2061
42 306 7.9968
80 306 8.15661
178 306 7.55287
142 307 7.69527
143 307 7.69527
160 307 7.69527
71 308 7.84314
139 308 7.69527
140 308 7.69527
143 308 7.55287
144 308 7.69527
166 308 7.69527
93 309 7.55287
137 309 7.55287
152 309 7.41565
20 310 4.1632
133 310 8.49618
137 310 7.55287
138 310 7.55287
141 310 8.32293
153 310 7.41565
164 310 7.69527
190 310 7.41565
129 311 7.55287
137 311 7.41565
138 311 7.41565
150 311 7.41565
151 311 7.41565
190 311 7.41565
53 312 7.41565
56 312 7.41565
110 312 7.28332
111 312 7.28332
130 312 7.55287
152 312 7.28332
196 312 7.84314
53 313 7.41565
56 313 7.41565
57 313 7.41565
96 313 6.7981
111 313 7.28332
112 313 7.28332
123 313 7.28332
124 313 7.28332
154 313 7.15564
155 313 7.15564
53 314 7.41565
94 314 7.15564
98 314 7.15564
155 314 7.15564
162 314 7.41565
212 314 7.69527
109 315 7.15564
182 315 7.28332
16 316 7.55287
110 316 7.28332
27 317 7.03235
95 317 6.47459
106 317 7.15564
36 318 7.15564
37 318 7.15564
38 318 7.15564
39 318 7.15564
177 318 7.15564
32 319 6.91324
112 319 6.57895
113 319 6.57895
118 319 6.68673
119 319 6.68673
155 319 6.91324
174 319 7.03235
112 320 6.57895
113 320 6.57895
119 320 6.68673
120 320 6.68673
133 320 7.15564
134 320 7.15564
138 320 6.91324
174 320 7.03235
175 320 7.03235
121 321 6.57895
122 321 6.57895
138 321 6.91324
139 321 6.91324
117 322 6.57895
123 322 6.57895
108 323 6.57895
109 323 6.57895
117 323 6.57895
118 323 6.57895
119 323 6.57895
120 323 6.57895
176 323 7.03235
109 324 6.57895
119 324 6.57895
193 324 6.7981
109 325 6.57895
124 327 6.57895
125 327 6.57895
188 327 6.68673
188 328 6.68673
189 328 6.68673
96 329 6.27549
97 329 6.27549
189 329 6.68673
190 329 6.68673
93 331 6.18047
133 331 6.27549
162 331 6.47459
163 331 6.47459
184 331 6.57895
92 332 6.27549
93 332 6.18047
94 332 6.18047
99 332 6.18047
103 332 6.18047
104 332 6.27549
146 332 6.27549
150 332 6.27549
153 332 6.18047
163 332 6.47459
164 332 6.47459
69 333 5.74548
93 333 6.18047
94 333 6.18047
95 333 6.27549
99 333 6.18047
100 333 6.18047
150 333 6.27549
151 333 6.27549
35 334 5.9988
99 334 6.18047
100 334 6.18047
101 334 6.18047
151 334 6.27549
35 335 5.9988
37 335 5.9988
162 335 6.27549
45 336 5.9988
67 336 5.82751
77 336 5.9988
123 337 5.82751
140 337 5.9988
166 337 6.18047
167 337 6.18047
34 338 5.82751
108 338 5.9988
124 338 5.82751
167 338 6.18047
34 339 5.82751
35 339 5.82751
64 339 5.82751
105 339 5.91191
124 339 5.82751
65 340 5.82751
66 340 5.82751
106 340 5.91191
66 341 5.82751
67 341 5.74548
68 341 5.82751
126 341 5.74548
127 341 5.74548
81 342 5.91191
87 342 5.91191
88 342 5.91191
126 342 5.74548
147 342 5.91191
523 342 6.68673
524 342 6.47459
534 342 6.37349
535 342 6.27549
536 342 6.27549
88 343 5.91191
144 343 5.82751
524 343 6.47459
525 343 6.47459
526 343 6.37349
527 343 6.37349
528 343 6.37349
529 343 6.18047
530 343 6.08828
533 343 6.37349
534 343 6.37349
535 343 6.27549
536 343 6.27549
537 343 6.18047
71 344 5.51268
79 344 5.91191
144 344 5.82751
145 344 5.91191
526 344 6.37349
527 344 6.37349
528 344 6.37349
529 344 6.18047
530 344 6.08828
531 344 6.37349
536 344 6.27549
537 344 6.18047
538 344 6.08828
539 344 5.9988
68 345 5.51268
73 345 5.51268
116 345 5.51268
117 345 5.51268
60 346 5.36769
73 346 5.51268
74 346 5.51268
62 347 5.36769
63 347 5.29801
74 347 5.51268
116 347 5.51268
129 347 5.58815
62 348 5.29801
63 348 5.29801
117 348 5.51268
123 348 5.51268
63 349 5.29801
90 349 5.29801
120 349 5.51268
40 350 5.36769
64 350 5.29801
90 350 5.29801
91 350 5.29801
97 350 5.29801
120 350 5.51268
121 350 5.51268
40 351 5.36769
91 351 5.23013
157 351 5.66572
91 352 5.23013
92 352 5.23013
105 352 5.23013
157 352 5.66572
158 352 5.66572
170 352 5.66572
26 353 5.29801
27 353 5.29801
35 353 5.36769
36 353 5.36769
91 353 5.23013
92 353 5.23013
93 353 5.23013
100 353 5.23013
101 353 5.23013
106 353 5.23013
452 353 5.9988
453 353 5.9988
35 354 5.36769
36 354 5.36769
49 354 5.36769
50 354 5.36769
92 354 5.23013
93 354 5.23013
94 354 5.23013
103 354 5.23013
114 354 5.29801
150 354 5.51268
174 354 5.82751
49 355 5.36769
69 355 5.16396
94 355 5.23013
95 355 5.23013
135 355 5.36769
150 355 5.51268
151 355 5.51268
171 356 5.74548
101 357 6.37349
111 357 5.23013
112 357 5.16396
172 357 5.74548
79 358 5.09944
89 358 5.51268
93 358 5.16396
100 358 6.37349
108 358 5.23013
109 358 5.23013
112 358 5.16396
113 358 5.16396
300 358 5.66572
301 358 5.66572
307 358 5.74548
89 359 5.51268
93 359 5.16396
95 359 5.09944
108 359 5.23013
109 359 5.16396
110 359 5.16396
95 360 5.09944
96 360 5.09944
108 360 5.23013
109 360 5.16396
110 360 5.16396
111 360 5.16396
295 360 5.66572
296 360 5.66572
41 361 5.09944
69 361 5.09944
70 361 5.09944
85 361 5.09944
86 361 5.09944
96 361 5.09944
111 361 5.09944
112 361 5.09944
295 361 5.66572
296 361 5.66572
297 361 5.58815
298 361 5.58815
299 361 5.51268
300 361 5.51268
38 362 5.29801
39 362 5.16396
41 362 5.03651
71 362 5.09944
72 362 5.03651
86 362 5.09944
87 362 5.09944
97 362 5.09944
296 362 5.66572
297 362 5.58815
298 362 5.58815
299 362 5.51268
35 363 4.97512
39 363 5.09944
41 363 4.97512
42 363 4.97512
53 363 4.97512
54 363 4.97512
76 363 5.09944
35 364 4.97512
36 364 5.03651
37 364 5.03651
38 364 5.09944
42 364 4.97512
43 364 4.97512
53 364 4.97512
54 364 4.97512
55 364 4.91521
56 364 4.91521
35 365 4.97512
36 365 5.03651
37 365 5.03651
39 365 4.97512
40 365 4.97512
43 365 4.97512
47 365 4.91521
55 365 4.91521
56 365 4.91521
47 366 4.91521
49 366 4.91521
50 366 4.91521
51 366 4.91521
52 366 4.91521
56 366 4.91521
47 367 4.91521
49 367 4.91521
50 367 4.91521
52 367 4.91521
53 367 4.91521
75 367 4.85673
121 367 4.97512
43 368 4.85673
48 368 4.85673
52 368 4.91521
53 368 4.91521
75 368 4.85673
76 368 4.85673
44 369 4.85673
68 369 200
157 372 5.29801
240 372 5.29801
114 373 4.79962
132 373 4.91521
133 373 4.91521
134 373 4.91521
157 373 5.29801
240 373 5.29801
241 373 5.29801
66 375 4.68933
114 375 4.79962
115 375 4.79962
67 376 4.68933
112 376 4.74383
115 376 4.74383
116 376 4.79962
111 377 4.74383
112 377 4.74383
111 378 4.74383
112 378 4.74383
113 378 4.74383
35 379 4.53309
112 379 4.74383
33 380 4.53309
34 380 4.53309
35 380 4.53309
36 380 4.53309
64 380 4.53309
65 380 4.53309
90 380 4.53309
94 380 4.63607
95 380 4.63607
36 381 4.53309
60 382 4.4833
68 382 4.4833
112 382 4.63607
25 383 4.4833
58 383 4.4833
61 383 4.4833
65 383 4.4833
68 383 4.4833
112 383 4.63607
113 383 4.63607
62 384 4.4833
63 384 4.4833
65 384 4.4833
113 384 4.63607
21 385 4.24989
86 385 4.584
99 385 4.53309
100 385 4.53309
21 386 4.24989
26 386 4.34028
89 386 4.38693
108 386 4.53309
125 386 4.584
26 387 4.34028
27 387 4.34028
58 387 4.34028
59 387 4.34028
64 387 4.43459
71 387 4.43459
126 387 4.584
27 388 4.34028
28 388 4.34028
59 388 4.34028
60 388 4.34028
64 388 4.43459
72 388 4.43459
126 388 4.584
28 389 4.29461
59 389 4.29461
60 389 4.29461
126 389 4.584
87 390 4.38693
88 390 4.38693
127 390 4.584
47 391 4.29461
48 391 4.29461
54 391 4.63607
59 391 4.29461
88 391 4.38693
89 391 4.38693
93 391 4.38693
364 391 4.74383
47 392 4.29461
48 392 4.29461
58 392 4.29461
93 392 4.38693
94 392 4.38693
488 392 4.74383
489 392 4.74383
48 393 4.24989
49 393 4.24989
52 393 4.43459
58 393 4.29461
63 393 4.29461
116 393 4.43459
117 393 4.43459
23 394 4.24989
24 394 4.24989
49 394 4.24989
52 394 4.2061
54 394 4.24989
55 394 4.1632
63 394 4.29461
64 394 4.24989
65 394 4.24989
68 394 4.24989
23 395 4.24989
24 395 4.24989
49 395 4.2061
50 395 4.24989
54 395 4.24989
55 395 4.1632
56 395 4.24989
64 395 4.24989
65 395 4.24989
126 395 4.584
50 396 4.2061
51 396 4.2061
64 396 4.24989
65 396 4.24989
66 396 4.24989
94 396 4.29461
127 396 4.584
65 397 4.24989
66 397 4.24989
94 397 4.29461
95 397 4.29461
158 397 4.584
54 398 4.2061
72 398 4.2061
95 398 4.24989
367 398 4.53309
377 398 4.584
378 398 4.584
94 399 4.24989
95 399 4.24989
213 399 4.53309
92 400 4.1632
94 400 4.24989
95 400 4.24989
51 401 4.07997
83 401 4.1632
93 401 4.1632
94 401 4.1632
95 401 4.24989
151 401 4.4833
152 401 4.4833
153 401 4.4833
6 402 4.07997
70 402 4.07997
83 402 4.1632
304 402 4.4833
6 403 4.07997
71 403 4.07997
84 403 4.12116
90 403 4.1632
91 403 4.1632
92 403 4.1632
448 403 4.38693
4 404 4.07997
6 404 4.07997
35 404 4.07997
43 404 4.03959
47 404 4.03959
84 404 4.12116
85 404 4.12116
86 404 4.12116
87 404 4.07997
4 405 4.07997
85 405 4.12116
86 405 4.12116
87 405 4.07997
93 405 4.07997
115 405 4.38693
260 405 4.43459
545 405 4.38693
49 406 4.03959
94 406 4.07997
95 406 4.07997
115 406 4.38693
220 406 4.34028
439 406 4.38693
114 407 4.34028
115 407 4.34028
116 407 4.34028
65 408 4.03959
113 408 4.34028
114 408 4.29461
116 408 4.29461
283 408 4.34028
284 408 4.34028
73 409 4.03959
76 409 4.03959
78 409 4.03959
113 409 4.34028
114 409 4.29461
118 409 4.29461
195 409 4.34028
199 409 4.34028
320 409 4.34028
351 409 4.29461
352 409 4.29461
74 410 4.03959
76 410 4.03959
77 410 4.03959
78 410 4.03959
79 410 4.03959
113 410 4.29461
114 410 4.29461
196 410 4.34028
7 411 4.07997
14 411 4.03959
75 411 4.03959
78 411 4.03959
79 411 4.03959
7 412 4.07997
13 412 4.03959
12 413 4.03959
13 413 4.03959
12 414 4.03959
70 414 4.03959
72 414 4.03959
442 414 4.1632
70 415 4.03959
65 421 4.03959
495 421 4.03959
186 424 4.03959
287 424 4.03959
92 426 4.03959
166 426 4.03959
91 427 4.03959
92 427 4.03959
165 427 4.03959
166 427 4.03959
91 428 4.03959
92 428 4.03959
163 428 4.12116
166 428 4.03959
167 428 4.03959
