78 3 29.0698
92 3 29.0698
122 3 31.2989
522 3 23.9521
523 3 22.6244
524 3 22.6244
635 3 14.0548
89 4 29.0698
523 4 23.9521
524 4 22.6244
525 4 22.6244
78 5 29.0698
88 5 29.0698
89 5 29.0698
108 5 29.0698
109 5 29.0698
117 5 29.0698
121 5 31.2989
122 5 31.2989
522 5 23.9521
523 5 23.9521
88 6 29.0698
89 6 29.0698
96 6 29.0698
108 6 31.2989
109 6 31.2989
121 6 31.2989
634 6 14.0548
636 6 14.556
108 7 31.2989
121 7 31.2989
634 7 14.0548
635 7 14.556
637 7 14.556
78 8 29.0698
108 8 31.2989
115 8 29.0698
121 8 31.2989
634 8 14.0548
93 9 29.0698
108 9 31.2989
114 9 29.0698
118 9 29.0698
119 9 31.2989
120 9 31.2989
525 9 23.9521
526 9 23.9521
541 9 22.6244
635 9 14.556
636 9 14.556
79 10 29.0698
104 10 29.0698
105 10 29.0698
118 10 29.0698
119 10 29.0698
636 10 14.556
104 11 29.0698
118 11 29.0698
526 11 23.9521
527 11 23.9521
549 11 22.6244
88 12 29.0698
99 12 29.0698
117 12 31.2989
118 12 31.2989
549 12 22.6244
630 12 14.556
631 12 14.556
632 12 14.556
80 13 29.0698
87 13 29.0698
116 13 31.2989
117 13 31.2989
550 13 22.6244
631 13 14.556
106 14 31.2989
116 14 31.2989
117 14 31.2989
627 14 19.3986
632 14 14.556
633 14 14.556
81 15 29.0698
106 15 31.2989
116 15 31.2989
117 15 31.2989
520 15 23.9521
521 15 23.9521
631 15 14.556
632 15 14.556
633 15 14.556
634 15 14.556
82 16 29.0698
89 16 31.2989
112 16 29.0698
113 16 29.0698
521 16 23.9521
634 16 14.556
636 16 14.0548
637 16 13.587
82 17 29.0698
89 17 31.2989
547 17 22.6244
633 17 14.556
636 17 14.0548
637 17 14.0548
82 18 29.0698
99 18 31.2989
530 18 22.6244
81 19 29.0698
549 19 22.6244
620 19 50.7614
635 19 15.0943
636 19 14.556
637 19 14.556
81 20 29.0698
115 20 31.2989
523 20 23.9521
524 20 22.6244
526 20 22.6244
531 20 22.6244
547 20 22.6244
549 20 22.6244
634 20 15.0943
636 20 14.556
637 20 14.556
80 21 29.0698
81 21 29.0698
112 21 29.0698
113 21 29.0698
115 21 31.2989
522 21 23.9521
524 21 22.6244
525 21 22.6244
526 21 22.6244
626 21 14.556
633 21 15.674
80 22 29.0698
112 22 29.0698
113 22 29.0698
525 22 22.6244
526 22 22.6244
626 22 14.556
627 22 14.556
629 22 14.0548
630 22 14.0548
111 23 29.0698
112 23 29.0698
630 23 14.0548
612 24 80.9717
637 24 14.556
80 25 29.0698
111 25 29.0698
112 25 29.0698
631 25 14.0548
85 26 29.0698
104 26 29.0698
111 26 29.0698
112 26 29.0698
530 26 21.4362
628 26 14.556
629 26 14.556
630 26 14.556
78 27 29.0698
104 27 29.0698
105 27 29.0698
111 27 29.0698
112 27 29.0698
526 27 23.9521
543 27 22.6244
552 27 22.6244
628 27 14.556
629 27 14.556
630 27 14.556
78 28 29.0698
84 28 29.0698
103 28 29.0698
104 28 29.0698
111 28 29.0698
112 28 29.0698
542 28 23.9521
78 29 29.0698
103 29 31.2989
111 29 29.0698
545 29 22.6244
77 30 29.0698
78 30 29.0698
102 30 31.2989
103 30 31.2989
111 30 29.0698
545 30 22.6244
628 30 14.556
629 30 14.0548
631 30 14.0548
632 30 13.587
76 31 29.0698
88 31 29.0698
102 31 31.2989
112 31 29.0698
629 31 14.0548
630 31 14.0548
631 31 14.0548
635 31 12.7389
75 32 29.0698
102 32 31.2989
112 32 29.0698
124 32 31.2989
628 32 14.556
629 32 14.0548
630 32 14.0548
631 32 14.0548
634 32 13.1492
635 32 12.7389
75 33 29.0698
101 33 31.2989
112 33 29.0698
113 33 29.0698
527 33 23.9521
528 33 23.9521
630 33 14.0548
631 33 14.0548
633 33 13.587
634 33 13.1492
84 34 29.0698
101 34 31.2989
112 34 29.0698
519 34 22.6244
527 34 23.9521
630 34 14.556
631 34 14.0548
633 34 13.587
637 34 11.325
18 35 29.0698
84 35 29.0698
101 35 31.2989
518 35 22.6244
519 35 22.6244
531 35 22.6244
548 35 22.6244
3 36 29.0698
89 36 29.0698
90 36 29.0698
101 36 31.2989
116 36 31.2989
634 36 13.587
16 37 29.0698
76 37 29.0698
89 37 29.0698
90 37 31.2989
115 37 29.0698
116 37 29.0698
630 37 14.0548
631 37 14.0548
632 37 14.0548
634 37 14.0548
79 38 29.0698
92 38 31.2989
100 38 31.2989
112 38 29.0698
115 38 31.2989
531 38 23.9521
549 38 22.6244
631 38 14.0548
632 38 14.0548
633 38 14.0548
637 38 14.0548
92 39 31.2989
100 39 31.2989
112 39 29.0698
115 39 29.0698
518 39 23.9521
519 39 23.9521
530 39 22.6244
547 39 22.6244
548 39 22.6244
624 39 14.0548
625 39 14.0548
626 39 14.0548
631 39 14.0548
632 39 14.0548
112 40 29.0698
115 40 29.0698
316 40 29.0698
519 40 23.9521
624 40 14.0548
625 40 14.0548
632 40 14.0548
3 41 29.0698
14 41 29.0698
323 41 31.2989
324 41 29.0698
325 41 29.0698
529 41 23.9521
633 41 14.556
15 42 29.0698
79 42 29.0698
80 42 29.0698
85 42 31.2989
317 42 29.0698
318 42 29.0698
320 42 31.2989
321 42 31.2989
322 42 31.2989
323 42 31.2989
324 42 29.0698
325 42 29.0698
630 42 14.556
631 42 14.556
632 42 14.556
633 42 14.556
636 42 13.1492
14 43 29.0698
15 43 29.0698
79 43 29.0698
278 43 33.8983
279 43 29.0698
281 43 29.0698
282 43 29.0698
283 43 29.0698
315 43 31.2989
316 43 31.2989
631 43 14.556
632 43 14.556
633 43 14.556
636 43 13.1492
12 44 29.0698
91 44 31.2989
92 44 31.2989
191 44 45.1467
277 44 33.8983
278 44 33.8983
313 44 31.2989
314 44 31.2989
315 44 31.2989
520 44 22.6244
625 44 14.556
626 44 14.556
8 45 29.0698
22 45 29.0698
114 45 29.0698
191 45 45.1467
288 45 29.0698
289 45 29.0698
312 45 31.2989
522 45 23.9521
625 45 14.556
628 45 14.556
7 46 29.0698
8 46 29.0698
15 46 29.0698
22 46 29.0698
119 46 29.0698
173 46 45.1467
311 46 31.2989
521 46 23.9521
624 46 14.556
626 46 14.556
627 46 14.556
4 47 27.137
10 47 29.0698
14 47 29.0698
22 47 29.0698
78 47 29.0698
84 47 31.2989
119 47 29.0698
520 47 23.9521
521 47 23.9521
546 47 22.6244
625 47 14.556
626 47 14.556
627 47 14.556
10 48 29.0698
14 48 29.0698
78 48 29.0698
119 48 31.2989
521 48 23.9521
626 48 14.556
627 48 14.556
628 48 14.556
629 48 14.556
634 48 13.587
637 48 13.587
13 49 29.0698
14 49 29.0698
19 49 29.0698
20 49 29.0698
78 49 29.0698
109 49 31.2989
110 49 31.2989
119 49 31.2989
521 49 23.9521
627 49 14.556
628 49 14.556
629 49 14.556
637 49 14.0548
7 50 29.0698
109 50 31.2989
118 50 31.2989
119 50 31.2989
172 50 45.1467
628 50 14.556
629 50 14.556
630 50 14.556
631 50 14.556
632 50 14.0548
636 50 14.0548
637 50 14.0548
7 51 29.0698
75 51 29.0698
81 51 29.0698
118 51 31.2989
119 51 31.2989
172 51 45.1467
546 51 22.6244
629 51 14.556
630 51 14.556
631 51 14.556
632 51 14.556
633 51 14.0548
637 51 14.0548
14 52 29.0698
17 52 29.0698
23 52 29.0698
74 52 29.0698
118 52 31.2989
172 52 45.1467
547 52 22.6244
558 52 36.9686
632 52 14.556
633 52 14.556
636 52 14.556
637 52 14.556
14 53 29.0698
22 53 29.0698
23 53 29.0698
101 53 29.0698
102 53 29.0698
103 53 29.0698
109 53 29.0698
118 53 31.2989
193 53 40.6504
558 53 36.9686
631 53 14.556
632 53 14.556
633 53 14.556
634 53 14.556
3 54 29.0698
9 54 29.0698
10 54 29.0698
22 54 29.0698
102 54 29.0698
109 54 29.0698
123 54 31.2989
516 54 22.6244
517 54 22.6244
632 54 14.556
3 55 29.0698
4 55 29.0698
9 55 29.0698
21 55 29.0698
102 55 29.0698
105 55 31.2989
108 55 29.0698
115 55 31.2989
122 55 31.2989
516 55 22.6244
635 55 14.556
636 55 14.0548
637 55 14.556
9 56 29.0698
18 56 29.0698
24 56 29.0698
76 56 29.0698
108 56 29.0698
114 56 31.2989
115 56 31.2989
122 56 31.2989
511 56 23.9521
512 56 23.9521
636 56 14.0548
637 56 14.0548
7 57 29.0698
9 57 29.0698
15 57 29.0698
18 57 29.0698
87 57 29.0698
114 57 31.2989
115 57 31.2989
122 57 31.2989
516 57 23.9521
637 57 14.0548
113 58 31.2989
114 58 31.2989
122 58 31.2989
637 58 14.0548
21 59 29.0698
31 59 29.0698
113 59 31.2989
114 59 31.2989
121 59 31.2989
122 59 31.2989
637 59 14.0548
6 60 29.0698
12 60 29.0698
20 60 29.0698
31 60 29.0698
81 60 31.2989
82 60 31.2989
121 60 31.2989
177 60 45.1467
513 60 22.6244
514 60 22.6244
636 60 14.0548
637 60 14.0548
11 61 29.0698
12 61 29.0698
81 61 31.2989
82 61 31.2989
89 61 29.0698
121 61 31.2989
186 61 45.1467
196 61 40.6504
512 61 22.6244
513 61 22.6244
514 61 22.6244
8 62 29.0698
21 62 29.0698
29 62 29.0698
89 62 29.0698
120 62 31.2989
121 62 31.2989
198 62 40.6504
636 62 14.556
12 63 29.0698
21 63 29.0698
89 63 29.0698
114 63 31.2989
120 63 31.2989
121 63 31.2989
636 63 14.556
12 64 29.0698
20 64 29.0698
24 64 29.0698
78 64 29.0698
91 64 29.0698
113 64 31.2989
120 64 31.2989
517 64 20.3666
6 65 29.0698
11 65 29.0698
12 65 29.0698
20 65 29.0698
78 65 29.0698
112 65 31.2989
113 65 31.2989
120 65 31.2989
171 65 45.1467
511 65 23.9521
512 65 23.9521
513 65 23.9521
516 65 21.4362
517 65 20.3666
613 65 45.1467
636 65 14.556
637 65 14.556
5 66 29.0698
6 66 29.0698
20 66 29.0698
78 66 29.0698
111 66 31.2989
171 66 45.1467
512 66 23.9521
513 66 23.9521
514 66 23.9521
547 66 22.6244
637 66 14.556
4 67 29.0698
14 67 29.0698
17 67 29.0698
23 67 29.0698
35 67 29.0698
37 67 29.0698
78 67 29.0698
81 67 31.2989
90 67 29.0698
91 67 29.0698
111 67 29.0698
174 67 45.1467
557 67 36.9686
558 67 36.9686
4 68 29.0698
16 68 29.0698
17 68 29.0698
23 68 29.0698
35 68 29.0698
84 68 29.0698
90 68 29.0698
119 68 31.2989
120 68 31.2989
121 68 31.2989
557 68 36.9686
7 69 29.0698
8 69 29.0698
11 69 29.0698
13 69 29.0698
23 69 29.0698
35 69 29.0698
36 69 29.0698
92 69 29.0698
93 69 33.8983
110 69 29.0698
119 69 31.2989
120 69 31.2989
200 69 40.6504
557 69 36.9686
7 70 29.0698
11 70 29.0698
33 70 29.0698
34 70 29.0698
35 70 29.0698
36 70 29.0698
92 70 33.8983
110 70 29.0698
119 70 31.2989
200 70 40.6504
33 71 29.0698
79 71 29.0698
119 71 31.2989
184 71 40.6504
200 71 40.6504
354 71 45.1467
515 71 23.9521
518 71 23.9521
521 71 21.4362
79 72 29.0698
120 72 31.2989
190 72 45.1467
200 72 40.6504
3 73 67.5676
8 73 27.137
9 73 27.137
34 73 29.0698
79 73 29.0698
105 73 29.0698
106 73 29.0698
120 73 31.2989
184 73 40.6504
190 73 45.1467
200 73 40.6504
8 74 27.137
9 74 27.137
30 74 29.0698
31 74 29.0698
33 74 29.0698
78 74 31.2989
79 74 31.2989
105 74 29.0698
120 74 31.2989
184 74 40.6504
199 74 40.6504
200 74 40.6504
464 74 36.9686
29 75 29.0698
30 75 29.0698
120 75 31.2989
199 75 45.1467
554 75 33.8983
7 76 27.137
10 76 27.137
19 76 27.137
27 76 29.0698
41 76 29.0698
75 76 29.0698
91 76 29.0698
92 76 29.0698
115 76 29.0698
116 76 29.0698
120 76 31.2989
519 76 23.9521
520 76 23.9521
622 76 14.0548
623 76 14.0548
19 77 27.137
27 77 29.0698
40 77 29.0698
41 77 29.0698
90 77 29.0698
91 77 29.0698
92 77 29.0698
115 77 29.0698
116 77 29.0698
199 77 45.1467
547 77 23.9521
548 77 23.9521
558 77 36.9686
622 77 14.0548
6 78 29.0698
19 78 27.137
34 78 29.0698
37 78 29.0698
79 78 29.0698
89 78 29.0698
115 78 29.0698
116 78 29.0698
473 78 36.9686
514 78 23.9521
515 78 23.9521
516 78 23.9521
558 78 36.9686
626 78 14.0548
629 78 13.587
634 78 14.556
635 78 14.0548
636 78 14.0548
637 78 14.0548
6 79 29.0698
7 79 29.0698
25 79 29.0698
34 79 29.0698
35 79 29.0698
79 79 29.0698
95 79 31.2989
114 79 31.2989
115 79 31.2989
116 79 31.2989
184 79 40.6504
514 79 23.9521
515 79 23.9521
628 79 13.587
629 79 13.587
634 79 14.556
635 79 14.0548
636 79 14.0548
6 80 29.0698
20 80 27.137
25 80 29.0698
32 80 29.0698
34 80 29.0698
78 80 29.0698
94 80 31.2989
184 80 40.6504
193 80 40.6504
5 81 29.0698
18 81 27.137
25 81 29.0698
28 81 29.0698
32 81 29.0698
78 81 31.2989
198 81 45.1467
199 81 45.1467
5 82 29.0698
18 82 27.137
46 82 29.0698
78 82 31.2989
91 82 29.0698
198 82 45.1467
512 82 23.9521
516 82 22.6244
4 83 29.0698
5 83 29.0698
17 83 27.137
27 83 29.0698
45 83 29.0698
46 83 29.0698
76 83 31.2989
178 83 45.1467
435 83 45.1467
436 83 45.1467
4 84 29.0698
16 84 27.137
19 84 27.137
26 84 31.2989
27 84 31.2989
37 84 29.0698
44 84 29.0698
76 84 31.2989
112 84 31.2989
119 84 29.0698
15 85 29.0698
16 85 29.0698
19 85 27.137
76 85 31.2989
91 85 29.0698
199 85 45.1467
558 85 36.9686
617 85 40.6504
7 86 29.0698
15 86 29.0698
16 86 29.0698
21 86 29.0698
43 86 29.0698
91 86 31.2989
94 86 31.2989
198 86 45.1467
199 86 45.1467
4 87 29.0698
5 87 29.0698
15 87 27.137
21 87 29.0698
27 87 27.137
31 87 29.0698
93 87 31.2989
120 87 29.0698
121 87 29.0698
197 87 45.1467
198 87 45.1467
597 87 57.971
598 87 57.971
15 88 27.137
27 88 27.137
39 88 29.0698
50 88 29.0698
93 88 31.2989
120 88 29.0698
121 88 29.0698
183 88 45.1467
197 88 45.1467
509 88 23.9521
510 88 23.9521
9 89 29.0698
15 89 27.137
23 89 29.0698
24 89 29.0698
38 89 29.0698
39 89 29.0698
120 89 29.0698
121 89 29.0698
8 90 29.0698
15 90 27.137
22 90 29.0698
29 90 29.0698
35 90 29.0698
38 90 29.0698
48 90 29.0698
120 90 29.0698
121 90 29.0698
514 90 23.9521
515 90 23.9521
519 90 19.3986
22 91 29.0698
28 91 29.0698
47 91 29.0698
48 91 29.0698
71 91 29.0698
77 91 31.2989
120 91 29.0698
121 91 29.0698
513 91 23.9521
514 91 23.9521
515 91 23.9521
516 91 23.9521
519 91 19.3986
13 92 27.137
16 92 29.0698
21 92 29.0698
27 92 29.0698
34 92 29.0698
45 92 29.0698
46 92 29.0698
47 92 29.0698
71 92 29.0698
72 92 29.0698
120 92 29.0698
121 92 29.0698
181 92 45.1467
617 92 45.1467
4 93 29.0698
7 93 29.0698
21 93 29.0698
26 93 31.2989
45 93 29.0698
71 93 29.0698
120 93 29.0698
121 93 29.0698
181 93 45.1467
557 93 36.9686
558 93 36.9686
559 93 36.9686
617 93 45.1467
4 94 29.0698
6 94 29.0698
20 94 29.0698
87 94 25.4453
88 94 25.4453
119 94 29.0698
120 94 29.0698
226 94 50.7614
558 94 36.9686
559 94 36.9686
3 95 29.0698
14 95 29.0698
24 95 31.2989
41 95 31.2989
42 95 31.2989
88 95 25.4453
118 95 31.2989
120 95 31.2989
199 95 40.6504
455 95 36.9686
517 95 23.9521
518 95 23.9521
3 96 29.0698
10 96 29.0698
14 96 29.0698
18 96 29.0698
24 96 31.2989
30 96 29.0698
39 96 29.0698
42 96 31.2989
84 96 29.0698
117 96 31.2989
171 96 45.1467
189 96 40.6504
193 96 45.1467
194 96 45.1467
3 97 29.0698
9 97 29.0698
19 97 29.0698
24 97 31.2989
29 97 29.0698
36 97 29.0698
37 97 29.0698
73 97 31.2989
83 97 29.0698
95 97 29.0698
518 97 23.9521
616 97 45.1467
617 97 45.1467
4 98 29.0698
8 98 29.0698
17 98 29.0698
29 98 29.0698
37 98 29.0698
83 98 29.0698
109 98 29.0698
120 98 31.2989
187 98 40.6504
198 98 45.1467
519 98 23.9521
520 98 23.9521
521 98 23.9521
616 98 45.1467
617 98 45.1467
3 99 31.2989
4 99 29.0698
8 99 29.0698
16 99 29.0698
25 99 31.2989
33 99 31.2989
120 99 31.2989
187 99 40.6504
198 99 45.1467
457 99 36.9686
518 99 23.9521
519 99 23.9521
520 99 23.9521
521 99 23.9521
18 100 29.0698
75 100 31.2989
93 100 31.2989
120 100 31.2989
121 100 31.2989
187 100 40.6504
198 100 45.1467
93 101 31.2989
95 101 31.2989
119 101 31.2989
120 101 31.2989
121 101 31.2989
198 101 45.1467
468 101 36.9686
8 102 29.0698
10 102 29.0698
26 102 27.137
36 102 29.0698
52 102 31.2989
60 102 29.0698
76 102 29.0698
95 102 31.2989
121 102 31.2989
174 102 36.9686
8 103 29.0698
25 103 27.137
26 103 27.137
44 103 29.0698
45 103 29.0698
58 103 29.0698
59 103 29.0698
60 103 29.0698
76 103 31.2989
79 103 29.0698
121 103 31.2989
197 103 40.6504
515 103 23.9521
516 103 23.9521
519 103 23.9521
520 103 23.9521
25 104 29.0698
41 104 29.0698
48 104 29.0698
57 104 29.0698
58 104 29.0698
59 104 29.0698
82 104 31.2989
121 104 31.2989
197 104 40.6504
361 104 40.6504
515 104 23.9521
516 104 23.9521
557 104 36.9686
22 105 29.0698
23 105 29.0698
41 105 29.0698
48 105 29.0698
56 105 29.0698
57 105 29.0698
196 105 40.6504
197 105 40.6504
22 106 29.0698
23 106 29.0698
32 106 31.2989
41 106 29.0698
55 106 29.0698
56 106 29.0698
77 106 29.0698
78 106 29.0698
121 106 31.2989
122 106 31.2989
197 106 40.6504
21 107 29.0698
22 107 29.0698
29 107 29.0698
30 107 29.0698
55 107 29.0698
56 107 29.0698
77 107 29.0698
84 107 31.2989
121 107 31.2989
197 107 40.6504
29 108 29.0698
41 108 29.0698
47 108 27.137
53 108 29.0698
84 108 31.2989
121 108 31.2989
189 108 40.6504
196 108 40.6504
7 109 27.137
8 109 27.137
29 109 29.0698
41 109 27.137
42 109 27.137
57 109 31.2989
121 109 31.2989
188 109 40.6504
189 109 40.6504
362 109 45.1467
6 110 29.0698
7 110 27.137
8 110 27.137
29 110 29.0698
37 110 31.2989
52 110 31.2989
57 110 31.2989
129 110 31.2989
130 110 31.2989
4 111 27.137
5 111 27.137
6 111 29.0698
10 111 29.0698
37 111 31.2989
52 111 31.2989
120 111 31.2989
129 111 31.2989
200 111 40.6504
10 112 27.137
36 112 31.2989
51 112 31.2989
120 112 31.2989
129 112 31.2989
21 113 29.0698
24 113 27.137
25 113 27.137
33 113 29.0698
129 113 31.2989
14 114 29.0698
19 114 27.137
25 114 27.137
33 114 29.0698
53 114 31.2989
81 114 31.2989
85 114 31.2989
129 114 31.2989
199 114 40.6504
341 114 57.971
14 115 29.0698
17 115 27.137
30 115 29.0698
81 115 29.0698
128 115 31.2989
129 115 31.2989
199 115 40.6504
525 115 22.6244
16 116 29.0698
26 116 29.0698
27 116 29.0698
49 116 31.2989
50 116 31.2989
51 116 29.0698
58 116 31.2989
128 116 31.2989
129 116 31.2989
199 116 40.6504
232 116 50.7614
265 116 67.5676
6 117 29.0698
27 117 29.0698
46 117 31.2989
47 117 31.2989
50 117 31.2989
58 117 31.2989
82 117 31.2989
128 117 31.2989
232 117 50.7614
407 117 57.971
6 118 29.0698
10 118 29.0698
13 118 31.2989
14 118 27.137
27 118 29.0698
47 118 31.2989
58 118 31.2989
128 118 31.2989
140 118 80.9717
232 118 50.7614
21 119 27.137
26 119 29.0698
27 119 29.0698
47 119 31.2989
83 119 31.2989
122 119 31.2989
128 119 29.0698
140 119 80.9717
232 119 50.7614
43 120 29.0698
44 120 27.137
46 120 31.2989
56 120 33.8983
94 120 31.2989
232 120 50.7614
8 121 31.2989
17 121 27.137
21 121 27.137
41 121 29.0698
232 121 50.7614
613 121 45.1467
16 122 31.2989
17 122 31.2989
32 122 29.0698
41 122 29.0698
161 122 101.01
198 122 45.1467
199 122 45.1467
613 122 45.1467
32 123 29.0698
198 123 45.1467
526 123 22.6244
527 123 22.6244
528 123 22.6244
15 124 31.2989
21 124 29.0698
28 124 29.0698
39 124 29.0698
40 124 29.0698
55 124 31.2989
56 124 31.2989
124 124 31.2989
526 124 22.6244
527 124 22.6244
10 125 29.0698
28 125 29.0698
39 125 29.0698
54 125 31.2989
60 125 31.2989
124 125 31.2989
128 125 31.2989
232 125 50.7614
4 126 29.0698
10 126 29.0698
13 126 31.2989
53 126 31.2989
54 126 31.2989
55 126 31.2989
124 126 31.2989
125 126 31.2989
618 126 45.1467
7 127 29.0698
9 127 29.0698
19 127 29.0698
53 127 31.2989
54 127 31.2989
265 127 67.5676
266 127 67.5676
9 128 29.0698
18 128 29.0698
19 128 29.0698
21 128 29.0698
49 128 31.2989
51 128 31.2989
6 129 29.0698
39 129 29.0698
47 129 31.2989
48 129 31.2989
49 129 31.2989
51 129 31.2989
5 130 29.0698
48 130 31.2989
525 130 23.9521
8 131 29.0698
9 131 29.0698
45 131 29.0698
90 131 31.2989
235 131 50.7614
392 131 50.7614
8 132 29.0698
9 132 29.0698
37 132 29.0698
45 132 31.2989
8 133 29.0698
9 133 29.0698
14 133 29.0698
38 133 29.0698
85 133 31.2989
123 133 29.0698
157 133 67.5676
7 134 29.0698
8 134 29.0698
23 134 31.2989
43 134 31.2989
57 134 29.0698
58 134 29.0698
122 134 29.0698
123 134 29.0698
22 135 31.2989
26 135 29.0698
35 135 31.2989
36 135 31.2989
55 135 29.0698
6 136 29.0698
35 136 31.2989
36 136 31.2989
56 136 31.2989
3 137 29.0698
5 137 29.0698
18 137 31.2989
52 137 29.0698
56 137 31.2989
86 137 29.0698
237 137 50.7614
5 138 29.0698
15 138 31.2989
17 138 31.2989
52 138 29.0698
56 138 33.8983
57 138 33.8983
118 138 31.2989
14 139 29.0698
15 139 31.2989
22 139 31.2989
24 139 31.2989
35 139 29.0698
117 139 31.2989
23 140 31.2989
24 140 31.2989
108 140 29.0698
22 141 31.2989
23 141 31.2989
28 141 31.2989
41 141 31.2989
41 142 31.2989
19 143 31.2989
26 143 31.2989
39 143 31.2989
96 143 31.2989
122 143 31.2989
615 143 45.1467
3 144 31.2989
4 144 29.0698
19 144 31.2989
96 144 31.2989
120 144 31.2989
3 145 29.0698
16 145 31.2989
96 145 31.2989
109 145 31.2989
119 145 31.2989
120 145 31.2989
3 146 29.0698
13 146 29.0698
14 146 29.0698
15 146 29.0698
23 146 31.2989
24 146 31.2989
38 146 31.2989
39 146 31.2989
43 146 29.0698
85 146 45.1467
96 146 31.2989
109 146 31.2989
14 147 29.0698
24 147 31.2989
27 147 29.0698
38 147 31.2989
117 147 31.2989
118 147 31.2989
236 147 57.971
393 147 50.7614
621 147 45.1467
13 148 29.0698
14 148 29.0698
35 148 31.2989
226 148 57.971
390 148 67.5676
96 149 31.2989
226 149 57.971
22 150 29.0698
47 150 31.2989
96 150 31.2989
10 151 31.2989
30 151 31.2989
42 151 33.8983
88 151 45.1467
95 151 31.2989
96 151 31.2989
70 152 45.1467
95 152 31.2989
11 153 31.2989
17 153 31.2989
18 153 31.2989
24 153 31.2989
95 153 31.2989
106 153 29.0698
7 154 31.2989
11 154 31.2989
16 154 31.2989
17 154 31.2989
24 154 31.2989
28 154 31.2989
41 154 29.0698
95 154 31.2989
106 154 29.0698
107 154 29.0698
7 155 31.2989
8 155 31.2989
94 155 31.2989
106 155 29.0698
107 155 29.0698
7 156 31.2989
25 156 31.2989
73 156 45.1467
94 156 31.2989
106 156 29.0698
107 156 29.0698
7 157 31.2989
34 157 33.8983
35 157 33.8983
93 157 31.2989
106 157 29.0698
107 157 29.0698
34 158 33.8983
35 158 33.8983
91 158 31.2989
93 158 31.2989
107 158 31.2989
5 159 31.2989
20 159 29.0698
26 159 31.2989
27 159 31.2989
31 159 31.2989
107 159 31.2989
74 160 45.1467
79 160 45.1467
80 160 45.1467
106 160 31.2989
107 160 31.2989
27 161 31.2989
31 161 31.2989
42 161 31.2989
79 161 45.1467
105 161 31.2989
106 161 31.2989
27 162 31.2989
28 162 31.2989
42 162 31.2989
105 162 31.2989
22 163 31.2989
28 163 31.2989
104 163 31.2989
105 163 31.2989
116 163 50.7614
22 164 31.2989
76 164 45.1467
104 164 31.2989
105 164 31.2989
196 164 45.1467
104 165 31.2989
183 165 45.1467
184 165 45.1467
44 166 33.8983
45 166 33.8983
92 166 31.2989
104 166 31.2989
110 166 45.1467
183 166 45.1467
40 167 33.8983
92 167 31.2989
105 167 29.0698
231 167 57.971
232 167 57.971
13 168 31.2989
37 168 31.2989
40 168 33.8983
105 168 29.0698
105 169 29.0698
15 170 31.2989
35 170 31.2989
105 170 29.0698
21 171 31.2989
33 171 31.2989
267 171 67.5676
14 172 31.2989
33 172 31.2989
266 172 67.5676
14 173 31.2989
14 174 31.2989
87 174 45.1467
105 174 31.2989
184 174 40.6504
260 174 67.5676
455 174 57.971
14 175 31.2989
33 175 33.8983
34 175 33.8983
105 175 31.2989
184 175 40.6504
454 175 57.971
455 175 57.971
13 176 31.2989
14 176 31.2989
34 176 33.8983
35 176 33.8983
45 176 31.2989
460 176 80.9717
461 176 67.5676
462 176 57.971
463 176 50.7614
464 176 50.7614
465 176 45.1467
510 176 45.1467
14 177 29.0698
33 177 33.8983
34 177 33.8983
90 177 31.2989
460 177 80.9717
461 177 57.971
462 177 57.971
463 177 50.7614
464 177 50.7614
465 177 45.1467
13 178 29.0698
14 178 29.0698
459 178 101.01
461 178 57.971
462 178 57.971
463 178 50.7614
464 178 50.7614
4 179 29.0698
13 179 29.0698
14 179 29.0698
186 179 45.1467
462 179 57.971
463 179 50.7614
4 180 29.0698
13 180 29.0698
14 180 29.0698
78 180 45.1467
106 180 36.9686
107 180 36.9686
186 180 45.1467
241 180 57.971
4 181 29.0698
13 181 29.0698
14 181 29.0698
106 181 36.9686
107 181 36.9686
4 182 29.0698
14 182 29.0698
14 183 29.0698
94 183 31.2989
468 183 80.9717
469 183 80.9717
470 183 80.9717
471 183 80.9717
14 184 29.0698
94 184 31.2989
107 184 33.8983
464 184 200
467 184 101.01
468 184 80.9717
469 184 80.9717
470 184 80.9717
5 185 29.0698
190 185 45.1467
468 185 80.9717
469 185 80.9717
537 185 23.9521
538 185 23.9521
5 186 29.0698
14 186 29.0698
107 186 33.8983
190 186 45.1467
246 186 67.5676
514 186 57.971
568 186 17.7148
569 186 17.7148
570 186 17.7148
5 187 29.0698
14 187 29.0698
261 187 67.5676
507 187 67.5676
511 187 134.228
570 187 17.7148
5 188 29.0698
113 188 45.1467
114 188 45.1467
190 188 45.1467
571 188 17.7148
17 189 36.9686
113 189 45.1467
14 190 29.0698
528 190 17.7148
568 190 17.7148
569 190 17.7148
571 190 16.9779
14 191 29.0698
528 191 17.7148
534 191 18.5185
544 191 19.3986
545 191 19.3986
568 191 17.7148
569 191 17.7148
14 192 29.0698
528 192 17.7148
569 192 17.7148
527 193 17.7148
528 193 17.7148
569 193 17.7148
570 193 17.7148
31 194 31.2989
32 194 31.2989
95 194 29.0698
538 194 18.5185
569 194 17.7148
570 194 17.7148
14 195 29.0698
32 195 31.2989
46 195 33.8983
95 195 29.0698
472 195 31.2989
473 195 31.2989
474 195 29.0698
476 195 29.0698
527 195 17.7148
528 195 17.7148
14 196 29.0698
46 196 33.8983
95 196 29.0698
476 196 29.0698
527 196 17.7148
528 196 17.7148
570 196 17.7148
571 196 17.7148
14 197 29.0698
40 197 31.2989
44 197 31.2989
513 197 20.3666
570 197 17.7148
571 197 17.7148
574 197 16.9779
14 198 29.0698
40 198 31.2989
44 198 31.2989
414 198 101.01
415 198 101.01
9 199 29.0698
14 199 29.0698
40 199 31.2989
44 199 31.2989
228 199 57.971
512 199 20.3666
9 200 29.0698
14 200 29.0698
44 200 31.2989
190 200 45.1467
571 200 17.7148
14 201 29.0698
44 201 31.2989
190 201 45.1467
228 201 57.971
406 201 101.01
527 201 16.9779
571 201 17.7148
572 201 17.7148
14 202 29.0698
40 202 31.2989
44 202 31.2989
485 202 21.4362
519 202 17.7148
532 202 19.3986
533 202 19.3986
572 202 17.7148
14 203 29.0698
29 203 40.6504
40 203 31.2989
44 203 31.2989
167 203 57.971
387 203 134.228
388 203 134.228
456 203 29.0698
519 203 17.7148
526 203 16.9779
527 203 16.9779
571 203 16.9779
572 203 16.9779
575 203 17.7148
14 204 29.0698
29 204 40.6504
40 204 31.2989
44 204 31.2989
55 204 45.1467
91 204 31.2989
508 204 22.6244
509 204 22.6244
518 204 17.7148
519 204 17.7148
575 204 17.7148
14 205 29.0698
40 205 31.2989
44 205 33.8983
55 205 45.1467
62 205 45.1467
63 205 45.1467
106 205 31.2989
508 205 22.6244
509 205 22.6244
605 205 13.587
606 205 13.587
14 206 29.0698
40 206 31.2989
44 206 33.8983
55 206 45.1467
62 206 45.1467
106 206 31.2989
489 206 21.4362
490 206 21.4362
605 206 13.587
606 206 13.587
614 206 17.7148
615 206 16.9779
617 206 16.2999
618 206 15.674
619 206 15.674
620 206 15.0943
621 206 15.0943
622 206 15.0943
624 206 14.0548
625 206 14.0548
626 206 13.587
14 207 29.0698
40 207 31.2989
44 207 33.8983
105 207 31.2989
106 207 31.2989
167 207 57.971
621 207 15.0943
622 207 15.0943
623 207 14.556
624 207 14.0548
625 207 14.0548
626 207 13.587
627 207 13.1492
628 207 13.1492
629 207 12.7389
630 207 12.3533
14 208 29.0698
104 208 31.2989
105 208 31.2989
229 208 50.7614
14 209 29.0698
104 209 31.2989
105 209 31.2989
167 209 57.971
229 209 50.7614
14 210 29.0698
74 210 40.6504
91 210 31.2989
104 210 31.2989
549 210 17.7148
550 210 17.7148
553 210 15.674
571 210 14.0548
617 210 14.0548
14 211 29.0698
26 211 31.2989
58 211 33.8983
63 211 40.6504
104 211 33.8983
614 211 15.0943
615 211 14.556
616 211 14.556
617 211 14.0548
618 211 14.0548
619 211 13.587
620 211 13.587
621 211 13.1492
14 212 29.0698
25 212 31.2989
49 212 33.8983
58 212 33.8983
8 213 29.0698
49 213 33.8983
58 213 33.8983
520 213 17.7148
521 213 17.7148
7 214 29.0698
11 214 29.0698
49 214 33.8983
58 214 33.8983
81 214 29.0698
84 214 29.0698
520 214 17.7148
521 214 17.7148
538 214 18.5185
539 214 17.7148
540 214 17.7148
541 214 17.7148
7 215 29.0698
11 215 29.0698
14 215 29.0698
58 215 33.8983
81 215 29.0698
84 215 29.0698
104 215 31.2989
539 215 17.7148
540 215 17.7148
541 215 17.7148
608 215 14.556
7 216 29.0698
11 216 29.0698
14 216 29.0698
15 216 29.0698
27 216 40.6504
104 216 31.2989
458 216 27.137
459 216 27.137
607 216 14.556
608 216 14.556
8 217 29.0698
27 217 40.6504
104 217 31.2989
188 217 40.6504
459 217 27.137
14 218 29.0698
92 218 29.0698
104 218 31.2989
520 218 17.7148
607 218 14.0548
14 219 29.0698
15 219 29.0698
60 219 33.8983
81 219 27.137
104 219 31.2989
105 219 31.2989
474 219 20.3666
520 219 17.7148
521 219 17.7148
606 219 14.0548
607 219 14.0548
608 219 14.0548
14 220 29.0698
60 220 33.8983
81 220 27.137
104 220 31.2989
488 220 20.3666
489 220 20.3666
520 220 17.7148
521 220 17.7148
581 220 14.0548
582 220 14.0548
14 221 29.0698
27 221 40.6504
81 221 27.137
104 221 29.0698
489 221 20.3666
521 221 16.9779
543 221 15.0943
544 221 15.0943
545 221 15.0943
566 221 14.0548
14 222 29.0698
27 222 40.6504
29 222 40.6504
81 222 27.137
104 222 29.0698
439 222 33.8983
440 222 33.8983
449 222 31.2989
450 222 31.2989
528 222 16.9779
544 222 15.0943
545 222 15.0943
598 222 13.587
599 222 13.587
600 222 13.587
607 222 14.0548
608 222 14.0548
14 223 29.0698
15 223 29.0698
27 223 40.6504
81 223 27.137
104 223 29.0698
509 223 18.5185
510 223 18.5185
513 223 17.7148
514 223 17.7148
591 223 12.7389
14 224 29.0698
27 224 40.6504
81 224 27.137
509 224 18.5185
510 224 18.5185
513 224 17.7148
514 224 17.7148
515 224 17.7148
521 224 17.7148
548 224 15.0943
549 224 15.0943
14 225 29.0698
27 225 40.6504
82 225 27.137
484 225 22.6244
485 225 22.6244
509 225 18.5185
510 225 18.5185
515 225 17.7148
521 225 17.7148
558 225 14.556
615 225 14.0548
616 225 14.0548
617 225 13.587
618 225 13.587
619 225 13.1492
620 225 13.1492
621 225 13.1492
622 225 12.7389
14 226 29.0698
27 226 40.6504
110 226 31.2989
474 226 23.9521
509 226 18.5185
510 226 18.5185
521 226 17.7148
592 226 12.7389
14 227 29.0698
91 227 31.2989
101 227 29.0698
111 227 31.2989
474 227 23.9521
509 227 18.5185
521 227 17.7148
563 227 14.0548
564 227 14.0548
590 227 13.1492
591 227 12.7389
592 227 12.7389
593 227 12.7389
603 227 12.7389
604 227 12.7389
605 227 12.7389
620 227 13.1492
621 227 13.1492
631 227 10.7296
632 227 10.7296
633 227 10.4548
634 227 10.4548
635 227 10.4548
636 227 10.1937
637 227 10.1937
508 228 18.5185
509 228 18.5185
521 228 17.7148
555 228 21.4362
558 228 15.674
559 228 15.674
560 228 15.0943
561 228 14.556
562 228 14.0548
563 228 14.0548
564 228 14.0548
584 228 13.1492
585 228 13.1492
592 228 12.7389
593 228 12.7389
599 228 14.0548
600 228 14.0548
601 228 13.1492
602 228 13.1492
603 228 12.7389
604 228 12.7389
633 228 10.4548
634 228 10.4548
635 228 10.4548
636 228 10.1937
92 229 31.2989
124 229 31.2989
473 229 23.9521
474 229 23.9521
508 229 18.5185
509 229 18.5185
540 229 15.674
541 229 15.674
584 229 13.1492
592 229 12.7389
593 229 12.7389
599 229 14.0548
602 229 13.1492
603 229 12.7389
633 229 10.4548
634 229 10.4548
635 229 10.4548
14 230 29.0698
106 230 31.2989
509 230 18.5185
540 230 15.674
541 230 15.674
593 230 12.7389
594 230 12.7389
3 231 29.0698
11 231 29.0698
509 231 18.5185
510 231 18.5185
513 231 16.2999
535 231 16.2999
608 231 12.7389
509 232 18.5185
510 232 18.5185
533 232 16.2999
534 232 16.2999
535 232 15.674
590 232 14.0548
591 232 13.587
593 232 12.7389
594 232 12.7389
608 232 12.7389
65 233 27.137
69 233 27.137
534 233 16.2999
594 233 12.7389
595 233 12.7389
607 233 12.7389
608 233 12.7389
635 233 10.7296
636 233 11.0193
637 233 11.0193
18 234 29.0698
65 234 27.137
489 234 21.4362
494 234 20.3666
534 234 16.2999
537 234 15.674
583 234 13.1492
607 234 12.7389
608 234 12.7389
609 234 12.7389
65 235 27.137
66 235 27.137
488 235 21.4362
493 235 20.3666
494 235 20.3666
584 235 13.1492
586 235 12.7389
587 235 12.3533
594 235 12.7389
595 235 12.7389
65 236 27.137
90 236 27.137
91 236 27.137
488 236 21.4362
584 236 13.1492
585 236 13.1492
590 236 14.0548
591 236 14.0548
592 236 13.587
593 236 13.1492
594 236 13.1492
595 236 13.1492
596 236 12.7389
615 236 11.325
616 236 11.325
573 237 13.587
613 237 11.325
614 237 11.325
615 237 11.325
572 238 13.587
577 238 13.1492
612 238 11.6482
613 238 11.325
570 239 13.587
571 239 13.587
572 239 13.587
612 239 11.6482
613 239 11.325
571 240 13.587
611 240 11.6482
612 240 11.6482
574 241 13.1492
611 241 11.6482
612 241 11.6482
625 241 10.7296
626 241 10.7296
570 242 13.587
610 242 11.6482
610 243 11.6482
611 243 11.6482
627 243 10.7296
511 244 19.3986
512 244 19.3986
614 244 11.325
615 244 11.325
616 244 11.0193
579 245 13.1492
609 245 11.6482
610 245 11.6482
613 245 11.325
614 245 11.325
621 245 11.0193
576 246 14.0548
577 246 13.587
578 246 13.1492
579 246 13.1492
580 246 13.1492
609 246 11.6482
612 246 11.325
613 246 11.325
614 246 11.325
622 246 10.7296
623 246 10.7296
628 246 10.7296
578 247 13.1492
579 247 13.1492
580 247 13.1492
581 247 13.1492
608 247 11.6482
612 247 11.325
613 247 11.325
623 247 10.7296
608 248 11.6482
611 248 11.325
612 248 11.325
624 248 10.7296
625 248 10.7296
544 249 15.674
608 249 11.6482
612 249 11.325
616 249 10.1937
625 249 10.7296
536 250 16.2999
537 250 16.2999
538 250 15.674
543 250 15.674
544 250 15.674
549 250 15.0943
550 250 15.0943
608 250 11.6482
611 250 11.0193
612 250 11.0193
625 250 10.7296
626 250 10.7296
578 251 13.1492
579 251 13.1492
580 251 13.1492
581 251 13.1492
611 251 11.0193
534 252 16.9779
535 252 16.2999
536 252 16.2999
537 252 16.2999
579 252 13.1492
580 252 13.1492
626 252 10.7296
627 252 10.7296
625 253 10.7296
626 253 10.7296
627 253 10.7296
571 254 13.587
627 254 10.7296
571 255 13.587
572 255 13.587
576 255 13.587
577 255 13.587
627 255 10.7296
628 255 10.7296
571 256 13.587
572 256 13.587
577 256 13.587
617 256 11.0193
618 256 11.0193
623 256 11.6482
624 256 11.325
626 256 10.7296
627 256 10.7296
628 256 10.7296
572 257 13.587
618 257 11.0193
572 258 13.587
573 258 13.587
607 258 11.325
576 259 13.587
577 259 13.587
578 259 13.587
607 259 11.325
628 259 10.7296
629 259 10.7296
576 260 13.587
577 260 13.587
578 260 13.587
579 260 13.1492
607 260 11.325
628 260 10.7296
629 260 10.7296
232 261 14.0548
607 261 11.325
628 261 10.7296
629 261 10.7296
232 262 14.0548
233 262 14.0548
239 262 14.0548
628 262 10.7296
629 262 10.7296
630 262 10.7296
631 262 10.4548
249 263 13.587
572 263 14.0548
573 263 14.0548
574 263 14.0548
575 263 13.587
628 263 10.7296
629 263 10.7296
630 263 10.7296
249 264 13.587
629 264 10.7296
630 264 10.7296
629 265 10.7296
630 265 10.7296
618 266 11.0193
629 266 10.7296
630 266 10.7296
541 267 12.7389
542 267 12.7389
543 267 12.7389
544 267 12.7389
546 267 11.6482
547 267 11.6482
607 267 11.6482
608 267 11.325
609 267 11.325
610 267 11.325
609 268 11.325
610 268 11.325
619 268 11.0193
620 268 11.0193
630 268 10.7296
246 269 12.3533
610 269 11.325
625 269 11.0193
626 269 11.0193
243 270 11.9904
610 270 11.325
611 270 11.325
612 270 11.0193
243 271 11.9904
244 271 12.3533
611 271 11.0193
612 271 11.0193
613 273 11.0193
200 274 11.6482
613 274 11.0193
614 274 11.0193
444 275 11.9904
445 275 11.9904
614 275 11.0193
615 275 11.0193
616 275 11.0193
138 276 11.325
616 276 11.0193
165 277 11.325
185 277 11.325
143 282 10.4548
144 282 10.4548
113 283 10.1937
156 283 10.4548
114 284 10.4548
156 284 10.4548
111 285 10.4548
124 285 10.4548
125 285 10.4548
139 286 9.9453
140 286 9.9453
229 286 9.9453
230 286 9.9453
120 287 9.70874
225 287 9.9453
226 287 9.9453
227 287 9.9453
150 288 9.70874
226 288 9.9453
227 288 9.9453
228 288 9.9453
75 290 9.48317
80 290 9.48317
81 290 9.48317
75 291 9.48317
81 291 9.48317
190 291 9.26784
118 293 9.06207
151 293 8.86525
114 294 9.06207
151 294 8.86525
204 294 8.67679
217 294 8.67679
218 295 8.86525
214 296 8.86525
215 296 8.86525
64 297 8.67679
166 297 8.49618
65 298 8.67679
118 298 8.15661
120 298 8.15661
166 298 8.49618
60 299 8.67679
87 299 8.49618
99 299 8.32293
117 299 8.15661
118 299 8.15661
120 299 8.15661
121 299 8.15661
167 299 8.49618
183 299 8.32293
184 299 8.32293
229 299 8.86525
60 300 8.67679
117 300 8.15661
143 300 8.15661
185 300 8.32293
238 300 9.26784
239 300 9.26784
240 300 9.26784
241 300 9.26784
242 300 9.26784
41 301 8.49618
59 301 8.67679
60 301 8.67679
117 301 8.15661
143 301 8.15661
41 302 8.49618
55 302 8.15661
137 302 7.9968
143 302 8.15661
55 303 8.15661
56 303 8.15661
108 303 8.15661
109 303 8.15661
120 303 8.15661
124 303 7.84314
157 303 7.9968
158 303 7.9968
183 303 8.15661
206 303 8.32293
207 303 8.32293
32 304 7.9968
56 304 8.15661
98 304 8.15661
180 304 7.9968
210 304 7.9968
216 304 8.32293
46 305 7.9968
26 306 7.84314
206 306 7.9968
164 307 7.84314
207 307 7.9968
27 308 7.84314
59 308 7.84314
60 308 7.84314
201 308 7.69527
201 309 7.69527
202 309 7.69527
47 310 7.55287
24 311 7.41565
42 311 7.41565
43 311 7.41565
24 312 7.41565
25 312 7.41565
42 312 7.41565
43 312 7.41565
61 312 7.41565
165 312 7.15564
173 312 7.28332
174 312 7.28332
186 312 7.55287
21 313 7.28332
43 313 7.41565
59 313 7.41565
61 313 7.41565
110 313 7.41565
165 313 7.15564
166 313 7.15564
173 313 7.28332
174 313 7.28332
175 313 7.28332
175 314 7.28332
176 314 7.28332
177 314 7.15564
202 314 7.41565
14 315 7.15564
15 315 7.15564
202 315 7.41565
203 315 7.41565
14 316 7.15564
15 316 7.15564
39 316 7.28332
203 316 7.41565
204 316 7.41565
156 317 7.15564
157 317 7.15564
46 318 7.15564
80 318 7.03235
155 318 7.15564
75 319 6.7981
80 319 7.03235
134 319 6.7981
135 319 6.7981
150 319 7.55287
155 319 7.15564
34 320 6.91324
114 320 6.68673
115 320 6.68673
141 320 6.7981
112 321 6.91324
115 321 6.68673
116 321 6.68673
124 321 6.57895
131 321 6.7981
140 321 6.68673
141 321 6.68673
142 321 6.7981
108 322 6.68673
109 322 6.68673
110 322 6.7981
8 323 6.7981
108 323 6.68673
110 323 6.7981
112 323 6.91324
113 323 6.68673
125 323 6.47459
139 323 6.68673
168 323 6.47459
76 324 6.47459
107 324 6.68673
108 324 6.68673
109 324 6.68673
110 324 6.68673
122 324 6.37349
126 324 6.37349
168 324 6.47459
169 324 6.47459
14 325 6.47459
15 325 6.47459
76 325 6.47459
77 325 6.47459
99 325 6.57895
100 325 6.57895
123 325 6.37349
124 325 6.37349
11 326 6.47459
14 326 6.47459
15 326 6.47459
64 326 6.27549
76 326 6.37349
77 326 6.37349
91 326 6.37349
100 326 6.57895
124 326 6.37349
125 326 6.37349
130 326 6.37349
11 327 6.47459
15 327 6.47459
76 327 6.37349
77 327 6.37349
78 327 6.37349
86 327 6.37349
87 327 6.37349
91 327 6.37349
92 327 6.37349
121 327 6.37349
126 327 6.27549
127 327 6.27549
191 327 6.7981
61 328 6.27549
62 328 6.27549
78 328 6.37349
88 328 6.37349
89 328 6.37349
90 328 6.37349
127 328 6.27549
128 328 6.27549
136 328 6.47459
161 328 6.37349
194 328 6.57895
195 328 6.57895
53 329 5.74548
158 329 6.27549
196 329 6.57895
53 330 5.74548
60 330 5.9988
74 330 6.18047
158 330 6.27549
159 330 6.37349
176 330 6.47459
62 331 5.9988
65 331 5.58815
74 331 6.18047
75 331 6.18047
76 331 6.18047
62 332 5.9988
69 332 6.18047
70 332 6.08828
130 332 6.27549
70 333 6.08828
71 333 6.08828
72 333 6.08828
53 334 5.58815
77 334 5.74548
79 334 5.74548
126 334 6.08828
148 334 6.08828
75 335 5.74548
77 335 5.74548
79 335 5.74548
80 335 5.66572
98 335 5.91191
101 335 5.91191
105 335 5.9988
127 335 6.08828
139 335 6.08828
148 335 6.08828
149 335 6.08828
74 336 5.66572
75 336 5.74548
81 336 5.66572
82 336 5.66572
83 336 5.66572
98 336 5.91191
99 336 5.91191
102 336 5.91191
105 336 5.9988
106 336 5.9988
149 336 6.08828
74 337 5.66572
75 337 5.66572
76 337 5.66572
83 337 5.66572
84 337 5.66572
99 337 5.91191
102 337 5.91191
106 337 5.9988
107 337 5.9988
84 338 5.66572
85 338 5.66572
86 338 5.66572
107 338 5.9988
108 338 5.9988
80 339 5.66572
86 339 5.66572
87 339 5.66572
69 340 5.66572
70 340 5.66572
80 340 5.66572
81 340 5.66572
82 340 5.66572
87 340 5.66572
102 340 5.91191
103 340 5.91191
151 340 5.9988
152 340 5.9988
69 341 5.66572
70 341 5.66572
71 341 5.66572
81 341 5.66572
82 341 5.66572
83 341 5.66572
103 341 5.91191
126 341 5.74548
127 341 5.74548
71 342 5.66572
76 342 5.16396
78 342 5.16396
82 342 5.66572
83 342 5.66572
128 342 5.74548
71 343 5.66572
93 343 5.66572
103 343 5.82751
163 343 5.91191
71 344 5.66572
88 344 5.66572
106 344 5.74548
124 344 5.58815
88 345 5.66572
89 345 5.66572
163 345 5.74548
168 345 5.74548
89 346 5.66572
90 346 5.66572
121 346 5.58815
163 346 5.74548
164 346 5.74548
165 346 5.74548
63 347 5.36769
122 347 5.58815
163 347 5.74548
164 347 5.74548
165 347 5.74548
166 347 5.74548
54 348 5.36769
55 348 5.36769
55 349 5.36769
61 349 5.36769
61 350 5.36769
62 350 5.36769
96 350 5.36769
132 350 5.51268
158 350 5.66572
93 351 5.36769
97 351 5.36769
116 351 5.36769
132 351 5.51268
133 351 5.51268
49 352 5.23013
50 352 5.23013
56 352 5.29801
94 352 5.36769
97 352 5.36769
116 352 5.36769
120 352 5.29801
134 352 5.51268
48 353 5.23013
49 353 5.23013
50 353 5.23013
56 353 5.29801
57 353 5.29801
62 353 5.23013
95 353 5.36769
110 353 5.29801
112 353 5.51268
116 353 5.36769
117 353 5.36769
121 353 5.36769
49 354 5.23013
50 354 5.23013
51 354 5.23013
56 354 5.29801
57 354 5.29801
95 354 5.36769
109 354 5.51268
117 354 5.36769
118 354 5.36769
56 355 5.29801
57 355 5.29801
58 355 5.29801
130 355 5.29801
150 355 5.36769
94 356 5.09944
95 356 5.09944
100 356 5.16396
130 356 5.29801
150 356 5.36769
151 356 5.36769
131 357 5.29801
139 357 5.29801
106 358 5.09944
128 358 5.29801
135 358 5.29801
136 358 5.29801
83 359 5.09944
103 359 5.09944
104 359 5.09944
136 359 5.29801
64 360 5.03651
104 360 5.09944
105 360 5.09944
113 360 5.09944
64 361 4.97512
65 361 4.97512
60 362 4.97512
61 362 4.97512
62 362 4.97512
82 362 4.91521
552 362 5.82751
11 363 4.85673
13 363 4.85673
60 363 4.97512
62 363 4.97512
63 363 4.97512
554 363 5.66572
555 363 5.58815
556 363 5.51268
11 364 4.85673
13 364 4.85673
14 364 4.97512
81 364 4.91521
555 364 5.58815
556 364 5.51268
557 364 5.43922
558 364 5.43922
559 364 5.36769
560 364 5.36769
561 364 5.36769
562 364 5.23013
563 364 5.23013
565 364 5.23013
566 364 5.23013
567 364 5.29801
568 364 5.29801
569 364 5.16396
570 364 5.16396
571 364 5.16396
13 365 4.85673
14 365 4.97512
32 365 5.03651
85 365 4.79962
110 365 5.03651
558 365 5.43922
559 365 5.36769
560 365 5.36769
561 365 5.36769
562 365 5.23013
563 365 5.23013
564 365 5.23013
565 365 5.23013
566 365 5.23013
567 365 5.29801
568 365 5.29801
569 365 5.16396
570 365 5.16396
571 365 5.16396
572 365 5.09944
573 365 5.03651
39 366 4.85673
103 366 5.51268
110 366 4.97512
574 366 4.74383
39 367 4.85673
40 367 4.85673
107 367 4.91521
107 368 4.91521
108 368 4.91521
108 369 4.91521
109 369 4.91521
18 370 4.63607
99 370 4.85673
17 371 4.63607
18 371 4.63607
21 371 4.68933
69 371 4.584
70 371 4.584
71 371 4.584
81 371 4.74383
100 371 4.85673
72 372 4.584
82 372 4.74383
111 372 4.79962
123 372 4.85673
3 374 4.38693
69 374 4.53309
70 374 4.53309
77 374 4.63607
78 374 4.63607
87 374 4.63607
3 375 4.34028
70 375 4.53309
71 375 4.53309
78 375 4.63607
105 375 4.74383
3 376 4.34028
75 376 4.63607
82 376 4.584
472 376 5.03651
36 377 4.38693
75 377 4.63607
82 377 4.584
83 377 4.584
94 377 4.63607
472 377 5.03651
473 377 4.97512
474 377 4.97512
475 377 4.97512
36 378 4.34028
57 378 4.53309
95 378 4.63607
120 378 4.74383
121 378 4.68933
136 378 4.79962
473 378 4.97512
474 378 4.97512
475 378 4.97512
36 379 4.34028
37 379 4.34028
121 379 4.68933
122 379 4.68933
141 379 4.85673
36 380 4.34028
37 380 4.34028
88 380 4.53309
123 380 4.68933
124 380 4.63607
142 380 4.85673
37 381 4.34028
41 381 4.63607
53 381 4.29461
83 381 4.4833
84 381 4.43459
143 381 4.85673
37 382 4.34028
38 382 4.34028
47 382 4.29461
48 382 4.29461
49 382 4.29461
54 382 4.34028
65 382 4.38693
81 382 4.4833
111 382 4.584
137 382 4.79962
37 383 4.34028
38 383 4.34028
39 383 4.34028
48 383 4.29461
49 383 4.29461
50 383 4.29461
51 383 4.29461
54 383 4.34028
55 383 4.34028
65 383 4.38693
66 383 4.38693
82 383 4.4833
86 383 4.43459
92 383 4.4833
111 383 4.584
112 383 4.584
138 383 4.79962
39 384 4.34028
40 384 4.34028
93 384 4.4833
94 384 4.4833
112 384 4.584
139 384 4.79962
40 385 4.34028
41 385 4.29461
84 385 4.43459
104 385 4.4833
140 385 4.79962
291 385 4.74383
292 385 4.74383
293 385 4.74383
301 385 4.79962
238 386 4.85673
294 386 4.74383
41 388 4.63607
60 388 4.29461
61 388 4.24989
286 388 4.74383
293 388 4.63607
20 389 4.2061
35 389 4.584
38 389 4.29461
41 389 4.53309
46 389 4.1632
58 389 4.24989
60 389 4.24989
62 389 4.24989
286 389 4.74383
287 389 4.74383
288 389 4.74383
289 389 4.63607
290 389 4.63607
291 389 4.63607
292 389 4.63607
293 389 4.63607
37 390 4.29461
38 390 4.24989
46 390 4.2061
47 390 4.2061
57 390 4.24989
58 390 4.24989
59 390 4.24989
62 390 4.24989
63 390 4.24989
287 390 4.74383
288 390 4.74383
289 390 4.63607
290 390 4.63607
291 390 4.63607
292 390 4.63607
39 391 4.2061
57 391 4.2061
58 391 4.24989
59 391 4.24989
60 391 4.24989
39 392 4.1632
40 392 4.1632
41 392 4.1632
45 392 4.1632
58 392 4.2061
59 392 4.2061
60 392 4.2061
61 392 4.2061
27 393 4.12116
34 393 4.12116
35 393 4.12116
39 393 4.1632
40 393 4.1632
41 393 4.1632
42 393 4.2061
56 393 4.2061
59 393 4.2061
61 393 4.2061
62 393 4.2061
27 394 4.12116
28 394 4.12116
29 394 4.12116
35 394 4.12116
39 394 4.1632
40 394 4.1632
8 395 4.07997
10 395 4.07997
11 395 4.07997
27 395 4.12116
28 395 4.12116
29 395 4.12116
31 395 4.12116
35 395 4.12116
36 395 4.12116
50 395 4.1632
91 395 4.24989
11 396 4.07997
28 396 4.07997
29 396 4.12116
30 396 4.07997
32 396 4.07997
33 396 4.12116
42 396 4.12116
54 396 4.1632
92 396 4.24989
33 397 4.12116
34 397 4.12116
39 397 4.07997
34 398 4.12116
35 398 4.12116
113 398 4.24989
137 401 4.4833
12 402 4.03959
12 403 4.03959
120 405 4.34028
117 406 4.34028
118 406 4.34028
218 406 4.34028
219 406 4.34028
220 406 4.34028
118 407 4.34028
119 407 4.34028
220 407 4.34028
394 407 4.07997
85 408 4.03959
85 409 4.03959
85 410 4.03959
55 411 4.34028
60 412 4.03959
58 413 4.03959
96 413 4.03959
57 414 4.03959
58 414 4.03959
57 415 4.03959
58 415 4.03959
208 416 4.12116
412 418 4.07997
423 420 4.07997
495 420 4.03959
254 421 4.03959
255 421 4.03959
263 421 4.03959
264 421 4.03959
265 421 4.03959
425 421 4.03959
426 421 4.07997
194 426 4.03959
