70 3 29.0698
111 3 29.0698
112 3 29.0698
96 4 29.0698
98 4 29.0698
111 4 29.0698
558 4 22.6244
559 4 22.6244
79 5 29.0698
91 5 29.0698
95 5 29.0698
110 5 29.0698
71 6 29.0698
79 6 29.0698
109 6 29.0698
110 6 29.0698
528 6 22.6244
529 6 22.6244
98 7 29.0698
109 7 29.0698
110 7 29.0698
528 7 22.6244
73 8 29.0698
86 8 29.0698
98 8 29.0698
109 8 29.0698
81 9 31.2989
98 9 29.0698
105 9 29.0698
109 9 29.0698
73 10 29.0698
81 10 31.2989
104 10 29.0698
74 11 29.0698
91 11 29.0698
109 11 29.0698
538 11 22.6244
539 11 22.6244
558 11 21.4362
90 12 29.0698
531 12 22.6244
72 13 29.0698
107 13 29.0698
108 13 29.0698
531 13 22.6244
532 13 22.6244
533 13 22.6244
534 13 22.6244
72 14 29.0698
105 14 29.0698
107 14 29.0698
530 14 23.9521
533 14 22.6244
637 14 27.137
71 15 29.0698
104 15 29.0698
105 15 29.0698
534 15 22.6244
104 16 29.0698
105 16 29.0698
104 17 29.0698
80 18 29.0698
105 18 29.0698
534 18 22.6244
104 19 29.0698
105 19 29.0698
516 19 200
534 19 22.6244
562 19 21.4362
96 20 29.0698
104 20 29.0698
105 20 29.0698
563 20 21.4362
69 21 29.0698
78 21 29.0698
96 21 29.0698
97 21 29.0698
104 21 29.0698
105 21 29.0698
69 22 29.0698
96 22 29.0698
103 22 29.0698
104 22 29.0698
553 22 22.6244
554 22 22.6244
69 23 29.0698
75 23 29.0698
95 23 29.0698
104 23 29.0698
68 24 29.0698
69 24 29.0698
94 24 29.0698
95 24 29.0698
100 24 45.1467
104 24 29.0698
539 24 22.6244
67 25 29.0698
94 25 29.0698
104 25 29.0698
535 25 22.6244
536 25 22.6244
66 26 29.0698
67 26 29.0698
94 26 29.0698
104 26 29.0698
105 26 29.0698
117 26 31.2989
534 26 22.6244
535 26 22.6244
66 27 29.0698
93 27 29.0698
104 27 29.0698
105 27 29.0698
109 27 29.0698
117 27 31.2989
526 27 22.6244
527 27 22.6244
539 27 22.6244
547 27 22.6244
557 27 21.4362
69 28 29.0698
75 28 29.0698
76 28 29.0698
93 28 29.0698
104 28 29.0698
105 28 29.0698
109 28 29.0698
538 28 22.6244
539 28 22.6244
6 29 29.0698
7 29 29.0698
69 29 29.0698
93 29 29.0698
104 29 29.0698
105 29 29.0698
109 29 29.0698
67 30 29.0698
76 30 29.0698
81 30 29.0698
93 30 29.0698
109 30 29.0698
4 31 27.137
5 31 29.0698
67 31 29.0698
81 31 29.0698
92 31 29.0698
108 31 29.0698
526 31 21.4362
527 31 21.4362
528 31 21.4362
538 31 22.6244
556 31 22.6244
557 31 22.6244
70 32 29.0698
83 32 29.0698
92 32 29.0698
98 32 29.0698
107 32 29.0698
108 32 29.0698
526 32 21.4362
527 32 21.4362
83 33 29.0698
104 33 29.0698
105 33 29.0698
107 33 29.0698
108 33 29.0698
536 33 22.6244
537 33 22.6244
92 34 29.0698
107 34 29.0698
108 34 29.0698
3 35 27.137
323 35 29.0698
324 35 29.0698
4 36 27.137
70 36 29.0698
71 36 29.0698
76 36 29.0698
317 36 29.0698
318 36 29.0698
319 36 29.0698
320 36 29.0698
321 36 29.0698
323 36 29.0698
324 36 29.0698
3 37 27.137
4 37 27.137
70 37 29.0698
76 37 29.0698
81 37 29.0698
281 37 29.0698
315 37 29.0698
316 37 29.0698
70 38 29.0698
83 38 29.0698
275 38 31.2989
276 38 31.2989
278 38 31.2989
279 38 31.2989
281 38 29.0698
313 38 31.2989
314 38 31.2989
529 38 22.6244
11 39 29.0698
83 39 29.0698
312 39 31.2989
313 39 31.2989
528 39 22.6244
529 39 22.6244
11 40 29.0698
111 40 29.0698
112 40 29.0698
188 40 40.6504
310 40 31.2989
311 40 31.2989
527 40 22.6244
555 40 21.4362
3 41 27.137
11 41 29.0698
69 41 29.0698
103 41 29.0698
112 41 29.0698
308 41 31.2989
528 41 22.6244
529 41 22.6244
3 42 27.137
6 42 29.0698
11 42 29.0698
69 42 29.0698
103 42 29.0698
112 42 29.0698
529 42 22.6244
8 43 29.0698
9 43 29.0698
69 43 29.0698
70 43 29.0698
111 43 29.0698
112 43 29.0698
552 43 22.6244
9 44 29.0698
102 44 31.2989
111 44 29.0698
112 44 29.0698
554 44 22.6244
3 45 27.137
66 45 29.0698
102 45 31.2989
111 45 31.2989
112 45 31.2989
556 45 21.4362
3 46 29.0698
6 46 29.0698
13 46 29.0698
65 46 29.0698
66 46 29.0698
111 46 31.2989
557 46 21.4362
637 46 27.137
3 47 27.137
6 47 29.0698
12 47 29.0698
13 47 29.0698
71 47 29.0698
111 47 31.2989
168 47 45.1467
564 47 33.8983
11 48 29.0698
12 48 29.0698
93 48 27.137
94 48 27.137
95 48 27.137
111 48 31.2989
168 48 45.1467
523 48 22.6244
563 48 33.8983
564 48 33.8983
10 49 29.0698
76 49 29.0698
93 49 27.137
94 49 27.137
101 49 29.0698
115 49 29.0698
518 49 22.6244
519 49 22.6244
10 50 29.0698
94 50 29.0698
97 50 29.0698
101 50 29.0698
107 50 29.0698
115 50 29.0698
523 50 22.6244
524 50 22.6244
4 51 29.0698
7 51 29.0698
8 51 29.0698
13 51 29.0698
67 51 29.0698
79 51 29.0698
96 51 29.0698
100 51 29.0698
106 51 29.0698
107 51 29.0698
108 51 29.0698
115 51 29.0698
4 52 29.0698
8 52 29.0698
21 52 29.0698
72 52 29.0698
79 52 29.0698
96 52 29.0698
106 52 29.0698
107 52 29.0698
115 52 29.0698
558 52 21.4362
11 53 29.0698
76 53 29.0698
106 53 29.0698
107 53 29.0698
114 53 29.0698
115 53 29.0698
192 53 45.1467
3 54 27.137
10 54 29.0698
20 54 29.0698
73 54 29.0698
106 54 29.0698
114 54 29.0698
115 54 29.0698
521 54 22.6244
3 55 27.137
9 55 29.0698
73 55 29.0698
114 55 29.0698
519 55 22.6244
520 55 22.6244
521 55 22.6244
17 56 29.0698
21 56 29.0698
73 56 29.0698
113 56 29.0698
114 56 29.0698
10 57 29.0698
17 57 29.0698
18 57 29.0698
19 57 29.0698
70 57 29.0698
73 57 29.0698
81 57 29.0698
113 57 29.0698
114 57 29.0698
170 57 40.6504
192 57 40.6504
619 57 40.6504
3 58 29.0698
10 58 27.137
18 58 29.0698
81 58 29.0698
113 58 31.2989
519 58 22.6244
520 58 22.6244
9 59 29.0698
10 59 29.0698
13 59 27.137
69 59 29.0698
83 59 29.0698
113 59 31.2989
518 59 22.6244
519 59 22.6244
520 59 22.6244
521 59 22.6244
523 59 22.6244
556 59 21.4362
9 60 29.0698
69 60 29.0698
105 60 29.0698
113 60 31.2989
519 60 22.6244
520 60 22.6244
9 61 29.0698
69 61 29.0698
167 61 40.6504
6 62 29.0698
12 62 27.137
18 62 29.0698
24 62 27.137
26 62 29.0698
27 62 29.0698
69 62 29.0698
72 62 29.0698
82 62 29.0698
103 62 29.0698
104 62 29.0698
114 62 29.0698
167 62 40.6504
561 62 36.9686
5 63 29.0698
6 63 29.0698
12 63 27.137
18 63 29.0698
24 63 27.137
25 63 27.137
76 63 29.0698
82 63 29.0698
112 63 29.0698
113 63 29.0698
114 63 29.0698
521 63 22.6244
562 63 36.9686
563 63 36.9686
627 63 200
12 64 27.137
19 64 29.0698
25 64 27.137
82 64 29.0698
84 64 29.0698
85 64 31.2989
103 64 29.0698
112 64 29.0698
113 64 29.0698
562 64 36.9686
14 65 27.137
22 65 27.137
23 65 27.137
25 65 27.137
84 65 29.0698
112 65 31.2989
197 65 40.6504
522 65 22.6244
525 65 23.9521
22 66 27.137
108 66 29.0698
112 66 31.2989
197 66 40.6504
559 66 21.4362
22 67 27.137
70 67 29.0698
71 67 29.0698
112 67 29.0698
181 67 36.9686
197 67 40.6504
22 68 27.137
98 68 29.0698
113 68 29.0698
181 68 36.9686
197 68 40.6504
12 69 27.137
19 69 27.137
20 69 27.137
22 69 27.137
70 69 29.0698
113 69 29.0698
181 69 40.6504
186 69 40.6504
197 69 40.6504
18 70 27.137
19 70 27.137
66 70 29.0698
69 70 29.0698
98 70 29.0698
109 70 29.0698
113 70 29.0698
196 70 40.6504
197 70 40.6504
521 70 22.6244
527 70 23.9521
556 70 21.4362
7 71 27.137
8 71 27.137
16 71 27.137
66 71 29.0698
109 71 29.0698
112 71 29.0698
113 71 29.0698
180 71 40.6504
196 71 40.6504
467 71 36.9686
522 71 22.6244
526 71 23.9521
556 71 21.4362
557 71 21.4362
7 72 27.137
16 72 27.137
17 72 29.0698
30 72 29.0698
82 72 29.0698
83 72 29.0698
108 72 29.0698
109 72 29.0698
196 72 45.1467
521 72 22.6244
522 72 22.6244
523 72 22.6244
7 73 27.137
16 73 29.0698
26 73 27.137
27 73 27.137
30 73 29.0698
82 73 29.0698
108 73 29.0698
109 73 29.0698
172 73 45.1467
190 73 40.6504
196 73 45.1467
522 73 22.6244
523 73 22.6244
7 74 27.137
14 74 29.0698
23 74 27.137
24 74 27.137
70 74 29.0698
87 74 29.0698
107 74 29.0698
108 74 29.0698
171 74 45.1467
196 74 45.1467
14 75 29.0698
23 75 27.137
24 75 27.137
86 75 29.0698
108 75 31.2989
456 75 36.9686
556 75 22.6244
557 75 22.6244
6 76 27.137
7 76 27.137
13 76 29.0698
14 76 29.0698
21 76 27.137
69 76 29.0698
86 76 29.0698
106 76 31.2989
180 76 40.6504
189 76 40.6504
556 76 22.6244
6 77 27.137
7 77 27.137
14 77 29.0698
18 77 29.0698
37 77 29.0698
69 77 29.0698
180 77 40.6504
189 77 40.6504
196 77 40.6504
6 78 27.137
32 78 29.0698
35 78 29.0698
36 78 29.0698
67 78 29.0698
195 78 40.6504
5 79 27.137
12 79 29.0698
16 79 29.0698
34 79 29.0698
35 79 29.0698
67 79 29.0698
112 79 29.0698
194 79 40.6504
438 79 40.6504
439 79 40.6504
522 79 22.6244
528 79 22.6244
3 80 27.137
5 80 27.137
7 80 27.137
34 80 29.0698
67 80 29.0698
112 80 29.0698
174 80 45.1467
622 80 45.1467
33 81 29.0698
66 81 29.0698
67 81 29.0698
82 81 29.0698
83 81 29.0698
563 81 36.9686
564 81 36.9686
3 82 27.137
4 82 27.137
5 82 27.137
10 82 27.137
20 82 27.137
32 82 29.0698
33 82 29.0698
82 82 29.0698
85 82 29.0698
113 82 29.0698
196 82 40.6504
516 82 22.6244
622 82 45.1467
3 83 27.137
4 83 25.4453
9 83 27.137
10 83 27.137
16 83 27.137
40 83 29.0698
85 83 29.0698
113 83 29.0698
114 83 29.0698
195 83 40.6504
196 83 40.6504
518 83 22.6244
622 83 45.1467
3 84 27.137
19 84 27.137
29 84 29.0698
34 84 29.0698
35 84 29.0698
40 84 29.0698
85 84 29.0698
113 84 29.0698
114 84 29.0698
194 84 40.6504
595 84 80.9717
3 85 27.137
11 85 27.137
19 85 27.137
28 85 29.0698
29 85 29.0698
64 85 27.137
113 85 29.0698
114 85 29.0698
521 85 23.9521
522 85 23.9521
523 85 23.9521
599 85 67.5676
601 85 67.5676
3 86 27.137
4 86 27.137
11 86 27.137
18 86 27.137
19 86 27.137
24 86 29.0698
25 86 29.0698
28 86 29.0698
38 86 29.0698
39 86 29.0698
113 86 29.0698
114 86 29.0698
521 86 23.9521
522 86 23.9521
599 86 67.5676
600 86 67.5676
10 87 27.137
11 87 27.137
17 87 27.137
24 87 29.0698
38 87 29.0698
39 87 29.0698
62 87 29.0698
68 87 29.0698
76 87 27.137
113 87 29.0698
114 87 29.0698
622 87 45.1467
10 88 27.137
24 88 29.0698
35 88 29.0698
36 88 29.0698
62 88 29.0698
68 88 29.0698
76 88 27.137
113 88 29.0698
114 88 29.0698
369 88 40.6504
9 89 27.137
10 89 27.137
35 89 29.0698
36 89 29.0698
62 89 29.0698
68 89 29.0698
76 89 27.137
112 89 29.0698
113 89 29.0698
114 89 29.0698
177 89 45.1467
9 90 29.0698
13 90 29.0698
22 90 29.0698
78 90 29.0698
112 90 29.0698
113 90 29.0698
177 90 45.1467
524 90 22.6244
525 90 22.6244
526 90 22.6244
623 90 45.1467
9 91 29.0698
14 91 29.0698
32 91 29.0698
34 91 29.0698
110 91 29.0698
111 91 29.0698
113 91 29.0698
564 91 36.9686
9 92 29.0698
14 92 29.0698
19 92 27.137
29 92 29.0698
32 92 29.0698
64 92 29.0698
75 92 29.0698
76 92 27.137
109 92 29.0698
110 92 29.0698
113 92 29.0698
195 92 40.6504
564 92 36.9686
6 93 27.137
8 93 29.0698
9 93 29.0698
14 93 31.2989
15 93 31.2989
18 93 29.0698
27 93 29.0698
29 93 29.0698
64 93 29.0698
75 93 29.0698
109 93 29.0698
185 93 40.6504
189 93 40.6504
190 93 40.6504
223 93 57.971
621 93 45.1467
622 93 45.1467
18 94 29.0698
26 94 29.0698
27 94 29.0698
74 94 29.0698
101 94 29.0698
113 94 29.0698
190 94 40.6504
223 94 50.7614
526 94 22.6244
527 94 22.6244
528 94 22.6244
621 94 45.1467
5 95 27.137
20 95 29.0698
23 95 29.0698
34 95 29.0698
74 95 29.0698
113 95 29.0698
183 95 40.6504
184 95 40.6504
195 95 40.6504
459 95 36.9686
622 95 45.1467
623 95 45.1467
7 96 29.0698
14 96 29.0698
20 96 29.0698
23 96 29.0698
66 96 29.0698
84 96 27.137
113 96 29.0698
114 96 29.0698
183 96 40.6504
184 96 40.6504
195 96 40.6504
222 96 50.7614
622 96 45.1467
7 97 29.0698
85 97 29.0698
87 97 29.0698
112 97 29.0698
113 97 29.0698
114 97 29.0698
183 97 40.6504
194 97 40.6504
195 97 40.6504
8 98 29.0698
25 98 29.0698
31 98 29.0698
43 98 29.0698
49 98 27.137
67 98 29.0698
85 98 29.0698
87 98 29.0698
194 98 40.6504
526 98 23.9521
15 99 27.137
16 99 27.137
22 99 27.137
42 99 29.0698
48 99 27.137
49 99 27.137
51 99 27.137
67 99 29.0698
71 99 29.0698
114 99 29.0698
194 99 40.6504
522 99 23.9521
523 99 23.9521
4 100 27.137
13 100 29.0698
14 100 29.0698
27 100 29.0698
33 100 29.0698
34 100 29.0698
38 100 27.137
48 100 27.137
49 100 27.137
51 100 27.137
67 100 29.0698
73 100 29.0698
114 100 29.0698
194 100 40.6504
12 101 29.0698
13 101 29.0698
31 101 29.0698
32 101 29.0698
37 101 27.137
38 101 27.137
46 101 27.137
48 101 27.137
68 101 29.0698
114 101 29.0698
194 101 40.6504
11 102 29.0698
12 102 29.0698
13 102 29.0698
21 102 29.0698
22 102 29.0698
31 102 29.0698
45 102 27.137
46 102 27.137
47 102 27.137
68 102 29.0698
114 102 29.0698
193 102 40.6504
524 102 23.9521
525 102 23.9521
563 102 36.9686
10 103 29.0698
11 103 29.0698
20 103 27.137
21 103 29.0698
45 103 29.0698
46 103 27.137
68 103 29.0698
69 103 29.0698
72 103 29.0698
75 103 29.0698
114 103 29.0698
193 103 40.6504
3 104 67.5676
4 104 29.0698
9 104 27.137
15 104 31.2989
18 104 27.137
30 104 29.0698
43 104 27.137
45 104 29.0698
46 104 29.0698
75 104 29.0698
76 104 29.0698
114 104 29.0698
193 104 40.6504
18 105 27.137
30 105 27.137
36 105 29.0698
37 105 29.0698
43 105 29.0698
114 105 29.0698
193 105 40.6504
18 106 27.137
28 106 29.0698
48 106 29.0698
123 106 31.2989
185 106 40.6504
460 106 36.9686
526 106 22.6244
18 107 27.137
27 107 29.0698
42 107 29.0698
47 107 29.0698
48 107 29.0698
123 107 31.2989
185 107 40.6504
533 107 21.4362
27 108 29.0698
38 108 29.0698
42 108 29.0698
113 108 29.0698
122 108 31.2989
123 108 31.2989
197 108 40.6504
9 109 27.137
14 109 27.137
17 109 29.0698
23 109 29.0698
26 109 29.0698
41 109 29.0698
109 109 29.0698
122 109 31.2989
123 109 31.2989
622 109 45.1467
8 110 27.137
9 110 27.137
13 110 27.137
14 110 27.137
23 110 29.0698
43 110 29.0698
122 110 29.0698
3 111 27.137
8 111 27.137
9 111 27.137
23 111 29.0698
34 111 29.0698
43 111 29.0698
72 111 29.0698
76 111 29.0698
122 111 29.0698
196 111 40.6504
532 111 22.6244
533 111 22.6244
5 112 27.137
16 112 27.137
19 112 29.0698
40 112 29.0698
41 112 29.0698
121 112 29.0698
122 112 29.0698
196 112 40.6504
15 113 27.137
16 113 27.137
37 113 27.137
40 113 29.0698
41 113 29.0698
49 113 31.2989
50 113 31.2989
73 113 29.0698
121 113 29.0698
122 113 29.0698
195 113 40.6504
196 113 40.6504
4 114 27.137
35 114 29.0698
36 114 29.0698
37 114 29.0698
49 114 31.2989
50 114 31.2989
74 114 29.0698
121 114 29.0698
122 114 29.0698
230 114 50.7614
264 114 57.971
4 115 31.2989
9 115 25.4453
16 115 27.137
37 115 29.0698
49 115 31.2989
74 115 29.0698
121 115 29.0698
219 115 50.7614
230 115 50.7614
9 116 27.137
15 116 27.137
16 116 27.137
37 116 29.0698
75 116 29.0698
115 116 29.0698
120 116 29.0698
121 116 29.0698
230 116 50.7614
9 117 27.137
33 117 29.0698
35 117 29.0698
36 117 29.0698
37 117 29.0698
47 117 31.2989
138 117 80.9717
230 117 50.7614
5 118 27.137
6 118 27.137
9 118 27.137
28 118 27.137
31 118 29.0698
47 118 33.8983
119 118 29.0698
137 118 80.9717
230 118 50.7614
6 119 27.137
21 119 27.137
28 119 29.0698
31 119 29.0698
40 119 29.0698
230 119 50.7614
5 120 27.137
17 120 27.137
21 120 27.137
107 120 29.0698
229 120 50.7614
5 121 27.137
10 121 31.2989
11 121 29.0698
13 121 31.2989
17 121 27.137
29 121 29.0698
30 121 29.0698
46 121 31.2989
47 121 31.2989
75 121 29.0698
77 121 29.0698
188 121 40.6504
5 122 29.0698
17 122 27.137
29 122 29.0698
51 122 29.0698
77 122 29.0698
117 122 29.0698
121 122 31.2989
188 122 40.6504
3 123 31.2989
45 123 31.2989
117 123 29.0698
121 123 31.2989
188 123 40.6504
230 123 50.7614
12 124 25.4453
40 124 29.0698
44 124 33.8983
45 124 33.8983
117 124 29.0698
119 124 29.0698
230 124 50.7614
8 125 31.2989
43 125 33.8983
188 125 40.6504
265 125 67.5676
8 126 31.2989
28 126 29.0698
29 126 29.0698
38 126 29.0698
39 126 29.0698
40 126 29.0698
264 126 67.5676
4 127 29.0698
28 127 29.0698
29 127 29.0698
38 127 29.0698
39 127 29.0698
19 128 27.137
116 128 29.0698
27 129 29.0698
30 129 29.0698
36 129 29.0698
116 129 29.0698
3 130 50.7614
27 130 29.0698
50 130 29.0698
76 130 29.0698
233 130 50.7614
618 130 40.6504
12 131 27.137
27 131 29.0698
34 131 31.2989
48 131 29.0698
49 131 29.0698
116 131 29.0698
117 131 29.0698
154 131 67.5676
15 132 27.137
26 132 29.0698
46 132 29.0698
115 132 31.2989
116 132 31.2989
15 133 27.137
25 133 29.0698
26 133 29.0698
46 133 29.0698
112 133 29.0698
7 134 29.0698
13 134 27.137
26 134 29.0698
620 134 40.6504
7 135 29.0698
42 135 29.0698
47 135 29.0698
78 135 29.0698
111 135 29.0698
235 135 50.7614
619 135 40.6504
620 135 40.6504
3 136 29.0698
4 136 29.0698
9 136 29.0698
24 136 29.0698
42 136 29.0698
49 136 40.6504
50 136 40.6504
118 136 29.0698
235 136 50.7614
3 137 29.0698
4 137 29.0698
9 137 29.0698
13 137 29.0698
14 137 29.0698
35 137 27.137
100 137 27.137
109 137 29.0698
117 137 29.0698
12 138 29.0698
18 138 29.0698
31 138 31.2989
32 138 31.2989
621 138 40.6504
12 139 29.0698
31 139 31.2989
32 139 31.2989
44 139 40.6504
9 140 31.2989
26 140 31.2989
31 140 31.2989
115 140 33.8983
9 141 31.2989
30 141 29.0698
56 141 45.1467
88 141 29.0698
114 141 31.2989
6 142 29.0698
9 142 31.2989
30 142 29.0698
88 142 29.0698
112 142 29.0698
113 142 29.0698
114 142 31.2989
4 143 29.0698
11 143 31.2989
88 143 29.0698
101 143 29.0698
102 143 29.0698
111 143 29.0698
112 143 29.0698
3 144 29.0698
4 144 29.0698
14 144 31.2989
28 144 29.0698
29 144 29.0698
33 144 29.0698
37 144 29.0698
101 144 29.0698
110 144 29.0698
3 145 29.0698
14 145 31.2989
26 145 31.2989
28 145 31.2989
79 145 40.6504
110 145 29.0698
234 145 50.7614
3 146 27.137
26 146 31.2989
620 146 45.1467
26 147 33.8983
39 147 29.0698
88 147 29.0698
224 147 57.971
21 148 31.2989
87 148 29.0698
88 148 29.0698
111 148 36.9686
233 148 50.7614
12 149 31.2989
20 149 31.2989
87 149 29.0698
107 149 29.0698
7 150 29.0698
87 150 29.0698
101 150 29.0698
6 151 29.0698
7 151 29.0698
8 151 29.0698
31 151 29.0698
64 151 45.1467
87 151 29.0698
98 151 29.0698
6 152 29.0698
7 152 29.0698
14 152 31.2989
15 152 31.2989
18 152 29.0698
31 152 29.0698
32 152 29.0698
86 152 29.0698
87 152 29.0698
98 152 29.0698
99 152 29.0698
232 152 50.7614
20 153 29.0698
27 153 31.2989
31 153 29.0698
86 153 29.0698
99 153 29.0698
100 153 29.0698
15 154 31.2989
99 154 29.0698
100 154 29.0698
110 154 40.6504
85 155 29.0698
99 155 29.0698
20 156 29.0698
25 156 31.2989
26 156 33.8983
85 156 31.2989
99 156 29.0698
100 156 29.0698
10 157 29.0698
16 157 31.2989
17 157 31.2989
23 157 31.2989
89 157 200
99 157 29.0698
100 157 29.0698
99 158 29.0698
108 158 45.1467
18 159 31.2989
33 159 31.2989
68 159 40.6504
73 159 45.1467
98 159 29.0698
17 160 31.2989
18 160 31.2989
29 160 31.2989
33 160 31.2989
73 160 45.1467
97 160 29.0698
98 160 29.0698
12 161 31.2989
18 161 31.2989
35 161 31.2989
97 161 29.0698
12 162 31.2989
82 162 31.2989
96 162 29.0698
97 162 29.0698
111 162 45.1467
26 163 31.2989
96 163 29.0698
97 163 29.0698
35 164 31.2989
83 164 29.0698
84 164 29.0698
96 164 29.0698
97 164 29.0698
105 164 45.1467
180 164 40.6504
35 165 31.2989
36 165 31.2989
84 165 29.0698
97 165 29.0698
105 165 45.1467
27 166 31.2989
31 166 31.2989
84 166 29.0698
97 166 29.0698
98 166 29.0698
104 166 45.1467
229 166 57.971
31 167 31.2989
97 167 29.0698
98 167 29.0698
229 167 57.971
25 168 31.2989
75 168 40.6504
97 168 29.0698
98 168 29.0698
25 169 31.2989
26 169 31.2989
80 169 31.2989
97 169 29.0698
98 169 29.0698
180 169 40.6504
16 170 31.2989
23 170 31.2989
24 170 31.2989
180 170 40.6504
3 171 29.0698
19 171 31.2989
23 171 31.2989
98 171 29.0698
265 171 67.5676
3 172 29.0698
98 172 31.2989
224 172 57.971
3 173 29.0698
15 173 31.2989
82 173 29.0698
98 173 31.2989
259 173 67.5676
3 174 29.0698
24 174 31.2989
82 174 29.0698
98 174 31.2989
180 174 40.6504
3 175 29.0698
24 175 31.2989
25 175 31.2989
36 175 31.2989
81 175 29.0698
82 175 29.0698
85 175 29.0698
109 175 45.1467
463 175 67.5676
464 175 57.971
465 175 50.7614
466 175 50.7614
467 175 45.1467
3 176 29.0698
24 176 31.2989
99 176 29.0698
463 176 67.5676
464 176 57.971
465 176 50.7614
466 176 50.7614
467 176 45.1467
3 177 29.0698
14 177 31.2989
99 177 29.0698
462 177 67.5676
464 177 57.971
465 177 50.7614
466 177 50.7614
467 177 45.1467
3 178 29.0698
99 178 29.0698
182 178 40.6504
465 178 50.7614
466 178 50.7614
3 179 29.0698
99 179 29.0698
102 179 40.6504
182 179 40.6504
3 180 29.0698
101 180 40.6504
3 181 29.0698
100 181 40.6504
3 182 29.0698
86 182 29.0698
469 182 80.9717
470 182 80.9717
471 182 80.9717
472 182 67.5676
3 183 29.0698
86 183 29.0698
101 183 40.6504
468 183 101.01
469 183 80.9717
470 183 80.9717
471 183 80.9717
472 183 67.5676
100 184 40.6504
101 184 40.6504
187 184 45.1467
468 184 101.01
469 184 80.9717
470 184 80.9717
471 184 80.9717
472 184 67.5676
3 185 29.0698
100 185 40.6504
101 185 40.6504
187 185 40.6504
581 185 16.9779
582 185 16.2999
583 185 16.2999
584 185 16.2999
3 186 29.0698
584 186 16.2999
99 187 40.6504
109 187 45.1467
110 187 45.1467
187 187 45.1467
9 188 36.9686
108 188 45.1467
539 188 16.2999
3 189 29.0698
225 189 57.971
538 189 16.2999
539 189 16.2999
540 189 16.2999
555 189 17.7148
581 189 16.2999
582 189 16.2999
585 189 16.2999
3 190 29.0698
539 190 16.2999
582 190 16.2999
3 191 29.0698
539 191 16.2999
562 191 17.7148
582 191 16.2999
583 191 16.2999
3 192 29.0698
538 192 16.2999
539 192 16.2999
582 192 16.2999
583 192 16.2999
586 192 16.2999
539 193 16.2999
544 193 18.5185
545 193 18.5185
583 193 16.2999
3 194 29.0698
22 194 31.2989
87 194 29.0698
187 194 40.6504
522 194 20.3666
538 194 16.9779
539 194 16.9779
3 195 29.0698
15 195 36.9686
37 195 31.2989
87 195 29.0698
187 195 40.6504
480 195 29.0698
481 195 29.0698
538 195 16.2999
583 195 16.2999
584 195 16.2999
587 195 16.2999
3 196 29.0698
30 196 31.2989
35 196 31.2989
37 196 31.2989
87 196 29.0698
226 196 50.7614
584 196 16.2999
3 197 29.0698
30 197 31.2989
35 197 31.2989
538 197 16.2999
3 198 29.0698
7 198 29.0698
30 198 31.2989
35 198 31.2989
258 198 67.5676
520 198 20.3666
538 198 16.2999
3 199 29.0698
35 199 31.2989
187 199 45.1467
226 199 57.971
538 199 16.2999
543 199 17.7148
584 199 16.2999
585 199 16.2999
588 199 16.2999
3 200 29.0698
21 200 36.9686
35 200 31.2989
187 200 45.1467
537 200 16.2999
538 200 16.2999
585 200 16.2999
3 201 29.0698
31 201 31.2989
35 201 31.2989
187 201 45.1467
406 201 134.228
407 201 134.228
492 201 20.3666
493 201 20.3666
529 201 16.9779
530 201 16.9779
538 201 16.2999
543 201 17.7148
585 201 16.2999
3 202 29.0698
31 202 31.2989
35 202 31.2989
460 202 27.137
492 202 20.3666
529 202 16.9779
530 202 16.9779
537 202 16.9779
538 202 16.9779
585 202 16.2999
588 202 16.9779
589 202 16.9779
3 203 29.0698
21 203 36.9686
31 203 31.2989
35 203 31.2989
100 203 29.0698
492 203 20.3666
529 203 16.9779
530 203 16.9779
536 203 16.9779
537 203 16.9779
538 203 16.9779
585 203 16.2999
588 203 16.9779
589 203 16.9779
3 204 29.0698
31 204 31.2989
35 204 31.2989
49 204 45.1467
513 204 25.4453
528 204 16.9779
529 204 16.9779
3 205 29.0698
31 205 31.2989
35 205 31.2989
49 205 45.1467
56 205 45.1467
496 205 20.3666
497 205 20.3666
498 205 20.3666
625 205 12.3533
626 205 12.3533
627 205 12.3533
629 205 11.9904
3 206 29.0698
31 206 31.2989
35 206 31.2989
49 206 45.1467
56 206 45.1467
99 206 31.2989
626 206 12.3533
637 206 16.2999
3 207 29.0698
31 207 31.2989
35 207 31.2989
82 207 29.0698
98 207 31.2989
164 207 57.971
227 207 50.7614
387 207 80.9717
388 207 80.9717
389 207 80.9717
390 207 57.971
468 207 25.4453
469 207 25.4453
3 208 29.0698
82 208 29.0698
97 208 31.2989
98 208 31.2989
164 208 57.971
227 208 50.7614
469 208 25.4453
470 208 25.4453
3 209 29.0698
82 209 29.0698
97 209 31.2989
164 209 57.971
227 209 50.7614
588 209 13.1492
3 210 29.0698
34 210 31.2989
83 210 29.0698
187 210 45.1467
227 210 50.7614
561 210 16.9779
562 210 16.9779
633 210 14.0548
634 210 13.587
636 210 13.1492
637 210 13.1492
3 211 29.0698
16 211 31.2989
98 211 36.9686
187 211 45.1467
636 211 13.1492
637 211 13.1492
3 212 29.0698
15 212 31.2989
16 212 31.2989
50 212 33.8983
3 213 29.0698
40 213 31.2989
50 213 33.8983
531 213 16.2999
532 213 16.2999
586 213 13.1492
40 214 31.2989
50 214 33.8983
72 214 27.137
75 214 27.137
530 214 16.2999
531 214 16.2999
532 214 16.2999
551 214 16.2999
552 214 16.2999
553 214 16.2999
554 214 16.2999
4 215 29.0698
74 215 27.137
75 215 27.137
551 215 16.2999
552 215 16.2999
570 215 14.0548
627 215 13.587
3 216 29.0698
4 216 29.0698
19 216 40.6504
463 216 27.137
464 216 27.137
537 216 16.9779
538 216 16.9779
601 216 12.7389
626 216 13.587
627 216 13.587
19 217 40.6504
21 217 40.6504
184 217 40.6504
463 217 27.137
626 217 13.1492
627 217 13.1492
19 218 40.6504
84 218 29.0698
184 218 40.6504
463 218 27.137
531 218 16.2999
3 219 29.0698
4 219 29.0698
52 219 33.8983
72 219 25.4453
184 219 40.6504
479 219 22.6244
492 219 21.4362
493 219 20.3666
496 219 19.3986
531 219 16.2999
626 219 13.1492
627 219 13.1492
3 220 29.0698
52 220 33.8983
72 220 27.137
96 220 29.0698
495 220 20.3666
496 220 19.3986
531 220 16.2999
598 220 13.1492
626 220 13.1492
3 221 29.0698
19 221 40.6504
21 221 40.6504
72 221 27.137
96 221 29.0698
531 221 16.2999
558 221 14.0548
559 221 14.0548
584 221 12.7389
597 221 13.1492
598 221 13.1492
599 221 13.1492
3 222 29.0698
19 222 40.6504
72 222 27.137
96 222 29.0698
442 222 33.8983
443 222 33.8983
539 222 16.2999
557 222 14.0548
558 222 14.0548
559 222 14.0548
566 222 13.1492
4 223 29.0698
19 223 40.6504
21 223 40.6504
72 223 27.137
96 223 29.0698
97 223 29.0698
519 223 17.7148
520 223 17.7148
522 223 16.9779
523 223 17.7148
539 223 16.2999
558 223 14.0548
563 223 14.0548
3 224 29.0698
4 224 29.0698
19 224 40.6504
72 224 27.137
518 224 17.7148
519 224 17.7148
520 224 17.7148
523 224 17.7148
531 224 16.9779
532 224 16.9779
539 224 16.2999
563 224 14.0548
610 224 12.3533
611 224 12.3533
619 224 12.3533
3 225 29.0698
19 225 40.6504
72 225 27.137
73 225 27.137
491 225 21.4362
492 225 21.4362
518 225 17.7148
519 225 17.7148
523 225 17.7148
524 225 17.7148
531 225 16.9779
532 225 16.9779
539 225 16.2999
562 225 14.0548
563 225 14.0548
637 225 11.9904
3 226 29.0698
19 226 40.6504
52 226 31.2989
102 226 31.2989
103 226 31.2989
480 226 22.6244
490 226 21.4362
518 226 17.7148
519 226 17.7148
539 226 16.2999
572 226 15.674
573 226 15.0943
636 226 11.9904
637 226 11.9904
3 227 29.0698
52 227 31.2989
83 227 29.0698
93 227 29.0698
100 227 31.2989
103 227 31.2989
104 227 31.2989
480 227 22.6244
518 227 17.7148
519 227 17.7148
531 227 16.9779
532 227 16.9779
539 227 16.2999
554 227 16.2999
555 227 15.674
556 227 15.674
557 227 15.0943
558 227 15.0943
559 227 14.556
612 227 11.9904
83 228 29.0698
93 228 29.0698
480 228 22.6244
518 228 17.7148
519 228 17.7148
525 228 16.9779
531 228 16.9779
532 228 16.9779
539 228 16.2999
556 228 15.0943
557 228 15.0943
558 228 15.0943
570 228 16.2999
573 228 14.0548
574 228 14.556
575 228 14.556
576 228 14.0548
577 228 13.587
578 228 13.587
579 228 13.1492
580 228 13.1492
581 228 12.7389
604 228 11.9904
611 228 11.9904
612 228 11.9904
613 228 11.9904
618 228 14.0548
624 228 11.9904
625 228 11.9904
22 229 31.2989
83 229 29.0698
117 229 31.2989
479 229 22.6244
518 229 17.7148
519 229 17.7148
525 229 16.9779
539 229 16.2999
574 229 14.556
575 229 14.556
576 229 14.0548
578 229 13.587
579 229 13.1492
580 229 13.1492
581 229 12.7389
583 229 12.3533
604 229 11.9904
611 229 11.9904
612 229 11.9904
613 229 11.9904
618 229 14.0548
619 229 14.0548
622 229 12.3533
623 229 11.9904
624 229 11.9904
625 229 11.9904
626 229 11.6482
628 229 10.4548
629 229 10.1937
630 229 10.1937
631 229 9.9453
3 230 29.0698
22 230 31.2989
93 230 29.0698
517 230 17.7148
518 230 17.7148
519 230 17.7148
554 230 14.556
603 230 11.9904
604 230 11.9904
612 230 11.9904
613 230 11.9904
623 230 11.9904
624 230 11.9904
627 230 11.325
3 231 29.0698
126 231 31.2989
518 231 17.7148
519 231 17.7148
554 231 14.556
603 231 12.3533
604 231 11.9904
613 231 11.9904
518 232 17.7148
519 232 17.7148
547 232 15.0943
548 232 15.0943
554 232 14.556
555 232 14.556
603 232 12.3533
604 232 12.3533
606 232 11.9904
612 232 11.9904
613 232 11.9904
614 232 11.9904
619 232 12.3533
629 232 11.9904
546 233 15.0943
547 233 15.0943
551 233 13.587
603 233 12.3533
612 233 11.9904
613 233 11.9904
614 233 11.9904
629 233 11.9904
56 234 27.137
60 234 27.137
501 234 20.3666
518 234 17.7148
519 234 17.7148
525 234 16.9779
546 234 15.0943
603 234 12.3533
604 234 11.9904
610 234 12.7389
611 234 12.3533
628 234 11.9904
629 234 11.9904
630 234 11.9904
7 235 27.137
56 235 27.137
495 235 20.3666
496 235 20.3666
501 235 20.3666
519 235 17.7148
545 235 15.0943
546 235 15.0943
547 235 15.0943
550 235 13.587
603 235 12.3533
604 235 12.3533
628 235 11.9904
629 235 11.9904
630 235 11.9904
55 236 27.137
56 236 27.137
494 236 20.3666
501 236 20.3666
546 236 15.0943
603 236 12.3533
604 236 11.9904
606 236 11.9904
629 236 11.9904
630 236 11.9904
56 237 27.137
82 237 27.137
495 237 20.3666
603 237 12.3533
604 237 11.9904
608 237 14.0548
609 237 14.0548
610 237 13.587
611 237 13.1492
612 237 12.3533
613 237 12.3533
614 237 11.9904
615 237 11.9904
616 237 11.6482
613 238 12.3533
614 238 11.9904
615 238 11.9904
616 238 11.6482
617 238 11.325
618 238 11.0193
619 238 10.7296
589 239 12.3533
590 239 12.3533
591 239 12.3533
637 239 10.7296
523 240 17.7148
589 240 12.3533
590 240 12.3533
637 240 10.7296
588 241 12.7389
589 241 12.3533
636 241 10.7296
637 241 10.7296
588 242 12.7389
589 242 12.7389
635 242 10.7296
636 242 10.4548
637 242 10.4548
592 243 11.6482
620 243 11.9904
621 243 11.9904
636 243 10.4548
587 244 12.7389
635 244 10.7296
636 244 10.7296
587 245 12.7389
635 245 10.7296
551 246 15.0943
587 246 12.7389
634 246 10.7296
635 246 10.7296
634 247 10.7296
592 248 14.0548
593 248 14.0548
594 248 14.0548
597 248 12.3533
598 248 12.3533
633 248 10.7296
634 248 10.7296
637 248 10.7296
592 249 14.0548
597 249 12.3533
598 249 12.3533
599 249 12.3533
632 249 10.7296
633 249 10.7296
636 249 10.7296
637 249 10.7296
597 250 12.3533
598 250 12.3533
599 250 12.3533
632 250 10.7296
636 250 10.4548
637 250 10.4548
557 251 14.556
558 251 14.556
599 251 12.3533
632 251 10.7296
636 251 10.4548
637 251 10.4548
548 252 15.674
557 252 14.556
558 252 14.556
598 252 12.3533
632 252 10.7296
635 252 10.7296
636 252 10.4548
548 253 15.674
557 253 14.556
631 253 10.7296
632 253 10.7296
635 253 10.4548
636 253 10.4548
199 254 14.556
548 254 15.674
549 254 15.674
550 254 15.674
589 254 12.7389
598 254 11.9904
599 254 11.9904
600 254 11.9904
631 254 10.7296
632 254 10.7296
196 255 14.556
501 255 15.0943
589 255 12.7389
598 255 11.9904
599 255 11.9904
600 255 11.9904
631 255 11.0193
632 255 10.7296
635 255 10.4548
589 256 12.7389
589 257 12.7389
590 257 12.7389
634 257 10.7296
635 257 10.4548
589 258 12.7389
590 258 12.7389
594 258 12.7389
595 258 12.7389
596 258 12.7389
589 259 12.7389
590 259 12.7389
594 259 12.7389
595 259 12.7389
596 259 12.7389
590 260 12.3533
590 261 12.3533
591 262 12.3533
594 263 12.7389
595 263 12.7389
596 263 12.3533
597 263 12.3533
598 263 12.3533
595 264 12.7389
596 264 12.3533
632 264 10.1937
225 265 13.1492
232 265 13.1492
631 265 10.1937
632 265 10.1937
225 266 13.1492
226 266 13.1492
233 266 13.1492
589 266 13.1492
590 266 13.1492
591 266 13.1492
592 266 12.7389
632 266 10.1937
242 267 12.7389
243 268 12.7389
187 271 11.9904
558 271 11.9904
559 271 11.9904
560 271 11.9904
563 271 11.0193
564 271 11.0193
632 271 10.4548
633 271 10.4548
634 271 10.4548
184 272 11.9904
633 272 10.4548
634 272 10.4548
633 273 10.4548
634 273 10.4548
239 274 11.0193
634 274 10.4548
635 274 10.4548
236 275 11.0193
240 275 11.325
586 275 11.9904
588 275 11.6482
589 275 11.325
590 275 11.325
635 275 10.1937
636 275 10.1937
235 276 11.0193
236 276 11.0193
237 276 11.325
636 276 10.1937
637 276 10.1937
182 277 11.0193
237 277 11.0193
637 277 10.1937
217 278 11.0193
218 278 11.0193
188 280 10.7296
120 281 10.4548
450 281 11.6482
451 281 11.6482
454 281 11.0193
455 281 11.0193
191 282 10.1937
149 283 10.1937
171 283 10.4548
169 284 10.4548
139 285 10.1937
139 286 10.1937
123 288 9.48317
124 289 9.48317
125 289 9.48317
90 290 9.26784
138 290 9.48317
211 290 9.26784
90 291 9.26784
91 291 9.26784
137 291 9.48317
138 291 9.48317
139 291 9.48317
88 292 9.26784
104 292 9.48317
154 292 8.86525
155 292 8.86525
88 293 9.26784
104 293 9.48317
119 293 8.86525
122 293 9.06207
123 293 9.06207
218 293 9.06207
119 294 8.86525
120 294 9.06207
219 294 9.06207
97 295 8.86525
214 295 8.86525
215 295 8.86525
216 295 8.86525
130 296 8.67679
215 296 8.86525
216 296 8.86525
217 296 8.86525
82 297 8.67679
131 297 8.67679
50 298 8.67679
86 298 8.67679
46 299 8.32293
83 299 8.67679
46 300 8.32293
156 300 7.9968
169 300 8.32293
174 300 8.15661
149 301 7.84314
92 302 7.9968
92 303 7.9968
93 303 7.9968
129 303 8.15661
88 304 8.15661
188 304 7.69527
203 304 7.9968
204 304 7.9968
185 305 7.69527
204 305 7.84314
205 305 7.9968
34 306 7.69527
186 306 7.69527
191 306 7.69527
199 306 7.84314
200 306 7.84314
31 307 7.69527
32 307 7.69527
202 307 7.84314
32 308 7.69527
152 308 7.55287
26 309 7.69527
31 309 7.69527
32 309 7.69527
39 309 7.41565
56 309 7.55287
146 309 7.41565
26 310 7.69527
31 310 7.69527
56 310 7.55287
69 310 7.41565
91 310 7.15564
92 310 7.15564
104 310 7.55287
146 310 7.41565
164 310 7.41565
165 310 7.41565
180 310 7.15564
199 310 7.69527
217 310 7.69527
228 310 8.15661
229 310 8.15661
231 310 8.15661
26 311 7.69527
56 311 7.55287
70 311 7.41565
88 311 7.15564
92 311 7.15564
93 311 7.15564
118 311 7.28332
165 311 7.41565
166 311 7.41565
187 311 7.41565
229 311 8.15661
230 311 8.15661
231 311 8.15661
232 311 8.15661
4 312 7.55287
26 312 7.69527
88 312 7.15564
89 312 7.15564
93 312 7.15564
118 312 7.28332
119 312 7.28332
166 312 7.41565
184 312 7.41565
497 312 7.69527
499 312 7.84314
74 313 7.28332
89 313 7.15564
118 313 7.28332
119 313 7.28332
495 313 7.84314
95 314 6.91324
110 314 6.91324
119 314 7.28332
19 315 7.28332
20 315 7.28332
80 315 7.15564
95 315 6.7981
133 315 7.03235
134 315 7.03235
136 315 7.03235
159 315 7.15564
163 315 7.15564
190 315 7.28332
191 315 7.15564
19 316 7.28332
20 316 7.28332
58 316 7.03235
66 316 7.03235
67 316 7.03235
76 316 6.68673
91 316 7.03235
95 316 6.7981
96 316 6.7981
134 316 7.03235
159 316 7.15564
160 316 7.15564
221 316 7.69527
93 317 6.91324
96 317 6.7981
97 317 6.68673
161 317 7.15564
169 317 6.7981
193 317 7.03235
194 317 7.03235
98 318 6.68673
99 318 6.68673
107 319 6.7981
189 319 7.03235
190 319 7.03235
27 320 6.91324
108 320 6.7981
190 320 7.03235
194 320 7.03235
96 321 6.68673
138 321 6.7981
141 321 6.68673
183 321 6.91324
21 322 6.68673
92 322 6.68673
141 322 6.68673
182 322 6.91324
183 322 6.91324
93 323 6.68673
172 323 6.57895
183 323 6.91324
172 324 6.57895
39 325 6.47459
112 325 6.37349
39 326 6.47459
76 326 6.47459
108 326 6.47459
143 326 6.18047
150 326 6.37349
20 327 6.47459
54 327 6.27549
108 327 6.47459
140 327 6.27549
150 327 6.37349
151 327 6.27549
167 327 6.37349
20 328 6.47459
140 328 6.27549
141 328 6.27549
142 328 6.27549
150 328 6.37349
151 328 6.27549
96 329 6.08828
150 329 6.27549
151 329 6.27549
152 329 6.27549
153 329 6.27549
154 329 6.18047
183 329 6.47459
615 329 6.68673
616 329 6.68673
78 330 6.08828
96 330 6.08828
97 330 6.08828
154 330 6.18047
155 330 6.27549
183 330 6.47459
184 330 6.47459
97 331 6.08828
133 331 6.18047
184 331 6.47459
14 332 6.18047
185 332 6.47459
186 332 6.47459
190 332 6.37349
41 333 5.9988
42 333 5.9988
129 333 6.27549
131 333 6.18047
140 333 6.18047
36 334 5.9988
40 334 5.9988
42 334 5.9988
141 334 6.18047
3 335 6.18047
33 335 5.9988
37 335 5.9988
40 335 5.9988
41 335 5.9988
43 335 5.9988
97 335 5.91191
106 335 5.91191
125 335 5.82751
126 335 5.82751
170 335 6.18047
34 336 5.9988
41 336 5.9988
97 336 5.91191
98 336 5.91191
102 336 5.82751
126 336 5.82751
102 337 5.82751
103 337 5.82751
77 338 5.74548
78 338 5.66572
79 338 5.66572
103 338 5.82751
104 338 5.82751
110 338 5.74548
128 338 5.74548
160 338 6.08828
74 339 5.82751
75 339 6.08828
79 339 5.66572
80 339 5.58815
98 339 5.74548
105 339 5.74548
110 339 5.74548
126 339 5.74548
129 339 5.74548
196 339 6.57895
72 340 5.82751
74 340 5.82751
75 340 5.74548
79 340 5.66572
80 340 5.58815
98 340 5.74548
111 340 5.74548
154 340 5.9988
71 341 5.74548
72 341 5.74548
75 341 5.58815
79 341 5.58815
98 341 5.74548
99 341 5.66572
107 341 5.66572
108 341 5.66572
71 342 5.74548
72 342 5.74548
73 342 5.74548
75 342 5.58815
76 342 5.58815
89 342 5.51268
93 342 6.68673
107 342 5.66572
108 342 5.66572
123 342 5.66572
124 342 5.66572
70 343 5.74548
71 343 5.74548
72 343 5.74548
74 343 5.58815
75 343 5.58815
76 343 5.58815
85 343 5.51268
86 343 5.51268
90 343 5.43922
101 343 5.66572
124 343 5.66572
129 343 5.51268
140 343 5.51268
141 343 5.51268
32 344 5.58815
33 344 5.58815
55 344 6.27549
60 344 5.58815
61 344 5.58815
79 344 5.09944
86 344 5.51268
87 344 5.51268
91 344 5.43922
140 344 5.51268
141 344 5.51268
152 344 5.66572
33 345 5.51268
53 345 6.18047
54 345 6.27549
55 345 6.27549
60 345 5.58815
61 345 5.58815
67 345 4.97512
87 345 5.43922
88 345 5.43922
146 345 5.58815
152 345 5.66572
153 345 5.66572
175 345 5.74548
33 346 5.51268
61 346 5.58815
88 346 5.43922
89 346 5.43922
94 346 5.36769
155 346 5.66572
168 346 5.58815
30 347 5.29801
33 347 5.43922
42 347 5.43922
43 347 5.43922
44 347 5.43922
45 347 5.43922
49 347 5.36769
50 347 5.36769
51 347 5.43922
84 347 5.36769
89 347 5.36769
91 347 5.36769
95 347 5.36769
147 347 5.58815
156 347 5.66572
169 347 5.66572
170 347 5.66572
171 347 5.66572
172 347 5.66572
194 347 5.9988
13 348 5.29801
30 348 5.29801
31 348 5.36769
32 348 5.36769
33 348 5.36769
45 348 5.43922
46 348 5.36769
47 348 5.36769
48 348 5.36769
84 348 5.36769
85 348 5.36769
90 348 5.36769
91 348 5.36769
92 348 5.36769
104 348 5.51268
131 348 5.43922
132 348 5.43922
152 348 5.43922
13 349 5.29801
14 349 5.29801
47 349 5.36769
48 349 5.36769
80 349 5.36769
81 349 5.36769
86 349 5.36769
92 349 5.36769
93 349 5.36769
106 349 5.43922
107 349 5.43922
132 349 5.43922
158 349 5.66572
14 350 5.29801
19 350 5.36769
128 350 5.36769
149 350 5.43922
189 350 5.9988
190 350 5.9988
19 351 5.36769
128 351 5.36769
129 351 5.36769
141 351 5.36769
150 351 5.43922
27 352 5.23013
28 352 5.23013
147 352 5.43922
12 353 5.16396
22 353 5.29801
28 353 5.23013
29 353 5.23013
148 353 5.43922
182 353 5.82751
22 354 5.29801
23 354 5.23013
24 354 5.23013
179 354 5.82751
23 355 5.23013
24 355 5.23013
119 355 5.29801
179 355 5.82751
25 356 5.23013
119 356 5.29801
124 356 5.16396
141 356 5.29801
88 357 5.09944
89 357 5.09944
102 357 5.09944
114 357 5.16396
115 357 5.16396
142 357 5.29801
53 358 4.97512
88 358 5.09944
89 358 5.09944
103 358 5.09944
115 358 5.16396
116 358 5.16396
28 359 4.68933
53 359 4.97512
54 359 4.97512
62 359 4.97512
63 359 4.97512
64 359 5.03651
104 359 5.09944
116 359 5.16396
117 359 5.09944
123 359 5.23013
24 360 4.68933
28 360 4.68933
29 360 4.68933
54 360 4.97512
55 360 4.97512
58 360 4.91521
63 360 4.97512
65 360 4.97512
66 360 5.09944
107 360 5.03651
138 360 5.16396
23 361 4.68933
24 361 4.68933
31 361 4.68933
32 361 4.74383
54 361 4.91521
55 361 4.91521
58 361 4.91521
59 361 4.91521
63 361 4.97512
64 361 4.97512
23 362 4.68933
24 362 4.68933
32 362 4.74383
33 362 4.68933
34 362 4.74383
55 362 4.91521
64 362 4.97512
65 362 4.97512
24 363 4.68933
29 363 4.68933
34 363 4.74383
117 363 5.09944
29 364 4.68933
35 364 4.74383
37 364 4.68933
118 364 5.09944
29 365 4.68933
31 365 4.74383
32 365 4.74383
37 365 4.68933
38 365 4.68933
58 365 4.91521
17 366 4.74383
18 366 4.74383
30 366 4.68933
31 366 4.68933
32 366 4.74383
33 366 4.74383
38 366 4.68933
58 366 4.85673
59 366 4.85673
85 366 4.85673
86 366 4.79962
17 367 4.68933
18 367 4.68933
31 367 4.74383
32 367 4.74383
33 367 4.74383
56 367 4.85673
86 367 4.79962
87 367 4.79962
88 367 4.74383
89 367 4.74383
90 367 4.74383
17 368 4.68933
18 368 4.68933
31 368 4.68933
32 368 4.68933
56 368 4.79962
57 368 4.85673
90 368 4.74383
91 368 4.68933
92 368 4.74383
130 368 4.85673
134 368 4.91521
18 369 4.68933
35 369 4.68933
44 369 4.74383
57 369 4.79962
18 370 4.63607
35 370 4.68933
36 370 4.68933
45 370 4.74383
61 370 4.68933
81 370 4.74383
83 370 4.74383
36 371 4.68933
39 371 4.68933
40 371 4.68933
60 371 4.68933
61 371 4.68933
81 371 4.74383
135 371 4.85673
136 371 4.85673
39 372 4.68933
40 372 4.68933
63 372 4.68933
130 372 4.79962
131 372 4.79962
132 372 4.79962
40 373 4.68933
41 373 4.68933
130 373 4.79962
131 373 4.79962
132 373 4.79962
133 373 4.79962
131 374 4.79962
132 374 4.79962
133 374 4.79962
134 374 4.79962
176 374 5.16396
34 375 4.63607
78 375 4.4833
78 376 4.4833
79 376 4.4833
124 377 4.68933
83 378 4.4833
91 378 4.584
109 378 4.584
122 378 4.68933
123 378 4.68933
140 378 4.74383
3 379 4.43459
91 379 4.584
92 379 4.584
123 379 4.68933
124 379 4.68933
3 380 4.43459
91 380 4.584
92 380 4.584
42 381 4.38693
46 381 4.38693
92 381 4.53309
93 381 4.53309
97 381 4.53309
98 381 4.53309
129 381 4.63607
611 381 4.79962
612 381 4.79962
43 382 4.38693
74 382 4.38693
93 382 4.53309
3 383 4.38693
43 383 4.34028
64 383 4.34028
70 383 4.38693
74 383 4.38693
75 383 4.38693
82 383 4.38693
83 383 4.38693
108 383 4.43459
38 384 4.29461
43 384 4.34028
44 384 4.34028
64 384 4.34028
70 384 4.38693
71 384 4.38693
72 384 4.38693
75 384 4.38693
83 384 4.38693
41 385 4.34028
45 385 4.34028
60 385 4.29461
65 385 4.34028
71 385 4.38693
72 385 4.38693
73 385 4.38693
86 385 4.43459
60 386 4.29461
61 386 4.29461
111 386 4.43459
112 386 4.43459
87 387 4.38693
112 387 4.43459
113 387 4.43459
40 388 4.24989
47 388 4.1632
78 388 4.34028
87 388 4.34028
113 388 4.43459
119 388 4.43459
245 388 4.79962
246 388 4.79962
41 389 4.24989
47 389 4.1632
48 389 4.1632
54 389 4.2061
88 389 4.34028
97 389 4.29461
98 389 4.29461
459 389 4.63607
55 390 4.2061
83 390 4.29461
84 390 4.29461
89 390 4.34028
93 390 4.34028
94 390 4.34028
242 390 4.68933
377 390 4.68933
55 391 4.2061
84 391 4.29461
85 391 4.29461
93 391 4.34028
94 391 4.34028
95 391 4.34028
96 391 4.34028
51 392 4.1632
52 392 4.1632
55 392 4.2061
107 392 4.29461
52 393 4.1632
63 393 4.12116
101 393 4.29461
52 394 4.1632
53 394 4.1632
63 394 4.12116
64 394 4.12116
64 395 4.12116
80 395 4.1632
601 395 4.584
602 395 4.584
603 395 4.53309
604 395 4.53309
614 395 4.43459
619 395 4.38693
620 395 4.34028
621 395 4.34028
81 396 4.1632
82 396 4.1632
602 396 4.584
603 396 4.53309
604 396 4.53309
605 396 4.4833
606 396 4.43459
607 396 4.43459
608 396 4.43459
609 396 4.43459
610 396 4.43459
611 396 4.34028
612 396 4.43459
614 396 4.43459
615 396 4.43459
616 396 4.43459
617 396 4.38693
618 396 4.38693
619 396 4.38693
620 396 4.34028
621 396 4.34028
622 396 4.29461
116 397 4.24989
126 397 4.38693
274 397 4.4833
605 397 4.4833
606 397 4.43459
607 397 4.43459
608 397 4.43459
609 397 4.43459
610 397 4.43459
611 397 4.34028
612 397 4.43459
613 397 4.43459
614 397 4.43459
615 397 4.43459
617 397 4.38693
618 397 4.38693
619 397 4.38693
620 397 4.34028
621 397 4.34028
622 397 4.29461
623 397 4.24989
624 397 4.12116
126 398 4.38693
624 398 4.12116
625 398 4.07997
463 399 4.43459
625 399 4.07997
626 399 4.07997
92 400 4.1632
626 400 4.03959
58 401 4.03959
110 401 4.1632
58 402 4.03959
54 403 4.03959
58 403 4.03959
59 403 4.03959
325 403 4.34028
326 403 4.34028
54 404 4.03959
327 404 4.34028
54 405 4.03959
42 406 4.07997
44 406 4.07997
229 406 4.34028
44 408 4.07997
100 410 4.03959
578 410 4.2061
225 411 4.24989
132 412 4.2061
501 412 4.24989
502 412 4.2061
503 412 4.1632
504 412 4.1632
505 412 4.1632
133 413 4.2061
354 413 4.1632
355 413 4.1632
359 413 4.1632
503 413 4.1632
504 413 4.1632
505 413 4.12116
355 414 4.1632
356 414 4.1632
504 415 4.12116
505 415 4.12116
506 415 4.07997
507 415 4.07997
104 416 4.03959
505 416 4.07997
506 416 4.07997
507 416 4.07997
532 416 4.07997
533 416 4.07997
383 417 4.12116
263 419 4.03959
359 419 4.03959
368 419 4.03959
534 419 4.03959
535 419 4.03959
97 420 4.03959
97 421 4.03959
293 425 4.03959
294 425 4.03959
292 426 4.03959
293 426 4.03959
281 427 4.03959
280 430 4.03959
276 431 4.03959
279 431 4.03959
280 431 4.03959
281 431 4.03959
276 432 4.03959
277 432 4.03959
278 432 4.03959
279 432 4.03959
280 432 4.03959
275 433 4.03959
276 433 4.03959
277 433 4.03959
