52 3 23.9521
318 3 23.9521
319 3 23.9521
320 3 23.9521
321 3 23.9521
581 3 17.7148
625 3 16.9779
9 4 22.6244
22 4 22.6244
38 4 23.9521
49 4 23.9521
59 4 23.9521
311 4 23.9521
312 4 23.9521
313 4 23.9521
314 4 23.9521
315 4 23.9521
316 4 23.9521
317 4 23.9521
318 4 23.9521
319 4 23.9521
320 4 23.9521
321 4 23.9521
582 4 16.9779
630 4 16.2999
631 4 16.2999
9 5 22.6244
10 5 22.6244
38 5 23.9521
59 5 23.9521
309 5 23.9521
310 5 23.9521
311 5 23.9521
312 5 23.9521
313 5 23.9521
316 5 23.9521
319 5 23.9521
579 5 16.9779
629 5 16.2999
630 5 16.2999
3 6 22.6244
40 6 23.9521
53 6 23.9521
261 6 27.137
262 6 25.4453
263 6 25.4453
264 6 23.9521
265 6 23.9521
266 6 23.9521
267 6 23.9521
268 6 23.9521
269 6 23.9521
270 6 23.9521
271 6 23.9521
307 6 25.4453
308 6 23.9521
309 6 23.9521
610 6 16.2999
624 6 16.9779
637 6 16.2999
39 7 23.9521
40 7 23.9521
53 7 23.9521
56 7 23.9521
57 7 23.9521
59 7 23.9521
60 7 23.9521
261 7 27.137
262 7 25.4453
263 7 25.4453
305 7 25.4453
306 7 25.4453
307 7 25.4453
580 7 17.7148
581 7 17.7148
632 7 16.2999
4 8 22.6244
50 8 23.9521
51 8 23.9521
56 8 23.9521
59 8 23.9521
275 8 23.9521
276 8 23.9521
304 8 25.4453
305 8 25.4453
575 8 17.7148
576 8 16.9779
580 8 17.7148
581 8 17.7148
4 9 22.6244
44 9 21.4362
49 9 23.9521
50 9 23.9521
51 9 23.9521
59 9 23.9521
302 9 25.4453
303 9 25.4453
573 9 18.5185
574 9 17.7148
575 9 17.7148
581 9 17.7148
630 9 16.2999
4 10 22.6244
44 10 21.4362
48 10 23.9521
49 10 23.9521
59 10 23.9521
572 10 18.5185
573 10 17.7148
581 10 17.7148
8 11 22.6244
9 11 22.6244
17 11 22.6244
18 11 22.6244
48 11 23.9521
49 11 23.9521
58 11 23.9521
59 11 23.9521
148 11 36.9686
296 11 23.9521
631 11 16.2999
632 11 16.2999
637 11 16.2999
3 12 22.6244
5 12 22.6244
8 12 22.6244
11 12 22.6244
12 12 22.6244
17 12 22.6244
18 12 22.6244
48 12 23.9521
49 12 23.9521
56 12 23.9521
59 12 23.9521
575 12 17.7148
576 12 17.7148
582 12 17.7148
583 12 17.7148
633 12 16.2999
635 12 16.2999
5 13 22.6244
48 13 23.9521
55 13 22.6244
58 13 23.9521
59 13 23.9521
575 13 17.7148
576 13 17.7148
581 13 17.7148
582 13 17.7148
634 13 16.2999
10 14 22.6244
22 14 22.6244
33 14 23.9521
55 14 22.6244
58 14 23.9521
630 14 16.2999
634 14 16.2999
33 15 22.6244
51 15 23.9521
148 15 36.9686
576 15 17.7148
577 15 17.7148
630 15 16.2999
637 15 16.2999
3 16 22.6244
4 16 22.6244
12 16 22.6244
15 16 23.9521
44 16 23.9521
45 16 23.9521
51 16 23.9521
155 16 36.9686
576 16 17.7148
3 17 22.6244
8 17 22.6244
35 17 22.6244
37 17 22.6244
44 17 23.9521
45 17 23.9521
58 17 23.9521
59 17 23.9521
63 17 23.9521
577 17 17.7148
4 18 22.6244
11 18 22.6244
35 18 22.6244
36 18 22.6244
45 18 23.9521
46 18 23.9521
53 18 23.9521
59 18 23.9521
63 18 23.9521
576 18 17.7148
577 18 17.7148
627 18 16.9779
4 19 22.6244
7 19 22.6244
31 19 23.9521
35 19 22.6244
36 19 22.6244
37 19 23.9521
53 19 23.9521
59 19 23.9521
62 19 23.9521
576 19 17.7148
577 19 17.7148
626 19 16.9779
627 19 16.9779
632 19 16.2999
9 20 22.6244
16 20 22.6244
18 20 22.6244
21 20 23.9521
31 20 23.9521
32 20 23.9521
36 20 22.6244
37 20 23.9521
50 20 22.6244
51 20 23.9521
52 20 23.9521
62 20 23.9521
164 20 36.9686
579 20 17.7148
580 20 17.7148
628 20 16.9779
634 20 16.2999
6 21 22.6244
8 21 22.6244
9 21 22.6244
21 21 23.9521
22 21 23.9521
32 21 23.9521
39 21 23.9521
42 21 22.6244
50 21 22.6244
51 21 23.9521
62 21 23.9521
164 21 36.9686
574 21 17.7148
575 21 17.7148
580 21 17.7148
628 21 16.9779
629 21 16.2999
633 21 16.2999
634 21 16.2999
635 21 16.2999
8 22 22.6244
9 22 22.6244
22 22 23.9521
41 22 22.6244
49 22 22.6244
50 22 22.6244
56 22 25.4453
62 22 23.9521
142 22 36.9686
159 22 33.8983
164 22 36.9686
573 22 17.7148
574 22 17.7148
575 22 17.7148
597 22 16.9779
598 22 16.9779
628 22 16.2999
6 23 22.6244
14 23 22.6244
48 23 22.6244
62 23 23.9521
575 23 17.7148
576 23 17.7148
580 23 17.7148
581 23 17.7148
9 24 23.9521
14 24 22.6244
17 24 25.4453
24 24 23.9521
48 24 22.6244
62 24 23.9521
576 24 17.7148
581 24 17.7148
582 24 17.7148
627 24 16.9779
3 25 22.6244
5 25 22.6244
9 25 23.9521
10 25 23.9521
16 25 22.6244
24 25 23.9521
45 25 23.9521
61 25 23.9521
62 25 23.9521
151 25 33.8983
159 25 33.8983
576 25 17.7148
626 25 16.9779
627 25 16.9779
628 25 16.9779
632 25 16.2999
633 25 16.2999
44 26 23.9521
45 26 23.9521
61 26 23.9521
62 26 23.9521
159 26 33.8983
576 26 17.7148
604 26 16.2999
631 26 16.2999
632 26 16.2999
9 27 23.9521
10 27 23.9521
44 27 23.9521
53 27 23.9521
54 27 23.9521
60 27 23.9521
61 27 23.9521
577 27 17.7148
3 28 22.6244
9 28 22.6244
23 28 23.9521
44 28 23.9521
53 28 23.9521
60 28 23.9521
579 28 16.9779
580 28 16.9779
583 28 17.7148
584 28 17.7148
605 28 16.2999
626 28 16.9779
5 29 22.6244
9 29 22.6244
23 29 23.9521
24 29 23.9521
43 29 23.9521
46 29 23.9521
49 29 23.9521
59 29 23.9521
60 29 23.9521
140 29 36.9686
579 29 17.7148
580 29 16.9779
583 29 17.7148
623 29 17.7148
5 30 22.6244
9 30 22.6244
10 30 22.6244
12 30 22.6244
13 30 22.6244
16 30 22.6244
17 30 20.3666
18 30 20.3666
19 30 22.6244
43 30 23.9521
44 30 23.9521
49 30 23.9521
579 30 16.9779
580 30 16.9779
584 30 17.7148
621 30 17.7148
622 30 17.7148
623 30 17.7148
631 30 16.2999
632 30 16.2999
5 31 22.6244
13 31 22.6244
15 31 22.6244
20 31 22.6244
21 31 23.9521
49 31 23.9521
53 31 23.9521
576 31 16.9779
580 31 17.7148
12 32 22.6244
21 32 22.6244
22 32 23.9521
56 32 23.9521
576 32 16.9779
630 32 16.2999
5 33 22.6244
6 33 22.6244
12 33 22.6244
22 33 23.9521
56 33 23.9521
606 33 16.2999
619 33 17.7148
620 33 17.7148
627 33 16.2999
628 33 16.2999
5 34 22.6244
6 34 22.6244
20 34 23.9521
55 34 23.9521
62 34 23.9521
579 34 16.9779
618 34 17.7148
619 34 17.7148
620 34 17.7148
627 34 16.2999
5 35 22.6244
6 35 22.6244
10 35 22.6244
15 35 22.6244
20 35 23.9521
21 35 23.9521
54 35 23.9521
55 35 23.9521
62 35 23.9521
145 35 33.8983
169 35 36.9686
618 35 17.7148
623 35 19.3986
6 36 22.6244
10 36 22.6244
11 36 22.6244
14 36 22.6244
15 36 22.6244
54 36 23.9521
62 36 23.9521
145 36 33.8983
578 36 16.9779
588 36 16.9779
627 36 16.9779
628 36 16.9779
635 36 16.9779
637 36 16.2999
48 37 22.6244
54 37 23.9521
57 37 23.9521
59 37 23.9521
62 37 23.9521
586 37 16.9779
587 37 16.9779
626 37 16.9779
628 37 16.9779
629 37 16.2999
636 37 16.2999
637 37 16.2999
5 38 22.6244
48 38 22.6244
50 38 22.6244
51 38 22.6244
169 38 36.9686
637 38 16.2999
3 39 22.6244
5 39 22.6244
50 39 22.6244
61 39 23.9521
144 39 36.9686
147 39 36.9686
169 39 36.9686
628 39 16.9779
631 39 16.2999
3 40 22.6244
11 40 22.6244
49 40 22.6244
60 40 23.9521
61 40 23.9521
143 40 36.9686
144 40 36.9686
147 40 36.9686
169 40 36.9686
574 40 17.7148
575 40 17.7148
602 40 16.2999
630 40 16.2999
637 40 16.2999
12 41 22.6244
18 41 22.6244
19 41 22.6244
47 41 22.6244
48 41 22.6244
60 41 23.9521
61 41 23.9521
135 41 36.9686
169 41 36.9686
577 41 17.7148
579 41 17.7148
580 41 17.7148
10 42 22.6244
19 42 22.6244
35 42 22.6244
37 42 22.6244
47 42 22.6244
48 42 22.6244
59 42 23.9521
60 42 23.9521
134 42 36.9686
146 42 36.9686
627 42 16.2999
637 42 16.2999
10 43 22.6244
11 43 22.6244
35 43 22.6244
36 43 22.6244
38 43 22.6244
44 43 22.6244
45 43 22.6244
48 43 22.6244
59 43 23.9521
60 43 23.9521
626 43 16.2999
627 43 16.2999
44 44 22.6244
59 44 23.9521
60 44 23.9521
575 44 17.7148
576 44 17.7148
602 44 16.9779
603 44 16.9779
634 44 16.9779
635 44 16.2999
11 45 22.6244
12 45 22.6244
21 45 22.6244
57 45 23.9521
59 45 23.9521
60 45 23.9521
135 45 36.9686
140 45 36.9686
477 45 31.2989
576 45 17.7148
577 45 17.7148
3 46 22.6244
4 46 22.6244
11 46 22.6244
12 46 22.6244
21 46 22.6244
22 46 22.6244
23 46 22.6244
48 46 22.6244
49 46 22.6244
52 46 23.9521
56 46 23.9521
57 46 23.9521
67 46 200
139 46 36.9686
140 46 36.9686
577 46 17.7148
635 46 16.9779
636 46 16.9779
3 47 22.6244
15 47 23.9521
21 47 22.6244
22 47 22.6244
25 47 23.9521
45 47 40.6504
51 47 22.6244
52 47 23.9521
55 47 23.9521
56 47 23.9521
143 47 36.9686
635 47 16.9779
636 47 16.9779
16 48 22.6244
25 48 23.9521
46 48 36.9686
51 48 22.6244
55 48 23.9521
56 48 23.9521
143 48 36.9686
156 48 36.9686
568 48 17.7148
620 48 27.137
631 48 16.9779
37 49 22.6244
54 49 23.9521
55 49 23.9521
155 49 36.9686
156 49 36.9686
161 49 36.9686
175 49 36.9686
568 49 17.7148
579 49 17.7148
15 50 23.9521
51 50 22.6244
161 50 36.9686
174 50 36.9686
175 50 36.9686
477 50 31.2989
15 51 23.9521
50 51 22.6244
51 51 22.6244
570 51 17.7148
50 52 22.6244
51 52 22.6244
55 52 23.9521
171 52 36.9686
174 52 36.9686
581 52 17.7148
590 52 12.3533
633 52 16.9779
634 52 16.9779
50 53 22.6244
143 53 36.9686
162 53 33.8983
171 53 36.9686
174 53 36.9686
175 53 36.9686
572 53 17.7148
573 53 17.7148
635 53 16.9779
22 54 22.6244
23 54 22.6244
29 54 22.6244
30 54 22.6244
41 54 22.6244
49 54 22.6244
50 54 22.6244
57 54 23.9521
143 54 36.9686
162 54 33.8983
174 54 36.9686
22 55 22.6244
23 55 22.6244
49 55 22.6244
162 55 33.8983
174 55 36.9686
573 55 17.7148
634 55 16.9779
48 56 22.6244
49 56 22.6244
57 56 23.9521
58 56 23.9521
145 56 36.9686
155 56 33.8983
174 56 36.9686
578 56 17.7148
579 56 17.7148
585 56 15.0943
634 56 16.9779
7 57 22.6244
19 57 22.6244
20 57 22.6244
48 57 23.9521
50 57 23.9521
57 57 23.9521
58 57 23.9521
145 57 36.9686
166 57 36.9686
173 57 36.9686
174 57 36.9686
578 57 17.7148
579 57 17.7148
616 57 16.2999
145 58 36.9686
166 58 36.9686
173 58 36.9686
174 58 36.9686
578 58 17.7148
579 58 17.7148
580 58 17.7148
10 59 22.6244
22 59 23.9521
23 59 23.9521
24 59 23.9521
60 59 23.9521
145 59 36.9686
173 59 36.9686
579 59 17.7148
580 59 17.7148
24 60 23.9521
37 60 25.4453
38 60 25.4453
59 60 23.9521
60 60 23.9521
160 60 33.8983
173 60 36.9686
500 60 31.2989
582 60 17.7148
632 60 16.9779
633 60 16.9779
19 61 23.9521
20 61 23.9521
59 61 23.9521
160 61 33.8983
581 61 17.7148
582 61 17.7148
632 61 16.9779
633 61 16.2999
636 61 14.556
16 62 22.6244
20 62 22.6244
21 62 22.6244
61 62 23.9521
62 62 23.9521
581 62 17.7148
582 62 17.7148
583 62 17.7148
630 62 16.9779
8 63 22.6244
11 63 23.9521
61 63 23.9521
62 63 23.9521
155 63 33.8983
165 63 36.9686
166 63 36.9686
600 63 18.5185
601 63 18.5185
632 63 16.2999
11 64 22.6244
14 64 22.6244
15 64 22.6244
19 64 23.9521
48 64 22.6244
60 64 23.9521
61 64 23.9521
152 64 33.8983
153 64 33.8983
165 64 36.9686
173 64 36.9686
583 64 17.7148
636 64 16.2999
42 65 23.9521
52 65 23.9521
53 65 23.9521
60 65 23.9521
61 65 23.9521
152 65 33.8983
172 65 36.9686
173 65 36.9686
629 65 16.9779
630 65 16.2999
631 65 16.2999
636 65 16.2999
9 66 22.6244
15 66 22.6244
18 66 22.6244
59 66 23.9521
60 66 23.9521
172 66 36.9686
627 66 16.9779
629 66 16.9779
9 67 22.6244
15 67 22.6244
17 67 22.6244
40 67 23.9521
58 67 23.9521
59 67 23.9521
60 67 23.9521
147 67 36.9686
9 68 22.6244
14 68 22.6244
58 68 23.9521
59 68 23.9521
60 68 23.9521
142 68 36.9686
634 68 16.9779
12 69 22.6244
14 69 22.6244
20 69 22.6244
21 69 22.6244
38 69 23.9521
59 69 23.9521
154 69 33.8983
162 69 40.6504
173 69 36.9686
631 69 16.9779
634 69 16.9779
3 70 22.6244
9 70 22.6244
10 70 22.6244
20 70 21.4362
21 70 21.4362
55 70 23.9521
56 70 22.6244
58 70 23.9521
59 70 23.9521
60 70 23.9521
141 70 36.9686
154 70 33.8983
172 70 36.9686
173 70 36.9686
484 70 33.8983
3 71 22.6244
9 71 22.6244
21 71 22.6244
25 71 22.6244
39 71 23.9521
54 71 23.9521
59 71 22.6244
154 71 33.8983
172 71 36.9686
173 71 36.9686
597 71 16.9779
598 71 16.9779
633 71 16.9779
3 72 22.6244
4 72 22.6244
9 72 22.6244
12 72 22.6244
21 72 22.6244
22 72 22.6244
25 72 22.6244
40 72 23.9521
54 72 23.9521
58 72 22.6244
154 72 33.8983
171 72 36.9686
586 72 16.9779
610 72 16.2999
611 72 16.2999
632 72 16.2999
633 72 16.2999
9 73 22.6244
11 73 22.6244
22 73 22.6244
23 73 22.6244
58 73 22.6244
154 73 33.8983
167 73 33.8983
632 73 16.2999
633 73 16.2999
11 74 22.6244
58 74 22.6244
59 74 22.6244
142 74 36.9686
167 74 33.8983
634 74 16.2999
26 75 22.6244
59 75 22.6244
141 75 36.9686
167 75 33.8983
631 75 16.9779
4 76 22.6244
22 76 22.6244
23 76 22.6244
26 76 22.6244
58 76 22.6244
167 76 33.8983
171 76 36.9686
581 76 16.9779
22 77 22.6244
23 77 22.6244
26 77 22.6244
41 77 22.6244
58 77 22.6244
59 77 23.9521
61 77 23.9521
138 77 36.9686
151 77 36.9686
167 77 33.8983
171 77 36.9686
5 78 22.6244
22 78 22.6244
40 78 22.6244
56 78 22.6244
57 78 22.6244
59 78 22.6244
60 78 22.6244
151 78 36.9686
167 78 33.8983
207 78 45.1467
632 78 16.2999
4 79 22.6244
5 79 22.6244
35 79 22.6244
56 79 22.6244
57 79 22.6244
207 79 45.1467
583 79 16.9779
598 79 16.9779
6 80 22.6244
8 80 22.6244
60 80 23.9521
139 80 36.9686
166 80 33.8983
582 80 16.9779
583 80 16.9779
635 80 16.2999
636 80 16.2999
637 80 16.2999
6 81 22.6244
8 81 22.6244
60 81 23.9521
61 81 23.9521
139 81 36.9686
166 81 36.9686
477 81 31.2989
478 81 31.2989
605 81 16.2999
633 81 16.9779
635 81 16.2999
636 81 16.2999
39 82 22.6244
45 82 23.9521
60 82 23.9521
61 82 23.9521
139 82 36.9686
160 82 33.8983
161 82 33.8983
165 82 36.9686
166 82 36.9686
478 82 31.2989
605 82 16.2999
6 83 22.6244
7 83 22.6244
10 83 22.6244
55 83 22.6244
143 83 36.9686
159 83 36.9686
160 83 36.9686
166 83 36.9686
5 84 22.6244
10 84 22.6244
55 84 22.6244
61 84 23.9521
62 84 23.9521
63 84 23.9521
159 84 36.9686
172 84 36.9686
173 84 36.9686
209 84 45.1467
628 84 16.9779
629 84 16.9779
630 84 16.9779
636 84 16.2999
637 84 16.2999
9 85 22.6244
10 85 22.6244
61 85 22.6244
62 85 23.9521
158 85 36.9686
159 85 36.9686
166 85 36.9686
172 85 36.9686
209 85 45.1467
582 85 17.7148
583 85 17.7148
584 85 17.7148
633 85 16.9779
635 85 16.2999
636 85 16.2999
4 86 22.6244
5 86 22.6244
6 86 22.6244
9 86 22.6244
138 86 36.9686
158 86 36.9686
159 86 36.9686
171 86 36.9686
172 86 36.9686
635 86 16.2999
59 87 22.6244
60 87 23.9521
138 87 36.9686
159 87 36.9686
171 87 36.9686
208 87 45.1467
332 87 45.1467
588 87 16.9779
592 87 17.7148
593 87 16.9779
633 87 16.2999
4 88 22.6244
8 88 22.6244
71 88 23.9521
72 88 23.9521
138 88 36.9686
142 88 33.8983
596 88 16.9779
4 89 22.6244
30 89 22.6244
65 89 23.9521
66 89 23.9521
72 89 23.9521
170 89 33.8983
207 89 45.1467
579 89 17.7148
595 89 16.9779
596 89 16.9779
597 89 16.9779
630 89 16.9779
631 89 16.9779
9 90 22.6244
65 90 23.9521
72 90 23.9521
170 90 33.8983
207 90 50.7614
596 90 16.9779
9 91 22.6244
36 91 22.6244
52 91 22.6244
65 91 23.9521
72 91 23.9521
138 91 36.9686
170 91 33.8983
202 91 50.7614
10 92 22.6244
13 92 21.4362
65 92 23.9521
71 92 23.9521
72 92 23.9521
138 92 36.9686
169 92 33.8983
170 92 33.8983
202 92 50.7614
496 92 29.0698
6 93 22.6244
10 93 22.6244
13 93 21.4362
37 93 22.6244
57 93 22.6244
65 93 23.9521
71 93 23.9521
72 93 23.9521
169 93 33.8983
170 93 33.8983
480 93 31.2989
626 93 16.9779
6 94 22.6244
7 94 22.6244
11 94 21.4362
34 94 22.6244
71 94 23.9521
72 94 23.9521
139 94 36.9686
170 94 33.8983
364 94 36.9686
7 95 22.6244
34 95 22.6244
71 95 23.9521
169 95 33.8983
170 95 33.8983
586 95 16.2999
7 96 22.6244
30 96 22.6244
34 96 22.6244
70 96 23.9521
71 96 23.9521
169 96 33.8983
481 96 31.2989
583 96 18.5185
8 97 22.6244
9 97 22.6244
30 97 22.6244
63 97 23.9521
70 97 23.9521
71 97 23.9521
158 97 36.9686
169 97 36.9686
480 97 31.2989
481 97 31.2989
10 98 22.6244
37 98 20.3666
70 98 23.9521
71 98 23.9521
158 98 36.9686
481 98 31.2989
9 99 22.6244
10 99 22.6244
70 99 23.9521
174 99 36.9686
209 99 45.1467
10 100 22.6244
14 100 22.6244
17 100 23.9521
57 100 22.6244
65 100 23.9521
69 100 23.9521
70 100 23.9521
134 100 36.9686
10 101 22.6244
11 101 22.6244
69 101 23.9521
70 101 23.9521
133 101 36.9686
174 101 36.9686
12 102 23.9521
16 102 23.9521
69 102 23.9521
174 102 36.9686
202 102 45.1467
11 103 22.6244
12 103 22.6244
63 103 23.9521
70 103 23.9521
173 103 36.9686
474 103 31.2989
11 104 22.6244
12 104 22.6244
50 104 23.9521
51 104 23.9521
67 104 23.9521
70 104 23.9521
173 104 36.9686
480 104 33.8983
11 105 22.6244
50 105 23.9521
67 105 23.9521
172 105 36.9686
173 105 36.9686
480 105 33.8983
11 106 22.6244
16 106 23.9521
18 106 23.9521
51 106 23.9521
69 106 23.9521
172 106 36.9686
11 107 22.6244
17 107 23.9521
18 107 23.9521
19 107 23.9521
51 107 23.9521
68 107 23.9521
69 107 23.9521
134 107 36.9686
14 108 22.6244
23 108 21.4362
68 108 23.9521
69 108 23.9521
134 108 36.9686
170 108 36.9686
206 108 45.1467
5 109 22.6244
14 109 22.6244
68 109 23.9521
69 109 23.9521
479 109 36.9686
480 109 36.9686
41 110 22.6244
62 110 23.9521
67 110 23.9521
68 110 23.9521
216 110 45.1467
5 111 22.6244
11 111 22.6244
20 111 22.6244
62 111 23.9521
66 111 23.9521
67 111 23.9521
68 111 23.9521
204 111 45.1467
216 111 45.1467
5 112 22.6244
11 112 22.6244
66 112 23.9521
171 112 33.8983
172 112 33.8983
204 112 45.1467
216 112 45.1467
256 112 57.971
13 113 22.6244
60 113 23.9521
66 113 23.9521
170 113 33.8983
171 113 33.8983
172 113 33.8983
216 113 45.1467
9 114 22.6244
13 114 22.6244
50 114 22.6244
66 114 23.9521
170 114 33.8983
216 114 45.1467
89 115 40.6504
163 115 33.8983
216 115 45.1467
478 115 29.0698
479 115 29.0698
6 116 22.6244
10 116 22.6244
89 116 40.6504
121 116 67.5676
163 116 33.8983
215 116 50.7614
10 117 22.6244
63 117 23.9521
64 117 23.9521
163 117 33.8983
215 117 50.7614
480 117 31.2989
7 118 22.6244
10 118 22.6244
63 118 23.9521
163 118 36.9686
172 118 33.8983
8 119 22.6244
33 119 22.6244
63 119 23.9521
84 119 40.6504
163 119 36.9686
172 119 33.8983
480 119 31.2989
612 119 16.9779
613 119 16.9779
8 120 22.6244
61 120 23.9521
62 120 23.9521
63 120 23.9521
172 120 33.8983
216 120 45.1467
612 120 16.9779
61 121 23.9521
62 121 23.9521
83 121 40.6504
216 121 45.1467
612 121 16.9779
12 122 22.6244
16 122 22.6244
61 122 23.9521
66 122 23.9521
172 122 33.8983
480 122 33.8983
12 123 22.6244
18 123 23.9521
19 123 23.9521
66 123 23.9521
81 123 40.6504
172 123 33.8983
207 123 45.1467
220 123 45.1467
480 123 33.8983
481 123 33.8983
12 124 22.6244
14 124 22.6244
65 124 23.9521
66 124 23.9521
81 124 40.6504
171 124 33.8983
172 124 33.8983
207 124 45.1467
11 125 22.6244
40 125 22.6244
65 125 23.9521
171 125 36.9686
207 125 45.1467
256 125 57.971
19 126 22.6244
20 126 22.6244
21 126 22.6244
40 126 22.6244
56 126 23.9521
64 126 23.9521
65 126 23.9521
255 126 57.971
12 127 22.6244
18 127 22.6244
19 127 22.6244
64 127 23.9521
65 127 23.9521
80 127 36.9686
22 128 22.6244
64 128 23.9521
79 128 40.6504
80 128 40.6504
219 128 50.7614
612 128 16.9779
20 129 22.6244
22 129 22.6244
63 129 23.9521
64 129 23.9521
219 129 50.7614
17 130 22.6244
60 130 23.9521
63 130 23.9521
64 130 23.9521
79 130 40.6504
3 131 36.9686
23 131 22.6244
24 131 22.6244
26 131 23.9521
63 131 23.9521
3 132 36.9686
15 132 22.6244
22 132 22.6244
23 132 22.6244
26 132 23.9521
49 132 23.9521
50 132 23.9521
60 132 23.9521
61 132 23.9521
62 132 23.9521
87 132 40.6504
20 133 22.6244
22 133 22.6244
26 133 23.9521
50 133 23.9521
52 133 23.9521
59 133 23.9521
60 133 23.9521
61 133 23.9521
221 133 45.1467
4 134 36.9686
16 134 22.6244
26 134 23.9521
58 134 23.9521
59 134 23.9521
221 134 45.1467
222 134 45.1467
616 134 16.9779
57 135 23.9521
58 135 23.9521
96 135 36.9686
221 135 45.1467
616 135 16.9779
21 136 22.6244
45 136 23.9521
57 136 23.9521
79 136 40.6504
616 136 16.9779
26 138 23.9521
209 138 45.1467
26 139 23.9521
58 139 23.9521
59 139 23.9521
60 139 23.9521
78 139 40.6504
83 139 36.9686
25 140 23.9521
26 140 23.9521
46 140 23.9521
78 140 40.6504
92 140 40.6504
189 140 80.9717
11 141 33.8983
25 141 23.9521
26 141 23.9521
45 141 23.9521
46 141 23.9521
57 141 36.9686
78 141 40.6504
222 141 45.1467
3 142 36.9686
25 142 23.9521
45 142 23.9521
51 142 23.9521
52 142 23.9521
58 142 36.9686
222 142 45.1467
25 143 23.9521
51 143 23.9521
57 143 36.9686
58 143 36.9686
88 143 40.6504
89 143 40.6504
221 143 45.1467
222 143 45.1467
14 144 36.9686
24 144 23.9521
25 144 23.9521
41 144 23.9521
57 144 36.9686
87 144 40.6504
88 144 40.6504
221 144 50.7614
24 145 23.9521
25 145 23.9521
41 145 23.9521
52 145 25.4453
56 145 36.9686
75 145 36.9686
86 145 40.6504
24 146 23.9521
41 146 23.9521
42 146 23.9521
56 146 36.9686
75 146 36.9686
619 146 16.9779
23 147 23.9521
24 147 23.9521
41 147 23.9521
42 147 23.9521
55 147 36.9686
209 147 50.7614
219 147 45.1467
611 147 16.9779
612 147 16.9779
613 147 16.9779
11 148 36.9686
23 148 23.9521
41 148 23.9521
42 148 23.9521
55 148 36.9686
73 148 36.9686
84 148 40.6504
23 149 23.9521
41 149 23.9521
42 149 23.9521
54 149 36.9686
83 149 40.6504
219 149 45.1467
22 150 23.9521
23 150 23.9521
41 150 23.9521
42 150 23.9521
54 150 36.9686
77 150 36.9686
218 150 45.1467
219 150 45.1467
21 151 23.9521
41 151 23.9521
42 151 23.9521
76 151 36.9686
82 151 40.6504
218 151 45.1467
21 152 23.9521
41 152 23.9521
45 152 36.9686
75 152 36.9686
218 152 45.1467
617 152 16.9779
618 152 16.9779
20 153 23.9521
21 153 23.9521
40 153 23.9521
41 153 23.9521
53 153 36.9686
20 154 23.9521
40 154 23.9521
52 154 36.9686
16 155 31.2989
20 155 23.9521
39 155 23.9521
40 155 23.9521
42 155 23.9521
48 155 40.6504
52 155 36.9686
19 156 23.9521
39 156 23.9521
42 156 33.8983
52 156 36.9686
72 156 40.6504
81 156 40.6504
19 157 23.9521
38 157 22.6244
42 157 33.8983
47 157 36.9686
52 157 36.9686
70 157 40.6504
72 157 40.6504
80 157 40.6504
19 158 23.9521
38 158 22.6244
47 158 36.9686
52 158 36.9686
72 158 40.6504
610 158 16.9779
37 159 22.6244
38 159 22.6244
47 159 36.9686
21 160 23.9521
38 160 22.6244
47 160 36.9686
51 160 36.9686
21 161 22.6244
39 161 22.6244
51 161 36.9686
76 161 36.9686
20 162 22.6244
21 162 22.6244
39 162 23.9521
40 162 23.9521
50 162 36.9686
186 162 80.9717
610 162 16.9779
20 163 22.6244
39 163 23.9521
44 163 31.2989
72 163 36.9686
153 163 33.8983
15 164 22.6244
17 164 23.9521
20 164 22.6244
39 164 23.9521
58 164 40.6504
71 164 36.9686
153 164 33.8983
15 165 22.6244
39 165 23.9521
50 165 36.9686
57 165 40.6504
153 165 33.8983
262 165 57.971
14 166 22.6244
15 166 22.6244
38 166 23.9521
39 166 23.9521
47 166 36.9686
50 166 36.9686
70 166 36.9686
153 166 33.8983
15 167 22.6244
39 167 23.9521
50 167 36.9686
215 167 45.1467
15 168 22.6244
43 168 36.9686
50 168 36.9686
67 168 36.9686
214 168 45.1467
215 168 45.1467
39 169 23.9521
49 169 36.9686
50 169 36.9686
55 169 36.9686
153 169 33.8983
18 170 22.6244
38 170 23.9521
39 170 23.9521
49 170 36.9686
50 170 36.9686
55 170 36.9686
68 170 36.9686
80 170 40.6504
81 170 40.6504
153 170 33.8983
154 170 33.8983
18 171 22.6244
19 171 22.6244
38 171 23.9521
50 171 36.9686
67 171 40.6504
68 171 40.6504
80 171 40.6504
81 171 40.6504
153 171 33.8983
154 171 33.8983
18 172 22.6244
19 172 22.6244
38 172 23.9521
45 172 36.9686
50 172 36.9686
67 172 40.6504
18 173 23.9521
19 173 23.9521
45 173 33.8983
67 173 40.6504
17 174 23.9521
18 174 23.9521
22 174 22.6244
40 174 23.9521
44 174 33.8983
45 174 33.8983
51 174 36.9686
66 174 40.6504
75 174 40.6504
209 174 45.1467
17 175 23.9521
18 175 23.9521
41 175 22.6244
44 175 33.8983
51 175 36.9686
66 175 36.9686
74 175 40.6504
153 175 36.9686
154 175 36.9686
256 175 57.971
16 176 22.6244
17 176 22.6244
40 176 22.6244
41 176 22.6244
44 176 33.8983
55 176 36.9686
73 176 40.6504
154 176 36.9686
250 176 57.971
536 176 40.6504
537 176 40.6504
538 176 40.6504
16 177 22.6244
17 177 22.6244
23 177 22.6244
40 177 22.6244
55 177 36.9686
86 177 40.6504
87 177 40.6504
250 177 57.971
17 178 22.6244
23 178 22.6244
40 178 22.6244
44 178 33.8983
55 178 36.9686
65 178 36.9686
86 178 40.6504
18 179 22.6244
23 179 22.6244
39 179 22.6244
40 179 22.6244
44 179 33.8983
55 179 36.9686
64 179 36.9686
18 180 22.6244
19 180 22.6244
27 180 23.9521
39 180 23.9521
44 180 33.8983
55 180 36.9686
68 180 36.9686
69 180 36.9686
156 180 33.8983
477 180 50.7614
478 180 45.1467
479 180 45.1467
480 180 40.6504
481 180 36.9686
482 180 36.9686
483 180 33.8983
11 181 33.8983
18 181 23.9521
19 181 23.9521
27 181 23.9521
39 181 23.9521
40 181 23.9521
44 181 33.8983
52 181 36.9686
59 181 36.9686
67 181 36.9686
68 181 36.9686
85 181 36.9686
86 181 40.6504
155 181 33.8983
156 181 33.8983
476 181 57.971
477 181 50.7614
478 181 45.1467
479 181 45.1467
480 181 40.6504
481 181 36.9686
482 181 36.9686
483 181 33.8983
11 182 33.8983
18 182 23.9521
19 182 23.9521
23 182 23.9521
40 182 23.9521
44 182 33.8983
52 182 36.9686
59 182 36.9686
84 182 36.9686
155 182 33.8983
156 182 33.8983
211 182 45.1467
477 182 50.7614
478 182 45.1467
479 182 45.1467
480 182 40.6504
481 182 36.9686
482 182 36.9686
18 183 23.9521
23 183 22.6244
40 183 23.9521
45 183 36.9686
52 183 36.9686
64 183 36.9686
65 183 36.9686
83 183 36.9686
84 183 36.9686
172 183 40.6504
227 183 50.7614
17 184 23.9521
40 184 23.9521
41 184 23.9521
45 184 36.9686
54 184 36.9686
63 184 36.9686
64 184 36.9686
77 184 40.6504
211 184 45.1467
227 184 50.7614
16 185 23.9521
22 185 23.9521
40 185 23.9521
45 185 36.9686
46 185 36.9686
54 185 36.9686
55 185 33.8983
63 185 36.9686
211 185 45.1467
22 186 22.6244
27 186 22.6244
39 186 23.9521
40 186 23.9521
46 186 36.9686
54 186 33.8983
62 186 36.9686
211 186 45.1467
22 187 22.6244
27 187 22.6244
39 187 23.9521
47 187 36.9686
54 187 33.8983
60 187 36.9686
62 187 36.9686
162 187 36.9686
211 187 45.1467
27 188 22.6244
52 188 33.8983
54 188 33.8983
76 188 40.6504
82 188 50.7614
162 188 36.9686
211 188 45.1467
637 188 11.0193
34 189 22.6244
65 189 67.5676
74 189 40.6504
162 189 36.9686
210 189 50.7614
472 189 67.5676
473 189 67.5676
483 189 27.137
572 189 14.0548
573 189 14.0548
625 189 11.325
637 189 11.0193
35 190 22.6244
73 190 40.6504
74 190 40.6504
162 190 36.9686
210 190 50.7614
471 190 67.5676
472 190 67.5676
473 190 67.5676
474 190 57.971
482 190 27.137
483 190 27.137
571 190 14.0548
625 190 11.325
637 190 11.325
35 191 22.6244
60 191 36.9686
85 191 80.9717
162 191 36.9686
166 191 36.9686
251 191 57.971
469 191 80.9717
471 191 67.5676
472 191 67.5676
473 191 67.5676
474 191 57.971
569 191 14.556
625 191 11.325
637 191 11.325
30 192 23.9521
60 192 36.9686
166 192 36.9686
251 192 57.971
472 192 67.5676
473 192 67.5676
625 192 11.325
637 192 11.325
60 193 36.9686
162 193 36.9686
233 193 50.7614
637 193 11.0193
36 194 23.9521
49 194 36.9686
69 194 36.9686
162 194 36.9686
249 194 57.971
567 194 14.0548
582 194 13.587
624 194 11.325
637 194 11.0193
36 195 23.9521
67 195 36.9686
68 195 36.9686
162 195 36.9686
249 195 57.971
566 195 14.0548
580 195 13.587
624 195 11.325
637 195 11.0193
24 196 22.6244
162 196 36.9686
624 196 11.325
637 196 11.0193
24 197 22.6244
64 197 36.9686
162 197 36.9686
608 197 15.0943
609 197 15.0943
624 197 11.325
637 197 11.0193
24 198 22.6244
162 198 36.9686
563 198 14.556
564 198 14.556
636 198 11.0193
637 198 11.0193
24 199 22.6244
162 199 36.9686
579 199 13.587
580 199 13.587
605 199 15.674
606 199 15.674
623 199 11.325
636 199 11.0193
637 199 11.0193
24 200 22.6244
146 200 36.9686
162 200 36.9686
511 200 25.4453
513 200 23.9521
514 200 23.9521
604 200 15.674
605 200 15.674
623 200 11.325
624 200 11.325
636 200 11.0193
637 200 11.0193
145 201 36.9686
162 201 36.9686
514 201 23.9521
561 201 14.556
623 201 11.325
636 201 11.0193
637 201 11.0193
162 202 36.9686
604 202 15.674
623 202 11.325
636 202 11.0193
637 202 11.0193
24 203 22.6244
162 203 36.9686
192 203 50.7614
601 203 15.674
602 203 15.674
603 203 15.674
623 203 11.325
636 203 11.0193
637 203 11.0193
35 204 23.9521
162 204 36.9686
489 204 22.6244
490 204 22.6244
622 204 11.325
636 204 11.0193
637 204 11.0193
162 205 36.9686
622 205 11.325
636 205 11.0193
637 205 11.0193
19 206 22.6244
25 206 22.6244
59 206 36.9686
162 206 36.9686
561 206 14.556
577 206 13.587
578 206 13.587
622 206 11.325
623 206 11.325
636 206 11.0193
637 206 11.0193
25 207 22.6244
59 207 36.9686
162 207 36.9686
540 207 200
547 207 15.674
549 207 15.0943
550 207 14.556
551 207 14.556
552 207 14.556
560 207 14.556
561 207 14.556
577 207 13.587
578 207 13.587
622 207 11.325
636 207 11.0193
637 207 11.0193
18 208 22.6244
25 208 22.6244
59 208 36.9686
549 208 15.0943
550 208 14.556
551 208 14.556
559 208 14.556
560 208 14.556
578 208 13.587
622 208 11.325
636 208 11.0193
637 208 11.0193
18 209 22.6244
40 209 23.9521
54 209 36.9686
59 209 36.9686
249 209 57.971
490 209 21.4362
499 209 23.9521
577 209 13.587
578 209 13.587
622 209 11.325
635 209 11.0193
636 209 10.7296
637 209 10.7296
12 210 36.9686
39 210 23.9521
54 210 36.9686
59 210 36.9686
489 210 21.4362
490 210 21.4362
499 210 23.9521
576 210 13.587
577 210 13.587
578 210 13.587
621 210 11.325
622 210 11.325
635 210 11.0193
636 210 11.0193
637 210 11.0193
11 211 36.9686
12 211 36.9686
28 211 22.6244
39 211 23.9521
54 211 36.9686
59 211 36.9686
249 211 57.971
489 211 21.4362
490 211 21.4362
547 211 16.2999
576 211 13.587
577 211 13.587
578 211 13.587
621 211 11.325
622 211 11.325
637 211 11.0193
11 212 36.9686
39 212 23.9521
59 212 36.9686
576 212 13.587
577 212 13.587
578 212 13.587
620 212 11.325
621 212 11.325
622 212 11.325
637 212 11.0193
38 213 22.6244
39 213 23.9521
59 213 36.9686
60 213 36.9686
555 213 15.0943
556 213 14.556
557 213 14.556
558 213 14.556
573 213 13.587
576 213 13.587
577 213 13.587
620 213 11.325
621 213 11.325
17 214 22.6244
18 214 22.6244
37 214 22.6244
389 214 134.228
532 214 17.7148
555 214 15.0943
556 214 14.556
557 214 14.556
558 214 14.556
17 215 22.6244
36 215 23.9521
37 215 22.6244
59 215 36.9686
60 215 36.9686
381 215 67.5676
382 215 67.5676
383 215 67.5676
389 215 134.228
390 215 101.01
391 215 101.01
392 215 67.5676
485 215 23.9521
486 215 23.9521
504 215 19.3986
505 215 19.3986
506 215 19.3986
532 215 17.7148
533 215 17.7148
555 215 15.0943
18 216 22.6244
36 216 23.9521
59 216 36.9686
60 216 36.9686
504 216 19.3986
505 216 19.3986
506 216 19.3986
11 217 36.9686
18 217 22.6244
36 217 23.9521
59 217 36.9686
19 218 22.6244
36 218 23.9521
59 218 36.9686
213 218 57.971
568 218 13.587
569 218 13.587
570 218 13.587
573 218 12.3533
19 219 22.6244
36 219 23.9521
59 219 36.9686
213 219 57.971
291 219 23.9521
36 220 23.9521
59 220 36.9686
11 221 36.9686
36 221 23.9521
59 221 36.9686
3 222 21.4362
11 222 36.9686
36 222 23.9521
59 222 36.9686
530 222 18.5185
531 222 17.7148
532 222 17.7148
533 222 17.7148
547 222 15.0943
548 222 15.0943
3 223 21.4362
36 223 23.9521
59 223 36.9686
460 223 27.137
532 223 17.7148
533 223 17.7148
548 223 15.0943
11 224 36.9686
36 224 23.9521
59 224 36.9686
625 224 11.0193
626 224 11.0193
11 225 40.6504
36 225 22.6244
59 225 36.9686
477 225 22.6244
480 225 22.6244
496 225 20.3666
625 225 11.0193
626 225 11.0193
36 226 22.6244
59 226 36.9686
157 226 33.8983
158 226 33.8983
495 226 20.3666
496 226 20.3666
497 226 20.3666
568 226 13.587
569 226 13.587
570 226 13.587
625 226 11.0193
626 226 11.0193
627 226 11.0193
36 227 22.6244
157 227 33.8983
495 227 20.3666
496 227 20.3666
625 227 11.0193
626 227 11.0193
627 227 11.0193
11 228 40.6504
14 228 31.2989
29 228 22.6244
36 228 22.6244
158 228 33.8983
495 228 20.3666
496 228 20.3666
625 228 11.0193
29 229 22.6244
36 229 22.6244
539 229 17.7148
540 229 17.7148
541 229 17.7148
542 229 16.9779
547 229 15.674
637 229 11.0193
29 230 22.6244
35 230 22.6244
36 230 22.6244
40 230 23.9521
55 230 36.9686
60 230 36.9686
495 230 21.4362
496 230 21.4362
518 230 17.7148
519 230 17.7148
636 230 11.0193
637 230 11.0193
29 231 22.6244
36 231 22.6244
55 231 36.9686
495 231 21.4362
518 231 18.5185
523 231 16.9779
637 231 11.0193
29 232 22.6244
36 232 22.6244
517 232 18.5185
518 232 17.7148
549 232 15.0943
550 232 15.0943
625 232 11.325
626 232 11.325
29 233 22.6244
37 233 22.6244
480 233 23.9521
481 233 23.9521
517 233 18.5185
548 233 15.0943
549 233 15.0943
553 233 14.556
554 233 14.556
555 233 14.556
569 233 13.587
625 233 11.325
626 233 11.325
38 234 22.6244
516 234 18.5185
517 234 18.5185
520 234 17.7148
548 234 15.0943
549 234 15.0943
554 234 14.556
555 234 14.556
569 234 13.587
625 234 11.325
626 234 11.325
38 235 22.6244
480 235 23.9521
481 235 23.9521
495 235 21.4362
548 235 15.0943
555 235 14.556
556 235 14.556
568 235 13.587
569 235 13.587
625 235 11.325
626 235 11.325
48 236 25.4453
625 236 11.325
626 236 11.325
48 237 25.4453
49 237 25.4453
523 237 17.7148
556 237 14.556
625 237 11.325
626 237 11.325
18 238 22.6244
30 238 22.6244
40 238 25.4453
45 238 25.4453
49 238 25.4453
522 238 17.7148
523 238 17.7148
556 238 14.556
557 238 14.556
603 238 11.9904
604 238 11.6482
625 238 11.325
626 238 11.325
17 239 22.6244
31 239 22.6244
38 239 23.9521
40 239 23.9521
49 239 25.4453
600 239 12.3533
601 239 12.3533
602 239 11.9904
603 239 11.9904
604 239 11.6482
625 239 11.325
626 239 11.325
17 240 22.6244
31 240 22.6244
38 240 23.9521
65 240 25.4453
66 240 25.4453
499 240 20.3666
504 240 20.3666
546 240 15.0943
547 240 15.0943
548 240 15.0943
557 240 14.556
599 240 12.3533
600 240 12.3533
601 240 11.9904
602 240 11.9904
609 240 11.6482
610 240 11.6482
611 240 11.6482
625 240 11.325
626 240 11.325
18 241 22.6244
38 241 23.9521
66 241 25.4453
496 241 22.6244
504 241 20.3666
522 241 17.7148
523 241 17.7148
524 241 17.7148
535 241 18.5185
536 241 17.7148
537 241 17.7148
538 241 16.9779
539 241 16.9779
540 241 16.2999
545 241 15.674
546 241 15.0943
547 241 15.0943
548 241 15.0943
557 241 14.556
558 241 14.556
599 241 12.3533
600 241 12.3533
601 241 12.3533
611 241 11.6482
625 241 11.0193
626 241 11.0193
19 242 22.6244
30 242 22.6244
38 242 23.9521
523 242 17.7148
524 242 17.7148
537 242 17.7148
539 242 16.9779
557 242 14.556
558 242 14.556
598 242 12.3533
599 242 12.3533
600 242 12.3533
601 242 12.3533
611 242 11.6482
612 242 11.6482
625 242 11.0193
626 242 11.0193
30 243 22.6244
38 243 23.9521
77 243 25.4453
518 243 17.7148
523 243 17.7148
524 243 17.7148
598 243 12.3533
599 243 12.3533
600 243 12.3533
612 243 11.6482
613 243 11.6482
626 243 11.0193
3 244 21.4362
599 244 12.3533
600 244 12.3533
612 244 11.6482
613 244 11.6482
625 244 11.0193
626 244 11.0193
554 245 15.0943
558 245 14.556
598 245 12.3533
599 245 12.3533
613 245 11.6482
614 245 11.6482
521 246 18.5185
558 246 14.556
559 246 14.556
598 246 12.3533
599 246 12.3533
613 246 11.6482
614 246 11.6482
625 246 11.325
626 246 11.325
3 247 20.3666
16 247 21.4362
522 247 18.5185
558 247 14.556
559 247 14.556
598 247 12.3533
599 247 12.3533
626 247 11.325
3 248 20.3666
598 248 12.3533
599 248 12.3533
614 248 11.6482
615 248 11.6482
625 248 11.325
626 248 11.325
627 248 11.325
6 249 21.4362
559 249 14.556
560 249 14.556
597 249 12.3533
598 249 12.3533
599 249 12.3533
614 249 11.6482
615 249 11.6482
624 249 11.325
625 249 11.325
626 249 11.325
627 249 11.325
14 250 21.4362
16 250 21.4362
553 250 15.0943
554 250 15.0943
559 250 14.556
560 250 14.556
597 250 12.3533
598 250 12.3533
599 250 12.3533
13 251 21.4362
14 251 21.4362
16 251 21.4362
553 251 15.0943
598 251 12.3533
599 251 12.3533
553 252 15.0943
598 252 12.3533
599 252 12.3533
606 252 12.3533
607 252 12.3533
611 252 11.6482
612 252 11.6482
426 253 16.9779
561 253 14.556
562 253 14.556
563 253 14.556
611 253 11.6482
612 253 11.6482
613 253 11.6482
561 254 14.556
562 254 14.556
563 254 14.556
599 254 12.3533
612 254 11.6482
613 254 11.6482
561 255 14.556
562 255 14.556
598 255 12.3533
599 255 12.3533
600 255 12.3533
612 255 11.6482
561 256 14.556
562 256 14.556
598 256 12.3533
599 256 12.3533
600 256 12.3533
613 256 11.6482
550 257 15.0943
551 257 15.0943
552 257 15.0943
598 257 12.3533
599 257 12.3533
600 257 12.3533
612 257 11.6482
613 257 11.6482
614 257 11.6482
551 258 15.0943
552 258 15.0943
613 259 11.6482
614 259 11.6482
607 261 11.9904
607 262 11.9904
248 264 13.587
117 265 15.674
608 265 11.9904
609 265 11.9904
611 269 11.6482
603 272 11.9904
604 272 11.9904
605 272 11.9904
209 273 11.9904
238 273 11.6482
605 273 11.9904
606 273 11.9904
209 274 11.9904
234 274 11.9904
235 275 11.9904
185 276 11.6482
211 276 11.9904
628 276 11.6482
629 276 11.6482
186 277 11.6482
208 277 11.325
208 278 11.325
169 281 11.0193
449 282 11.9904
450 282 11.325
453 282 11.0193
454 282 11.0193
455 282 11.0193
456 282 10.7296
162 283 10.4548
450 283 11.325
451 283 11.325
452 283 11.325
453 283 11.0193
454 283 11.0193
455 283 11.0193
456 283 10.7296
457 283 10.4548
27 284 11.9904
26 285 11.9904
27 285 11.9904
28 285 11.9904
256 286 10.4548
256 287 10.4548
202 288 9.70874
203 288 9.70874
220 288 9.70874
98 289 8.49618
203 289 9.70874
204 289 9.70874
221 289 9.70874
230 289 9.70874
204 290 9.70874
221 290 9.70874
222 290 9.70874
107 291 8.67679
594 291 9.48317
107 292 8.67679
188 292 9.26784
189 292 9.26784
527 292 9.70874
564 292 9.48317
565 292 9.48317
591 292 9.70874
592 292 9.48317
593 292 9.48317
594 292 9.48317
595 292 9.48317
101 293 8.32293
189 293 9.26784
530 293 9.70874
573 293 9.48317
575 293 9.48317
589 293 9.70874
590 293 9.70874
591 293 9.70874
592 293 9.48317
593 293 9.48317
101 294 8.32293
110 294 9.06207
116 294 9.06207
153 294 9.26784
205 294 9.06207
587 294 9.9453
588 294 9.70874
589 294 9.70874
590 294 9.70874
591 294 9.70874
102 295 8.49618
116 295 9.06207
117 295 9.06207
205 295 9.06207
206 295 9.06207
208 295 9.06207
539 295 9.06207
103 297 8.49618
185 297 8.67679
227 297 9.06207
185 298 8.67679
211 298 8.86525
212 298 8.86525
113 299 8.67679
167 299 8.67679
233 299 9.06207
187 300 8.67679
234 300 9.06207
556 300 8.67679
144 301 8.67679
155 301 8.49618
179 301 8.67679
180 301 8.32293
181 301 8.32293
116 302 8.32293
142 302 8.67679
150 302 8.49618
181 302 8.32293
182 302 8.32293
599 302 8.67679
600 302 8.67679
116 303 8.32293
150 303 8.49618
151 303 8.49618
173 303 8.49618
174 303 8.49618
208 303 8.32293
209 303 8.32293
113 304 8.15661
152 304 8.49618
206 304 8.15661
209 304 8.15661
593 304 8.15661
113 305 8.15661
114 305 8.15661
206 305 8.15661
207 305 8.15661
597 305 8.32293
598 305 8.32293
599 305 8.32293
114 306 8.15661
208 306 8.15661
603 306 8.32293
604 306 8.32293
142 307 8.15661
490 307 8.15661
607 307 8.15661
608 307 8.15661
82 308 7.84314
92 308 7.9968
141 308 8.15661
184 308 7.9968
482 308 8.32293
611 308 7.84314
612 308 7.84314
613 308 7.84314
614 308 7.84314
617 309 8.49618
618 309 8.49618
619 309 8.32293
620 309 8.32293
621 309 8.15661
88 310 7.69527
126 310 7.84314
127 310 7.84314
158 310 7.84314
189 310 7.69527
226 310 7.9968
590 310 8.49618
591 310 8.49618
592 310 8.32293
593 310 8.32293
594 310 8.32293
595 310 8.15661
596 310 8.15661
597 310 7.9968
598 310 7.9968
599 310 7.9968
600 310 7.9968
601 310 7.55287
602 310 7.55287
621 310 8.15661
622 310 8.15661
623 310 7.9968
624 310 7.84314
637 310 8.15661
158 311 7.84314
159 311 7.84314
593 311 8.32293
594 311 8.32293
595 311 8.15661
596 311 8.15661
597 311 7.9968
598 311 7.9968
599 311 7.9968
600 311 7.9968
601 311 7.55287
602 311 7.55287
603 311 7.55287
604 311 7.55287
90 312 7.69527
237 312 8.32293
108 313 7.69527
153 314 7.28332
154 314 7.28332
118 315 7.55287
142 315 7.28332
154 315 7.28332
155 315 7.28332
186 315 7.28332
187 315 7.28332
92 316 7.41565
142 316 7.28332
143 316 7.28332
149 316 7.28332
155 316 7.28332
176 316 7.41565
177 316 7.41565
183 316 7.15564
187 316 7.28332
77 317 7.69527
78 317 7.69527
81 317 7.28332
95 317 7.28332
96 317 7.28332
115 317 7.41565
116 317 7.41565
134 317 7.9968
137 317 7.15564
138 317 7.15564
143 317 7.28332
149 317 7.15564
150 317 7.15564
155 317 7.28332
183 317 7.15564
184 317 7.15564
233 317 7.84314
77 318 7.69527
81 318 7.28332
82 318 7.28332
83 318 7.28332
91 318 7.41565
96 318 7.28332
133 318 7.9968
134 318 7.9968
137 318 7.15564
138 318 7.15564
149 318 7.15564
150 318 7.15564
151 318 7.15564
183 318 7.15564
184 318 7.15564
83 319 7.28332
88 319 7.28332
131 319 7.9968
138 319 7.15564
150 319 7.15564
151 319 7.15564
152 319 7.15564
66 320 7.15564
84 320 7.28332
138 320 7.15564
139 320 7.15564
169 320 7.03235
66 321 7.15564
94 321 7.03235
119 321 7.03235
128 321 7.15564
138 321 7.03235
139 321 7.03235
140 321 7.03235
163 321 7.03235
170 321 7.15564
38 322 7.03235
39 322 7.03235
79 322 7.15564
94 322 7.03235
116 322 7.03235
117 322 7.03235
130 322 7.15564
166 322 7.03235
167 322 7.03235
40 323 7.03235
49 323 6.7981
50 323 6.7981
56 323 6.7981
61 323 6.91324
79 323 7.15564
89 323 7.03235
90 323 7.03235
95 323 7.03235
117 323 7.03235
153 323 6.91324
178 323 6.7981
201 323 7.03235
40 324 7.03235
50 324 6.7981
51 324 6.7981
56 324 6.7981
62 324 6.91324
70 324 6.91324
71 324 6.91324
150 324 6.7981
158 324 6.7981
179 324 6.7981
41 325 7.03235
42 325 7.03235
115 325 7.03235
150 325 6.7981
151 325 6.7981
160 325 6.68673
167 325 6.68673
180 325 6.7981
56 326 6.7981
57 326 6.7981
150 326 6.7981
161 326 6.57895
57 327 6.7981
76 327 6.7981
77 327 6.7981
144 327 6.57895
161 327 6.57895
162 327 6.57895
167 327 6.68673
637 327 7.55287
71 328 6.7981
72 328 6.7981
161 328 6.57895
162 328 6.57895
163 328 6.57895
168 328 6.68673
69 329 6.7981
71 329 6.7981
72 329 6.7981
100 329 6.57895
104 329 6.68673
105 329 6.68673
162 329 6.57895
163 329 6.57895
164 329 6.57895
487 329 7.03235
66 330 6.57895
100 330 6.57895
101 330 6.57895
164 330 6.57895
165 330 6.47459
37 331 6.37349
66 331 6.57895
101 331 6.57895
126 331 6.47459
137 331 6.57895
144 331 6.47459
165 331 6.47459
180 331 6.57895
194 331 6.68673
25 332 6.18047
37 332 6.37349
38 332 6.37349
66 332 6.57895
101 332 6.57895
102 332 6.57895
133 332 6.68673
144 332 6.47459
147 332 6.27549
148 332 6.27549
167 332 6.47459
186 332 6.47459
187 332 6.47459
194 332 6.68673
54 333 6.47459
65 333 6.57895
66 333 6.57895
79 333 6.47459
93 333 6.47459
94 333 6.47459
148 333 6.27549
54 334 6.47459
55 334 6.47459
61 334 6.37349
94 334 6.47459
148 334 6.27549
148 335 6.27549
35 336 6.27549
59 336 6.37349
132 336 5.91191
137 336 6.08828
138 336 6.08828
141 336 6.18047
145 336 6.27549
146 336 6.27549
31 337 6.27549
36 337 6.27549
49 337 6.08828
51 337 6.08828
52 337 6.08828
86 337 6.27549
133 337 5.91191
134 337 5.91191
146 337 6.27549
147 337 6.27549
31 338 6.18047
43 338 6.08828
44 338 6.08828
52 338 6.08828
86 338 6.27549
87 338 6.27549
125 338 5.91191
128 338 5.91191
129 338 5.91191
134 338 5.91191
135 338 5.91191
140 338 6.18047
3 339 5.9988
30 339 6.18047
44 339 6.08828
60 339 6.08828
61 339 6.08828
85 339 6.27549
86 339 6.27549
117 339 6.08828
128 339 5.91191
129 339 5.91191
140 339 6.18047
144 339 6.08828
188 339 6.27549
3 340 5.9988
29 340 6.08828
30 340 6.08828
53 340 5.9988
62 340 6.08828
71 340 6.08828
72 340 6.08828
77 340 6.08828
81 340 6.08828
82 340 6.08828
145 340 6.08828
153 340 5.9988
3 341 5.9988
30 341 6.08828
37 341 5.9988
53 341 5.9988
54 341 5.9988
59 341 6.08828
60 341 6.08828
72 341 6.08828
73 341 6.08828
82 341 6.08828
83 341 6.08828
141 341 6.08828
155 341 5.9988
46 342 5.9988
54 342 5.9988
60 342 6.08828
134 342 5.82751
141 342 6.08828
75 343 5.91191
76 343 5.91191
104 343 5.9988
122 343 5.9988
75 344 5.91191
76 344 5.91191
104 344 5.9988
122 344 5.9988
124 344 5.9988
156 344 5.91191
157 344 5.91191
61 345 6.57895
66 345 5.74548
67 345 5.74548
80 345 5.82751
81 345 5.82751
82 345 5.82751
134 345 5.74548
158 345 5.91191
55 346 5.74548
56 346 5.74548
65 346 5.82751
67 346 5.74548
77 346 5.91191
134 346 5.74548
56 347 5.74548
57 347 5.74548
63 347 5.82751
66 347 5.74548
77 347 5.91191
134 347 5.74548
143 347 5.74548
152 347 5.74548
52 348 5.66572
57 348 5.74548
117 348 5.58815
153 348 5.74548
154 348 5.74548
36 349 8.67679
53 349 5.66572
54 349 5.66572
58 349 5.74548
118 349 5.58815
137 349 5.58815
138 349 5.51268
168 349 5.74548
45 350 5.74548
46 350 5.74548
54 350 5.66572
55 350 5.66572
61 350 5.16396
115 350 5.58815
137 350 5.58815
138 350 5.51268
139 350 5.51268
164 350 5.74548
168 350 5.66572
45 351 5.74548
46 351 5.74548
47 351 5.74548
114 351 5.58815
115 351 5.58815
123 351 5.36769
135 351 5.58815
138 351 5.51268
139 351 5.51268
140 351 5.43922
164 351 5.74548
165 351 5.74548
123 352 5.36769
124 352 5.36769
131 352 5.51268
132 352 5.51268
140 352 5.43922
141 352 5.43922
164 352 5.74548
165 352 5.74548
166 352 5.66572
123 353 5.36769
124 353 5.36769
127 353 6.18047
132 353 5.51268
133 353 5.51268
141 353 5.43922
23 354 5.58815
45 354 5.58815
64 354 5.23013
65 354 5.23013
99 354 5.36769
104 354 5.23013
105 354 5.23013
119 354 5.36769
132 354 5.43922
133 354 5.43922
157 354 5.58815
158 354 5.58815
22 355 5.58815
50 355 5.51268
64 355 5.23013
65 355 5.29801
71 355 5.29801
105 355 5.23013
133 355 5.43922
134 355 5.43922
135 355 5.43922
66 356 5.29801
100 356 5.23013
108 356 5.29801
111 356 5.36769
112 356 5.36769
122 356 5.29801
123 356 5.29801
128 356 6.08828
131 356 5.43922
134 356 5.43922
135 356 5.43922
67 357 5.23013
91 357 5.29801
100 357 5.16396
112 357 5.36769
113 357 5.36769
123 357 5.29801
124 357 5.29801
131 357 5.36769
160 357 5.43922
47 358 5.09944
61 358 5.29801
74 358 5.29801
100 358 5.16396
101 358 5.16396
114 358 5.29801
115 358 5.23013
124 358 5.29801
125 358 5.29801
5 359 5.51268
28 359 5.23013
43 359 5.16396
44 359 5.16396
63 359 5.16396
96 359 5.23013
101 359 5.16396
125 359 5.29801
5 360 5.51268
13 360 5.23013
14 360 5.23013
27 360 5.23013
28 360 5.23013
29 360 5.23013
43 360 5.16396
64 360 5.16396
80 360 5.16396
88 360 5.23013
89 360 5.23013
170 360 5.36769
176 360 5.36769
13 361 5.23013
14 361 5.23013
21 361 5.29801
22 361 5.29801
33 361 5.23013
37 361 5.23013
38 361 5.23013
52 361 5.09944
53 361 5.09944
83 361 5.09944
87 361 5.23013
88 361 5.23013
89 361 5.23013
118 361 5.23013
123 361 5.23013
147 361 5.23013
171 361 5.36769
172 361 5.36769
173 361 5.36769
21 362 5.29801
22 362 5.29801
33 362 5.23013
34 362 5.23013
53 362 5.03651
54 362 5.03651
87 362 5.23013
88 362 5.23013
89 362 5.23013
90 362 5.23013
122 362 5.23013
123 362 5.23013
124 362 5.23013
130 362 5.29801
147 362 5.16396
174 362 5.36769
7 363 5.09944
8 363 5.09944
34 363 5.23013
54 363 5.03651
76 363 5.09944
89 363 5.16396
90 363 5.23013
121 363 5.23013
124 363 5.23013
130 363 5.23013
137 363 4.29461
148 363 5.16396
149 363 5.16396
175 363 5.36769
6 364 5.09944
7 364 5.09944
8 364 5.09944
54 364 5.03651
55 364 5.03651
77 364 5.09944
78 364 5.09944
121 364 5.23013
122 364 5.23013
149 364 5.16396
150 364 5.16396
175 364 5.36769
7 365 5.09944
8 365 5.09944
18 365 5.03651
24 365 5.09944
56 365 4.97512
64 365 5.09944
101 365 5.16396
127 365 5.16396
128 365 5.16396
154 365 5.23013
155 365 5.23013
18 366 5.03651
24 366 5.03651
155 366 5.23013
175 366 5.36769
18 367 5.03651
24 367 5.03651
25 367 5.03651
59 367 4.91521
106 367 5.03651
25 368 5.03651
55 368 4.91521
56 368 4.91521
140 368 5.03651
563 368 5.58815
564 368 5.51268
24 369 5.03651
56 369 4.91521
140 369 5.03651
565 369 5.43922
566 369 5.29801
567 369 5.29801
578 369 5.23013
579 369 5.16396
580 369 5.16396
581 369 5.09944
582 369 5.03651
51 370 4.91521
56 370 4.91521
141 370 5.03651
566 370 5.29801
567 370 5.29801
568 370 5.23013
569 370 5.23013
570 370 5.23013
571 370 5.23013
572 370 5.23013
573 370 5.23013
574 370 5.23013
575 370 5.16396
576 370 5.16396
577 370 5.23013
579 370 5.16396
580 370 5.16396
581 370 5.09944
582 370 5.03651
54 371 4.91521
83 371 4.91521
148 371 4.97512
149 371 4.97512
244 371 5.36769
567 371 5.29801
568 371 5.23013
569 371 5.23013
570 371 5.23013
571 371 5.23013
572 371 5.23013
573 371 5.23013
574 371 5.23013
575 371 5.16396
576 371 5.16396
577 371 5.23013
580 371 5.16396
581 371 5.09944
582 371 5.03651
583 371 4.91521
584 371 4.91521
54 372 4.85673
585 372 4.79962
116 373 4.85673
96 374 5.66572
116 374 4.85673
117 374 4.85673
144 374 4.91521
145 374 4.91521
101 375 4.74383
102 375 4.74383
118 375 4.85673
93 376 5.36769
94 376 5.43922
99 376 4.74383
102 376 4.68933
119 376 4.79962
88 377 4.74383
92 377 5.36769
93 377 5.36769
99 377 4.68933
100 377 4.68933
119 377 4.74383
120 377 4.74383
57 378 4.63607
91 378 5.36769
92 378 5.36769
98 378 4.68933
99 378 4.68933
100 378 4.68933
101 378 4.68933
57 379 4.63607
58 379 4.63607
79 379 4.68933
91 379 5.36769
99 379 4.68933
100 379 4.68933
101 379 4.68933
118 379 4.74383
135 379 4.74383
136 379 4.74383
13 380 4.4833
58 380 4.63607
135 380 4.74383
136 380 4.74383
137 380 4.74383
13 381 4.4833
24 381 4.43459
87 381 4.63607
95 381 4.68933
155 381 4.79962
156 381 4.79962
13 382 4.4833
24 382 4.43459
25 382 4.43459
87 382 4.63607
156 382 4.79962
8 383 4.43459
25 383 4.43459
76 383 4.53309
83 383 4.584
87 383 4.584
88 383 4.63607
117 383 4.584
152 383 4.79962
8 384 4.43459
77 384 4.584
83 384 4.584
84 384 4.584
91 384 4.1632
92 384 4.1632
153 384 4.79962
8 385 4.43459
73 385 4.53309
74 385 4.53309
82 385 4.584
84 385 4.584
85 385 4.584
105 385 4.584
29 386 4.4833
66 386 4.43459
67 386 4.43459
29 387 4.4833
68 387 4.43459
69 387 4.34028
124 387 4.4833
84 388 4.4833
99 388 4.4833
100 388 4.4833
127 388 4.584
59 389 4.43459
60 389 4.38693
61 389 4.38693
60 390 4.38693
61 390 4.38693
62 390 4.38693
68 390 4.34028
62 391 4.38693
68 391 4.34028
75 391 4.4833
97 391 4.38693
13 392 4.29461
14 392 4.29461
75 392 4.4833
94 392 4.34028
97 392 4.38693
98 392 4.38693
138 392 4.43459
154 392 4.68933
13 393 4.29461
14 393 4.29461
20 393 4.24989
71 393 4.29461
94 393 4.34028
95 393 4.38693
14 394 4.29461
20 394 4.24989
71 394 4.29461
72 394 4.29461
95 394 4.38693
96 394 4.38693
72 395 4.29461
73 395 4.29461
128 395 4.38693
129 396 4.34028
131 397 4.34028
14 398 4.2061
14 399 4.2061
113 399 4.2061
114 399 4.2061
115 399 4.2061
14 400 4.2061
132 400 4.29461
58 401 4.2061
109 401 4.24989
10 402 4.12116
4 403 4.12116
5 403 4.12116
9 403 4.12116
10 403 4.12116
73 403 4.12116
74 403 4.12116
4 404 4.07997
5 404 4.07997
6 404 4.07997
10 404 4.12116
75 404 4.12116
259 404 4.43459
4 405 4.07997
5 405 4.07997
6 405 4.07997
36 405 4.03959
76 405 4.07997
501 405 4.34028
502 405 4.34028
5 406 4.03959
6 406 4.03959
37 406 4.03959
119 406 4.1632
120 406 4.1632
125 406 4.1632
502 406 4.34028
6 407 4.03959
120 407 4.1632
121 407 4.1632
125 407 4.1632
362 407 4.34028
381 407 4.34028
382 407 4.34028
78 408 4.03959
88 408 4.03959
78 409 4.03959
79 409 4.03959
110 409 4.03959
373 409 4.29461
505 409 4.24989
506 409 4.24989
79 410 4.03959
100 410 4.07997
101 410 4.07997
135 410 4.29461
434 410 4.29461
435 410 4.29461
244 411 4.29461
245 411 4.29461
47 412 4.03959
47 413 4.03959
94 415 4.03959
139 415 4.2061
140 415 4.2061
138 416 4.2061
139 416 4.2061
120 417 4.07997
121 417 4.07997
139 417 4.2061
140 417 4.2061
127 418 4.1632
451 421 4.03959
332 422 4.07997
384 423 4.03959
97 424 4.03959
98 424 4.03959
120 427 4.03959
121 427 4.03959
119 429 4.03959
