4 3 20.3666
5 3 20.3666
15 3 21.4362
16 3 21.4362
25 3 21.4362
26 3 21.4362
35 3 22.6244
38 3 22.6244
39 3 22.6244
601 3 15.674
603 3 15.674
604 3 15.674
609 3 15.674
610 3 15.674
613 3 14.0548
626 3 15.674
627 3 15.674
4 4 21.4362
5 4 21.4362
15 4 21.4362
16 4 21.4362
25 4 21.4362
26 4 21.4362
27 4 21.4362
39 4 22.6244
137 4 33.8983
602 4 15.674
603 4 15.674
609 4 15.674
15 5 21.4362
16 5 21.4362
23 5 21.4362
24 5 21.4362
25 5 21.4362
39 5 22.6244
137 5 33.8983
145 5 33.8983
637 5 14.556
17 6 22.6244
23 6 21.4362
24 6 21.4362
39 6 22.6244
604 6 15.674
611 6 15.674
626 6 10.4548
11 7 101.01
17 7 22.6244
23 7 21.4362
39 7 21.4362
148 7 33.8983
603 7 15.674
604 7 15.674
13 8 101.01
23 8 21.4362
32 8 21.4362
38 8 21.4362
39 8 21.4362
608 8 15.674
612 8 15.674
613 8 15.674
14 9 101.01
20 9 22.6244
32 9 22.6244
38 9 22.6244
155 9 33.8983
607 9 15.674
608 9 15.674
612 9 15.674
613 9 15.0943
20 10 22.6244
30 10 22.6244
37 10 21.4362
38 10 21.4362
131 10 33.8983
154 10 33.8983
608 10 15.674
611 10 15.674
612 10 15.674
614 10 15.0943
30 11 22.6244
36 11 21.4362
37 11 21.4362
131 11 33.8983
149 11 33.8983
154 11 33.8983
608 11 15.674
610 11 15.674
14 12 21.4362
18 12 22.6244
19 12 22.6244
22 12 21.4362
30 12 22.6244
36 12 21.4362
37 12 21.4362
154 12 33.8983
604 12 15.674
605 12 15.674
615 12 15.674
18 13 21.4362
23 13 21.4362
35 13 21.4362
36 13 21.4362
614 13 15.674
18 14 21.4362
35 14 21.4362
131 14 33.8983
605 14 15.0943
606 14 15.0943
608 14 15.0943
613 14 15.674
20 15 21.4362
29 15 21.4362
33 15 21.4362
140 15 33.8983
149 15 33.8983
607 15 15.0943
608 15 15.0943
29 16 21.4362
32 16 21.4362
130 16 33.8983
149 16 33.8983
28 17 21.4362
31 17 21.4362
31 18 21.4362
39 18 21.4362
604 18 16.2999
605 18 16.2999
616 18 15.674
617 18 15.674
31 19 21.4362
38 19 22.6244
39 19 21.4362
604 19 15.674
605 19 16.2999
615 19 15.674
616 19 15.674
29 20 21.4362
30 20 21.4362
38 20 22.6244
605 20 15.674
606 20 15.674
616 20 15.674
617 20 15.674
25 21 21.4362
30 21 21.4362
33 21 22.6244
36 21 21.4362
39 21 22.6244
155 21 33.8983
602 21 15.674
618 21 15.674
635 21 14.556
24 22 21.4362
25 22 21.4362
26 22 21.4362
30 22 21.4362
33 22 22.6244
39 22 22.6244
602 22 15.674
603 22 15.674
607 22 15.674
608 22 15.674
611 22 15.0943
24 23 21.4362
30 23 21.4362
38 23 22.6244
155 23 33.8983
156 23 33.8983
602 23 15.674
607 23 15.674
608 23 15.674
24 24 21.4362
29 24 21.4362
30 24 21.4362
38 24 22.6244
607 24 15.674
608 24 15.674
609 24 15.674
12 25 20.3666
13 25 20.3666
22 25 21.4362
29 25 22.6244
37 25 22.6244
38 25 22.6244
134 25 33.8983
159 25 36.9686
608 25 15.674
635 25 14.556
20 26 21.4362
22 26 21.4362
36 26 22.6244
37 26 22.6244
38 26 22.6244
134 26 33.8983
159 26 33.8983
603 26 15.674
604 26 15.674
10 27 21.4362
13 27 21.4362
22 27 21.4362
23 27 21.4362
36 27 22.6244
37 27 22.6244
603 27 15.674
604 27 15.674
605 27 15.674
10 28 21.4362
11 28 21.4362
13 28 21.4362
14 28 21.4362
15 28 21.4362
28 28 21.4362
35 28 21.4362
36 28 22.6244
127 28 33.8983
133 28 33.8983
159 28 33.8983
160 28 33.8983
603 28 15.674
604 28 15.674
605 28 15.674
609 28 15.674
615 28 15.0943
11 29 21.4362
12 29 21.4362
14 29 21.4362
28 29 21.4362
36 29 21.4362
159 29 33.8983
160 29 33.8983
21 30 19.3986
22 30 20.3666
27 30 21.4362
28 30 21.4362
33 30 21.4362
35 30 21.4362
36 30 21.4362
132 30 33.8983
133 30 33.8983
136 30 33.8983
159 30 33.8983
23 31 20.3666
27 31 21.4362
32 31 21.4362
33 31 21.4362
35 31 21.4362
123 31 33.8983
132 31 33.8983
160 31 33.8983
594 31 15.674
606 31 15.674
24 32 21.4362
26 32 21.4362
27 32 21.4362
32 32 21.4362
33 32 21.4362
135 32 33.8983
159 32 33.8983
594 32 15.674
606 32 15.674
607 32 15.674
608 32 15.674
25 33 21.4362
26 33 21.4362
30 33 21.4362
31 33 21.4362
32 33 21.4362
26 34 21.4362
30 34 21.4362
159 34 36.9686
597 34 15.674
598 34 15.674
609 34 15.674
610 34 15.674
29 35 21.4362
30 35 21.4362
123 35 33.8983
128 35 33.8983
129 35 33.8983
163 35 33.8983
609 35 15.674
25 36 21.4362
26 36 21.4362
128 36 33.8983
129 36 33.8983
629 36 200
25 37 21.4362
26 37 21.4362
128 37 33.8983
132 37 33.8983
574 37 31.2989
600 37 15.674
601 37 15.674
24 38 21.4362
31 38 21.4362
132 38 33.8983
600 38 15.674
601 38 15.674
6 39 20.3666
24 39 21.4362
32 39 21.4362
145 39 33.8983
619 39 12.3533
620 39 12.3533
24 40 21.4362
32 40 21.4362
131 40 33.8983
137 40 33.8983
145 40 33.8983
151 40 33.8983
166 40 33.8983
603 40 15.674
606 40 15.674
607 40 15.674
615 40 15.0943
618 40 12.3533
619 40 12.3533
24 41 21.4362
28 41 21.4362
32 41 21.4362
151 41 33.8983
165 41 33.8983
166 41 33.8983
485 41 29.0698
605 41 15.674
606 41 15.674
612 41 15.674
614 41 15.0943
615 41 15.0943
23 42 21.4362
25 42 21.4362
32 42 21.4362
34 42 21.4362
607 42 15.674
608 42 15.674
614 42 15.0943
615 42 15.0943
22 43 21.4362
25 43 22.6244
32 43 21.4362
33 43 21.4362
34 43 21.4362
162 43 33.8983
165 43 33.8983
606 43 15.674
607 43 15.674
608 43 15.674
609 43 15.674
614 43 15.674
33 44 21.4362
132 44 33.8983
165 44 33.8983
166 44 33.8983
607 44 15.674
11 45 20.3666
33 45 21.4362
36 45 21.4362
132 45 33.8983
135 45 33.8983
152 45 33.8983
156 45 31.2989
165 45 33.8983
578 45 33.8983
610 45 15.674
12 46 20.3666
13 46 20.3666
32 46 21.4362
33 46 21.4362
35 46 21.4362
36 46 21.4362
152 46 33.8983
165 46 33.8983
609 46 15.674
610 46 15.674
611 46 15.674
12 47 20.3666
13 47 20.3666
14 47 21.4362
35 47 21.4362
134 47 33.8983
147 47 31.2989
165 47 33.8983
609 47 15.674
611 47 15.674
612 47 15.674
14 48 21.4362
35 48 21.4362
38 48 22.6244
134 48 33.8983
156 48 33.8983
164 48 33.8983
165 48 33.8983
610 48 15.674
611 48 15.674
612 48 15.674
25 49 21.4362
35 49 21.4362
38 49 22.6244
152 49 31.2989
156 49 33.8983
164 49 33.8983
165 49 33.8983
612 49 15.674
613 49 15.674
22 50 20.3666
25 50 21.4362
35 50 21.4362
38 50 22.6244
134 50 36.9686
164 50 33.8983
612 50 15.674
22 51 20.3666
28 51 22.6244
38 51 22.6244
150 51 31.2989
164 51 36.9686
350 51 31.2989
28 52 22.6244
29 52 22.6244
35 52 21.4362
36 52 22.6244
37 52 22.6244
38 52 22.6244
150 52 33.8983
164 52 36.9686
347 52 40.6504
13 53 21.4362
14 53 21.4362
28 53 22.6244
35 53 21.4362
36 53 22.6244
14 54 21.4362
34 54 21.4362
35 54 21.4362
36 54 21.4362
612 54 16.2999
34 55 21.4362
35 55 21.4362
142 55 33.8983
156 55 33.8983
157 55 33.8983
164 55 33.8983
579 55 33.8983
613 55 15.674
629 55 15.0943
31 56 21.4362
142 56 33.8983
156 56 33.8983
163 56 33.8983
164 56 33.8983
484 56 31.2989
613 56 15.674
614 56 15.674
615 56 15.674
624 56 15.0943
629 56 15.0943
12 57 21.4362
31 57 21.4362
34 57 22.6244
35 57 22.6244
142 57 33.8983
162 57 33.8983
163 57 33.8983
484 57 31.2989
485 57 31.2989
614 57 15.674
615 57 15.674
12 58 21.4362
13 58 21.4362
31 58 21.4362
34 58 21.4362
35 58 21.4362
136 58 33.8983
162 58 33.8983
12 59 21.4362
13 59 21.4362
14 59 21.4362
30 59 21.4362
136 59 33.8983
580 59 33.8983
581 59 33.8983
33 60 21.4362
34 60 21.4362
130 60 33.8983
580 60 33.8983
22 61 20.3666
23 61 20.3666
143 61 31.2989
164 61 33.8983
580 61 33.8983
21 62 20.3666
34 62 21.4362
35 62 21.4362
129 62 33.8983
143 62 31.2989
163 62 33.8983
164 62 33.8983
580 62 33.8983
612 62 15.674
34 63 21.4362
35 63 21.4362
143 63 31.2989
162 63 33.8983
163 63 33.8983
164 63 33.8983
580 63 33.8983
15 64 20.3666
143 64 33.8983
162 64 33.8983
485 64 29.0698
13 65 20.3666
15 65 20.3666
16 65 21.4362
33 65 21.4362
34 65 21.4362
35 65 21.4362
37 65 21.4362
143 65 33.8983
158 65 33.8983
630 65 15.0943
13 66 20.3666
32 66 21.4362
33 66 21.4362
35 66 21.4362
611 66 15.674
612 66 15.674
615 66 15.0943
621 66 15.0943
15 67 21.4362
32 67 21.4362
33 67 21.4362
35 67 21.4362
130 67 33.8983
157 67 33.8983
162 67 33.8983
610 67 15.674
611 67 15.674
621 67 15.0943
35 68 21.4362
126 68 33.8983
146 68 33.8983
157 68 33.8983
162 68 33.8983
637 68 14.556
12 69 20.3666
16 69 21.4362
25 69 21.4362
37 69 21.4362
126 69 33.8983
140 69 33.8983
157 69 33.8983
162 69 33.8983
581 69 33.8983
11 70 20.3666
12 70 20.3666
34 70 21.4362
37 70 21.4362
157 70 33.8983
604 70 16.2999
34 71 21.4362
37 71 21.4362
156 71 33.8983
157 71 33.8983
588 71 33.8983
607 71 16.2999
30 72 21.4362
39 72 22.6244
156 72 33.8983
606 72 16.2999
609 72 16.2999
610 72 16.2999
611 72 16.2999
612 72 15.674
616 72 15.674
37 73 21.4362
38 73 22.6244
39 73 21.4362
127 73 33.8983
156 73 33.8983
201 73 45.1467
609 73 16.2999
610 73 16.2999
611 73 16.2999
37 74 21.4362
38 74 21.4362
127 74 33.8983
132 74 33.8983
156 74 33.8983
163 74 33.8983
201 74 45.1467
368 74 36.9686
369 74 36.9686
482 74 29.0698
622 74 15.0943
623 74 15.0943
19 75 20.3666
29 75 21.4362
35 75 21.4362
36 75 21.4362
127 75 33.8983
132 75 33.8983
150 75 33.8983
151 75 33.8983
155 75 33.8983
156 75 33.8983
367 75 36.9686
485 75 31.2989
623 75 15.0943
627 75 15.0943
628 75 15.0943
629 75 15.0943
12 76 20.3666
29 76 21.4362
35 76 21.4362
149 76 33.8983
150 76 33.8983
156 76 33.8983
163 76 33.8983
626 76 15.0943
627 76 15.0943
628 76 15.0943
48 77 22.6244
49 77 22.6244
134 77 33.8983
142 77 36.9686
148 77 33.8983
149 77 33.8983
156 77 33.8983
163 77 33.8983
605 77 16.2999
627 77 15.0943
34 78 21.4362
42 78 22.6244
148 78 33.8983
149 78 33.8983
156 78 33.8983
162 78 33.8983
163 78 33.8983
502 78 29.0698
503 78 29.0698
564 78 33.8983
582 78 33.8983
583 78 33.8983
609 78 15.674
630 78 14.556
33 79 21.4362
34 79 21.4362
41 79 21.4362
42 79 21.4362
50 79 22.6244
126 79 33.8983
148 79 33.8983
162 79 33.8983
203 79 45.1467
491 79 29.0698
589 79 33.8983
10 80 20.3666
41 80 21.4362
42 80 21.4362
44 80 22.6244
49 80 22.6244
50 80 22.6244
130 80 33.8983
148 80 33.8983
161 80 33.8983
162 80 33.8983
203 80 45.1467
491 80 29.0698
9 81 20.3666
10 81 20.3666
41 81 21.4362
49 81 22.6244
126 81 33.8983
130 81 33.8983
131 81 33.8983
161 81 33.8983
203 81 45.1467
488 81 31.2989
606 81 15.674
632 81 14.556
6 82 20.3666
9 82 20.3666
10 82 20.3666
11 82 20.3666
17 82 20.3666
18 82 20.3666
32 82 21.4362
41 82 21.4362
49 82 22.6244
161 82 33.8983
631 82 14.556
632 82 14.556
6 83 20.3666
9 83 20.3666
18 83 20.3666
32 83 21.4362
41 83 21.4362
49 83 22.6244
161 83 33.8983
49 84 22.6244
126 84 33.8983
160 84 33.8983
202 84 45.1467
518 84 31.2989
519 84 31.2989
624 84 15.674
17 85 21.4362
48 85 22.6244
49 85 22.6244
160 85 33.8983
201 85 45.1467
487 85 29.0698
30 86 21.4362
47 86 22.6244
48 86 22.6244
159 86 33.8983
160 86 33.8983
196 86 45.1467
471 86 31.2989
8 87 20.3666
9 87 20.3666
10 87 20.3666
30 87 21.4362
39 87 21.4362
47 87 22.6244
48 87 22.6244
127 87 33.8983
160 87 33.8983
196 87 45.1467
471 87 31.2989
615 87 15.0943
9 88 20.3666
10 88 20.3666
43 88 21.4362
47 88 22.6244
48 88 22.6244
127 88 33.8983
160 88 33.8983
365 88 36.9686
489 88 31.2989
32 89 21.4362
47 89 22.6244
127 89 33.8983
159 89 33.8983
160 89 33.8983
365 89 36.9686
488 89 31.2989
22 90 20.3666
26 90 21.4362
31 90 21.4362
32 90 21.4362
34 90 21.4362
41 90 21.4362
42 90 21.4362
46 90 22.6244
47 90 22.6244
159 90 33.8983
626 90 15.674
628 90 15.0943
629 90 15.0943
31 91 21.4362
41 91 21.4362
46 91 21.4362
47 91 21.4362
625 91 15.674
627 91 15.674
628 91 15.0943
41 92 21.4362
46 92 21.4362
165 92 33.8983
489 92 29.0698
8 93 20.3666
46 93 21.4362
122 93 33.8983
164 93 33.8983
580 93 45.1467
8 94 20.3666
25 94 21.4362
26 94 21.4362
39 94 21.4362
46 94 21.4362
121 94 33.8983
164 94 33.8983
8 95 20.3666
13 95 20.3666
25 95 21.4362
26 95 21.4362
39 95 21.4362
46 95 21.4362
203 95 45.1467
19 96 20.3666
45 96 21.4362
46 96 21.4362
164 96 33.8983
631 96 15.674
26 97 21.4362
45 97 21.4362
46 97 21.4362
154 97 33.8983
164 97 33.8983
196 97 45.1467
481 97 29.0698
482 97 29.0698
483 97 29.0698
637 97 15.0943
44 98 21.4362
45 98 21.4362
154 98 33.8983
163 98 33.8983
632 98 15.674
44 99 21.4362
45 99 21.4362
129 99 33.8983
163 99 33.8983
289 99 21.4362
487 99 31.2989
488 99 31.2989
8 100 20.3666
14 100 20.3666
44 100 21.4362
45 100 21.4362
163 100 33.8983
488 100 31.2989
13 101 20.3666
44 101 21.4362
45 101 21.4362
122 101 33.8983
129 101 33.8983
21 102 20.3666
38 102 21.4362
43 102 21.4362
44 102 21.4362
21 103 20.3666
43 103 22.6244
128 103 33.8983
129 103 33.8983
200 103 45.1467
12 104 20.3666
16 104 20.3666
42 104 22.6244
43 104 22.6244
200 104 45.1467
488 104 31.2989
6 105 20.3666
42 105 22.6244
43 105 21.4362
123 105 33.8983
211 105 45.1467
487 105 31.2989
488 105 31.2989
32 106 21.4362
42 106 22.6244
162 106 33.8983
198 106 45.1467
210 106 45.1467
32 107 21.4362
33 107 21.4362
45 107 22.6244
162 107 33.8983
163 107 31.2989
198 107 45.1467
210 107 45.1467
18 108 20.3666
40 108 22.6244
160 108 33.8983
210 108 45.1467
40 109 22.6244
46 109 33.8983
51 109 33.8983
76 109 40.6504
153 109 33.8983
160 109 33.8983
210 109 45.1467
253 109 57.971
40 110 22.6244
51 110 33.8983
75 110 40.6504
153 110 33.8983
163 110 31.2989
210 110 45.1467
252 110 57.971
4 111 20.3666
39 111 22.6244
40 111 22.6244
51 111 33.8983
153 111 33.8983
163 111 31.2989
210 111 45.1467
486 111 31.2989
487 111 31.2989
37 112 21.4362
38 112 21.4362
39 112 21.4362
45 112 33.8983
50 112 33.8983
125 112 33.8983
153 112 33.8983
162 112 31.2989
163 112 31.2989
210 112 45.1467
36 113 21.4362
37 113 21.4362
50 113 33.8983
114 113 67.5676
153 113 33.8983
162 113 31.2989
210 113 45.1467
37 114 21.4362
42 114 21.4362
70 114 36.9686
114 114 67.5676
153 114 33.8983
162 114 33.8983
210 114 45.1467
42 115 21.4362
70 115 36.9686
114 115 67.5676
210 115 45.1467
289 115 21.4362
13 116 20.3666
14 116 20.3666
41 116 21.4362
69 116 36.9686
114 116 67.5676
210 116 45.1467
12 117 20.3666
13 117 20.3666
32 117 22.6244
33 117 22.6244
41 117 21.4362
210 117 45.1467
488 117 29.0698
489 117 29.0698
12 118 20.3666
32 118 22.6244
40 118 21.4362
41 118 21.4362
44 118 33.8983
45 118 33.8983
67 118 36.9686
162 118 33.8983
489 118 29.0698
31 119 22.6244
40 119 21.4362
41 119 21.4362
44 119 33.8983
66 119 36.9686
67 119 36.9686
162 119 33.8983
201 119 45.1467
37 120 31.2989
40 120 21.4362
41 120 21.4362
44 120 33.8983
201 120 45.1467
40 121 21.4362
66 121 36.9686
201 121 45.1467
39 122 21.4362
40 122 21.4362
66 122 36.9686
36 123 22.6244
39 123 22.6244
40 123 21.4362
65 123 36.9686
252 123 57.971
24 124 21.4362
25 124 21.4362
39 124 22.6244
65 124 36.9686
162 124 33.8983
163 124 33.8983
214 124 45.1467
25 125 21.4362
36 125 22.6244
37 125 22.6244
38 125 22.6244
65 125 36.9686
214 125 45.1467
35 126 22.6244
36 126 22.6244
34 127 21.4362
35 127 22.6244
44 127 33.8983
73 127 36.9686
251 127 57.971
484 127 36.9686
485 127 36.9686
33 128 22.6244
34 128 22.6244
35 128 22.6244
44 128 33.8983
72 128 36.9686
483 128 36.9686
484 128 36.9686
32 129 21.4362
44 129 33.8983
216 129 45.1467
488 129 29.0698
32 130 22.6244
44 130 36.9686
54 130 36.9686
216 130 45.1467
44 131 36.9686
54 131 36.9686
65 131 33.8983
83 131 36.9686
216 131 45.1467
35 132 22.6244
36 132 21.4362
216 132 45.1467
33 133 21.4362
35 133 22.6244
49 133 36.9686
20 134 21.4362
82 134 36.9686
20 135 21.4362
27 135 22.6244
28 135 22.6244
43 135 33.8983
64 135 36.9686
203 135 45.1467
14 136 21.4362
19 136 21.4362
27 136 22.6244
28 136 22.6244
42 136 33.8983
63 136 36.9686
64 136 36.9686
14 137 21.4362
25 137 21.4362
26 137 22.6244
42 137 33.8983
70 137 36.9686
14 138 21.4362
15 138 21.4362
42 138 33.8983
14 139 21.4362
15 139 21.4362
27 139 22.6244
28 139 22.6244
75 139 36.9686
15 140 21.4362
16 140 21.4362
40 140 33.8983
74 140 36.9686
75 140 36.9686
216 140 45.1467
15 141 21.4362
16 141 21.4362
39 141 33.8983
40 141 33.8983
61 141 36.9686
72 141 36.9686
15 142 21.4362
20 142 33.8983
21 142 33.8983
26 142 36.9686
39 142 33.8983
72 142 36.9686
215 142 45.1467
15 143 21.4362
21 143 33.8983
25 143 36.9686
26 143 36.9686
39 143 33.8983
203 143 45.1467
15 144 21.4362
16 144 21.4362
21 144 33.8983
26 144 36.9686
38 144 33.8983
59 144 36.9686
70 144 36.9686
203 144 45.1467
15 145 21.4362
16 145 21.4362
36 145 33.8983
38 145 33.8983
56 145 33.8983
58 145 36.9686
69 145 36.9686
203 145 45.1467
213 145 45.1467
15 146 21.4362
16 146 21.4362
27 146 36.9686
38 146 33.8983
56 146 33.8983
69 146 36.9686
214 146 45.1467
14 147 21.4362
15 147 21.4362
62 147 36.9686
68 147 36.9686
213 147 45.1467
14 148 21.4362
23 148 33.8983
29 148 36.9686
36 148 33.8983
61 148 36.9686
89 148 33.8983
13 149 21.4362
23 149 33.8983
36 149 33.8983
58 149 36.9686
61 149 36.9686
79 149 36.9686
212 149 45.1467
12 150 21.4362
13 150 21.4362
17 150 31.2989
35 150 33.8983
36 150 33.8983
67 150 36.9686
212 150 45.1467
12 151 21.4362
24 151 33.8983
212 151 45.1467
11 152 21.4362
12 152 21.4362
24 152 33.8983
29 152 36.9686
32 152 36.9686
35 152 33.8983
11 153 21.4362
12 153 21.4362
24 153 33.8983
29 153 36.9686
31 153 36.9686
35 153 33.8983
57 153 36.9686
66 153 36.9686
161 153 33.8983
11 154 21.4362
25 154 33.8983
31 154 36.9686
35 154 33.8983
42 154 33.8983
55 154 36.9686
57 154 36.9686
65 154 36.9686
11 155 21.4362
35 155 33.8983
57 155 36.9686
13 156 21.4362
24 156 33.8983
30 156 33.8983
34 156 33.8983
35 156 33.8983
13 157 21.4362
30 157 33.8983
34 157 33.8983
56 157 36.9686
62 157 40.6504
13 158 21.4362
25 158 33.8983
34 158 33.8983
62 158 40.6504
13 159 21.4362
34 159 33.8983
40 159 33.8983
59 159 36.9686
160 159 33.8983
12 160 21.4362
13 160 21.4362
28 160 36.9686
54 160 36.9686
57 160 36.9686
160 160 33.8983
163 160 36.9686
12 161 21.4362
43 161 36.9686
54 161 36.9686
142 161 33.8983
160 161 33.8983
11 162 21.4362
12 162 21.4362
23 162 36.9686
27 162 36.9686
33 162 33.8983
34 162 33.8983
42 162 36.9686
142 162 33.8983
527 162 50.7614
528 162 50.7614
12 163 21.4362
17 163 33.8983
27 163 36.9686
33 163 33.8983
53 163 36.9686
55 163 36.9686
72 163 36.9686
83 163 36.9686
142 163 33.8983
12 164 21.4362
13 164 21.4362
18 164 33.8983
33 164 33.8983
53 164 36.9686
55 164 36.9686
142 164 33.8983
160 164 33.8983
163 164 36.9686
259 164 57.971
12 165 21.4362
13 165 21.4362
18 165 33.8983
33 165 33.8983
52 165 36.9686
83 165 36.9686
160 165 33.8983
163 165 36.9686
209 165 45.1467
11 166 21.4362
12 166 21.4362
33 166 33.8983
40 166 36.9686
54 166 36.9686
69 166 36.9686
160 166 33.8983
11 167 21.4362
24 167 36.9686
33 167 33.8983
39 167 36.9686
40 167 36.9686
53 167 36.9686
142 167 33.8983
163 167 36.9686
11 168 21.4362
24 168 36.9686
33 168 33.8983
40 168 36.9686
53 168 36.9686
61 168 36.9686
142 168 33.8983
143 168 33.8983
33 169 33.8983
44 169 33.8983
52 169 36.9686
53 169 36.9686
64 169 36.9686
142 169 33.8983
14 170 21.4362
28 170 36.9686
34 170 33.8983
43 170 33.8983
52 170 36.9686
14 171 21.4362
15 171 21.4362
28 171 36.9686
34 171 33.8983
51 171 36.9686
68 171 33.8983
160 171 33.8983
163 171 36.9686
14 172 21.4362
15 172 21.4362
27 172 33.8983
28 172 33.8983
34 172 33.8983
40 172 36.9686
51 172 36.9686
77 172 36.9686
163 172 36.9686
203 172 50.7614
13 173 21.4362
14 173 21.4362
18 173 33.8983
27 173 33.8983
28 173 33.8983
35 173 33.8983
40 173 36.9686
50 173 36.9686
51 173 36.9686
59 173 36.9686
142 173 33.8983
143 173 33.8983
163 173 36.9686
13 174 21.4362
14 174 21.4362
27 174 33.8983
40 174 36.9686
143 174 33.8983
614 174 29.0698
13 175 21.4362
27 175 33.8983
33 175 33.8983
40 175 36.9686
72 175 36.9686
544 175 45.1467
545 175 40.6504
546 175 36.9686
547 175 36.9686
548 175 33.8983
549 175 33.8983
12 176 21.4362
13 176 21.4362
27 176 33.8983
40 176 36.9686
50 176 36.9686
72 176 36.9686
76 176 40.6504
77 176 40.6504
246 176 57.971
542 176 50.7614
543 176 45.1467
544 176 45.1467
545 176 40.6504
546 176 36.9686
547 176 36.9686
15 177 21.4362
27 177 33.8983
40 177 36.9686
49 177 36.9686
160 177 33.8983
246 177 57.971
614 177 29.0698
615 177 29.0698
15 178 21.4362
27 178 33.8983
40 178 36.9686
53 178 36.9686
54 178 36.9686
73 178 40.6504
145 178 33.8983
246 178 57.971
609 178 29.0698
13 179 21.4362
25 179 33.8983
27 179 33.8983
35 179 36.9686
46 179 36.9686
52 179 36.9686
53 179 36.9686
72 179 40.6504
73 179 40.6504
144 179 33.8983
145 179 33.8983
482 179 50.7614
483 179 50.7614
484 179 50.7614
485 179 45.1467
486 179 40.6504
487 179 40.6504
13 180 21.4362
14 180 21.4362
25 180 33.8983
28 180 33.8983
36 180 33.8983
46 180 36.9686
70 180 36.9686
144 180 33.8983
163 180 36.9686
479 180 80.9717
481 180 57.971
482 180 57.971
483 180 50.7614
484 180 50.7614
485 180 45.1467
486 180 40.6504
487 180 36.9686
14 181 21.4362
15 181 21.4362
28 181 33.8983
38 181 33.8983
49 181 33.8983
69 181 36.9686
144 181 33.8983
163 181 36.9686
14 182 21.4362
28 182 33.8983
38 182 33.8983
48 182 33.8983
63 182 36.9686
163 182 36.9686
205 182 50.7614
222 182 45.1467
481 182 67.5676
482 182 57.971
483 182 57.971
484 182 50.7614
485 182 45.1467
486 182 40.6504
487 182 36.9686
488 182 33.8983
13 183 22.6244
14 183 22.6244
26 183 33.8983
29 183 33.8983
38 183 33.8983
47 183 33.8983
152 183 33.8983
222 183 45.1467
13 184 21.4362
26 184 33.8983
29 184 33.8983
32 184 134.228
38 184 33.8983
42 184 33.8983
46 184 33.8983
47 184 33.8983
60 184 36.9686
152 184 33.8983
544 184 40.6504
545 184 40.6504
6 185 21.4362
38 185 33.8983
46 185 33.8983
152 185 33.8983
205 185 45.1467
11 186 22.6244
31 186 33.8983
38 186 33.8983
42 186 33.8983
46 186 33.8983
61 186 36.9686
70 186 40.6504
152 186 33.8983
156 186 36.9686
7 187 21.4362
8 187 21.4362
38 187 33.8983
60 187 36.9686
69 187 40.6504
152 187 33.8983
156 187 36.9686
607 187 11.9904
608 187 11.9904
609 187 11.9904
7 188 21.4362
8 188 21.4362
59 188 36.9686
60 188 36.9686
152 188 33.8983
156 188 36.9686
247 188 50.7614
605 188 12.3533
606 188 12.3533
45 189 36.9686
59 189 36.9686
152 189 33.8983
156 189 36.9686
204 189 57.971
620 189 11.6482
44 190 36.9686
45 190 36.9686
57 190 36.9686
68 190 36.9686
152 190 33.8983
156 190 36.9686
475 190 57.971
476 190 57.971
477 190 57.971
619 190 11.6482
620 190 11.6482
44 191 36.9686
68 191 36.9686
152 191 33.8983
156 191 36.9686
247 191 57.971
475 191 57.971
476 191 57.971
477 191 57.971
478 191 57.971
601 191 12.3533
602 191 12.3533
619 191 11.6482
54 192 33.8983
156 192 36.9686
247 192 57.971
475 192 57.971
476 192 57.971
477 192 57.971
9 193 21.4362
33 193 36.9686
53 193 33.8983
152 193 33.8983
156 193 36.9686
228 193 50.7614
476 193 57.971
600 193 12.3533
617 193 11.6482
618 193 11.6482
619 193 11.6482
9 194 21.4362
52 194 33.8983
152 194 33.8983
156 194 36.9686
245 194 57.971
599 194 12.3533
617 194 11.6482
618 194 11.6482
132 195 33.8983
152 195 33.8983
598 195 12.3533
48 196 36.9686
49 196 36.9686
152 196 33.8983
156 196 36.9686
597 196 12.3533
617 196 11.6482
618 196 11.6482
152 197 33.8983
156 197 36.9686
616 197 11.6482
617 197 11.6482
152 198 33.8983
156 198 36.9686
183 198 67.5676
595 198 12.7389
616 198 11.6482
617 198 11.6482
134 199 33.8983
152 199 33.8983
156 199 36.9686
204 199 45.1467
594 199 12.7389
595 199 12.7389
598 199 11.6482
616 199 11.6482
152 200 33.8983
156 200 36.9686
204 200 45.1467
593 200 12.7389
597 200 12.3533
615 200 11.6482
616 200 11.6482
617 200 11.6482
43 201 36.9686
152 201 33.8983
156 201 36.9686
204 201 45.1467
616 201 11.6482
152 202 33.8983
156 202 36.9686
592 202 12.7389
615 202 11.6482
616 202 11.6482
7 203 21.4362
152 203 33.8983
156 203 36.9686
186 203 50.7614
616 203 11.6482
7 204 21.4362
14 204 21.4362
152 204 33.8983
156 204 36.9686
501 204 20.3666
502 204 20.3666
503 204 20.3666
43 205 36.9686
152 205 33.8983
156 205 36.9686
195 205 50.7614
503 205 20.3666
614 205 11.6482
615 205 11.6482
43 206 36.9686
152 206 33.8983
156 206 36.9686
195 206 50.7614
615 206 11.6482
13 207 21.4362
152 207 36.9686
156 207 36.9686
569 207 16.2999
570 207 16.2999
593 207 12.3533
594 207 12.3533
614 207 11.6482
615 207 11.6482
616 207 11.6482
13 208 21.4362
38 208 36.9686
43 208 36.9686
152 208 36.9686
580 208 12.7389
581 208 12.7389
582 208 12.3533
591 208 12.7389
592 208 12.7389
615 208 11.6482
12 209 21.4362
38 209 36.9686
43 209 36.9686
143 209 33.8983
497 209 20.3666
578 209 13.1492
579 209 12.7389
580 209 12.7389
581 209 12.7389
590 209 12.7389
591 209 12.7389
592 209 12.7389
610 209 11.9904
614 209 11.6482
615 209 11.6482
11 210 21.4362
12 210 21.4362
38 210 36.9686
43 210 36.9686
143 210 33.8983
156 210 36.9686
502 210 20.3666
503 210 20.3666
511 210 22.6244
512 210 22.6244
589 210 13.1492
590 210 12.7389
591 210 12.7389
592 210 12.7389
609 210 11.9904
613 210 11.6482
614 210 11.6482
615 210 11.6482
11 211 21.4362
12 211 21.4362
38 211 36.9686
43 211 36.9686
502 211 20.3666
503 211 20.3666
511 211 22.6244
512 211 22.6244
609 211 11.9904
613 211 11.6482
614 211 11.6482
615 211 11.6482
12 212 21.4362
38 212 33.8983
152 212 40.6504
156 212 36.9686
502 212 20.3666
503 212 20.3666
613 212 11.6482
614 212 11.6482
10 213 21.4362
38 213 33.8983
44 213 36.9686
143 213 33.8983
152 213 40.6504
604 213 14.0548
608 213 11.9904
609 213 11.9904
613 213 11.6482
614 213 11.6482
615 213 11.6482
9 214 21.4362
10 214 21.4362
38 214 33.8983
44 214 36.9686
143 214 33.8983
156 214 36.9686
527 214 17.7148
554 214 15.674
555 214 15.674
586 214 12.7389
587 214 12.7389
588 214 12.7389
608 214 11.9904
609 214 11.9904
613 214 11.6482
614 214 11.6482
9 215 21.4362
38 215 33.8983
44 215 36.9686
143 215 33.8983
379 215 57.971
385 215 200
388 215 80.9717
390 215 80.9717
525 215 17.7148
526 215 17.7148
527 215 17.7148
554 215 15.674
555 215 15.674
585 215 13.1492
586 215 13.1492
587 215 12.7389
588 215 12.7389
589 215 12.7389
608 215 11.9904
609 215 11.9904
612 215 11.6482
613 215 11.6482
614 215 11.6482
9 216 21.4362
38 216 33.8983
44 216 36.9686
142 216 33.8983
143 216 33.8983
376 216 134.228
385 216 200
474 216 23.9521
533 216 16.9779
554 216 15.674
584 216 13.1492
585 216 13.1492
586 216 13.1492
587 216 12.7389
9 217 21.4362
142 217 33.8983
143 217 33.8983
376 217 134.228
502 217 20.3666
520 217 17.7148
521 217 17.7148
522 217 17.7148
584 217 13.1492
585 217 13.1492
586 217 13.1492
9 218 21.4362
38 218 33.8983
43 218 33.8983
143 218 33.8983
152 218 36.9686
521 218 17.7148
522 218 17.7148
523 218 17.7148
539 218 17.7148
8 219 21.4362
9 219 21.4362
38 219 33.8983
43 219 33.8983
152 219 36.9686
511 219 19.3986
555 219 15.674
556 219 15.674
8 220 21.4362
9 220 21.4362
43 220 33.8983
152 220 36.9686
472 220 23.9521
602 220 11.9904
603 220 11.9904
604 220 11.9904
8 221 22.6244
9 221 22.6244
43 221 33.8983
143 221 33.8983
152 221 36.9686
602 221 11.9904
603 221 11.9904
604 221 11.9904
607 221 11.6482
608 221 11.6482
609 221 11.6482
8 222 21.4362
9 222 21.4362
43 222 33.8983
143 222 33.8983
152 222 36.9686
8 223 21.4362
9 223 21.4362
43 223 33.8983
143 223 33.8983
8 224 21.4362
9 224 21.4362
38 224 33.8983
43 224 33.8983
65 224 45.1467
555 224 15.674
556 224 15.674
576 224 13.587
577 224 13.587
9 225 21.4362
38 225 33.8983
43 225 33.8983
65 225 45.1467
552 225 16.9779
554 225 15.674
555 225 15.674
560 225 15.674
561 225 15.674
575 225 13.587
9 226 21.4362
38 226 33.8983
43 226 33.8983
488 226 21.4362
489 226 21.4362
492 226 20.3666
555 226 15.674
575 226 13.587
576 226 13.587
9 227 21.4362
38 227 33.8983
43 227 33.8983
133 227 33.8983
146 227 33.8983
488 227 21.4362
492 227 20.3666
9 228 21.4362
38 228 33.8983
43 228 33.8983
133 228 33.8983
146 228 33.8983
488 228 21.4362
510 228 19.3986
511 228 19.3986
9 229 21.4362
38 229 33.8983
43 229 33.8983
146 229 33.8983
147 229 33.8983
488 229 21.4362
509 229 19.3986
510 229 19.3986
511 229 19.3986
514 229 16.9779
593 229 12.3533
9 230 21.4362
15 230 22.6244
38 230 33.8983
83 230 33.8983
508 230 20.3666
509 230 19.3986
510 230 19.3986
511 230 19.3986
603 230 11.9904
604 230 11.9904
605 230 11.9904
8 231 21.4362
9 231 21.4362
15 231 22.6244
18 231 36.9686
44 231 31.2989
8 232 21.4362
9 232 21.4362
15 232 22.6244
16 232 22.6244
19 232 36.9686
38 232 33.8983
45 232 31.2989
159 232 33.8983
160 232 33.8983
562 232 15.674
563 232 15.0943
564 232 15.0943
565 232 15.0943
575 232 13.587
9 233 21.4362
16 233 22.6244
20 233 36.9686
509 233 19.3986
510 233 19.3986
538 233 16.2999
539 233 16.2999
563 233 15.0943
564 233 15.0943
565 233 15.0943
575 233 13.587
9 234 21.4362
16 234 22.6244
20 234 36.9686
503 234 27.137
508 234 19.3986
509 234 19.3986
510 234 19.3986
538 234 16.2999
543 234 15.674
10 235 21.4362
16 235 22.6244
536 235 16.2999
537 235 16.2999
538 235 16.2999
10 236 21.4362
479 236 23.9521
492 236 21.4362
493 236 21.4362
537 236 16.2999
576 236 13.587
577 236 13.587
578 236 13.587
579 236 13.1492
582 236 12.7389
583 236 12.7389
492 237 21.4362
493 237 21.4362
510 237 19.3986
577 237 13.587
578 237 13.587
584 237 12.7389
603 237 11.9904
10 238 21.4362
23 238 23.9521
24 238 22.6244
510 238 19.3986
535 238 16.2999
536 238 16.2999
537 238 16.2999
575 238 13.587
576 238 13.587
577 238 13.587
584 238 12.7389
585 238 12.7389
593 238 12.3533
603 238 11.9904
604 238 11.9904
10 239 21.4362
14 239 22.6244
15 239 22.6244
24 239 22.6244
515 239 18.5185
576 239 13.587
577 239 13.587
584 239 12.7389
585 239 12.7389
586 239 12.7389
603 239 11.9904
604 239 11.9904
10 240 21.4362
14 240 22.6244
20 240 23.9521
21 240 22.6244
24 240 22.6244
25 240 22.6244
514 240 18.5185
515 240 18.5185
575 240 13.587
603 240 11.9904
604 240 11.9904
10 241 21.4362
14 241 22.6244
25 241 22.6244
543 241 15.674
575 241 13.587
586 241 12.7389
587 241 12.7389
10 242 21.4362
25 242 22.6244
42 242 22.6244
43 242 22.6244
542 242 15.674
543 242 15.674
544 242 15.674
586 242 12.7389
587 242 12.7389
43 243 22.6244
10 244 21.4362
11 244 21.4362
520 244 18.5185
521 244 18.5185
587 244 12.7389
588 244 12.7389
11 245 21.4362
12 245 21.4362
54 245 22.6244
55 245 22.6244
511 245 18.5185
520 245 18.5185
543 245 15.674
544 245 15.674
573 245 13.587
574 245 13.587
575 245 13.587
587 245 12.7389
588 245 12.7389
55 246 22.6244
512 246 18.5185
513 246 18.5185
543 246 15.674
544 246 15.674
545 246 15.674
556 246 17.7148
557 246 16.9779
558 246 16.2999
559 246 16.2999
560 246 15.674
561 246 15.674
562 246 15.0943
563 246 14.556
564 246 14.556
568 246 16.2999
569 246 16.2999
570 246 15.674
571 246 15.0943
572 246 14.0548
573 246 13.587
574 246 13.587
575 246 13.587
576 246 13.1492
587 246 12.7389
543 247 15.674
544 247 15.674
559 247 16.2999
560 247 15.674
561 247 15.674
562 247 15.0943
563 247 14.556
574 247 13.587
575 247 13.587
588 247 12.7389
48 248 22.6244
537 248 16.2999
543 248 15.674
544 248 15.674
545 248 15.674
588 248 12.7389
589 248 12.7389
538 249 16.2999
544 249 15.674
588 249 12.7389
589 249 12.7389
538 250 16.2999
584 250 13.1492
588 250 12.7389
589 250 12.7389
584 251 13.1492
13 252 20.3666
542 252 16.2999
584 252 13.1492
589 252 12.7389
589 253 12.7389
590 253 12.7389
14 254 20.3666
589 254 12.7389
590 254 12.7389
579 255 13.1492
590 256 12.7389
591 256 12.7389
590 257 12.7389
591 257 12.7389
581 258 13.1492
582 258 13.1492
583 258 13.1492
436 259 15.0943
581 259 13.1492
582 259 13.1492
583 259 13.1492
593 260 12.7389
594 260 12.7389
593 261 12.7389
132 262 16.2999
582 262 13.1492
583 262 13.1492
592 262 12.7389
593 262 12.7389
594 262 12.7389
592 263 12.7389
593 263 12.7389
601 263 13.587
602 263 13.587
33 264 16.9779
593 264 12.7389
602 264 13.587
578 265 13.587
579 265 13.587
580 265 13.587
579 266 13.587
580 266 13.587
581 266 13.1492
573 269 12.7389
87 272 14.0548
88 272 14.0548
233 273 11.6482
234 273 11.6482
234 274 11.6482
220 277 11.325
239 277 11.0193
218 278 11.325
243 278 11.325
151 284 9.9453
218 284 10.1937
184 285 10.1937
185 285 10.1937
218 285 9.9453
235 285 9.9453
185 286 10.1937
214 286 9.70874
215 286 9.70874
223 286 10.1937
231 286 9.9453
214 287 9.70874
215 287 9.70874
216 287 9.9453
221 287 10.1937
186 288 9.9453
155 289 9.70874
182 289 9.70874
186 289 9.9453
7 290 11.0193
156 290 9.70874
181 290 9.70874
207 290 9.26784
181 291 9.70874
181 292 9.26784
198 292 9.48317
256 292 10.1937
145 293 9.48317
142 294 9.26784
143 294 9.26784
150 294 9.26784
207 294 9.06207
253 294 9.70874
133 295 9.06207
133 296 9.06207
136 296 8.32293
200 296 9.06207
213 297 8.86525
473 297 9.48317
477 297 9.26784
478 297 9.26784
479 297 9.26784
169 298 8.49618
175 298 8.49618
471 298 9.48317
472 298 9.48317
473 298 9.48317
474 298 9.26784
475 298 9.48317
477 298 9.26784
478 298 9.26784
479 298 9.26784
123 299 8.49618
170 299 8.49618
175 299 8.49618
176 299 8.49618
480 299 9.26784
481 299 9.06207
104 300 8.86525
141 300 8.49618
150 300 8.49618
209 300 8.49618
210 300 8.49618
240 300 8.67679
241 300 8.67679
545 300 9.06207
132 301 8.32293
141 301 8.49618
150 301 8.49618
151 301 8.49618
240 301 8.67679
241 301 8.67679
150 302 8.49618
151 302 8.49618
152 302 8.49618
237 303 8.49618
238 303 8.49618
541 303 8.67679
122 304 8.15661
132 304 8.32293
132 305 8.32293
171 305 7.9968
174 305 7.9968
142 306 8.15661
171 306 7.9968
175 306 8.15661
196 306 7.84314
29 307 6.57895
111 307 8.15661
171 307 7.9968
172 307 7.9968
192 307 7.84314
193 307 7.84314
197 307 7.84314
204 307 7.84314
205 307 7.84314
554 307 8.15661
29 308 6.57895
171 308 7.9968
172 308 7.9968
192 308 7.84314
193 308 7.84314
194 308 7.84314
204 308 7.84314
205 308 7.84314
72 309 7.84314
172 309 7.84314
193 309 7.84314
194 309 7.84314
195 309 7.84314
76 310 7.84314
154 310 7.55287
176 310 7.69527
30 311 6.57895
155 311 7.55287
156 311 7.55287
602 311 8.15661
604 311 7.9968
605 311 7.9968
606 311 7.9968
35 312 6.68673
43 312 6.7981
94 312 7.69527
150 312 7.41565
151 312 7.41565
213 312 7.69527
570 312 7.84314
610 312 7.9968
612 312 7.9968
613 312 7.9968
614 312 7.9968
615 312 7.9968
616 312 7.84314
35 313 6.68673
42 313 6.7981
43 313 6.7981
44 313 6.7981
151 313 7.41565
152 313 7.41565
573 313 7.9968
574 313 7.9968
619 313 7.84314
620 313 7.84314
621 313 7.84314
622 313 7.84314
623 313 7.84314
624 313 7.84314
44 314 6.7981
45 314 6.7981
152 314 7.41565
173 314 7.41565
176 314 7.41565
178 314 7.41565
628 314 7.69527
629 314 7.69527
630 314 7.69527
631 314 7.69527
44 315 6.68673
45 315 6.7981
53 315 7.41565
59 315 7.28332
60 315 7.28332
121 315 7.28332
138 315 7.41565
171 315 7.41565
178 315 7.41565
179 315 7.41565
193 315 7.28332
579 315 8.15661
580 315 7.9968
637 315 7.69527
34 316 6.47459
59 316 7.28332
60 316 7.28332
61 316 7.28332
105 316 7.28332
170 316 7.41565
171 316 7.41565
172 316 7.41565
174 316 7.41565
175 316 7.28332
193 316 7.28332
194 316 7.28332
582 316 7.69527
583 316 7.69527
584 316 7.69527
33 317 6.47459
34 317 6.47459
41 317 6.68673
57 317 7.28332
62 317 7.28332
98 317 7.28332
173 317 7.28332
174 317 7.15564
175 317 7.15564
34 318 6.47459
72 318 7.03235
165 318 7.15564
180 318 7.15564
181 318 7.15564
198 318 7.28332
38 319 6.68673
54 319 7.03235
83 319 7.15564
84 319 7.15564
103 319 7.15564
176 319 7.15564
198 319 7.28332
199 319 7.28332
38 320 6.68673
55 320 7.03235
64 320 7.03235
65 320 7.03235
71 320 6.91324
74 320 7.03235
75 320 7.03235
176 320 7.03235
177 320 7.03235
52 321 6.91324
71 321 6.91324
72 321 6.91324
75 321 7.03235
124 321 7.03235
143 321 6.7981
144 321 6.7981
150 321 6.91324
177 321 7.03235
599 321 7.28332
52 322 6.91324
60 322 6.91324
72 322 6.91324
120 322 6.7981
125 322 7.03235
144 322 6.7981
177 322 6.91324
178 322 6.91324
28 323 7.15564
60 323 6.7981
77 323 6.91324
94 323 6.7981
120 323 6.7981
121 323 6.7981
145 323 6.7981
146 323 6.7981
205 323 7.03235
206 323 7.03235
605 323 7.28332
630 323 7.15564
26 324 7.15564
114 324 6.91324
136 324 6.7981
146 324 6.7981
205 324 7.03235
206 324 7.03235
608 324 7.28332
609 324 7.28332
61 325 6.7981
90 325 6.68673
91 325 6.7981
103 325 6.57895
115 325 6.91324
118 325 6.68673
119 325 6.68673
131 325 7.55287
135 325 6.7981
136 325 6.7981
612 325 7.03235
613 325 7.03235
637 325 6.91324
88 326 6.68673
91 326 6.7981
103 326 6.57895
119 326 6.68673
131 326 7.55287
132 326 7.55287
135 326 6.7981
136 326 6.7981
86 327 6.68673
87 327 6.68673
88 327 6.68673
89 327 6.68673
97 327 6.57895
103 327 6.57895
136 327 6.7981
138 327 6.7981
139 327 6.68673
192 327 6.68673
73 328 6.37349
96 328 6.57895
97 328 6.57895
127 328 6.7981
177 328 6.57895
621 328 6.91324
622 328 6.91324
47 329 6.47459
51 329 6.37349
52 329 6.37349
97 329 6.47459
48 330 6.47459
49 330 6.37349
52 330 6.37349
97 330 6.47459
98 330 6.47459
169 330 6.47459
171 330 6.37349
627 330 6.7981
628 330 6.7981
629 330 6.7981
40 331 6.47459
48 331 6.37349
53 331 6.37349
97 331 6.47459
98 331 6.47459
168 331 6.37349
171 331 6.37349
172 331 6.37349
37 332 6.37349
40 332 6.47459
47 332 6.37349
48 332 6.37349
54 332 6.37349
168 332 6.37349
169 332 6.37349
37 333 6.37349
47 333 6.37349
48 333 6.37349
49 333 6.37349
50 333 6.47459
54 333 6.37349
77 333 6.37349
150 333 6.18047
169 333 6.37349
193 333 6.57895
194 333 6.57895
636 333 6.57895
637 333 6.57895
77 334 6.37349
143 334 6.18047
46 335 6.27549
82 335 6.08828
89 335 6.18047
90 335 6.18047
519 335 6.7981
520 335 6.68673
528 335 6.68673
529 335 6.68673
530 335 6.57895
531 335 6.57895
532 335 6.57895
559 335 6.47459
560 335 6.47459
561 335 6.47459
24 336 6.27549
90 336 6.18047
106 336 6.08828
136 336 6.08828
138 336 6.08828
141 336 6.18047
520 336 6.68673
521 336 6.68673
522 336 6.57895
523 336 6.47459
524 336 6.47459
531 336 6.57895
532 336 6.57895
533 336 6.37349
560 336 6.47459
561 336 6.47459
57 337 5.9988
80 337 6.08828
106 337 6.08828
107 337 6.08828
112 337 5.9988
136 337 6.08828
137 337 6.08828
138 337 6.08828
171 337 6.08828
214 337 6.68673
9 338 5.9988
80 338 6.08828
81 338 6.08828
138 338 6.08828
194 338 6.18047
195 338 6.18047
9 339 5.9988
61 339 5.9988
64 339 5.9988
81 339 6.08828
192 339 6.27549
9 340 5.9988
60 340 5.9988
61 340 5.9988
74 340 6.08828
102 340 5.91191
141 340 5.82751
192 340 6.27549
193 340 6.18047
9 341 5.91191
61 341 5.9988
76 341 6.08828
102 341 5.91191
103 341 5.91191
141 341 5.82751
142 341 5.82751
171 341 6.08828
207 341 6.47459
208 341 6.47459
7 342 5.74548
11 342 5.91191
29 342 5.82751
102 342 5.91191
142 342 5.82751
143 342 5.82751
152 342 5.9988
171 342 6.08828
184 342 6.08828
196 342 5.9988
208 342 6.47459
209 342 6.47459
7 343 5.74548
11 343 5.91191
29 343 5.82751
129 343 5.74548
196 343 5.9988
273 343 6.47459
7 344 5.74548
11 344 5.91191
29 344 5.82751
30 344 5.82751
130 344 5.74548
131 344 5.74548
137 344 5.91191
193 344 5.9988
274 344 6.27549
35 345 5.74548
36 345 5.74548
125 345 5.74548
126 345 5.74548
36 346 5.74548
272 346 6.27549
179 347 5.91191
197 347 6.18047
54 348 5.66572
151 348 5.74548
198 348 6.08828
47 349 5.82751
90 349 5.43922
93 349 5.51268
119 349 5.58815
120 349 5.58815
127 349 5.58815
128 349 5.58815
152 349 5.74548
46 350 5.66572
52 350 5.66572
90 350 5.43922
91 350 5.51268
92 350 5.51268
93 350 5.51268
121 350 5.51268
122 350 5.51268
139 350 5.51268
200 350 5.9988
201 350 5.9988
41 351 5.66572
42 351 5.58815
43 351 5.51268
75 351 5.43922
76 351 5.43922
92 351 5.51268
93 351 5.51268
122 351 5.51268
123 351 5.51268
134 351 5.43922
135 351 5.43922
201 351 5.9988
202 351 5.9988
41 352 5.66572
44 352 5.51268
67 352 5.43922
72 352 5.82751
75 352 5.43922
76 352 5.43922
84 352 5.43922
85 352 5.43922
86 352 5.43922
93 352 5.51268
123 352 5.51268
124 352 5.51268
125 352 5.43922
129 352 5.36769
135 352 5.43922
136 352 5.43922
44 353 5.51268
45 353 5.43922
67 353 5.43922
68 353 5.43922
69 353 5.43922
75 353 5.43922
76 353 5.43922
77 353 5.43922
84 353 5.36769
129 353 5.36769
130 353 5.36769
28 354 5.51268
45 354 5.43922
56 354 6.08828
68 354 5.43922
69 354 5.43922
78 354 5.43922
84 354 5.36769
85 354 5.36769
129 354 5.36769
130 354 5.36769
33 355 5.36769
60 355 5.43922
61 355 5.43922
68 355 5.36769
69 355 5.36769
84 355 5.36769
85 355 5.36769
86 355 5.36769
129 355 5.36769
130 355 5.36769
61 356 5.43922
69 356 5.36769
85 356 5.36769
86 356 5.36769
87 356 5.29801
88 356 5.29801
69 357 5.36769
88 357 5.29801
89 357 5.29801
94 357 5.29801
104 357 5.36769
59 358 5.36769
69 358 5.36769
70 358 5.36769
108 358 5.23013
109 358 5.23013
147 358 5.23013
14 359 5.43922
41 359 5.16396
48 359 5.23013
54 359 5.29801
55 359 5.29801
70 359 5.36769
71 359 5.36769
72 359 5.36769
100 359 5.29801
101 359 5.29801
109 359 5.23013
110 359 5.23013
14 360 5.43922
41 360 5.16396
52 360 5.23013
55 360 5.23013
56 360 5.29801
100 360 5.29801
101 360 5.29801
102 360 5.29801
103 360 5.23013
110 360 5.23013
7 361 5.23013
37 361 5.16396
38 361 5.16396
42 361 5.16396
52 361 5.23013
53 361 5.23013
56 361 5.29801
104 361 5.23013
105 361 5.16396
119 361 5.09944
155 361 5.23013
8 362 5.23013
38 362 5.16396
42 362 5.16396
53 362 5.23013
97 362 5.16396
104 362 5.23013
105 362 5.16396
106 362 5.16396
119 362 5.09944
39 363 5.16396
54 363 5.23013
85 363 5.09944
97 363 5.16396
106 363 5.16396
107 363 5.16396
152 363 5.23013
153 363 5.23013
154 363 5.23013
82 364 5.09944
85 364 5.09944
81 365 5.09944
82 365 5.09944
109 365 5.09944
119 365 4.97512
81 366 5.09944
82 366 5.09944
90 366 5.03651
147 366 5.16396
148 366 5.16396
81 367 5.09944
82 367 5.09944
120 367 4.97512
122 367 5.03651
123 367 5.03651
176 367 5.36769
96 368 4.74383
99 368 4.79962
100 368 4.79962
121 368 5.03651
123 368 5.03651
124 368 5.03651
176 368 5.36769
177 368 5.36769
69 369 4.91521
100 369 4.79962
101 369 4.79962
114 369 4.97512
115 369 4.97512
133 369 5.03651
184 369 5.36769
68 370 4.91521
69 370 4.91521
70 370 4.91521
91 370 4.74383
92 370 4.74383
101 370 4.79962
102 370 4.79962
114 370 4.97512
115 370 4.97512
184 370 5.29801
185 370 5.29801
186 370 5.29801
91 371 4.74383
92 371 4.74383
102 371 4.79962
103 371 4.79962
148 371 4.97512
181 371 5.36769
182 371 5.36769
92 372 4.74383
93 372 4.74383
103 372 4.79962
104 372 4.85673
108 372 4.91521
109 372 4.91521
110 372 4.91521
111 372 4.91521
148 372 4.97512
149 372 4.97512
182 372 5.36769
183 372 5.29801
184 372 5.29801
537 372 5.23013
538 372 5.23013
539 372 5.23013
540 372 5.23013
92 373 4.68933
93 373 4.68933
110 373 4.91521
111 373 4.91521
112 373 4.74383
540 373 5.23013
93 374 4.68933
94 374 4.68933
101 374 4.74383
8 375 4.79962
9 375 4.79962
89 375 5.23013
95 375 4.68933
96 375 4.68933
102 375 4.74383
8 376 4.74383
67 376 4.68933
95 376 4.68933
96 376 4.68933
143 376 4.79962
144 376 4.79962
8 377 4.74383
41 377 4.63607
54 377 4.97512
68 377 4.68933
95 377 4.68933
96 377 4.68933
128 377 4.74383
129 377 4.74383
144 377 4.79962
145 377 4.79962
8 378 4.68933
41 378 4.63607
42 378 4.63607
53 378 4.85673
54 378 4.85673
84 378 4.63607
96 378 4.68933
97 378 4.68933
98 378 4.63607
117 378 4.68933
118 378 4.68933
129 378 4.68933
130 378 4.68933
138 378 4.74383
145 378 4.79962
146 378 4.79962
147 378 4.74383
7 379 4.68933
52 379 4.85673
53 379 4.85673
57 379 4.53309
84 379 4.63607
85 379 4.63607
86 379 4.63607
117 379 4.68933
118 379 4.68933
119 379 4.68933
126 379 4.74383
127 379 4.74383
138 379 4.74383
7 380 4.63607
51 380 4.85673
52 380 4.85673
55 380 4.85673
127 380 4.68933
128 380 4.68933
129 380 4.68933
139 380 4.74383
48 381 4.63607
49 381 4.63607
50 381 4.79962
55 381 4.584
65 381 4.53309
78 381 4.53309
103 381 4.584
63 382 4.584
67 382 4.38693
68 382 4.38693
103 382 4.584
105 382 4.584
106 382 4.584
59 383 4.53309
60 383 4.53309
63 383 4.584
64 383 4.584
68 383 4.38693
69 383 4.38693
78 383 4.53309
107 383 4.584
67 384 4.38693
79 384 4.53309
108 384 4.53309
128 384 4.53309
139 384 4.584
140 384 4.584
141 384 4.584
74 385 4.43459
75 385 4.43459
59 386 4.79962
71 386 4.34028
75 386 4.43459
76 386 4.4833
536 386 4.79962
50 387 4.34028
64 387 4.38693
65 387 4.38693
71 387 4.34028
72 387 4.43459
73 387 4.43459
537 387 4.79962
538 387 4.79962
539 387 4.79962
50 388 4.34028
51 388 4.34028
52 388 4.34028
61 388 4.79962
64 388 4.38693
68 388 4.12116
69 388 4.43459
129 388 4.4833
52 389 4.34028
58 389 4.34028
60 389 4.74383
61 389 4.79962
64 389 4.38693
65 389 4.38693
80 389 4.34028
81 389 4.34028
129 389 4.4833
130 389 4.4833
58 390 4.34028
64 390 4.38693
65 390 4.38693
66 390 4.34028
34 391 4.43459
106 391 4.38693
351 391 4.68933
38 392 4.07997
55 392 4.29461
56 392 4.29461
87 392 4.34028
124 392 4.43459
38 393 4.07997
39 393 4.07997
54 393 4.29461
55 393 4.29461
56 393 4.29461
72 393 4.29461
124 393 4.43459
125 393 4.43459
35 394 4.07997
40 394 4.07997
41 394 4.07997
45 394 4.24989
46 394 4.24989
55 394 4.29461
56 394 4.29461
99 394 4.2061
125 394 4.43459
42 395 4.03959
46 395 4.24989
60 395 4.24989
70 395 4.24989
61 396 4.24989
70 396 4.2061
71 396 4.2061
54 397 4.24989
55 397 4.24989
70 397 4.2061
71 397 4.2061
99 397 4.34028
100 397 4.34028
54 398 4.24989
55 398 4.24989
71 398 4.2061
72 398 4.2061
68 399 4.12116
75 399 4.07997
83 399 4.12116
84 399 4.12116
63 400 4.1632
69 400 4.12116
84 400 4.12116
98 400 4.1632
423 400 4.4833
424 400 4.4833
26 401 4.12116
60 401 4.1632
63 401 4.1632
80 401 4.07997
98 401 4.1632
25 402 4.07997
26 402 4.07997
80 402 4.07997
92 402 4.12116
25 403 4.07997
26 403 4.07997
82 403 4.07997
83 403 4.03959
92 403 4.12116
93 403 4.12116
101 403 4.12116
25 404 4.07997
26 404 4.07997
73 404 4.07997
74 404 4.03959
83 404 4.07997
562 404 4.34028
563 404 4.34028
564 404 4.34028
74 405 4.03959
75 405 4.03959
76 405 4.03959
76 406 4.03959
77 406 4.03959
83 406 4.03959
38 407 4.03959
77 407 4.03959
83 407 4.03959
84 407 4.03959
187 407 4.34028
38 408 4.03959
39 408 4.03959
100 408 4.07997
51 409 4.03959
52 409 4.03959
53 409 4.03959
254 409 4.29461
65 410 4.03959
66 410 4.03959
255 410 4.29461
256 410 4.29461
65 411 4.03959
66 411 4.03959
101 411 4.03959
62 414 4.07997
63 414 4.07997
6 415 4.03959
7 415 4.03959
86 415 4.03959
126 415 4.12116
83 416 4.03959
84 416 4.03959
82 417 4.03959
83 417 4.03959
84 417 4.03959
525 417 4.12116
82 418 4.03959
83 418 4.03959
201 419 4.12116
269 419 4.07997
31 420 4.03959
35 420 4.03959
39 420 4.03959
353 420 4.03959
354 420 4.03959
129 421 4.03959
174 421 4.07997
31 423 4.03959
32 423 4.03959
126 423 4.03959
127 423 4.03959
31 424 4.03959
32 424 4.03959
134 424 4.03959
30 425 4.03959
85 431 4.1632
17 436 4.03959
15 437 4.03959
16 437 4.03959
13 438 4.03959
14 438 4.03959
15 438 4.03959
13 439 4.03959
