100 3 29.0698
108 3 29.0698
109 3 31.2989
118 3 29.0698
119 3 29.0698
137 3 31.2989
118 4 29.0698
119 4 29.0698
137 4 31.2989
111 5 31.2989
117 5 29.0698
100 6 29.0698
107 6 29.0698
108 6 29.0698
107 7 29.0698
110 7 29.0698
137 7 31.2989
138 7 31.2989
98 8 29.0698
137 8 31.2989
96 9 29.0698
119 9 31.2989
137 9 31.2989
95 10 29.0698
105 10 29.0698
124 10 31.2989
95 11 29.0698
110 11 31.2989
278 11 18.5185
137 12 29.0698
138 12 29.0698
141 12 31.2989
96 13 31.2989
137 13 29.0698
96 14 29.0698
102 14 29.0698
103 14 29.0698
96 15 29.0698
102 15 29.0698
110 15 31.2989
141 15 31.2989
101 16 29.0698
102 16 29.0698
106 16 29.0698
133 16 31.2989
509 18 27.137
121 19 29.0698
503 19 27.137
129 20 29.0698
144 20 31.2989
605 20 29.0698
129 21 29.0698
144 21 31.2989
603 21 29.0698
604 21 29.0698
144 22 29.0698
127 23 29.0698
144 23 31.2989
127 24 29.0698
144 24 31.2989
127 25 29.0698
143 25 29.0698
144 25 29.0698
504 25 27.137
503 26 27.137
507 26 27.137
621 26 29.0698
133 27 29.0698
143 27 31.2989
144 27 31.2989
620 27 29.0698
108 28 31.2989
133 28 29.0698
143 28 31.2989
144 28 31.2989
523 28 27.137
524 28 27.137
132 29 29.0698
133 29 29.0698
143 29 31.2989
515 29 27.137
103 30 29.0698
132 30 29.0698
133 30 29.0698
143 30 31.2989
103 31 29.0698
127 31 29.0698
132 31 29.0698
143 31 31.2989
103 32 29.0698
108 32 31.2989
143 32 31.2989
604 32 31.2989
605 32 31.2989
626 32 29.0698
627 32 29.0698
142 33 31.2989
143 33 31.2989
604 33 31.2989
608 33 29.0698
142 34 29.0698
143 34 29.0698
627 34 29.0698
102 35 31.2989
119 35 29.0698
129 35 31.2989
142 35 29.0698
143 35 29.0698
106 36 29.0698
118 36 29.0698
135 36 31.2989
142 36 29.0698
143 36 29.0698
627 36 29.0698
101 37 29.0698
117 37 29.0698
118 37 29.0698
126 37 29.0698
141 37 31.2989
142 37 31.2989
512 37 25.4453
626 37 29.0698
627 37 29.0698
101 38 29.0698
117 38 29.0698
126 38 29.0698
134 38 31.2989
141 38 31.2989
142 38 31.2989
107 39 29.0698
117 39 29.0698
126 39 29.0698
140 39 31.2989
141 39 31.2989
118 40 29.0698
140 40 31.2989
141 40 31.2989
118 41 29.0698
503 41 27.137
604 41 31.2989
605 41 31.2989
118 42 29.0698
604 42 31.2989
102 43 31.2989
118 43 29.0698
130 43 29.0698
278 43 18.5185
102 44 31.2989
118 44 29.0698
129 44 29.0698
142 44 31.2989
143 44 31.2989
605 44 31.2989
118 45 29.0698
141 45 31.2989
142 45 31.2989
143 45 31.2989
503 45 27.137
109 46 31.2989
118 46 29.0698
141 46 31.2989
142 46 31.2989
513 46 27.137
111 47 31.2989
118 47 29.0698
605 47 31.2989
111 48 31.2989
118 48 29.0698
135 48 29.0698
605 48 31.2989
103 49 31.2989
118 49 29.0698
121 49 31.2989
135 49 31.2989
99 50 29.0698
103 50 31.2989
111 50 31.2989
121 50 31.2989
135 50 31.2989
143 50 31.2989
278 50 18.5185
503 50 27.137
504 50 27.137
606 50 31.2989
99 51 29.0698
111 51 31.2989
134 51 31.2989
140 51 31.2989
278 51 18.5185
606 51 31.2989
612 51 31.2989
99 52 29.0698
114 52 29.0698
134 52 31.2989
139 52 31.2989
278 52 18.5185
606 52 31.2989
607 52 31.2989
134 53 31.2989
139 53 31.2989
278 53 18.5185
624 53 29.0698
134 54 29.0698
139 54 31.2989
278 54 18.5185
615 54 29.0698
624 54 29.0698
115 55 31.2989
134 55 29.0698
607 55 31.2989
608 55 31.2989
624 55 29.0698
99 56 29.0698
100 56 29.0698
115 56 31.2989
133 56 29.0698
607 56 31.2989
635 56 29.0698
100 57 29.0698
133 57 29.0698
141 57 31.2989
510 57 27.137
634 57 29.0698
100 58 29.0698
105 58 29.0698
133 58 31.2989
141 58 31.2989
278 58 18.5185
456 58 33.8983
105 59 29.0698
132 59 31.2989
133 59 31.2989
278 59 18.5185
100 60 29.0698
105 60 29.0698
114 60 29.0698
125 60 29.0698
126 60 29.0698
132 60 31.2989
133 60 31.2989
278 60 18.5185
501 60 25.4453
607 60 31.2989
614 60 31.2989
623 60 29.0698
100 61 29.0698
114 61 29.0698
117 61 31.2989
124 61 29.0698
142 61 31.2989
188 61 40.6504
278 61 18.5185
372 61 33.8983
373 61 33.8983
501 61 25.4453
607 61 31.2989
616 61 31.2989
632 61 29.0698
98 62 29.0698
114 62 29.0698
117 62 31.2989
123 62 29.0698
124 62 29.0698
133 62 31.2989
141 62 31.2989
187 62 40.6504
188 62 40.6504
371 62 33.8983
372 62 33.8983
504 62 27.137
607 62 31.2989
615 62 31.2989
123 63 29.0698
124 63 29.0698
132 63 31.2989
133 63 31.2989
140 63 31.2989
141 63 31.2989
187 63 40.6504
516 63 25.4453
98 64 29.0698
124 64 29.0698
132 64 31.2989
139 64 31.2989
140 64 31.2989
187 64 40.6504
633 64 29.0698
98 65 29.0698
124 65 29.0698
132 65 31.2989
138 65 29.0698
139 65 31.2989
278 65 18.5185
614 65 31.2989
98 66 29.0698
103 66 29.0698
138 66 31.2989
278 66 18.5185
577 66 31.2989
138 67 29.0698
190 67 40.6504
507 67 25.4453
615 67 31.2989
99 68 29.0698
123 68 29.0698
138 68 29.0698
190 68 40.6504
278 68 18.5185
98 69 29.0698
99 69 29.0698
123 69 29.0698
137 69 29.0698
190 69 40.6504
278 69 18.5185
507 69 25.4453
508 69 25.4453
588 69 31.2989
615 69 31.2989
124 70 29.0698
137 70 29.0698
190 70 40.6504
278 70 18.5185
615 70 31.2989
11 71 29.0698
106 71 29.0698
124 71 29.0698
136 71 29.0698
137 71 29.0698
190 71 40.6504
278 71 18.5185
615 71 31.2989
11 72 29.0698
106 72 29.0698
136 72 29.0698
137 72 29.0698
189 72 40.6504
278 72 18.5185
99 73 29.0698
132 73 29.0698
137 73 29.0698
278 73 18.5185
621 73 29.0698
629 73 31.2989
10 74 29.0698
99 74 29.0698
111 74 29.0698
132 74 29.0698
137 74 29.0698
188 74 40.6504
278 74 18.5185
612 74 31.2989
620 74 29.0698
621 74 29.0698
10 75 29.0698
111 75 29.0698
123 75 29.0698
136 75 29.0698
137 75 29.0698
188 75 40.6504
278 75 18.5185
506 75 27.137
507 75 25.4453
508 75 25.4453
509 75 25.4453
628 75 31.2989
12 76 29.0698
93 76 29.0698
123 76 29.0698
136 76 29.0698
188 76 40.6504
278 76 18.5185
508 76 27.137
18 77 29.0698
123 77 29.0698
136 77 31.2989
182 77 40.6504
278 77 18.5185
615 77 31.2989
11 78 31.2989
18 78 29.0698
44 78 33.8983
101 78 29.0698
142 78 31.2989
278 78 18.5185
508 78 27.137
10 79 31.2989
93 79 31.2989
115 79 29.0698
124 79 29.0698
142 79 31.2989
143 79 31.2989
278 79 18.5185
10 80 31.2989
92 80 31.2989
93 80 31.2989
142 80 31.2989
278 80 18.5185
508 80 27.137
616 80 31.2989
10 81 31.2989
92 81 29.0698
142 81 31.2989
278 81 18.5185
617 81 31.2989
618 81 31.2989
10 82 31.2989
36 82 31.2989
104 82 29.0698
142 82 31.2989
278 82 18.5185
508 82 27.137
617 82 31.2989
618 82 31.2989
92 83 29.0698
104 83 29.0698
142 83 31.2989
278 83 18.5185
508 83 27.137
617 83 31.2989
624 83 31.2989
625 83 31.2989
8 84 29.0698
92 84 29.0698
111 84 31.2989
141 84 31.2989
617 84 31.2989
625 84 31.2989
8 85 29.0698
14 85 29.0698
96 85 29.0698
101 85 29.0698
107 85 29.0698
141 85 31.2989
278 85 18.5185
617 85 31.2989
13 86 31.2989
14 86 31.2989
101 86 29.0698
107 86 29.0698
140 86 31.2989
194 86 40.6504
278 86 17.7148
8 87 29.0698
13 87 31.2989
14 87 31.2989
95 87 29.0698
101 87 29.0698
140 87 31.2989
189 87 40.6504
194 87 40.6504
499 87 27.137
8 88 29.0698
13 88 31.2989
36 88 31.2989
93 88 31.2989
101 88 29.0698
182 88 40.6504
278 88 18.5185
500 88 27.137
501 88 27.137
618 88 31.2989
101 89 29.0698
138 89 57.971
182 89 40.6504
278 89 17.7148
100 90 29.0698
101 90 29.0698
110 90 29.0698
121 90 31.2989
197 90 40.6504
278 90 17.7148
507 90 27.137
16 91 33.8983
110 91 29.0698
278 91 17.7148
507 91 27.137
624 91 31.2989
625 91 31.2989
11 92 29.0698
36 92 31.2989
54 92 33.8983
114 92 31.2989
278 92 17.7148
618 92 31.2989
624 92 31.2989
8 93 29.0698
15 93 31.2989
36 93 31.2989
107 93 29.0698
114 93 31.2989
197 93 40.6504
14 94 31.2989
36 94 31.2989
102 94 29.0698
113 94 31.2989
278 94 18.5185
14 95 31.2989
140 95 31.2989
186 95 40.6504
278 95 18.5185
506 95 27.137
507 95 27.137
7 96 29.0698
14 96 31.2989
114 96 31.2989
138 96 31.2989
140 96 31.2989
186 96 40.6504
278 96 18.5185
7 97 29.0698
96 97 29.0698
111 97 29.0698
114 97 31.2989
138 97 31.2989
140 97 31.2989
506 97 27.137
507 97 27.137
14 98 31.2989
38 98 33.8983
51 98 31.2989
78 98 33.8983
114 98 31.2989
197 98 40.6504
198 98 40.6504
278 98 18.5185
506 98 29.0698
507 98 29.0698
7 99 29.0698
14 99 31.2989
38 99 33.8983
44 99 33.8983
51 99 31.2989
114 99 31.2989
119 99 29.0698
184 99 40.6504
197 99 40.6504
198 99 40.6504
6 100 31.2989
7 100 31.2989
10 100 29.0698
14 100 31.2989
35 100 31.2989
96 100 29.0698
108 100 29.0698
119 100 29.0698
140 100 29.0698
184 100 40.6504
197 100 40.6504
198 100 40.6504
11 101 29.0698
14 101 31.2989
97 101 29.0698
114 101 31.2989
143 101 67.5676
144 101 67.5676
197 101 40.6504
278 101 18.5185
5 102 31.2989
10 102 29.0698
11 102 29.0698
35 102 31.2989
39 102 33.8983
40 102 31.2989
114 102 31.2989
197 102 45.1467
198 102 45.1467
278 102 18.5185
506 102 25.4453
5 103 31.2989
38 103 31.2989
197 103 40.6504
198 103 40.6504
506 103 25.4453
507 103 25.4453
37 104 31.2989
197 104 40.6504
506 104 27.137
507 104 27.137
4 105 29.0698
36 105 33.8983
197 105 40.6504
6 106 29.0698
24 106 29.0698
138 106 57.971
139 106 57.971
197 106 40.6504
278 106 18.5185
507 106 27.137
18 107 31.2989
24 107 29.0698
29 107 29.0698
34 107 31.2989
103 107 31.2989
176 107 40.6504
197 107 40.6504
5 108 29.0698
18 108 31.2989
29 108 29.0698
33 108 31.2989
34 108 31.2989
176 108 40.6504
197 108 40.6504
507 108 27.137
5 109 29.0698
16 109 31.2989
33 109 33.8983
176 109 40.6504
197 109 40.6504
278 109 18.5185
507 109 27.137
510 109 23.9521
3 110 29.0698
5 110 29.0698
33 110 33.8983
197 110 40.6504
278 110 18.5185
507 110 27.137
5 111 29.0698
33 111 33.8983
141 111 57.971
142 111 57.971
197 111 40.6504
507 111 27.137
5 112 29.0698
32 112 33.8983
33 112 33.8983
76 112 31.2989
177 112 40.6504
278 112 18.5185
507 112 27.137
19 113 31.2989
32 113 33.8983
187 113 40.6504
197 113 40.6504
202 113 40.6504
278 113 18.5185
5 114 29.0698
19 114 31.2989
32 114 33.8983
43 114 33.8983
187 114 40.6504
197 114 40.6504
278 114 18.5185
5 115 29.0698
19 115 31.2989
25 115 29.0698
32 115 33.8983
43 115 33.8983
56 115 31.2989
187 115 40.6504
197 115 40.6504
278 115 18.5185
498 115 25.4453
147 116 67.5676
187 116 40.6504
278 116 18.5185
505 116 27.137
506 116 27.137
5 117 31.2989
6 117 31.2989
13 117 33.8983
31 117 33.8983
37 117 33.8983
39 117 31.2989
187 117 40.6504
278 117 18.5185
5 118 31.2989
6 118 31.2989
16 118 31.2989
31 118 33.8983
75 118 33.8983
138 118 57.971
201 118 40.6504
5 119 31.2989
6 119 31.2989
16 119 31.2989
41 119 33.8983
180 119 45.1467
192 119 40.6504
201 119 40.6504
5 120 29.0698
17 120 31.2989
18 120 31.2989
29 120 33.8983
41 120 33.8983
53 120 31.2989
54 120 31.2989
72 120 33.8983
180 120 45.1467
192 120 40.6504
201 120 40.6504
244 120 50.7614
5 121 29.0698
18 121 31.2989
29 121 31.2989
74 121 33.8983
145 121 67.5676
201 121 40.6504
278 121 18.5185
5 122 29.0698
14 122 33.8983
30 122 31.2989
52 122 31.2989
145 122 67.5676
505 122 29.0698
506 122 29.0698
3 123 29.0698
4 123 29.0698
14 123 33.8983
30 123 31.2989
203 123 40.6504
505 123 29.0698
506 123 29.0698
3 124 29.0698
4 124 29.0698
14 124 33.8983
28 124 33.8983
30 124 33.8983
39 124 33.8983
203 124 40.6504
278 124 18.5185
4 125 29.0698
7 125 31.2989
14 125 33.8983
28 125 31.2989
30 125 31.2989
39 125 33.8983
77 125 33.8983
203 125 40.6504
493 125 27.137
494 125 27.137
3 126 29.0698
4 126 29.0698
14 126 33.8983
44 126 33.8983
189 126 40.6504
203 126 40.6504
278 126 18.5185
3 127 29.0698
19 127 33.8983
29 127 31.2989
203 127 40.6504
278 127 17.7148
3 128 29.0698
20 128 33.8983
28 128 31.2989
38 128 33.8983
47 128 33.8983
188 128 40.6504
278 128 17.7148
13 129 33.8983
28 129 31.2989
40 129 33.8983
188 129 40.6504
189 129 40.6504
13 130 33.8983
51 130 31.2989
189 130 40.6504
278 130 18.5185
13 131 33.8983
19 131 31.2989
27 131 31.2989
44 131 33.8983
189 131 40.6504
200 131 40.6504
205 131 40.6504
278 131 18.5185
13 132 33.8983
21 132 31.2989
32 132 31.2989
37 132 33.8983
44 132 33.8983
66 132 33.8983
205 132 40.6504
21 133 31.2989
26 133 31.2989
31 133 31.2989
32 133 31.2989
40 133 33.8983
12 134 33.8983
25 134 31.2989
36 134 33.8983
40 134 33.8983
204 134 40.6504
278 134 18.5185
12 135 33.8983
24 135 31.2989
25 135 31.2989
278 135 18.5185
12 136 33.8983
24 136 31.2989
29 136 31.2989
38 136 33.8983
58 136 33.8983
278 136 18.5185
21 137 31.2989
23 137 31.2989
24 137 31.2989
38 137 33.8983
55 137 31.2989
202 137 40.6504
23 138 31.2989
28 138 33.8983
36 138 33.8983
202 138 40.6504
278 138 18.5185
4 139 33.8983
9 139 29.0698
23 139 31.2989
28 139 33.8983
36 139 33.8983
52 139 33.8983
63 139 33.8983
189 139 40.6504
12 140 33.8983
21 140 31.2989
28 140 33.8983
35 140 33.8983
36 140 33.8983
62 140 33.8983
63 140 33.8983
189 140 40.6504
200 140 40.6504
12 141 33.8983
23 141 31.2989
35 141 31.2989
200 141 40.6504
22 142 31.2989
23 142 31.2989
61 142 33.8983
201 142 40.6504
20 143 31.2989
22 143 31.2989
34 143 31.2989
61 143 33.8983
200 143 40.6504
201 143 40.6504
22 144 31.2989
34 144 33.8983
48 144 33.8983
61 144 33.8983
14 145 31.2989
20 145 31.2989
21 145 31.2989
22 145 31.2989
508 145 25.4453
12 146 31.2989
20 146 31.2989
57 146 33.8983
138 146 31.2989
198 146 40.6504
199 146 40.6504
12 147 31.2989
20 147 31.2989
22 147 31.2989
33 147 33.8983
56 147 33.8983
138 147 31.2989
198 147 40.6504
22 148 31.2989
198 148 40.6504
11 149 31.2989
12 149 31.2989
21 149 31.2989
22 149 31.2989
29 149 33.8983
30 149 33.8983
48 149 31.2989
53 149 29.0698
508 149 27.137
11 150 31.2989
12 150 31.2989
21 150 31.2989
32 150 33.8983
203 150 40.6504
7 151 31.2989
19 151 31.2989
21 151 31.2989
38 151 31.2989
39 151 31.2989
7 152 31.2989
9 152 31.2989
19 152 31.2989
21 152 31.2989
27 152 31.2989
53 152 31.2989
19 153 31.2989
19 154 31.2989
52 154 33.8983
137 154 31.2989
140 154 33.8983
7 155 33.8983
19 155 33.8983
22 155 31.2989
44 155 31.2989
52 155 33.8983
115 155 29.0698
137 155 31.2989
140 155 33.8983
6 156 33.8983
30 156 29.0698
52 156 33.8983
115 156 29.0698
140 156 33.8983
5 157 33.8983
6 157 33.8983
20 157 33.8983
42 157 31.2989
51 157 33.8983
137 157 31.2989
140 157 33.8983
5 158 33.8983
12 158 31.2989
13 158 31.2989
17 158 31.2989
20 158 31.2989
42 158 31.2989
51 158 33.8983
115 158 29.0698
137 158 31.2989
140 158 33.8983
12 159 31.2989
19 159 31.2989
20 159 31.2989
51 159 33.8983
114 159 29.0698
115 159 29.0698
137 159 31.2989
140 159 33.8983
169 159 80.9717
3 160 33.8983
4 160 33.8983
16 160 31.2989
19 160 31.2989
51 160 33.8983
63 160 33.8983
115 160 29.0698
137 160 31.2989
140 160 33.8983
3 161 33.8983
16 161 31.2989
62 161 33.8983
63 161 33.8983
68 161 31.2989
115 161 29.0698
137 161 31.2989
140 161 33.8983
3 162 33.8983
21 162 31.2989
36 162 31.2989
42 162 33.8983
50 162 31.2989
115 162 29.0698
140 162 33.8983
3 163 33.8983
17 163 31.2989
50 163 31.2989
51 163 31.2989
115 163 29.0698
140 163 33.8983
636 163 23.9521
16 164 31.2989
17 164 31.2989
50 164 31.2989
116 164 29.0698
140 164 33.8983
636 164 23.9521
4 165 33.8983
13 165 31.2989
16 165 31.2989
49 165 31.2989
4 166 33.8983
13 166 31.2989
16 166 31.2989
28 166 33.8983
48 166 31.2989
58 166 31.2989
137 166 31.2989
4 167 33.8983
15 167 31.2989
27 167 33.8983
45 167 33.8983
47 167 31.2989
128 167 31.2989
132 167 31.2989
137 167 31.2989
140 167 33.8983
508 167 27.137
3 168 33.8983
4 168 33.8983
15 168 33.8983
26 168 33.8983
37 168 29.0698
43 168 33.8983
47 168 31.2989
128 168 31.2989
140 168 33.8983
637 168 25.4453
3 169 33.8983
12 169 31.2989
15 169 31.2989
26 169 33.8983
43 169 33.8983
50 169 33.8983
115 169 29.0698
116 169 29.0698
140 169 31.2989
634 169 33.8983
3 170 33.8983
27 170 33.8983
47 170 31.2989
54 170 40.6504
116 170 29.0698
140 170 31.2989
188 170 40.6504
509 170 27.137
3 171 31.2989
14 171 31.2989
19 171 31.2989
23 171 31.2989
45 171 31.2989
54 171 40.6504
140 171 31.2989
509 171 27.137
11 172 31.2989
14 172 31.2989
38 172 31.2989
43 172 31.2989
44 172 31.2989
118 172 31.2989
140 172 31.2989
509 172 27.137
14 173 31.2989
20 173 33.8983
37 173 31.2989
43 173 31.2989
44 173 31.2989
137 173 31.2989
140 173 31.2989
201 173 67.5676
508 173 27.137
509 173 27.137
4 174 33.8983
13 174 31.2989
18 174 33.8983
19 174 33.8983
20 174 33.8983
128 174 31.2989
140 174 31.2989
4 175 33.8983
13 175 31.2989
17 175 33.8983
18 175 33.8983
39 175 33.8983
140 175 33.8983
16 176 33.8983
38 176 33.8983
117 176 29.0698
118 176 29.0698
140 176 33.8983
237 176 50.7614
565 176 33.8983
566 176 33.8983
567 176 31.2989
13 177 31.2989
36 177 33.8983
37 177 33.8983
118 177 29.0698
140 177 33.8983
193 177 50.7614
237 177 50.7614
561 177 45.1467
562 177 45.1467
563 177 40.6504
564 177 36.9686
565 177 33.8983
566 177 33.8983
567 177 31.2989
568 177 29.0698
569 177 29.0698
6 178 31.2989
12 178 33.8983
28 178 31.2989
35 178 33.8983
36 178 33.8983
118 178 29.0698
140 178 33.8983
237 178 50.7614
561 178 45.1467
562 178 45.1467
563 178 40.6504
564 178 36.9686
565 178 33.8983
566 178 33.8983
11 179 33.8983
12 179 33.8983
28 179 31.2989
33 179 31.2989
118 179 29.0698
137 179 31.2989
140 179 33.8983
237 179 50.7614
11 180 33.8983
128 180 31.2989
140 180 33.8983
193 180 50.7614
237 180 50.7614
626 180 31.2989
627 180 31.2989
4 181 31.2989
5 181 31.2989
10 181 33.8983
11 181 33.8983
52 181 33.8983
127 181 31.2989
128 181 31.2989
132 181 31.2989
237 181 50.7614
492 181 57.971
493 181 50.7614
494 181 50.7614
495 181 45.1467
496 181 40.6504
497 181 33.8983
498 181 33.8983
5 182 31.2989
10 182 33.8983
23 182 33.8983
24 182 33.8983
127 182 31.2989
128 182 31.2989
132 182 31.2989
172 182 67.5676
193 182 50.7614
210 182 45.1467
237 182 50.7614
491 182 57.971
492 182 50.7614
493 182 50.7614
494 182 45.1467
495 182 40.6504
496 182 36.9686
497 182 33.8983
498 182 33.8983
5 183 31.2989
9 183 33.8983
10 183 33.8983
57 183 36.9686
127 183 31.2989
128 183 31.2989
132 183 31.2989
192 183 57.971
210 183 45.1467
237 183 50.7614
490 183 67.5676
491 183 57.971
492 183 50.7614
493 183 50.7614
494 183 45.1467
496 183 36.9686
497 183 36.9686
498 183 33.8983
499 183 31.2989
9 184 33.8983
10 184 33.8983
38 184 36.9686
127 184 31.2989
128 184 31.2989
132 184 31.2989
210 184 45.1467
237 184 50.7614
493 184 50.7614
495 184 40.6504
496 184 40.6504
497 184 36.9686
562 184 36.9686
563 184 36.9686
9 185 33.8983
24 185 31.2989
38 185 36.9686
46 185 33.8983
127 185 31.2989
132 185 31.2989
237 185 50.7614
493 185 50.7614
495 185 40.6504
496 185 40.6504
567 185 33.8983
54 186 36.9686
127 186 31.2989
132 186 31.2989
193 186 50.7614
237 186 50.7614
493 186 45.1467
494 186 40.6504
495 186 40.6504
496 186 40.6504
567 186 33.8983
4 187 31.2989
8 187 31.2989
37 187 57.971
127 187 31.2989
132 187 31.2989
237 187 50.7614
8 188 31.2989
37 188 67.5676
127 188 31.2989
128 188 31.2989
132 188 31.2989
238 188 50.7614
3 189 31.2989
8 189 31.2989
127 189 31.2989
132 189 31.2989
193 189 50.7614
238 189 50.7614
279 189 17.7148
3 190 31.2989
8 190 31.2989
127 190 31.2989
132 190 31.2989
238 190 50.7614
239 190 50.7614
279 190 17.7148
8 191 31.2989
17 191 31.2989
50 191 36.9686
127 191 31.2989
132 191 31.2989
279 191 17.7148
15 192 31.2989
16 192 31.2989
127 192 31.2989
132 192 31.2989
278 192 18.5185
14 193 33.8983
127 193 31.2989
132 193 31.2989
193 193 50.7614
481 193 57.971
482 193 57.971
483 193 57.971
484 193 50.7614
490 193 29.0698
491 193 29.0698
492 193 29.0698
495 193 25.4453
12 194 33.8983
127 194 31.2989
132 194 31.2989
193 194 50.7614
278 194 18.5185
481 194 57.971
482 194 57.971
483 194 57.971
484 194 50.7614
490 194 29.0698
491 194 29.0698
492 194 29.0698
493 194 27.137
619 194 31.2989
620 194 31.2989
621 194 31.2989
132 195 31.2989
278 195 18.5185
481 195 57.971
482 195 57.971
483 195 57.971
484 195 50.7614
490 195 29.0698
491 195 29.0698
127 196 31.2989
132 196 31.2989
481 196 57.971
482 196 57.971
483 196 57.971
590 196 50.7614
127 197 31.2989
132 197 31.2989
236 197 57.971
289 197 101.01
597 197 40.6504
127 198 31.2989
132 198 31.2989
6 199 31.2989
127 199 31.2989
132 199 31.2989
127 200 31.2989
132 200 31.2989
127 201 31.2989
132 201 31.2989
127 202 31.2989
132 202 31.2989
160 202 45.1467
104 203 29.0698
127 203 31.2989
132 203 31.2989
160 203 45.1467
190 203 45.1467
6 204 31.2989
54 204 45.1467
127 204 31.2989
132 204 31.2989
160 204 45.1467
171 204 50.7614
174 204 50.7614
5 205 31.2989
132 205 31.2989
566 205 17.7148
567 205 16.9779
568 205 16.9779
569 205 16.9779
5 206 31.2989
132 206 31.2989
161 206 45.1467
190 206 45.1467
561 206 22.6244
562 206 22.6244
565 206 17.7148
566 206 17.7148
567 206 16.9779
5 207 31.2989
132 207 31.2989
181 207 50.7614
190 207 45.1467
521 207 101.01
522 207 101.01
523 207 101.01
524 207 67.5676
532 207 17.7148
533 207 17.7148
534 207 16.9779
535 207 16.9779
536 207 16.2999
538 207 15.0943
539 207 14.556
540 207 14.0548
541 207 14.0548
542 207 13.587
543 207 13.1492
544 207 13.1492
545 207 12.7389
547 207 12.3533
5 208 31.2989
50 208 45.1467
127 208 31.2989
132 208 31.2989
190 208 45.1467
531 208 18.5185
533 208 17.7148
534 208 16.9779
535 208 16.9779
536 208 16.2999
5 209 31.2989
132 209 31.2989
190 209 45.1467
5 210 31.2989
117 210 33.8983
600 210 12.7389
5 211 31.2989
12 211 36.9686
566 211 17.7148
567 211 17.7148
570 211 16.9779
571 211 16.9779
632 211 13.1492
633 211 13.1492
634 211 12.7389
635 211 12.7389
636 211 12.7389
12 212 36.9686
50 212 40.6504
12 213 36.9686
39 213 40.6504
102 213 29.0698
168 213 50.7614
236 213 57.971
524 213 19.3986
528 213 16.9779
9 214 36.9686
33 214 40.6504
39 214 40.6504
48 214 40.6504
103 214 29.0698
528 214 16.9779
535 214 16.9779
542 214 18.5185
543 214 18.5185
544 214 18.5185
571 214 16.9779
572 214 16.9779
9 215 36.9686
103 215 29.0698
355 215 57.971
356 215 57.971
395 215 80.9717
396 215 80.9717
535 215 16.9779
544 215 18.5185
571 215 16.9779
572 215 16.9779
9 216 36.9686
352 216 200
353 216 101.01
356 216 57.971
395 216 80.9717
396 216 80.9717
397 216 80.9717
402 216 6.68673
409 216 80.9717
410 216 80.9717
411 216 80.9717
415 216 16.9779
535 216 16.9779
536 216 16.9779
621 216 15.674
622 216 15.674
623 216 15.674
624 216 15.674
9 217 36.9686
116 217 33.8983
535 217 16.9779
536 217 16.9779
587 217 13.1492
628 217 12.3533
629 217 12.3533
630 217 12.3533
9 218 36.9686
359 218 16.9779
527 218 16.9779
535 218 16.9779
536 218 16.9779
9 219 36.9686
349 219 57.971
378 219 67.5676
379 219 57.971
380 219 57.971
500 219 20.3666
501 219 20.3666
616 219 11.9904
617 219 11.9904
9 220 36.9686
376 220 80.9717
504 220 19.3986
571 220 14.556
572 220 14.0548
573 220 14.0548
574 220 14.0548
616 220 11.9904
617 220 11.9904
9 221 36.9686
376 221 80.9717
497 221 19.3986
571 221 14.556
572 221 14.0548
573 221 14.0548
616 221 11.9904
617 221 11.9904
9 222 36.9686
15 222 40.6504
9 223 36.9686
36 223 40.6504
530 223 16.2999
531 223 16.2999
565 223 14.556
566 223 14.556
617 223 11.9904
618 223 11.9904
9 224 36.9686
103 224 29.0698
531 224 16.2999
535 224 16.9779
559 224 17.7148
560 224 17.7148
561 224 16.9779
562 224 16.2999
563 224 15.674
564 224 14.556
565 224 14.556
566 224 14.556
567 224 14.0548
583 224 13.587
617 224 11.9904
618 224 11.9904
9 225 36.9686
48 225 40.6504
494 225 20.3666
582 225 13.587
617 225 11.9904
618 225 11.9904
9 226 36.9686
14 226 36.9686
34 226 40.6504
36 226 40.6504
60 226 45.1467
116 226 29.0698
546 226 16.2999
581 226 13.587
582 226 13.587
617 226 11.9904
618 226 11.9904
5 227 31.2989
34 227 40.6504
36 227 40.6504
48 227 40.6504
60 227 45.1467
493 227 20.3666
494 227 20.3666
498 227 16.9779
617 227 11.9904
618 227 11.9904
5 228 31.2989
568 228 14.0548
617 228 11.9904
618 228 11.9904
5 229 31.2989
5 230 31.2989
104 230 29.0698
118 230 29.0698
5 231 31.2989
104 231 29.0698
118 231 29.0698
119 231 29.0698
496 231 19.3986
5 232 31.2989
119 232 29.0698
120 232 29.0698
5 233 31.2989
6 233 31.2989
21 233 29.0698
49 233 29.0698
131 233 31.2989
517 233 17.7148
518 233 17.7148
519 233 17.7148
522 233 15.0943
631 233 12.3533
632 233 12.3533
633 233 11.9904
634 233 11.6482
635 233 11.6482
636 233 11.325
637 233 11.325
6 234 31.2989
132 234 31.2989
516 234 17.7148
517 234 17.7148
518 234 17.7148
522 234 15.0943
134 235 31.2989
516 235 17.7148
517 235 17.7148
613 235 12.7389
614 235 12.7389
615 235 12.3533
616 235 12.3533
617 235 11.9904
618 235 11.9904
619 235 11.6482
625 235 11.6482
626 235 11.6482
627 235 11.6482
135 236 31.2989
616 236 12.3533
617 236 11.9904
618 236 11.9904
619 236 11.6482
625 236 11.6482
626 236 11.6482
627 236 11.6482
516 237 17.7148
517 237 17.7148
549 237 15.674
550 237 15.0943
516 238 17.7148
544 238 18.5185
545 238 17.7148
546 238 16.2999
547 238 15.674
548 238 15.674
549 238 15.0943
554 238 13.1492
555 238 13.1492
543 239 18.5185
544 239 18.5185
546 239 16.2999
547 239 15.674
548 239 15.674
549 239 15.0943
548 240 15.674
497 241 19.3986
522 242 16.9779
546 243 16.2999
547 243 15.674
548 243 15.674
551 243 14.0548
541 244 18.5185
542 244 18.5185
543 244 17.7148
544 244 16.9779
545 244 16.2999
546 244 16.2999
547 244 15.674
548 244 15.674
627 244 12.3533
628 244 11.9904
629 244 11.9904
630 244 11.6482
631 244 11.6482
536 245 16.9779
537 245 16.9779
592 245 12.7389
593 245 12.7389
594 245 12.3533
629 245 11.9904
630 245 11.6482
631 245 11.6482
632 245 11.6482
522 246 16.9779
523 246 16.9779
524 246 16.9779
591 246 12.7389
592 246 12.7389
593 246 12.7389
631 246 11.6482
632 246 11.6482
633 246 11.6482
553 247 15.0943
554 247 15.0943
555 247 15.0943
591 247 12.7389
592 247 12.7389
555 248 15.0943
591 248 12.7389
592 248 12.7389
441 249 19.3986
442 249 19.3986
590 249 12.7389
591 249 12.7389
624 249 13.587
626 249 12.7389
627 249 12.3533
629 249 12.3533
630 249 12.3533
632 249 11.6482
633 249 11.325
634 249 11.325
635 249 11.0193
636 249 10.7296
637 249 10.7296
548 250 15.0943
590 250 12.7389
591 250 12.7389
521 251 17.7148
522 251 17.7148
554 251 15.0943
555 251 15.0943
590 251 12.7389
591 251 12.7389
554 252 15.0943
555 252 15.0943
548 253 15.0943
555 253 15.0943
598 253 12.3533
596 255 12.3533
595 256 12.3533
596 256 12.3533
601 256 12.3533
602 256 12.3533
596 257 12.3533
598 257 12.3533
601 257 12.3533
602 257 12.3533
553 258 15.0943
554 258 15.0943
561 258 15.0943
562 258 15.0943
550 259 15.0943
592 259 12.7389
593 259 12.7389
600 261 12.3533
601 261 12.3533
602 261 12.3533
600 262 12.3533
601 262 12.3533
618 262 14.0548
620 262 13.587
621 262 13.587
623 262 12.7389
624 262 12.3533
625 262 11.9904
626 262 11.9904
627 262 11.6482
628 262 11.6482
629 262 11.325
618 263 14.0548
619 263 13.587
620 263 13.587
621 263 13.587
622 263 13.1492
623 263 12.7389
624 263 12.3533
625 263 11.9904
626 263 11.9904
627 263 11.6482
628 263 11.6482
629 263 11.325
630 263 10.7296
631 263 10.4548
637 263 13.587
601 264 12.3533
602 264 12.3533
625 264 11.9904
626 264 11.9904
630 264 10.7296
631 264 10.4548
632 264 10.1937
633 264 9.9453
634 264 9.70874
592 265 12.7389
600 265 12.3533
601 265 12.3533
602 265 12.3533
592 266 12.7389
593 266 12.7389
600 266 12.3533
601 266 12.3533
602 266 12.3533
593 267 12.7389
596 267 12.7389
597 267 12.7389
597 270 12.3533
598 270 12.3533
599 270 12.3533
600 270 12.3533
206 273 11.9904
207 273 11.9904
602 274 11.9904
603 274 11.9904
604 274 11.9904
69 277 12.3533
70 278 12.3533
71 278 12.3533
72 278 12.3533
457 279 13.1492
458 279 12.7389
459 279 12.7389
460 279 12.3533
461 279 11.6482
463 279 11.0193
464 279 10.7296
459 280 12.7389
460 280 12.3533
461 280 11.6482
462 280 11.325
463 280 11.0193
464 280 10.7296
465 280 10.7296
466 280 10.4548
584 280 11.325
585 280 11.325
193 282 10.1937
221 287 9.70874
185 290 9.26784
226 290 9.06207
180 291 9.06207
223 291 9.06207
224 292 9.48317
225 292 9.48317
206 293 8.86525
626 293 9.48317
627 293 9.48317
628 293 9.48317
197 294 8.86525
206 294 8.86525
207 294 8.86525
208 294 8.86525
194 295 8.86525
195 295 8.86525
208 295 8.86525
209 295 8.67679
135 296 8.86525
195 296 8.86525
181 297 8.86525
174 298 8.49618
198 298 8.32293
150 299 8.32293
179 299 8.67679
184 299 8.32293
195 299 8.32293
147 300 8.32293
180 301 8.49618
181 301 8.49618
187 302 7.9968
188 302 8.15661
178 303 8.15661
182 303 8.15661
184 303 7.9968
185 303 7.9968
175 304 7.84314
176 304 7.9968
184 304 7.9968
185 304 7.9968
211 304 8.32293
486 304 8.86525
487 304 8.86525
488 304 8.86525
489 304 8.67679
494 304 8.49618
495 304 8.49618
496 304 8.49618
211 305 8.32293
172 306 7.84314
173 306 7.9968
170 307 7.84314
150 308 7.55287
170 308 7.84314
170 310 7.69527
143 311 7.55287
159 311 7.41565
171 311 7.69527
181 311 7.41565
182 311 7.41565
183 311 7.41565
189 311 7.55287
221 311 7.84314
155 312 7.41565
156 312 7.41565
160 312 7.41565
182 312 7.41565
185 312 7.41565
189 312 7.55287
192 312 7.41565
156 313 7.41565
157 313 7.41565
193 313 7.41565
194 314 7.41565
73 315 7.28332
102 315 7.15564
195 315 7.41565
196 315 7.28332
102 316 7.15564
157 316 7.15564
185 316 7.15564
197 316 7.41565
198 316 7.28332
157 317 7.03235
158 317 7.15564
131 318 6.91324
150 318 7.03235
204 318 7.15564
119 319 6.91324
120 319 6.91324
150 319 7.03235
151 319 7.03235
155 319 7.03235
156 319 7.03235
174 319 6.91324
120 320 6.91324
175 320 6.91324
176 320 6.91324
95 321 6.7981
104 321 6.7981
108 321 6.7981
131 321 6.7981
152 321 7.03235
153 321 7.03235
154 321 7.03235
175 321 6.91324
176 321 6.91324
623 321 7.41565
108 322 6.7981
151 322 6.91324
152 322 6.91324
153 322 6.91324
154 322 6.91324
155 322 6.7981
156 322 6.7981
184 324 6.7981
185 324 6.7981
107 325 6.57895
176 325 6.68673
185 325 6.7981
186 325 6.7981
89 326 6.47459
101 326 6.57895
167 326 6.47459
177 326 6.68673
183 326 6.7981
38 327 6.57895
104 327 6.47459
163 327 6.57895
96 328 6.47459
97 328 6.47459
128 328 6.47459
142 328 6.91324
145 328 6.27549
146 328 6.27549
172 328 6.47459
95 329 6.57895
96 329 6.47459
97 329 6.47459
98 329 6.47459
99 329 6.47459
142 329 6.91324
146 329 6.27549
147 329 6.27549
171 329 6.47459
182 329 6.57895
200 329 6.7981
201 329 6.57895
98 330 6.47459
99 330 6.47459
140 330 6.27549
147 330 6.27549
154 330 6.37349
173 330 6.47459
174 330 6.37349
182 330 6.57895
183 330 6.57895
201 330 6.57895
202 330 6.57895
203 330 6.57895
75 331 6.37349
83 331 6.37349
88 331 6.27549
139 331 6.27549
140 331 6.27549
147 331 6.27549
155 331 6.37349
156 331 6.37349
175 331 6.37349
176 331 6.37349
207 331 6.47459
75 332 6.37349
83 332 6.37349
139 332 6.27549
140 332 6.27549
152 332 6.37349
157 332 6.37349
167 332 6.37349
169 332 6.27549
208 332 6.47459
209 332 6.47459
134 333 6.27549
139 333 6.27549
140 333 6.27549
152 333 6.37349
153 333 6.37349
154 333 6.37349
171 333 6.37349
201 333 6.47459
99 334 6.08828
139 334 6.18047
140 334 6.18047
141 334 6.18047
142 334 6.08828
153 334 6.37349
154 334 6.37349
92 335 6.08828
93 335 6.08828
104 335 6.08828
129 335 6.08828
140 335 6.18047
141 335 6.18047
199 335 6.47459
200 335 6.47459
87 336 5.9988
93 336 6.08828
94 336 6.08828
100 336 6.08828
101 336 6.08828
129 336 6.08828
130 336 6.08828
86 337 5.9988
93 337 6.08828
94 337 6.08828
184 337 6.08828
185 337 6.08828
39 338 5.91191
52 338 5.91191
85 338 5.9988
86 338 5.9988
186 338 6.08828
39 339 5.91191
47 339 6.47459
50 339 5.91191
52 339 5.91191
53 339 5.9988
86 339 5.9988
147 339 5.91191
162 339 6.08828
214 339 6.7981
46 340 6.47459
47 340 6.47459
49 340 5.91191
50 340 5.91191
51 340 5.91191
102 340 5.74548
147 340 5.91191
148 340 5.91191
151 340 6.08828
42 341 5.91191
84 341 5.74548
132 341 5.66572
152 341 6.08828
205 341 6.68673
207 341 6.68673
42 342 5.91191
43 342 5.91191
45 342 6.47459
71 342 5.82751
85 342 5.74548
118 342 5.74548
119 342 5.74548
121 342 5.74548
122 342 5.66572
144 342 5.82751
174 342 5.9988
213 342 6.37349
214 342 6.37349
72 343 5.82751
78 343 5.66572
110 343 5.74548
122 343 5.66572
133 343 5.51268
213 343 6.37349
214 343 6.37349
38 344 5.82751
77 344 5.66572
78 344 5.66572
79 344 5.66572
80 344 5.66572
107 344 5.74548
111 344 5.74548
115 344 5.58815
116 344 5.74548
133 344 5.51268
148 344 5.74548
201 344 6.27549
202 344 6.27549
34 345 5.66572
53 345 5.51268
101 345 6.47459
106 345 5.74548
107 345 5.74548
115 345 5.58815
116 345 5.58815
117 345 5.58815
171 345 5.82751
200 345 6.27549
203 345 6.18047
50 346 5.51268
52 346 5.51268
53 346 5.51268
99 346 6.47459
106 346 5.74548
107 346 5.74548
108 346 5.74548
144 346 5.74548
145 346 5.74548
146 346 5.74548
158 346 5.58815
200 346 6.27549
201 346 6.18047
17 347 5.74548
50 347 5.51268
51 347 5.51268
52 347 5.51268
84 347 5.51268
96 347 5.51268
145 347 5.74548
146 347 5.74548
147 347 5.66572
158 347 5.58815
159 347 5.58815
165 347 5.58815
166 347 5.58815
167 347 5.58815
201 347 6.18047
206 347 6.08828
14 348 5.66572
15 348 5.74548
25 348 5.58815
28 348 5.58815
85 348 5.51268
95 348 5.51268
96 348 5.51268
111 348 5.51268
166 348 5.58815
167 348 5.58815
168 348 5.58815
206 348 6.08828
207 348 6.08828
208 348 6.08828
13 349 5.66572
14 349 5.66572
15 349 5.74548
24 349 5.58815
25 349 5.58815
26 349 5.58815
29 349 5.58815
48 349 5.51268
54 349 5.36769
55 349 5.36769
74 349 5.43922
78 349 5.91191
81 349 5.51268
82 349 5.51268
86 349 5.51268
111 349 5.51268
112 349 5.51268
113 349 5.51268
114 349 5.51268
115 349 5.51268
116 349 5.51268
121 349 5.43922
168 349 5.58815
169 349 5.58815
24 350 5.58815
25 350 5.58815
26 350 5.58815
55 350 5.36769
62 350 5.74548
65 350 5.43922
74 350 5.36769
75 350 5.36769
82 350 5.51268
83 350 5.51268
94 350 5.43922
118 350 5.43922
122 350 5.43922
59 351 5.43922
74 351 5.36769
75 351 5.36769
134 351 5.43922
59 352 5.43922
60 352 5.51268
75 352 5.36769
76 352 5.36769
85 352 5.43922
117 352 5.36769
160 352 5.58815
26 353 5.43922
85 353 5.43922
107 353 5.29801
117 353 5.36769
118 353 5.36769
160 353 5.58815
172 353 5.51268
26 354 5.43922
107 354 5.23013
151 354 5.43922
173 354 5.51268
62 355 5.29801
97 355 5.29801
100 355 5.23013
104 355 5.16396
107 355 5.23013
108 355 5.23013
131 355 5.29801
548 355 6.68673
549 355 6.68673
98 356 5.43922
99 356 5.23013
101 356 5.16396
102 356 5.16396
108 356 5.23013
129 356 5.29801
131 356 5.29801
178 356 5.43922
550 356 6.37349
71 357 5.16396
72 357 5.16396
101 357 5.16396
102 357 5.16396
103 357 5.16396
551 357 6.18047
565 357 5.58815
566 357 5.58815
72 358 5.16396
101 358 5.16396
102 358 5.16396
103 358 5.16396
175 358 5.36769
176 358 5.36769
552 358 5.82751
553 358 5.82751
554 358 5.82751
555 358 5.74548
556 358 5.66572
557 358 5.66572
558 358 5.58815
559 358 5.58815
561 358 5.58815
562 358 5.58815
563 358 5.66572
564 358 5.66572
565 358 5.58815
566 358 5.58815
567 358 5.51268
87 359 5.09944
100 359 5.09944
101 359 5.09944
553 359 5.82751
554 359 5.82751
555 359 5.74548
556 359 5.66572
557 359 5.66572
558 359 5.58815
559 359 5.58815
560 359 5.66572
561 359 5.58815
562 359 5.58815
563 359 5.66572
564 359 5.66572
565 359 5.58815
566 359 5.58815
567 359 5.51268
568 359 5.36769
46 360 4.97512
66 360 5.16396
87 360 5.03651
100 360 5.09944
101 360 5.09944
106 360 4.97512
119 360 5.09944
122 360 5.09944
135 360 5.23013
556 360 5.66572
557 360 5.66572
558 360 5.58815
559 360 5.58815
560 360 5.66572
568 360 5.36769
569 360 5.29801
570 360 5.23013
51 361 5.03651
66 361 5.16396
87 361 5.03651
101 361 5.09944
102 361 5.09944
116 361 5.16396
123 361 5.09944
124 361 5.09944
54 362 4.97512
57 362 4.91521
66 362 5.16396
84 362 4.91521
85 362 5.03651
88 362 5.03651
102 362 5.03651
116 362 5.16396
124 362 5.09944
250 362 5.58815
251 362 5.58815
54 363 4.97512
65 363 5.16396
66 363 5.16396
11 364 5.36769
54 364 4.97512
55 364 4.91521
54 365 4.91521
55 365 4.91521
116 365 4.97512
117 365 4.97512
149 365 4.97512
14 366 4.97512
38 366 4.91521
55 366 4.91521
56 366 4.91521
59 366 4.91521
117 366 4.91521
118 366 4.97512
150 366 5.03651
168 366 5.03651
9 367 4.97512
11 367 5.03651
14 367 4.97512
38 367 4.74383
57 367 4.91521
113 367 4.97512
145 367 4.97512
146 367 4.97512
147 367 4.97512
167 367 5.09944
168 367 5.03651
169 367 5.03651
170 367 5.03651
8 368 4.91521
9 368 4.85673
35 368 4.74383
36 368 4.74383
39 368 4.91521
78 368 4.85673
79 368 4.85673
95 368 4.74383
113 368 4.85673
115 368 4.91521
145 368 4.97512
146 368 4.97512
147 368 4.97512
167 368 5.09944
168 368 5.03651
7 369 4.91521
8 369 4.91521
35 369 4.74383
36 369 4.74383
37 369 4.74383
74 369 4.74383
80 369 4.85673
81 369 4.79962
96 369 4.68933
109 369 4.79962
110 369 4.74383
113 369 4.79962
115 369 4.97512
179 369 5.29801
7 370 4.91521
8 370 4.91521
11 370 4.79962
74 370 4.74383
75 370 4.74383
91 370 4.68933
96 370 4.68933
97 370 4.68933
109 370 4.79962
110 370 4.74383
111 370 4.79962
115 370 4.85673
11 371 4.79962
62 371 4.74383
63 371 4.74383
74 371 4.74383
75 371 4.74383
96 371 4.68933
97 371 4.68933
98 371 4.68933
111 371 4.74383
112 371 4.74383
177 371 5.29801
178 371 5.29801
34 372 4.74383
60 372 4.79962
63 372 4.74383
64 372 4.74383
65 372 4.74383
93 372 4.68933
98 372 4.63607
99 372 4.63607
112 372 4.74383
178 372 5.23013
62 373 4.74383
63 373 4.74383
93 373 4.68933
99 373 4.63607
116 373 4.74383
160 373 4.85673
170 373 5.03651
13 374 4.68933
63 374 4.68933
75 374 4.584
99 374 4.63607
100 374 4.63607
125 374 4.74383
145 374 4.85673
150 374 4.85673
155 374 4.85673
156 374 4.85673
160 374 4.85673
161 374 4.85673
88 375 4.63607
89 375 4.63607
99 375 4.63607
161 375 4.85673
162 375 4.85673
44 376 4.53309
74 376 4.584
89 376 4.63607
90 376 4.63607
84 377 4.63607
90 377 4.63607
91 377 4.584
92 377 4.584
477 377 5.03651
478 377 5.03651
47 378 4.1632
84 378 4.584
92 378 4.584
107 378 4.584
108 378 4.584
164 378 4.91521
165 378 4.91521
48 379 4.1632
84 379 4.584
85 379 4.584
19 380 4.53309
79 380 4.34028
85 380 4.53309
86 380 4.53309
215 380 5.03651
32 381 4.53309
105 381 4.584
127 381 4.53309
170 381 4.97512
171 381 4.97512
15 382 4.4833
64 382 4.43459
69 382 4.38693
70 382 4.38693
106 382 4.584
127 382 4.53309
128 382 4.53309
15 383 4.4833
36 383 4.43459
37 383 4.43459
61 383 4.4833
70 383 4.38693
71 383 4.38693
72 383 4.38693
95 383 4.38693
13 384 4.4833
31 384 4.38693
32 384 4.38693
37 384 4.43459
38 384 4.43459
39 384 4.43459
40 384 4.43459
61 384 4.4833
65 384 4.38693
66 384 4.38693
90 384 4.4833
94 384 4.38693
95 384 4.38693
96 384 4.38693
231 384 4.85673
12 385 4.4833
31 385 4.38693
32 385 4.38693
33 385 4.38693
39 385 4.43459
40 385 4.43459
41 385 4.43459
65 385 4.34028
66 385 4.34028
93 385 4.4833
94 385 4.38693
95 385 4.38693
125 385 4.38693
32 386 4.38693
33 386 4.38693
34 386 4.34028
66 386 4.34028
72 386 4.29461
73 386 4.34028
36 387 4.2061
73 387 4.34028
75 387 4.29461
76 387 4.34028
123 387 4.38693
128 387 4.43459
129 387 4.43459
217 387 4.85673
218 387 4.85673
219 387 4.85673
75 388 4.29461
76 388 4.34028
77 388 4.34028
129 388 4.43459
130 388 4.43459
219 388 4.85673
26 389 4.34028
30 389 4.38693
31 389 4.38693
77 389 4.34028
91 389 4.24989
110 389 4.38693
149 389 4.4833
27 390 4.38693
28 390 4.38693
29 390 4.38693
30 390 4.38693
31 390 4.38693
88 390 4.24989
92 390 4.24989
149 390 4.4833
150 390 4.4833
27 391 4.38693
28 391 4.38693
30 391 4.38693
31 391 4.38693
59 391 4.07997
60 391 4.07997
88 391 4.2061
89 391 4.24989
90 391 4.24989
93 391 4.24989
94 391 4.24989
115 391 4.43459
31 392 4.29461
60 392 4.07997
61 392 4.07997
67 392 4.24989
68 392 4.24989
69 392 4.24989
77 392 4.1632
89 392 4.24989
90 392 4.24989
94 392 4.2061
95 392 4.2061
32 393 4.24989
67 393 4.24989
68 393 4.24989
69 393 4.24989
70 393 4.24989
71 393 4.24989
90 393 4.2061
91 393 4.2061
92 393 4.2061
117 393 4.29461
118 393 4.24989
119 393 4.24989
32 394 4.24989
69 394 4.24989
70 394 4.24989
71 394 4.24989
72 394 4.2061
93 394 4.2061
316 394 4.63607
590 394 4.63607
55 395 4.12116
57 395 4.12116
38 396 4.1632
58 396 4.03959
59 396 4.03959
60 396 4.03959
61 396 4.07997
62 396 4.07997
75 396 4.1632
76 396 4.1632
79 396 4.2061
116 396 4.2061
274 396 4.584
275 396 4.584
574 396 4.53309
64 397 4.03959
65 397 4.03959
71 397 4.24989
72 397 4.24989
110 397 4.2061
112 397 4.12116
116 397 4.2061
117 397 4.2061
129 397 4.29461
130 397 4.29461
455 397 4.584
113 398 4.2061
91 399 4.1632
92 399 4.1632
501 399 4.4833
100 400 4.12116
3 401 4.2061
57 401 4.03959
77 401 4.07997
100 401 4.12116
101 401 4.12116
102 401 4.12116
69 402 4.03959
70 402 4.03959
77 402 4.07997
78 402 4.07997
101 402 4.12116
102 402 4.12116
114 402 4.1632
115 402 4.1632
133 403 4.1632
164 403 4.38693
165 403 4.38693
313 403 4.43459
314 403 4.43459
42 404 4.07997
53 404 4.03959
165 404 4.38693
197 404 4.38693
77 406 4.03959
194 406 4.34028
312 406 4.38693
313 406 4.38693
195 407 4.34028
196 407 4.34028
100 408 4.03959
126 408 4.03959
6 411 4.34028
65 412 4.03959
66 412 4.03959
126 412 4.03959
20 413 4.03959
66 413 4.03959
20 414 4.03959
358 414 4.1632
56 415 4.03959
51 416 4.03959
56 416 4.03959
5 417 4.03959
6 417 4.03959
10 417 4.03959
16 417 4.03959
575 417 4.12116
5 418 4.03959
575 418 4.12116
576 418 4.12116
577 418 4.12116
59 419 4.03959
59 420 4.03959
60 420 4.03959
75 420 4.03959
394 420 4.03959
554 420 4.07997
555 420 4.07997
60 421 4.03959
294 421 4.03959
578 421 4.07997
579 421 4.07997
622 450 4.03959
