122 3 27.137
265 3 15.0943
514 3 25.4453
624 3 29.0698
628 3 27.137
74 4 27.137
75 4 27.137
78 4 27.137
105 4 25.4453
118 4 27.137
122 4 27.137
265 4 15.0943
492 4 25.4453
628 4 27.137
74 5 27.137
103 5 25.4453
105 5 25.4453
115 5 27.137
122 5 27.137
265 5 15.0943
491 5 25.4453
518 5 23.9521
103 6 27.137
122 6 27.137
265 6 15.0943
94 7 27.137
95 7 27.137
103 7 27.137
121 7 27.137
122 7 27.137
265 7 15.0943
627 7 29.0698
635 7 27.137
83 8 27.137
103 8 27.137
121 8 27.137
122 8 27.137
265 8 15.0943
552 8 21.4362
94 9 27.137
112 9 27.137
116 9 27.137
121 9 27.137
265 9 15.0943
368 9 27.137
492 9 23.9521
493 9 23.9521
528 9 22.6244
99 10 27.137
109 10 27.137
121 10 27.137
122 10 27.137
265 10 15.0943
527 10 22.6244
528 10 23.9521
539 10 25.4453
77 11 27.137
109 11 27.137
110 11 27.137
121 11 27.137
122 11 27.137
265 11 15.0943
625 11 29.0698
629 11 23.9521
108 12 27.137
109 12 27.137
121 12 27.137
265 12 15.0943
530 12 23.9521
531 12 25.4453
543 12 21.4362
76 13 27.137
77 13 27.137
103 13 27.137
108 13 27.137
109 13 27.137
120 13 27.137
121 13 27.137
265 13 15.0943
76 14 27.137
83 14 27.137
103 14 27.137
108 14 27.137
120 14 27.137
121 14 27.137
265 14 15.0943
492 14 23.9521
98 15 27.137
101 15 27.137
120 15 27.137
121 15 27.137
265 15 15.0943
543 15 23.9521
626 15 29.0698
98 16 27.137
105 16 27.137
120 16 27.137
121 16 27.137
265 16 15.0943
624 16 29.0698
74 17 25.4453
81 17 27.137
100 17 27.137
105 17 27.137
120 17 27.137
121 17 27.137
265 17 15.0943
365 17 29.0698
74 18 27.137
80 18 27.137
112 18 27.137
120 18 27.137
265 18 15.0943
518 18 25.4453
519 18 25.4453
532 18 23.9521
533 18 23.9521
625 18 29.0698
74 19 27.137
78 19 27.137
79 19 27.137
93 19 27.137
94 19 27.137
111 19 27.137
112 19 27.137
119 19 27.137
120 19 27.137
265 19 15.0943
503 19 21.4362
517 19 25.4453
518 19 25.4453
529 19 23.9521
548 19 23.9521
564 19 22.6244
565 19 22.6244
625 19 29.0698
626 19 29.0698
74 20 27.137
79 20 27.137
82 20 27.137
83 20 27.137
93 20 27.137
105 20 27.137
119 20 27.137
120 20 27.137
265 20 15.0943
528 20 23.9521
564 20 22.6244
629 20 29.0698
74 21 27.137
92 21 27.137
101 21 27.137
119 21 27.137
265 21 15.0943
628 21 27.137
74 22 27.137
91 22 27.137
92 22 27.137
101 22 27.137
118 22 27.137
119 22 27.137
265 22 15.0943
74 23 27.137
83 23 27.137
92 23 27.137
101 23 27.137
118 23 29.0698
119 23 29.0698
265 23 15.0943
517 23 23.9521
74 24 27.137
77 24 27.137
101 24 27.137
116 24 27.137
118 24 29.0698
119 24 29.0698
265 24 15.0943
517 24 23.9521
518 24 23.9521
92 25 27.137
93 25 27.137
96 25 27.137
101 25 27.137
116 25 29.0698
265 25 15.0943
505 25 23.9521
531 25 23.9521
550 25 23.9521
92 26 27.137
93 26 27.137
96 26 27.137
265 26 15.0943
530 26 23.9521
74 27 27.137
75 27 27.137
92 27 27.137
106 27 27.137
265 27 15.0943
624 27 29.0698
74 28 27.137
83 28 25.4453
92 28 27.137
93 28 27.137
106 28 27.137
110 28 27.137
113 28 27.137
120 28 27.137
265 28 15.0943
345 28 33.8983
625 28 29.0698
626 28 29.0698
83 29 25.4453
93 29 27.137
120 29 27.137
265 29 15.0943
345 29 33.8983
518 29 23.9521
625 29 29.0698
626 29 29.0698
72 30 27.137
83 30 27.137
93 30 27.137
105 30 27.137
119 30 27.137
120 30 27.137
265 30 15.0943
354 30 36.9686
625 30 29.0698
86 31 27.137
93 31 27.137
105 31 27.137
118 31 27.137
119 31 27.137
265 31 15.0943
528 31 25.4453
529 31 25.4453
543 31 23.9521
85 32 27.137
93 32 27.137
118 32 27.137
265 32 15.0943
547 32 23.9521
93 33 27.137
97 33 29.0698
112 33 27.137
118 33 29.0698
265 33 15.0943
513 33 23.9521
71 34 27.137
72 34 27.137
93 34 27.137
112 34 27.137
120 34 27.137
265 34 15.0943
626 34 29.0698
627 34 29.0698
71 35 27.137
72 35 27.137
76 35 27.137
85 35 27.137
95 35 29.0698
96 35 29.0698
111 35 27.137
112 35 27.137
120 35 27.137
265 35 15.0943
626 35 29.0698
71 36 27.137
76 36 27.137
85 36 27.137
111 36 27.137
117 36 29.0698
119 36 27.137
265 36 15.0943
527 36 25.4453
71 37 27.137
76 37 27.137
85 37 27.137
111 37 27.137
117 37 29.0698
118 37 29.0698
265 37 15.0943
529 37 25.4453
627 37 29.0698
628 37 29.0698
82 38 27.137
116 38 29.0698
117 38 29.0698
265 38 15.0943
546 38 21.4362
551 38 21.4362
627 38 29.0698
75 39 27.137
106 39 27.137
117 39 29.0698
265 39 15.0943
518 39 23.9521
627 39 29.0698
71 40 25.4453
75 40 27.137
88 40 27.137
89 40 27.137
111 40 27.137
116 40 29.0698
117 40 29.0698
265 40 15.0943
518 40 23.9521
627 40 29.0698
88 41 27.137
111 41 27.137
265 41 15.0943
629 41 29.0698
634 41 29.0698
635 41 29.0698
636 41 29.0698
72 42 25.4453
265 42 15.0943
525 42 25.4453
71 43 27.137
72 43 27.137
78 43 27.137
79 43 27.137
110 43 27.137
119 43 27.137
265 43 15.0943
628 43 29.0698
629 43 29.0698
78 44 27.137
109 44 27.137
110 44 27.137
119 44 27.137
170 44 36.9686
265 44 15.0943
628 44 29.0698
629 44 29.0698
636 44 29.0698
72 45 27.137
78 45 27.137
88 45 25.4453
102 45 27.137
108 45 27.137
109 45 27.137
110 45 27.137
119 45 27.137
265 45 15.0943
514 45 25.4453
515 45 25.4453
628 45 29.0698
72 46 27.137
81 46 27.137
88 46 25.4453
100 46 27.137
101 46 27.137
102 46 27.137
107 46 27.137
108 46 27.137
265 46 15.0943
534 46 23.9521
72 47 27.137
81 47 27.137
88 47 25.4453
91 47 27.137
99 47 27.137
100 47 27.137
265 47 15.0943
509 47 23.9521
519 47 23.9521
520 47 23.9521
533 47 23.9521
70 48 27.137
88 48 25.4453
91 48 27.137
99 48 27.137
100 48 27.137
119 48 27.137
262 48 18.5185
265 48 15.0943
374 48 29.0698
520 48 23.9521
628 48 29.0698
629 48 29.0698
635 48 29.0698
636 48 29.0698
88 49 25.4453
91 49 27.137
99 49 27.137
100 49 27.137
110 49 27.137
113 49 27.137
118 49 27.137
119 49 29.0698
262 49 18.5185
265 49 15.0943
339 49 33.8983
371 49 29.0698
372 49 29.0698
373 49 29.0698
374 49 29.0698
381 49 31.2989
382 49 29.0698
383 49 29.0698
494 49 27.137
520 49 23.9521
543 49 22.6244
628 49 29.0698
634 49 29.0698
635 49 29.0698
72 50 27.137
79 50 27.137
91 50 27.137
99 50 27.137
100 50 27.137
117 50 27.137
118 50 27.137
265 50 15.0943
371 50 29.0698
372 50 29.0698
379 50 36.9686
636 50 29.0698
70 51 27.137
78 51 27.137
99 51 27.137
100 51 27.137
108 51 27.137
115 51 27.137
116 51 27.137
117 51 27.137
174 51 36.9686
265 51 15.0943
369 51 31.2989
370 51 29.0698
378 51 40.6504
636 51 29.0698
70 52 25.4453
77 52 25.4453
78 52 25.4453
99 52 27.137
108 52 27.137
115 52 27.137
174 52 36.9686
262 52 17.7148
265 52 15.0943
368 52 31.2989
369 52 31.2989
630 52 27.137
99 53 27.137
108 53 27.137
114 53 27.137
115 53 27.137
173 53 36.9686
174 53 36.9686
262 53 18.5185
265 53 15.0943
348 53 45.1467
349 53 45.1467
367 53 31.2989
368 53 31.2989
500 53 23.9521
522 53 23.9521
523 53 23.9521
545 53 23.9521
546 53 23.9521
558 53 22.6244
630 53 27.137
636 53 29.0698
70 54 25.4453
71 54 25.4453
78 54 27.137
104 54 27.137
114 54 27.137
115 54 27.137
173 54 36.9686
262 54 18.5185
265 54 15.0943
367 54 31.2989
523 54 23.9521
544 54 23.9521
629 54 27.137
636 54 29.0698
637 54 29.0698
65 55 25.4453
70 55 25.4453
71 55 25.4453
78 55 27.137
99 55 27.137
114 55 27.137
166 55 36.9686
262 55 18.5185
265 55 15.0943
518 55 23.9521
519 55 23.9521
522 55 23.9521
523 55 23.9521
636 55 29.0698
64 56 25.4453
65 56 25.4453
99 56 25.4453
114 56 27.137
262 56 18.5185
265 56 15.0943
99 57 25.4453
114 57 27.137
177 57 40.6504
262 57 18.5185
265 57 15.0943
519 57 23.9521
552 57 22.6244
553 57 22.6244
608 57 27.137
71 58 27.137
79 58 27.137
99 58 25.4453
100 58 25.4453
113 58 27.137
114 58 27.137
177 58 40.6504
265 58 15.0943
536 58 25.4453
537 58 25.4453
629 58 29.0698
631 58 27.137
637 58 29.0698
72 59 27.137
79 59 27.137
98 59 25.4453
113 59 27.137
114 59 27.137
176 59 40.6504
177 59 40.6504
262 59 17.7148
265 59 15.0943
522 59 22.6244
611 59 29.0698
630 59 27.137
631 59 27.137
637 59 29.0698
71 60 27.137
98 60 27.137
108 60 25.4453
109 60 25.4453
113 60 27.137
114 60 27.137
176 60 40.6504
262 60 17.7148
265 60 15.0943
523 60 22.6244
524 60 22.6244
564 60 23.9521
632 60 27.137
637 60 29.0698
84 61 25.4453
85 61 25.4453
108 61 25.4453
113 61 27.137
114 61 27.137
176 61 40.6504
262 61 17.7148
265 61 15.0943
501 61 25.4453
502 61 25.4453
523 61 22.6244
524 61 22.6244
633 61 27.137
634 61 27.137
637 61 29.0698
64 62 25.4453
84 62 25.4453
113 62 27.137
114 62 27.137
176 62 40.6504
262 62 17.7148
265 62 15.0943
327 62 31.2989
524 62 22.6244
637 62 29.0698
64 63 25.4453
85 63 25.4453
98 63 27.137
99 63 27.137
113 63 27.137
175 63 36.9686
176 63 36.9686
262 63 18.5185
265 63 15.0943
73 64 27.137
98 64 27.137
109 64 27.137
113 64 27.137
175 64 36.9686
262 64 17.7148
265 64 15.0943
636 64 29.0698
65 65 25.4453
73 65 27.137
86 65 27.137
109 65 27.137
113 65 29.0698
174 65 36.9686
175 65 36.9686
265 65 15.0943
524 65 25.4453
636 65 27.137
637 65 27.137
65 66 27.137
86 66 27.137
89 66 27.137
109 66 27.137
113 66 29.0698
120 66 27.137
174 66 36.9686
262 66 18.5185
265 66 15.0943
523 66 25.4453
524 66 25.4453
64 67 27.137
65 67 27.137
88 67 27.137
99 67 25.4453
112 67 29.0698
119 67 27.137
120 67 27.137
174 67 36.9686
262 67 18.5185
265 67 15.0943
523 67 23.9521
63 68 27.137
64 68 27.137
99 68 25.4453
119 68 27.137
168 68 36.9686
174 68 36.9686
262 68 18.5185
265 68 15.0943
70 69 27.137
79 69 27.137
119 69 27.137
262 69 18.5185
265 69 15.0943
524 69 25.4453
575 69 21.4362
4 70 29.0698
15 70 29.0698
63 70 27.137
114 70 27.137
119 70 27.137
262 70 18.5185
265 70 15.0943
615 70 27.137
3 71 29.0698
32 71 29.0698
63 71 27.137
77 71 25.4453
113 71 27.137
114 71 27.137
119 71 27.137
262 71 18.5185
265 71 15.0943
372 71 31.2989
3 72 29.0698
74 72 27.137
75 72 25.4453
77 72 25.4453
105 72 25.4453
106 72 25.4453
118 72 27.137
119 72 27.137
262 72 18.5185
265 72 15.0943
310 72 33.8983
637 72 31.2989
15 73 31.2989
64 73 27.137
73 73 27.137
74 73 27.137
80 73 27.137
84 73 27.137
105 73 25.4453
106 73 25.4453
118 73 27.137
262 73 18.5185
265 73 15.0943
568 73 21.4362
581 73 21.4362
15 74 31.2989
79 74 27.137
105 74 25.4453
118 74 27.137
265 74 15.0943
377 74 31.2989
15 75 31.2989
64 75 27.137
67 75 27.137
73 75 27.137
108 75 27.137
117 75 27.137
118 75 27.137
262 75 18.5185
265 75 15.0943
511 75 27.137
513 75 25.4453
515 75 23.9521
516 75 23.9521
573 75 22.6244
574 75 22.6244
64 76 25.4453
73 76 27.137
108 76 27.137
117 76 27.137
262 76 18.5185
265 76 15.0943
515 76 23.9521
516 76 23.9521
525 76 23.9521
595 76 29.0698
3 77 29.0698
72 77 25.4453
262 77 18.5185
265 77 15.0943
361 77 45.1467
503 77 25.4453
516 77 23.9521
525 77 23.9521
11 78 31.2989
64 78 27.137
72 78 25.4453
77 78 25.4453
95 78 25.4453
97 78 25.4453
113 78 27.137
181 78 36.9686
262 78 18.5185
265 78 15.0943
374 78 31.2989
500 78 29.0698
502 78 25.4453
521 78 25.4453
522 78 25.4453
525 78 23.9521
535 78 22.6244
11 79 31.2989
73 79 25.4453
95 79 25.4453
113 79 27.137
175 79 36.9686
176 79 36.9686
181 79 36.9686
265 79 15.0943
15 80 31.2989
23 80 31.2989
73 80 25.4453
80 80 27.137
84 80 27.137
85 80 27.137
88 80 27.137
113 80 27.137
168 80 40.6504
262 80 18.5185
265 80 15.0943
525 80 23.9521
4 81 29.0698
23 81 31.2989
74 81 25.4453
84 81 27.137
88 81 27.137
168 81 40.6504
262 81 18.5185
265 81 15.0943
525 81 23.9521
3 82 29.0698
4 82 29.0698
69 82 27.137
78 82 27.137
87 82 27.137
88 82 27.137
183 82 36.9686
184 82 36.9686
262 82 18.5185
265 82 15.0943
525 82 23.9521
3 83 29.0698
4 83 29.0698
15 83 29.0698
27 83 29.0698
66 83 27.137
69 83 27.137
87 83 27.137
265 83 15.0943
521 83 23.9521
4 84 29.0698
21 84 29.0698
123 84 57.971
126 84 67.5676
262 84 18.5185
265 84 15.0943
442 84 36.9686
522 84 23.9521
523 84 23.9521
4 85 29.0698
20 85 29.0698
126 85 67.5676
184 85 36.9686
265 85 15.0943
521 85 23.9521
522 85 23.9521
523 85 23.9521
34 86 29.0698
68 86 27.137
78 86 25.4453
88 86 27.137
107 86 27.137
126 86 67.5676
184 86 36.9686
262 86 18.5185
265 86 15.0943
34 87 29.0698
68 87 27.137
77 87 25.4453
85 87 25.4453
88 87 27.137
107 87 27.137
162 87 40.6504
184 87 36.9686
262 87 18.5185
265 87 15.0943
6 88 29.0698
14 88 29.0698
15 88 29.0698
50 88 29.0698
68 88 25.4453
85 88 25.4453
88 88 27.137
106 88 27.137
107 88 27.137
125 88 67.5676
172 88 40.6504
183 88 36.9686
187 88 40.6504
262 88 18.5185
265 88 15.0943
574 88 22.6244
575 88 22.6244
14 89 29.0698
20 89 29.0698
68 89 25.4453
71 89 27.137
85 89 25.4453
88 89 27.137
124 89 67.5676
125 89 67.5676
172 89 40.6504
183 89 36.9686
262 89 18.5185
265 89 15.0943
435 89 40.6504
436 89 40.6504
573 89 22.6244
574 89 22.6244
5 90 29.0698
7 90 29.0698
13 90 29.0698
29 90 29.0698
68 90 25.4453
88 90 27.137
105 90 27.137
113 90 50.7614
124 90 67.5676
262 90 18.5185
265 90 15.0943
520 90 23.9521
521 90 23.9521
68 91 25.4453
88 91 27.137
104 91 27.137
105 91 25.4453
113 91 50.7614
124 91 67.5676
185 91 36.9686
262 91 18.5185
265 91 15.0943
521 91 23.9521
522 91 23.9521
21 92 29.0698
88 92 27.137
123 92 57.971
169 92 36.9686
170 92 36.9686
184 92 40.6504
185 92 40.6504
262 92 18.5185
265 92 15.0943
522 92 23.9521
575 92 21.4362
9 93 29.0698
68 93 27.137
71 93 27.137
102 93 27.137
123 93 57.971
163 93 40.6504
170 93 36.9686
265 93 15.0943
521 93 23.9521
522 93 23.9521
556 93 25.4453
557 93 25.4453
6 94 29.0698
64 94 27.137
102 94 29.0698
103 94 29.0698
122 94 57.971
123 94 57.971
162 94 40.6504
185 94 45.1467
186 94 45.1467
265 94 15.0943
521 94 25.4453
6 95 29.0698
64 95 27.137
104 95 29.0698
122 95 57.971
135 95 67.5676
162 95 40.6504
180 95 40.6504
185 95 50.7614
186 95 50.7614
265 95 15.0943
388 95 36.9686
5 96 29.0698
64 96 27.137
122 96 57.971
162 96 40.6504
185 96 50.7614
262 96 18.5185
265 96 15.0943
4 97 29.0698
5 97 29.0698
20 97 29.0698
35 97 29.0698
63 97 27.137
122 97 57.971
132 97 67.5676
185 97 50.7614
262 97 18.5185
265 97 15.0943
523 97 23.9521
35 98 29.0698
69 98 27.137
77 98 27.137
102 98 25.4453
170 98 40.6504
265 98 15.0943
522 98 23.9521
523 98 23.9521
537 98 23.9521
538 98 23.9521
16 99 27.137
19 99 29.0698
35 99 29.0698
62 99 27.137
69 99 27.137
97 99 25.4453
102 99 25.4453
123 99 67.5676
237 99 50.7614
265 99 15.0943
522 99 23.9521
523 99 23.9521
16 100 27.137
18 100 29.0698
49 100 31.2989
62 100 27.137
97 100 25.4453
102 100 27.137
127 100 67.5676
161 100 40.6504
172 100 40.6504
184 100 36.9686
236 100 50.7614
237 100 50.7614
265 100 15.0943
523 100 23.9521
15 101 27.137
18 101 29.0698
76 101 27.137
126 101 67.5676
127 101 67.5676
161 101 40.6504
184 101 36.9686
265 101 15.0943
6 102 29.0698
48 102 29.0698
62 102 27.137
101 102 27.137
126 102 67.5676
127 102 67.5676
184 102 36.9686
190 102 40.6504
265 102 15.0943
448 102 40.6504
48 103 29.0698
72 103 25.4453
75 103 27.137
126 103 67.5676
190 103 40.6504
265 103 15.0943
563 103 25.4453
564 103 25.4453
13 104 29.0698
14 104 29.0698
48 104 29.0698
75 104 27.137
102 104 27.137
126 104 67.5676
162 104 40.6504
190 104 40.6504
262 104 18.5185
265 104 15.0943
11 105 29.0698
12 105 29.0698
28 105 29.0698
38 105 29.0698
62 105 27.137
63 105 27.137
124 105 67.5676
125 105 67.5676
133 105 67.5676
162 105 40.6504
265 105 15.0943
486 105 23.9521
487 105 23.9521
488 105 23.9521
6 106 27.137
11 106 29.0698
62 106 27.137
63 106 27.137
68 106 25.4453
100 106 27.137
124 106 67.5676
162 106 40.6504
174 106 36.9686
189 106 36.9686
190 106 36.9686
265 106 15.0943
498 106 23.9521
521 106 23.9521
522 106 23.9521
6 107 29.0698
63 107 27.137
173 107 36.9686
189 107 36.9686
262 107 18.5185
265 107 15.0943
498 107 23.9521
521 107 23.9521
522 107 23.9521
6 108 29.0698
26 108 31.2989
33 108 27.137
129 108 67.5676
163 108 40.6504
173 108 36.9686
179 108 36.9686
184 108 36.9686
189 108 36.9686
262 108 18.5185
265 108 15.0943
6 109 29.0698
26 109 31.2989
48 109 29.0698
63 109 27.137
100 109 27.137
128 109 67.5676
173 109 36.9686
179 109 36.9686
189 109 36.9686
262 109 18.5185
265 109 15.0943
47 110 29.0698
48 110 29.0698
63 110 27.137
173 110 40.6504
265 110 15.0943
507 110 25.4453
5 111 29.0698
23 111 29.0698
47 111 29.0698
63 111 27.137
66 111 27.137
173 111 40.6504
265 111 15.0943
412 111 33.8983
509 111 23.9521
5 112 29.0698
10 112 29.0698
23 112 29.0698
54 112 29.0698
63 112 27.137
127 112 57.971
188 112 36.9686
189 112 36.9686
265 112 15.0943
4 113 29.0698
5 113 29.0698
19 113 29.0698
44 113 29.0698
63 113 27.137
126 113 57.971
179 113 36.9686
188 113 36.9686
265 113 15.0943
511 113 23.9521
520 113 25.4453
521 113 25.4453
4 114 29.0698
8 114 29.0698
21 114 29.0698
122 114 31.2989
126 114 57.971
179 114 36.9686
188 114 36.9686
237 114 50.7614
265 114 15.0943
316 114 36.9686
318 114 36.9686
520 114 25.4453
521 114 25.4453
4 115 29.0698
21 115 29.0698
50 115 29.0698
51 115 29.0698
122 115 31.2989
126 115 57.971
129 115 67.5676
134 115 67.5676
178 115 36.9686
236 115 50.7614
265 115 15.0943
3 116 29.0698
40 116 29.0698
44 116 29.0698
50 116 29.0698
134 116 67.5676
170 116 40.6504
178 116 36.9686
236 116 50.7614
265 116 15.0943
3 117 29.0698
8 117 31.2989
20 117 29.0698
38 117 29.0698
43 117 29.0698
45 117 29.0698
49 117 29.0698
134 117 67.5676
170 117 40.6504
265 117 15.0943
3 118 29.0698
8 118 31.2989
20 118 31.2989
37 118 29.0698
43 118 29.0698
134 118 67.5676
190 118 36.9686
191 118 36.9686
265 118 15.0943
14 119 31.2989
134 119 67.5676
191 119 36.9686
235 119 50.7614
265 119 15.0943
3 120 29.0698
13 120 31.2989
19 120 31.2989
44 120 29.0698
134 120 67.5676
178 120 36.9686
191 120 36.9686
221 120 50.7614
235 120 50.7614
265 120 15.0943
3 121 29.0698
43 121 29.0698
47 121 29.0698
190 121 36.9686
191 121 36.9686
262 121 18.5185
265 121 15.0943
3 122 29.0698
18 122 31.2989
40 122 31.2989
67 122 25.4453
190 122 36.9686
191 122 36.9686
265 122 15.0943
10 123 31.2989
175 123 40.6504
190 123 36.9686
230 123 50.7614
265 123 15.0943
175 124 40.6504
230 124 50.7614
234 124 50.7614
265 124 15.0943
15 125 31.2989
16 125 31.2989
117 125 29.0698
133 125 67.5676
175 125 40.6504
193 125 36.9686
234 125 50.7614
265 125 15.0943
14 126 31.2989
15 126 31.2989
40 126 31.2989
48 126 31.2989
117 126 29.0698
175 126 40.6504
187 126 40.6504
193 126 36.9686
265 126 15.0943
5 127 29.0698
6 127 29.0698
14 127 31.2989
39 127 31.2989
40 127 31.2989
192 127 36.9686
193 127 36.9686
265 127 15.0943
5 128 29.0698
6 128 31.2989
10 128 31.2989
107 128 27.137
132 128 67.5676
192 128 36.9686
265 128 15.0943
4 129 29.0698
9 129 31.2989
36 129 29.0698
37 129 29.0698
70 129 27.137
98 129 27.137
236 129 50.7614
265 129 15.0943
8 130 31.2989
27 130 31.2989
28 130 31.2989
29 130 29.0698
34 130 29.0698
70 130 27.137
191 130 36.9686
236 130 50.7614
265 130 15.0943
3 131 29.0698
7 131 31.2989
8 131 31.2989
26 131 31.2989
35 131 29.0698
191 131 36.9686
265 131 15.0943
3 132 29.0698
5 132 29.0698
6 132 29.0698
25 132 31.2989
34 132 29.0698
35 132 29.0698
189 132 36.9686
265 132 15.0943
4 133 29.0698
5 133 29.0698
23 133 31.2989
24 133 31.2989
34 133 29.0698
107 133 27.137
189 133 36.9686
190 133 36.9686
265 133 15.0943
4 134 29.0698
5 134 29.0698
33 134 29.0698
34 134 29.0698
107 134 27.137
189 134 36.9686
265 134 15.0943
3 135 29.0698
21 135 31.2989
33 135 29.0698
175 135 36.9686
265 135 15.0943
3 136 29.0698
14 136 29.0698
31 136 29.0698
94 136 27.137
175 136 36.9686
187 136 36.9686
188 136 36.9686
265 136 15.0943
3 137 29.0698
13 137 29.0698
16 137 29.0698
31 137 29.0698
51 137 33.8983
94 137 27.137
147 137 57.971
187 137 36.9686
235 137 50.7614
265 137 15.674
523 137 23.9521
527 137 23.9521
15 138 29.0698
188 138 36.9686
265 138 15.674
20 139 33.8983
26 139 29.0698
187 139 36.9686
188 139 36.9686
523 139 23.9521
11 140 29.0698
27 140 29.0698
28 140 29.0698
51 140 29.0698
117 140 29.0698
187 140 36.9686
188 140 36.9686
5 141 29.0698
25 141 29.0698
27 141 29.0698
116 141 29.0698
117 141 29.0698
229 141 45.1467
527 141 23.9521
24 142 29.0698
87 142 27.137
116 142 29.0698
229 142 45.1467
17 143 27.137
23 143 29.0698
110 143 29.0698
116 143 29.0698
22 144 29.0698
25 144 29.0698
41 144 31.2989
24 145 29.0698
25 145 29.0698
523 145 23.9521
524 145 23.9521
23 146 29.0698
24 146 29.0698
190 146 36.9686
3 147 27.137
23 147 29.0698
190 147 36.9686
3 148 27.137
23 148 31.2989
14 149 29.0698
15 149 29.0698
20 149 29.0698
22 149 29.0698
23 149 31.2989
37 149 31.2989
153 149 57.971
187 149 36.9686
14 150 29.0698
20 150 29.0698
22 150 29.0698
23 150 31.2989
90 150 27.137
109 150 29.0698
115 150 29.0698
118 150 29.0698
153 150 57.971
23 151 29.0698
90 151 27.137
118 151 29.0698
153 151 57.971
7 152 27.137
8 152 27.137
11 152 29.0698
19 152 29.0698
21 152 29.0698
94 152 29.0698
118 152 29.0698
5 153 27.137
6 153 27.137
10 153 29.0698
11 153 29.0698
19 153 29.0698
21 153 29.0698
78 153 27.137
90 153 27.137
94 153 29.0698
118 153 29.0698
20 154 29.0698
21 154 29.0698
89 154 27.137
90 154 27.137
118 154 29.0698
20 155 29.0698
21 155 29.0698
35 155 31.2989
44 155 33.8983
89 155 27.137
90 155 27.137
109 155 29.0698
118 155 29.0698
265 155 15.0943
20 156 29.0698
35 156 31.2989
62 156 50.7614
90 156 27.137
115 156 29.0698
118 156 29.0698
265 156 15.0943
11 157 29.0698
20 157 29.0698
34 157 31.2989
35 157 31.2989
90 157 27.137
115 157 29.0698
118 157 29.0698
188 157 57.971
265 157 15.0943
5 158 29.0698
20 158 29.0698
39 158 31.2989
89 158 29.0698
90 158 29.0698
109 158 29.0698
118 158 29.0698
265 158 15.0943
4 159 29.0698
32 159 31.2989
42 159 33.8983
43 159 33.8983
90 159 27.137
114 159 29.0698
118 159 29.0698
17 160 29.0698
20 160 29.0698
22 160 29.0698
31 160 31.2989
90 160 27.137
114 160 29.0698
118 160 29.0698
183 160 50.7614
244 160 50.7614
19 161 29.0698
32 161 31.2989
33 161 31.2989
90 161 27.137
118 161 29.0698
244 161 50.7614
18 162 29.0698
19 162 29.0698
90 162 27.137
114 162 29.0698
118 162 29.0698
182 162 50.7614
243 162 50.7614
17 163 29.0698
18 163 29.0698
31 163 31.2989
90 163 27.137
118 163 29.0698
6 164 31.2989
16 164 29.0698
17 164 29.0698
28 164 29.0698
31 164 31.2989
90 164 27.137
105 164 29.0698
109 164 29.0698
114 164 29.0698
118 164 29.0698
182 164 50.7614
523 164 23.9521
524 164 23.9521
12 165 29.0698
16 165 29.0698
32 165 31.2989
90 165 27.137
105 165 29.0698
114 165 29.0698
118 165 29.0698
182 165 50.7614
524 165 23.9521
11 166 29.0698
12 166 29.0698
21 166 29.0698
32 166 31.2989
33 166 31.2989
39 166 31.2989
89 166 27.137
90 166 27.137
114 166 29.0698
118 166 29.0698
19 167 29.0698
20 167 29.0698
39 167 31.2989
90 167 27.137
114 167 29.0698
118 167 29.0698
8 168 29.0698
15 168 31.2989
16 168 31.2989
78 168 27.137
114 168 29.0698
118 168 29.0698
8 169 29.0698
13 169 29.0698
14 169 29.0698
15 169 31.2989
21 169 31.2989
78 169 27.137
93 169 29.0698
114 169 29.0698
118 169 29.0698
524 169 23.9521
525 169 23.9521
7 170 29.0698
12 170 29.0698
13 170 29.0698
22 170 31.2989
78 170 27.137
114 170 29.0698
118 170 29.0698
217 170 101.01
529 170 23.9521
5 171 29.0698
11 171 29.0698
12 171 29.0698
23 171 31.2989
105 171 29.0698
109 171 29.0698
114 171 29.0698
118 171 29.0698
265 171 15.674
529 171 23.9521
9 172 31.2989
104 172 29.0698
105 172 29.0698
109 172 29.0698
114 172 29.0698
118 172 29.0698
176 172 57.971
265 172 15.674
7 173 29.0698
8 173 31.2989
93 173 27.137
114 173 29.0698
118 173 29.0698
265 173 15.0943
6 174 29.0698
7 174 31.2989
30 174 31.2989
92 174 27.137
93 174 27.137
114 174 29.0698
118 174 29.0698
229 174 50.7614
265 174 15.0943
579 174 33.8983
580 174 33.8983
581 174 31.2989
4 175 29.0698
7 175 29.0698
92 175 27.137
93 175 27.137
109 175 29.0698
114 175 29.0698
118 175 29.0698
182 175 50.7614
229 175 50.7614
265 175 15.0943
577 175 36.9686
578 175 36.9686
579 175 33.8983
580 175 33.8983
581 175 31.2989
582 175 31.2989
583 175 29.0698
584 175 27.137
3 176 29.0698
4 176 29.0698
25 176 33.8983
92 176 27.137
93 176 27.137
114 176 29.0698
118 176 29.0698
182 176 50.7614
228 176 50.7614
229 176 50.7614
265 176 15.0943
576 176 40.6504
577 176 36.9686
578 176 36.9686
579 176 33.8983
580 176 33.8983
581 176 31.2989
582 176 31.2989
583 176 29.0698
15 177 57.971
17 177 57.971
92 177 27.137
114 177 29.0698
118 177 29.0698
182 177 50.7614
228 177 50.7614
579 177 33.8983
580 177 33.8983
581 177 31.2989
118 178 29.0698
182 178 50.7614
228 178 50.7614
24 179 33.8983
25 179 33.8983
36 179 40.6504
109 179 29.0698
182 179 50.7614
228 179 50.7614
35 180 40.6504
41 180 36.9686
104 180 27.137
109 180 29.0698
182 180 50.7614
191 180 80.9717
228 180 50.7614
496 180 200
499 180 45.1467
500 180 45.1467
501 180 45.1467
502 180 40.6504
503 180 36.9686
504 180 36.9686
505 180 33.8983
506 180 31.2989
507 180 31.2989
4 181 31.2989
7 181 31.2989
8 181 31.2989
21 181 33.8983
104 181 27.137
109 181 29.0698
162 181 80.9717
182 181 50.7614
199 181 40.6504
228 181 50.7614
504 181 36.9686
7 182 31.2989
8 182 31.2989
43 182 36.9686
104 182 27.137
109 182 29.0698
182 182 50.7614
198 182 40.6504
199 182 40.6504
228 182 50.7614
266 182 15.0943
500 182 45.1467
501 182 40.6504
503 182 36.9686
504 182 36.9686
505 182 36.9686
7 183 31.2989
31 183 31.2989
32 183 31.2989
33 183 31.2989
104 183 27.137
109 183 29.0698
182 183 50.7614
504 183 36.9686
7 184 31.2989
17 184 57.971
33 184 31.2989
104 184 27.137
109 184 29.0698
182 184 50.7614
266 184 15.0943
502 184 40.6504
503 184 40.6504
504 184 36.9686
577 184 33.8983
578 184 33.8983
583 184 31.2989
19 185 57.971
104 185 27.137
109 185 29.0698
182 185 50.7614
199 185 40.6504
211 185 101.01
266 185 15.0943
500 185 45.1467
501 185 40.6504
502 185 40.6504
503 185 40.6504
504 185 36.9686
9 186 36.9686
19 186 57.971
92 186 27.137
104 186 27.137
109 186 29.0698
182 186 50.7614
266 186 15.0943
501 186 40.6504
502 186 40.6504
615 186 40.6504
7 187 36.9686
8 187 36.9686
19 187 57.971
20 187 57.971
104 187 27.137
109 187 29.0698
182 187 50.7614
229 187 50.7614
266 187 15.0943
289 187 101.01
20 188 57.971
104 188 27.137
109 188 29.0698
229 188 50.7614
266 188 15.0943
29 189 57.971
42 189 57.971
104 189 27.137
109 189 29.0698
229 189 50.7614
266 189 15.0943
37 190 29.0698
44 190 57.971
104 190 27.137
109 190 29.0698
182 190 50.7614
230 190 50.7614
265 190 15.0943
22 191 31.2989
104 191 29.0698
109 191 29.0698
230 191 50.7614
265 191 15.0943
6 192 31.2989
23 192 31.2989
104 192 29.0698
109 192 29.0698
182 192 50.7614
211 192 134.228
265 192 15.0943
492 192 67.5676
493 192 57.971
494 192 57.971
495 192 57.971
104 193 29.0698
109 193 29.0698
182 193 50.7614
210 193 134.228
224 193 50.7614
265 193 15.0943
486 193 50.7614
487 193 50.7614
488 193 50.7614
492 193 67.5676
493 193 57.971
494 193 57.971
495 193 57.971
104 194 29.0698
109 194 29.0698
182 194 50.7614
224 194 50.7614
265 194 15.0943
486 194 50.7614
487 194 50.7614
488 194 50.7614
489 194 45.1467
492 194 67.5676
493 194 57.971
494 194 57.971
495 194 57.971
109 195 29.0698
182 195 50.7614
265 195 15.0943
484 195 57.971
485 195 57.971
486 195 50.7614
487 195 50.7614
488 195 50.7614
489 195 45.1467
493 195 57.971
494 195 57.971
104 196 29.0698
109 196 29.0698
182 196 50.7614
486 196 57.971
487 196 50.7614
599 196 50.7614
104 197 29.0698
109 197 29.0698
227 197 50.7614
599 197 50.7614
104 198 27.137
109 198 29.0698
104 199 29.0698
109 199 29.0698
104 200 29.0698
109 200 29.0698
180 200 67.5676
104 201 29.0698
109 201 29.0698
77 202 27.137
104 202 29.0698
109 202 29.0698
77 203 27.137
104 203 29.0698
109 203 29.0698
145 203 40.6504
30 204 40.6504
109 204 29.0698
145 204 40.6504
158 204 45.1467
30 205 40.6504
97 205 40.6504
109 205 29.0698
146 205 40.6504
158 205 45.1467
265 205 15.0943
604 205 14.556
605 205 14.556
606 205 14.556
607 205 14.556
97 206 40.6504
109 206 29.0698
146 206 40.6504
605 206 14.556
606 206 14.556
607 206 14.556
109 207 29.0698
176 207 36.9686
103 208 29.0698
104 208 29.0698
109 208 29.0698
265 208 15.0943
565 208 15.0943
566 208 14.556
567 208 14.556
568 208 14.556
569 208 14.0548
572 208 11.9904
607 208 14.556
608 208 14.556
103 209 29.0698
104 209 29.0698
109 209 29.0698
176 209 36.9686
230 209 67.5676
265 209 15.0943
566 209 14.556
567 209 14.556
568 209 14.556
569 209 14.0548
109 210 29.0698
230 210 67.5676
612 210 14.556
613 210 14.556
265 211 15.0943
164 212 45.1467
265 212 15.0943
26 213 40.6504
74 213 27.137
89 213 25.4453
109 213 29.0698
228 213 45.1467
265 213 15.0943
74 214 27.137
89 214 25.4453
98 214 40.6504
228 214 45.1467
265 214 15.0943
423 214 134.228
550 214 15.0943
611 214 14.0548
14 215 36.9686
75 215 27.137
98 215 40.6504
228 215 45.1467
265 215 15.0943
569 215 14.0548
602 215 15.0943
611 215 14.0548
6 216 40.6504
7 216 40.6504
8 216 40.6504
40 216 36.9686
75 216 27.137
89 216 27.137
98 216 40.6504
392 216 80.9717
569 216 14.0548
575 216 15.0943
576 216 15.0943
612 216 14.0548
7 217 40.6504
8 217 40.6504
89 217 27.137
98 217 40.6504
142 217 40.6504
344 217 57.971
345 217 57.971
346 217 57.971
347 217 50.7614
569 217 14.0548
576 217 15.0943
577 217 15.0943
612 217 14.0548
75 218 27.137
89 218 27.137
98 218 45.1467
142 218 40.6504
568 218 14.0548
569 218 14.0548
570 218 14.0548
613 218 14.0548
618 218 13.587
11 219 36.9686
38 219 40.6504
75 219 27.137
89 219 27.137
98 219 45.1467
568 219 14.0548
569 219 14.0548
570 219 14.0548
577 219 15.0943
613 219 14.0548
614 219 14.0548
618 219 13.587
11 220 36.9686
38 220 40.6504
75 220 27.137
89 220 27.137
97 220 45.1467
98 220 45.1467
265 220 15.0943
568 220 14.0548
569 220 14.0548
570 220 14.0548
8 221 36.9686
11 221 36.9686
38 221 40.6504
89 221 27.137
98 221 45.1467
372 221 50.7614
373 221 50.7614
524 221 16.2999
569 221 14.0548
8 222 36.9686
11 222 36.9686
38 222 40.6504
74 222 27.137
89 222 27.137
98 222 40.6504
372 222 50.7614
524 222 16.2999
8 223 36.9686
11 223 36.9686
38 223 40.6504
74 223 27.137
75 223 27.137
89 223 27.137
98 223 40.6504
521 223 15.674
621 223 11.9904
8 224 36.9686
11 224 36.9686
38 224 40.6504
75 224 27.137
89 224 27.137
98 224 40.6504
517 224 17.7148
518 224 17.7148
521 224 15.674
563 224 14.0548
569 224 14.0548
619 224 11.9904
620 224 11.9904
625 224 11.0193
626 224 11.0193
8 225 36.9686
11 225 36.9686
38 225 40.6504
75 225 27.137
76 225 27.137
89 225 27.137
98 225 40.6504
563 225 14.0548
569 225 14.0548
591 225 14.0548
592 225 14.0548
621 225 11.325
8 226 36.9686
11 226 36.9686
38 226 40.6504
75 226 27.137
76 226 27.137
88 226 27.137
89 226 27.137
98 226 40.6504
569 226 14.0548
570 226 14.0548
620 226 11.325
621 226 11.325
8 227 36.9686
11 227 36.9686
38 227 40.6504
75 227 27.137
76 227 27.137
89 227 25.4453
98 227 40.6504
515 227 17.7148
563 227 14.0548
564 227 14.0548
565 227 14.0548
569 227 14.0548
570 227 14.0548
614 227 11.6482
615 227 11.6482
620 227 11.325
8 228 36.9686
11 228 36.9686
38 228 40.6504
75 228 27.137
89 228 25.4453
564 228 14.0548
565 228 14.0548
569 228 14.0548
570 228 14.0548
613 228 11.6482
614 228 11.6482
615 228 11.6482
8 229 36.9686
11 229 36.9686
24 229 36.9686
38 229 40.6504
75 229 27.137
90 229 25.4453
8 230 36.9686
11 230 36.9686
38 230 40.6504
514 230 17.7148
581 230 14.0548
582 230 14.0548
607 230 13.587
608 230 13.587
609 230 13.587
614 230 11.6482
615 230 11.6482
622 230 11.6482
623 230 11.6482
624 230 11.6482
625 230 11.6482
629 230 10.1937
607 231 13.587
608 231 13.587
623 231 11.6482
629 231 10.1937
632 231 8.67679
633 231 8.67679
634 231 8.67679
94 232 27.137
617 232 11.325
618 232 11.325
619 232 11.325
15 233 36.9686
76 233 25.4453
617 233 11.325
618 233 11.325
619 233 11.325
76 234 25.4453
92 234 27.137
516 234 16.9779
517 234 16.9779
93 235 25.4453
517 235 16.9779
518 235 16.9779
17 236 27.137
18 236 29.0698
19 236 29.0698
20 236 29.0698
94 236 25.4453
108 236 29.0698
546 238 15.0943
547 238 15.0943
548 238 14.556
545 239 15.0943
546 239 15.0943
547 239 15.0943
551 239 14.556
552 239 14.556
111 240 27.137
545 240 15.0943
546 240 15.0943
602 240 11.6482
632 240 10.7296
633 240 10.7296
544 241 15.0943
545 241 15.0943
546 241 15.0943
545 242 15.0943
591 243 12.3533
592 243 12.3533
544 244 15.0943
545 244 15.0943
585 244 13.587
586 244 13.1492
587 244 13.1492
588 244 13.1492
589 244 12.7389
590 244 12.3533
591 244 12.3533
265 245 15.0943
544 245 15.0943
545 245 15.0943
586 245 13.1492
587 245 13.1492
588 245 13.1492
589 245 12.7389
590 245 12.7389
265 246 15.0943
544 246 15.0943
548 246 13.587
587 246 13.1492
588 246 13.1492
589 246 12.7389
518 247 17.7148
519 247 17.7148
587 247 13.1492
588 247 12.7389
544 248 15.0943
545 248 15.0943
588 248 12.7389
551 249 14.556
552 249 14.556
553 249 14.556
586 250 12.7389
587 250 12.7389
588 250 12.7389
514 251 17.7148
525 251 16.9779
526 251 16.9779
584 251 13.587
585 251 13.1492
586 251 13.1492
587 251 12.7389
588 251 12.7389
592 251 11.6482
515 252 17.7148
554 252 14.0548
553 253 14.0548
554 253 14.0548
553 254 14.0548
554 254 14.0548
555 254 14.0548
598 254 11.9904
532 255 14.556
592 255 12.3533
593 255 12.3533
598 255 11.9904
546 256 15.0943
547 256 15.0943
593 256 12.3533
596 256 11.9904
598 256 11.9904
456 257 15.674
546 257 15.0943
547 257 15.0943
552 257 14.556
553 258 14.556
589 259 12.7389
590 259 12.7389
598 259 12.3533
597 260 12.3533
598 260 12.3533
599 260 12.3533
597 261 12.3533
598 261 12.3533
599 261 12.3533
598 262 12.3533
599 262 12.3533
144 263 16.2999
145 263 16.2999
599 263 12.3533
42 264 16.2999
598 264 12.3533
599 264 12.3533
598 265 12.3533
593 266 12.3533
594 266 12.3533
594 267 12.3533
235 268 12.7389
249 268 12.7389
590 268 12.7389
608 268 11.9904
236 269 12.7389
590 269 12.7389
606 269 11.9904
607 269 11.9904
591 271 12.7389
592 271 12.7389
564 275 11.9904
234 277 11.325
609 278 11.325
616 279 11.325
617 279 11.325
220 282 10.1937
217 283 10.1937
218 283 10.4548
218 284 10.4548
600 285 10.7296
601 285 10.7296
172 286 9.9453
609 290 9.9453
610 290 9.9453
163 293 9.06207
164 293 9.06207
168 293 9.06207
164 294 9.06207
195 294 8.86525
235 294 9.26784
236 294 9.26784
236 295 9.26784
237 295 9.26784
212 296 8.86525
192 297 8.67679
221 297 8.49618
193 298 8.67679
490 300 9.26784
496 300 9.06207
497 300 9.06207
498 300 9.06207
499 300 8.86525
219 301 8.49618
490 301 9.26784
491 301 9.06207
492 301 9.06207
493 301 8.86525
494 301 8.86525
495 301 9.06207
497 301 9.06207
498 301 9.06207
499 301 8.86525
132 302 8.15661
223 302 8.32293
500 302 8.67679
133 303 8.15661
247 303 8.86525
187 304 7.9968
188 305 7.84314
158 307 7.69527
189 307 7.84314
185 308 7.55287
186 308 7.55287
138 309 7.55287
139 309 7.55287
185 309 7.55287
186 309 7.55287
103 311 7.28332
172 311 7.41565
104 315 6.91324
171 315 7.15564
172 315 7.15564
195 315 7.15564
103 316 6.91324
104 316 6.91324
172 316 7.03235
88 317 7.03235
173 317 7.03235
110 318 6.7981
173 318 6.91324
174 318 6.91324
110 319 6.7981
111 319 6.7981
173 319 6.91324
174 319 6.91324
567 319 7.55287
568 319 7.55287
111 320 6.7981
107 321 6.68673
201 321 7.03235
115 323 6.47459
168 323 6.57895
178 323 6.68673
179 323 6.68673
86 324 6.68673
87 324 6.68673
115 324 6.47459
119 324 6.47459
174 324 6.7981
175 324 6.68673
179 324 6.68673
180 324 6.68673
119 325 6.47459
132 325 6.37349
133 325 6.37349
151 325 6.47459
174 325 6.7981
175 325 6.68673
176 325 6.68673
177 325 6.68673
221 325 7.15564
133 326 6.37349
151 326 6.47459
152 326 6.47459
176 326 6.68673
177 326 6.68673
178 326 6.68673
225 326 7.15564
109 327 6.27549
152 327 6.47459
153 327 6.47459
159 327 6.57895
226 327 7.15564
109 328 6.27549
114 328 6.37349
145 328 6.47459
146 328 6.37349
147 328 6.37349
224 328 7.15564
79 329 6.27549
83 329 6.37349
109 329 6.27549
114 329 6.37349
115 329 6.37349
147 329 6.27549
148 329 6.27549
149 329 6.27549
156 329 6.37349
157 329 6.37349
83 330 6.37349
109 330 6.27549
115 330 6.37349
125 330 6.27549
148 330 6.27549
149 330 6.27549
49 331 6.37349
95 331 6.27549
96 331 6.27549
149 331 6.18047
206 331 6.47459
207 331 6.47459
102 332 6.18047
106 332 6.27549
107 332 6.18047
134 332 6.27549
146 332 6.57895
149 332 6.18047
164 332 6.27549
46 333 6.27549
112 333 6.08828
123 333 6.08828
129 333 6.08828
130 333 6.08828
134 333 6.27549
149 333 6.18047
150 333 6.18047
151 333 6.18047
165 333 6.27549
203 333 6.37349
204 333 6.37349
112 334 6.08828
113 334 6.08828
129 334 6.08828
130 334 6.08828
131 334 6.08828
151 334 6.08828
113 335 6.08828
130 335 6.08828
131 335 6.08828
113 336 6.08828
138 336 5.9988
158 336 5.9988
188 336 6.27549
189 336 6.27549
206 336 6.47459
80 337 5.91191
107 337 5.91191
114 337 5.9988
98 338 5.91191
100 338 5.91191
108 338 5.9988
114 338 5.91191
100 339 5.91191
105 339 5.9988
114 339 5.91191
115 339 5.91191
97 340 5.91191
125 340 5.74548
128 340 5.74548
129 340 5.74548
173 340 5.9988
97 341 5.82751
98 341 5.82751
109 341 5.74548
125 341 5.66572
129 341 5.74548
207 341 6.37349
109 342 5.74548
125 342 5.66572
126 342 5.66572
54 343 5.58815
57 343 5.58815
126 343 5.66572
127 343 5.66572
141 343 5.66572
150 343 5.74548
53 344 5.58815
103 344 5.66572
104 344 5.66572
112 344 5.66572
53 345 5.58815
67 345 5.66572
68 345 5.66572
103 345 5.66572
104 345 5.66572
547 345 6.08828
548 345 6.08828
549 345 6.08828
556 345 6.18047
557 345 6.18047
558 345 6.18047
559 345 6.08828
560 345 5.9988
561 345 5.9988
103 346 5.66572
104 346 5.66572
128 346 5.36769
548 346 6.08828
549 346 6.08828
550 346 5.9988
551 346 5.9988
552 346 5.91191
560 346 5.9988
561 346 5.9988
562 346 5.91191
117 347 5.58815
159 347 5.58815
160 347 5.58815
109 348 5.36769
118 348 5.58815
126 348 5.36769
131 348 5.51268
107 349 5.43922
109 349 5.36769
110 349 5.36769
121 349 5.36769
105 350 5.36769
110 350 5.36769
151 350 5.51268
101 351 5.29801
104 351 5.36769
105 351 5.36769
106 351 5.36769
146 351 5.51268
147 351 5.51268
168 351 5.51268
93 352 5.23013
99 352 5.29801
104 352 5.36769
105 352 5.36769
106 352 5.36769
135 352 5.43922
146 352 5.51268
147 352 5.51268
148 352 5.51268
149 352 5.51268
89 353 5.23013
90 353 5.23013
99 353 5.29801
105 353 5.36769
106 353 5.36769
135 353 5.43922
89 354 5.23013
90 354 5.23013
91 354 5.23013
94 354 5.23013
102 354 5.29801
143 354 5.43922
202 354 5.82751
91 355 5.23013
123 355 5.36769
200 355 5.82751
575 355 5.74548
49 356 5.16396
107 356 5.23013
132 356 5.23013
200 356 5.82751
201 356 5.82751
83 357 5.16396
86 357 5.16396
87 357 5.16396
107 357 5.23013
159 357 5.36769
79 358 5.16396
80 358 5.16396
87 358 5.16396
88 358 5.09944
104 358 5.16396
146 358 5.29801
47 359 5.09944
48 359 5.09944
78 359 5.23013
79 359 5.16396
80 359 5.16396
81 359 5.16396
85 359 5.16396
155 359 5.23013
48 360 5.09944
49 360 5.09944
79 360 5.16396
81 360 5.16396
86 360 5.09944
155 360 5.23013
156 360 5.23013
46 361 5.09944
49 361 5.09944
151 361 5.16396
152 361 5.16396
153 361 5.16396
260 361 5.58815
54 362 5.09944
56 362 5.09944
57 362 5.03651
118 362 5.03651
127 362 5.09944
56 363 5.03651
57 363 5.03651
64 363 4.85673
145 363 5.16396
49 364 4.97512
52 364 4.91521
57 364 5.03651
64 364 4.85673
65 364 4.85673
76 364 4.91521
97 364 4.91521
50 365 4.91521
52 365 4.91521
53 365 4.91521
58 365 5.03651
66 365 4.85673
76 365 4.91521
80 365 4.91521
91 365 4.97512
92 365 4.97512
97 365 4.85673
141 365 5.03651
156 365 5.09944
157 365 5.09944
158 365 5.09944
159 365 5.09944
219 365 5.43922
52 366 4.91521
53 366 4.91521
54 366 4.91521
76 366 4.91521
77 366 4.91521
81 366 4.91521
92 366 4.91521
97 366 4.85673
98 366 4.85673
142 366 5.03651
63 367 4.79962
76 367 4.91521
77 367 4.91521
88 367 5.36769
92 367 4.91521
93 367 4.91521
99 367 4.85673
100 367 4.79962
143 367 5.03651
64 368 4.79962
76 368 4.85673
77 368 4.85673
85 368 4.91521
92 368 4.91521
93 368 4.91521
117 368 4.79962
118 368 4.79962
167 368 5.03651
168 368 5.03651
29 369 4.68933
65 369 4.79962
78 369 4.85673
85 369 4.91521
92 369 4.85673
93 369 4.85673
97 369 4.74383
104 369 4.85673
105 369 4.85673
119 369 4.79962
121 369 4.74383
151 369 4.91521
152 369 4.91521
29 370 4.68933
30 370 4.68933
35 370 4.74383
54 370 4.68933
55 370 4.68933
79 370 4.79962
92 370 4.79962
98 370 4.74383
99 370 4.74383
104 370 4.85673
105 370 4.79962
106 370 4.79962
112 370 5.09944
114 370 4.79962
115 370 4.79962
116 370 4.79962
146 370 4.85673
29 371 4.68933
30 371 4.68933
31 371 4.68933
48 371 4.63607
49 371 4.68933
50 371 4.68933
56 371 4.68933
100 371 4.68933
106 371 4.68933
115 371 4.79962
116 371 4.79962
146 371 4.85673
147 371 4.85673
148 371 4.85673
48 372 4.63607
49 372 4.68933
50 372 4.68933
51 372 4.68933
57 372 4.68933
107 372 4.68933
50 373 4.68933
51 373 4.68933
57 373 4.68933
58 373 4.68933
98 373 4.68933
99 373 4.68933
107 373 4.68933
108 373 4.68933
51 374 4.68933
108 374 4.63607
109 374 4.68933
41 375 4.584
60 375 4.63607
108 375 4.63607
109 375 4.63607
116 375 4.68933
234 375 5.23013
235 375 5.23013
61 376 4.68933
111 376 4.63607
113 376 4.63607
117 376 4.68933
79 377 4.584
80 377 4.53309
81 377 4.53309
113 377 4.63607
114 377 4.63607
118 377 4.68933
135 377 4.63607
606 377 4.97512
81 378 4.53309
82 378 4.53309
90 378 4.53309
95 378 4.4833
114 378 4.63607
115 378 4.63607
135 378 4.63607
136 378 4.63607
76 379 4.584
77 379 4.584
78 379 4.584
90 379 4.53309
91 379 4.53309
92 379 4.53309
99 379 4.584
115 379 4.63607
126 379 4.584
75 380 4.584
91 380 4.53309
92 380 4.53309
93 380 4.4833
94 380 4.4833
116 380 4.63607
126 380 4.584
127 380 4.584
45 381 4.43459
85 381 4.53309
123 381 4.584
44 382 4.43459
45 382 4.43459
46 382 4.43459
86 382 4.53309
122 382 4.584
123 382 4.584
124 382 4.584
125 382 4.584
137 382 4.63607
44 383 4.43459
45 383 4.43459
46 383 4.43459
37 384 4.34028
38 384 4.34028
45 384 4.43459
46 384 4.43459
47 384 4.43459
38 385 4.34028
617 385 4.74383
32 386 4.29461
77 386 4.34028
31 387 4.29461
32 387 4.29461
39 387 4.34028
40 387 4.34028
48 387 4.34028
73 387 4.53309
77 387 4.34028
89 387 4.24989
171 387 4.74383
31 388 4.29461
32 388 4.29461
40 388 4.34028
41 388 4.34028
48 388 4.34028
49 388 4.34028
75 388 4.34028
77 388 4.34028
171 388 4.74383
172 388 4.74383
32 389 4.29461
37 389 4.584
40 389 4.34028
41 389 4.34028
80 389 4.4833
82 389 4.24989
83 389 4.24989
36 390 4.584
41 390 4.24989
72 390 4.34028
73 390 4.38693
80 390 4.4833
83 390 4.2061
70 391 4.1632
73 391 4.34028
79 391 4.4833
83 391 4.2061
84 391 4.2061
33 392 4.2061
37 392 4.24989
41 392 4.2061
42 392 4.2061
70 392 4.1632
84 392 4.2061
85 392 4.2061
30 393 4.2061
34 393 4.1632
37 393 4.24989
38 393 4.24989
76 393 4.07997
77 393 4.07997
30 394 4.2061
33 394 4.1632
34 394 4.1632
35 394 4.2061
37 394 4.24989
38 394 4.24989
77 394 4.07997
94 394 4.24989
96 394 4.24989
30 395 4.2061
34 395 4.1632
35 395 4.1632
36 395 4.2061
75 395 4.07997
96 395 4.24989
20 396 4.07997
51 396 4.12116
120 396 4.2061
20 397 4.07997
51 397 4.12116
101 397 4.24989
120 397 4.2061
121 397 4.2061
19 398 4.07997
20 398 4.07997
21 398 4.07997
51 398 4.12116
91 398 4.12116
15 399 4.1632
62 399 4.03959
63 399 4.03959
81 399 4.12116
91 399 4.12116
92 399 4.12116
331 399 4.4833
15 400 4.1632
32 400 4.12116
63 400 4.03959
64 400 4.03959
79 400 4.07997
81 400 4.07997
82 400 4.07997
96 400 4.1632
97 400 4.1632
15 401 4.1632
35 401 4.03959
64 401 4.03959
65 401 4.03959
77 401 4.03959
82 401 4.07997
87 401 4.07997
88 401 4.07997
97 401 4.1632
98 401 4.1632
36 402 4.03959
65 402 4.03959
78 402 4.03959
82 402 4.03959
83 402 4.07997
84 402 4.03959
87 402 4.07997
88 402 4.07997
99 402 4.1632
148 402 4.43459
528 402 4.38693
65 403 4.03959
66 403 4.03959
76 403 4.03959
78 403 4.03959
79 403 4.03959
363 403 4.34028
364 403 4.34028
41 404 4.07997
42 404 4.07997
66 404 4.03959
72 404 4.2061
75 404 4.12116
76 404 4.03959
79 404 4.03959
80 404 4.03959
145 404 4.38693
146 404 4.43459
155 404 4.38693
365 404 4.34028
81 405 4.03959
146 405 4.38693
71 406 4.03959
70 407 4.03959
71 407 4.03959
39 408 4.03959
71 408 4.03959
70 411 4.07997
329 411 4.29461
104 412 4.03959
105 412 4.03959
147 412 4.1632
331 412 4.2061
332 412 4.2061
105 413 4.03959
147 413 4.1632
148 413 4.1632
142 415 4.12116
143 415 4.12116
114 416 4.07997
142 416 4.12116
143 416 4.12116
144 416 4.12116
114 417 4.07997
115 417 4.07997
137 417 4.07997
138 417 4.07997
106 418 4.24989
114 418 4.03959
137 418 4.07997
138 418 4.07997
139 418 4.07997
140 418 4.07997
141 418 4.07997
19 419 4.03959
20 419 4.03959
465 419 4.03959
16 420 4.03959
111 420 4.03959
112 420 4.03959
116 420 4.03959
112 421 4.03959
94 422 4.12116
92 424 4.12116
93 424 4.12116
127 425 4.29461
131 425 4.07997
120 426 4.68933
121 426 4.68933
126 426 4.29461
131 426 4.07997
132 426 4.07997
219 426 4.03959
126 427 4.29461
132 427 4.07997
319 428 4.03959
320 428 4.03959
321 429 4.03959
103 441 4.1632
103 442 4.1632
100 446 4.03959
99 447 4.03959
97 448 4.07997
