85 3 25.4453
90 3 25.4453
103 3 27.137
104 3 27.137
108 3 25.4453
113 3 27.137
260 3 14.556
368 3 27.137
497 3 22.6244
498 3 22.6244
533 3 22.6244
534 3 23.9521
535 3 23.9521
67 4 25.4453
90 4 25.4453
94 4 25.4453
100 4 25.4453
101 4 25.4453
108 4 25.4453
114 4 27.137
257 4 16.9779
260 4 14.556
524 4 22.6244
637 4 23.9521
67 5 25.4453
73 5 25.4453
100 5 25.4453
101 5 25.4453
113 5 27.137
114 5 27.137
257 5 16.9779
260 5 14.556
524 5 22.6244
536 5 23.9521
546 5 23.9521
548 5 22.6244
633 5 27.137
67 6 25.4453
95 6 25.4453
100 6 27.137
113 6 27.137
114 6 27.137
257 6 16.9779
260 6 14.556
536 6 23.9521
537 6 23.9521
547 6 23.9521
548 6 22.6244
550 6 22.6244
571 6 20.3666
581 6 21.4362
66 7 25.4453
67 7 25.4453
73 7 25.4453
94 7 25.4453
95 7 25.4453
100 7 27.137
113 7 27.137
257 7 16.9779
260 7 14.556
66 8 25.4453
73 8 25.4453
91 8 25.4453
94 8 25.4453
99 8 27.137
100 8 27.137
112 8 27.137
113 8 27.137
257 8 16.9779
260 8 14.556
497 8 23.9521
66 9 25.4453
89 9 25.4453
92 9 25.4453
113 9 27.137
257 9 16.9779
260 9 14.556
89 10 25.4453
92 10 25.4453
112 10 27.137
113 10 27.137
257 10 16.9779
260 10 14.556
561 10 22.6244
632 10 27.137
64 11 25.4453
65 11 25.4453
91 11 25.4453
104 11 25.4453
112 11 27.137
113 11 27.137
257 11 16.9779
260 11 14.556
366 11 25.4453
539 11 22.6244
64 12 25.4453
70 12 25.4453
91 12 27.137
103 12 25.4453
104 12 25.4453
112 12 27.137
257 12 16.9779
260 12 14.556
523 12 23.9521
524 12 23.9521
633 12 27.137
64 13 25.4453
69 13 25.4453
84 13 25.4453
85 13 25.4453
103 13 25.4453
111 13 27.137
112 13 27.137
257 13 16.9779
260 13 14.556
509 13 21.4362
523 13 23.9521
524 13 23.9521
535 13 22.6244
570 13 23.9521
571 13 23.9521
633 13 27.137
64 14 25.4453
69 14 25.4453
72 14 25.4453
83 14 25.4453
84 14 25.4453
96 14 27.137
111 14 27.137
112 14 27.137
257 14 16.9779
260 14 14.556
529 14 22.6244
530 14 22.6244
551 14 22.6244
552 14 22.6244
553 14 22.6244
632 14 27.137
633 14 27.137
64 15 25.4453
69 15 25.4453
83 15 25.4453
92 15 25.4453
111 15 27.137
257 15 16.9779
260 15 14.556
518 15 22.6244
530 15 22.6244
64 16 25.4453
73 16 25.4453
82 16 25.4453
83 16 25.4453
92 16 25.4453
98 16 27.137
104 16 25.4453
110 16 27.137
111 16 27.137
257 16 16.9779
260 16 14.556
348 16 27.137
64 17 25.4453
82 17 25.4453
83 17 25.4453
92 17 25.4453
110 17 27.137
111 17 27.137
257 17 16.9779
260 17 14.556
361 17 33.8983
524 17 23.9521
555 17 21.4362
556 17 21.4362
636 17 29.0698
637 17 29.0698
64 18 25.4453
74 18 25.4453
92 18 25.4453
108 18 27.137
110 18 27.137
111 18 27.137
257 18 16.9779
260 18 14.556
360 18 33.8983
523 18 23.9521
524 18 23.9521
555 18 21.4362
636 18 29.0698
637 18 29.0698
74 19 25.4453
83 19 25.4453
84 19 25.4453
87 19 27.137
93 19 25.4453
108 19 27.137
257 19 16.9779
260 19 14.556
331 19 29.0698
514 19 21.4362
523 19 23.9521
537 19 22.6244
540 19 20.3666
541 19 20.3666
66 20 25.4453
83 20 25.4453
84 20 25.4453
87 20 27.137
92 20 25.4453
95 20 27.137
257 20 16.9779
260 20 14.556
536 20 22.6244
537 20 22.6244
64 21 25.4453
65 21 25.4453
83 21 25.4453
97 21 27.137
257 21 16.9779
260 21 14.556
516 21 21.4362
64 22 25.4453
73 22 25.4453
74 22 25.4453
83 22 25.4453
97 22 27.137
102 22 27.137
104 22 27.137
112 22 25.4453
257 22 16.9779
260 22 14.556
634 22 27.137
73 23 25.4453
83 23 25.4453
84 23 25.4453
112 23 27.137
257 23 16.9779
260 23 14.556
633 23 27.137
62 24 25.4453
63 24 25.4453
67 24 25.4453
73 24 25.4453
84 24 25.4453
93 24 27.137
97 24 27.137
107 24 27.137
111 24 27.137
112 24 27.137
257 24 16.9779
260 24 14.556
344 24 31.2989
396 24 36.9686
632 24 27.137
633 24 27.137
67 25 25.4453
76 25 25.4453
84 25 25.4453
96 25 27.137
97 25 27.137
110 25 27.137
111 25 27.137
112 25 27.137
257 25 16.9779
260 25 14.556
395 25 36.9686
535 25 22.6244
634 25 27.137
76 26 25.4453
83 26 25.4453
84 26 25.4453
96 26 27.137
110 26 27.137
111 26 27.137
257 26 16.9779
260 26 14.556
353 26 36.9686
354 26 36.9686
554 26 22.6244
555 26 22.6244
634 26 27.137
84 27 25.4453
104 27 25.4453
110 27 27.137
257 27 16.9779
260 27 14.556
518 27 23.9521
519 27 23.9521
555 27 22.6244
634 27 27.137
61 28 25.4453
62 28 25.4453
70 28 25.4453
84 28 25.4453
104 28 25.4453
257 28 16.9779
260 28 14.556
362 28 27.137
363 28 27.137
554 28 22.6244
569 28 22.6244
61 29 25.4453
62 29 25.4453
84 29 27.137
104 29 25.4453
112 29 27.137
257 29 16.9779
260 29 14.556
634 29 27.137
635 29 27.137
60 30 25.4453
66 30 27.137
76 30 27.137
86 30 29.0698
87 30 31.2989
102 30 25.4453
111 30 27.137
112 30 27.137
257 30 16.9779
260 30 14.556
565 30 22.6244
60 31 25.4453
61 31 25.4453
66 31 27.137
76 31 27.137
102 31 25.4453
109 31 27.137
111 31 27.137
257 31 16.9779
260 31 14.556
635 31 27.137
60 32 25.4453
61 32 25.4453
73 32 27.137
79 32 27.137
102 32 25.4453
108 32 27.137
109 32 27.137
257 32 16.9779
260 32 14.556
533 32 23.9521
535 32 22.6244
536 32 22.6244
634 32 27.137
635 32 27.137
73 33 27.137
108 33 27.137
109 33 27.137
257 33 16.9779
260 33 14.556
566 33 23.9521
61 34 25.4453
64 34 25.4453
65 34 25.4453
108 34 27.137
260 34 14.556
523 34 23.9521
524 34 23.9521
636 34 27.137
61 35 25.4453
75 35 27.137
78 35 27.137
79 35 27.137
108 35 27.137
109 35 27.137
257 35 16.9779
260 35 14.556
527 35 22.6244
636 35 27.137
100 36 27.137
257 36 16.9779
260 36 14.556
636 36 27.137
61 37 25.4453
62 37 25.4453
257 37 16.9779
260 37 14.556
636 37 27.137
61 38 25.4453
62 38 25.4453
69 38 25.4453
81 38 27.137
94 38 25.4453
102 38 27.137
257 38 16.9779
260 38 14.556
636 38 27.137
59 39 25.4453
62 39 25.4453
68 39 25.4453
69 39 25.4453
94 39 25.4453
101 39 27.137
102 39 27.137
111 39 27.137
165 39 36.9686
257 39 16.9779
260 39 14.556
62 40 25.4453
69 40 25.4453
78 40 25.4453
79 40 25.4453
93 40 25.4453
99 40 25.4453
100 40 27.137
101 40 27.137
111 40 27.137
165 40 36.9686
257 40 16.9779
260 40 14.556
519 40 25.4453
520 40 23.9521
522 40 22.6244
523 40 22.6244
532 40 17.7148
62 41 25.4453
71 41 25.4453
78 41 25.4453
79 41 25.4453
91 41 25.4453
92 41 25.4453
93 41 25.4453
99 41 25.4453
111 41 27.137
157 41 36.9686
165 41 36.9686
257 41 16.9779
260 41 14.556
516 41 22.6244
60 42 25.4453
62 42 25.4453
71 42 25.4453
78 42 25.4453
82 42 27.137
90 42 25.4453
91 42 25.4453
92 42 25.4453
99 42 25.4453
111 42 27.137
257 42 16.9779
260 42 14.556
513 42 25.4453
514 42 23.9521
526 42 22.6244
538 42 23.9521
540 42 23.9521
60 43 25.4453
79 43 25.4453
82 43 27.137
90 43 25.4453
91 43 25.4453
99 43 25.4453
111 43 27.137
165 43 36.9686
257 43 16.9779
260 43 14.556
378 43 31.2989
500 43 23.9521
517 43 21.4362
518 43 21.4362
525 43 22.6244
526 43 22.6244
637 43 27.137
60 44 25.4453
79 44 25.4453
81 44 25.4453
82 44 27.137
90 44 25.4453
91 44 25.4453
110 44 27.137
111 44 27.137
257 44 16.9779
260 44 14.556
374 44 29.0698
377 44 31.2989
637 44 27.137
62 45 25.4453
69 45 27.137
79 45 25.4453
81 45 25.4453
90 45 25.4453
91 45 25.4453
108 45 25.4453
110 45 27.137
257 45 16.9779
260 45 14.556
371 45 29.0698
372 45 29.0698
373 45 29.0698
374 45 29.0698
381 45 31.2989
382 45 31.2989
546 45 25.4453
637 45 27.137
60 46 25.4453
90 46 25.4453
91 46 25.4453
107 46 25.4453
108 46 25.4453
257 46 16.9779
260 46 14.556
370 46 29.0698
371 46 29.0698
637 46 27.137
60 47 25.4453
68 47 25.4453
77 47 25.4453
90 47 25.4453
106 47 25.4453
107 47 25.4453
257 47 16.9779
260 47 14.556
369 47 29.0698
370 47 29.0698
637 47 27.137
90 48 25.4453
106 48 25.4453
169 48 36.9686
257 48 16.9779
260 48 14.556
501 48 22.6244
505 48 22.6244
528 48 22.6244
60 49 25.4453
61 49 25.4453
68 49 27.137
95 49 27.137
106 49 25.4453
169 49 36.9686
257 49 16.9779
260 49 14.556
368 49 29.0698
528 49 22.6244
529 49 22.6244
555 49 21.4362
60 50 25.4453
90 50 25.4453
96 50 27.137
105 50 25.4453
106 50 25.4453
168 50 36.9686
169 50 36.9686
257 50 16.9779
260 50 14.556
367 50 29.0698
524 50 22.6244
528 50 22.6244
529 50 22.6244
54 51 25.4453
60 51 25.4453
90 51 25.4453
105 51 25.4453
168 51 36.9686
169 51 36.9686
257 51 16.9779
260 51 14.556
525 51 22.6244
561 51 20.3666
54 52 25.4453
61 52 25.4453
69 52 25.4453
90 52 25.4453
105 52 25.4453
161 52 36.9686
257 52 16.9779
260 52 14.556
59 53 25.4453
61 53 25.4453
69 53 25.4453
78 53 27.137
90 53 25.4453
105 53 25.4453
257 53 16.9779
260 53 14.556
361 53 33.8983
542 53 23.9521
543 53 23.9521
585 53 21.4362
616 53 25.4453
61 54 25.4453
69 54 25.4453
78 54 27.137
89 54 25.4453
90 54 25.4453
104 54 27.137
105 54 27.137
172 54 36.9686
257 54 16.9779
260 54 14.556
529 54 22.6244
542 54 23.9521
543 54 23.9521
570 54 22.6244
637 54 29.0698
61 55 25.4453
69 55 25.4453
89 55 27.137
100 55 25.4453
105 55 25.4453
172 55 36.9686
257 55 16.9779
260 55 14.0548
340 55 33.8983
489 55 23.9521
529 55 22.6244
530 55 22.6244
619 55 27.137
61 56 25.4453
75 56 23.9521
100 56 25.4453
105 56 25.4453
172 56 36.9686
257 56 16.9779
260 56 14.556
488 56 23.9521
507 56 23.9521
508 56 23.9521
530 56 22.6244
584 56 21.4362
54 57 25.4453
75 57 23.9521
80 57 25.4453
100 57 25.4453
105 57 25.4453
172 57 36.9686
257 57 16.9779
260 57 14.556
311 57 31.2989
507 57 23.9521
529 57 22.6244
530 57 22.6244
575 57 21.4362
54 58 25.4453
75 58 25.4453
89 58 25.4453
90 58 25.4453
105 58 27.137
171 58 36.9686
172 58 36.9686
257 58 16.9779
260 58 14.0548
326 58 29.0698
63 59 25.4453
89 59 25.4453
90 59 25.4453
105 59 25.4453
171 59 36.9686
257 59 16.9779
260 59 14.556
55 60 23.9521
62 60 25.4453
76 60 25.4453
89 60 25.4453
101 60 27.137
171 60 36.9686
257 60 16.9779
260 60 14.556
530 60 22.6244
576 60 21.4362
54 61 25.4453
55 61 25.4453
62 61 25.4453
76 61 25.4453
170 61 36.9686
257 61 16.9779
260 61 14.556
529 61 22.6244
530 61 22.6244
575 61 21.4362
3 62 29.0698
54 62 25.4453
76 62 25.4453
79 62 27.137
88 62 27.137
104 62 27.137
112 62 27.137
170 62 36.9686
257 62 16.9779
260 62 14.0548
529 62 22.6244
530 62 22.6244
3 63 29.0698
53 63 25.4453
54 63 25.4453
60 63 25.4453
79 63 27.137
104 63 27.137
111 63 27.137
112 63 27.137
169 63 36.9686
170 63 36.9686
260 63 14.0548
530 63 22.6244
585 63 21.4362
69 64 23.9521
70 64 23.9521
111 64 27.137
169 64 36.9686
257 64 16.9779
260 64 14.0548
530 64 22.6244
567 64 22.6244
60 65 25.4453
69 65 23.9521
70 65 23.9521
106 65 25.4453
111 65 27.137
163 65 40.6504
257 65 16.9779
260 65 14.0548
582 65 22.6244
583 65 21.4362
4 66 29.0698
52 66 25.4453
53 66 25.4453
105 66 25.4453
106 66 25.4453
111 66 27.137
163 66 40.6504
257 66 16.9779
260 66 14.0548
368 66 27.137
67 67 25.4453
97 67 25.4453
105 67 25.4453
111 67 27.137
257 67 16.9779
260 67 14.0548
622 67 29.0698
53 68 25.4453
54 68 25.4453
57 68 25.4453
64 68 25.4453
96 68 25.4453
97 68 25.4453
105 68 25.4453
110 68 27.137
111 68 27.137
257 68 16.9779
260 68 14.556
372 68 31.2989
4 69 29.0698
53 69 25.4453
63 69 25.4453
64 69 25.4453
69 69 25.4453
93 69 25.4453
97 69 25.4453
102 69 27.137
110 69 27.137
257 69 16.9779
260 69 14.556
582 69 21.4362
4 70 29.0698
56 70 25.4453
57 70 25.4453
97 70 25.4453
109 70 27.137
110 70 27.137
257 70 16.9779
260 70 14.556
521 70 22.6244
4 71 29.0698
53 71 25.4453
56 71 25.4453
57 71 25.4453
63 71 25.4453
109 71 27.137
257 71 16.9779
260 71 14.556
377 71 31.2989
520 71 22.6244
521 71 22.6244
522 71 22.6244
582 71 21.4362
63 72 25.4453
100 72 27.137
109 72 27.137
257 72 16.9779
260 72 14.0548
365 72 29.0698
19 73 29.0698
62 73 25.4453
171 73 36.9686
257 73 16.9779
260 73 14.0548
508 73 25.4453
509 73 23.9521
529 73 22.6244
54 74 25.4453
62 74 25.4453
67 74 25.4453
86 74 25.4453
105 74 25.4453
257 74 16.9779
260 74 14.0548
506 74 25.4453
507 74 25.4453
523 74 22.6244
528 74 22.6244
541 74 22.6244
57 75 25.4453
63 75 25.4453
79 75 27.137
104 75 25.4453
105 75 25.4453
257 75 16.9779
260 75 14.0548
452 75 29.0698
528 75 22.6244
529 75 22.6244
4 76 29.0698
5 76 29.0698
57 76 25.4453
63 76 25.4453
71 76 25.4453
75 76 27.137
79 76 27.137
104 76 25.4453
105 76 25.4453
171 76 36.9686
176 76 36.9686
260 76 14.0548
400 76 36.9686
55 77 25.4453
64 77 25.4453
68 77 25.4453
75 77 27.137
78 77 27.137
105 77 25.4453
163 77 40.6504
171 77 36.9686
176 77 36.9686
257 77 16.9779
260 77 14.0548
12 78 29.0698
58 78 25.4453
64 78 25.4453
68 78 25.4453
78 78 27.137
79 78 27.137
163 78 40.6504
260 78 14.0548
4 79 29.0698
16 79 29.0698
56 79 25.4453
58 79 25.4453
68 79 23.9521
115 79 67.5676
163 79 40.6504
179 79 36.9686
257 79 16.9779
260 79 14.0548
527 79 22.6244
4 80 29.0698
7 80 27.137
115 80 67.5676
179 80 36.9686
260 80 14.0548
528 80 22.6244
598 80 21.4362
8 81 27.137
9 81 27.137
10 81 27.137
68 81 25.4453
69 81 25.4453
74 81 25.4453
257 81 16.9779
260 81 14.0548
528 81 22.6244
532 81 22.6244
617 81 36.9686
8 82 27.137
9 82 27.137
57 82 25.4453
58 82 25.4453
68 82 25.4453
74 82 25.4453
78 82 27.137
180 82 36.9686
260 82 14.0548
528 82 22.6244
529 82 22.6244
8 83 27.137
23 83 29.0698
24 83 29.0698
57 83 25.4453
58 83 25.4453
67 83 23.9521
70 83 23.9521
78 83 27.137
98 83 27.137
106 83 25.4453
122 83 67.5676
180 83 36.9686
260 83 14.0548
57 84 25.4453
58 84 25.4453
67 84 25.4453
78 84 25.4453
79 84 27.137
94 84 25.4453
98 84 27.137
122 84 67.5676
260 84 14.0548
582 84 22.6244
3 85 29.0698
57 85 25.4453
61 85 25.4453
76 85 25.4453
78 85 25.4453
98 85 27.137
120 85 57.971
122 85 57.971
167 85 36.9686
179 85 36.9686
260 85 14.0548
581 85 22.6244
582 85 22.6244
3 86 29.0698
8 86 27.137
19 86 31.2989
57 86 25.4453
76 86 25.4453
97 86 27.137
102 86 25.4453
167 86 36.9686
179 86 36.9686
260 86 14.0548
526 86 22.6244
527 86 22.6244
528 86 22.6244
571 86 22.6244
18 87 31.2989
57 87 25.4453
58 87 25.4453
73 87 25.4453
78 87 25.4453
96 87 27.137
97 87 27.137
121 87 67.5676
167 87 36.9686
260 87 14.0548
527 87 22.6244
573 87 22.6244
46 88 27.137
73 88 25.4453
78 88 25.4453
95 88 27.137
96 88 27.137
97 88 27.137
121 88 67.5676
260 88 14.0548
392 88 33.8983
528 88 22.6244
529 88 22.6244
45 89 27.137
57 89 25.4453
61 89 25.4453
65 89 25.4453
66 89 25.4453
93 89 27.137
120 89 67.5676
121 89 67.5676
180 89 36.9686
260 89 14.0548
528 89 22.6244
529 89 22.6244
564 89 22.6244
583 89 21.4362
6 90 27.137
53 90 25.4453
57 90 25.4453
93 90 27.137
94 90 27.137
101 90 27.137
105 90 25.4453
119 90 67.5676
120 90 67.5676
164 90 36.9686
165 90 36.9686
180 90 36.9686
260 90 14.0548
38 91 27.137
53 91 25.4453
95 91 25.4453
119 91 67.5676
165 91 36.9686
180 91 36.9686
260 91 14.0548
529 91 22.6244
54 92 25.4453
95 92 25.4453
119 92 67.5676
157 92 40.6504
176 92 36.9686
180 92 36.9686
260 92 14.0548
529 92 22.6244
9 93 27.137
53 93 25.4453
107 93 25.4453
118 93 67.5676
119 93 67.5676
157 93 40.6504
180 93 50.7614
182 93 50.7614
260 93 14.0548
389 93 33.8983
529 93 22.6244
533 93 19.3986
8 94 27.137
24 94 29.0698
66 94 25.4453
67 94 25.4453
97 94 25.4453
107 94 25.4453
118 94 67.5676
119 94 67.5676
131 94 67.5676
182 94 50.7614
260 94 14.0548
529 94 22.6244
544 94 21.4362
545 94 21.4362
18 95 31.2989
58 95 25.4453
67 95 25.4453
92 95 25.4453
93 95 25.4453
97 95 29.0698
118 95 67.5676
182 95 50.7614
260 95 14.0548
528 95 22.6244
529 95 22.6244
545 95 21.4362
5 96 27.137
7 96 27.137
21 96 27.137
25 96 27.137
51 96 25.4453
87 96 23.9521
88 96 25.4453
92 96 25.4453
93 96 25.4453
118 96 67.5676
128 96 67.5676
129 96 67.5676
165 96 36.9686
182 96 50.7614
260 96 14.0548
529 96 22.6244
4 97 27.137
5 97 27.137
7 97 27.137
39 97 29.0698
51 97 25.4453
66 97 25.4453
88 97 25.4453
90 97 25.4453
93 97 25.4453
180 97 33.8983
235 97 50.7614
260 97 14.0548
4 98 27.137
7 98 27.137
24 98 29.0698
39 98 29.0698
93 98 25.4453
119 98 67.5676
156 98 36.9686
180 98 33.8983
234 98 50.7614
260 98 14.0548
38 99 29.0698
52 99 25.4453
62 99 25.4453
92 99 25.4453
119 99 67.5676
123 99 67.5676
156 99 36.9686
180 99 33.8983
185 99 36.9686
260 99 14.0548
528 99 23.9521
38 100 29.0698
62 100 25.4453
64 100 25.4453
65 100 25.4453
123 100 67.5676
156 100 36.9686
180 100 33.8983
185 100 36.9686
260 100 14.0548
28 101 29.0698
37 101 29.0698
38 101 29.0698
54 101 25.4453
58 101 25.4453
64 101 25.4453
93 101 25.4453
122 101 67.5676
123 101 67.5676
156 101 36.9686
180 101 36.9686
185 101 36.9686
260 101 14.0548
15 102 29.0698
18 102 29.0698
28 102 29.0698
52 102 25.4453
91 102 25.4453
122 102 67.5676
157 102 36.9686
180 102 36.9686
260 102 14.0548
490 102 23.9521
491 102 23.9521
492 102 23.9521
493 102 22.6244
519 102 22.6244
17 103 29.0698
52 103 25.4453
57 103 25.4453
58 103 25.4453
91 103 25.4453
106 103 27.137
122 103 67.5676
157 103 40.6504
180 103 36.9686
185 103 36.9686
235 103 50.7614
260 103 14.0548
519 103 22.6244
528 103 22.6244
52 104 25.4453
60 104 25.4453
106 104 27.137
121 104 67.5676
122 104 67.5676
157 104 40.6504
169 104 36.9686
185 104 36.9686
260 104 14.0548
505 104 21.4362
527 104 22.6244
528 104 22.6244
529 104 22.6244
16 105 31.2989
22 105 27.137
120 105 67.5676
168 105 36.9686
184 105 36.9686
185 105 36.9686
260 105 14.0548
16 106 31.2989
35 106 29.0698
38 106 29.0698
52 106 25.4453
158 106 40.6504
168 106 36.9686
180 106 57.971
184 106 36.9686
234 106 50.7614
260 106 14.0548
508 106 25.4453
4 107 27.137
15 107 31.2989
37 107 29.0698
52 107 25.4453
56 107 25.4453
125 107 67.5676
168 107 36.9686
174 107 36.9686
184 107 36.9686
260 107 14.0548
37 108 29.0698
52 108 25.4453
56 108 25.4453
60 108 23.9521
124 108 67.5676
125 108 67.5676
158 108 40.6504
168 108 36.9686
182 108 36.9686
184 108 36.9686
260 108 14.0548
515 108 22.6244
12 109 29.0698
13 109 29.0698
44 109 29.0698
53 109 25.4453
182 109 36.9686
184 109 36.9686
260 109 14.0548
515 109 22.6244
516 109 22.6244
9 110 29.0698
12 110 29.0698
34 110 29.0698
36 110 29.0698
43 110 29.0698
44 110 29.0698
53 110 25.4453
57 110 25.4453
124 110 67.5676
184 110 36.9686
260 110 14.0548
517 110 22.6244
526 110 22.6244
527 110 22.6244
11 111 29.0698
57 111 25.4453
123 111 57.971
184 111 36.9686
260 111 14.0548
527 111 22.6244
10 112 29.0698
114 112 29.0698
115 112 29.0698
122 112 57.971
174 112 36.9686
184 112 36.9686
260 112 14.0548
10 113 29.0698
30 113 29.0698
39 113 27.137
40 113 27.137
54 113 25.4453
122 113 57.971
132 113 67.5676
174 113 36.9686
184 113 36.9686
260 113 14.0548
10 114 29.0698
33 114 27.137
39 114 27.137
119 114 29.0698
122 114 57.971
125 114 67.5676
131 114 67.5676
165 114 40.6504
173 114 36.9686
233 114 50.7614
234 114 50.7614
260 114 14.0548
9 115 29.0698
10 115 29.0698
27 115 27.137
33 115 27.137
119 115 29.0698
122 115 57.971
125 115 67.5676
130 115 67.5676
165 115 40.6504
233 115 50.7614
260 115 14.0548
4 116 29.0698
9 116 29.0698
33 116 27.137
38 116 27.137
186 116 36.9686
260 116 14.0548
3 117 29.0698
9 117 29.0698
110 117 27.137
130 117 67.5676
131 117 67.5676
186 117 36.9686
187 117 36.9686
260 117 14.0548
9 118 31.2989
33 118 29.0698
37 118 29.0698
130 118 67.5676
131 118 67.5676
173 118 36.9686
186 118 36.9686
187 118 36.9686
233 118 50.7614
260 118 14.0548
8 119 31.2989
30 119 29.0698
32 119 29.0698
53 119 25.4453
56 119 25.4453
57 119 25.4453
186 119 36.9686
232 119 50.7614
260 119 14.0548
3 120 29.0698
7 120 31.2989
29 120 29.0698
53 120 25.4453
56 120 25.4453
186 120 36.9686
260 120 14.0548
401 120 33.8983
28 121 29.0698
110 121 27.137
170 121 36.9686
186 121 36.9686
260 121 14.0548
5 122 29.0698
6 122 29.0698
27 122 29.0698
109 122 27.137
170 122 36.9686
227 122 50.7614
260 122 14.0548
5 123 29.0698
26 123 27.137
109 123 27.137
170 123 36.9686
189 123 36.9686
227 123 50.7614
260 123 14.0548
4 124 29.0698
30 124 29.0698
39 124 36.9686
54 124 23.9521
58 124 25.4453
109 124 29.0698
129 124 67.5676
170 124 36.9686
171 124 36.9686
260 124 14.0548
3 125 31.2989
27 125 29.0698
28 125 29.0698
30 125 29.0698
39 125 36.9686
109 125 29.0698
129 125 67.5676
183 125 36.9686
188 125 36.9686
234 125 67.5676
260 125 14.0548
27 126 29.0698
129 126 67.5676
188 126 36.9686
232 126 67.5676
260 126 14.0548
14 127 29.0698
26 127 29.0698
27 127 29.0698
89 127 27.137
188 127 36.9686
260 127 14.0548
16 128 29.0698
23 128 29.0698
89 128 27.137
187 128 36.9686
260 128 14.0548
16 129 29.0698
24 129 29.0698
25 129 29.0698
187 129 36.9686
260 129 14.0548
14 130 29.0698
15 130 29.0698
24 130 29.0698
99 130 27.137
186 130 36.9686
187 130 36.9686
260 130 14.0548
13 131 31.2989
23 131 29.0698
98 131 27.137
185 131 36.9686
260 131 14.0548
22 132 29.0698
23 132 29.0698
185 132 36.9686
260 132 14.0548
10 133 31.2989
11 133 29.0698
22 133 29.0698
171 133 36.9686
185 133 36.9686
260 133 14.0548
20 134 29.0698
21 134 29.0698
85 134 27.137
170 134 36.9686
260 134 14.556
20 135 29.0698
85 135 27.137
170 135 36.9686
183 135 36.9686
260 135 14.556
533 135 23.9521
4 136 29.0698
5 136 29.0698
143 136 57.971
183 136 36.9686
233 136 45.1467
260 136 14.556
4 137 29.0698
183 137 36.9686
184 137 36.9686
233 137 45.1467
260 137 14.556
529 137 23.9521
10 138 29.0698
17 138 29.0698
18 138 29.0698
37 138 31.2989
41 138 33.8983
102 138 27.137
109 138 27.137
183 138 36.9686
184 138 36.9686
260 138 14.556
10 139 29.0698
14 139 27.137
16 139 29.0698
17 139 29.0698
108 139 27.137
109 139 27.137
183 139 36.9686
260 139 14.556
529 139 23.9521
530 139 23.9521
13 140 27.137
77 140 25.4453
108 140 27.137
260 140 14.556
529 140 23.9521
530 140 23.9521
108 141 27.137
226 141 50.7614
14 142 27.137
31 142 29.0698
181 142 36.9686
226 142 50.7614
260 142 14.556
11 143 29.0698
13 143 29.0698
14 143 27.137
31 143 29.0698
530 143 22.6244
13 144 29.0698
33 144 29.0698
4 145 29.0698
12 145 29.0698
29 145 29.0698
83 145 27.137
186 145 36.9686
12 146 29.0698
186 146 36.9686
534 146 22.6244
12 147 29.0698
186 147 36.9686
3 148 29.0698
4 148 29.0698
9 148 27.137
11 148 29.0698
12 148 29.0698
13 148 29.0698
81 148 25.4453
101 148 27.137
107 148 27.137
149 148 57.971
13 149 29.0698
80 149 25.4453
81 149 25.4453
101 149 27.137
106 149 27.137
110 149 29.0698
149 149 57.971
183 149 36.9686
10 150 29.0698
51 150 57.971
80 150 27.137
110 150 29.0698
149 150 57.971
534 150 22.6244
10 151 29.0698
68 151 25.4453
85 151 29.0698
110 151 29.0698
149 151 57.971
9 152 27.137
10 152 27.137
80 152 27.137
81 152 27.137
85 152 29.0698
106 152 27.137
110 152 29.0698
9 153 29.0698
10 153 29.0698
25 153 29.0698
80 153 27.137
81 153 27.137
101 153 27.137
110 153 29.0698
9 154 29.0698
25 154 29.0698
80 154 27.137
81 154 27.137
101 154 27.137
106 154 27.137
110 154 29.0698
9 155 29.0698
24 155 29.0698
81 155 27.137
106 155 27.137
107 155 27.137
110 155 29.0698
260 155 14.0548
9 156 29.0698
24 156 29.0698
25 156 29.0698
29 156 29.0698
80 156 27.137
81 156 27.137
106 156 27.137
110 156 29.0698
260 156 14.0548
9 157 29.0698
29 157 29.0698
38 157 29.0698
101 157 27.137
106 157 27.137
110 157 29.0698
16 158 31.2989
21 158 29.0698
32 158 31.2989
33 158 31.2989
81 158 27.137
106 158 27.137
110 158 29.0698
260 158 14.0548
9 159 29.0698
81 159 27.137
85 159 29.0698
106 159 27.137
110 159 29.0698
8 160 29.0698
22 160 31.2989
23 160 31.2989
81 160 27.137
85 160 29.0698
106 160 27.137
110 160 29.0698
7 161 29.0698
8 161 29.0698
80 161 27.137
81 161 27.137
106 161 27.137
110 161 29.0698
3 162 29.0698
6 162 29.0698
21 162 31.2989
45 162 33.8983
81 162 27.137
106 162 27.137
110 162 29.0698
3 163 29.0698
6 163 29.0698
17 163 29.0698
18 163 29.0698
29 163 31.2989
45 163 33.8983
81 163 27.137
96 163 27.137
101 163 27.137
106 163 27.137
110 163 29.0698
5 164 29.0698
6 164 29.0698
22 164 31.2989
80 164 27.137
81 164 27.137
96 164 27.137
106 164 27.137
110 164 29.0698
178 164 50.7614
530 164 22.6244
11 165 29.0698
22 165 31.2989
23 165 31.2989
80 165 27.137
81 165 27.137
106 165 27.137
110 165 29.0698
535 165 22.6244
9 166 29.0698
10 166 29.0698
29 166 31.2989
80 166 27.137
106 166 27.137
110 166 29.0698
535 166 22.6244
5 167 31.2989
68 167 25.4453
106 167 27.137
110 167 29.0698
530 167 23.9521
531 167 23.9521
535 167 22.6244
3 168 29.0698
4 168 29.0698
5 168 31.2989
29 168 31.2989
68 168 25.4453
84 168 27.137
106 168 27.137
110 168 29.0698
530 168 23.9521
531 168 23.9521
535 168 22.6244
68 169 25.4453
106 169 27.137
110 169 29.0698
260 169 14.556
266 169 80.9717
106 170 27.137
110 170 29.0698
96 171 27.137
106 171 27.137
110 171 29.0698
260 171 14.556
106 172 27.137
110 172 29.0698
260 172 14.556
83 173 25.4453
106 173 27.137
110 173 29.0698
189 173 67.5676
260 173 14.556
83 174 25.4453
106 174 27.137
110 174 29.0698
260 174 14.556
584 174 33.8983
585 174 31.2989
586 174 31.2989
587 174 29.0698
588 174 27.137
589 174 27.137
590 174 25.4453
591 174 25.4453
16 175 31.2989
83 175 25.4453
84 175 25.4453
106 175 27.137
110 175 29.0698
226 175 50.7614
260 175 14.556
580 175 57.971
582 175 36.9686
583 175 36.9686
584 175 33.8983
585 175 31.2989
586 175 31.2989
587 175 29.0698
588 175 29.0698
589 175 27.137
16 176 31.2989
18 176 31.2989
32 176 36.9686
82 176 25.4453
106 176 27.137
110 176 29.0698
178 176 50.7614
226 176 50.7614
260 176 14.556
576 176 200
584 176 33.8983
586 176 31.2989
587 176 29.0698
588 176 29.0698
589 176 27.137
106 177 27.137
110 177 29.0698
178 177 50.7614
198 177 57.971
225 177 50.7614
226 177 50.7614
260 177 14.556
584 177 36.9686
585 177 33.8983
586 177 31.2989
587 177 29.0698
38 178 40.6504
41 178 40.6504
96 178 27.137
101 178 29.0698
110 178 29.0698
178 178 50.7614
15 179 33.8983
26 179 33.8983
27 179 33.8983
96 179 27.137
101 179 29.0698
178 179 50.7614
225 179 50.7614
504 179 40.6504
505 179 36.9686
506 179 36.9686
507 179 33.8983
637 179 27.137
27 180 33.8983
46 180 67.5676
96 180 27.137
101 180 29.0698
178 180 50.7614
225 180 50.7614
226 180 50.7614
502 180 45.1467
503 180 45.1467
504 180 40.6504
505 180 36.9686
506 180 33.8983
507 180 31.2989
508 180 31.2989
509 180 29.0698
11 181 31.2989
95 181 27.137
96 181 27.137
101 181 29.0698
159 181 80.9717
178 181 50.7614
195 181 40.6504
225 181 50.7614
261 181 14.0548
508 181 31.2989
509 181 29.0698
510 181 27.137
95 182 27.137
96 182 27.137
101 182 29.0698
110 182 36.9686
178 182 50.7614
194 182 40.6504
195 182 40.6504
209 182 101.01
225 182 50.7614
261 182 14.0548
504 182 45.1467
507 182 33.8983
508 182 31.2989
509 182 29.0698
6 183 29.0698
22 183 31.2989
23 183 31.2989
68 183 25.4453
95 183 27.137
96 183 27.137
101 183 29.0698
178 183 50.7614
198 183 45.1467
261 183 14.0548
506 183 33.8983
507 183 33.8983
583 183 31.2989
588 183 31.2989
13 184 67.5676
19 184 29.0698
30 184 29.0698
95 184 27.137
96 184 27.137
101 184 29.0698
178 184 50.7614
226 184 50.7614
261 184 14.0548
507 184 33.8983
588 184 31.2989
13 185 67.5676
26 185 29.0698
91 185 45.1467
95 185 27.137
96 185 27.137
101 185 29.0698
178 185 50.7614
195 185 40.6504
261 185 14.0548
503 185 40.6504
504 185 40.6504
505 185 36.9686
506 185 36.9686
507 185 36.9686
588 185 31.2989
3 186 57.971
13 186 57.971
96 186 27.137
101 186 29.0698
178 186 50.7614
226 186 57.971
261 186 14.0548
503 186 40.6504
504 186 40.6504
505 186 36.9686
506 186 36.9686
588 186 31.2989
620 186 40.6504
3 187 57.971
13 187 57.971
95 187 27.137
96 187 27.137
101 187 29.0698
178 187 45.1467
261 187 14.556
620 187 40.6504
6 188 57.971
13 188 57.971
14 188 57.971
17 188 57.971
95 188 27.137
96 188 27.137
101 188 29.0698
178 188 45.1467
226 188 57.971
23 189 31.2989
26 189 29.0698
29 189 31.2989
36 189 57.971
95 189 27.137
96 189 27.137
101 189 29.0698
178 189 45.1467
226 189 50.7614
227 189 50.7614
260 189 14.556
11 190 31.2989
36 190 57.971
83 190 25.4453
95 190 27.137
101 190 29.0698
178 190 45.1467
227 190 50.7614
259 190 14.0548
260 190 14.0548
12 191 31.2989
95 191 27.137
96 191 27.137
101 191 29.0698
178 191 45.1467
227 191 50.7614
228 191 50.7614
260 191 14.0548
13 192 31.2989
41 192 36.9686
95 192 27.137
101 192 29.0698
178 192 45.1467
260 192 14.0548
95 193 27.137
96 193 27.137
101 193 29.0698
178 193 50.7614
208 193 101.01
209 193 101.01
259 193 14.0548
260 193 14.0548
489 193 50.7614
493 193 67.5676
494 193 57.971
495 193 57.971
496 193 57.971
497 193 50.7614
499 193 25.4453
95 194 27.137
96 194 27.137
101 194 29.0698
178 194 50.7614
221 194 50.7614
256 194 18.5185
259 194 14.0548
260 194 14.0548
487 194 57.971
488 194 50.7614
489 194 50.7614
490 194 50.7614
494 194 57.971
495 194 57.971
496 194 57.971
497 194 50.7614
95 195 27.137
101 195 29.0698
178 195 50.7614
260 195 14.0548
487 195 57.971
488 195 50.7614
489 195 50.7614
490 195 50.7614
493 195 67.5676
494 195 57.971
495 195 57.971
496 195 57.971
499 195 25.4453
500 195 25.4453
611 195 45.1467
612 195 45.1467
95 196 27.137
101 196 29.0698
178 196 50.7614
484 196 200
487 196 57.971
488 196 57.971
489 196 57.971
490 196 50.7614
494 196 57.971
495 196 57.971
67 197 25.4453
95 197 27.137
101 197 29.0698
178 197 50.7614
225 197 45.1467
67 198 25.4453
95 198 27.137
96 198 27.137
101 198 29.0698
177 198 57.971
266 198 80.9717
95 199 27.137
101 199 29.0698
177 199 57.971
95 200 27.137
101 200 29.0698
284 200 101.01
95 201 27.137
101 201 29.0698
67 202 27.137
95 202 27.137
101 202 29.0698
182 202 50.7614
81 203 25.4453
95 203 27.137
101 203 29.0698
140 203 40.6504
284 203 101.01
81 204 25.4453
91 204 40.6504
92 204 40.6504
101 204 29.0698
140 204 40.6504
22 205 40.6504
81 205 25.4453
85 205 40.6504
91 205 40.6504
101 205 29.0698
141 205 40.6504
153 205 45.1467
154 205 45.1467
81 206 25.4453
91 206 40.6504
141 206 40.6504
154 206 45.1467
171 206 36.9686
620 206 14.0548
621 206 14.0548
622 206 13.587
623 206 13.587
624 206 13.1492
91 207 40.6504
92 207 40.6504
171 207 36.9686
95 208 27.137
171 208 33.8983
579 208 14.0548
95 209 27.137
96 209 27.137
100 209 29.0698
101 209 29.0698
171 209 33.8983
228 209 67.5676
260 209 14.556
577 209 14.556
578 209 14.0548
580 209 14.0548
581 209 13.587
582 209 13.587
583 209 13.1492
584 209 12.7389
624 209 13.587
625 209 13.587
82 210 25.4453
95 210 27.137
100 210 29.0698
101 210 29.0698
171 210 33.8983
228 210 67.5676
260 210 14.556
580 210 14.0548
581 210 13.587
582 210 13.587
583 210 13.1492
92 211 40.6504
160 211 45.1467
182 211 50.7614
228 211 67.5676
260 211 14.0548
617 211 14.556
618 211 14.556
630 211 13.1492
80 212 25.4453
95 212 27.137
160 212 45.1467
260 212 14.0548
577 212 13.587
617 212 14.556
618 212 14.556
629 212 13.1492
630 212 13.1492
80 213 25.4453
95 213 27.137
96 213 27.137
160 213 45.1467
260 213 14.0548
63 214 25.4453
79 214 25.4453
80 214 25.4453
92 214 40.6504
138 214 45.1467
160 214 45.1467
182 214 50.7614
225 214 45.1467
260 214 14.0548
577 214 13.587
614 214 14.556
5 215 36.9686
64 215 25.4453
79 215 25.4453
80 215 25.4453
92 215 40.6504
225 215 45.1467
260 215 14.0548
422 215 134.228
628 215 13.1492
632 215 13.1492
5 216 36.9686
64 216 25.4453
79 216 25.4453
92 216 40.6504
225 216 45.1467
260 216 14.0548
548 216 15.0943
549 216 15.0943
583 216 13.1492
616 216 14.556
617 216 14.556
65 217 25.4453
79 217 25.4453
92 217 40.6504
137 217 40.6504
260 217 14.0548
330 217 67.5676
331 217 67.5676
332 217 67.5676
341 217 134.228
344 217 101.01
390 217 101.01
391 217 101.01
402 217 22.6244
403 217 22.6244
582 217 13.1492
583 217 13.1492
584 217 13.1492
589 217 14.556
590 217 14.556
629 217 13.1492
634 217 13.1492
79 218 25.4453
80 218 25.4453
92 218 40.6504
137 218 40.6504
260 218 14.0548
341 218 134.228
342 218 134.228
589 218 14.0548
590 218 14.0548
629 218 13.1492
64 219 25.4453
79 219 25.4453
80 219 25.4453
92 219 40.6504
260 219 14.0548
553 219 16.2999
583 219 13.1492
584 219 13.1492
596 219 14.0548
630 219 13.1492
634 219 12.7389
635 219 12.7389
30 220 40.6504
64 220 25.4453
79 220 25.4453
91 220 40.6504
260 220 14.0548
582 220 13.1492
583 220 13.1492
584 220 13.1492
591 220 14.0548
630 220 13.1492
635 220 13.1492
17 221 40.6504
30 221 40.6504
64 221 25.4453
79 221 25.4453
91 221 40.6504
92 221 40.6504
113 221 57.971
260 221 14.0548
582 221 13.1492
583 221 13.1492
584 221 13.1492
590 221 14.0548
591 221 14.0548
636 221 13.1492
30 222 40.6504
64 222 25.4453
79 222 25.4453
91 222 40.6504
92 222 40.6504
113 222 57.971
260 222 14.0548
353 222 50.7614
354 222 50.7614
355 222 50.7614
358 222 33.8983
546 222 15.0943
547 222 15.0943
572 222 13.587
573 222 13.587
583 222 13.1492
584 222 13.1492
631 222 13.1492
30 223 40.6504
64 223 25.4453
79 223 25.4453
91 223 40.6504
92 223 40.6504
113 223 57.971
260 223 14.0548
353 223 50.7614
354 223 50.7614
355 223 50.7614
357 223 45.1467
533 223 15.674
534 223 16.2999
583 223 13.1492
584 223 13.1492
636 223 13.1492
30 224 40.6504
64 224 25.4453
79 224 25.4453
91 224 40.6504
113 224 57.971
235 224 101.01
537 224 15.674
30 225 40.6504
65 225 25.4453
79 225 25.4453
91 225 40.6504
92 225 40.6504
113 225 57.971
526 225 16.9779
527 225 16.2999
529 225 15.0943
530 225 14.556
531 225 15.0943
577 225 13.1492
633 225 13.1492
30 226 40.6504
65 226 25.4453
79 226 25.4453
91 226 40.6504
92 226 40.6504
525 226 16.9779
526 226 16.9779
577 226 13.1492
584 226 13.1492
7 227 36.9686
30 227 40.6504
65 227 25.4453
79 227 25.4453
91 227 40.6504
92 227 40.6504
173 227 36.9686
577 227 13.1492
584 227 13.1492
607 227 13.1492
608 227 13.1492
17 228 36.9686
30 228 40.6504
65 228 25.4453
79 228 25.4453
92 228 40.6504
181 228 36.9686
584 228 13.1492
17 229 36.9686
30 229 40.6504
65 229 25.4453
79 229 25.4453
80 229 25.4453
92 229 40.6504
523 229 16.9779
524 229 16.9779
577 229 13.1492
578 229 13.1492
579 229 13.1492
584 229 13.1492
17 230 36.9686
30 230 40.6504
65 230 25.4453
80 230 25.4453
578 230 13.1492
579 230 13.1492
584 230 13.1492
635 230 10.7296
636 230 10.7296
637 230 10.7296
30 231 40.6504
65 231 25.4453
597 231 13.1492
598 231 13.1492
636 231 10.4548
17 232 36.9686
522 232 16.9779
523 232 16.9779
597 232 13.1492
598 232 13.1492
624 232 13.1492
625 232 13.1492
636 232 10.4548
637 232 10.4548
17 233 36.9686
597 233 13.1492
598 233 13.1492
624 233 13.1492
625 233 13.1492
637 233 10.4548
6 234 36.9686
17 234 36.9686
85 234 25.4453
623 234 13.1492
624 234 13.1492
20 235 27.137
65 235 23.9521
66 235 23.9521
498 235 27.137
65 236 23.9521
83 236 25.4453
525 236 16.2999
526 236 16.2999
5 237 27.137
6 237 27.137
7 237 27.137
8 237 27.137
78 237 25.4453
84 237 25.4453
99 237 27.137
526 237 16.2999
6 238 27.137
85 238 25.4453
100 238 27.137
522 238 16.2999
100 239 27.137
559 240 14.0548
560 240 13.587
103 241 27.137
558 241 14.0548
559 241 14.0548
560 241 14.0548
563 241 13.587
564 241 13.587
565 241 13.587
627 241 11.0193
557 242 14.0548
558 242 14.0548
559 242 14.0548
50 243 23.9521
557 243 14.0548
558 243 14.0548
621 243 11.0193
622 243 11.0193
556 244 14.0548
557 244 14.0548
558 244 14.0548
556 245 14.0548
557 245 14.0548
558 245 14.0548
582 245 13.587
583 245 13.587
557 246 14.0548
609 246 11.6482
610 246 11.325
621 246 11.0193
260 247 14.556
557 247 14.0548
604 247 12.3533
605 247 11.9904
606 247 11.9904
607 247 11.6482
608 247 11.6482
609 247 11.6482
260 248 14.556
556 248 14.0548
557 248 14.0548
560 248 12.7389
599 248 15.0943
604 248 11.9904
605 248 11.9904
606 248 11.9904
607 248 11.6482
608 248 11.6482
260 249 14.556
560 249 12.7389
605 249 11.9904
606 249 11.9904
607 249 11.6482
527 250 16.2999
528 250 16.2999
531 250 14.556
556 250 14.0548
559 250 12.7389
560 250 12.7389
605 250 11.9904
606 250 11.9904
556 251 14.0548
557 251 14.0548
560 251 12.7389
605 251 11.9904
606 251 11.9904
564 252 13.587
565 252 13.587
566 252 13.587
605 252 11.9904
564 253 13.587
565 253 13.587
605 253 11.9904
522 254 16.9779
523 254 16.9779
534 254 16.2999
535 254 16.2999
596 254 15.0943
597 254 15.0943
598 254 14.556
599 254 14.0548
600 254 13.587
601 254 12.7389
602 254 12.7389
603 254 11.9904
604 254 11.9904
605 254 11.9904
606 254 11.9904
607 254 11.6482
602 255 12.7389
603 255 12.3533
604 255 11.9904
605 255 11.9904
566 256 13.587
567 256 13.587
613 256 11.325
566 257 13.587
567 257 13.587
538 258 15.674
539 258 15.674
541 258 15.0943
542 258 15.674
566 258 13.587
567 258 13.587
558 259 14.0548
610 259 11.6482
611 259 11.9904
617 259 11.325
618 259 11.325
611 260 11.9904
613 260 11.6482
614 260 11.9904
617 260 11.325
618 260 11.325
559 261 14.0548
565 261 13.587
566 261 13.587
617 261 11.325
618 261 11.325
565 262 13.587
607 263 11.6482
608 263 11.6482
607 264 11.6482
616 264 11.6482
617 264 11.6482
615 265 11.6482
616 265 11.325
617 265 11.325
618 265 11.325
616 266 11.325
617 266 11.325
132 267 15.0943
133 267 15.0943
134 267 15.0943
617 267 11.325
23 268 15.674
24 268 15.674
617 268 11.325
618 268 11.325
617 269 11.325
618 269 11.325
617 270 11.325
612 271 11.6482
613 271 11.6482
612 272 11.6482
226 273 11.6482
241 273 12.3533
627 273 11.325
628 273 11.325
227 274 11.6482
228 274 11.6482
608 274 11.6482
609 274 11.6482
627 274 11.325
609 276 11.6482
610 276 11.6482
587 277 11.6482
201 279 11.325
233 281 10.4548
580 281 11.0193
581 281 11.0193
582 281 11.0193
224 283 10.4548
225 283 10.4548
212 284 10.1937
225 284 10.4548
631 284 10.4548
631 285 10.4548
187 289 9.70874
208 289 9.48317
256 289 10.4548
257 289 10.4548
171 290 9.70874
206 290 9.48317
205 291 9.26784
206 291 9.48317
207 291 9.48317
207 292 9.26784
622 292 9.70874
623 292 9.70874
624 292 9.70874
623 293 9.70874
624 293 9.70874
155 294 8.86525
155 295 8.86525
156 295 8.86525
146 296 8.86525
159 297 8.86525
633 298 9.06207
634 298 9.06207
635 298 9.06207
631 299 9.06207
632 299 9.06207
162 300 8.32293
195 300 8.32293
195 301 8.32293
169 302 8.15661
248 302 9.26784
143 303 8.15661
144 303 8.15661
145 303 8.15661
150 303 7.9968
202 303 8.32293
203 303 8.32293
622 303 8.67679
145 304 8.15661
179 304 7.9968
224 304 8.15661
188 305 7.41565
210 305 8.15661
224 305 8.15661
225 305 8.15661
197 306 7.9968
198 306 7.9968
242 306 8.67679
138 307 7.84314
174 307 7.69527
175 307 7.69527
135 308 7.69527
175 308 7.69527
207 308 7.84314
208 308 7.84314
176 309 7.69527
238 309 8.32293
239 309 8.32293
244 309 8.32293
130 310 7.55287
151 310 7.55287
505 310 8.32293
515 310 7.69527
195 311 7.55287
219 311 7.69527
505 311 8.32293
506 311 8.32293
507 311 8.32293
508 311 8.32293
509 311 8.32293
510 311 8.32293
511 311 8.32293
512 311 8.32293
513 311 7.9968
514 311 7.9968
515 311 7.69527
516 311 7.69527
191 312 7.41565
204 312 7.41565
205 312 7.41565
239 312 7.9968
507 312 8.32293
508 312 8.32293
509 312 8.32293
510 312 8.32293
511 312 8.32293
514 312 7.9968
515 312 7.69527
516 312 7.69527
517 312 7.69527
110 313 7.28332
205 313 7.41565
208 313 7.41565
106 314 7.15564
107 314 7.15564
111 314 7.28332
209 314 7.55287
237 314 7.9968
238 314 7.9968
107 315 7.15564
206 315 7.41565
168 316 7.03235
168 317 7.03235
212 318 7.28332
161 319 6.91324
152 320 6.68673
168 320 6.91324
169 320 6.91324
170 320 6.91324
206 320 7.03235
134 321 6.68673
165 321 6.7981
170 321 6.91324
161 322 7.55287
165 322 6.7981
166 322 6.68673
167 322 6.7981
112 323 6.68673
113 323 6.68673
160 323 7.55287
70 325 6.47459
149 325 6.57895
165 325 6.57895
166 325 6.57895
70 326 6.47459
157 327 6.37349
168 328 6.47459
154 329 6.37349
155 329 6.37349
175 329 6.37349
72 330 6.08828
108 330 6.27549
147 330 6.27549
148 330 6.27549
166 330 6.47459
173 330 6.37349
174 330 6.37349
68 331 6.08828
69 331 6.08828
136 331 6.08828
148 331 6.27549
189 331 6.47459
52 332 6.27549
69 332 6.08828
70 332 6.08828
142 332 5.9988
148 332 6.27549
171 332 6.37349
70 333 6.08828
112 333 6.18047
112 334 6.18047
129 334 6.08828
132 334 5.9988
148 334 6.08828
149 334 6.08828
150 334 6.08828
596 334 6.57895
597 334 6.57895
598 334 6.57895
76 335 5.9988
99 335 5.91191
129 335 6.08828
132 335 5.9988
149 335 6.08828
150 335 6.08828
190 335 6.37349
76 336 5.9988
77 336 5.9988
150 336 6.08828
191 336 6.37349
76 337 5.9988
77 337 5.9988
78 337 5.9988
180 337 6.08828
253 337 6.68673
76 338 5.9988
164 338 6.08828
181 338 6.08828
182 338 6.08828
33 339 5.82751
72 339 5.82751
176 339 5.9988
153 340 5.82751
154 340 5.82751
177 340 5.9988
149 341 5.91191
154 341 5.82751
155 341 5.82751
47 342 5.74548
80 342 5.58815
81 342 5.58815
142 342 5.66572
149 342 5.91191
150 342 5.82751
155 342 5.82751
156 342 5.82751
204 342 6.27549
212 342 6.37349
80 343 5.58815
81 343 5.58815
83 343 5.58815
84 343 5.51268
99 343 5.58815
149 343 5.91191
150 343 5.82751
151 343 5.82751
152 343 5.74548
178 343 5.82751
204 343 6.18047
209 343 6.27549
83 344 5.58815
84 344 5.51268
99 344 5.58815
118 344 5.66572
122 344 5.66572
138 344 5.66572
151 344 5.82751
152 344 5.74548
153 344 5.74548
161 344 4.97512
182 344 5.82751
210 344 6.27549
100 345 5.58815
122 345 5.66572
123 345 5.66572
153 345 5.74548
202 345 6.18047
207 345 6.18047
208 345 6.27549
114 346 5.58815
123 346 5.66572
131 346 5.66572
132 346 5.66572
208 346 6.18047
209 346 6.18047
71 347 5.43922
83 347 5.43922
114 347 5.58815
115 347 5.51268
116 347 5.51268
124 347 5.66572
132 347 5.66572
133 347 5.66572
280 347 6.27549
281 347 6.27549
41 348 5.43922
71 348 5.43922
77 348 5.43922
78 348 5.43922
116 348 5.51268
117 348 5.51268
127 348 5.51268
41 349 5.43922
42 349 5.43922
71 349 5.43922
72 349 5.43922
77 349 5.43922
78 349 5.43922
89 349 5.43922
116 349 5.43922
117 349 5.43922
119 349 5.36769
127 349 5.51268
42 350 5.43922
43 350 5.43922
72 350 5.43922
78 350 5.43922
90 350 5.43922
117 350 5.43922
151 350 5.51268
49 351 5.29801
100 351 5.36769
117 351 5.36769
185 351 5.51268
186 351 5.51268
49 352 5.29801
50 352 5.29801
57 352 5.43922
58 352 5.43922
63 352 5.23013
97 352 5.36769
100 352 5.36769
186 352 5.51268
52 353 5.29801
61 353 5.23013
70 353 5.43922
71 353 5.36769
73 353 5.29801
99 353 5.36769
100 353 5.36769
117 353 5.29801
131 353 5.29801
135 353 5.29801
181 353 5.51268
182 353 5.58815
183 353 5.58815
62 354 5.23013
67 354 5.23013
73 354 5.23013
74 354 5.23013
86 354 5.23013
87 354 5.23013
94 354 5.23013
95 354 5.23013
100 354 5.36769
101 354 5.36769
117 354 5.29801
118 354 5.23013
119 354 5.23013
135 354 5.29801
136 354 5.29801
148 354 5.43922
157 354 5.43922
74 355 5.23013
75 355 5.23013
87 355 5.23013
94 355 5.23013
95 355 5.23013
96 355 5.23013
113 355 5.16396
118 355 5.23013
119 355 5.23013
120 355 5.23013
158 355 5.43922
184 355 5.51268
74 356 5.23013
94 356 5.23013
95 356 5.23013
96 356 5.23013
97 356 5.23013
110 356 5.23013
164 356 5.36769
185 356 5.58815
103 357 5.16396
111 357 5.16396
129 357 5.16396
164 357 5.36769
185 357 5.58815
33 358 5.03651
54 358 5.09944
73 358 5.09944
89 358 5.16396
103 358 5.16396
104 358 5.16396
114 358 5.16396
164 358 5.36769
185 358 5.51268
74 359 5.09944
42 360 5.03651
57 360 4.97512
61 360 5.74548
67 360 5.03651
68 360 5.03651
85 360 4.91521
57 361 4.97512
58 361 4.97512
64 361 5.03651
67 361 5.03651
68 361 5.03651
75 361 5.03651
58 362 4.97512
59 362 4.97512
64 362 5.03651
65 362 5.03651
66 362 5.03651
81 362 4.68933
185 362 5.51268
73 363 4.85673
74 363 4.85673
143 363 5.09944
144 363 5.09944
186 363 5.51268
53 364 4.91521
54 364 4.91521
68 364 4.97512
85 364 4.85673
97 364 4.97512
144 364 5.09944
145 364 5.09944
54 365 4.91521
86 365 4.85673
90 365 4.79962
82 366 4.85673
86 366 4.79962
87 366 4.79962
91 366 4.74383
103 366 5.09944
106 366 4.79962
118 366 4.91521
66 367 5.36769
86 367 4.79962
87 367 4.79962
88 367 4.79962
107 367 4.79962
108 367 4.79962
114 367 4.79962
115 367 4.79962
136 367 4.85673
70 368 4.79962
87 368 4.79962
88 368 4.79962
89 368 4.74383
101 368 5.09944
115 368 4.79962
116 368 4.85673
131 368 4.91521
581 368 5.29801
582 368 5.29801
583 368 5.29801
593 368 5.16396
594 368 5.16396
595 368 5.16396
56 369 4.74383
60 369 4.79962
61 369 4.79962
70 369 4.79962
71 369 4.79962
93 369 4.68933
105 369 4.74383
116 369 4.79962
132 369 4.91521
582 369 5.29801
583 369 5.29801
584 369 5.23013
585 369 5.16396
586 369 5.09944
587 369 5.09944
588 369 5.09944
589 369 5.09944
591 369 5.16396
592 369 5.16396
593 369 5.16396
594 369 5.16396
595 369 5.16396
596 369 5.16396
597 369 5.09944
598 369 5.09944
599 369 5.09944
57 370 4.74383
60 370 4.79962
61 370 4.79962
70 370 4.79962
71 370 4.79962
93 370 4.68933
599 370 5.09944
17 371 4.74383
18 371 4.74383
60 371 4.79962
59 372 4.79962
60 372 4.79962
66 373 4.63607
75 373 4.68933
76 373 4.68933
79 373 4.63607
85 373 4.4833
86 373 4.4833
87 373 4.53309
88 373 4.53309
102 373 4.74383
124 373 4.68933
125 373 4.68933
175 373 5.09944
244 373 5.23013
245 373 5.23013
76 374 4.63607
77 374 4.63607
80 374 4.584
88 374 4.53309
89 374 4.53309
125 374 4.68933
126 374 4.68933
385 374 5.03651
386 374 5.03651
77 375 4.63607
78 375 4.63607
78 376 4.584
84 376 4.4833
85 376 4.4833
121 376 4.74383
122 376 4.74383
609 376 4.97512
57 377 4.79962
61 377 4.4833
63 377 4.43459
64 377 4.43459
79 377 4.53309
85 377 4.4833
115 377 4.584
116 377 4.63607
117 377 4.63607
123 377 4.74383
135 377 4.68933
56 378 4.79962
64 378 4.43459
65 378 4.43459
79 378 4.4833
96 378 4.584
110 378 4.63607
111 378 4.584
135 378 4.68933
136 378 4.68933
141 378 4.74383
142 378 4.74383
55 379 4.79962
58 379 4.4833
59 379 4.4833
96 379 4.584
110 379 4.63607
111 379 4.584
112 379 4.584
113 379 4.584
114 379 4.584
119 379 4.63607
141 379 4.74383
142 379 4.74383
159 379 4.74383
177 379 4.97512
51 380 4.43459
58 380 4.43459
59 380 4.43459
60 380 4.43459
96 380 4.584
111 380 4.584
112 380 4.584
113 380 4.584
116 380 4.584
177 380 4.97512
178 380 4.97512
49 381 4.43459
51 381 4.38693
59 381 4.43459
60 381 4.43459
61 381 4.43459
96 381 4.584
178 381 4.97512
39 382 4.29461
51 382 4.38693
58 382 4.43459
59 382 4.43459
60 382 4.43459
61 382 4.43459
175 382 4.97512
176 382 4.97512
618 382 4.79962
38 383 4.29461
39 383 4.29461
52 383 4.34028
80 383 4.34028
157 383 4.68933
176 383 4.91521
240 383 4.91521
241 383 4.91521
39 384 4.29461
40 384 4.29461
44 384 4.24989
106 384 4.4833
40 385 4.29461
41 385 4.29461
44 385 4.24989
45 385 4.24989
81 385 4.34028
82 385 4.34028
89 385 4.38693
42 386 4.29461
90 386 4.38693
156 386 4.68933
247 386 4.85673
33 387 4.584
60 387 4.24989
100 387 4.38693
124 387 4.4833
30 388 4.34028
32 388 4.584
35 388 4.29461
44 388 4.24989
60 388 4.24989
61 388 4.24989
28 389 4.24989
35 389 4.24989
56 389 4.2061
117 389 4.38693
118 389 4.38693
27 390 4.24989
28 390 4.24989
33 390 4.24989
35 390 4.24989
36 390 4.2061
117 390 4.38693
118 390 4.38693
119 390 4.38693
128 390 4.29461
131 390 4.34028
226 390 4.68933
234 390 4.68933
235 390 4.68933
236 390 4.68933
246 390 4.63607
256 390 4.68933
27 391 4.24989
28 391 4.24989
32 391 4.2061
33 391 4.2061
112 391 4.34028
119 391 4.38693
24 392 4.12116
33 392 4.2061
34 392 4.2061
86 392 4.24989
87 392 4.2061
112 392 4.34028
113 392 4.34028
114 392 4.29461
115 392 4.29461
116 392 4.34028
205 392 4.68933
83 393 4.24989
87 393 4.2061
92 393 4.24989
116 393 4.29461
72 394 4.2061
82 394 4.24989
83 394 4.24989
84 394 4.24989
622 394 4.53309
623 394 4.53309
39 395 4.12116
83 395 4.24989
93 395 4.24989
105 395 4.34028
190 395 4.584
194 395 4.584
200 395 4.53309
215 395 4.584
44 396 4.12116
219 396 4.584
283 396 4.584
100 397 4.24989
4 398 4.07997
5 398 4.07997
19 398 4.03959
38 398 4.12116
67 398 4.03959
100 398 4.24989
101 398 4.24989
118 398 4.2061
119 398 4.2061
120 398 4.2061
121 398 4.2061
122 398 4.2061
19 399 4.03959
38 399 4.12116
44 399 4.03959
74 399 4.12116
120 399 4.2061
127 399 4.1632
128 399 4.2061
135 399 4.2061
19 400 4.03959
23 400 4.03959
38 400 4.12116
39 400 4.12116
44 400 4.03959
101 400 4.12116
45 401 4.03959
101 401 4.12116
102 401 4.12116
103 401 4.12116
125 401 4.2061
130 401 4.2061
131 401 4.2061
166 401 4.4833
19 402 4.03959
51 402 4.24989
85 402 4.07997
132 402 4.1632
133 402 4.1632
134 402 4.1632
19 403 4.03959
50 403 4.24989
51 403 4.2061
77 403 4.03959
109 403 4.07997
110 403 4.07997
111 403 4.07997
146 403 4.43459
38 404 4.03959
39 404 4.03959
53 404 4.07997
67 404 4.03959
68 404 4.03959
69 404 4.03959
110 404 4.07997
111 404 4.07997
439 404 4.38693
440 404 4.38693
459 404 4.38693
38 405 4.03959
43 405 4.03959
44 405 4.03959
53 405 4.03959
66 405 4.03959
70 405 4.03959
44 406 4.03959
53 406 4.03959
66 406 4.03959
68 406 4.03959
102 406 4.03959
103 406 4.03959
104 406 4.03959
105 406 4.03959
53 407 4.03959
67 407 4.03959
68 407 4.03959
111 407 4.03959
112 407 4.03959
135 407 4.2061
136 408 4.2061
212 409 4.29461
213 409 4.29461
592 409 4.24989
213 410 4.29461
214 410 4.29461
60 411 4.07997
388 411 4.2061
389 411 4.2061
617 413 4.1632
618 413 4.1632
619 413 4.1632
61 414 4.03959
62 414 4.03959
63 415 4.03959
213 415 4.1632
214 415 4.1632
40 416 4.03959
33 417 4.03959
32 418 4.03959
394 419 4.03959
395 420 4.03959
396 420 4.03959
395 422 4.03959
136 425 4.03959
134 426 4.03959
135 426 4.03959
136 426 4.03959
134 427 4.03959
135 427 4.03959
134 428 4.03959
