41 3 23.9521
51 3 23.9521
62 3 23.9521
72 3 23.9521
77 3 23.9521
78 3 23.9521
92 3 25.4453
93 3 25.4453
244 3 14.556
247 3 12.7389
542 3 21.4362
571 3 19.3986
572 3 19.3986
573 3 19.3986
41 4 23.9521
62 4 23.9521
72 4 23.9521
77 4 23.9521
92 4 25.4453
244 4 14.556
247 4 12.7389
41 5 23.9521
48 5 23.9521
61 5 23.9521
62 5 23.9521
65 5 25.4453
72 5 23.9521
85 5 25.4453
92 5 25.4453
244 5 14.556
247 5 12.7389
516 5 20.3666
535 5 21.4362
536 5 21.4362
44 6 23.9521
52 6 23.9521
67 6 25.4453
72 6 23.9521
92 6 25.4453
244 6 14.556
247 6 12.7389
525 6 20.3666
526 6 20.3666
527 6 20.3666
535 6 21.4362
550 6 21.4362
55 7 23.9521
67 7 25.4453
72 7 23.9521
89 7 25.4453
90 7 25.4453
93 7 25.4453
244 7 14.556
247 7 12.7389
549 7 21.4362
550 7 21.4362
41 8 23.9521
42 8 23.9521
62 8 23.9521
63 8 23.9521
86 8 23.9521
89 8 25.4453
244 8 14.556
247 8 12.7389
557 8 20.3666
558 8 20.3666
41 9 23.9521
44 9 23.9521
62 9 23.9521
67 9 29.0698
70 9 23.9521
86 9 23.9521
244 9 14.556
247 9 12.7389
329 9 29.0698
51 10 23.9521
62 10 23.9521
77 10 23.9521
83 10 23.9521
84 10 23.9521
85 10 23.9521
93 10 23.9521
94 10 23.9521
244 10 14.556
247 10 12.7389
328 10 29.0698
529 10 20.3666
44 11 22.6244
45 11 22.6244
62 11 23.9521
63 11 23.9521
81 11 25.4453
83 11 23.9521
93 11 23.9521
94 11 23.9521
244 11 14.556
247 11 12.7389
398 11 31.2989
40 12 23.9521
44 12 22.6244
45 12 22.6244
54 12 23.9521
63 12 23.9521
77 12 23.9521
93 12 23.9521
94 12 23.9521
244 12 14.556
247 12 12.7389
39 13 23.9521
54 13 23.9521
63 13 23.9521
77 13 23.9521
88 13 25.4453
92 13 25.4453
93 13 25.4453
94 13 25.4453
244 13 14.556
247 13 12.7389
63 14 23.9521
77 14 23.9521
92 14 25.4453
93 14 25.4453
244 14 14.556
247 14 12.7389
370 14 22.6244
529 14 21.4362
530 14 21.4362
568 14 21.4362
569 14 21.4362
44 15 23.9521
48 15 23.9521
54 15 23.9521
63 15 23.9521
68 15 23.9521
91 15 25.4453
92 15 25.4453
244 15 14.556
247 15 12.7389
39 16 23.9521
44 16 23.9521
48 16 23.9521
54 16 23.9521
63 16 23.9521
85 16 23.9521
91 16 25.4453
244 16 14.556
247 16 12.7389
546 16 22.6244
37 17 23.9521
38 17 22.6244
39 17 22.6244
47 17 23.9521
63 17 23.9521
85 17 25.4453
94 17 25.4453
244 17 14.556
247 17 12.7389
531 17 19.3986
532 17 19.3986
580 17 21.4362
584 17 21.4362
585 17 21.4362
37 18 23.9521
43 18 23.9521
47 18 23.9521
67 18 23.9521
83 18 25.4453
94 18 25.4453
244 18 14.556
247 18 12.7389
302 18 31.2989
361 18 25.4453
575 18 20.3666
37 19 23.9521
40 19 23.9521
43 19 23.9521
83 19 25.4453
93 19 25.4453
94 19 25.4453
244 19 14.556
247 19 12.7389
533 19 19.3986
570 19 21.4362
572 19 21.4362
573 19 21.4362
37 20 23.9521
58 20 25.4453
82 20 23.9521
83 20 23.9521
91 20 25.4453
92 20 25.4453
93 20 25.4453
244 20 14.556
247 20 12.7389
572 20 21.4362
49 21 22.6244
58 21 23.9521
82 21 23.9521
90 21 25.4453
91 21 25.4453
244 21 14.556
247 21 12.7389
538 21 21.4362
581 21 21.4362
42 22 23.9521
53 22 22.6244
90 22 25.4453
244 22 14.556
247 22 12.7389
536 22 21.4362
545 22 22.6244
548 22 21.4362
37 23 22.6244
38 23 22.6244
42 23 23.9521
53 23 22.6244
56 23 23.9521
59 23 25.4453
80 23 23.9521
90 23 25.4453
244 23 14.556
247 23 12.7389
536 23 21.4362
41 24 23.9521
53 24 22.6244
56 24 23.9521
74 24 23.9521
80 24 23.9521
81 24 23.9521
90 24 25.4453
244 24 14.556
247 24 12.7389
536 24 21.4362
574 24 22.6244
575 24 22.6244
38 25 23.9521
41 25 23.9521
80 25 23.9521
81 25 23.9521
89 25 25.4453
91 25 25.4453
244 25 14.556
247 25 12.7389
375 25 25.4453
38 26 23.9521
47 26 23.9521
59 26 23.9521
62 26 23.9521
80 26 23.9521
81 26 23.9521
244 26 14.556
247 26 12.7389
46 27 22.6244
55 27 23.9521
92 27 25.4453
244 27 14.556
247 27 12.7389
35 28 22.6244
39 28 23.9521
46 28 23.9521
74 28 23.9521
83 28 25.4453
92 28 25.4453
244 28 14.556
247 28 12.7389
39 29 23.9521
46 29 23.9521
47 29 23.9521
57 29 23.9521
73 29 23.9521
82 29 25.4453
83 29 25.4453
92 29 25.4453
244 29 14.556
247 29 12.7389
530 29 22.6244
535 29 20.3666
42 30 23.9521
43 30 23.9521
46 30 23.9521
48 30 23.9521
56 30 23.9521
57 30 23.9521
73 30 23.9521
81 30 25.4453
82 30 25.4453
92 30 25.4453
244 30 14.556
247 30 12.7389
554 30 20.3666
37 31 23.9521
39 31 23.9521
40 31 23.9521
43 31 23.9521
48 31 23.9521
56 31 23.9521
71 31 23.9521
72 31 23.9521
79 31 23.9521
80 31 23.9521
81 31 25.4453
244 31 14.556
247 31 12.7389
528 31 20.3666
553 31 20.3666
554 31 20.3666
37 32 23.9521
39 32 23.9521
61 32 25.4453
70 32 23.9521
71 32 23.9521
79 32 23.9521
80 32 23.9521
89 32 23.9521
93 32 25.4453
154 32 33.8983
244 32 14.556
247 32 12.7389
540 32 19.3986
578 32 19.3986
36 33 22.6244
39 33 23.9521
57 33 23.9521
59 33 23.9521
61 33 25.4453
70 33 23.9521
71 33 23.9521
79 33 23.9521
93 33 25.4453
154 33 33.8983
244 33 15.0943
247 33 12.7389
513 33 21.4362
514 33 21.4362
530 33 20.3666
39 34 23.9521
47 34 23.9521
50 34 23.9521
59 34 23.9521
70 34 23.9521
71 34 23.9521
79 34 23.9521
89 34 23.9521
92 34 25.4453
93 34 25.4453
154 34 33.8983
244 34 15.0943
247 34 12.7389
531 34 20.3666
43 35 23.9521
47 35 23.9521
70 35 23.9521
71 35 23.9521
73 35 25.4453
78 35 23.9521
79 35 23.9521
88 35 23.9521
89 35 23.9521
92 35 25.4453
153 35 33.8983
154 35 33.8983
244 35 15.0943
247 35 12.7389
378 35 31.2989
379 35 31.2989
532 35 20.3666
36 36 22.6244
37 36 23.9521
46 36 23.9521
70 36 23.9521
71 36 23.9521
78 36 23.9521
88 36 23.9521
145 36 36.9686
247 36 12.7389
373 36 27.137
377 36 31.2989
378 36 31.2989
625 36 25.4453
46 37 23.9521
50 37 23.9521
87 37 23.9521
88 37 23.9521
91 37 25.4453
145 37 36.9686
244 37 15.0943
247 37 12.7389
371 37 27.137
372 37 27.137
383 37 31.2989
534 37 20.3666
563 37 20.3666
37 38 23.9521
46 38 23.9521
50 38 23.9521
70 38 23.9521
75 38 23.9521
87 38 23.9521
154 38 36.9686
244 38 15.0943
247 38 12.7389
370 38 27.137
516 38 21.4362
540 38 21.4362
570 38 20.3666
571 38 20.3666
37 39 23.9521
46 39 23.9521
52 39 23.9521
75 39 23.9521
86 39 23.9521
87 39 23.9521
145 39 36.9686
244 39 15.0943
247 39 12.7389
369 39 27.137
537 39 20.3666
541 39 21.4362
30 40 22.6244
31 40 22.6244
37 40 23.9521
46 40 22.6244
86 40 23.9521
87 40 23.9521
145 40 36.9686
244 40 15.0943
247 40 12.7389
368 40 27.137
541 40 21.4362
577 40 19.3986
30 41 22.6244
32 41 22.6244
86 41 23.9521
158 41 33.8983
159 41 33.8983
247 41 12.7389
367 41 27.137
538 41 20.3666
35 42 23.9521
38 42 23.9521
46 42 22.6244
51 42 23.9521
86 42 23.9521
158 42 33.8983
247 42 12.7389
367 42 27.137
539 42 20.3666
35 43 23.9521
38 43 23.9521
42 43 29.0698
44 43 22.6244
46 43 22.6244
51 43 23.9521
78 43 23.9521
86 43 23.9521
158 43 33.8983
247 43 12.7389
366 43 27.137
592 43 19.3986
38 44 23.9521
46 44 22.6244
47 44 22.6244
51 44 23.9521
69 44 23.9521
70 44 23.9521
78 44 23.9521
85 44 23.9521
86 44 23.9521
158 44 36.9686
244 44 15.0943
247 44 12.7389
541 44 20.3666
544 44 20.3666
555 44 22.6244
556 44 22.6244
585 44 21.4362
586 44 21.4362
38 45 23.9521
69 45 23.9521
70 45 23.9521
85 45 23.9521
86 45 23.9521
158 45 36.9686
247 45 12.7389
362 45 27.137
521 45 21.4362
541 45 20.3666
542 45 20.3666
601 45 20.3666
616 45 25.4453
38 46 23.9521
52 46 23.9521
55 46 22.6244
59 46 25.4453
69 46 23.9521
80 46 23.9521
81 46 23.9521
85 46 23.9521
86 46 23.9521
149 46 36.9686
247 46 12.7389
518 46 21.4362
542 46 20.3666
543 46 20.3666
30 47 22.6244
42 47 23.9521
52 47 23.9521
59 47 25.4453
69 47 23.9521
70 47 23.9521
80 47 23.9521
85 47 23.9521
86 47 23.9521
247 47 12.7389
542 47 21.4362
543 47 21.4362
29 48 22.6244
30 48 22.6244
42 48 23.9521
44 48 23.9521
52 48 23.9521
59 48 23.9521
78 48 23.9521
85 48 23.9521
86 48 23.9521
162 48 36.9686
247 48 12.7389
542 48 21.4362
543 48 21.4362
32 49 22.6244
39 49 23.9521
44 49 23.9521
53 49 23.9521
59 49 23.9521
69 49 23.9521
85 49 23.9521
86 49 23.9521
161 49 36.9686
162 49 36.9686
244 49 15.0943
247 49 12.7389
541 49 21.4362
542 49 21.4362
546 49 18.5185
32 50 23.9521
39 50 23.9521
53 50 23.9521
59 50 23.9521
69 50 23.9521
85 50 23.9521
161 50 36.9686
244 50 15.0943
247 50 12.7389
542 50 21.4362
31 51 23.9521
37 51 23.9521
38 51 23.9521
39 51 23.9521
49 51 22.6244
54 51 23.9521
59 51 23.9521
69 51 23.9521
85 51 23.9521
86 51 23.9521
154 51 33.8983
161 51 36.9686
247 51 12.7389
30 52 23.9521
31 52 23.9521
38 52 23.9521
42 52 23.9521
49 52 22.6244
51 52 22.6244
54 52 22.6244
59 52 23.9521
85 52 23.9521
161 52 36.9686
247 52 12.7389
30 53 23.9521
33 53 23.9521
42 53 23.9521
48 53 22.6244
49 53 22.6244
58 53 23.9521
77 53 23.9521
85 53 23.9521
93 53 23.9521
94 53 23.9521
161 53 36.9686
247 53 12.7389
28 54 23.9521
30 54 23.9521
33 54 23.9521
36 54 23.9521
48 54 22.6244
69 54 23.9521
77 54 23.9521
84 54 23.9521
85 54 23.9521
93 54 23.9521
94 54 23.9521
160 54 36.9686
247 54 12.7389
542 54 21.4362
36 55 23.9521
42 55 23.9521
46 55 22.6244
47 55 22.6244
69 55 23.9521
76 55 23.9521
88 55 23.9521
92 55 25.4453
93 55 25.4453
160 55 36.9686
247 55 12.7389
542 55 21.4362
581 55 21.4362
582 55 21.4362
28 56 23.9521
31 56 23.9521
36 56 23.9521
42 56 23.9521
46 56 22.6244
47 56 22.6244
87 56 23.9521
92 56 25.4453
159 56 36.9686
247 56 12.7389
542 56 21.4362
28 57 23.9521
58 57 23.9521
86 57 23.9521
87 57 23.9521
92 57 25.4453
159 57 36.9686
247 57 12.7389
44 58 23.9521
49 58 23.9521
51 58 25.4453
58 58 23.9521
77 58 23.9521
85 58 23.9521
86 58 23.9521
92 58 25.4453
159 58 36.9686
247 58 12.7389
594 58 19.3986
595 58 19.3986
616 58 19.3986
29 59 23.9521
30 59 23.9521
33 59 23.9521
41 59 23.9521
44 59 23.9521
76 59 23.9521
77 59 23.9521
85 59 23.9521
91 59 25.4453
92 59 25.4453
158 59 36.9686
247 59 12.7389
599 59 19.3986
29 60 23.9521
40 60 23.9521
46 60 23.9521
76 60 23.9521
91 60 25.4453
92 60 25.4453
152 60 36.9686
247 60 12.7389
600 60 19.3986
601 60 19.3986
73 61 23.9521
83 61 25.4453
91 61 25.4453
247 61 12.7389
600 61 19.3986
636 61 27.137
29 62 23.9521
32 62 23.9521
33 62 23.9521
52 62 23.9521
53 62 23.9521
78 62 25.4453
90 62 25.4453
91 62 25.4453
247 62 12.7389
530 62 22.6244
531 62 22.6244
532 62 22.6244
533 62 21.4362
600 62 19.3986
29 63 23.9521
32 63 23.9521
39 63 23.9521
90 63 25.4453
91 63 25.4453
247 63 12.7389
380 63 29.0698
532 63 21.4362
533 63 21.4362
545 63 20.3666
44 64 22.6244
55 64 23.9521
86 64 23.9521
87 64 23.9521
90 64 25.4453
247 64 12.7389
304 64 33.8983
377 64 31.2989
30 65 23.9521
38 65 23.9521
43 65 22.6244
44 65 22.6244
90 65 25.4453
247 65 12.7389
534 65 21.4362
535 65 21.4362
540 65 21.4362
541 65 21.4362
30 66 23.9521
55 66 23.9521
66 66 25.4453
85 66 23.9521
86 66 23.9521
247 66 12.7389
540 66 21.4362
541 66 21.4362
33 67 23.9521
34 67 25.4453
41 67 23.9521
54 67 23.9521
57 67 23.9521
66 67 25.4453
85 67 23.9521
86 67 23.9521
247 67 12.7389
540 67 21.4362
541 67 21.4362
544 67 21.4362
31 68 23.9521
41 68 23.9521
48 68 23.9521
53 68 23.9521
57 68 23.9521
85 68 23.9521
160 68 33.8983
247 68 12.7389
544 68 21.4362
14 69 25.4453
31 69 23.9521
38 69 40.6504
41 69 23.9521
44 69 22.6244
56 69 23.9521
57 69 23.9521
85 69 23.9521
151 69 36.9686
247 69 12.7389
544 69 21.4362
32 70 23.9521
34 70 22.6244
41 70 23.9521
44 70 22.6244
45 70 22.6244
56 70 23.9521
57 70 23.9521
76 70 23.9521
166 70 33.8983
247 70 12.7389
544 70 21.4362
32 71 22.6244
45 71 22.6244
85 71 25.4453
156 71 36.9686
160 71 36.9686
166 71 33.8983
169 71 33.8983
243 71 15.0943
247 71 12.7389
539 71 21.4362
540 71 21.4362
616 71 20.3666
617 71 20.3666
13 72 25.4453
45 72 22.6244
52 72 23.9521
75 72 23.9521
81 72 23.9521
86 72 23.9521
141 72 36.9686
160 72 36.9686
165 72 33.8983
243 72 15.0943
247 72 12.7389
540 72 21.4362
541 72 21.4362
13 73 25.4453
33 73 23.9521
36 73 23.9521
45 73 22.6244
46 73 22.6244
51 73 23.9521
52 73 23.9521
74 73 23.9521
84 73 23.9521
89 73 23.9521
90 73 23.9521
141 73 36.9686
152 73 36.9686
247 73 12.7389
540 73 21.4362
541 73 21.4362
544 73 21.4362
545 73 21.4362
13 74 25.4453
33 74 22.6244
34 74 22.6244
45 74 22.6244
52 74 23.9521
56 74 23.9521
57 74 23.9521
89 74 23.9521
90 74 25.4453
152 74 36.9686
247 74 12.7389
541 74 21.4362
13 75 25.4453
33 75 22.6244
34 75 22.6244
44 75 22.6244
45 75 22.6244
56 75 23.9521
86 75 23.9521
87 75 23.9521
90 75 25.4453
108 75 67.5676
169 75 33.8983
247 75 12.7389
33 76 22.6244
43 76 22.6244
47 76 23.9521
57 76 25.4453
74 76 23.9521
78 76 23.9521
79 76 23.9521
86 76 23.9521
87 76 23.9521
90 76 25.4453
108 76 67.5676
169 76 33.8983
247 76 12.7389
18 77 27.137
33 77 22.6244
37 77 23.9521
43 77 22.6244
57 77 25.4453
74 77 23.9521
78 77 23.9521
79 77 23.9521
85 77 23.9521
86 77 23.9521
90 77 25.4453
106 77 67.5676
109 77 67.5676
169 77 33.8983
247 77 12.7389
626 77 36.9686
33 78 22.6244
37 78 23.9521
57 78 25.4453
65 78 22.6244
78 78 23.9521
90 78 25.4453
106 78 67.5676
145 78 36.9686
169 78 33.8983
247 78 12.7389
539 78 21.4362
549 78 15.674
626 78 36.9686
33 79 22.6244
51 79 23.9521
57 79 25.4453
90 79 25.4453
169 79 33.8983
243 79 15.0943
247 79 12.7389
586 79 21.4362
590 79 19.3986
626 79 36.9686
33 80 22.6244
51 80 23.9521
56 80 25.4453
57 80 25.4453
76 80 25.4453
77 80 25.4453
89 80 25.4453
90 80 25.4453
145 80 36.9686
169 80 33.8983
247 80 12.7389
540 80 21.4362
541 80 21.4362
542 80 20.3666
31 81 22.6244
33 81 22.6244
42 81 22.6244
51 81 23.9521
56 81 25.4453
77 81 25.4453
89 81 25.4453
90 81 25.4453
110 81 57.971
113 81 57.971
156 81 33.8983
168 81 33.8983
169 81 33.8983
247 81 12.7389
540 81 20.3666
541 81 20.3666
542 81 20.3666
602 81 19.3986
33 82 22.6244
36 82 23.9521
38 82 23.9521
42 82 22.6244
45 82 23.9521
51 82 23.9521
74 82 23.9521
76 82 23.9521
89 82 25.4453
156 82 33.8983
168 82 33.8983
243 82 15.0943
247 82 12.7389
541 82 20.3666
579 82 21.4362
602 82 19.3986
22 83 27.137
30 83 23.9521
33 83 22.6244
36 83 23.9521
73 83 23.9521
74 83 23.9521
81 83 25.4453
82 83 25.4453
85 83 23.9521
89 83 25.4453
111 83 57.971
155 83 33.8983
168 83 33.8983
172 83 36.9686
247 83 12.3533
21 84 27.137
30 84 23.9521
45 84 23.9521
73 84 23.9521
74 84 23.9521
81 84 25.4453
85 84 23.9521
89 84 23.9521
112 84 67.5676
155 84 36.9686
243 84 15.0943
247 84 12.3533
541 84 21.4362
542 84 21.4362
30 85 23.9521
40 85 22.6244
84 85 23.9521
88 85 23.9521
147 85 36.9686
154 85 36.9686
169 85 33.8983
170 85 36.9686
243 85 15.0943
247 85 12.3533
541 85 21.4362
542 85 21.4362
14 86 23.9521
30 86 23.9521
88 86 23.9521
112 86 67.5676
113 86 67.5676
147 86 36.9686
153 86 36.9686
154 86 36.9686
169 86 33.8983
170 86 33.8983
243 86 15.0943
247 86 12.3533
541 86 21.4362
20 87 27.137
42 87 22.6244
44 87 23.9521
77 87 25.4453
88 87 23.9521
98 87 67.5676
112 87 67.5676
154 87 36.9686
169 87 33.8983
170 87 33.8983
243 87 15.0943
247 87 12.3533
557 87 21.4362
594 87 21.4362
29 88 23.9521
34 88 22.6244
42 88 23.9521
44 88 23.9521
72 88 23.9521
73 88 23.9521
78 88 25.4453
88 88 23.9521
98 88 67.5676
111 88 67.5676
112 88 67.5676
145 88 36.9686
170 88 33.8983
243 88 15.0943
247 88 12.3533
541 88 21.4362
559 88 20.3666
560 88 20.3666
21 89 27.137
27 89 22.6244
41 89 22.6244
43 89 23.9521
72 89 23.9521
73 89 23.9521
78 89 25.4453
87 89 23.9521
88 89 23.9521
110 89 67.5676
111 89 67.5676
145 89 36.9686
170 89 33.8983
243 89 15.0943
247 89 12.3533
540 89 21.4362
541 89 21.4362
20 90 27.137
27 90 22.6244
67 90 22.6244
72 90 23.9521
83 90 36.9686
87 90 23.9521
88 90 25.4453
110 90 67.5676
170 90 33.8983
174 90 50.7614
243 90 15.0943
247 90 12.3533
522 90 21.4362
72 91 23.9521
86 91 23.9521
87 91 23.9521
109 91 67.5676
110 91 67.5676
174 91 50.7614
243 91 15.0943
247 91 12.3533
28 92 23.9521
71 92 23.9521
85 92 23.9521
86 92 23.9521
105 92 67.5676
109 92 67.5676
110 92 67.5676
123 92 67.5676
154 92 33.8983
174 92 50.7614
243 92 15.0943
247 92 12.3533
7 93 29.0698
16 93 27.137
33 93 22.6244
38 93 22.6244
39 93 23.9521
41 93 23.9521
71 93 23.9521
75 93 25.4453
85 93 23.9521
109 93 67.5676
110 93 67.5676
169 93 33.8983
229 93 45.1467
243 93 15.0943
247 93 12.3533
541 93 21.4362
6 94 29.0698
12 94 25.4453
13 94 27.137
15 94 27.137
20 94 27.137
33 94 22.6244
34 94 22.6244
41 94 23.9521
72 94 23.9521
109 94 67.5676
110 94 67.5676
120 94 57.971
144 94 36.9686
169 94 33.8983
217 94 45.1467
243 94 15.0943
247 94 12.3533
568 94 20.3666
585 94 22.6244
586 94 22.6244
15 95 27.137
20 95 27.137
30 95 23.9521
34 95 22.6244
72 95 23.9521
73 95 23.9521
88 95 23.9521
109 95 67.5676
144 95 36.9686
169 95 33.8983
175 95 36.9686
243 95 15.0943
247 95 12.3533
19 96 27.137
27 96 23.9521
28 96 23.9521
41 96 23.9521
42 96 23.9521
73 96 23.9521
88 96 23.9521
144 96 36.9686
152 96 36.9686
161 96 36.9686
169 96 33.8983
243 96 15.0943
247 96 12.3533
500 96 22.6244
501 96 22.6244
531 96 20.3666
532 96 20.3666
3 97 27.137
10 97 25.4453
28 97 23.9521
34 97 23.9521
42 97 23.9521
51 97 23.9521
71 97 23.9521
98 97 67.5676
110 97 67.5676
114 97 67.5676
144 97 36.9686
169 97 33.8983
175 97 36.9686
243 97 15.0943
247 97 12.3533
539 97 21.4362
540 97 21.4362
541 97 21.4362
51 98 23.9521
53 98 23.9521
71 98 23.9521
114 98 67.5676
145 98 36.9686
170 98 33.8983
175 98 36.9686
243 98 15.0943
247 98 12.3533
514 98 21.4362
515 98 21.4362
539 98 21.4362
540 98 21.4362
541 98 21.4362
553 98 20.3666
14 99 27.137
17 99 25.4453
20 99 25.4453
39 99 23.9521
87 99 23.9521
113 99 57.971
114 99 57.971
145 99 36.9686
170 99 33.8983
243 99 15.0943
247 99 12.3533
519 99 21.4362
16 100 27.137
32 100 23.9521
35 100 22.6244
39 100 23.9521
81 100 23.9521
87 100 23.9521
113 100 57.971
114 100 57.971
123 100 67.5676
175 100 36.9686
243 100 15.0943
247 100 12.3533
544 100 21.4362
14 101 27.137
15 101 27.137
20 101 25.4453
28 101 23.9521
32 101 23.9521
35 101 22.6244
86 101 23.9521
113 101 57.971
146 101 36.9686
153 101 36.9686
169 101 33.8983
175 101 36.9686
243 101 15.0943
247 101 12.3533
544 101 21.4362
14 102 27.137
28 102 23.9521
36 102 22.6244
85 102 23.9521
86 102 23.9521
93 102 25.4453
113 102 57.971
121 102 67.5676
146 102 36.9686
157 102 33.8983
169 102 33.8983
174 102 40.6504
175 102 40.6504
243 102 15.674
247 102 12.3533
544 102 21.4362
572 102 20.3666
573 102 20.3666
13 103 27.137
14 103 27.137
36 103 23.9521
38 103 23.9521
50 103 23.9521
51 103 23.9521
76 103 23.9521
84 103 23.9521
85 103 23.9521
91 103 25.4453
93 103 25.4453
147 103 36.9686
157 103 33.8983
164 103 33.8983
169 103 33.8983
174 103 40.6504
243 103 15.674
247 103 12.3533
488 103 23.9521
526 103 21.4362
544 103 21.4362
13 104 27.137
29 104 23.9521
33 104 23.9521
50 104 23.9521
85 104 23.9521
93 104 25.4453
147 104 36.9686
157 104 33.8983
174 104 40.6504
243 104 15.674
247 104 12.3533
527 104 21.4362
574 104 20.3666
11 105 25.4453
12 105 27.137
22 105 29.0698
29 105 23.9521
50 105 23.9521
93 105 25.4453
111 105 57.971
174 105 40.6504
243 105 15.674
247 105 12.3533
538 105 21.4362
539 105 21.4362
574 105 20.3666
11 106 27.137
12 106 27.137
33 106 23.9521
116 106 57.971
174 106 40.6504
243 106 15.674
247 106 12.3533
539 106 21.4362
11 107 25.4453
18 107 27.137
30 107 23.9521
56 107 50.7614
98 107 67.5676
174 107 40.6504
247 107 12.3533
17 108 27.137
30 108 23.9521
38 108 22.6244
92 108 25.4453
115 108 57.971
149 108 36.9686
174 108 40.6504
247 108 12.3533
10 109 27.137
11 109 27.137
16 109 27.137
30 109 23.9521
38 109 22.6244
39 109 22.6244
92 109 25.4453
115 109 57.971
149 109 36.9686
174 109 40.6504
247 109 12.3533
10 110 27.137
11 110 27.137
16 110 27.137
30 110 23.9521
102 110 27.137
114 110 57.971
123 110 67.5676
163 110 33.8983
174 110 40.6504
243 110 15.674
247 110 12.3533
9 111 25.4453
10 111 25.4453
11 111 25.4453
30 111 23.9521
31 111 23.9521
102 111 27.137
113 111 57.971
123 111 67.5676
154 111 36.9686
163 111 33.8983
174 111 40.6504
175 111 40.6504
243 111 15.674
247 111 12.3533
9 112 25.4453
113 112 57.971
123 112 67.5676
154 112 36.9686
163 112 33.8983
243 112 15.674
247 112 12.3533
8 113 25.4453
13 113 27.137
32 113 23.9521
91 113 25.4453
113 113 57.971
176 113 33.8983
227 113 45.1467
243 113 15.674
247 113 12.3533
7 114 25.4453
11 114 27.137
12 114 27.137
13 114 27.137
28 114 22.6244
32 114 22.6244
91 114 25.4453
113 114 57.971
116 114 67.5676
122 114 67.5676
176 114 33.8983
177 114 33.8983
214 114 45.1467
221 114 45.1467
243 114 15.674
247 114 12.3533
6 115 25.4453
12 115 27.137
23 115 27.137
71 115 23.9521
91 115 25.4453
122 115 67.5676
162 115 33.8983
176 115 33.8983
177 115 33.8983
221 115 45.1467
243 115 15.674
247 115 12.3533
5 116 25.4453
9 116 27.137
23 116 27.137
71 116 23.9521
91 116 25.4453
122 116 67.5676
162 116 33.8983
174 116 33.8983
176 116 33.8983
177 116 33.8983
243 116 15.0943
247 116 12.3533
4 117 25.4453
42 117 22.6244
91 117 25.4453
92 117 25.4453
112 117 57.971
122 117 67.5676
176 117 33.8983
211 117 50.7614
243 117 15.0943
247 117 12.3533
3 118 25.4453
9 118 27.137
10 118 27.137
91 118 25.4453
176 118 33.8983
243 118 15.0943
247 118 12.3533
6 119 25.4453
29 119 23.9521
30 119 23.9521
34 119 23.9521
91 119 25.4453
121 119 67.5676
159 119 36.9686
176 119 33.8983
243 119 15.0943
247 119 12.3533
5 120 25.4453
30 120 23.9521
34 120 23.9521
71 120 23.9521
91 120 27.137
159 120 36.9686
179 120 36.9686
243 120 15.0943
247 120 12.3533
3 121 27.137
4 121 25.4453
8 121 29.0698
28 121 23.9521
35 121 23.9521
43 121 23.9521
45 121 23.9521
55 121 22.6244
159 121 36.9686
179 121 36.9686
243 121 15.674
247 121 12.3533
3 122 25.4453
8 122 29.0698
35 122 22.6244
69 122 23.9521
74 122 22.6244
80 122 25.4453
93 122 36.9686
94 122 40.6504
173 122 45.1467
179 122 36.9686
243 122 15.674
247 122 12.3533
68 123 23.9521
91 123 25.4453
93 123 36.9686
94 123 40.6504
178 123 36.9686
243 123 15.674
247 123 12.3533
68 124 23.9521
91 124 27.137
101 124 67.5676
178 124 36.9686
247 124 12.3533
91 125 25.4453
100 125 67.5676
121 125 57.971
178 125 33.8983
243 125 15.674
247 125 12.3533
10 126 29.0698
47 126 25.4453
91 126 25.4453
177 126 33.8983
243 126 15.674
247 126 12.3533
10 127 29.0698
31 127 23.9521
38 127 23.9521
48 127 25.4453
65 127 23.9521
177 127 33.8983
243 127 15.674
247 127 12.3533
35 128 23.9521
176 128 36.9686
243 128 15.674
247 128 12.3533
35 129 23.9521
64 129 23.9521
174 129 36.9686
175 129 36.9686
243 129 15.674
247 129 12.3533
41 130 23.9521
156 130 36.9686
175 130 36.9686
243 130 15.674
247 130 12.3533
63 131 23.9521
175 131 40.6504
243 131 15.674
247 131 12.3533
19 132 29.0698
20 132 29.0698
32 132 23.9521
63 132 25.4453
159 132 33.8983
173 132 40.6504
175 132 40.6504
243 132 15.674
247 132 12.3533
29 133 33.8983
159 133 33.8983
173 133 40.6504
174 133 40.6504
243 133 15.674
247 133 12.3533
40 134 27.137
41 134 27.137
173 134 40.6504
247 134 12.3533
15 135 27.137
90 135 25.4453
173 135 40.6504
174 135 40.6504
247 135 12.7389
17 136 27.137
55 136 22.6244
82 136 25.4453
90 136 25.4453
173 136 40.6504
174 136 40.6504
247 136 12.7389
542 136 21.4362
3 137 27.137
82 137 25.4453
90 137 25.4453
135 137 57.971
247 137 12.7389
546 137 21.4362
33 138 23.9521
90 138 25.4453
247 138 12.7389
542 138 21.4362
31 139 23.9521
32 139 23.9521
90 139 25.4453
247 139 12.7389
542 139 21.4362
9 140 27.137
10 140 27.137
37 140 22.6244
171 140 33.8983
219 140 45.1467
247 140 12.7389
542 140 21.4362
10 141 27.137
32 141 22.6244
36 141 22.6244
219 141 45.1467
542 141 21.4362
10 142 27.137
29 142 33.8983
41 142 23.9521
6 143 27.137
7 143 29.0698
23 143 36.9686
41 143 23.9521
206 143 50.7614
60 144 23.9521
77 144 25.4453
176 144 36.9686
247 144 12.3533
4 145 27.137
60 145 23.9521
77 145 25.4453
82 145 25.4453
88 145 25.4453
176 145 36.9686
4 146 27.137
59 146 23.9521
82 146 25.4453
88 146 25.4453
92 146 27.137
3 147 27.137
5 147 27.137
12 147 31.2989
27 147 29.0698
59 147 23.9521
82 147 25.4453
88 147 25.4453
92 147 27.137
172 147 33.8983
34 148 36.9686
45 148 23.9521
59 148 23.9521
65 148 27.137
88 148 25.4453
92 148 27.137
45 149 23.9521
65 149 27.137
88 149 25.4453
92 149 27.137
268 149 101.01
542 149 21.4362
543 149 21.4362
21 150 27.137
45 150 23.9521
65 150 27.137
88 150 25.4453
92 150 27.137
12 151 29.0698
45 151 23.9521
82 151 25.4453
88 151 25.4453
92 151 27.137
27 152 40.6504
28 152 40.6504
58 152 23.9521
61 152 27.137
82 152 25.4453
88 152 25.4453
92 152 27.137
58 153 23.9521
77 153 25.4453
88 153 25.4453
92 153 27.137
58 154 23.9521
77 154 25.4453
88 154 25.4453
92 154 27.137
241 154 12.3533
16 155 27.137
82 155 27.137
88 155 25.4453
92 155 27.137
241 155 12.3533
8 156 27.137
12 156 29.0698
61 156 25.4453
82 156 27.137
88 156 25.4453
92 156 27.137
241 156 12.3533
12 157 29.0698
61 157 25.4453
88 157 25.4453
92 157 27.137
170 157 45.1467
241 157 12.3533
23 158 29.0698
61 158 25.4453
65 158 27.137
92 158 27.137
170 158 45.1467
547 158 21.4362
60 159 25.4453
88 159 25.4453
92 159 27.137
170 159 45.1467
236 159 50.7614
15 160 27.137
23 160 29.0698
60 160 25.4453
61 160 25.4453
88 160 25.4453
92 160 27.137
170 160 45.1467
241 160 12.3533
23 161 27.137
24 161 29.0698
26 161 33.8983
60 161 25.4453
77 161 25.4453
82 161 25.4453
88 161 25.4453
235 161 50.7614
241 161 12.3533
542 161 21.4362
543 161 21.4362
8 162 31.2989
77 162 25.4453
82 162 25.4453
87 162 25.4453
88 162 25.4453
92 162 27.137
241 162 12.3533
34 163 33.8983
60 163 27.137
87 163 25.4453
92 163 27.137
241 163 12.3533
6 164 31.2989
60 164 27.137
92 164 27.137
170 164 45.1467
241 164 12.3533
60 165 27.137
87 165 25.4453
92 165 27.137
241 165 12.3533
543 165 21.4362
7 166 31.2989
92 166 27.137
241 166 12.3533
543 166 21.4362
6 167 31.2989
7 167 31.2989
92 167 27.137
241 167 12.3533
543 167 21.4362
88 168 25.4453
165 168 67.5676
241 168 12.3533
543 168 21.4362
9 169 33.8983
77 169 25.4453
87 169 25.4453
76 170 25.4453
77 170 25.4453
81 170 25.4453
87 170 25.4453
262 170 101.01
87 171 25.4453
91 171 25.4453
13 172 36.9686
61 172 23.9521
87 172 25.4453
91 172 25.4453
92 172 25.4453
289 172 101.01
542 172 22.6244
543 172 22.6244
14 173 36.9686
61 173 23.9521
87 173 25.4453
91 173 25.4453
92 173 25.4453
165 173 57.971
182 173 57.971
61 174 23.9521
81 174 25.4453
87 174 25.4453
91 174 25.4453
165 174 57.971
219 174 45.1467
595 174 33.8983
596 174 31.2989
597 174 29.0698
598 174 29.0698
599 174 27.137
26 175 45.1467
46 175 23.9521
60 175 23.9521
61 175 23.9521
87 175 25.4453
91 175 25.4453
219 175 45.1467
247 175 12.7389
594 175 33.8983
595 175 31.2989
596 175 31.2989
597 175 29.0698
598 175 29.0698
599 175 27.137
600 175 27.137
601 175 25.4453
602 175 25.4453
60 176 23.9521
87 176 25.4453
91 176 25.4453
92 176 25.4453
219 176 45.1467
247 176 12.7389
595 176 31.2989
598 176 29.0698
599 176 27.137
600 176 27.137
88 177 25.4453
91 177 25.4453
169 177 45.1467
219 177 45.1467
247 177 12.3533
543 177 21.4362
597 177 29.0698
598 177 29.0698
599 177 27.137
6 178 40.6504
15 178 45.1467
21 178 40.6504
25 178 40.6504
45 178 23.9521
76 178 25.4453
77 178 25.4453
169 178 45.1467
191 178 50.7614
219 178 45.1467
248 178 12.3533
543 178 21.4362
591 178 57.971
32 179 57.971
76 179 25.4453
82 179 27.137
169 179 45.1467
219 179 45.1467
248 179 12.3533
8 180 40.6504
9 180 40.6504
11 180 40.6504
19 180 40.6504
33 180 57.971
76 180 25.4453
82 180 27.137
169 180 45.1467
219 180 45.1467
248 180 12.3533
508 180 45.1467
509 180 45.1467
510 180 40.6504
511 180 36.9686
512 180 33.8983
513 180 31.2989
514 180 31.2989
76 181 25.4453
82 181 27.137
219 181 45.1467
248 181 12.3533
503 181 200
508 181 45.1467
509 181 45.1467
510 181 40.6504
511 181 36.9686
512 181 33.8983
513 181 31.2989
514 181 31.2989
515 181 29.0698
600 181 29.0698
76 182 25.4453
82 182 27.137
96 182 36.9686
161 182 33.8983
182 182 67.5676
185 182 36.9686
186 182 36.9686
219 182 45.1467
248 182 12.3533
508 182 45.1467
509 182 40.6504
512 182 33.8983
513 182 31.2989
600 182 29.0698
15 183 40.6504
32 183 40.6504
76 183 25.4453
82 183 27.137
96 183 36.9686
169 183 45.1467
185 183 36.9686
186 183 36.9686
204 183 101.01
218 183 45.1467
219 183 45.1467
248 183 12.3533
284 183 101.01
512 183 36.9686
513 183 33.8983
514 183 33.8983
600 183 29.0698
32 184 40.6504
33 184 40.6504
76 184 25.4453
82 184 27.137
169 184 50.7614
204 184 101.01
219 184 45.1467
248 184 12.3533
504 184 134.228
511 184 36.9686
512 184 36.9686
513 184 33.8983
600 184 29.0698
7 185 31.2989
76 185 25.4453
82 185 27.137
169 185 45.1467
219 185 45.1467
248 185 12.3533
509 185 40.6504
510 185 36.9686
511 185 36.9686
512 185 33.8983
600 185 29.0698
6 186 31.2989
7 186 31.2989
76 186 25.4453
82 186 27.137
169 186 45.1467
174 186 50.7614
204 186 101.01
248 186 12.3533
512 186 36.9686
600 186 29.0698
76 187 25.4453
82 187 27.137
169 187 45.1467
186 187 36.9686
248 187 12.3533
503 187 200
509 187 40.6504
510 187 36.9686
511 187 36.9686
512 187 33.8983
594 187 31.2989
600 187 29.0698
7 188 31.2989
14 188 29.0698
76 188 25.4453
82 188 27.137
169 188 45.1467
186 188 36.9686
247 188 12.3533
600 188 29.0698
4 189 57.971
7 189 29.0698
76 189 25.4453
82 189 27.137
204 189 101.01
247 189 12.3533
4 190 57.971
10 190 57.971
13 190 31.2989
23 190 57.971
61 190 23.9521
76 190 25.4453
82 190 27.137
169 190 45.1467
174 190 50.7614
204 190 101.01
246 190 12.3533
247 190 12.3533
9 191 57.971
10 191 57.971
11 191 57.971
13 191 31.2989
23 191 57.971
24 191 57.971
76 191 25.4453
82 191 27.137
169 191 45.1467
247 191 12.3533
76 192 25.4453
81 192 27.137
82 192 27.137
123 192 45.1467
169 192 45.1467
174 192 50.7614
246 192 12.3533
247 192 12.3533
28 193 50.7614
36 193 57.971
42 193 23.9521
76 193 25.4453
81 193 27.137
82 193 27.137
169 193 45.1467
242 193 16.2999
246 193 12.3533
247 193 12.3533
29 194 50.7614
30 194 50.7614
36 194 57.971
75 194 25.4453
76 194 25.4453
81 194 25.4453
169 194 45.1467
242 194 16.2999
246 194 12.3533
247 194 12.3533
496 194 57.971
497 194 57.971
498 194 57.971
499 194 50.7614
76 195 25.4453
81 195 25.4453
82 195 25.4453
169 195 45.1467
204 195 101.01
214 195 50.7614
247 195 12.3533
490 195 50.7614
491 195 50.7614
492 195 50.7614
496 195 57.971
497 195 57.971
498 195 57.971
499 195 50.7614
501 195 45.1467
43 196 23.9521
52 196 23.9521
76 196 25.4453
81 196 25.4453
114 196 67.5676
169 196 45.1467
204 196 101.01
214 196 50.7614
247 196 12.3533
487 196 200
490 196 50.7614
491 196 50.7614
492 196 50.7614
493 196 45.1467
496 196 57.971
497 196 57.971
498 196 57.971
43 197 23.9521
76 197 25.4453
169 197 45.1467
247 197 12.3533
487 197 200
489 197 57.971
490 197 50.7614
491 197 50.7614
492 197 50.7614
493 197 45.1467
496 197 57.971
497 197 57.971
498 197 57.971
501 197 25.4453
625 197 40.6504
626 197 40.6504
43 198 23.9521
44 198 23.9521
76 198 25.4453
81 198 25.4453
82 198 25.4453
108 198 67.5676
169 198 45.1467
218 198 45.1467
247 198 12.3533
487 198 200
490 198 50.7614
491 198 50.7614
492 198 50.7614
496 198 57.971
497 198 57.971
43 199 23.9521
44 199 23.9521
76 199 25.4453
81 199 27.137
82 199 27.137
108 199 67.5676
169 199 45.1467
218 199 45.1467
247 199 12.3533
44 200 23.9521
76 200 25.4453
81 200 27.137
82 200 27.137
169 200 50.7614
262 200 80.9717
280 200 101.01
609 200 45.1467
44 201 23.9521
76 201 25.4453
81 201 27.137
82 201 27.137
169 201 50.7614
44 202 23.9521
76 202 25.4453
81 202 25.4453
82 202 25.4453
169 202 50.7614
280 202 101.01
59 203 23.9521
76 203 25.4453
81 203 25.4453
82 203 25.4453
58 204 23.9521
59 204 23.9521
76 204 25.4453
81 204 25.4453
129 204 40.6504
160 204 33.8983
262 204 80.9717
280 204 101.01
59 205 23.9521
76 205 25.4453
81 205 25.4453
129 205 40.6504
160 205 33.8983
3 206 36.9686
59 206 23.9521
71 206 45.1467
76 206 25.4453
81 206 25.4453
129 206 40.6504
143 206 40.6504
160 206 33.8983
280 206 101.01
3 207 36.9686
44 207 22.6244
76 207 25.4453
81 207 25.4453
129 207 40.6504
143 207 40.6504
146 207 45.1467
160 207 33.8983
280 207 101.01
570 207 13.587
571 207 13.587
572 207 13.587
76 208 25.4453
130 208 40.6504
160 208 33.8983
75 209 25.4453
76 209 25.4453
81 209 25.4453
130 209 40.6504
160 209 33.8983
289 209 80.9717
75 210 25.4453
76 210 25.4453
81 210 25.4453
130 210 40.6504
160 210 33.8983
222 210 57.971
611 210 12.3533
612 210 11.9904
613 210 11.9904
59 211 23.9521
60 211 23.9521
75 211 25.4453
76 211 25.4453
81 211 25.4453
160 211 33.8983
222 211 57.971
247 211 12.3533
586 211 134.228
606 211 14.556
607 211 14.556
608 211 14.0548
609 211 13.587
610 211 12.7389
611 211 12.3533
612 211 11.9904
613 211 11.9904
614 211 11.6482
615 211 11.6482
616 211 11.6482
617 211 11.0193
619 211 10.7296
60 212 23.9521
76 212 27.137
81 212 25.4453
160 212 33.8983
247 212 12.3533
613 212 11.9904
614 212 11.6482
615 212 11.6482
616 212 11.6482
76 213 27.137
160 213 33.8983
247 213 12.3533
615 213 11.6482
58 214 23.9521
76 214 27.137
81 214 25.4453
150 214 45.1467
160 214 33.8983
247 214 12.3533
609 214 11.9904
610 214 11.9904
57 215 23.9521
58 215 23.9521
76 215 27.137
81 215 25.4453
160 215 33.8983
217 215 45.1467
247 215 12.3533
39 216 22.6244
57 216 23.9521
58 216 23.9521
76 216 27.137
81 216 25.4453
150 216 45.1467
160 216 33.8983
218 216 45.1467
247 216 12.3533
609 216 11.9904
610 216 11.9904
613 216 11.6482
614 216 11.6482
615 216 11.6482
40 217 23.9521
57 217 23.9521
139 217 45.1467
150 217 45.1467
218 217 45.1467
247 217 12.3533
420 217 134.228
579 217 15.674
580 217 15.674
40 218 22.6244
57 218 23.9521
139 218 45.1467
150 218 45.1467
161 218 36.9686
218 218 45.1467
334 218 80.9717
420 218 134.228
421 218 134.228
15 219 36.9686
41 219 23.9521
57 219 23.9521
125 219 40.6504
150 219 45.1467
161 219 36.9686
332 219 101.01
333 219 80.9717
334 219 80.9717
335 219 67.5676
336 219 67.5676
337 219 67.5676
387 219 80.9717
573 219 13.1492
605 219 11.6482
616 219 11.6482
621 219 12.3533
41 220 22.6244
57 220 23.9521
335 220 67.5676
387 220 80.9717
388 220 80.9717
396 220 67.5676
397 220 67.5676
410 220 101.01
411 220 101.01
412 220 101.01
577 220 15.0943
605 220 11.6482
615 220 11.6482
616 220 11.6482
621 220 12.3533
622 220 12.3533
57 221 23.9521
58 221 23.9521
218 221 45.1467
388 221 80.9717
389 221 80.9717
396 221 67.5676
397 221 67.5676
398 221 67.5676
399 221 67.5676
605 221 11.6482
616 221 11.6482
617 221 11.6482
621 221 12.3533
622 221 12.3533
12 222 36.9686
57 222 23.9521
102 222 50.7614
572 222 13.1492
605 222 11.6482
622 222 12.3533
12 223 36.9686
57 223 23.9521
102 223 50.7614
605 223 11.6482
616 223 11.325
617 223 11.325
618 223 11.325
12 224 36.9686
56 224 23.9521
57 224 23.9521
102 224 50.7614
150 224 45.1467
344 224 67.5676
345 224 57.971
346 224 50.7614
347 224 45.1467
348 224 45.1467
349 224 40.6504
355 224 21.4362
613 224 12.7389
615 224 11.6482
616 224 11.325
617 224 11.325
618 224 11.325
623 224 12.3533
624 224 12.3533
12 225 36.9686
56 225 23.9521
57 225 23.9521
102 225 50.7614
345 225 57.971
346 225 50.7614
347 225 45.1467
348 225 45.1467
349 225 40.6504
355 225 21.4362
356 225 20.3666
358 225 20.3666
548 225 14.0548
549 225 14.0548
571 225 13.1492
604 225 11.6482
616 225 11.325
617 225 11.325
623 225 12.3533
12 226 36.9686
40 226 22.6244
57 226 23.9521
102 226 50.7614
356 226 20.3666
555 226 14.0548
570 226 13.1492
571 226 13.1492
603 226 11.6482
604 226 11.6482
616 226 11.325
617 226 11.325
618 226 11.325
12 227 36.9686
40 227 22.6244
57 227 23.9521
102 227 50.7614
554 227 14.0548
555 227 14.0548
559 227 14.0548
616 227 11.325
617 227 11.325
12 228 36.9686
57 228 23.9521
102 228 50.7614
547 228 14.556
550 228 13.1492
617 228 11.325
12 229 36.9686
57 229 23.9521
66 229 45.1467
102 229 50.7614
240 229 12.3533
545 229 14.556
546 229 14.556
547 229 14.556
549 229 13.587
550 229 13.1492
613 229 11.6482
12 230 36.9686
41 230 22.6244
56 230 23.9521
57 230 23.9521
162 230 36.9686
240 230 12.3533
544 230 15.0943
545 230 14.556
610 230 11.325
618 230 11.325
12 231 36.9686
41 231 22.6244
56 231 23.9521
57 231 23.9521
66 231 45.1467
170 231 36.9686
543 231 15.0943
544 231 15.0943
610 231 11.325
618 231 11.325
12 232 36.9686
41 232 22.6244
57 232 22.6244
66 232 45.1467
542 232 15.0943
543 232 15.0943
610 232 11.325
618 232 11.325
9 233 36.9686
12 233 36.9686
57 233 22.6244
58 233 22.6244
542 233 15.0943
610 233 11.325
618 233 11.325
9 234 36.9686
12 234 36.9686
41 234 22.6244
48 234 22.6244
58 234 22.6244
59 234 22.6244
180 234 36.9686
609 234 11.6482
610 234 11.325
611 234 11.325
612 234 11.325
613 234 11.0193
618 234 11.325
586 235 11.9904
610 235 11.6482
611 235 11.325
612 235 11.325
613 235 11.0193
617 235 11.325
618 235 11.325
247 236 12.7389
522 236 15.674
618 236 11.325
634 236 11.325
63 237 23.9521
540 237 15.0943
632 237 11.325
633 237 11.325
634 237 11.325
41 238 22.6244
63 238 23.9521
539 238 15.0943
540 238 15.0943
633 238 11.325
634 238 11.325
41 239 22.6244
42 239 22.6244
60 239 23.9521
7 240 25.4453
41 240 22.6244
61 240 23.9521
62 240 23.9521
634 240 11.325
55 241 23.9521
62 241 23.9521
63 241 23.9521
541 241 15.0943
542 241 15.0943
80 242 25.4453
540 242 15.0943
541 242 15.0943
545 242 14.556
546 242 14.556
540 243 15.0943
541 243 15.0943
83 245 23.9521
587 246 11.9904
588 246 11.9904
589 246 11.9904
586 247 12.3533
587 247 12.3533
588 247 11.9904
589 247 11.9904
23 248 21.4362
512 248 18.5185
513 248 18.5185
585 248 12.3533
586 248 12.3533
587 248 12.3533
588 248 11.9904
594 248 11.6482
14 249 21.4362
545 249 14.556
585 249 12.3533
586 249 12.3533
584 250 12.3533
585 250 12.3533
586 250 12.3533
15 251 21.4362
585 251 12.3533
546 252 15.0943
547 252 15.0943
584 252 12.3533
585 252 12.3533
609 252 11.6482
246 253 12.7389
247 253 12.7389
546 253 15.0943
550 253 13.1492
584 253 12.3533
585 253 12.3533
616 253 11.325
617 253 11.325
618 253 11.325
247 254 12.7389
249 254 12.7389
514 254 17.7148
583 254 12.3533
584 254 12.3533
585 254 12.3533
584 255 12.3533
637 255 13.587
584 256 12.3533
547 257 14.556
548 257 14.556
584 257 12.3533
587 257 12.3533
588 257 12.3533
599 257 11.6482
584 258 12.3533
587 258 12.3533
584 259 12.3533
595 259 11.9904
596 259 11.9904
584 260 12.3533
594 260 11.9904
595 260 11.9904
596 260 11.9904
600 260 11.6482
247 261 12.7389
541 261 15.0943
555 261 14.556
593 261 11.9904
594 261 11.9904
595 261 11.9904
541 262 15.0943
542 262 15.0943
594 262 11.9904
637 263 12.7389
537 264 15.0943
596 264 11.9904
596 265 11.9904
597 265 11.9904
620 265 11.325
621 265 11.325
560 266 14.0548
561 266 14.0548
564 266 14.0548
595 266 11.9904
596 266 11.9904
597 266 11.9904
563 267 13.587
596 267 11.9904
597 267 11.9904
586 268 12.3533
470 269 15.0943
475 269 13.587
594 269 11.9904
587 270 12.3533
588 270 12.3533
594 270 11.9904
595 270 11.9904
594 271 11.9904
595 271 11.9904
273 272 13.1492
566 272 12.7389
594 272 11.9904
261 273 12.7389
102 276 14.0548
103 276 13.587
104 276 13.587
104 277 13.587
105 277 14.0548
600 278 11.6482
280 279 12.3533
594 284 10.7296
205 286 10.7296
206 286 10.7296
207 286 10.7296
222 286 10.4548
223 286 10.4548
208 287 10.4548
230 287 9.9453
192 291 9.48317
624 291 10.1937
625 291 10.1937
188 292 9.48317
173 293 9.70874
168 294 9.70874
173 294 9.70874
231 295 9.26784
232 295 9.26784
619 295 9.48317
209 296 8.86525
619 296 9.48317
621 296 9.26784
622 296 9.26784
623 296 9.26784
14 297 10.1937
209 297 8.86525
210 297 8.86525
622 297 9.26784
623 297 9.26784
222 298 8.86525
186 299 8.67679
198 299 8.67679
222 299 8.86525
199 300 8.67679
200 300 8.67679
201 300 8.67679
183 301 8.49618
200 301 8.67679
203 301 8.86525
170 302 8.49618
219 305 8.32293
237 307 8.49618
238 307 8.49618
238 308 8.49618
239 308 8.49618
133 309 7.9968
176 309 7.84314
177 309 7.84314
132 310 7.9968
177 310 7.84314
173 311 7.55287
174 311 7.69527
209 311 7.69527
173 312 7.55287
174 312 7.55287
175 312 7.69527
183 313 7.55287
194 313 7.55287
199 313 7.69527
179 315 7.41565
180 315 7.41565
181 316 7.41565
188 316 7.41565
108 317 7.15564
109 317 7.15564
178 317 7.41565
195 317 7.41565
108 318 7.15564
109 318 7.15564
193 319 7.41565
95 320 7.03235
112 320 7.03235
196 320 7.15564
102 321 7.03235
197 321 7.15564
98 322 6.7981
99 322 6.7981
99 323 6.7981
92 325 6.68673
153 326 6.47459
154 326 6.47459
155 326 6.47459
224 326 7.41565
111 327 6.47459
112 327 6.47459
150 327 6.47459
154 327 6.47459
155 327 6.47459
157 327 6.47459
150 328 6.47459
167 328 6.47459
163 329 6.68673
193 329 6.68673
202 329 6.68673
120 330 6.27549
121 330 6.27549
163 330 6.68673
220 330 7.15564
221 330 7.15564
88 331 6.18047
132 331 6.18047
155 331 6.37349
156 331 6.37349
88 332 6.18047
115 332 6.27549
132 332 6.18047
133 332 6.18047
188 332 6.37349
189 332 6.37349
215 332 6.91324
216 332 6.91324
88 333 6.18047
89 333 6.18047
144 333 5.9988
159 333 6.27549
170 333 6.18047
171 333 6.18047
189 333 6.37349
190 333 6.37349
191 333 6.27549
192 333 6.27549
216 333 6.91324
217 333 6.91324
89 334 6.18047
94 334 6.18047
120 334 6.18047
144 334 5.9988
153 334 6.08828
156 334 6.18047
172 334 6.18047
192 334 6.27549
193 334 6.37349
120 335 6.18047
138 335 5.9988
139 335 5.82751
151 335 6.08828
156 335 6.18047
157 335 6.27549
77 336 6.08828
85 336 5.9988
86 336 5.9988
117 336 6.18047
118 336 6.18047
127 336 5.9988
131 336 5.9988
140 336 5.82751
141 336 5.82751
151 336 6.08828
156 336 6.18047
157 336 6.18047
216 336 6.7981
217 336 6.7981
75 337 6.08828
77 337 6.08828
78 337 6.08828
141 337 5.91191
198 337 6.37349
210 337 6.57895
217 337 6.7981
218 337 6.7981
75 338 6.08828
76 338 6.08828
81 338 5.51268
124 338 5.9988
125 338 5.9988
143 338 5.91191
169 338 6.08828
210 338 6.57895
211 338 6.57895
212 338 6.57895
59 339 5.82751
96 339 5.91191
117 339 5.91191
125 339 5.9988
126 339 5.9988
143 339 5.91191
144 339 5.91191
546 339 6.68673
559 339 6.37349
560 339 6.37349
60 340 5.82751
140 340 5.82751
547 340 6.57895
548 340 6.57895
549 340 6.57895
550 340 6.57895
551 340 6.47459
553 340 6.27549
555 340 6.57895
556 340 6.47459
557 340 6.47459
558 340 6.37349
559 340 6.37349
560 340 6.27549
561 340 6.18047
46 341 5.74548
61 341 5.82751
69 341 5.82751
70 341 5.82751
102 341 5.91191
140 341 5.82751
180 341 6.08828
181 341 6.08828
549 341 6.57895
550 341 6.57895
551 341 6.47459
552 341 6.37349
553 341 6.27549
554 341 6.27549
555 341 6.57895
556 341 6.47459
559 341 6.37349
560 341 6.27549
561 341 6.18047
562 341 6.18047
55 342 5.66572
61 342 5.82751
70 342 5.82751
92 342 5.82751
112 342 5.82751
113 342 5.82751
140 342 5.82751
141 342 5.82751
182 342 6.08828
183 342 6.08828
184 342 5.9988
189 342 6.08828
210 342 6.37349
211 342 6.37349
562 342 5.9988
563 342 5.91191
56 343 5.66572
64 343 5.74548
65 343 5.74548
92 343 5.82751
98 343 5.74548
150 343 5.82751
207 343 6.37349
57 344 5.66572
83 344 5.82751
93 344 5.82751
98 344 5.74548
99 344 5.74548
150 344 5.82751
151 344 5.82751
158 344 5.82751
207 344 6.37349
208 344 6.37349
209 344 6.37349
100 345 5.74548
158 345 5.82751
162 345 5.74548
163 345 5.74548
62 346 5.66572
143 346 5.58815
162 346 5.74548
163 346 5.74548
167 346 5.66572
140 347 5.58815
167 347 5.66572
168 347 5.66572
33 348 5.51268
41 348 5.43922
42 348 5.43922
157 348 5.58815
167 348 5.66572
168 348 5.66572
30 349 5.43922
36 349 5.43922
30 350 5.43922
31 350 5.43922
141 350 5.58815
153 350 5.58815
163 350 5.66572
30 351 5.43922
106 351 5.51268
164 351 5.66572
141 352 5.58815
65 353 5.29801
110 353 5.29801
169 353 5.58815
170 353 5.58815
110 354 5.29801
111 354 5.29801
171 354 5.58815
110 355 5.29801
111 355 5.29801
118 355 5.29801
148 355 5.43922
149 355 5.43922
165 355 5.51268
112 356 5.23013
118 356 5.29801
99 357 5.29801
159 357 5.36769
160 357 5.36769
86 359 5.03651
109 359 5.09944
161 359 5.36769
164 359 5.29801
106 360 5.09944
109 360 5.09944
110 360 5.09944
147 360 5.23013
164 360 5.29801
165 360 5.29801
59 361 5.03651
60 361 4.97512
61 361 4.97512
102 361 5.03651
110 361 5.09944
61 362 4.97512
62 362 5.03651
96 362 5.03651
98 362 5.58815
102 362 5.03651
103 362 5.03651
104 362 5.03651
105 362 5.03651
106 362 5.03651
160 362 5.29801
207 362 5.58815
35 363 4.97512
104 363 5.03651
105 363 5.03651
106 363 4.91521
107 363 4.91521
120 363 5.09944
29 364 4.91521
95 364 4.91521
122 364 5.09944
29 365 4.91521
95 365 4.91521
96 365 4.91521
99 365 4.63607
100 365 4.63607
31 366 4.85673
32 366 4.85673
54 366 4.85673
96 366 4.91521
106 366 4.79962
33 367 4.85673
106 367 4.79962
107 367 4.79962
147 367 5.03651
156 367 5.09944
100 368 4.85673
101 368 4.79962
102 368 4.79962
107 368 4.79962
119 368 4.91521
120 368 4.91521
124 368 4.85673
140 368 4.97512
60 369 4.74383
67 369 4.79962
100 369 4.85673
101 369 4.79962
102 369 4.79962
103 369 4.79962
104 369 4.74383
120 369 4.91521
125 369 4.85673
67 370 4.79962
116 370 4.85673
117 370 4.85673
125 370 4.85673
117 371 4.85673
152 371 4.91521
163 371 4.97512
164 371 4.97512
165 372 4.97512
87 373 4.68933
93 373 4.63607
87 374 4.68933
91 374 4.63607
94 374 4.63607
113 374 5.03651
208 374 5.23013
69 375 4.584
84 375 4.53309
91 375 4.63607
102 375 4.63607
112 375 5.03651
113 375 5.03651
115 375 4.79962
116 375 4.68933
117 375 4.68933
118 375 4.68933
209 375 5.23013
397 375 5.16396
398 375 5.16396
36 376 4.584
73 376 4.68933
82 376 4.63607
83 376 4.63607
103 376 4.584
33 377 4.53309
73 377 4.584
82 377 4.63607
83 377 4.63607
85 377 4.53309
86 377 4.53309
93 377 4.63607
98 377 4.584
99 377 4.584
100 377 4.584
108 377 4.53309
32 378 4.53309
33 378 4.53309
72 378 4.584
73 378 4.584
86 378 4.4833
99 378 4.584
100 378 4.584
101 378 4.584
108 378 4.53309
109 378 4.53309
110 378 4.53309
135 378 4.68933
136 378 4.68933
399 378 5.03651
400 378 5.03651
33 379 4.53309
44 379 4.43459
45 379 4.43459
50 379 4.43459
72 379 4.53309
73 379 4.53309
110 379 4.53309
124 379 4.584
131 379 4.63607
135 379 4.68933
136 379 4.68933
45 380 4.43459
46 380 4.43459
124 380 4.584
125 380 4.584
126 380 4.584
41 381 4.43459
60 381 4.43459
72 381 4.4833
80 381 4.43459
82 381 4.43459
106 381 4.53309
107 381 4.53309
44 382 4.43459
52 382 4.34028
72 382 4.4833
73 382 4.4833
96 382 4.38693
97 382 4.38693
108 382 4.53309
222 382 4.97512
223 382 4.97512
59 383 4.29461
65 383 4.34028
97 383 4.38693
220 383 4.91521
55 384 4.24989
56 384 4.24989
59 384 4.24989
60 384 4.24989
97 384 4.38693
129 384 4.584
152 384 4.68933
208 384 4.85673
220 384 4.91521
221 384 4.97512
222 384 4.97512
10 385 4.38693
55 385 4.24989
56 385 4.24989
72 385 4.38693
73 385 4.38693
74 385 4.38693
75 385 4.38693
153 385 4.68933
221 385 4.91521
222 385 4.91521
71 386 4.43459
73 386 4.38693
74 386 4.38693
75 386 4.38693
76 386 4.38693
77 386 4.38693
130 386 4.584
133 386 4.4833
206 386 4.85673
207 386 4.85673
51 387 4.2061
82 387 4.29461
83 387 4.29461
119 387 4.38693
166 387 4.79962
170 387 4.79962
40 388 4.24989
41 388 4.24989
51 388 4.2061
61 388 4.2061
83 388 4.29461
119 388 4.38693
120 388 4.38693
121 388 4.38693
170 388 4.79962
171 388 4.79962
172 388 4.79962
41 389 4.24989
45 389 4.1632
60 389 4.2061
101 389 4.34028
102 389 4.34028
117 389 4.38693
118 389 4.38693
164 389 4.79962
617 389 4.74383
45 390 4.1632
60 390 4.2061
61 390 4.2061
70 390 4.24989
117 390 4.38693
118 390 4.38693
45 391 4.1632
61 391 4.2061
62 391 4.2061
71 391 4.24989
114 391 4.38693
115 391 4.38693
120 392 4.34028
152 392 4.85673
163 392 4.74383
164 392 4.74383
52 393 4.1632
91 393 4.29461
92 393 4.29461
121 393 4.34028
52 394 4.1632
533 394 4.63607
534 394 4.63607
53 395 4.1632
104 395 4.1632
106 395 4.1632
108 395 4.1632
149 395 4.53309
150 395 4.53309
154 395 4.53309
162 395 4.584
163 395 4.584
84 396 4.2061
106 396 4.1632
107 396 4.1632
113 396 4.24989
150 396 4.53309
151 396 4.53309
158 396 4.53309
163 396 4.584
164 396 4.584
67 397 4.12116
71 397 4.07997
114 397 4.24989
157 397 4.53309
158 397 4.53309
159 397 4.53309
31 398 4.07997
72 398 4.07997
73 398 4.07997
74 398 4.07997
75 398 4.12116
76 398 4.12116
154 398 4.4833
159 398 4.53309
73 399 4.07997
74 399 4.07997
75 399 4.12116
76 399 4.12116
77 399 4.12116
153 399 4.4833
154 399 4.4833
155 399 4.4833
156 399 4.4833
66 400 4.07997
67 400 4.07997
69 400 4.07997
74 400 4.07997
109 400 4.12116
155 400 4.4833
156 400 4.4833
157 400 4.4833
258 400 4.4833
259 400 4.4833
525 400 4.4833
526 400 4.4833
527 400 4.4833
528 400 4.43459
52 401 4.03959
53 401 4.03959
66 401 4.07997
67 401 4.03959
68 401 4.07997
69 401 4.07997
70 401 4.03959
103 401 4.07997
108 401 4.1632
109 401 4.12116
110 401 4.12116
111 401 4.12116
112 401 4.1632
151 401 4.43459
275 401 4.4833
276 401 4.4833
52 402 4.03959
67 402 4.03959
68 402 4.07997
69 402 4.03959
70 402 4.03959
71 402 4.03959
84 402 4.03959
104 402 4.07997
105 402 4.07997
107 402 4.12116
108 402 4.1632
114 402 4.1632
121 402 4.1632
122 402 4.1632
255 402 4.43459
256 402 4.43459
69 403 4.03959
70 403 4.03959
71 403 4.03959
72 403 4.03959
83 403 4.03959
149 403 4.43459
255 403 4.43459
256 403 4.43459
257 403 4.43459
258 403 4.38693
259 403 4.38693
18 404 4.03959
46 404 4.03959
70 404 4.03959
71 404 4.03959
72 404 4.03959
82 404 4.03959
83 404 4.03959
150 404 4.43459
18 405 4.03959
19 405 4.03959
24 405 4.03959
25 405 4.03959
46 405 4.03959
103 405 4.03959
418 405 4.34028
24 406 4.03959
25 406 4.03959
80 406 4.03959
312 406 4.34028
419 406 4.34028
420 406 4.34028
24 407 4.03959
25 407 4.03959
37 407 4.03959
85 407 4.03959
274 407 4.34028
25 408 4.03959
26 408 4.03959
36 408 4.03959
37 408 4.03959
275 408 4.34028
12 409 4.03959
91 409 4.03959
12 410 4.03959
13 410 4.03959
40 410 4.03959
16 412 4.03959
124 412 4.03959
125 412 4.03959
343 412 4.29461
382 412 4.2061
383 412 4.2061
384 412 4.2061
15 413 4.03959
16 413 4.03959
269 413 4.24989
344 413 4.29461
17 414 4.03959
60 414 4.03959
270 414 4.24989
114 415 4.03959
553 415 4.12116
112 416 4.03959
113 416 4.03959
114 416 4.03959
554 416 4.12116
555 416 4.12116
111 417 4.03959
112 417 4.03959
113 417 4.03959
556 417 4.07997
112 418 4.03959
113 418 4.03959
180 419 4.12116
344 419 4.07997
549 421 4.03959
205 422 4.03959
206 422 4.03959
427 422 4.03959
560 422 4.03959
561 422 4.03959
206 423 4.03959
295 423 4.03959
375 424 4.03959
376 424 4.03959
