15 3 22.6244
16 3 22.6244
17 3 22.6244
20 3 21.4362
32 3 21.4362
39 3 22.6244
42 3 27.137
72 3 23.9521
225 3 11.0193
230 3 11.0193
544 3 19.3986
545 3 19.3986
546 3 19.3986
594 3 20.3666
9 4 21.4362
10 4 21.4362
12 4 21.4362
20 4 21.4362
29 4 31.2989
61 4 22.6244
72 4 22.6244
230 4 11.0193
336 4 29.0698
587 4 20.3666
593 4 20.3666
9 5 21.4362
12 5 21.4362
60 5 22.6244
61 5 22.6244
71 5 22.6244
72 5 22.6244
225 5 11.0193
230 5 11.0193
314 5 27.137
585 5 20.3666
586 5 20.3666
587 5 20.3666
22 6 21.4362
33 6 22.6244
60 6 22.6244
69 6 22.6244
70 6 22.6244
71 6 22.6244
225 6 11.0193
230 6 11.0193
475 6 27.137
528 6 19.3986
596 6 20.3666
614 6 20.3666
615 6 20.3666
15 7 21.4362
26 7 21.4362
27 7 21.4362
33 7 22.6244
60 7 23.9521
68 7 23.9521
69 7 23.9521
225 7 11.0193
230 7 11.0193
297 7 29.0698
352 7 33.8983
554 7 17.7148
596 7 20.3666
9 8 21.4362
10 8 21.4362
14 8 21.4362
15 8 21.4362
26 8 21.4362
30 8 21.4362
34 8 22.6244
57 8 22.6244
63 8 31.2989
65 8 31.2989
68 8 22.6244
230 8 11.0193
10 9 21.4362
15 9 21.4362
30 9 21.4362
56 9 22.6244
57 9 22.6244
65 9 31.2989
68 9 23.9521
225 9 11.0193
230 9 11.0193
350 9 33.8983
396 9 36.9686
569 9 21.4362
11 10 21.4362
14 10 21.4362
30 10 21.4362
50 10 22.6244
56 10 22.6244
59 10 22.6244
68 10 23.9521
230 10 11.0193
325 10 29.0698
349 10 33.8983
395 10 36.9686
553 10 19.3986
623 10 17.7148
636 10 16.9779
10 11 21.4362
11 11 21.4362
14 11 22.6244
20 11 21.4362
21 11 21.4362
26 11 21.4362
33 11 21.4362
58 11 22.6244
59 11 22.6244
67 11 23.9521
68 11 23.9521
69 11 23.9521
225 11 11.0193
230 11 10.7296
373 11 23.9521
10 12 21.4362
20 12 21.4362
29 12 21.4362
36 12 22.6244
58 12 22.6244
225 12 11.0193
230 12 10.7296
534 12 20.3666
535 12 20.3666
536 12 20.3666
537 12 20.3666
550 12 17.7148
11 13 21.4362
19 13 21.4362
25 13 21.4362
49 13 21.4362
58 13 22.6244
67 13 23.9521
230 13 10.7296
375 13 23.9521
538 13 19.3986
539 13 19.3986
603 13 20.3666
8 14 21.4362
11 14 21.4362
19 14 21.4362
20 14 21.4362
31 14 21.4362
32 14 21.4362
35 14 22.6244
49 14 21.4362
61 14 23.9521
67 14 22.6244
70 14 22.6244
225 14 11.0193
230 14 10.7296
375 14 23.9521
391 14 31.2989
537 14 20.3666
538 14 19.3986
539 14 19.3986
20 15 21.4362
31 15 21.4362
32 15 21.4362
49 15 21.4362
61 15 23.9521
71 15 22.6244
225 15 11.0193
230 15 10.7296
296 15 31.2989
297 15 31.2989
12 16 21.4362
19 16 21.4362
20 16 21.4362
21 16 21.4362
26 16 21.4362
27 16 21.4362
30 16 21.4362
31 16 21.4362
60 16 23.9521
61 16 23.9521
71 16 22.6244
225 16 11.0193
230 16 10.7296
541 16 19.3986
597 16 17.7148
626 16 18.5185
627 16 18.5185
9 17 21.4362
12 17 21.4362
22 17 21.4362
23 17 21.4362
26 17 21.4362
27 17 21.4362
30 17 21.4362
58 17 22.6244
60 17 23.9521
67 17 22.6244
225 17 11.0193
230 17 10.7296
541 17 19.3986
542 17 19.3986
550 17 19.3986
572 17 20.3666
573 17 20.3666
574 17 20.3666
596 17 17.7148
597 17 17.7148
610 17 19.3986
9 18 21.4362
10 18 21.4362
36 18 22.6244
46 18 21.4362
47 18 21.4362
48 18 21.4362
56 18 22.6244
57 18 22.6244
58 18 22.6244
67 18 22.6244
225 18 11.0193
230 18 10.7296
380 18 23.9521
507 18 21.4362
542 18 19.3986
550 18 19.3986
9 19 21.4362
11 19 21.4362
33 19 21.4362
36 19 22.6244
46 19 21.4362
47 19 21.4362
55 19 21.4362
56 19 22.6244
57 19 22.6244
67 19 22.6244
71 19 23.9521
230 19 10.7296
525 19 19.3986
543 19 19.3986
549 19 20.3666
550 19 20.3666
11 20 21.4362
12 20 22.6244
20 20 21.4362
23 20 21.4362
24 20 21.4362
46 20 22.6244
47 20 21.4362
55 20 22.6244
67 20 22.6244
71 20 23.9521
230 20 10.7296
544 20 19.3986
545 20 19.3986
550 20 20.3666
11 21 22.6244
12 21 22.6244
16 21 21.4362
20 21 21.4362
25 21 21.4362
46 21 22.6244
47 21 22.6244
49 21 22.6244
55 21 22.6244
67 21 22.6244
70 21 23.9521
71 21 23.9521
230 21 10.7296
545 21 19.3986
550 21 20.3666
556 21 20.3666
8 22 21.4362
9 22 21.4362
16 22 21.4362
20 22 21.4362
22 22 21.4362
47 22 22.6244
55 22 21.4362
56 22 21.4362
58 22 22.6244
60 22 23.9521
66 22 22.6244
67 22 22.6244
70 22 23.9521
71 22 23.9521
138 22 33.8983
225 22 11.0193
230 22 10.7296
596 22 18.5185
8 23 21.4362
9 23 21.4362
19 23 21.4362
28 23 22.6244
47 23 22.6244
55 23 21.4362
65 23 22.6244
66 23 22.6244
70 23 23.9521
141 23 33.8983
230 23 10.7296
379 23 23.9521
380 23 23.9521
391 23 25.4453
392 23 25.4453
554 23 20.3666
555 23 20.3666
596 23 17.7148
19 24 21.4362
21 24 21.4362
24 24 21.4362
48 24 22.6244
55 24 21.4362
65 24 22.6244
69 24 23.9521
230 24 10.7296
376 24 25.4453
377 24 25.4453
378 24 25.4453
379 24 23.9521
380 24 23.9521
523 24 19.3986
549 24 18.5185
560 24 16.9779
588 24 18.5185
592 24 18.5185
10 25 21.4362
19 25 21.4362
51 25 22.6244
52 25 22.6244
55 25 21.4362
64 25 22.6244
65 25 22.6244
69 25 23.9521
141 25 33.8983
142 25 33.8983
230 25 10.7296
373 25 27.137
375 25 25.4453
378 25 25.4453
383 25 23.9521
528 25 19.3986
551 25 18.5185
552 25 18.5185
596 25 17.7148
9 26 21.4362
10 26 21.4362
16 26 21.4362
19 26 21.4362
30 26 22.6244
51 26 22.6244
52 26 22.6244
64 26 22.6244
132 26 33.8983
141 26 33.8983
230 26 10.7296
371 26 25.4453
372 26 25.4453
475 26 27.137
552 26 18.5185
596 26 17.7148
597 26 17.7148
9 27 21.4362
13 27 22.6244
19 27 21.4362
22 27 21.4362
24 27 21.4362
63 27 22.6244
64 27 22.6244
141 27 33.8983
230 27 10.7296
369 27 25.4453
370 27 27.137
551 27 18.5185
553 27 18.5185
554 27 18.5185
4 28 21.4362
13 28 22.6244
19 28 21.4362
44 28 22.6244
45 28 22.6244
52 28 21.4362
62 28 22.6244
63 28 22.6244
141 28 33.8983
226 28 12.7389
230 28 10.7296
368 28 25.4453
369 28 25.4453
382 28 33.8983
407 28 25.4453
552 28 18.5185
553 28 18.5185
561 28 19.3986
593 28 19.3986
7 29 21.4362
10 29 21.4362
19 29 21.4362
25 29 21.4362
51 29 21.4362
52 29 21.4362
59 29 22.6244
230 29 10.7296
367 29 25.4453
381 29 33.8983
480 29 27.137
507 29 20.3666
553 29 18.5185
554 29 18.5185
3 30 21.4362
7 30 21.4362
10 30 21.4362
19 30 21.4362
20 30 21.4362
25 30 21.4362
55 30 22.6244
63 30 22.6244
132 30 33.8983
136 30 33.8983
230 30 10.7296
367 30 25.4453
555 30 18.5185
556 30 18.5185
602 30 19.3986
604 30 19.3986
609 30 19.3986
613 30 17.7148
10 31 21.4362
19 31 21.4362
25 31 21.4362
46 31 22.6244
55 31 22.6244
63 31 22.6244
64 31 22.6244
132 31 33.8983
140 31 33.8983
230 31 10.7296
366 31 25.4453
502 31 25.4453
555 31 19.3986
556 31 19.3986
602 31 19.3986
603 31 19.3986
604 31 19.3986
609 31 19.3986
610 31 19.3986
10 32 21.4362
23 32 21.4362
30 32 21.4362
45 32 22.6244
46 32 22.6244
56 32 22.6244
62 32 22.6244
63 32 22.6244
131 32 33.8983
230 32 10.7296
365 32 25.4453
366 32 25.4453
555 32 19.3986
556 32 19.3986
559 32 16.9779
568 32 20.3666
569 32 20.3666
595 32 19.3986
596 32 19.3986
22 33 21.4362
25 33 21.4362
30 33 21.4362
31 33 21.4362
33 33 21.4362
45 33 22.6244
46 33 22.6244
62 33 22.6244
63 33 22.6244
131 33 33.8983
146 33 33.8983
226 33 12.7389
230 33 10.7296
530 33 20.3666
555 33 20.3666
556 33 20.3666
565 33 23.9521
570 33 20.3666
26 34 22.6244
28 34 21.4362
30 34 21.4362
33 34 21.4362
45 34 22.6244
57 34 22.6244
62 34 22.6244
63 34 22.6244
146 34 33.8983
226 34 12.7389
230 34 10.7296
528 34 20.3666
556 34 20.3666
615 34 17.7148
618 34 17.7148
16 35 22.6244
17 35 22.6244
22 35 22.6244
45 35 22.6244
46 35 22.6244
62 35 22.6244
63 35 22.6244
145 35 33.8983
146 35 33.8983
230 35 10.7296
359 35 27.137
360 35 27.137
361 35 27.137
530 35 20.3666
531 35 19.3986
556 35 20.3666
613 35 17.7148
618 35 17.7148
7 36 21.4362
21 36 20.3666
22 36 20.3666
27 36 21.4362
33 36 22.6244
34 36 22.6244
45 36 22.6244
46 36 22.6244
55 36 22.6244
56 36 22.6244
62 36 22.6244
63 36 22.6244
145 36 33.8983
146 36 33.8983
230 36 10.7296
376 36 36.9686
555 36 20.3666
556 36 20.3666
613 36 17.7148
4 37 21.4362
11 37 21.4362
27 37 21.4362
33 37 22.6244
34 37 22.6244
45 37 22.6244
49 37 21.4362
55 37 22.6244
56 37 22.6244
63 37 22.6244
136 37 33.8983
145 37 33.8983
230 37 10.7296
344 37 31.2989
345 37 31.2989
556 37 20.3666
4 38 21.4362
9 38 21.4362
11 38 21.4362
16 38 21.4362
27 38 21.4362
45 38 22.6244
48 38 22.6244
49 38 21.4362
63 38 22.6244
136 38 33.8983
230 38 10.7296
555 38 20.3666
556 38 20.3666
572 38 20.3666
596 38 18.5185
597 38 18.5185
598 38 18.5185
601 38 16.2999
10 39 21.4362
11 39 21.4362
21 39 21.4362
22 39 21.4362
27 39 21.4362
28 39 21.4362
33 39 22.6244
38 39 200
45 39 22.6244
63 39 22.6244
230 39 10.7296
524 39 18.5185
556 39 20.3666
597 39 18.5185
6 40 21.4362
11 40 21.4362
15 40 21.4362
21 40 21.4362
33 40 21.4362
42 40 22.6244
43 40 22.6244
63 40 22.6244
141 40 33.8983
149 40 33.8983
230 40 10.7296
334 40 31.2989
335 40 31.2989
634 40 17.7148
8 41 21.4362
15 41 21.4362
21 41 21.4362
33 41 21.4362
42 41 22.6244
53 41 22.6244
54 41 22.6244
71 41 22.6244
149 41 33.8983
230 41 10.7296
333 41 31.2989
334 41 31.2989
368 41 25.4453
371 41 36.9686
578 41 18.5185
586 41 20.3666
587 41 20.3666
613 41 19.3986
631 41 17.7148
5 42 21.4362
8 42 21.4362
21 42 21.4362
45 42 22.6244
53 42 22.6244
54 42 22.6244
62 42 22.6244
71 42 22.6244
72 42 22.6244
149 42 33.8983
230 42 10.7296
303 42 27.137
512 42 20.3666
513 42 20.3666
556 42 20.3666
559 42 20.3666
19 43 21.4362
20 43 21.4362
24 43 21.4362
52 43 22.6244
62 43 22.6244
71 43 22.6244
72 43 22.6244
141 43 36.9686
149 43 33.8983
230 43 10.7296
555 43 20.3666
556 43 20.3666
597 43 20.3666
598 43 20.3666
3 44 21.4362
6 44 21.4362
15 44 21.4362
19 44 21.4362
52 44 22.6244
65 44 22.6244
70 44 22.6244
141 44 36.9686
149 44 33.8983
229 44 10.7296
230 44 10.7296
555 44 20.3666
577 44 20.3666
578 44 20.3666
598 44 20.3666
6 45 22.6244
7 45 22.6244
22 45 21.4362
25 45 21.4362
32 45 22.6244
62 45 22.6244
63 45 22.6244
64 45 22.6244
65 45 22.6244
70 45 22.6244
148 45 33.8983
149 45 33.8983
230 45 10.7296
328 45 31.2989
616 45 17.7148
631 45 17.7148
633 45 17.7148
7 46 22.6244
16 46 21.4362
17 46 21.4362
21 46 21.4362
25 46 21.4362
32 46 22.6244
33 46 22.6244
58 46 22.6244
59 46 22.6244
62 46 22.6244
64 46 22.6244
70 46 22.6244
148 46 33.8983
230 46 10.7296
327 46 31.2989
616 46 17.7148
620 46 17.7148
13 47 21.4362
16 47 21.4362
21 47 20.3666
24 47 21.4362
25 47 21.4362
53 47 22.6244
54 47 22.6244
58 47 22.6244
61 47 22.6244
62 47 22.6244
70 47 22.6244
138 47 31.2989
147 47 33.8983
148 47 33.8983
230 47 10.7296
326 47 31.2989
559 47 19.3986
3 48 22.6244
13 48 21.4362
16 48 21.4362
18 48 21.4362
52 48 22.6244
53 48 22.6244
69 48 22.6244
70 48 22.6244
147 48 33.8983
230 48 10.7296
512 48 19.3986
559 48 19.3986
620 48 18.5185
621 48 18.5185
48 49 21.4362
52 49 22.6244
53 49 22.6244
61 49 22.6244
69 49 22.6244
147 49 33.8983
229 49 10.7296
230 49 10.7296
559 49 19.3986
578 49 21.4362
579 49 21.4362
620 49 18.5185
634 49 16.9779
4 50 21.4362
5 50 21.4362
14 50 21.4362
22 50 22.6244
23 50 21.4362
25 50 22.6244
69 50 22.6244
147 50 33.8983
224 50 12.7389
226 50 12.7389
229 50 10.7296
230 50 10.7296
544 50 20.3666
555 50 20.3666
559 50 19.3986
4 51 21.4362
5 51 21.4362
27 51 21.4362
28 51 21.4362
55 51 22.6244
68 51 22.6244
69 51 22.6244
147 51 33.8983
226 51 12.7389
229 51 10.7296
230 51 10.7296
540 51 22.6244
541 51 22.6244
544 51 20.3666
559 51 19.3986
575 51 19.3986
4 52 21.4362
16 52 21.4362
30 52 21.4362
54 52 22.6244
55 52 22.6244
68 52 22.6244
69 52 22.6244
146 52 36.9686
147 52 36.9686
226 52 12.7389
229 52 10.7296
230 52 10.7296
545 52 19.3986
546 52 19.3986
547 52 19.3986
559 52 19.3986
636 52 17.7148
637 52 17.7148
15 53 20.3666
16 53 20.3666
29 53 21.4362
30 53 21.4362
31 53 22.6244
54 53 22.6244
58 53 23.9521
64 53 22.6244
68 53 22.6244
139 53 36.9686
230 53 10.7296
546 53 19.3986
547 53 19.3986
559 53 19.3986
628 53 18.5185
629 53 18.5185
11 54 22.6244
15 54 20.3666
16 54 21.4362
42 54 21.4362
64 54 22.6244
67 54 23.9521
68 54 23.9521
151 54 33.8983
226 54 13.1492
230 54 10.7296
367 54 29.0698
524 54 19.3986
525 54 19.3986
548 54 19.3986
553 54 20.3666
554 54 20.3666
555 54 20.3666
5 55 22.6244
28 55 21.4362
41 55 21.4362
54 55 21.4362
63 55 22.6244
226 55 13.1492
230 55 10.7296
365 55 29.0698
523 55 19.3986
526 55 18.5185
547 55 19.3986
548 55 19.3986
553 55 20.3666
554 55 20.3666
555 55 20.3666
6 56 22.6244
13 56 21.4362
14 56 20.3666
27 56 21.4362
28 56 21.4362
40 56 21.4362
41 56 21.4362
55 56 21.4362
63 56 22.6244
224 56 13.1492
226 56 13.1492
229 56 10.7296
230 56 10.7296
299 56 33.8983
362 56 40.6504
467 56 29.0698
468 56 29.0698
554 56 20.3666
555 56 20.3666
559 56 19.3986
571 56 21.4362
620 56 17.7148
3 57 21.4362
6 57 22.6244
17 57 21.4362
23 57 22.6244
24 57 22.6244
25 57 21.4362
28 57 21.4362
31 57 22.6244
40 57 21.4362
44 57 21.4362
51 57 21.4362
59 57 31.2989
62 57 22.6244
63 57 22.6244
224 57 13.1492
226 57 13.1492
229 57 10.7296
230 57 10.7296
298 57 33.8983
466 57 29.0698
559 57 19.3986
3 58 21.4362
16 58 21.4362
17 58 21.4362
31 58 22.6244
40 58 22.6244
62 58 22.6244
63 58 22.6244
140 58 33.8983
224 58 13.1492
226 58 13.1492
229 58 10.7296
230 58 10.7296
372 58 27.137
375 58 25.4453
558 58 19.3986
559 58 19.3986
614 58 18.5185
4 59 21.4362
14 59 21.4362
17 59 21.4362
24 59 22.6244
28 59 22.6244
30 59 22.6244
31 59 22.6244
224 59 11.0193
226 59 11.0193
230 59 10.7296
374 59 27.137
559 59 19.3986
4 60 21.4362
17 60 21.4362
30 60 22.6244
31 60 22.6244
224 60 11.0193
226 60 11.0193
229 60 10.7296
230 60 10.7296
373 60 27.137
539 60 18.5185
552 60 20.3666
553 60 20.3666
590 60 17.7148
591 60 17.7148
612 60 18.5185
633 60 18.5185
637 60 19.3986
4 61 21.4362
62 61 21.4362
66 61 22.6244
138 61 33.8983
139 61 33.8983
224 61 11.0193
229 61 10.7296
230 61 10.7296
552 61 20.3666
553 61 20.3666
554 61 20.3666
581 61 18.5185
589 61 17.7148
7 62 21.4362
18 62 21.4362
26 62 22.6244
51 62 22.6244
63 62 21.4362
67 62 22.6244
138 62 33.8983
147 62 33.8983
148 62 33.8983
158 62 33.8983
224 62 11.0193
229 62 11.0193
230 62 11.0193
358 62 33.8983
460 62 31.2989
554 62 20.3666
614 62 20.3666
5 63 21.4362
17 63 21.4362
18 63 21.4362
26 63 22.6244
30 63 22.6244
31 63 22.6244
50 63 22.6244
51 63 22.6244
63 63 22.6244
67 63 22.6244
68 63 22.6244
154 63 33.8983
224 63 13.1492
226 63 13.1492
229 63 11.0193
230 63 11.0193
458 63 31.2989
459 63 31.2989
547 63 19.3986
548 63 19.3986
554 63 20.3666
558 63 19.3986
559 63 19.3986
560 63 19.3986
572 63 18.5185
634 63 18.5185
4 64 21.4362
5 64 21.4362
17 64 21.4362
29 64 22.6244
31 64 22.6244
67 64 22.6244
68 64 22.6244
143 64 33.8983
154 64 33.8983
226 64 13.1492
229 64 11.0193
230 64 11.0193
357 64 33.8983
548 64 19.3986
550 64 18.5185
598 64 16.9779
617 64 20.3666
618 64 20.3666
631 64 18.5185
4 65 21.4362
16 65 21.4362
17 65 21.4362
64 65 22.6244
67 65 22.6244
148 65 33.8983
153 65 33.8983
226 65 13.1492
229 65 11.0193
230 65 11.0193
401 65 31.2989
551 65 18.5185
4 66 21.4362
9 66 21.4362
16 66 21.4362
25 66 21.4362
31 66 22.6244
50 66 21.4362
52 66 21.4362
55 66 21.4362
63 66 22.6244
64 66 22.6244
68 66 22.6244
153 66 33.8983
229 66 11.0193
230 66 11.0193
9 67 21.4362
16 67 21.4362
31 67 22.6244
49 67 22.6244
50 67 21.4362
55 67 21.4362
63 67 22.6244
64 67 22.6244
68 67 22.6244
139 67 33.8983
140 67 33.8983
224 67 13.1492
229 67 11.0193
230 67 11.0193
552 67 19.3986
627 67 18.5185
4 68 21.4362
6 68 21.4362
25 68 21.4362
49 68 21.4362
56 68 21.4362
63 68 22.6244
68 68 22.6244
139 68 33.8983
140 68 33.8983
157 68 33.8983
226 68 13.1492
229 68 11.0193
230 68 11.0193
552 68 19.3986
553 68 19.3986
554 68 19.3986
599 68 19.3986
600 68 19.3986
615 68 20.3666
4 69 21.4362
6 69 21.4362
25 69 22.6244
29 69 22.6244
30 69 22.6244
31 69 22.6244
57 69 23.9521
58 69 21.4362
68 69 22.6244
140 69 33.8983
157 69 33.8983
226 69 13.1492
229 69 11.0193
230 69 11.0193
481 69 18.5185
608 69 18.5185
609 69 18.5185
610 69 18.5185
4 70 21.4362
5 70 21.4362
6 70 21.4362
7 70 21.4362
31 70 22.6244
40 70 21.4362
49 70 21.4362
55 70 23.9521
67 70 22.6244
68 70 22.6244
97 70 57.971
136 70 33.8983
157 70 33.8983
229 70 11.0193
230 70 11.0193
553 70 20.3666
608 70 18.5185
609 70 18.5185
629 70 18.5185
3 71 22.6244
14 71 21.4362
15 71 21.4362
25 71 22.6244
31 71 22.6244
40 71 21.4362
42 71 21.4362
49 71 21.4362
54 71 22.6244
55 71 22.6244
67 71 22.6244
68 71 22.6244
101 71 67.5676
157 71 33.8983
229 71 10.7296
230 71 10.7296
449 71 31.2989
450 71 31.2989
554 71 20.3666
555 71 20.3666
615 71 18.5185
616 71 18.5185
617 71 18.5185
628 71 18.5185
629 71 18.5185
8 72 21.4362
10 72 21.4362
14 72 21.4362
15 72 21.4362
42 72 21.4362
54 72 22.6244
66 72 22.6244
98 72 67.5676
131 72 33.8983
157 72 33.8983
158 72 33.8983
229 72 10.7296
230 72 10.7296
396 72 31.2989
397 72 31.2989
554 72 20.3666
555 72 20.3666
596 72 19.3986
8 73 21.4362
49 73 21.4362
50 73 21.4362
51 73 21.4362
54 73 22.6244
63 73 22.6244
66 73 22.6244
99 73 57.971
132 73 33.8983
157 73 33.8983
230 73 10.7296
383 73 36.9686
395 73 31.2989
559 73 19.3986
573 73 19.3986
574 73 19.3986
635 73 36.9686
9 74 21.4362
10 74 21.4362
49 74 21.4362
50 74 21.4362
58 74 23.9521
63 74 22.6244
66 74 22.6244
96 74 67.5676
131 74 33.8983
132 74 33.8983
143 74 31.2989
157 74 33.8983
230 74 10.7296
335 74 31.2989
336 74 31.2989
382 74 36.9686
445 74 33.8983
621 74 19.3986
622 74 19.3986
635 74 36.9686
3 75 21.4362
10 75 21.4362
11 75 21.4362
12 75 21.4362
45 75 200
49 75 21.4362
58 75 23.9521
66 75 22.6244
91 75 67.5676
96 75 67.5676
104 75 67.5676
143 75 31.2989
156 75 33.8983
157 75 33.8983
229 75 10.7296
230 75 10.7296
335 75 31.2989
444 75 33.8983
555 75 20.3666
635 75 36.9686
4 76 21.4362
11 76 21.4362
61 76 22.6244
65 76 22.6244
143 76 31.2989
156 76 33.8983
160 76 33.8983
230 76 10.7296
554 76 20.3666
555 76 20.3666
568 76 20.3666
8 77 21.4362
14 77 21.4362
28 77 21.4362
49 77 22.6244
61 77 22.6244
65 77 22.6244
100 77 67.5676
103 77 67.5676
142 77 31.2989
143 77 31.2989
156 77 33.8983
160 77 33.8983
230 77 10.7296
393 77 33.8983
8 78 21.4362
14 78 21.4362
16 78 21.4362
17 78 21.4362
24 78 20.3666
49 78 22.6244
54 78 23.9521
65 78 22.6244
66 78 22.6244
100 78 57.971
142 78 33.8983
571 78 20.3666
572 78 20.3666
8 79 21.4362
13 79 21.4362
16 79 21.4362
17 79 21.4362
49 79 22.6244
55 79 23.9521
65 79 22.6244
66 79 22.6244
104 79 67.5676
158 79 33.8983
159 79 33.8983
230 79 10.7296
392 79 33.8983
576 79 18.5185
577 79 18.5185
4 80 23.9521
5 80 23.9521
13 80 21.4362
16 80 21.4362
47 80 22.6244
48 80 22.6244
49 80 22.6244
55 80 22.6244
56 80 23.9521
64 80 22.6244
65 80 22.6244
101 80 67.5676
141 80 33.8983
157 80 33.8983
158 80 33.8983
230 80 10.7296
391 80 33.8983
554 80 20.3666
555 80 20.3666
8 81 21.4362
42 81 21.4362
47 81 21.4362
48 81 21.4362
49 81 21.4362
64 81 22.6244
65 81 22.6244
157 81 33.8983
158 81 33.8983
230 81 10.7296
554 81 20.3666
555 81 20.3666
576 81 18.5185
8 82 21.4362
42 82 21.4362
43 82 21.4362
53 82 23.9521
63 82 22.6244
64 82 22.6244
132 82 33.8983
158 82 33.8983
224 82 11.0193
436 82 33.8983
46 83 22.6244
57 83 45.1467
62 83 22.6244
63 83 22.6244
87 83 57.971
97 83 57.971
102 83 57.971
103 83 57.971
132 83 33.8983
158 83 33.8983
389 83 33.8983
473 83 31.2989
5 84 21.4362
12 84 21.4362
13 84 21.4362
15 84 21.4362
16 84 21.4362
46 84 21.4362
51 84 23.9521
63 84 22.6244
87 84 57.971
102 84 57.971
158 84 33.8983
219 84 45.1467
554 84 20.3666
583 84 19.3986
584 84 19.3986
3 85 22.6244
6 85 21.4362
9 85 21.4362
14 85 21.4362
17 85 21.4362
51 85 23.9521
63 85 22.6244
66 85 22.6244
88 85 57.971
101 85 57.971
158 85 33.8983
219 85 45.1467
526 85 18.5185
527 85 18.5185
584 85 19.3986
585 85 19.3986
3 86 22.6244
48 86 22.6244
65 86 22.6244
66 86 22.6244
100 86 57.971
101 86 57.971
141 86 31.2989
432 86 29.0698
602 86 20.3666
3 87 22.6244
12 87 21.4362
14 87 21.4362
46 87 22.6244
49 87 22.6244
55 87 22.6244
56 87 22.6244
65 87 22.6244
100 87 57.971
131 87 33.8983
157 87 33.8983
164 87 45.1467
224 87 11.0193
545 87 18.5185
558 87 20.3666
12 88 21.4362
14 88 21.4362
46 88 21.4362
99 88 57.971
100 88 57.971
131 88 33.8983
157 88 33.8983
164 88 45.1467
511 88 20.3666
544 88 18.5185
545 88 18.5185
550 88 19.3986
11 89 21.4362
65 89 22.6244
70 89 22.6244
95 89 67.5676
99 89 57.971
113 89 57.971
131 89 33.8983
157 89 33.8983
164 89 45.1467
553 89 20.3666
554 89 20.3666
555 89 20.3666
567 89 19.3986
568 89 19.3986
11 90 21.4362
12 90 21.4362
13 90 21.4362
47 90 22.6244
48 90 22.6244
64 90 21.4362
65 90 21.4362
99 90 57.971
131 90 33.8983
139 90 33.8983
157 90 33.8983
158 90 33.8983
385 90 33.8983
553 90 20.3666
587 90 19.3986
11 91 21.4362
47 91 21.4362
64 91 21.4362
65 91 21.4362
69 91 22.6244
99 91 57.971
100 91 57.971
110 91 67.5676
131 91 33.8983
157 91 33.8983
158 91 33.8983
221 91 45.1467
426 91 31.2989
427 91 31.2989
528 91 18.5185
529 91 18.5185
58 92 22.6244
63 92 22.6244
64 92 22.6244
69 92 22.6244
99 92 57.971
110 92 67.5676
131 92 33.8983
158 92 33.8983
164 92 45.1467
221 92 45.1467
425 92 31.2989
457 92 33.8983
570 92 19.3986
3 93 22.6244
12 93 21.4362
23 93 21.4362
24 93 21.4362
53 93 21.4362
108 93 67.5676
131 93 33.8983
147 93 33.8983
158 93 33.8983
220 93 45.1467
224 93 10.7296
424 93 31.2989
5 94 21.4362
7 94 21.4362
8 94 21.4362
14 94 21.4362
24 94 21.4362
52 94 21.4362
71 94 23.9521
88 94 67.5676
100 94 57.971
158 94 33.8983
164 94 40.6504
224 94 10.7296
24 95 21.4362
26 95 21.4362
46 95 22.6244
61 95 22.6244
62 95 22.6244
71 95 22.6244
87 95 67.5676
88 95 67.5676
100 95 57.971
104 95 57.971
132 95 33.8983
140 95 33.8983
158 95 33.8983
164 95 40.6504
224 95 10.7296
495 95 21.4362
496 95 21.4362
497 95 21.4362
505 95 22.6244
566 95 21.4362
24 96 21.4362
45 96 22.6244
71 96 22.6244
104 96 57.971
140 96 33.8983
144 96 33.8983
157 96 33.8983
164 96 40.6504
224 96 10.7296
539 96 20.3666
540 96 20.3666
10 97 21.4362
24 97 21.4362
25 97 21.4362
71 97 22.6244
86 97 67.5676
103 97 57.971
104 97 57.971
133 97 33.8983
144 97 33.8983
157 97 33.8983
164 97 45.1467
539 97 20.3666
540 97 20.3666
551 97 20.3666
552 97 20.3666
553 97 20.3666
554 97 20.3666
566 97 21.4362
591 97 19.3986
592 97 19.3986
4 98 21.4362
25 98 21.4362
33 98 21.4362
38 98 21.4362
39 98 22.6244
49 98 22.6244
60 98 22.6244
71 98 22.6244
103 98 57.971
104 98 57.971
113 98 67.5676
151 98 33.8983
152 98 33.8983
157 98 33.8983
221 98 45.1467
224 98 10.7296
552 98 20.3666
553 98 20.3666
554 98 20.3666
591 98 19.3986
10 99 21.4362
25 99 21.4362
27 99 21.4362
38 99 21.4362
39 99 22.6244
41 99 22.6244
49 99 22.6244
71 99 22.6244
103 99 57.971
104 99 57.971
151 99 33.8983
158 99 33.8983
164 99 45.1467
418 99 36.9686
553 99 20.3666
554 99 20.3666
10 100 21.4362
17 100 21.4362
38 100 21.4362
39 100 22.6244
41 100 22.6244
71 100 23.9521
99 100 57.971
103 100 67.5676
111 100 67.5676
151 100 33.8983
158 100 33.8983
164 100 45.1467
221 100 45.1467
558 100 20.3666
575 100 19.3986
10 101 21.4362
15 101 21.4362
35 101 45.1467
70 101 23.9521
164 101 45.1467
221 101 50.7614
558 101 20.3666
10 102 21.4362
15 102 21.4362
70 102 23.9521
71 102 23.9521
91 102 67.5676
164 102 45.1467
414 102 31.2989
415 102 31.2989
558 102 20.3666
559 102 20.3666
10 103 21.4362
15 103 21.4362
87 103 67.5676
106 103 57.971
136 103 33.8983
164 103 45.1467
378 103 21.4362
578 103 18.5185
3 104 21.4362
81 104 22.6244
87 104 67.5676
106 104 57.971
136 104 33.8983
162 104 45.1467
164 104 45.1467
579 104 18.5185
3 105 21.4362
70 105 23.9521
87 105 67.5676
105 105 57.971
136 105 33.8983
151 105 33.8983
164 105 45.1467
3 106 21.4362
70 106 23.9521
73 106 31.2989
87 106 67.5676
105 106 57.971
150 106 33.8983
151 106 33.8983
164 106 45.1467
6 107 21.4362
7 107 21.4362
8 107 21.4362
47 107 21.4362
70 107 23.9521
104 107 57.971
105 107 57.971
114 107 67.5676
141 107 36.9686
164 107 45.1467
24 108 22.6244
83 108 57.971
103 108 57.971
104 108 57.971
114 108 67.5676
221 108 45.1467
592 108 19.3986
13 109 20.3666
14 109 20.3666
18 109 21.4362
25 109 22.6244
26 109 22.6244
70 109 23.9521
103 109 57.971
114 109 67.5676
150 109 33.8983
165 109 33.8983
220 109 45.1467
14 110 20.3666
69 110 23.9521
70 110 23.9521
103 110 57.971
114 110 67.5676
165 110 33.8983
220 110 45.1467
6 111 21.4362
69 111 23.9521
70 111 23.9521
103 111 57.971
106 111 67.5676
150 111 33.8983
165 111 33.8983
220 111 45.1467
223 111 10.7296
5 112 21.4362
69 112 23.9521
103 112 57.971
106 112 67.5676
113 112 67.5676
150 112 33.8983
165 112 33.8983
223 112 10.7296
47 113 22.6244
54 113 21.4362
113 113 67.5676
136 113 33.8983
165 113 33.8983
219 113 45.1467
223 113 10.7296
374 113 29.0698
403 113 31.2989
16 114 23.9521
17 114 23.9521
18 114 23.9521
58 114 23.9521
77 114 50.7614
78 114 50.7614
102 114 57.971
113 114 67.5676
148 114 33.8983
164 114 33.8983
165 114 33.8983
218 114 45.1467
219 114 45.1467
401 114 31.2989
6 115 21.4362
7 115 21.4362
17 115 23.9521
18 115 23.9521
44 115 22.6244
45 115 22.6244
49 115 22.6244
58 115 23.9521
70 115 23.9521
77 115 50.7614
78 115 50.7614
102 115 57.971
112 115 67.5676
113 115 67.5676
146 115 33.8983
164 115 36.9686
167 115 33.8983
218 115 45.1467
21 116 22.6244
43 116 22.6244
44 116 22.6244
58 116 23.9521
78 116 57.971
87 116 67.5676
112 116 67.5676
146 116 33.8983
147 116 33.8983
167 116 33.8983
168 116 31.2989
23 117 22.6244
43 117 22.6244
58 117 23.9521
69 117 23.9521
70 117 23.9521
78 117 57.971
79 117 57.971
112 117 67.5676
147 117 33.8983
167 117 31.2989
8 118 21.4362
58 118 23.9521
69 118 25.4453
79 118 57.971
167 118 33.8983
218 118 57.971
223 118 10.7296
20 119 22.6244
70 119 25.4453
80 119 57.971
166 119 33.8983
167 119 33.8983
223 119 10.7296
426 119 36.9686
9 120 21.4362
20 120 22.6244
22 120 22.6244
41 120 21.4362
53 120 21.4362
58 120 23.9521
80 120 57.971
81 120 57.971
167 120 33.8983
3 121 21.4362
53 121 21.4362
71 121 25.4453
81 121 57.971
82 121 57.971
220 121 45.1467
223 121 10.7296
7 122 21.4362
11 122 21.4362
39 122 21.4362
70 122 23.9521
90 122 67.5676
166 122 33.8983
220 122 45.1467
223 122 10.7296
7 123 21.4362
17 123 22.6244
18 123 22.6244
39 123 21.4362
70 123 23.9521
90 123 67.5676
165 123 33.8983
166 123 33.8983
391 123 33.8983
13 124 21.4362
18 124 21.4362
38 124 21.4362
165 124 33.8983
220 124 45.1467
223 124 10.7296
391 124 33.8983
20 125 21.4362
23 125 22.6244
38 125 21.4362
164 125 33.8983
165 125 33.8983
220 125 45.1467
223 125 10.7296
20 126 21.4362
23 126 22.6244
37 126 21.4362
69 126 23.9521
164 126 40.6504
223 126 10.7296
561 126 19.3986
13 127 21.4362
20 127 21.4362
36 127 21.4362
37 127 21.4362
69 127 23.9521
164 127 40.6504
223 127 10.7296
5 128 22.6244
13 128 21.4362
14 128 21.4362
16 128 21.4362
23 128 22.6244
36 128 22.6244
69 128 23.9521
146 128 33.8983
164 128 40.6504
223 128 10.7296
13 129 21.4362
14 129 21.4362
16 129 21.4362
69 129 23.9521
74 129 50.7614
146 129 33.8983
164 129 40.6504
223 129 10.7296
28 130 21.4362
60 130 23.9521
69 130 23.9521
147 130 33.8983
161 130 31.2989
164 130 40.6504
223 130 10.7296
28 131 21.4362
36 131 21.4362
57 131 22.6244
60 131 23.9521
69 131 23.9521
161 131 31.2989
223 131 10.7296
36 132 21.4362
60 132 23.9521
69 132 23.9521
76 132 50.7614
223 132 10.7296
4 133 22.6244
6 133 25.4453
34 133 21.4362
35 133 21.4362
60 133 23.9521
69 133 23.9521
77 133 50.7614
161 133 31.2989
219 133 45.1467
223 133 10.7296
34 134 22.6244
35 134 22.6244
60 134 23.9521
69 134 23.9521
219 134 45.1467
223 134 10.7296
3 135 21.4362
11 135 22.6244
13 135 22.6244
34 135 22.6244
35 135 22.6244
60 135 23.9521
69 135 23.9521
223 135 10.7296
3 136 21.4362
8 136 25.4453
35 136 21.4362
60 136 23.9521
69 136 23.9521
561 136 19.3986
5 137 21.4362
10 137 22.6244
14 137 22.6244
34 137 21.4362
60 137 23.9521
85 137 67.5676
159 137 33.8983
223 137 10.7296
561 137 19.3986
5 138 21.4362
8 138 21.4362
10 138 25.4453
14 138 22.6244
34 138 21.4362
60 138 23.9521
211 138 40.6504
555 138 20.3666
14 139 22.6244
34 139 21.4362
35 139 21.4362
60 139 23.9521
211 139 40.6504
7 140 21.4362
34 140 22.6244
35 140 22.6244
54 140 23.9521
60 140 23.9521
230 140 11.0193
7 141 21.4362
34 141 22.6244
54 141 23.9521
60 141 23.9521
66 141 23.9521
67 141 23.9521
198 141 45.1467
223 141 45.1467
18 142 21.4362
33 142 22.6244
34 142 22.6244
54 142 23.9521
60 142 23.9521
66 142 23.9521
67 142 23.9521
71 142 23.9521
164 142 33.8983
230 142 11.0193
18 143 22.6244
33 143 22.6244
34 143 22.6244
60 143 23.9521
66 143 23.9521
71 143 25.4453
230 143 11.0193
374 143 33.8983
561 143 19.3986
7 144 36.9686
13 144 29.0698
18 144 22.6244
33 144 22.6244
34 144 22.6244
66 144 23.9521
71 144 25.4453
230 144 11.0193
373 144 33.8983
15 145 29.0698
18 145 22.6244
33 145 22.6244
42 145 25.4453
66 145 23.9521
71 145 25.4453
223 145 45.1467
230 145 11.0193
556 145 20.3666
557 145 20.3666
32 146 21.4362
33 146 21.4362
42 146 25.4453
66 146 23.9521
71 146 25.4453
32 147 21.4362
37 147 23.9521
66 147 23.9521
70 147 25.4453
71 147 25.4453
160 147 45.1467
230 147 11.0193
5 148 31.2989
18 148 22.6244
19 148 22.6244
32 148 21.4362
37 148 23.9521
60 148 23.9521
66 148 23.9521
70 148 25.4453
71 148 25.4453
18 149 21.4362
19 149 21.4362
32 149 21.4362
60 149 23.9521
66 149 23.9521
70 149 25.4453
71 149 25.4453
160 149 45.1467
230 149 11.0193
7 150 31.2989
8 150 36.9686
32 150 21.4362
54 150 23.9521
66 150 23.9521
70 150 25.4453
71 150 25.4453
230 150 11.0193
18 151 21.4362
54 151 23.9521
66 151 23.9521
70 151 25.4453
71 151 25.4453
230 151 11.0193
32 152 21.4362
38 152 23.9521
59 152 23.9521
66 152 23.9521
70 152 23.9521
71 152 23.9521
129 152 33.8983
230 152 11.0193
17 153 21.4362
38 153 23.9521
66 153 23.9521
70 153 23.9521
71 153 23.9521
160 153 45.1467
230 153 11.0193
17 154 21.4362
66 154 23.9521
70 154 23.9521
223 154 10.7296
17 155 21.4362
42 155 25.4453
66 155 23.9521
70 155 23.9521
223 155 10.7296
230 155 11.0193
11 156 36.9686
12 156 36.9686
17 156 22.6244
37 156 23.9521
66 156 23.9521
70 156 23.9521
71 156 23.9521
160 156 45.1467
223 156 10.7296
230 156 11.0193
16 157 22.6244
17 157 22.6244
37 157 23.9521
66 157 23.9521
70 157 23.9521
71 157 23.9521
160 157 45.1467
223 157 10.7296
230 157 11.0193
17 158 22.6244
37 158 23.9521
54 158 23.9521
59 158 23.9521
66 158 23.9521
70 158 23.9521
160 158 45.1467
230 158 11.0193
5 159 27.137
17 159 22.6244
54 159 23.9521
59 159 23.9521
66 159 23.9521
70 159 23.9521
160 159 45.1467
230 159 11.0193
13 160 31.2989
17 160 22.6244
18 160 22.6244
54 160 23.9521
59 160 23.9521
66 160 23.9521
70 160 23.9521
223 160 10.7296
230 160 11.0193
618 160 27.137
18 161 22.6244
36 161 23.9521
37 161 23.9521
59 161 23.9521
66 161 23.9521
70 161 23.9521
230 161 11.0193
556 161 20.3666
557 161 20.3666
18 162 22.6244
36 162 23.9521
37 162 23.9521
66 162 23.9521
70 162 23.9521
230 162 11.0193
328 162 134.228
18 163 22.6244
36 163 23.9521
37 163 23.9521
59 163 23.9521
66 163 23.9521
70 163 23.9521
160 163 57.971
230 163 11.0193
328 163 134.228
59 164 23.9521
70 164 23.9521
160 164 57.971
230 164 11.0193
66 165 23.9521
70 165 23.9521
156 165 57.971
230 165 11.0193
563 165 19.3986
37 166 22.6244
66 166 23.9521
70 166 23.9521
222 166 10.7296
230 166 11.0193
563 166 19.3986
37 167 22.6244
38 167 22.6244
54 167 23.9521
59 167 23.9521
65 167 23.9521
66 167 23.9521
70 167 23.9521
222 167 10.7296
230 167 11.0193
37 168 22.6244
54 168 23.9521
59 168 23.9521
65 168 23.9521
66 168 23.9521
70 168 23.9521
230 168 11.0193
18 169 21.4362
36 169 22.6244
54 169 23.9521
59 169 23.9521
65 169 23.9521
70 169 23.9521
557 169 20.3666
36 170 22.6244
59 170 23.9521
65 170 23.9521
70 170 23.9521
257 170 101.01
285 170 101.01
556 170 20.3666
563 170 19.3986
36 171 22.6244
59 171 23.9521
65 171 23.9521
70 171 23.9521
285 171 101.01
36 172 23.9521
41 172 23.9521
59 172 23.9521
65 172 23.9521
70 172 23.9521
7 173 36.9686
36 173 23.9521
41 173 23.9521
59 173 23.9521
65 173 23.9521
70 173 23.9521
156 173 67.5676
157 173 67.5676
211 173 36.9686
230 173 11.0193
285 173 101.01
286 173 101.01
607 173 31.2989
608 173 29.0698
609 173 29.0698
610 173 27.137
8 174 36.9686
14 174 33.8983
36 174 23.9521
65 174 23.9521
66 174 23.9521
70 174 23.9521
211 174 36.9686
230 174 11.0193
231 174 11.0193
603 174 50.7614
606 174 31.2989
608 174 29.0698
609 174 29.0698
610 174 27.137
611 174 27.137
612 174 25.4453
613 174 23.9521
614 174 23.9521
18 175 22.6244
36 175 23.9521
54 175 23.9521
66 175 23.9521
70 175 23.9521
230 175 11.0193
231 175 11.0193
610 175 29.0698
611 175 27.137
612 175 25.4453
18 176 22.6244
54 176 23.9521
59 176 23.9521
70 176 23.9521
160 176 45.1467
211 176 45.1467
230 176 11.0193
231 176 11.0193
6 177 36.9686
33 177 21.4362
53 177 23.9521
54 177 23.9521
59 177 23.9521
160 177 45.1467
230 177 11.0193
231 177 11.0193
557 177 19.3986
609 177 29.0698
8 178 36.9686
53 178 23.9521
54 178 23.9521
59 178 23.9521
160 178 45.1467
182 178 57.971
183 178 57.971
211 178 45.1467
230 178 11.0193
231 178 11.0193
17 179 22.6244
53 179 23.9521
54 179 23.9521
59 179 23.9521
160 179 45.1467
230 179 11.0193
231 179 11.0193
16 180 22.6244
17 180 22.6244
53 180 23.9521
54 180 23.9521
59 180 23.9521
140 180 33.8983
159 180 45.1467
160 180 45.1467
211 180 45.1467
230 180 11.0193
231 180 11.0193
511 180 50.7614
513 180 45.1467
514 180 40.6504
515 180 40.6504
516 180 33.8983
517 180 31.2989
518 180 31.2989
519 180 29.0698
604 180 45.1467
53 181 23.9521
54 181 23.9521
59 181 23.9521
80 181 33.8983
148 181 33.8983
149 181 33.8983
159 181 45.1467
230 181 11.0193
231 181 11.0193
508 181 200
514 181 40.6504
518 181 29.0698
519 181 29.0698
53 182 23.9521
54 182 23.9521
59 182 23.9521
60 182 23.9521
80 182 33.8983
149 182 33.8983
170 182 101.01
171 182 101.01
175 182 36.9686
211 182 45.1467
230 182 11.0193
231 182 11.0193
513 182 45.1467
514 182 40.6504
518 182 29.0698
519 182 29.0698
523 182 21.4362
4 183 40.6504
5 183 40.6504
13 183 29.0698
14 183 29.0698
17 183 21.4362
53 183 23.9521
54 183 23.9521
59 183 23.9521
160 183 45.1467
175 183 36.9686
198 183 101.01
230 183 11.0193
231 183 11.0193
518 183 31.2989
519 183 31.2989
520 183 31.2989
3 184 40.6504
14 184 29.0698
17 184 21.4362
35 184 21.4362
53 184 23.9521
54 184 23.9521
59 184 23.9521
159 184 45.1467
160 184 45.1467
198 184 101.01
211 184 45.1467
230 184 11.0193
261 184 80.9717
280 184 101.01
53 185 23.9521
54 185 23.9521
59 185 23.9521
159 185 45.1467
160 185 45.1467
198 185 101.01
211 185 45.1467
230 185 11.0193
280 185 101.01
513 185 40.6504
518 185 31.2989
606 185 29.0698
612 185 27.137
10 186 45.1467
53 186 23.9521
54 186 23.9521
59 186 23.9521
148 186 33.8983
159 186 45.1467
160 186 45.1467
165 186 50.7614
198 186 101.01
229 186 11.0193
290 186 101.01
513 186 40.6504
514 186 36.9686
515 186 36.9686
516 186 33.8983
517 186 31.2989
518 186 31.2989
53 187 23.9521
59 187 23.9521
159 187 45.1467
160 187 45.1467
176 187 36.9686
229 187 11.0193
290 187 101.01
515 187 36.9686
516 187 33.8983
517 187 31.2989
518 187 31.2989
53 188 23.9521
54 188 23.9521
59 188 23.9521
159 188 45.1467
222 188 11.6482
261 188 80.9717
290 188 101.01
53 189 23.9521
59 189 23.9521
159 189 45.1467
198 189 101.01
222 189 11.6482
280 189 101.01
613 189 29.0698
626 189 36.9686
53 190 23.9521
59 190 23.9521
159 190 45.1467
165 190 45.1467
198 190 101.01
280 190 101.01
4 191 57.971
5 191 57.971
10 191 57.971
14 191 21.4362
15 191 21.4362
53 191 23.9521
59 191 23.9521
159 191 45.1467
160 191 45.1467
5 192 57.971
14 192 21.4362
15 192 21.4362
53 192 23.9521
59 192 23.9521
159 192 45.1467
222 192 10.7296
11 193 57.971
15 193 21.4362
53 193 23.9521
59 193 23.9521
159 193 45.1467
160 193 45.1467
198 193 101.01
15 194 21.4362
53 194 23.9521
59 194 23.9521
159 194 45.1467
498 194 57.971
499 194 57.971
500 194 57.971
15 195 21.4362
53 195 23.9521
59 195 23.9521
159 195 45.1467
160 195 45.1467
198 195 101.01
493 195 50.7614
494 195 50.7614
498 195 57.971
499 195 57.971
500 195 50.7614
15 196 21.4362
53 196 23.9521
59 196 23.9521
103 196 57.971
159 196 45.1467
160 196 45.1467
176 196 36.9686
198 196 101.01
222 196 10.7296
229 196 11.0193
492 196 50.7614
493 196 50.7614
494 196 50.7614
495 196 45.1467
498 196 57.971
499 196 57.971
500 196 50.7614
502 196 27.137
503 196 23.9521
505 196 22.6244
15 197 21.4362
16 197 21.4362
32 197 21.4362
33 197 21.4362
53 197 23.9521
59 197 23.9521
159 197 45.1467
160 197 45.1467
198 197 101.01
210 197 45.1467
229 197 11.0193
492 197 50.7614
493 197 50.7614
494 197 50.7614
495 197 45.1467
498 197 57.971
499 197 57.971
500 197 57.971
501 197 50.7614
502 197 25.4453
503 197 23.9521
504 197 23.9521
505 197 22.6244
629 197 40.6504
630 197 40.6504
635 197 36.9686
15 198 21.4362
16 198 21.4362
33 198 21.4362
42 198 36.9686
53 198 23.9521
59 198 23.9521
159 198 45.1467
160 198 45.1467
229 198 11.0193
491 198 57.971
492 198 50.7614
493 198 50.7614
494 198 50.7614
495 198 45.1467
497 198 57.971
498 198 57.971
499 198 57.971
16 199 21.4362
53 199 23.9521
59 199 23.9521
159 199 45.1467
160 199 45.1467
229 199 11.0193
492 199 50.7614
493 199 50.7614
494 199 50.7614
16 200 21.4362
53 200 23.9521
59 200 23.9521
159 200 45.1467
160 200 45.1467
34 201 22.6244
51 201 23.9521
53 201 23.9521
59 201 23.9521
160 201 45.1467
257 201 101.01
632 201 36.9686
17 202 21.4362
33 202 22.6244
34 202 22.6244
53 202 23.9521
59 202 23.9521
160 202 45.1467
257 202 101.01
276 202 101.01
33 203 22.6244
59 203 23.9521
160 203 45.1467
257 203 101.01
32 204 22.6244
33 204 22.6244
59 204 23.9521
147 204 33.8983
257 204 101.01
276 204 101.01
59 205 23.9521
116 205 36.9686
147 205 33.8983
257 205 101.01
276 205 101.01
17 206 21.4362
59 206 23.9521
116 206 36.9686
121 206 36.9686
147 206 33.8983
257 206 101.01
276 206 101.01
16 207 21.4362
17 207 21.4362
22 207 21.4362
59 207 23.9521
116 207 36.9686
131 207 40.6504
135 207 40.6504
147 207 33.8983
257 207 101.01
276 207 101.01
53 208 23.9521
59 208 23.9521
131 208 40.6504
147 208 31.2989
159 208 57.971
222 208 10.7296
257 208 101.01
276 208 101.01
30 209 21.4362
52 209 23.9521
53 209 23.9521
59 209 23.9521
117 209 36.9686
147 209 31.2989
159 209 57.971
276 209 101.01
33 210 21.4362
52 210 23.9521
53 210 23.9521
59 210 23.9521
117 210 36.9686
130 210 40.6504
136 210 45.1467
147 210 31.2989
596 210 11.9904
597 210 11.6482
33 211 21.4362
53 211 23.9521
59 211 23.9521
147 211 31.2989
158 211 57.971
557 211 19.3986
599 211 11.6482
59 212 23.9521
147 212 31.2989
216 212 67.5676
222 212 10.7296
304 212 80.9717
53 213 23.9521
59 213 23.9521
148 213 33.8983
216 213 67.5676
229 213 10.7296
53 214 23.9521
59 214 23.9521
148 214 33.8983
229 214 10.7296
32 215 22.6244
53 215 23.9521
59 215 23.9521
148 215 33.8983
229 215 10.7296
11 216 21.4362
31 216 22.6244
32 216 22.6244
59 216 25.4453
148 216 36.9686
229 216 10.7296
11 217 21.4362
31 217 21.4362
32 217 21.4362
59 217 25.4453
148 217 36.9686
229 217 10.7296
31 218 21.4362
59 218 25.4453
63 218 40.6504
126 218 40.6504
139 218 40.6504
210 218 45.1467
229 218 10.7296
418 218 101.01
12 219 21.4362
31 219 21.4362
63 219 40.6504
126 219 40.6504
229 219 10.7296
418 219 101.01
12 220 21.4362
30 220 21.4362
31 220 21.4362
63 220 40.6504
112 220 36.9686
149 220 33.8983
218 220 101.01
229 220 10.7296
324 220 200
326 220 67.5676
327 220 67.5676
328 220 67.5676
329 220 57.971
383 220 80.9717
384 220 80.9717
392 220 101.01
604 220 11.6482
13 221 21.4362
30 221 21.4362
31 221 21.4362
90 221 50.7614
149 221 33.8983
327 221 67.5676
328 221 67.5676
383 221 80.9717
391 221 101.01
392 221 101.01
413 221 16.2999
31 222 21.4362
90 222 50.7614
229 222 11.0193
383 222 80.9717
392 222 101.01
393 222 101.01
394 222 101.01
603 222 11.6482
604 222 11.6482
608 222 10.4548
31 223 21.4362
90 223 50.7614
117 223 40.6504
139 223 45.1467
229 223 10.7296
31 224 21.4362
90 224 50.7614
229 224 10.7296
578 224 12.7389
585 224 12.3533
12 225 20.3666
30 225 22.6244
31 225 22.6244
76 225 45.1467
90 225 50.7614
210 225 45.1467
229 225 10.7296
348 225 50.7614
349 225 45.1467
350 225 45.1467
351 225 40.6504
354 225 29.0698
30 226 21.4362
31 226 21.4362
90 226 50.7614
117 226 40.6504
229 226 10.7296
334 226 134.228
335 226 134.228
336 226 101.01
337 226 67.5676
338 226 67.5676
339 226 57.971
348 226 50.7614
350 226 45.1467
351 226 40.6504
584 226 12.3533
30 227 21.4362
31 227 21.4362
90 227 50.7614
229 227 10.7296
351 227 40.6504
353 227 29.0698
377 227 9.70874
574 227 12.3533
12 228 21.4362
30 228 21.4362
31 228 21.4362
90 228 50.7614
573 228 12.3533
574 228 12.3533
575 228 12.3533
576 228 12.3533
12 229 21.4362
31 229 21.4362
62 229 36.9686
90 229 50.7614
108 229 36.9686
573 229 12.3533
580 229 12.3533
581 229 12.3533
12 230 21.4362
30 230 21.4362
31 230 21.4362
62 230 36.9686
90 230 50.7614
580 230 12.3533
581 230 12.3533
586 230 12.3533
30 231 21.4362
31 231 21.4362
90 231 50.7614
580 231 12.3533
581 231 12.3533
13 232 21.4362
30 232 21.4362
31 232 21.4362
62 232 36.9686
143 232 33.8983
570 232 12.7389
573 232 12.7389
574 232 12.7389
575 232 12.7389
13 233 21.4362
30 233 21.4362
31 233 21.4362
158 233 33.8983
222 233 10.7296
568 233 13.1492
569 233 12.7389
13 234 21.4362
30 234 21.4362
31 234 21.4362
567 234 13.1492
568 234 13.1492
13 235 21.4362
31 235 21.4362
565 235 13.587
566 235 13.1492
20 236 21.4362
31 236 21.4362
32 236 21.4362
564 236 13.587
565 236 13.587
33 237 21.4362
530 237 17.7148
531 237 17.7148
564 237 13.587
33 238 21.4362
530 238 17.7148
563 238 13.587
564 238 13.587
15 239 21.4362
37 239 21.4362
529 239 17.7148
536 239 14.556
537 239 14.556
596 239 11.9904
597 239 11.9904
9 240 27.137
37 240 21.4362
562 240 13.587
621 240 10.7296
13 241 21.4362
37 241 21.4362
13 242 21.4362
14 242 21.4362
34 242 21.4362
37 242 21.4362
13 243 21.4362
35 243 21.4362
561 243 13.587
13 244 21.4362
28 244 20.3666
35 244 21.4362
36 244 21.4362
37 244 21.4362
15 245 21.4362
26 245 20.3666
27 245 20.3666
37 245 21.4362
58 245 23.9521
564 245 13.587
562 246 13.587
563 246 13.587
564 246 13.587
569 246 12.7389
562 247 13.587
563 247 13.587
569 247 12.7389
60 248 22.6244
562 248 13.587
563 248 13.587
562 249 13.587
571 250 12.7389
562 251 13.1492
562 252 13.1492
526 253 16.9779
527 253 16.9779
572 253 12.7389
622 253 10.7296
623 253 10.7296
624 253 10.4548
625 253 10.4548
626 253 10.1937
569 254 12.7389
572 254 12.7389
621 254 10.7296
622 254 10.7296
623 254 10.7296
624 254 10.4548
625 254 10.4548
562 255 13.1492
568 255 12.7389
569 255 12.7389
620 255 10.7296
621 255 10.7296
622 255 10.7296
623 255 10.4548
632 255 10.1937
633 255 10.1937
561 256 13.1492
562 256 13.1492
620 256 10.7296
621 256 10.7296
622 256 10.7296
633 256 10.1937
634 256 10.1937
620 257 10.7296
621 257 10.7296
619 258 10.7296
620 258 10.7296
621 258 10.7296
229 259 11.0193
525 259 16.9779
526 259 16.9779
529 259 16.2999
530 259 16.2999
569 259 13.1492
570 259 13.1492
571 259 13.1492
574 259 11.9904
575 259 11.9904
619 259 10.7296
620 259 10.7296
636 259 9.9453
84 260 18.5185
176 260 17.7148
570 260 13.1492
619 260 10.7296
620 260 10.7296
618 261 10.7296
619 261 10.7296
620 261 10.7296
637 261 9.9453
565 262 13.1492
618 262 10.7296
619 262 10.7296
620 262 10.7296
562 263 13.1492
572 263 12.7389
618 263 10.7296
619 263 10.7296
620 263 10.7296
630 263 10.4548
637 263 9.9453
571 264 12.7389
572 264 12.7389
619 264 10.7296
624 264 10.7296
630 264 10.4548
631 264 10.4548
572 265 12.7389
619 265 10.7296
623 265 10.7296
624 265 10.7296
631 265 10.4548
563 266 13.1492
569 266 13.1492
619 266 10.7296
623 266 10.7296
569 267 13.1492
619 267 10.7296
620 267 10.7296
623 267 10.7296
635 267 10.1937
564 268 13.1492
569 268 13.1492
619 268 10.7296
620 268 10.7296
624 268 10.7296
634 268 10.1937
635 268 10.1937
563 269 13.1492
564 269 13.1492
565 269 13.1492
619 269 10.7296
620 269 10.7296
633 269 10.1937
636 269 10.1937
629 270 11.0193
630 270 10.7296
631 270 10.4548
632 270 10.4548
633 270 10.1937
634 270 10.1937
625 271 10.4548
632 271 10.4548
633 271 10.4548
548 272 13.1492
549 272 13.1492
559 272 13.587
560 272 13.587
633 272 10.1937
586 274 12.3533
587 274 12.7389
588 274 12.3533
623 274 10.4548
635 274 10.1937
636 274 10.1937
252 275 11.9904
589 275 12.3533
590 275 12.3533
591 275 12.3533
622 275 10.4548
623 275 10.4548
635 275 10.1937
636 275 10.1937
591 276 12.3533
634 276 10.1937
635 276 10.1937
636 276 10.1937
626 277 10.4548
634 277 10.1937
635 277 10.1937
636 277 10.1937
490 278 11.9904
491 278 11.9904
492 278 11.9904
622 278 10.4548
623 278 10.4548
632 278 10.4548
492 279 11.9904
631 279 10.4548
632 279 10.4548
624 280 10.4548
632 280 10.1937
566 281 11.325
624 281 10.4548
633 281 10.4548
634 281 10.1937
221 282 11.0193
222 282 11.0193
260 282 11.6482
261 282 11.6482
596 282 11.325
632 282 10.1937
633 282 10.1937
634 282 10.1937
632 283 10.1937
633 283 10.1937
246 285 10.4548
210 286 9.9453
244 286 10.4548
625 286 10.7296
63 287 11.6482
64 287 11.6482
65 287 11.6482
66 287 11.6482
67 287 11.6482
244 287 10.4548
221 289 9.9453
267 290 10.7296
204 291 9.48317
268 291 10.7296
621 292 9.70874
203 295 9.06207
204 295 9.06207
238 297 9.26784
194 298 8.86525
636 298 9.26784
637 298 9.26784
226 299 8.86525
181 300 8.86525
182 300 8.86525
239 300 9.26784
175 301 8.67679
176 301 8.49618
176 302 8.49618
177 302 8.49618
178 302 8.49618
196 302 8.49618
197 302 8.49618
203 302 8.49618
178 303 8.49618
197 303 8.49618
203 303 8.49618
204 303 8.49618
178 305 8.15661
179 305 8.15661
165 306 8.32293
165 307 8.32293
239 307 8.86525
150 308 8.15661
161 308 8.15661
210 309 7.84314
156 310 7.69527
178 310 7.9968
203 310 7.69527
212 311 7.84314
151 312 7.69527
152 312 7.69527
133 313 7.84314
522 314 8.15661
523 314 8.15661
524 314 8.15661
530 314 7.9968
531 314 7.9968
532 314 7.9968
203 315 7.55287
204 315 7.55287
205 315 7.55287
206 316 7.41565
174 318 7.03235
175 318 7.03235
183 318 7.15564
228 318 8.15661
175 319 7.03235
176 319 7.03235
183 319 7.15564
191 319 7.28332
229 319 8.15661
191 320 7.28332
215 320 7.41565
191 321 7.28332
192 321 7.28332
215 321 7.41565
145 322 6.7981
160 322 7.03235
161 322 7.03235
168 322 6.91324
145 323 6.7981
146 323 6.7981
161 323 7.03235
162 323 7.03235
163 323 6.91324
146 324 6.7981
162 324 7.03235
163 324 6.91324
164 324 6.7981
165 324 6.7981
166 324 6.91324
141 325 6.91324
194 325 6.7981
141 326 6.91324
195 326 6.7981
123 327 6.68673
125 328 6.68673
162 329 6.57895
194 329 6.7981
184 330 6.47459
195 330 6.7981
211 330 6.91324
184 331 6.47459
185 331 6.47459
209 331 6.91324
212 331 6.7981
185 332 6.47459
186 332 6.47459
209 332 6.7981
210 332 6.91324
210 333 6.7981
211 333 6.7981
192 334 6.47459
211 334 6.7981
146 336 6.27549
186 336 6.37349
73 337 6.37349
146 337 6.18047
127 338 5.9988
177 338 6.18047
211 338 6.68673
212 338 6.68673
125 339 6.08828
127 339 5.9988
128 339 5.9988
148 339 6.18047
213 339 6.68673
214 339 6.57895
123 340 5.9988
124 340 5.9988
128 340 5.9988
122 341 5.91191
123 341 5.9988
124 341 5.9988
169 341 5.9988
170 341 5.9988
123 342 5.91191
124 342 5.91191
65 343 5.9988
123 343 5.91191
124 343 5.91191
167 343 5.91191
168 343 5.91191
186 343 6.08828
59 344 5.91191
134 344 5.82751
148 344 5.74548
168 344 5.82751
134 345 5.82751
135 345 5.82751
148 345 5.74548
155 345 5.82751
182 345 5.9988
189 346 5.9988
128 347 5.66572
129 347 5.66572
153 347 5.82751
161 347 5.74548
176 347 5.82751
128 348 5.66572
129 348 5.66572
130 348 5.66572
139 348 5.66572
140 348 5.66572
162 348 5.74548
81 349 5.66572
124 349 5.58815
130 349 5.66572
139 349 5.66572
140 349 5.66572
141 349 5.66572
142 349 5.66572
33 350 5.43922
103 350 5.66572
124 350 5.58815
125 350 5.58815
126 350 5.66572
190 350 5.9988
582 350 5.9988
32 351 5.43922
33 351 5.43922
126 351 5.58815
137 351 5.66572
148 351 5.51268
191 351 5.9988
28 352 5.43922
32 352 5.43922
33 352 5.43922
37 352 5.29801
53 352 5.36769
55 352 5.36769
60 352 5.36769
148 352 5.51268
149 352 5.51268
150 352 5.51268
36 353 5.29801
37 353 5.29801
53 353 5.36769
54 353 5.36769
55 353 5.36769
56 353 5.43922
60 353 5.36769
61 353 5.36769
114 353 5.51268
150 353 5.51268
144 354 5.43922
102 355 5.43922
156 355 5.51268
157 355 5.51268
39 356 5.23013
52 356 5.29801
56 356 5.29801
57 356 5.29801
148 356 5.43922
158 356 5.51268
40 357 5.23013
52 357 5.29801
142 357 5.29801
155 357 5.51268
52 358 5.29801
127 358 5.23013
142 358 5.29801
15 359 5.09944
56 359 5.03651
94 359 5.03651
124 359 5.16396
146 359 5.29801
15 360 5.09944
18 360 5.36769
124 360 5.16396
128 360 5.23013
15 361 5.09944
16 361 5.09944
50 361 5.09944
73 361 5.03651
125 361 5.16396
132 361 5.16396
133 361 5.16396
98 362 5.03651
133 362 5.16396
186 362 5.66572
187 362 5.66572
4 363 5.09944
88 363 4.97512
98 363 5.03651
4 364 5.09944
83 364 4.97512
99 364 5.03651
107 364 4.97512
162 364 5.16396
51 365 5.03651
82 365 4.97512
83 365 4.91521
100 365 5.03651
63 366 4.91521
64 366 4.91521
84 366 4.91521
85 366 4.85673
93 366 4.91521
94 366 4.91521
102 366 4.91521
103 366 4.91521
64 367 4.91521
84 367 4.85673
85 367 4.85673
94 367 4.91521
95 367 4.91521
103 367 4.91521
114 367 4.85673
155 367 5.16396
77 368 4.74383
78 368 4.74383
84 368 4.74383
85 368 4.74383
86 368 4.74383
89 368 4.85673
115 368 4.85673
155 368 5.09944
156 368 5.16396
179 368 5.51268
180 368 5.36769
78 369 4.74383
79 369 4.74383
85 369 4.74383
86 369 4.74383
90 369 4.79962
91 369 4.79962
110 369 4.74383
111 369 4.74383
112 369 4.74383
115 369 4.85673
140 369 4.97512
145 369 5.03651
153 369 5.09944
176 369 5.82751
177 369 5.82751
180 369 5.36769
181 369 5.36769
182 369 5.36769
324 369 5.36769
53 370 4.79962
79 370 4.74383
85 370 4.74383
91 370 4.79962
92 370 4.79962
97 370 4.85673
102 370 4.79962
111 370 4.74383
112 370 4.74383
140 370 4.97512
153 370 5.09944
154 370 5.09944
25 371 4.68933
79 371 4.74383
85 371 4.74383
94 371 4.79962
102 371 4.79962
103 371 4.79962
113 371 4.74383
141 371 4.97512
175 371 5.29801
47 372 4.68933
103 372 4.79962
114 372 4.74383
176 372 5.16396
47 373 4.68933
57 373 4.68933
58 373 4.68933
81 373 4.68933
89 373 4.68933
172 373 5.16396
173 373 5.16396
47 374 4.68933
96 374 4.74383
97 374 4.74383
149 374 4.97512
150 374 4.97512
172 374 5.16396
173 374 5.16396
174 374 5.16396
175 374 5.16396
35 375 4.584
47 375 4.63607
54 375 4.584
86 375 4.68933
87 375 4.68933
88 375 4.68933
97 375 4.74383
98 375 4.74383
99 375 4.63607
35 376 4.584
36 376 4.584
51 376 4.53309
54 376 4.584
55 376 4.584
88 376 4.68933
89 376 4.68933
93 376 4.584
99 376 4.63607
100 378 4.53309
131 378 4.584
51 379 4.4833
102 379 4.53309
103 379 4.4833
123 379 4.53309
124 379 4.53309
129 379 4.53309
133 379 4.584
148 379 4.79962
149 379 4.79962
51 380 4.4833
103 380 4.4833
104 380 4.4833
122 380 4.53309
123 380 4.53309
130 380 4.53309
131 380 4.584
134 380 4.584
135 380 4.584
171 380 5.03651
172 380 4.91521
86 381 4.53309
88 381 4.4833
104 381 4.4833
105 381 4.4833
106 381 4.4833
122 381 4.53309
123 381 4.53309
124 381 4.53309
128 381 4.53309
135 381 4.584
136 381 4.584
137 381 4.584
140 381 4.68933
141 381 4.68933
166 381 4.91521
172 381 4.91521
173 381 4.91521
174 381 4.91521
175 381 4.91521
58 382 4.4833
59 382 4.4833
80 382 4.91521
84 382 4.4833
85 382 4.4833
88 382 4.4833
89 382 4.4833
106 382 4.4833
162 382 4.85673
32 383 4.43459
58 383 4.4833
62 383 4.24989
63 383 4.2061
84 383 4.4833
85 383 4.4833
86 383 4.4833
108 383 4.4833
128 383 4.4833
129 383 4.4833
162 383 4.85673
163 383 4.85673
32 384 4.43459
33 384 4.43459
62 384 4.24989
63 384 4.2061
84 384 4.4833
85 384 4.4833
86 384 4.4833
129 384 4.53309
130 384 4.53309
142 384 4.63607
163 384 4.85673
164 384 4.85673
165 384 4.85673
28 385 4.38693
29 385 4.38693
35 385 4.38693
57 385 4.43459
60 385 4.24989
63 385 4.2061
73 385 4.34028
90 385 4.4833
104 385 4.43459
138 385 4.79962
141 385 4.584
142 385 4.584
143 385 4.584
165 385 4.85673
166 385 4.85673
5 386 4.38693
29 386 4.38693
30 386 4.38693
33 386 4.38693
40 386 4.29461
73 386 4.34028
104 386 4.38693
138 386 4.79962
171 386 4.79962
617 386 4.97512
618 386 4.97512
634 386 4.74383
635 386 4.68933
636 386 4.68933
30 387 4.38693
39 387 4.29461
40 387 4.29461
55 387 4.2061
56 387 4.2061
98 387 4.43459
101 387 4.38693
128 387 4.53309
137 387 4.79962
140 387 4.68933
141 387 4.584
619 387 4.85673
620 387 4.85673
621 387 4.79962
622 387 4.79962
623 387 4.74383
624 387 4.68933
625 387 4.68933
626 387 4.68933
627 387 4.68933
631 387 4.68933
632 387 4.74383
633 387 4.74383
634 387 4.68933
635 387 4.68933
636 387 4.68933
31 388 4.38693
40 388 4.29461
41 388 4.29461
100 388 4.38693
101 388 4.38693
102 388 4.38693
121 388 4.4833
129 388 4.53309
174 388 4.85673
175 388 4.85673
621 388 4.79962
622 388 4.79962
623 388 4.74383
624 388 4.68933
625 388 4.68933
626 388 4.68933
627 388 4.68933
628 388 4.68933
629 388 4.68933
630 388 4.68933
631 388 4.68933
632 388 4.74383
634 388 4.68933
635 388 4.68933
636 388 4.68933
637 388 4.53309
136 389 4.79962
624 389 4.68933
625 389 4.68933
626 389 4.68933
627 389 4.68933
635 389 4.68933
636 389 4.53309
637 389 4.53309
34 390 4.24989
35 390 4.24989
160 390 4.74383
161 390 4.74383
34 391 4.24989
35 391 4.24989
36 391 4.24989
59 391 4.1632
161 391 4.74383
59 392 4.1632
60 392 4.1632
69 392 4.1632
70 392 4.1632
72 392 4.24989
73 392 4.24989
103 392 4.29461
113 392 4.29461
157 392 4.68933
32 393 4.2061
57 393 4.2061
58 393 4.1632
60 393 4.12116
61 393 4.12116
103 393 4.29461
114 393 4.29461
118 393 4.34028
119 393 4.34028
154 393 4.63607
156 393 4.68933
157 393 4.68933
158 393 4.63607
159 393 4.68933
160 393 4.63607
18 394 4.1632
32 394 4.2061
61 394 4.12116
62 394 4.12116
114 394 4.29461
119 394 4.34028
120 394 4.34028
121 394 4.34028
152 394 4.63607
153 394 4.63607
157 394 4.68933
158 394 4.63607
159 394 4.63607
160 394 4.63607
55 395 4.07997
56 395 4.07997
62 395 4.12116
120 395 4.34028
126 395 4.34028
127 395 4.34028
128 395 4.24989
152 395 4.63607
153 395 4.63607
156 395 4.68933
55 396 4.03959
56 396 4.07997
127 396 4.34028
128 396 4.24989
129 396 4.24989
130 396 4.24989
15 397 4.12116
52 397 4.03959
68 397 4.1632
77 397 4.12116
84 397 4.53309
131 397 4.24989
134 397 4.29461
135 397 4.29461
15 398 4.12116
52 398 4.03959
53 398 4.03959
68 398 4.12116
69 398 4.12116
77 398 4.12116
78 398 4.12116
80 398 4.12116
135 398 4.29461
136 398 4.29461
54 399 4.03959
58 399 4.03959
69 399 4.12116
78 399 4.12116
79 399 4.12116
80 399 4.12116
81 399 4.12116
82 399 4.2061
128 399 4.24989
129 399 4.24989
222 399 4.53309
395 399 4.4833
396 399 4.4833
69 400 4.12116
70 400 4.12116
79 400 4.12116
82 400 4.1632
99 400 4.1632
103 400 4.1632
122 400 4.2061
123 400 4.2061
133 400 4.29461
134 400 4.29461
134 401 4.29461
85 402 4.03959
95 402 4.07997
204 402 4.4833
78 403 4.03959
84 403 4.03959
85 403 4.03959
95 403 4.07997
96 403 4.07997
78 404 4.03959
84 404 4.03959
85 404 4.03959
91 404 4.03959
96 404 4.07997
135 404 4.29461
138 404 4.29461
91 405 4.03959
92 405 4.03959
111 405 4.12116
112 405 4.12116
135 405 4.29461
201 405 4.38693
91 406 4.03959
92 406 4.03959
93 406 4.03959
94 406 4.03959
51 407 4.03959
74 407 4.07997
76 407 4.03959
77 407 4.03959
91 407 4.03959
92 407 4.03959
136 407 4.29461
487 407 4.24989
50 408 4.03959
51 408 4.03959
52 408 4.03959
72 408 4.24989
76 408 4.03959
91 408 4.03959
136 408 4.29461
137 408 4.29461
50 409 4.03959
71 409 4.24989
97 409 4.03959
105 409 4.03959
137 409 4.29461
83 410 4.03959
21 411 4.03959
83 411 4.03959
66 413 4.03959
259 414 4.2061
343 414 4.1632
343 415 4.1632
344 415 4.1632
93 416 4.03959
94 416 4.03959
218 416 4.1632
219 416 4.1632
346 416 4.12116
433 416 4.07997
93 417 4.03959
212 418 4.07997
209 419 4.07997
217 419 4.07997
209 420 4.07997
210 420 4.07997
211 420 4.07997
389 420 4.03959
405 420 4.03959
532 420 4.03959
533 420 4.03959
534 420 4.03959
558 420 4.07997
559 420 4.07997
211 423 4.03959
147 428 4.03959
146 429 4.03959
