7 3 21.4362
46 3 21.4362
55 3 22.6244
56 3 22.6244
214 3 10.1937
219 3 10.1937
220 3 10.1937
351 3 33.8983
556 3 17.7148
7 4 22.6244
14 4 20.3666
18 4 20.3666
45 4 21.4362
46 4 22.6244
54 4 22.6244
55 4 22.6244
56 4 22.6244
214 4 10.1937
219 4 10.1937
220 4 10.1937
349 4 33.8983
558 4 17.7148
4 5 21.4362
5 5 21.4362
20 5 21.4362
21 5 21.4362
36 5 21.4362
45 5 22.6244
46 5 22.6244
48 5 22.6244
214 5 10.1937
219 5 10.1937
220 5 10.1937
348 5 33.8983
349 5 33.8983
372 5 23.9521
395 5 36.9686
396 5 36.9686
542 5 19.3986
543 5 19.3986
557 5 17.7148
558 5 17.7148
595 5 16.9779
596 5 16.9779
601 5 17.7148
5 6 21.4362
17 6 20.3666
21 6 21.4362
45 6 22.6244
48 6 22.6244
54 6 22.6244
55 6 22.6244
214 6 10.1937
219 6 10.1937
220 6 10.1937
539 6 21.4362
542 6 19.3986
545 6 19.3986
556 6 18.5185
557 6 18.5185
558 6 18.5185
612 6 19.3986
5 7 21.4362
17 7 20.3666
35 7 21.4362
54 7 22.6244
58 7 22.6244
214 7 10.1937
219 7 10.1937
220 7 10.1937
375 7 22.6244
545 7 19.3986
546 7 18.5185
556 7 18.5185
557 7 18.5185
12 8 21.4362
16 8 21.4362
17 8 20.3666
35 8 21.4362
40 8 21.4362
48 8 22.6244
59 8 22.6244
214 8 10.1937
219 8 10.1937
220 8 10.1937
608 8 16.2999
7 9 20.3666
8 9 22.6244
12 9 21.4362
16 9 21.4362
19 9 20.3666
35 9 21.4362
48 9 22.6244
55 9 22.6244
59 9 22.6244
214 9 10.1937
219 9 10.1937
220 9 10.1937
548 9 18.5185
549 9 18.5185
560 9 18.5185
16 10 21.4362
22 10 20.3666
35 10 21.4362
55 10 22.6244
214 10 10.1937
219 10 10.1937
220 10 10.1937
294 10 29.0698
547 10 18.5185
548 10 18.5185
550 10 17.7148
581 10 20.3666
21 11 20.3666
22 11 20.3666
32 11 21.4362
33 11 21.4362
34 11 21.4362
43 11 21.4362
46 11 22.6244
55 11 22.6244
214 11 10.1937
219 11 10.1937
220 11 10.1937
305 11 31.2989
551 11 17.7148
557 11 18.5185
558 11 18.5185
596 11 18.5185
8 12 19.3986
33 12 21.4362
34 12 21.4362
42 12 21.4362
43 12 21.4362
45 12 22.6244
55 12 22.6244
59 12 22.6244
214 12 10.1937
219 12 10.1937
220 12 10.1937
380 12 22.6244
551 12 17.7148
552 12 17.7148
558 12 18.5185
581 12 20.3666
591 12 20.3666
5 13 20.3666
11 13 20.3666
33 13 21.4362
42 13 21.4362
55 13 22.6244
59 13 22.6244
219 13 10.1937
220 13 10.1937
531 13 19.3986
557 13 18.5185
558 13 18.5185
561 13 18.5185
598 13 18.5185
599 13 18.5185
628 13 18.5185
5 14 21.4362
11 14 20.3666
33 14 21.4362
54 14 22.6244
59 14 22.6244
214 14 10.1937
219 14 10.1937
220 14 10.1937
466 14 29.0698
547 14 21.4362
558 14 18.5185
598 14 18.5185
599 14 18.5185
5 15 21.4362
11 15 20.3666
14 15 22.6244
18 15 21.4362
20 15 21.4362
35 15 22.6244
42 15 21.4362
43 15 21.4362
46 15 22.6244
48 15 22.6244
53 15 21.4362
58 15 22.6244
59 15 22.6244
214 15 10.1937
219 15 10.1937
220 15 10.1937
335 15 31.2989
561 15 18.5185
562 15 18.5185
607 15 16.9779
5 16 21.4362
9 16 20.3666
14 16 22.6244
36 16 22.6244
42 16 21.4362
53 16 21.4362
54 16 21.4362
58 16 22.6244
219 16 10.1937
220 16 10.1937
555 16 18.5185
556 16 18.5185
630 16 16.9779
636 16 18.5185
4 17 21.4362
5 17 21.4362
9 17 20.3666
35 17 22.6244
42 17 21.4362
52 17 21.4362
53 17 21.4362
57 17 22.6244
131 17 31.2989
219 17 10.1937
220 17 10.1937
392 17 25.4453
405 17 29.0698
4 18 21.4362
38 18 21.4362
39 18 21.4362
42 18 21.4362
51 18 21.4362
52 18 21.4362
57 18 22.6244
219 18 10.1937
220 18 10.1937
377 18 25.4453
378 18 25.4453
379 18 23.9521
380 18 22.6244
391 18 25.4453
535 18 18.5185
557 18 18.5185
558 18 17.7148
559 18 17.7148
560 18 17.7148
592 18 17.7148
600 18 18.5185
602 18 18.5185
4 19 21.4362
7 19 20.3666
9 19 20.3666
38 19 21.4362
39 19 21.4362
42 19 21.4362
51 19 21.4362
52 19 21.4362
214 19 10.1937
219 19 10.1937
220 19 10.1937
375 19 27.137
376 19 25.4453
377 19 25.4453
378 19 25.4453
379 19 23.9521
384 19 22.6244
385 19 22.6244
535 19 18.5185
594 19 17.7148
605 19 17.7148
607 19 17.7148
4 20 20.3666
7 20 20.3666
9 20 20.3666
50 20 21.4362
51 20 21.4362
125 20 33.8983
135 20 33.8983
219 20 10.1937
220 20 10.1937
371 20 23.9521
372 20 23.9521
374 20 27.137
375 20 27.137
383 20 22.6244
475 20 27.137
559 20 17.7148
560 20 17.7148
605 20 17.7148
606 20 17.7148
4 21 20.3666
10 21 20.3666
31 21 22.6244
38 21 21.4362
49 21 21.4362
50 21 21.4362
125 21 33.8983
134 21 33.8983
135 21 33.8983
219 21 10.1937
220 21 10.1937
370 21 23.9521
559 21 18.5185
560 21 18.5185
561 21 18.5185
4 22 20.3666
10 22 20.3666
14 22 20.3666
31 22 21.4362
38 22 21.4362
39 22 21.4362
40 22 21.4362
134 22 33.8983
219 22 10.1937
220 22 10.1937
368 22 25.4453
369 22 23.9521
477 22 27.137
538 22 18.5185
562 22 17.7148
569 22 18.5185
603 22 18.5185
4 23 20.3666
10 23 20.3666
42 23 21.4362
134 23 33.8983
214 23 10.1937
219 23 10.1937
220 23 10.1937
368 23 25.4453
562 23 18.5185
563 23 18.5185
624 23 16.9779
625 23 16.9779
4 24 20.3666
10 24 20.3666
18 24 21.4362
33 24 21.4362
41 24 21.4362
42 24 21.4362
43 24 21.4362
50 24 21.4362
51 24 21.4362
219 24 10.1937
220 24 10.1937
563 24 18.5185
567 24 16.9779
604 24 18.5185
611 24 19.3986
612 24 18.5185
614 24 18.5185
618 24 19.3986
619 24 19.3986
3 25 20.3666
4 25 20.3666
7 25 20.3666
8 25 20.3666
11 25 20.3666
32 25 21.4362
33 25 21.4362
43 25 21.4362
50 25 21.4362
51 25 21.4362
219 25 10.1937
220 25 10.1937
534 25 18.5185
563 25 18.5185
567 25 16.9779
612 25 18.5185
613 25 18.5185
619 25 19.3986
11 26 20.3666
15 26 20.3666
16 26 20.3666
19 26 21.4362
32 26 21.4362
33 26 21.4362
50 26 21.4362
124 26 33.8983
125 26 33.8983
129 26 31.2989
134 26 36.9686
219 26 10.1937
220 26 10.1937
313 26 29.0698
365 26 25.4453
563 26 18.5185
564 26 18.5185
567 26 16.9779
575 26 20.3666
576 26 20.3666
577 26 20.3666
614 26 18.5185
624 26 18.5185
11 27 20.3666
15 27 20.3666
16 27 20.3666
19 27 21.4362
32 27 21.4362
44 27 21.4362
50 27 21.4362
124 27 33.8983
219 27 10.1937
220 27 10.1937
303 27 29.0698
365 27 25.4453
537 27 18.5185
563 27 18.5185
564 27 18.5185
577 27 20.3666
578 27 20.3666
607 27 18.5185
626 27 17.7148
7 28 21.4362
32 28 21.4362
50 28 21.4362
124 28 33.8983
219 28 10.1937
220 28 10.1937
364 28 25.4453
536 28 18.5185
537 28 18.5185
538 28 18.5185
563 28 19.3986
564 28 19.3986
629 28 16.9779
6 29 21.4362
7 29 21.4362
8 29 21.4362
13 29 21.4362
18 29 21.4362
19 29 21.4362
32 29 21.4362
33 29 21.4362
34 29 21.4362
50 29 21.4362
51 29 21.4362
139 29 33.8983
140 29 33.8983
219 29 10.1937
220 29 10.1937
537 29 18.5185
538 29 18.5185
563 29 19.3986
564 29 19.3986
568 29 16.2999
578 29 20.3666
624 29 16.9779
625 29 16.9779
13 30 21.4362
19 30 20.3666
32 30 21.4362
42 30 22.6244
43 30 22.6244
50 30 21.4362
51 30 21.4362
139 30 33.8983
219 30 10.1937
220 30 10.1937
359 30 25.4453
360 30 25.4453
361 30 25.4453
563 30 19.3986
564 30 19.3986
568 30 16.2999
13 31 21.4362
35 31 21.4362
36 31 21.4362
43 31 22.6244
50 31 21.4362
122 31 33.8983
139 31 33.8983
219 31 10.1937
220 31 10.1937
568 31 16.2999
608 31 18.5185
6 32 20.3666
7 32 20.3666
12 32 21.4362
13 32 21.4362
19 32 21.4362
34 32 21.4362
50 32 22.6244
55 32 21.4362
138 32 33.8983
139 32 33.8983
219 32 10.1937
220 32 10.1937
563 32 19.3986
568 32 16.2999
606 32 18.5185
607 32 18.5185
6 33 20.3666
12 33 21.4362
19 33 21.4362
34 33 21.4362
35 33 21.4362
50 33 22.6244
55 33 21.4362
120 33 33.8983
129 33 33.8983
138 33 33.8983
219 33 10.1937
220 33 10.1937
531 33 17.7148
563 33 19.3986
564 33 19.3986
606 33 18.5185
610 33 18.5185
6 34 20.3666
7 34 20.3666
15 34 21.4362
19 34 21.4362
29 34 22.6244
36 34 25.4453
50 34 22.6244
55 34 21.4362
129 34 33.8983
219 34 9.9453
220 34 9.9453
527 34 20.3666
563 34 19.3986
588 34 16.9779
6 35 20.3666
7 35 20.3666
9 35 20.3666
29 35 22.6244
40 35 21.4362
42 35 21.4362
59 35 22.6244
215 35 11.9904
219 35 9.9453
220 35 9.9453
333 35 31.2989
334 35 29.0698
567 35 18.5185
4 36 20.3666
5 36 20.3666
39 36 21.4362
40 36 21.4362
50 36 22.6244
59 36 22.6244
60 36 22.6244
134 36 33.8983
143 36 33.8983
219 36 9.9453
220 36 9.9453
332 36 31.2989
333 36 31.2989
567 36 18.5185
594 36 20.3666
595 36 20.3666
4 37 20.3666
5 37 20.3666
39 37 21.4362
50 37 21.4362
58 37 22.6244
59 37 22.6244
60 37 22.6244
134 37 33.8983
143 37 33.8983
215 37 11.9904
219 37 9.9453
220 37 9.9453
331 37 31.2989
332 37 31.2989
371 37 36.9686
536 37 18.5185
563 37 19.3986
564 37 19.3986
6 38 20.3666
10 38 20.3666
39 38 21.4362
49 38 21.4362
53 38 22.6244
58 38 22.6244
142 38 33.8983
143 38 33.8983
215 38 11.9904
219 38 9.9453
220 38 9.9453
300 38 27.137
312 38 29.0698
330 38 31.2989
563 38 19.3986
583 38 20.3666
607 38 19.3986
6 39 20.3666
10 39 20.3666
18 39 22.6244
19 39 22.6244
49 39 21.4362
52 39 22.6244
58 39 22.6244
121 39 31.2989
134 39 33.8983
215 39 11.9904
219 39 10.1937
220 39 10.1937
329 39 31.2989
563 39 19.3986
583 39 20.3666
584 39 20.3666
587 39 18.5185
606 39 19.3986
607 39 19.3986
627 39 16.9779
628 39 16.9779
6 40 20.3666
9 40 20.3666
10 40 20.3666
18 40 22.6244
19 40 22.6244
45 40 21.4362
46 40 21.4362
49 40 21.4362
52 40 22.6244
57 40 22.6244
58 40 22.6244
134 40 33.8983
142 40 33.8983
215 40 11.9904
219 40 10.1937
220 40 10.1937
563 40 19.3986
622 40 19.3986
623 40 19.3986
627 40 16.9779
631 40 16.9779
39 41 21.4362
40 41 21.4362
45 41 21.4362
49 41 21.4362
57 41 22.6244
58 41 22.6244
142 41 33.8983
213 41 11.9904
219 41 10.1937
220 41 10.1937
326 41 31.2989
567 41 18.5185
632 41 16.9779
637 41 23.9521
34 42 21.4362
39 42 21.4362
40 42 21.4362
45 42 21.4362
57 42 22.6244
141 42 33.8983
142 42 33.8983
219 42 10.1937
220 42 10.1937
325 42 31.2989
517 42 18.5185
567 42 18.5185
631 42 16.9779
632 42 16.9779
7 43 21.4362
34 43 21.4362
40 43 22.6244
48 43 22.6244
57 43 22.6244
141 43 33.8983
213 43 10.1937
219 43 9.9453
220 43 9.9453
567 43 18.5185
8 44 21.4362
9 44 21.4362
10 44 21.4362
12 44 21.4362
13 44 19.3986
40 44 22.6244
41 44 22.6244
48 44 22.6244
53 44 33.8983
56 44 22.6244
57 44 22.6244
140 44 33.8983
141 44 33.8983
213 44 11.9904
215 44 11.9904
219 44 9.9453
220 44 9.9453
369 44 27.137
567 44 18.5185
586 44 20.3666
632 44 17.7148
9 45 21.4362
13 45 21.4362
42 45 22.6244
56 45 22.6244
57 45 22.6244
140 45 33.8983
215 45 11.9904
219 45 9.9453
551 45 19.3986
552 45 19.3986
567 45 18.5185
42 46 22.6244
55 46 22.6244
56 46 22.6244
57 46 22.6244
119 46 31.2989
130 46 33.8983
140 46 33.8983
213 46 11.9904
215 46 11.9904
219 46 9.9453
220 46 9.9453
371 46 25.4453
373 46 25.4453
547 46 22.6244
552 46 19.3986
553 46 19.3986
567 46 18.5185
583 46 19.3986
634 46 17.7148
635 46 17.7148
5 47 21.4362
9 47 22.6244
15 47 21.4362
16 47 21.4362
17 47 21.4362
46 47 22.6244
55 47 22.6244
56 47 22.6244
119 47 31.2989
140 47 33.8983
213 47 11.9904
215 47 11.9904
219 47 9.9453
220 47 9.9453
553 47 19.3986
554 47 19.3986
567 47 18.5185
634 47 17.7148
635 47 17.7148
28 48 21.4362
52 48 22.6244
55 48 22.6244
119 48 31.2989
139 48 33.8983
140 48 33.8983
213 48 11.9904
215 48 11.9904
219 48 9.9453
220 48 9.9453
554 48 19.3986
13 49 21.4362
27 49 21.4362
28 49 21.4362
41 49 20.3666
51 49 22.6244
55 49 22.6244
132 49 33.8983
140 49 33.8983
213 49 11.9904
215 49 11.9904
219 49 9.9453
220 49 9.9453
528 49 20.3666
529 49 20.3666
530 49 19.3986
532 49 18.5185
554 49 19.3986
555 49 19.3986
560 49 19.3986
561 49 19.3986
562 49 19.3986
27 50 21.4362
30 50 21.4362
41 50 20.3666
43 50 20.3666
51 50 22.6244
145 50 33.8983
213 50 10.1937
215 50 10.1937
219 50 9.9453
220 50 9.9453
365 50 25.4453
529 50 20.3666
560 50 19.3986
561 50 19.3986
562 50 19.3986
4 51 20.3666
6 51 20.3666
9 51 20.3666
13 51 20.3666
17 51 21.4362
26 51 21.4362
27 51 21.4362
30 51 21.4362
31 51 21.4362
37 51 21.4362
41 51 20.3666
42 51 20.3666
50 51 22.6244
51 51 22.6244
127 51 31.2989
140 51 36.9686
213 51 10.1937
215 51 10.1937
219 51 9.9453
362 51 33.8983
533 51 19.3986
562 51 19.3986
579 51 20.3666
632 51 17.7148
6 52 20.3666
9 52 20.3666
13 52 20.3666
17 52 21.4362
26 52 21.4362
27 52 21.4362
31 52 21.4362
37 52 21.4362
49 52 22.6244
50 52 22.6244
51 52 22.6244
213 52 10.1937
219 52 9.9453
220 52 9.9453
297 52 31.2989
470 52 29.0698
471 52 29.0698
537 52 17.7148
561 52 19.3986
562 52 19.3986
9 53 20.3666
13 53 20.3666
14 53 21.4362
26 53 21.4362
49 53 21.4362
50 53 21.4362
213 53 10.1937
215 53 10.1937
219 53 9.9453
296 53 31.2989
567 53 19.3986
625 53 17.7148
632 53 17.7148
16 54 21.4362
50 54 21.4362
133 54 33.8983
213 54 10.1937
219 54 9.9453
220 54 9.9453
374 54 25.4453
375 54 25.4453
566 54 19.3986
16 55 21.4362
49 55 21.4362
50 55 21.4362
54 55 22.6244
213 55 10.1937
215 55 10.1937
219 55 9.9453
220 55 9.9453
290 55 31.2989
373 55 25.4453
374 55 25.4453
466 55 33.8983
559 55 19.3986
3 56 20.3666
10 56 21.4362
15 56 21.4362
16 56 21.4362
37 56 20.3666
213 56 10.1937
215 56 10.1937
219 56 9.9453
220 56 9.9453
373 56 25.4453
561 56 19.3986
562 56 19.3986
591 56 17.7148
598 56 18.5185
3 57 20.3666
12 57 21.4362
16 57 21.4362
37 57 20.3666
38 57 20.3666
55 57 22.6244
132 57 33.8983
213 57 11.9904
215 57 11.9904
219 57 9.9453
220 57 9.9453
560 57 19.3986
561 57 19.3986
562 57 19.3986
591 57 17.7148
601 57 19.3986
602 57 19.3986
8 58 21.4362
14 58 21.4362
16 58 21.4362
38 58 20.3666
51 58 21.4362
54 58 21.4362
55 58 22.6244
131 58 33.8983
141 58 31.2989
151 58 33.8983
213 58 10.1937
215 58 10.1937
219 58 9.9453
555 58 18.5185
556 58 18.5185
566 58 19.3986
567 58 19.3986
609 58 16.2999
610 58 16.2999
629 58 19.3986
38 59 20.3666
51 59 21.4362
54 59 22.6244
55 59 22.6244
131 59 33.8983
141 59 31.2989
148 59 31.2989
151 59 33.8983
213 59 10.1937
215 59 10.1937
219 59 9.9453
357 59 31.2989
555 59 19.3986
585 59 16.9779
627 59 19.3986
3 60 20.3666
45 60 20.3666
51 60 21.4362
52 60 21.4362
55 60 22.6244
136 60 33.8983
147 60 31.2989
151 60 33.8983
213 60 10.1937
219 60 9.9453
359 60 31.2989
558 60 18.5185
559 60 18.5185
613 60 18.5185
615 60 18.5185
616 60 17.7148
16 61 19.3986
36 61 21.4362
37 61 21.4362
39 61 21.4362
40 61 18.5185
51 61 21.4362
55 61 22.6244
136 61 33.8983
141 61 31.2989
147 61 31.2989
151 61 33.8983
213 61 10.1937
215 61 10.1937
219 61 9.9453
554 61 21.4362
3 62 22.6244
36 62 21.4362
37 62 21.4362
50 62 21.4362
51 62 21.4362
55 62 22.6244
120 62 33.8983
136 62 33.8983
141 62 33.8983
147 62 31.2989
151 62 33.8983
213 62 10.1937
215 62 10.1937
219 62 9.9453
560 62 18.5185
561 62 18.5185
616 62 18.5185
3 63 22.6244
11 63 21.4362
14 63 20.3666
15 63 20.3666
44 63 22.6244
45 63 21.4362
50 63 21.4362
55 63 22.6244
120 63 33.8983
147 63 31.2989
151 63 33.8983
213 63 10.1937
219 63 9.9453
561 63 18.5185
11 64 21.4362
15 64 20.3666
16 64 20.3666
43 64 22.6244
44 64 22.6244
45 64 21.4362
55 64 22.6244
56 64 22.6244
132 64 33.8983
133 64 33.8983
213 64 10.1937
215 64 10.1937
219 64 9.9453
608 64 19.3986
609 64 19.3986
618 64 18.5185
619 64 18.5185
620 64 17.7148
11 65 21.4362
16 65 20.3666
17 65 20.3666
35 65 21.4362
36 65 21.4362
42 65 22.6244
48 65 21.4362
55 65 22.6244
56 65 22.6244
132 65 33.8983
133 65 33.8983
136 65 33.8983
150 65 33.8983
151 65 33.8983
213 65 10.1937
219 65 9.9453
456 65 27.137
486 65 18.5185
505 65 18.5185
562 65 18.5185
617 65 18.5185
618 65 18.5185
619 65 18.5185
17 66 20.3666
27 66 21.4362
28 66 21.4362
41 66 22.6244
42 66 21.4362
54 66 22.6244
55 66 22.6244
133 66 33.8983
150 66 33.8983
219 66 9.9453
398 66 33.8983
504 66 18.5185
562 66 18.5185
563 66 18.5185
589 66 17.7148
590 66 17.7148
591 66 17.7148
628 66 16.9779
28 67 21.4362
41 67 21.4362
54 67 22.6244
129 67 33.8983
136 67 33.8983
213 67 10.1937
219 67 9.9453
562 67 19.3986
567 67 18.5185
582 67 17.7148
590 67 17.7148
37 68 21.4362
41 68 21.4362
50 68 21.4362
54 68 22.6244
92 68 57.971
96 68 57.971
124 68 33.8983
151 68 33.8983
213 68 10.1937
219 68 9.9453
561 68 19.3986
562 68 19.3986
563 68 19.3986
583 68 17.7148
604 68 19.3986
36 69 21.4362
37 69 21.4362
45 69 22.6244
50 69 21.4362
53 69 22.6244
54 69 22.6244
96 69 57.971
124 69 33.8983
132 69 40.6504
151 69 31.2989
213 69 10.1937
219 69 9.9453
450 69 31.2989
562 69 19.3986
566 69 18.5185
567 69 18.5185
583 69 17.7148
19 70 20.3666
36 70 21.4362
45 70 22.6244
49 70 21.4362
53 70 21.4362
54 70 21.4362
93 70 57.971
96 70 57.971
124 70 33.8983
125 70 33.8983
151 70 33.8983
219 70 9.9453
396 70 31.2989
631 70 18.5185
632 70 18.5185
13 71 20.3666
36 71 21.4362
48 71 21.4362
53 71 21.4362
93 71 57.971
124 71 33.8983
150 71 33.8983
151 71 33.8983
219 71 9.9453
220 71 9.9453
382 71 33.8983
575 71 19.3986
633 71 18.5185
48 72 21.4362
52 72 21.4362
53 72 21.4362
90 72 67.5676
136 72 31.2989
150 72 33.8983
154 72 33.8983
213 72 10.1937
219 72 9.9453
333 72 31.2989
446 72 29.0698
561 72 19.3986
562 72 19.3986
563 72 19.3986
567 72 16.2999
607 72 19.3986
608 72 19.3986
35 73 21.4362
38 73 21.4362
41 73 21.4362
52 73 21.4362
53 73 21.4362
90 73 67.5676
136 73 31.2989
149 73 31.2989
150 73 31.2989
154 73 33.8983
213 73 10.1937
219 73 9.9453
562 73 19.3986
563 73 19.3986
579 73 19.3986
35 74 21.4362
52 74 21.4362
53 74 21.4362
85 74 67.5676
99 74 67.5676
135 74 31.2989
136 74 31.2989
154 74 33.8983
213 74 10.1937
219 74 9.9453
394 74 31.2989
562 74 19.3986
563 74 19.3986
579 74 19.3986
585 74 17.7148
586 74 17.7148
10 75 20.3666
33 75 21.4362
34 75 21.4362
36 75 21.4362
43 75 21.4362
52 75 21.4362
53 75 21.4362
135 75 31.2989
153 75 33.8983
213 75 10.1937
219 75 9.9453
585 75 17.7148
586 75 17.7148
28 76 21.4362
33 76 21.4362
36 76 21.4362
51 76 21.4362
52 76 21.4362
98 76 67.5676
134 76 31.2989
152 76 33.8983
213 76 10.1937
219 76 9.9453
538 76 20.3666
562 76 19.3986
28 77 21.4362
29 77 21.4362
34 77 21.4362
51 77 21.4362
52 77 21.4362
86 77 67.5676
99 77 67.5676
127 77 33.8983
134 77 31.2989
151 77 33.8983
152 77 33.8983
213 77 10.1937
219 77 9.9453
391 77 31.2989
562 77 19.3986
563 77 19.3986
29 78 21.4362
32 78 21.4362
33 78 21.4362
39 78 22.6244
43 78 45.1467
50 78 21.4362
51 78 21.4362
86 78 67.5676
99 78 67.5676
151 78 33.8983
152 78 33.8983
213 78 10.1937
219 78 9.9453
562 78 19.3986
32 79 21.4362
33 79 21.4362
45 79 50.7614
46 79 50.7614
50 79 21.4362
125 79 33.8983
151 79 33.8983
152 79 33.8983
213 79 10.1937
219 79 9.9453
38 80 21.4362
46 80 50.7614
50 80 22.6244
125 80 33.8983
134 80 36.9686
151 80 33.8983
152 80 33.8983
219 80 9.9453
562 80 19.3986
591 80 18.5185
592 80 18.5185
593 80 18.5185
52 81 21.4362
53 81 21.4362
81 81 57.971
97 81 57.971
98 81 57.971
125 81 33.8983
151 81 33.8983
152 81 33.8983
219 81 9.9453
534 81 19.3986
566 81 18.5185
593 81 18.5185
594 81 18.5185
35 82 21.4362
36 82 21.4362
42 82 22.6244
43 82 22.6244
52 82 21.4362
81 82 57.971
92 82 57.971
97 82 57.971
151 82 31.2989
152 82 31.2989
219 82 9.9453
566 82 18.5185
33 83 21.4362
82 83 57.971
96 83 57.971
97 83 67.5676
134 83 31.2989
219 83 9.9453
533 83 19.3986
551 83 18.5185
552 83 18.5185
566 83 18.5185
27 84 20.3666
33 84 21.4362
40 84 27.137
54 84 22.6244
82 84 57.971
88 84 67.5676
95 84 57.971
96 84 57.971
124 84 33.8983
127 84 33.8983
151 84 33.8983
219 84 9.9453
551 84 18.5185
552 84 18.5185
557 84 20.3666
561 84 18.5185
566 84 18.5185
596 84 17.7148
43 85 20.3666
44 85 21.4362
52 85 21.4362
53 85 21.4362
57 85 22.6244
78 85 67.5676
94 85 57.971
95 85 57.971
124 85 33.8983
150 85 31.2989
151 85 31.2989
159 85 45.1467
219 85 9.9453
575 85 18.5185
596 85 17.7148
597 85 17.7148
9 86 20.3666
34 86 22.6244
51 86 21.4362
52 86 21.4362
53 86 21.4362
78 86 67.5676
94 86 57.971
95 86 57.971
123 86 33.8983
150 86 31.2989
151 86 31.2989
159 86 45.1467
219 86 9.9453
9 87 20.3666
41 87 21.4362
51 87 21.4362
52 87 21.4362
57 87 22.6244
82 87 57.971
93 87 57.971
94 87 57.971
123 87 33.8983
150 87 31.2989
151 87 31.2989
159 87 45.1467
219 87 9.9453
561 87 19.3986
562 87 19.3986
8 88 20.3666
39 88 21.4362
45 88 22.6244
51 88 21.4362
57 88 22.6244
82 88 57.971
89 88 67.5676
93 88 57.971
94 88 57.971
108 88 57.971
124 88 33.8983
142 88 31.2989
151 88 31.2989
159 88 45.1467
213 88 10.1937
219 88 9.9453
385 88 31.2989
578 88 18.5185
579 88 18.5185
39 89 21.4362
58 89 22.6244
89 89 67.5676
94 89 57.971
105 89 57.971
124 89 33.8983
151 89 31.2989
159 89 45.1467
219 89 9.9453
427 89 29.0698
566 89 18.5185
578 89 18.5185
9 90 21.4362
10 90 21.4362
11 90 21.4362
32 90 20.3666
39 90 21.4362
49 90 21.4362
58 90 22.6244
59 90 22.6244
94 90 57.971
104 90 57.971
105 90 57.971
124 90 33.8983
151 90 33.8983
159 90 45.1467
213 90 10.1937
219 90 9.9453
426 90 29.0698
566 90 18.5185
9 91 21.4362
10 91 21.4362
32 91 20.3666
39 91 21.4362
48 91 21.4362
49 91 21.4362
58 91 22.6244
59 91 22.6244
94 91 57.971
140 91 33.8983
151 91 33.8983
152 91 33.8983
159 91 45.1467
219 91 9.9453
32 92 20.3666
35 92 21.4362
49 92 21.4362
59 92 22.6244
82 92 67.5676
103 92 57.971
125 92 33.8983
151 92 33.8983
159 92 45.1467
219 92 9.9453
499 92 21.4362
500 92 21.4362
501 92 21.4362
599 92 18.5185
10 93 21.4362
18 93 20.3666
35 93 21.4362
36 93 21.4362
59 93 22.6244
82 93 67.5676
95 93 57.971
99 93 57.971
133 93 33.8983
137 93 33.8983
151 93 31.2989
159 93 45.1467
219 93 9.9453
546 93 18.5185
547 93 18.5185
548 93 18.5185
554 93 22.6244
566 93 18.5185
573 93 20.3666
10 94 21.4362
12 94 21.4362
18 94 20.3666
24 94 21.4362
25 94 21.4362
35 94 21.4362
47 94 22.6244
48 94 22.6244
59 94 22.6244
81 94 67.5676
82 94 67.5676
98 94 57.971
99 94 57.971
126 94 33.8983
137 94 33.8983
150 94 31.2989
159 94 45.1467
219 94 9.9453
546 94 18.5185
547 94 18.5185
559 94 19.3986
560 94 19.3986
561 94 19.3986
566 94 18.5185
5 95 21.4362
10 95 21.4362
24 95 21.4362
25 95 21.4362
27 95 21.4362
46 95 22.6244
59 95 22.6244
74 95 57.971
81 95 67.5676
98 95 57.971
99 95 57.971
126 95 33.8983
150 95 31.2989
151 95 31.2989
159 95 45.1467
219 95 9.9453
560 95 19.3986
561 95 19.3986
566 95 18.5185
3 96 21.4362
6 96 21.4362
19 96 40.6504
24 96 21.4362
27 96 21.4362
46 96 22.6244
59 96 22.6244
98 96 57.971
99 96 57.971
145 96 33.8983
151 96 31.2989
159 96 45.1467
219 96 9.9453
561 96 19.3986
570 96 18.5185
571 96 18.5185
27 97 21.4362
58 97 23.9521
98 97 57.971
108 97 67.5676
133 97 33.8983
151 97 33.8983
159 97 45.1467
219 97 9.9453
561 97 19.3986
7 98 31.2989
11 98 20.3666
12 98 20.3666
58 98 23.9521
59 98 23.9521
98 98 67.5676
106 98 67.5676
126 98 33.8983
159 98 45.1467
219 98 9.9453
543 98 20.3666
561 98 19.3986
562 98 19.3986
59 99 22.6244
70 99 23.9521
94 99 57.971
97 99 67.5676
98 99 67.5676
159 99 45.1467
219 99 9.9453
546 99 19.3986
566 99 19.3986
69 100 23.9521
70 100 23.9521
415 100 29.0698
562 100 18.5185
588 100 17.7148
58 101 23.9521
69 101 23.9521
70 101 23.9521
71 101 23.9521
103 101 57.971
128 101 33.8983
129 101 33.8983
145 101 33.8983
156 101 31.2989
159 101 45.1467
587 101 17.7148
588 101 17.7148
12 102 21.4362
58 102 22.6244
63 102 23.9521
64 102 23.9521
81 102 57.971
100 102 57.971
129 102 33.8983
151 102 33.8983
156 102 31.2989
159 102 45.1467
212 102 10.1937
577 102 16.9779
580 102 18.5185
589 102 17.7148
12 103 21.4362
33 103 21.4362
58 103 22.6244
73 103 57.971
81 103 57.971
82 103 57.971
100 103 57.971
129 103 33.8983
156 103 31.2989
212 103 10.1937
219 103 9.9453
306 103 33.8983
590 103 17.7148
5 104 20.3666
7 104 20.3666
33 104 21.4362
57 104 22.6244
81 104 57.971
82 104 57.971
100 104 57.971
134 104 33.8983
144 104 31.2989
156 104 31.2989
157 104 31.2989
212 104 10.1937
219 104 9.9453
601 104 18.5185
3 105 21.4362
11 105 21.4362
99 105 57.971
100 105 57.971
109 105 67.5676
134 105 33.8983
159 105 45.1467
212 105 10.1937
219 105 9.9453
3 106 21.4362
9 106 21.4362
11 106 21.4362
58 106 22.6244
63 106 50.7614
99 106 57.971
144 106 31.2989
159 106 36.9686
212 106 10.1937
219 106 9.9453
5 107 20.3666
11 107 21.4362
58 107 22.6244
63 107 50.7614
77 107 57.971
98 107 57.971
109 107 67.5676
144 107 31.2989
159 107 36.9686
219 107 9.9453
57 108 22.6244
58 108 22.6244
97 108 57.971
98 108 57.971
109 108 67.5676
146 108 31.2989
159 108 36.9686
219 108 9.9453
13 109 21.4362
33 109 21.4362
46 109 22.6244
58 109 22.6244
97 109 57.971
98 109 57.971
104 109 67.5676
109 109 67.5676
143 109 31.2989
159 109 36.9686
219 109 9.9453
594 109 17.7148
33 110 21.4362
41 110 21.4362
46 110 22.6244
58 110 22.6244
64 110 67.5676
97 110 57.971
98 110 57.971
128 110 31.2989
152 110 33.8983
159 110 36.9686
219 110 9.9453
3 111 22.6244
58 111 22.6244
65 111 67.5676
83 111 67.5676
97 111 57.971
98 111 57.971
100 111 57.971
108 111 67.5676
152 111 33.8983
159 111 36.9686
219 111 9.9453
373 111 29.0698
403 111 31.2989
30 112 21.4362
31 112 21.4362
35 112 21.4362
58 112 22.6244
72 112 57.971
108 112 67.5676
141 112 31.2989
159 112 36.9686
219 112 9.9453
373 112 29.0698
8 113 21.4362
29 113 21.4362
58 113 22.6244
71 113 57.971
96 113 57.971
97 113 57.971
107 113 67.5676
108 113 67.5676
140 113 33.8983
145 113 33.8983
159 113 36.9686
161 113 36.9686
214 113 45.1467
219 113 9.9453
4 114 20.3666
8 114 20.3666
29 114 21.4362
34 114 21.4362
71 114 57.971
72 114 57.971
83 114 67.5676
107 114 67.5676
140 114 33.8983
161 114 33.8983
214 114 45.1467
219 114 9.9453
24 115 21.4362
72 115 57.971
81 115 67.5676
106 115 67.5676
107 115 67.5676
140 115 31.2989
158 115 45.1467
161 115 31.2989
219 115 9.9453
5 116 21.4362
6 116 21.4362
27 116 21.4362
58 116 22.6244
72 116 57.971
73 116 57.971
107 116 67.5676
161 116 33.8983
212 116 45.1467
219 116 9.9453
6 117 21.4362
27 117 21.4362
58 117 22.6244
73 117 57.971
219 117 9.9453
25 118 20.3666
26 118 20.3666
27 118 21.4362
63 118 50.7614
64 118 50.7614
74 118 57.971
81 118 67.5676
160 118 33.8983
161 118 33.8983
219 118 9.9453
25 119 21.4362
63 119 50.7614
64 119 50.7614
75 119 57.971
160 119 33.8983
219 119 9.9453
3 120 20.3666
24 120 21.4362
55 120 22.6244
63 120 50.7614
64 120 50.7614
75 120 57.971
76 120 57.971
160 120 33.8983
219 120 9.9453
24 121 21.4362
64 121 50.7614
84 121 67.5676
85 121 67.5676
144 121 31.2989
159 121 33.8983
160 121 33.8983
212 121 10.1937
219 121 9.9453
4 122 20.3666
8 122 21.4362
23 122 21.4362
24 122 21.4362
84 122 67.5676
85 122 67.5676
159 122 36.9686
212 122 10.1937
219 122 9.9453
391 122 31.2989
4 123 20.3666
8 123 21.4362
23 123 21.4362
35 123 21.4362
64 123 40.6504
70 123 57.971
84 123 67.5676
158 123 36.9686
159 123 36.9686
212 123 10.1937
219 123 9.9453
5 124 20.3666
22 124 21.4362
23 124 21.4362
35 124 21.4362
38 124 21.4362
57 124 22.6244
64 124 40.6504
158 124 40.6504
159 124 40.6504
212 124 10.1937
219 124 9.9453
7 125 21.4362
22 125 21.4362
25 125 21.4362
57 125 22.6244
64 125 40.6504
158 125 40.6504
159 125 40.6504
212 125 10.1937
57 126 22.6244
212 126 10.1937
219 126 10.1937
13 127 20.3666
48 127 23.9521
57 127 22.6244
139 127 31.2989
140 127 31.2989
158 127 45.1467
212 127 10.1937
219 127 10.1937
13 128 20.3666
22 128 21.4362
48 128 23.9521
57 128 22.6244
68 128 50.7614
139 128 31.2989
140 128 31.2989
154 128 31.2989
158 128 50.7614
212 128 10.1937
219 128 10.1937
21 129 21.4362
22 129 21.4362
48 129 23.9521
57 129 22.6244
68 129 50.7614
114 129 57.971
140 129 31.2989
154 129 31.2989
158 129 50.7614
159 129 50.7614
219 129 10.1937
20 130 21.4362
21 130 21.4362
48 130 23.9521
57 130 22.6244
114 130 57.971
155 130 31.2989
212 130 10.1937
219 130 10.1937
20 131 21.4362
21 131 21.4362
48 131 23.9521
57 131 22.6244
155 131 31.2989
219 131 10.1937
20 132 21.4362
48 132 23.9521
57 132 22.6244
155 132 31.2989
212 132 10.1937
215 132 45.1467
219 132 10.1937
20 133 21.4362
42 133 22.6244
48 133 23.9521
57 133 23.9521
212 133 10.1937
215 133 45.1467
20 134 21.4362
21 134 21.4362
42 134 22.6244
48 134 23.9521
57 134 23.9521
212 134 10.1937
215 134 45.1467
20 135 21.4362
42 135 22.6244
212 135 10.1937
219 135 10.1937
563 135 19.3986
564 135 19.3986
20 136 21.4362
48 136 23.9521
219 136 10.1937
563 136 19.3986
20 137 21.4362
21 137 21.4362
42 137 22.6244
48 137 23.9521
158 137 33.8983
219 137 10.1937
19 138 21.4362
20 138 21.4362
41 138 22.6244
42 138 22.6244
48 138 23.9521
219 138 10.1937
19 139 21.4362
20 139 21.4362
22 139 21.4362
47 139 22.6244
54 139 22.6244
55 139 22.6244
212 139 10.1937
219 139 10.1937
3 140 21.4362
19 140 20.3666
47 140 22.6244
54 140 22.6244
59 140 23.9521
212 140 10.1937
219 140 10.1937
563 140 19.3986
3 141 21.4362
19 141 21.4362
47 141 22.6244
54 141 22.6244
59 141 23.9521
219 141 10.1937
3 142 21.4362
19 142 21.4362
47 142 22.6244
54 142 22.6244
59 142 23.9521
219 142 10.1937
3 143 21.4362
18 143 21.4362
29 143 23.9521
47 143 22.6244
54 143 22.6244
59 143 23.9521
155 143 40.6504
219 143 10.1937
18 144 21.4362
29 144 23.9521
47 144 22.6244
54 144 22.6244
59 144 23.9521
211 144 10.1937
219 144 10.1937
3 145 20.3666
17 145 21.4362
18 145 21.4362
47 145 22.6244
54 145 22.6244
59 145 23.9521
211 145 10.1937
219 145 10.1937
3 146 20.3666
17 146 21.4362
18 146 21.4362
24 146 23.9521
47 146 22.6244
54 146 22.6244
59 146 23.9521
211 146 10.1937
219 146 10.1937
3 147 20.3666
17 147 20.3666
18 147 20.3666
27 147 23.9521
47 147 22.6244
54 147 22.6244
58 147 23.9521
59 147 23.9521
211 147 10.4548
219 147 10.1937
3 148 21.4362
17 148 20.3666
54 148 22.6244
58 148 23.9521
59 148 23.9521
155 148 45.1467
211 148 10.4548
219 148 10.1937
261 148 80.9717
3 149 21.4362
17 149 20.3666
27 149 23.9521
47 149 22.6244
54 149 22.6244
58 149 23.9521
59 149 23.9521
211 149 10.4548
219 149 10.1937
17 150 20.3666
47 150 22.6244
54 150 22.6244
58 150 22.6244
59 150 22.6244
211 150 10.1937
18 151 20.3666
47 151 22.6244
54 151 22.6244
58 151 22.6244
59 151 22.6244
211 151 10.1937
219 151 10.1937
17 152 21.4362
18 152 21.4362
47 152 22.6244
54 152 22.6244
58 152 22.6244
75 152 40.6504
211 152 10.1937
219 152 10.1937
28 153 23.9521
47 153 22.6244
54 153 22.6244
58 153 22.6244
211 153 10.1937
219 153 10.1937
54 154 22.6244
58 154 22.6244
59 154 22.6244
211 154 10.1937
24 155 23.9521
54 155 22.6244
58 155 23.9521
59 155 23.9521
219 155 10.1937
24 156 23.9521
47 156 22.6244
54 156 22.6244
58 156 23.9521
59 156 23.9521
148 156 31.2989
155 156 45.1467
211 156 10.1937
219 156 10.1937
41 157 22.6244
47 157 22.6244
54 157 22.6244
58 157 23.9521
155 157 45.1467
219 157 10.1937
41 158 22.6244
47 158 22.6244
53 158 22.6244
54 158 22.6244
58 158 23.9521
155 158 45.1467
219 158 10.1937
17 159 20.3666
18 159 20.3666
19 159 20.3666
23 159 23.9521
24 159 23.9521
47 159 22.6244
53 159 22.6244
58 159 23.9521
155 159 45.1467
219 159 10.1937
3 160 21.4362
18 160 20.3666
23 160 23.9521
24 160 23.9521
28 160 23.9521
53 160 22.6244
54 160 22.6244
58 160 23.9521
219 160 10.1937
624 160 27.137
3 161 21.4362
23 161 23.9521
28 161 23.9521
53 161 22.6244
58 161 23.9521
219 161 10.1937
564 161 19.3986
3 162 21.4362
28 162 23.9521
53 162 22.6244
58 162 23.9521
155 162 45.1467
219 162 10.1937
3 163 21.4362
28 163 23.9521
47 163 23.9521
58 163 23.9521
154 163 45.1467
155 163 45.1467
255 163 80.9717
23 164 21.4362
53 164 22.6244
54 164 22.6244
58 164 23.9521
219 164 10.1937
255 164 80.9717
23 165 21.4362
53 165 22.6244
54 165 22.6244
58 165 23.9521
211 165 10.1937
255 165 80.9717
326 165 134.228
3 166 20.3666
23 166 21.4362
41 166 22.6244
46 166 23.9521
47 166 22.6244
49 166 23.9521
53 166 22.6244
58 166 23.9521
211 166 10.1937
255 166 80.9717
23 167 22.6244
41 167 22.6244
46 167 23.9521
47 167 22.6244
49 167 23.9521
53 167 22.6244
58 167 23.9521
219 167 10.1937
255 167 80.9717
23 168 22.6244
41 168 22.6244
53 168 22.6244
58 168 23.9521
219 168 10.1937
283 168 101.01
564 168 19.3986
23 169 22.6244
28 169 23.9521
53 169 22.6244
58 169 23.9521
218 169 10.1937
246 169 80.9717
255 169 80.9717
564 169 19.3986
23 170 22.6244
28 170 23.9521
46 170 22.6244
53 170 22.6244
58 170 23.9521
255 170 80.9717
283 170 101.01
23 171 22.6244
28 171 23.9521
46 171 22.6244
53 171 22.6244
58 171 23.9521
220 171 9.9453
246 171 80.9717
255 171 80.9717
283 171 101.01
22 172 23.9521
23 172 23.9521
28 172 23.9521
46 172 22.6244
53 172 22.6244
58 172 23.9521
134 172 31.2989
152 172 67.5676
220 172 9.9453
283 172 101.01
3 173 20.3666
23 173 23.9521
53 173 22.6244
58 173 23.9521
134 173 31.2989
152 173 67.5676
207 173 45.1467
220 173 9.9453
283 173 101.01
614 173 29.0698
615 173 27.137
616 173 27.137
3 174 20.3666
23 174 23.9521
41 174 22.6244
53 174 22.6244
58 174 23.9521
134 174 31.2989
152 174 67.5676
207 174 45.1467
219 174 9.9453
220 174 9.9453
283 174 101.01
563 174 20.3666
564 174 20.3666
612 174 31.2989
613 174 31.2989
614 174 29.0698
616 174 27.137
617 174 25.4453
619 174 23.9521
620 174 21.4362
621 174 21.4362
41 175 22.6244
46 175 22.6244
47 175 22.6244
58 175 23.9521
207 175 45.1467
219 175 9.9453
220 175 9.9453
602 175 200
611 175 33.8983
612 175 31.2989
613 175 31.2989
615 175 27.137
616 175 27.137
617 175 25.4453
618 175 25.4453
619 175 23.9521
19 176 21.4362
41 176 22.6244
47 176 22.6244
154 176 45.1467
204 176 45.1467
206 176 45.1467
207 176 45.1467
219 176 10.1937
220 176 10.1937
616 176 27.137
617 176 25.4453
40 177 22.6244
41 177 22.6244
47 177 23.9521
154 177 45.1467
206 177 45.1467
207 177 45.1467
219 177 10.1937
220 177 10.1937
40 178 22.6244
41 178 22.6244
47 178 23.9521
154 178 45.1467
178 178 57.971
206 178 45.1467
219 178 10.1937
220 178 10.1937
40 179 22.6244
41 179 22.6244
47 179 23.9521
133 179 31.2989
154 179 45.1467
206 179 45.1467
219 179 10.1937
220 179 10.1937
616 179 25.4453
19 180 22.6244
40 180 22.6244
41 180 22.6244
47 180 23.9521
133 180 31.2989
154 180 45.1467
170 180 36.9686
206 180 45.1467
207 180 45.1467
219 180 10.1937
220 180 10.1937
514 180 50.7614
515 180 45.1467
516 180 40.6504
517 180 36.9686
518 180 36.9686
519 180 33.8983
520 180 31.2989
521 180 31.2989
522 180 29.0698
612 180 31.2989
613 180 31.2989
614 180 29.0698
615 180 27.137
616 180 25.4453
617 180 25.4453
618 180 23.9521
619 180 22.6244
40 181 22.6244
41 181 22.6244
47 181 23.9521
71 181 31.2989
154 181 45.1467
206 181 45.1467
219 181 10.1937
220 181 10.1937
517 181 40.6504
518 181 36.9686
521 181 31.2989
601 181 134.228
602 181 134.228
603 181 101.01
604 181 101.01
605 181 67.5676
612 181 31.2989
614 181 29.0698
615 181 27.137
616 181 25.4453
617 181 25.4453
618 181 23.9521
40 182 22.6244
41 182 22.6244
47 182 23.9521
71 182 31.2989
72 182 31.2989
141 182 33.8983
151 182 101.01
154 182 45.1467
165 182 80.9717
169 182 36.9686
170 182 36.9686
173 182 36.9686
206 182 45.1467
219 182 10.1937
220 182 10.1937
258 182 101.01
521 182 31.2989
40 183 22.6244
41 183 22.6244
47 183 23.9521
154 183 45.1467
169 183 36.9686
170 183 36.9686
173 183 36.9686
206 183 45.1467
219 183 10.1937
220 183 10.1937
516 183 45.1467
521 183 31.2989
522 183 31.2989
40 184 22.6244
41 184 22.6244
47 184 23.9521
154 184 45.1467
206 184 45.1467
258 184 101.01
278 184 80.9717
516 184 50.7614
40 185 22.6244
41 185 22.6244
47 185 23.9521
154 185 45.1467
159 185 50.7614
195 185 101.01
206 185 45.1467
207 185 45.1467
258 185 101.01
278 185 80.9717
612 185 27.137
618 185 27.137
40 186 22.6244
41 186 22.6244
47 186 23.9521
141 186 31.2989
154 186 45.1467
278 186 80.9717
521 186 27.137
522 186 27.137
618 186 27.137
40 187 22.6244
41 187 22.6244
47 187 23.9521
154 187 45.1467
170 187 36.9686
210 187 10.7296
278 187 80.9717
288 187 80.9717
511 187 200
515 187 45.1467
516 187 40.6504
517 187 40.6504
519 187 31.2989
520 187 27.137
521 187 27.137
522 187 27.137
612 187 27.137
618 187 27.137
40 188 22.6244
41 188 22.6244
47 188 23.9521
154 188 45.1467
170 188 36.9686
210 188 10.7296
258 188 101.01
288 188 80.9717
511 188 200
516 188 40.6504
517 188 40.6504
521 188 27.137
612 188 27.137
618 188 27.137
40 189 22.6244
41 189 22.6244
46 189 23.9521
47 189 23.9521
154 189 45.1467
170 189 36.9686
278 189 80.9717
517 189 36.9686
518 189 36.9686
520 189 29.0698
521 189 29.0698
40 190 22.6244
41 190 22.6244
46 190 23.9521
47 190 23.9521
154 190 45.1467
208 190 40.6504
278 190 80.9717
517 190 36.9686
518 190 33.8983
519 190 33.8983
520 190 31.2989
610 190 27.137
620 190 27.137
630 190 36.9686
40 191 23.9521
41 191 23.9521
46 191 23.9521
47 191 23.9521
154 191 45.1467
170 191 36.9686
278 191 80.9717
517 191 36.9686
519 191 33.8983
520 191 31.2989
40 192 22.6244
41 192 22.6244
46 192 23.9521
47 192 23.9521
86 192 36.9686
154 192 45.1467
211 192 101.01
519 192 33.8983
40 193 22.6244
41 193 22.6244
46 193 23.9521
47 193 23.9521
112 193 36.9686
154 193 45.1467
211 193 9.9453
40 194 22.6244
46 194 23.9521
47 194 23.9521
154 194 45.1467
159 194 45.1467
40 195 22.6244
46 195 23.9521
47 195 23.9521
134 195 31.2989
154 195 45.1467
159 195 45.1467
175 195 36.9686
211 195 9.9453
498 195 57.971
499 195 57.971
500 195 57.971
18 196 21.4362
40 196 22.6244
46 196 23.9521
47 196 23.9521
134 196 31.2989
154 196 45.1467
170 196 36.9686
206 196 45.1467
211 196 9.9453
218 196 9.9453
493 196 50.7614
494 196 50.7614
495 196 50.7614
498 196 57.971
499 196 57.971
500 196 57.971
501 196 50.7614
18 197 20.3666
40 197 22.6244
46 197 23.9521
47 197 23.9521
134 197 31.2989
154 197 45.1467
159 197 45.1467
170 197 36.9686
205 197 45.1467
206 197 45.1467
218 197 9.9453
381 197 134.228
493 197 50.7614
494 197 50.7614
495 197 50.7614
496 197 50.7614
498 197 57.971
499 197 57.971
500 197 50.7614
501 197 50.7614
502 197 45.1467
503 197 27.137
18 198 20.3666
19 198 20.3666
40 198 22.6244
46 198 23.9521
47 198 23.9521
55 198 57.971
154 198 45.1467
490 198 200
493 198 50.7614
494 198 50.7614
495 198 50.7614
496 198 50.7614
498 198 57.971
499 198 57.971
500 198 50.7614
502 198 45.1467
634 198 36.9686
19 199 20.3666
40 199 22.6244
46 199 22.6244
47 199 22.6244
154 199 45.1467
205 199 45.1467
389 199 134.228
493 199 50.7614
494 199 50.7614
495 199 50.7614
496 199 50.7614
498 199 57.971
499 199 57.971
500 199 50.7614
501 199 50.7614
502 199 29.0698
19 200 21.4362
20 200 21.4362
40 200 22.6244
46 200 22.6244
47 200 22.6244
154 200 45.1467
205 200 45.1467
499 200 57.971
19 201 21.4362
20 201 21.4362
46 201 22.6244
154 201 45.1467
159 201 45.1467
205 201 45.1467
274 201 80.9717
19 202 21.4362
41 202 23.9521
46 202 22.6244
154 202 45.1467
205 202 45.1467
274 202 80.9717
5 203 20.3666
18 203 21.4362
19 203 21.4362
46 203 22.6244
205 203 45.1467
274 203 80.9717
17 204 21.4362
46 204 22.6244
274 204 80.9717
46 205 22.6244
54 205 36.9686
109 205 36.9686
140 205 33.8983
154 205 45.1467
236 205 101.01
237 205 101.01
274 205 80.9717
46 206 22.6244
47 206 22.6244
53 206 36.9686
109 206 36.9686
114 206 36.9686
140 206 33.8983
141 206 33.8983
154 206 45.1467
274 206 80.9717
46 207 22.6244
53 207 36.9686
109 207 36.9686
114 207 36.9686
124 207 40.6504
128 207 40.6504
140 207 33.8983
154 207 45.1467
274 207 80.9717
40 208 22.6244
46 208 22.6244
53 208 36.9686
109 208 36.9686
124 208 40.6504
125 208 40.6504
128 208 40.6504
140 208 33.8983
154 208 45.1467
254 208 101.01
274 208 80.9717
40 209 22.6244
46 209 22.6244
53 209 36.9686
54 209 36.9686
110 209 36.9686
125 209 40.6504
128 209 40.6504
140 209 33.8983
154 209 45.1467
236 209 101.01
274 209 80.9717
5 210 20.3666
18 210 20.3666
40 210 22.6244
46 210 22.6244
54 210 36.9686
110 210 36.9686
140 210 31.2989
154 210 45.1467
205 210 40.6504
237 210 101.01
17 211 20.3666
18 211 20.3666
40 211 22.6244
46 211 22.6244
110 211 36.9686
130 211 40.6504
140 211 31.2989
9 212 20.3666
46 212 22.6244
140 212 31.2989
212 212 67.5676
563 212 20.3666
564 212 20.3666
617 212 10.1937
35 213 29.0698
36 213 29.0698
46 213 22.6244
54 213 36.9686
70 213 33.8983
140 213 31.2989
141 213 31.2989
212 213 67.5676
218 213 10.1937
302 213 80.9717
615 213 10.1937
7 214 20.3666
19 214 21.4362
40 214 22.6244
46 214 22.6244
54 214 36.9686
141 214 33.8983
205 214 45.1467
218 214 10.1937
17 215 21.4362
18 215 21.4362
40 215 22.6244
46 215 22.6244
205 215 45.1467
218 215 10.1937
626 215 10.7296
17 216 21.4362
46 216 22.6244
142 216 40.6504
205 216 45.1467
218 216 9.9453
16 217 21.4362
17 217 21.4362
46 217 22.6244
111 217 40.6504
142 217 40.6504
205 217 45.1467
218 217 9.9453
351 217 12.3533
16 218 20.3666
17 218 20.3666
54 218 36.9686
153 218 45.1467
205 218 45.1467
218 218 9.9453
16 219 20.3666
54 219 36.9686
105 219 40.6504
119 219 40.6504
153 219 45.1467
205 219 45.1467
218 219 9.9453
416 219 101.01
16 220 20.3666
48 220 33.8983
54 220 36.9686
105 220 40.6504
153 220 45.1467
205 220 45.1467
218 220 9.9453
324 220 45.1467
416 220 101.01
417 220 101.01
624 220 10.4548
15 221 20.3666
16 221 20.3666
54 221 36.9686
142 221 33.8983
153 221 45.1467
218 221 9.9453
319 221 57.971
323 221 45.1467
380 221 80.9717
381 221 80.9717
382 221 80.9717
623 221 10.4548
624 221 10.4548
15 222 20.3666
16 222 20.3666
54 222 36.9686
83 222 50.7614
142 222 33.8983
153 222 45.1467
206 222 45.1467
218 222 9.9453
318 222 80.9717
319 222 57.971
320 222 57.971
321 222 45.1467
322 222 45.1467
323 222 45.1467
380 222 80.9717
382 222 80.9717
389 222 67.5676
390 222 67.5676
391 222 57.971
392 222 57.971
393 222 22.6244
7 223 20.3666
16 223 20.3666
53 223 36.9686
54 223 36.9686
83 223 50.7614
153 223 45.1467
206 223 45.1467
218 223 10.1937
379 223 101.01
380 223 80.9717
381 223 80.9717
382 223 80.9717
623 223 10.4548
7 224 20.3666
16 224 20.3666
48 224 36.9686
54 224 36.9686
83 224 50.7614
110 224 36.9686
153 224 45.1467
218 224 10.1937
16 225 20.3666
48 225 36.9686
54 225 36.9686
69 225 45.1467
83 225 50.7614
153 225 45.1467
206 225 45.1467
218 225 9.9453
15 226 21.4362
16 226 21.4362
54 226 36.9686
64 226 45.1467
75 226 45.1467
83 226 50.7614
153 226 45.1467
206 226 45.1467
218 226 9.9453
348 226 45.1467
612 226 14.0548
613 226 14.0548
15 227 21.4362
16 227 21.4362
54 227 36.9686
83 227 50.7614
153 227 45.1467
206 227 45.1467
218 227 9.9453
328 227 101.01
329 227 67.5676
330 227 67.5676
331 227 50.7614
332 227 45.1467
333 227 40.6504
334 227 40.6504
335 227 40.6504
341 227 134.228
342 227 80.9717
344 227 57.971
345 227 57.971
346 227 50.7614
347 227 45.1467
348 227 45.1467
592 227 11.9904
593 227 11.9904
15 228 21.4362
16 228 21.4362
54 228 36.9686
83 228 50.7614
176 228 101.01
206 228 45.1467
218 228 9.9453
328 228 101.01
331 228 50.7614
332 228 45.1467
341 228 134.228
342 228 80.9717
16 229 21.4362
54 229 36.9686
83 229 50.7614
206 229 45.1467
218 229 9.9453
600 229 11.325
16 230 21.4362
54 230 36.9686
83 230 50.7614
218 230 9.9453
588 230 11.325
589 230 11.325
16 231 21.4362
54 231 36.9686
83 231 50.7614
100 231 36.9686
588 231 11.325
589 231 11.325
590 231 11.325
591 231 11.0193
596 231 11.6482
8 232 20.3666
15 232 21.4362
16 232 21.4362
54 232 36.9686
83 232 50.7614
590 232 11.325
591 232 11.0193
596 232 11.325
597 232 11.325
609 232 11.6482
610 232 11.6482
611 232 11.6482
16 233 21.4362
48 233 36.9686
54 233 36.9686
136 233 33.8983
142 233 31.2989
210 233 9.70874
595 233 11.325
596 233 11.325
597 233 11.325
601 233 11.6482
602 233 11.6482
15 234 21.4362
16 234 21.4362
54 234 36.9686
151 234 33.8983
152 234 33.8983
210 234 9.70874
584 234 11.9904
585 234 11.9904
588 234 11.0193
589 234 11.0193
596 234 11.325
601 234 11.6482
602 234 11.6482
15 235 21.4362
16 235 21.4362
25 235 20.3666
152 235 33.8983
210 235 9.70874
584 235 11.9904
16 236 20.3666
25 236 20.3666
582 236 11.9904
16 237 20.3666
17 237 20.3666
580 237 12.3533
581 237 11.9904
5 238 20.3666
17 238 20.3666
18 238 20.3666
163 238 33.8983
579 238 12.3533
580 238 12.3533
18 239 20.3666
29 239 27.137
218 239 9.9453
538 239 16.9779
577 239 12.3533
578 239 12.3533
218 240 9.9453
219 240 9.9453
537 240 16.9779
538 240 16.9779
577 240 12.3533
14 241 20.3666
22 241 20.3666
537 241 16.9779
576 241 12.3533
22 242 20.3666
23 242 20.3666
545 242 13.587
576 242 12.3533
614 242 10.7296
22 243 20.3666
23 243 20.3666
541 243 14.556
614 243 10.7296
615 243 10.7296
19 244 20.3666
23 244 20.3666
7 245 20.3666
20 245 20.3666
10 246 20.3666
13 246 20.3666
21 246 20.3666
22 246 20.3666
44 246 22.6244
10 247 20.3666
11 247 20.3666
23 247 20.3666
45 247 22.6244
46 248 22.6244
47 248 22.6244
47 249 22.6244
576 249 12.3533
577 249 12.3533
578 249 12.3533
47 250 22.6244
575 250 12.3533
576 250 12.3533
577 250 12.3533
582 250 11.9904
3 251 19.3986
575 251 12.3533
576 251 12.3533
583 251 11.9904
575 252 12.3533
576 252 12.3533
575 253 12.3533
574 254 12.3533
575 254 12.3533
574 255 12.3533
575 255 12.3533
585 255 11.9904
586 255 11.9904
534 256 16.2999
535 256 16.2999
575 256 12.7389
578 256 11.6482
578 257 11.6482
574 258 12.7389
583 258 11.9904
586 258 11.9904
587 258 11.9904
487 259 16.9779
574 259 12.7389
583 259 11.9904
574 260 12.7389
575 260 12.7389
577 260 12.3533
582 260 11.9904
222 261 16.9779
223 261 16.9779
224 261 16.9779
534 262 15.674
69 263 16.9779
104 263 17.7148
165 263 16.9779
166 263 16.9779
167 263 16.9779
537 263 15.674
538 263 15.674
585 263 11.9904
586 263 11.9904
589 263 11.0193
583 264 11.9904
584 264 11.9904
589 264 11.0193
541 265 15.0943
584 265 11.9904
578 267 12.3533
575 268 12.3533
579 268 12.3533
586 268 11.9904
575 269 12.3533
585 269 11.9904
586 269 11.9904
586 270 11.9904
575 271 12.3533
576 271 12.3533
582 271 12.3533
583 271 12.3533
582 272 11.9904
583 272 11.9904
577 273 12.3533
8 274 14.0548
576 274 12.3533
577 274 12.3533
578 274 12.3533
583 274 11.9904
218 276 9.9453
572 277 12.3533
573 277 12.3533
209 278 9.9453
560 278 12.3533
561 278 12.3533
572 278 12.3533
573 278 12.3533
602 280 11.325
603 280 11.6482
604 280 11.6482
244 281 11.0193
605 281 11.325
606 281 11.325
607 281 11.6482
608 281 11.325
496 285 11.6482
498 285 11.325
499 285 11.325
500 285 11.0193
501 285 11.0193
502 285 10.4548
502 286 10.4548
503 286 10.4548
252 288 10.7296
253 288 10.7296
582 288 10.4548
583 288 10.4548
209 289 9.9453
210 289 9.9453
253 289 10.7296
613 289 10.4548
614 289 10.4548
615 289 10.4548
40 294 10.4548
41 294 10.4548
42 294 10.4548
43 294 10.4548
44 294 10.7296
45 294 10.7296
196 294 9.26784
234 294 9.70874
249 295 9.9453
250 295 9.9453
610 295 9.48317
261 296 9.9453
208 297 9.06207
262 297 9.70874
259 298 9.9453
260 298 9.70874
189 299 8.86525
222 299 8.86525
260 299 9.70874
189 300 8.86525
183 303 8.32293
211 303 8.49618
173 304 8.49618
187 304 8.15661
188 304 8.15661
240 304 9.26784
188 305 8.15661
184 306 8.15661
226 306 8.49618
227 307 8.49618
177 308 7.9968
178 308 7.9968
187 308 8.15661
189 308 8.15661
210 308 8.32293
211 308 8.32293
212 308 8.32293
230 308 8.32293
178 309 7.9968
213 309 8.32293
161 310 7.84314
162 310 7.9968
163 310 7.9968
227 310 8.32293
136 311 7.84314
142 311 7.84314
163 311 7.84314
155 312 7.84314
156 312 7.84314
157 312 7.84314
158 312 7.84314
159 312 7.69527
179 312 7.84314
180 312 7.84314
190 312 7.69527
231 312 8.32293
158 313 7.84314
159 313 7.55287
160 313 7.55287
161 313 7.55287
172 313 7.69527
179 313 7.84314
186 313 7.69527
179 314 7.84314
186 314 7.69527
187 314 7.69527
187 315 7.69527
189 315 7.55287
158 316 7.41565
169 316 7.41565
158 317 7.41565
159 317 7.41565
169 317 7.41565
207 317 7.69527
217 317 7.69527
218 317 7.69527
143 318 7.41565
227 318 7.9968
126 320 7.28332
138 320 7.15564
216 320 7.41565
138 321 7.15564
190 321 7.15564
191 321 7.15564
192 321 7.15564
193 321 7.03235
140 322 7.15564
157 323 7.03235
158 323 7.03235
185 323 6.91324
126 324 6.68673
131 324 6.7981
195 324 6.91324
126 325 6.68673
195 325 6.91324
196 325 6.91324
105 326 6.91324
106 326 6.91324
126 326 6.68673
127 326 6.68673
106 327 6.91324
127 327 6.68673
147 327 6.7981
189 327 6.68673
100 328 6.91324
128 328 6.68673
147 328 6.7981
543 328 7.03235
544 328 7.03235
545 328 6.91324
546 328 6.91324
547 328 6.7981
552 328 6.68673
553 328 6.68673
554 328 6.68673
128 329 6.57895
157 329 6.57895
165 329 6.68673
185 329 6.57895
186 329 6.57895
201 329 6.7981
158 330 6.57895
159 330 6.57895
187 330 6.57895
188 330 6.57895
159 331 6.57895
160 331 6.57895
91 332 6.68673
134 332 6.37349
213 332 7.15564
150 333 6.27549
151 333 6.27549
157 333 6.27549
214 333 7.15564
151 334 6.27549
170 334 6.37349
173 334 6.37349
154 335 6.18047
155 335 6.18047
170 335 6.27549
197 335 6.57895
138 336 6.18047
141 336 6.18047
170 336 6.27549
171 336 6.37349
197 336 6.57895
170 337 6.27549
191 337 6.37349
128 338 6.91324
130 338 6.91324
133 338 6.08828
134 338 6.18047
142 338 6.18047
143 338 6.18047
192 338 6.37349
193 338 6.37349
115 339 5.9988
116 339 5.9988
134 339 6.18047
135 339 6.18047
136 339 6.08828
143 339 6.08828
146 339 5.66572
158 339 6.18047
115 340 5.9988
116 340 5.9988
117 340 5.9988
135 340 6.18047
136 340 6.08828
137 340 6.08828
138 340 6.08828
139 340 5.91191
116 341 5.9988
117 341 5.9988
126 341 5.9988
138 341 6.08828
139 341 5.91191
140 341 5.91191
141 341 5.91191
180 341 6.18047
171 342 5.91191
172 343 5.91191
173 343 5.91191
111 344 5.82751
89 345 5.66572
90 346 5.66572
91 346 5.66572
109 346 5.74548
154 346 5.82751
155 346 5.82751
109 347 5.74548
110 347 5.74548
134 347 5.74548
162 347 5.66572
171 347 5.91191
172 347 5.91191
191 347 6.08828
99 348 5.58815
111 348 5.74548
135 348 5.74548
162 348 5.66572
163 348 5.66572
172 348 5.91191
173 348 5.91191
181 348 5.91191
190 348 6.08828
191 348 6.08828
192 348 6.08828
87 349 5.66572
159 349 5.66572
189 349 6.08828
192 349 6.08828
159 350 5.66572
160 350 5.66572
189 350 5.9988
190 350 5.9988
157 351 5.66572
160 351 5.66572
161 351 5.66572
190 351 5.9988
191 351 5.9988
112 352 5.58815
126 352 5.58815
157 352 5.66572
158 352 5.66572
191 352 5.91191
192 352 5.91191
59 353 5.51268
96 353 5.43922
116 353 5.36769
188 353 5.9988
66 354 5.43922
87 354 5.43922
97 354 5.43922
99 354 5.36769
117 354 5.36769
169 354 5.58815
189 354 5.91191
99 355 5.36769
100 355 5.36769
114 356 5.43922
141 356 5.29801
157 356 5.51268
158 356 5.51268
160 356 5.51268
161 356 5.51268
114 357 5.43922
188 357 5.82751
191 357 5.91191
192 357 5.82751
30 358 5.36769
118 358 5.29801
149 358 5.36769
192 358 5.82751
193 358 5.82751
194 358 5.82751
114 359 5.23013
115 359 5.23013
119 359 5.29801
149 359 5.36769
150 359 5.36769
91 360 5.16396
115 360 5.23013
133 360 5.29801
151 360 5.36769
88 361 5.43922
91 361 5.16396
115 361 5.16396
133 361 5.29801
88 362 5.16396
91 362 5.16396
92 362 5.16396
106 362 5.09944
139 362 5.16396
85 363 5.09944
86 363 5.16396
87 363 5.16396
116 363 5.09944
139 363 5.16396
140 363 5.16396
85 364 5.09944
86 364 5.09944
87 364 5.09944
140 364 5.16396
141 364 5.16396
86 365 5.09944
87 365 5.09944
136 365 5.03651
360 365 5.51268
85 366 5.03651
86 366 5.09944
87 366 5.09944
111 366 4.91521
137 366 5.03651
138 366 5.03651
84 367 4.97512
85 367 5.03651
113 367 4.91521
138 367 5.03651
139 367 5.03651
359 367 5.51268
83 368 4.97512
98 368 5.03651
113 368 4.91521
154 368 5.09944
179 368 5.51268
361 368 5.51268
114 369 4.91521
120 369 4.97512
121 369 4.91521
122 369 4.91521
136 369 4.97512
145 369 5.03651
152 369 5.16396
155 369 5.16396
163 369 5.16396
612 369 5.29801
613 369 5.29801
119 370 4.97512
123 370 4.85673
124 370 4.85673
125 370 4.74383
119 371 4.97512
120 371 4.97512
128 371 4.91521
129 371 4.91521
146 371 5.03651
167 371 5.16396
82 372 4.85673
90 372 4.79962
91 372 4.79962
95 372 4.85673
102 372 4.85673
110 372 4.79962
129 372 4.91521
164 372 5.16396
80 373 4.85673
88 373 4.79962
89 373 4.79962
90 373 4.79962
91 373 4.79962
92 373 4.79962
102 373 4.85673
103 373 4.85673
104 373 4.85673
105 373 4.85673
106 373 4.85673
130 373 4.91521
164 373 5.16396
603 373 5.09944
84 374 4.79962
91 374 4.79962
92 374 4.79962
103 374 4.85673
104 374 4.85673
105 374 4.85673
146 374 4.91521
165 374 5.16396
619 374 5.16396
620 374 5.16396
60 375 4.85673
61 375 4.85673
62 375 4.85673
84 375 4.79962
85 375 4.79962
86 375 4.79962
147 375 4.91521
165 375 5.16396
86 376 4.79962
99 376 4.07997
100 376 4.07997
144 376 4.91521
78 377 4.53309
79 377 4.53309
111 377 4.68933
112 377 4.68933
121 377 4.68933
140 377 4.85673
145 377 4.91521
79 378 4.53309
80 378 4.53309
83 378 4.24989
111 378 4.68933
112 378 4.68933
113 378 4.68933
137 378 4.79962
7 379 4.63607
94 379 4.63607
112 379 4.68933
113 379 4.68933
114 379 4.63607
137 379 4.79962
138 379 4.85673
71 380 4.63607
106 381 4.584
107 381 4.584
59 382 4.53309
118 382 4.91521
119 382 4.85673
121 382 4.63607
122 382 4.63607
57 383 4.53309
118 383 4.85673
122 383 4.63607
123 383 4.63607
118 384 4.85673
102 385 4.43459
111 385 4.53309
115 385 4.584
119 385 4.584
102 386 4.43459
103 386 4.43459
84 387 4.34028
97 387 4.79962
102 387 4.43459
103 387 4.43459
107 387 4.4833
108 387 4.4833
450 387 4.85673
84 388 4.34028
87 388 4.34028
88 388 4.34028
107 388 4.4833
108 388 4.4833
80 389 4.29461
84 389 4.34028
95 389 4.34028
157 389 4.74383
43 390 4.1632
80 390 4.24989
95 390 4.34028
158 390 4.74383
159 390 4.74383
18 391 4.29461
81 391 4.24989
90 391 4.29461
155 391 4.74383
156 391 4.74383
18 392 4.29461
81 392 4.24989
82 392 4.24989
90 392 4.29461
91 392 4.29461
156 392 4.74383
157 392 4.74383
48 393 4.2061
82 393 4.24989
91 393 4.29461
92 393 4.29461
48 394 4.2061
123 394 4.38693
125 394 4.34028
126 394 4.34028
48 395 4.2061
49 395 4.2061
58 395 4.1632
124 395 4.34028
125 395 4.34028
29 396 4.1632
49 396 4.1632
50 396 4.1632
58 396 4.1632
247 396 4.63607
345 396 4.584
5 397 4.07997
29 397 4.1632
50 397 4.1632
51 397 4.12116
58 397 4.1632
82 397 4.1632
347 397 4.53309
355 397 4.584
356 397 4.584
3 398 4.07997
4 398 4.07997
5 398 4.07997
29 398 4.1632
30 398 4.1632
41 398 4.07997
51 398 4.12116
83 398 4.1632
148 398 4.584
149 398 4.584
150 398 4.53309
318 398 4.53309
349 398 4.53309
3 399 4.07997
4 399 4.07997
5 399 4.07997
30 399 4.03959
33 399 4.12116
41 399 4.07997
42 399 4.07997
45 399 4.07997
52 399 4.07997
101 399 4.24989
117 399 4.24989
144 399 4.97512
145 399 4.97512
149 399 4.584
150 399 4.53309
151 399 4.53309
152 399 4.53309
319 399 4.53309
29 400 4.03959
33 400 4.12116
35 400 4.12116
41 400 4.07997
42 400 4.07997
52 400 4.03959
53 400 4.03959
54 400 4.03959
101 400 4.24989
117 400 4.24989
118 400 4.24989
320 400 4.53309
28 401 4.03959
29 401 4.03959
34 401 4.12116
35 401 4.12116
42 401 4.07997
43 401 4.07997
104 401 4.2061
111 401 4.63607
114 401 4.24989
115 401 4.24989
118 401 4.24989
261 401 4.4833
305 401 4.43459
29 402 4.03959
35 402 4.12116
36 402 4.07997
62 402 4.03959
98 402 4.1632
105 402 4.2061
110 402 4.63607
115 402 4.24989
116 402 4.24989
36 403 4.07997
37 403 4.07997
39 403 4.03959
61 403 4.03959
62 403 4.03959
98 403 4.1632
99 403 4.1632
106 403 4.1632
107 403 4.1632
142 403 4.34028
222 403 4.4833
319 403 4.4833
320 403 4.4833
29 404 4.03959
44 404 4.03959
61 404 4.03959
62 404 4.03959
98 404 4.1632
140 404 4.34028
142 404 4.34028
143 404 4.34028
29 405 4.03959
40 405 4.03959
50 405 4.03959
51 405 4.03959
107 405 4.12116
144 405 4.34028
41 406 4.03959
64 406 4.03959
138 406 4.34028
139 406 4.34028
140 406 4.34028
141 406 4.34028
64 407 4.03959
138 407 4.34028
139 407 4.34028
140 407 4.34028
141 407 4.24989
142 407 4.24989
143 407 4.24989
106 408 4.07997
107 408 4.07997
108 408 4.12116
109 408 4.07997
110 408 4.07997
111 408 4.12116
43 409 4.03959
108 409 4.12116
138 409 4.24989
282 409 4.24989
514 409 4.29461
545 410 4.24989
137 411 4.24989
138 411 4.24989
142 411 4.24989
139 412 4.24989
141 412 4.24989
138 413 4.2061
141 413 4.24989
75 414 4.03959
83 415 4.03959
135 415 4.1632
136 415 4.1632
130 416 4.03959
131 416 4.03959
136 416 4.12116
137 416 4.12116
138 416 4.12116
139 416 4.12116
140 416 4.12116
141 416 4.12116
233 416 4.2061
128 417 4.07997
75 418 4.03959
123 418 4.03959
129 418 4.07997
130 418 4.03959
131 418 4.03959
132 418 4.03959
27 419 4.03959
123 419 4.03959
124 419 4.03959
124 420 4.03959
125 420 4.03959
125 421 4.03959
126 421 4.03959
131 421 4.03959
132 421 4.03959
120 422 4.24989
124 422 4.03959
126 422 4.03959
127 422 4.03959
124 423 4.03959
125 423 4.03959
127 423 4.03959
134 423 4.03959
215 423 4.03959
92 424 4.03959
122 424 4.07997
123 424 4.07997
125 424 4.03959
134 424 4.03959
140 424 4.03959
491 424 4.03959
92 425 4.03959
122 425 4.07997
123 425 4.07997
139 425 4.03959
213 425 4.03959
87 426 4.03959
91 426 4.03959
138 426 4.03959
87 427 4.03959
138 427 4.03959
139 427 4.03959
86 428 4.03959
119 429 4.03959
120 429 4.03959
121 429 4.03959
122 429 4.03959
119 430 4.03959
116 431 4.03959
119 431 4.03959
116 432 4.03959
118 432 4.03959
119 432 4.03959
112 433 4.12116
113 433 4.03959
115 433 4.03959
116 433 4.03959
111 434 4.12116
112 434 4.12116
113 434 4.03959
115 434 4.03959
116 434 4.03959
111 435 4.12116
