4 3 18.2648
100 3 28.6944
110 3 28.6944
165 3 7.44324
166 3 7.44324
173 3 7.44324
174 3 7.44324
364 3 22.3214
383 3 28.6944
418 3 22.3214
504 3 15.456
558 3 18.2648
588 3 18.2648
592 3 15.456
601 3 18.2648
602 3 18.2648
603 3 18.2648
99 4 28.6944
110 4 28.6944
165 4 7.44324
166 4 7.44324
173 4 7.44324
174 4 7.44324
394 4 22.3214
395 4 22.3214
486 4 22.3214
487 4 22.3214
577 4 40.1606
588 4 18.2648
591 4 15.456
603 4 18.2648
5 5 18.2648
99 5 28.6944
110 5 28.6944
165 5 7.44324
166 5 7.44324
173 5 7.44324
174 5 7.44324
353 5 22.3214
363 5 22.3214
396 5 22.3214
398 5 22.3214
484 5 28.6944
487 5 22.3214
588 5 18.2648
591 5 15.456
595 5 15.456
604 5 18.2648
8 6 18.2648
11 6 18.2648
14 6 18.2648
165 6 7.44324
166 6 7.44324
173 6 7.44324
174 6 7.44324
353 6 22.3214
362 6 22.3214
363 6 22.3214
555 6 15.456
588 6 18.2648
591 6 15.456
596 6 15.456
604 6 18.2648
608 6 15.456
614 6 18.2648
7 7 18.2648
100 7 28.6944
105 7 28.6944
165 7 7.44324
166 7 7.44324
173 7 7.44324
174 7 7.44324
305 7 28.6944
362 7 22.3214
555 7 18.2648
588 7 18.2648
591 7 15.456
596 7 15.456
604 7 18.2648
608 7 15.456
6 8 18.2648
7 8 18.2648
10 8 18.2648
99 8 28.6944
100 8 28.6944
104 8 28.6944
105 8 28.6944
110 8 28.6944
112 8 28.6944
165 8 7.44324
166 8 7.44324
173 8 7.44324
174 8 7.44324
299 8 22.3214
341 8 28.6944
346 8 22.3214
512 8 22.3214
516 8 22.3214
553 8 18.2648
562 8 15.456
588 8 18.2648
591 8 15.456
596 8 15.456
604 8 18.2648
620 8 15.456
6 9 18.2648
15 9 18.2648
99 9 28.6944
110 9 28.6944
165 9 7.44324
166 9 7.44324
173 9 7.44324
174 9 7.44324
343 9 28.6944
521 9 15.456
553 9 18.2648
558 9 18.2648
565 9 15.456
588 9 18.2648
589 9 18.2648
596 9 15.456
605 9 18.2648
617 9 18.2648
5 10 18.2648
14 10 18.2648
15 10 18.2648
93 10 28.6944
99 10 28.6944
165 10 7.44324
166 10 7.44324
173 10 7.44324
174 10 7.44324
343 10 28.6944
379 10 28.6944
383 10 22.3214
516 10 22.3214
540 10 15.456
541 10 15.456
585 10 22.3214
588 10 18.2648
589 10 18.2648
596 10 15.456
605 10 18.2648
4 11 18.2648
5 11 18.2648
13 11 18.2648
98 11 28.6944
111 11 28.6944
116 11 28.6944
165 11 7.44324
166 11 7.44324
173 11 7.44324
174 11 7.44324
378 11 28.6944
419 11 28.6944
538 11 15.456
541 11 15.456
542 11 15.456
588 11 18.2648
589 11 18.2648
593 11 18.2648
596 11 15.456
3 12 18.2648
4 12 18.2648
8 12 18.2648
16 12 18.2648
116 12 28.6944
165 12 7.44324
166 12 7.44324
173 12 7.44324
174 12 7.44324
302 12 28.6944
303 12 28.6944
333 12 18.2648
342 12 28.6944
377 12 28.6944
535 12 18.2648
536 12 18.2648
542 12 15.456
560 12 15.456
593 12 18.2648
596 12 15.456
597 12 15.456
3 13 18.2648
7 13 18.2648
14 13 18.2648
97 13 28.6944
116 13 28.6944
165 13 7.44324
166 13 7.44324
173 13 7.44324
174 13 7.44324
342 13 28.6944
377 13 28.6944
588 13 18.2648
597 13 15.456
598 13 15.456
3 14 18.2648
7 14 18.2648
10 14 18.2648
13 14 18.2648
14 14 18.2648
115 14 28.6944
116 14 28.6944
165 14 7.44324
173 14 7.44324
174 14 7.44324
342 14 28.6944
358 14 22.3214
359 14 22.3214
368 14 22.3214
369 14 22.3214
557 14 18.2648
587 14 18.2648
588 14 18.2648
591 14 15.456
594 14 18.2648
13 15 18.2648
94 15 28.6944
95 15 28.6944
105 15 28.6944
115 15 28.6944
116 15 28.6944
165 15 7.44324
166 15 7.44324
173 15 7.44324
174 15 7.44324
327 15 28.6944
355 15 28.6944
357 15 22.3214
588 15 18.2648
591 15 15.456
623 15 18.2648
13 16 18.2648
105 16 28.6944
115 16 28.6944
165 16 7.44324
166 16 7.44324
173 16 7.44324
174 16 7.44324
378 16 22.3214
379 16 22.3214
534 16 15.456
535 16 15.456
544 16 15.456
585 16 22.3214
588 16 18.2648
591 16 15.456
602 16 15.456
603 16 15.456
625 16 18.2648
626 16 18.2648
13 17 18.2648
18 17 40.1606
95 17 28.6944
105 17 28.6944
106 17 28.6944
165 17 7.44324
173 17 7.44324
174 17 7.44324
353 17 28.6944
373 17 28.6944
385 17 22.3214
545 17 15.456
588 17 18.2648
591 17 15.456
603 17 15.456
637 17 18.2648
12 18 18.2648
13 18 18.2648
95 18 28.6944
111 18 28.6944
112 18 28.6944
120 18 28.6944
165 18 7.44324
173 18 7.44324
174 18 7.44324
350 18 40.1606
588 18 18.2648
591 18 15.456
601 18 15.456
604 18 15.456
12 19 18.2648
120 19 28.6944
165 19 7.44324
173 19 7.44324
174 19 7.44324
310 19 28.6944
311 19 28.6944
326 19 28.6944
327 19 28.6944
338 19 28.6944
339 19 28.6944
350 19 40.1606
372 19 28.6944
543 19 15.456
544 19 15.456
545 19 15.456
587 19 18.2648
596 19 15.456
605 19 15.456
627 19 18.2648
12 20 18.2648
19 20 200
110 20 28.6944
111 20 28.6944
120 20 28.6944
165 20 7.44324
173 20 7.44324
174 20 7.44324
284 20 22.3214
291 20 22.3214
307 20 22.3214
325 20 28.6944
326 20 28.6944
545 20 15.456
572 20 18.2648
574 20 18.2648
587 20 18.2648
596 20 15.456
606 20 15.456
11 21 18.2648
12 21 18.2648
111 21 28.6944
120 21 28.6944
165 21 7.44324
173 21 7.44324
174 21 7.44324
288 21 28.6944
303 21 28.6944
304 21 28.6944
324 21 28.6944
325 21 28.6944
557 21 13.3958
579 21 15.456
582 21 13.3958
587 21 18.2648
596 21 15.456
607 21 15.456
10 22 18.2648
11 22 18.2648
20 22 200
95 22 28.6944
106 22 28.6944
110 22 28.6944
120 22 28.6944
165 22 7.44324
173 22 7.44324
174 22 7.44324
303 22 28.6944
323 22 28.6944
521 22 18.2648
551 22 15.456
552 22 15.456
579 22 15.456
587 22 18.2648
596 22 15.456
608 22 15.456
609 22 15.456
614 22 15.456
9 23 18.2648
10 23 18.2648
11 23 18.2648
95 23 28.6944
110 23 28.6944
165 23 7.44324
173 23 7.44324
174 23 7.44324
411 23 28.6944
553 23 15.456
554 23 15.456
573 23 18.2648
574 23 18.2648
575 23 18.2648
578 23 15.456
579 23 15.456
587 23 18.2648
596 23 15.456
609 23 15.456
610 23 15.456
3 24 40.1606
7 24 18.2648
8 24 18.2648
9 24 18.2648
119 24 28.6944
120 24 28.6944
165 24 7.44324
173 24 7.44324
174 24 7.44324
416 24 28.6944
555 24 15.456
565 24 18.2648
572 24 18.2648
573 24 18.2648
574 24 18.2648
575 24 18.2648
576 24 18.2648
577 24 18.2648
580 24 15.456
585 24 18.2648
596 24 15.456
616 24 15.456
6 25 18.2648
93 25 28.6944
99 25 28.6944
112 25 28.6944
114 25 28.6944
119 25 28.6944
165 25 7.44324
173 25 7.44324
174 25 7.44324
371 25 18.2648
551 25 18.2648
556 25 15.456
576 25 18.2648
577 25 18.2648
580 25 15.456
581 25 15.456
613 25 15.456
618 25 15.456
8 26 18.2648
112 26 28.6944
118 26 28.6944
119 26 28.6944
165 26 7.44324
173 26 7.44324
174 26 7.44324
318 26 28.6944
371 26 18.2648
372 26 18.2648
498 26 18.2648
540 26 18.2648
557 26 15.456
577 26 18.2648
581 26 15.456
582 26 15.456
614 26 15.456
615 26 15.456
6 27 18.2648
7 27 18.2648
106 27 28.6944
112 27 28.6944
117 27 28.6944
118 27 28.6944
165 27 7.44324
173 27 7.44324
174 27 7.44324
318 27 28.6944
354 27 18.2648
371 27 18.2648
372 27 18.2648
492 27 22.3214
493 27 22.3214
558 27 15.456
577 27 18.2648
582 27 15.456
583 27 15.456
588 27 15.456
612 27 15.456
617 27 15.456
3 28 18.2648
4 28 18.2648
5 28 18.2648
6 28 18.2648
106 28 28.6944
117 28 28.6944
165 28 7.44324
173 28 7.44324
174 28 7.44324
317 28 28.6944
368 28 22.3214
370 28 18.2648
489 28 28.6944
490 28 28.6944
552 28 18.2648
561 28 15.456
568 28 15.456
579 28 18.2648
583 28 15.456
584 28 15.456
589 28 15.456
595 28 15.456
618 28 15.456
7 29 18.2648
117 29 28.6944
165 29 7.44324
173 29 7.44324
174 29 7.44324
317 29 28.6944
358 29 22.3214
486 29 40.1606
548 29 18.2648
563 29 15.456
564 29 15.456
565 29 15.456
580 29 18.2648
584 29 18.2648
585 29 18.2648
586 29 18.2648
589 29 15.456
595 29 15.456
6 30 18.2648
94 30 28.6944
106 30 28.6944
117 30 28.6944
165 30 7.44324
173 30 7.44324
174 30 7.44324
317 30 28.6944
388 30 22.3214
558 30 18.2648
566 30 15.456
581 30 18.2648
586 30 18.2648
595 30 15.456
16 31 200
94 31 28.6944
117 31 28.6944
165 31 7.44324
173 31 7.44324
174 31 7.44324
377 31 22.3214
388 31 22.3214
545 31 66.8896
582 31 18.2648
586 31 18.2648
595 31 15.456
623 31 15.456
109 32 28.6944
110 32 28.6944
117 32 28.6944
119 32 28.6944
165 32 7.44324
168 32 8.73744
173 32 7.44324
174 32 7.44324
573 32 15.456
583 32 18.2648
586 32 18.2648
587 32 18.2648
595 32 15.456
4 33 18.2648
10 33 18.2648
93 33 28.6944
117 33 28.6944
165 33 7.44324
173 33 7.44324
174 33 7.44324
361 33 28.6944
364 33 22.3214
411 33 28.6944
577 33 15.456
583 33 18.2648
595 33 15.456
628 33 18.2648
631 33 15.456
4 34 18.2648
6 34 18.2648
10 34 18.2648
98 34 28.6944
165 34 7.44324
173 34 7.44324
174 34 7.44324
360 34 28.6944
376 34 22.3214
377 34 22.3214
411 34 28.6944
549 34 200
579 34 15.456
592 34 18.2648
595 34 15.456
623 34 15.456
624 34 15.456
633 34 15.456
634 34 15.456
5 35 18.2648
9 35 18.2648
10 35 18.2648
117 35 28.6944
121 35 28.6944
165 35 7.44324
173 35 7.44324
174 35 7.44324
359 35 28.6944
360 35 28.6944
581 35 15.456
582 35 15.456
592 35 18.2648
595 35 15.456
617 35 15.456
618 35 15.456
624 35 15.456
630 35 18.2648
634 35 15.456
635 35 15.456
636 35 15.456
9 36 18.2648
93 36 28.6944
105 36 28.6944
119 36 28.6944
165 36 7.44324
168 36 8.73744
173 36 7.44324
174 36 7.44324
295 36 28.6944
359 36 28.6944
409 36 28.6944
490 36 28.6944
504 36 15.456
559 36 200
583 36 15.456
584 36 15.456
595 36 15.456
596 36 15.456
612 36 15.456
625 36 15.456
631 36 18.2648
5 37 18.2648
6 37 18.2648
93 37 28.6944
104 37 28.6944
105 37 28.6944
165 37 7.44324
173 37 7.44324
174 37 7.44324
287 37 28.6944
288 37 28.6944
289 37 28.6944
290 37 28.6944
373 37 22.3214
479 37 22.3214
580 37 18.2648
581 37 18.2648
584 37 15.456
585 37 15.456
596 37 15.456
602 37 15.456
604 37 15.456
608 37 15.456
625 37 15.456
5 38 18.2648
6 38 18.2648
10 38 18.2648
99 38 28.6944
165 38 7.44324
173 38 7.44324
174 38 7.44324
285 38 28.6944
286 38 28.6944
324 38 22.3214
372 38 22.3214
373 38 22.3214
477 38 22.3214
478 38 22.3214
479 38 22.3214
484 38 28.6944
581 38 18.2648
585 38 15.456
586 38 15.456
596 38 15.456
6 39 18.2648
10 39 18.2648
109 39 28.6944
165 39 7.44324
173 39 7.44324
174 39 7.44324
357 39 28.6944
371 39 22.3214
372 39 22.3214
581 39 18.2648
582 39 18.2648
586 39 15.456
587 39 15.456
8 40 18.2648
10 40 18.2648
108 40 28.6944
109 40 28.6944
165 40 7.44324
173 40 7.44324
174 40 7.44324
280 40 28.6944
357 40 28.6944
371 40 22.3214
474 40 28.6944
475 40 28.6944
587 40 15.456
588 40 15.456
4 41 18.2648
5 41 18.2648
8 41 18.2648
10 41 18.2648
105 41 28.6944
108 41 28.6944
165 41 7.44324
173 41 7.44324
174 41 7.44324
356 41 28.6944
407 41 28.6944
410 41 22.3214
515 41 15.456
588 41 15.456
589 41 15.456
10 42 18.2648
11 42 18.2648
95 42 28.6944
164 42 7.44324
165 42 7.44324
173 42 7.44324
174 42 7.44324
353 42 40.1606
356 42 28.6944
406 42 28.6944
407 42 28.6944
515 42 15.456
582 42 18.2648
585 42 18.2648
589 42 15.456
596 42 15.456
597 42 15.456
7 43 18.2648
10 43 18.2648
107 43 28.6944
118 43 28.6944
122 43 28.6944
165 43 7.44324
173 43 7.44324
174 43 7.44324
353 43 40.1606
370 43 22.3214
472 43 28.6944
586 43 18.2648
589 43 15.456
593 43 18.2648
594 43 18.2648
5 44 18.2648
9 44 18.2648
10 44 18.2648
94 44 28.6944
107 44 28.6944
117 44 28.6944
118 44 28.6944
126 44 28.6944
129 44 28.6944
164 44 7.44324
165 44 7.44324
173 44 7.44324
174 44 7.44324
351 44 28.6944
352 44 28.6944
357 44 200
469 44 28.6944
470 44 28.6944
503 44 15.456
586 44 18.2648
590 44 15.456
606 44 13.3958
613 44 15.456
5 45 18.2648
9 45 18.2648
11 45 18.2648
94 45 28.6944
101 45 28.6944
107 45 28.6944
125 45 28.6944
129 45 28.6944
164 45 7.44324
165 45 7.44324
173 45 7.44324
174 45 7.44324
468 45 28.6944
469 45 28.6944
586 45 18.2648
587 45 18.2648
590 45 15.456
598 45 15.456
613 45 15.456
614 45 15.456
9 46 18.2648
94 46 28.6944
106 46 28.6944
110 46 28.6944
117 46 28.6944
125 46 28.6944
164 46 7.44324
165 46 7.44324
173 46 7.44324
174 46 7.44324
317 46 28.6944
353 46 28.6944
586 46 18.2648
587 46 18.2648
590 46 15.456
594 46 18.2648
598 46 15.456
599 46 15.456
600 46 15.456
614 46 15.456
620 46 15.456
3 47 18.2648
8 47 18.2648
9 47 18.2648
94 47 28.6944
116 47 28.6944
117 47 28.6944
124 47 28.6944
125 47 28.6944
129 47 28.6944
164 47 7.44324
165 47 7.44324
173 47 7.44324
174 47 7.44324
353 47 28.6944
356 47 22.3214
545 47 18.2648
590 47 15.456
594 47 18.2648
595 47 18.2648
596 47 18.2648
601 47 15.456
610 47 15.456
614 47 15.456
615 47 15.456
616 47 15.456
622 47 15.456
623 47 15.456
624 47 15.456
3 48 18.2648
8 48 18.2648
124 48 28.6944
164 48 7.44324
165 48 7.44324
173 48 7.44324
174 48 7.44324
352 48 28.6944
353 48 28.6944
356 48 22.3214
402 48 28.6944
465 48 28.6944
589 48 15.456
615 48 15.456
625 48 15.456
626 48 15.456
7 49 18.2648
8 49 18.2648
109 49 28.6944
124 49 28.6944
164 49 7.44324
165 49 7.44324
173 49 7.44324
174 49 7.44324
352 49 28.6944
402 49 28.6944
584 49 18.2648
589 49 15.456
615 49 15.456
7 50 18.2648
108 50 28.6944
109 50 28.6944
128 50 28.6944
164 50 7.44324
165 50 7.44324
173 50 7.44324
174 50 7.44324
352 50 40.1606
401 50 28.6944
585 50 18.2648
589 50 15.456
592 50 18.2648
609 50 13.3958
616 50 15.456
7 51 18.2648
108 51 28.6944
109 51 28.6944
128 51 28.6944
164 51 7.44324
165 51 7.44324
173 51 7.44324
174 51 7.44324
400 51 28.6944
479 51 22.3214
480 51 22.3214
488 51 22.3214
586 51 18.2648
592 51 18.2648
604 51 15.456
609 51 13.3958
616 51 15.456
637 51 18.2648
7 52 18.2648
128 52 28.6944
164 52 7.44324
165 52 7.44324
173 52 7.44324
174 52 7.44324
399 52 28.6944
460 52 28.6944
461 52 28.6944
464 52 22.3214
477 52 28.6944
586 52 18.2648
587 52 18.2648
590 52 15.456
604 52 15.456
605 52 15.456
606 52 15.456
617 52 15.456
637 52 18.2648
6 53 18.2648
7 53 18.2648
104 53 28.6944
109 53 28.6944
110 53 28.6944
164 53 7.44324
165 53 7.44324
173 53 7.44324
174 53 7.44324
399 53 28.6944
459 53 28.6944
460 53 28.6944
586 53 18.2648
587 53 18.2648
590 53 15.456
602 53 18.2648
606 53 15.456
617 53 15.456
6 54 18.2648
99 54 28.6944
109 54 28.6944
110 54 28.6944
128 54 28.6944
164 54 7.44324
165 54 7.44324
173 54 7.44324
174 54 7.44324
398 54 28.6944
458 54 28.6944
515 54 15.456
586 54 18.2648
587 54 18.2648
590 54 15.456
602 54 18.2648
603 54 18.2648
5 55 18.2648
6 55 18.2648
99 55 28.6944
129 55 28.6944
164 55 7.44324
165 55 7.44324
173 55 7.44324
174 55 7.44324
382 55 22.3214
457 55 28.6944
586 55 18.2648
587 55 18.2648
590 55 15.456
603 55 18.2648
614 55 15.456
615 55 15.456
619 55 15.456
5 56 18.2648
6 56 18.2648
99 56 28.6944
111 56 28.6944
129 56 28.6944
164 56 7.44324
165 56 7.44324
173 56 7.44324
174 56 7.44324
346 56 22.3214
347 56 22.3214
455 56 28.6944
456 56 28.6944
586 56 18.2648
587 56 18.2648
590 56 15.456
616 56 15.456
617 56 15.456
618 56 15.456
4 57 18.2648
5 57 18.2648
99 57 28.6944
111 57 28.6944
128 57 28.6944
129 57 28.6944
164 57 7.44324
173 57 7.44324
174 57 7.44324
354 57 28.6944
396 57 28.6944
587 57 18.2648
590 57 15.456
612 57 18.2648
613 57 18.2648
618 57 15.456
4 58 18.2648
5 58 18.2648
128 58 28.6944
132 58 28.6944
164 58 7.44324
173 58 7.44324
327 58 28.6944
354 58 28.6944
395 58 28.6944
452 58 28.6944
453 58 28.6944
534 58 18.2648
586 58 18.2648
587 58 18.2648
590 58 15.456
614 58 18.2648
618 58 15.456
5 59 18.2648
71 59 66.8896
100 59 28.6944
113 59 28.6944
127 59 28.6944
128 59 28.6944
132 59 28.6944
164 59 7.44324
173 59 7.44324
327 59 28.6944
328 59 28.6944
381 59 28.6944
451 59 28.6944
452 59 28.6944
586 59 18.2648
587 59 18.2648
618 59 15.456
7 60 18.2648
71 60 66.8896
111 60 28.6944
112 60 28.6944
127 60 28.6944
128 60 28.6944
132 60 28.6944
164 60 7.44324
173 60 7.44324
394 60 28.6944
450 60 28.6944
517 60 18.2648
572 60 18.2648
587 60 18.2648
589 60 15.456
590 60 15.456
4 61 18.2648
6 61 18.2648
7 61 18.2648
78 61 66.8896
111 61 28.6944
117 61 28.6944
127 61 28.6944
131 61 28.6944
164 61 7.44324
173 61 7.44324
380 61 28.6944
448 61 28.6944
449 61 28.6944
482 61 28.6944
548 61 18.2648
586 61 18.2648
587 61 18.2648
589 61 18.2648
590 61 15.456
624 61 15.456
625 61 15.456
6 62 18.2648
78 62 66.8896
111 62 28.6944
112 62 28.6944
130 62 28.6944
164 62 7.44324
167 62 8.73744
173 62 7.44324
328 62 28.6944
377 62 40.1606
393 62 28.6944
447 62 28.6944
586 62 18.2648
587 62 18.2648
590 62 15.456
622 62 18.2648
625 62 15.456
626 62 15.456
6 63 18.2648
72 63 66.8896
75 63 66.8896
102 63 28.6944
129 63 28.6944
130 63 28.6944
164 63 7.44324
173 63 7.44324
328 63 28.6944
392 63 28.6944
393 63 28.6944
446 63 28.6944
559 63 15.456
586 63 18.2648
587 63 18.2648
622 63 18.2648
626 63 15.456
6 64 18.2648
72 64 66.8896
102 64 28.6944
129 64 28.6944
164 64 7.44324
173 64 7.44324
328 64 28.6944
392 64 28.6944
534 64 18.2648
535 64 18.2648
561 64 15.456
619 64 15.456
627 64 15.456
5 65 18.2648
6 65 18.2648
9 65 18.2648
13 65 18.2648
67 65 66.8896
72 65 66.8896
100 65 28.6944
129 65 28.6944
164 65 7.44324
173 65 7.44324
325 65 28.6944
391 65 28.6944
443 65 28.6944
444 65 28.6944
578 65 15.456
618 65 15.456
619 65 15.456
627 65 15.456
5 66 18.2648
8 66 18.2648
9 66 18.2648
13 66 18.2648
66 66 66.8896
99 66 28.6944
100 66 28.6944
129 66 28.6944
164 66 7.44324
173 66 7.44324
325 66 28.6944
390 66 28.6944
442 66 28.6944
443 66 28.6944
579 66 15.456
587 66 15.456
588 66 15.456
604 66 15.456
619 66 15.456
628 66 15.456
129 67 28.6944
164 67 7.44324
173 67 7.44324
405 67 40.1606
441 67 28.6944
442 67 28.6944
581 67 18.2648
588 67 15.456
589 67 15.456
605 67 15.456
629 67 15.456
634 67 15.456
6 68 18.2648
12 68 18.2648
100 68 28.6944
129 68 28.6944
130 68 28.6944
164 68 7.44324
173 68 7.44324
329 68 28.6944
585 68 18.2648
589 68 15.456
606 68 15.456
611 68 13.3958
620 68 15.456
629 68 15.456
630 68 15.456
634 68 15.456
6 69 18.2648
12 69 18.2648
100 69 28.6944
129 69 28.6944
130 69 28.6944
164 69 7.44324
173 69 7.44324
329 69 28.6944
356 69 28.6944
388 69 28.6944
533 69 18.2648
534 69 18.2648
589 69 15.456
607 69 15.456
620 69 15.456
630 69 15.456
4 70 18.2648
6 70 18.2648
14 70 18.2648
81 70 66.8896
125 70 28.6944
129 70 28.6944
164 70 7.44324
173 70 7.44324
356 70 28.6944
388 70 28.6944
391 70 22.3214
533 70 18.2648
534 70 18.2648
543 70 18.2648
552 70 15.456
553 70 15.456
574 70 15.456
586 70 18.2648
589 70 15.456
603 70 18.2648
604 70 18.2648
608 70 15.456
3 71 18.2648
14 71 18.2648
81 71 66.8896
98 71 28.6944
102 71 28.6944
110 71 28.6944
129 71 28.6944
164 71 7.44324
173 71 7.44324
377 71 28.6944
387 71 28.6944
437 71 28.6944
476 71 40.1606
479 71 28.6944
558 71 15.456
559 71 15.456
560 71 15.456
575 71 15.456
586 71 18.2648
589 71 15.456
605 71 18.2648
608 71 15.456
611 71 15.456
3 72 18.2648
11 72 18.2648
14 72 18.2648
77 72 66.8896
98 72 28.6944
107 72 28.6944
109 72 28.6944
129 72 28.6944
164 72 7.44324
173 72 7.44324
386 72 28.6944
436 72 28.6944
474 72 40.1606
556 72 18.2648
560 72 15.456
575 72 15.456
586 72 18.2648
595 72 15.456
605 72 18.2648
606 72 18.2648
609 72 15.456
3 73 18.2648
10 73 18.2648
14 73 18.2648
80 73 66.8896
98 73 28.6944
128 73 28.6944
129 73 28.6944
164 73 7.44324
173 73 7.44324
201 73 40.1606
386 73 28.6944
560 73 15.456
565 73 18.2648
606 73 18.2648
609 73 15.456
610 73 15.456
612 73 15.456
9 74 18.2648
10 74 18.2648
14 74 18.2648
62 74 66.8896
80 74 66.8896
98 74 28.6944
107 74 28.6944
128 74 28.6944
129 74 28.6944
164 74 7.44324
173 74 7.44324
201 74 40.1606
385 74 28.6944
434 74 28.6944
567 74 15.456
568 74 15.456
613 74 15.456
633 74 15.456
6 75 18.2648
14 75 18.2648
63 75 66.8896
78 75 66.8896
79 75 66.8896
98 75 28.6944
107 75 28.6944
128 75 28.6944
129 75 28.6944
142 75 40.1606
164 75 7.44324
173 75 7.44324
201 75 40.1606
323 75 28.6944
324 75 28.6944
433 75 28.6944
564 75 18.2648
565 75 18.2648
569 75 15.456
570 75 15.456
594 75 15.456
614 75 15.456
633 75 15.456
10 76 18.2648
15 76 18.2648
63 76 66.8896
78 76 66.8896
79 76 66.8896
98 76 28.6944
128 76 28.6944
129 76 28.6944
142 76 40.1606
164 76 7.44324
173 76 7.44324
384 76 28.6944
432 76 28.6944
566 76 18.2648
570 76 15.456
571 76 15.456
589 76 15.456
594 76 15.456
597 76 15.456
612 76 15.456
634 76 15.456
15 77 18.2648
77 77 66.8896
78 77 66.8896
98 77 28.6944
129 77 28.6944
142 77 40.1606
164 77 7.44324
173 77 7.44324
191 77 40.1606
384 77 28.6944
431 77 28.6944
567 77 18.2648
568 77 18.2648
571 77 15.456
580 77 18.2648
584 77 18.2648
585 77 15.456
586 77 15.456
613 77 15.456
615 77 15.456
634 77 15.456
58 78 66.8896
76 78 66.8896
77 78 66.8896
117 78 28.6944
118 78 28.6944
129 78 28.6944
142 78 40.1606
164 78 7.44324
173 78 7.44324
191 78 40.1606
204 78 40.1606
380 78 40.1606
383 78 28.6944
429 78 28.6944
442 78 28.6944
568 78 18.2648
569 78 18.2648
580 78 18.2648
582 78 18.2648
583 78 18.2648
587 78 15.456
613 78 15.456
634 78 15.456
17 79 22.3214
76 79 66.8896
99 79 28.6944
129 79 28.6944
142 79 40.1606
164 79 7.44324
173 79 7.44324
191 79 40.1606
204 79 40.1606
373 79 200
383 79 28.6944
429 79 28.6944
438 79 40.1606
444 79 28.6944
569 79 18.2648
584 79 18.2648
587 79 15.456
588 79 15.456
599 79 15.456
610 79 18.2648
17 80 22.3214
71 80 66.8896
75 80 66.8896
76 80 66.8896
90 80 66.8896
99 80 28.6944
129 80 28.6944
164 80 7.44324
173 80 7.44324
191 80 40.1606
204 80 40.1606
373 80 200
427 80 28.6944
446 80 28.6944
545 80 15.456
584 80 18.2648
585 80 18.2648
587 80 15.456
588 80 15.456
600 80 15.456
601 80 15.456
615 80 15.456
16 81 22.3214
17 81 22.3214
65 81 66.8896
70 81 66.8896
90 81 66.8896
108 81 28.6944
114 81 28.6944
129 81 28.6944
164 81 7.44324
173 81 7.44324
196 81 40.1606
203 81 40.1606
204 81 40.1606
372 81 200
382 81 28.6944
426 81 28.6944
427 81 28.6944
584 81 18.2648
585 81 18.2648
588 81 15.456
601 81 15.456
4 82 200
16 82 22.3214
17 82 22.3214
113 82 28.6944
114 82 28.6944
128 82 28.6944
135 82 28.6944
164 82 7.44324
173 82 7.44324
203 82 40.1606
204 82 40.1606
372 82 200
381 82 28.6944
425 82 28.6944
571 82 40.1606
585 82 18.2648
588 82 15.456
612 82 18.2648
616 82 15.456
16 83 22.3214
17 83 22.3214
32 83 66.8896
33 83 66.8896
75 83 66.8896
76 83 66.8896
87 83 66.8896
101 83 28.6944
113 83 28.6944
128 83 28.6944
135 83 28.6944
164 83 7.44324
173 83 7.44324
380 83 28.6944
500 83 18.2648
585 83 18.2648
589 83 15.456
603 83 15.456
7 84 200
8 84 200
85 84 66.8896
86 84 66.8896
122 84 28.6944
128 84 28.6944
164 84 7.44324
173 84 7.44324
380 84 28.6944
493 84 18.2648
585 84 18.2648
586 84 18.2648
589 84 15.456
607 84 15.456
613 84 18.2648
63 85 66.8896
84 85 66.8896
113 85 28.6944
129 85 28.6944
164 85 7.44324
173 85 7.44324
195 85 40.1606
494 85 18.2648
586 85 18.2648
589 85 15.456
591 85 15.456
607 85 15.456
611 85 18.2648
620 85 66.8896
14 86 18.2648
15 86 22.3214
29 86 22.3214
30 86 22.3214
31 86 22.3214
63 86 66.8896
81 86 66.8896
113 86 28.6944
129 86 28.6944
164 86 7.44324
173 86 7.44324
204 86 40.1606
372 86 28.6944
421 86 28.6944
495 86 18.2648
586 86 18.2648
589 86 15.456
608 86 15.456
12 87 18.2648
17 87 22.3214
19 87 22.3214
23 87 22.3214
24 87 22.3214
25 87 22.3214
29 87 22.3214
30 87 22.3214
62 87 66.8896
63 87 66.8896
80 87 66.8896
81 87 66.8896
113 87 28.6944
129 87 28.6944
164 87 7.44324
172 87 7.44324
173 87 7.44324
204 87 40.1606
456 87 28.6944
586 87 18.2648
589 87 15.456
595 87 15.456
603 87 18.2648
608 87 15.456
621 87 66.8896
10 88 18.2648
17 88 22.3214
62 88 66.8896
80 88 66.8896
81 88 66.8896
134 88 28.6944
164 88 7.44324
173 88 7.44324
203 88 40.1606
204 88 40.1606
275 88 28.6944
285 88 28.6944
454 88 28.6944
455 88 28.6944
563 88 18.2648
586 88 18.2648
589 88 15.456
608 88 15.456
16 89 22.3214
17 89 22.3214
33 89 40.1606
34 89 40.1606
80 89 66.8896
81 89 66.8896
113 89 28.6944
164 89 7.44324
173 89 7.44324
204 89 40.1606
371 89 66.8896
433 89 28.6944
586 89 18.2648
587 89 18.2648
589 89 15.456
608 89 15.456
16 90 22.3214
17 90 22.3214
32 90 40.1606
33 90 40.1606
80 90 66.8896
91 90 66.8896
113 90 28.6944
134 90 28.6944
163 90 7.44324
164 90 7.44324
173 90 7.44324
204 90 40.1606
377 90 28.6944
417 90 28.6944
513 90 15.456
519 90 18.2648
586 90 18.2648
587 90 18.2648
589 90 15.456
590 90 15.456
619 90 66.8896
16 91 22.3214
17 91 22.3214
32 91 66.8896
80 91 66.8896
81 91 66.8896
134 91 28.6944
163 91 7.44324
164 91 7.44324
172 91 7.44324
173 91 7.44324
204 91 40.1606
416 91 28.6944
417 91 28.6944
519 91 18.2648
563 91 18.2648
586 91 18.2648
587 91 18.2648
590 91 15.456
595 91 15.456
619 91 66.8896
16 92 22.3214
31 92 66.8896
32 92 66.8896
80 92 66.8896
81 92 66.8896
89 92 66.8896
128 92 28.6944
134 92 28.6944
163 92 7.44324
172 92 7.44324
173 92 7.44324
204 92 40.1606
586 92 18.2648
587 92 18.2648
590 92 15.456
592 92 15.456
595 92 15.456
16 93 22.3214
31 93 66.8896
32 93 66.8896
87 93 66.8896
116 93 28.6944
117 93 28.6944
134 93 28.6944
135 93 28.6944
163 93 7.44324
172 93 7.44324
173 93 7.44324
203 93 40.1606
205 93 40.1606
299 93 28.6944
300 93 28.6944
301 93 28.6944
303 93 28.6944
413 93 28.6944
567 93 18.2648
586 93 18.2648
587 93 18.2648
590 93 15.456
595 93 15.456
16 94 22.3214
32 94 66.8896
66 94 66.8896
110 94 28.6944
116 94 28.6944
117 94 28.6944
141 94 40.1606
163 94 7.44324
172 94 7.44324
173 94 7.44324
202 94 40.1606
291 94 28.6944
298 94 28.6944
378 94 22.3214
412 94 28.6944
413 94 28.6944
586 94 18.2648
587 94 18.2648
590 94 15.456
592 94 15.456
16 95 22.3214
62 95 66.8896
163 95 7.44324
172 95 7.44324
173 95 7.44324
204 95 40.1606
374 95 28.6944
378 95 22.3214
411 95 28.6944
412 95 28.6944
580 95 28.6944
586 95 18.2648
587 95 18.2648
590 95 15.456
592 95 15.456
620 95 66.8896
16 96 22.3214
53 96 66.8896
62 96 66.8896
82 96 66.8896
83 96 66.8896
121 96 28.6944
141 96 40.1606
163 96 7.44324
172 96 7.44324
173 96 7.44324
204 96 40.1606
286 96 28.6944
373 96 28.6944
411 96 28.6944
444 96 40.1606
445 96 40.1606
555 96 18.2648
586 96 18.2648
587 96 18.2648
590 96 15.456
16 97 22.3214
62 97 66.8896
82 97 66.8896
104 97 28.6944
121 97 28.6944
131 97 28.6944
141 97 40.1606
163 97 7.44324
172 97 7.44324
173 97 7.44324
310 97 28.6944
311 97 28.6944
373 97 28.6944
586 97 18.2648
587 97 18.2648
589 97 15.456
590 97 15.456
16 98 22.3214
62 98 66.8896
121 98 28.6944
131 98 28.6944
137 98 28.6944
141 98 40.1606
163 98 7.44324
172 98 7.44324
173 98 7.44324
194 98 40.1606
345 98 40.1606
443 98 40.1606
509 98 18.2648
586 98 18.2648
587 98 18.2648
589 98 15.456
590 98 15.456
596 98 15.456
16 99 22.3214
43 99 66.8896
81 99 66.8896
92 99 66.8896
110 99 28.6944
121 99 28.6944
141 99 40.1606
163 99 7.44324
172 99 7.44324
173 99 7.44324
194 99 40.1606
204 99 40.1606
205 99 40.1606
407 99 40.1606
441 99 40.1606
587 99 18.2648
590 99 15.456
596 99 15.456
23 100 66.8896
42 100 66.8896
43 100 66.8896
80 100 66.8896
81 100 66.8896
103 100 28.6944
110 100 28.6944
129 100 28.6944
141 100 40.1606
163 100 7.44324
172 100 7.44324
173 100 7.44324
202 100 40.1606
203 100 40.1606
204 100 40.1606
283 100 28.6944
317 100 28.6944
377 100 18.2648
407 100 40.1606
441 100 40.1606
586 100 18.2648
587 100 18.2648
590 100 15.456
596 100 15.456
634 100 15.456
58 101 66.8896
80 101 66.8896
103 101 28.6944
163 101 7.44324
172 101 7.44324
173 101 7.44324
202 101 40.1606
283 101 28.6944
321 101 28.6944
377 101 18.2648
586 101 18.2648
587 101 18.2648
590 101 15.456
596 101 15.456
634 101 15.456
30 102 66.8896
31 102 66.8896
79 102 66.8896
80 102 66.8896
118 102 28.6944
136 102 28.6944
141 102 40.1606
163 102 7.44324
172 102 7.44324
173 102 7.44324
202 102 40.1606
371 102 28.6944
587 102 18.2648
590 102 15.456
596 102 15.456
634 102 15.456
30 103 66.8896
79 103 66.8896
80 103 66.8896
86 103 66.8896
92 103 66.8896
116 103 28.6944
141 103 40.1606
163 103 7.44324
172 103 7.44324
173 103 7.44324
195 103 40.1606
202 103 40.1606
325 103 28.6944
402 103 28.6944
403 103 28.6944
508 103 18.2648
587 103 18.2648
590 103 15.456
596 103 15.456
634 103 15.456
43 104 40.1606
79 104 66.8896
91 104 66.8896
116 104 28.6944
163 104 7.44324
172 104 7.44324
173 104 7.44324
202 104 40.1606
331 104 28.6944
401 104 28.6944
402 104 28.6944
509 104 18.2648
587 104 18.2648
590 104 15.456
596 104 15.456
64 105 66.8896
79 105 66.8896
82 105 66.8896
115 105 28.6944
116 105 28.6944
136 105 28.6944
141 105 40.1606
163 105 7.44324
172 105 7.44324
173 105 7.44324
201 105 40.1606
202 105 40.1606
587 105 18.2648
590 105 15.456
596 105 15.456
10 106 18.2648
51 106 66.8896
78 106 66.8896
116 106 28.6944
132 106 28.6944
141 106 40.1606
163 106 7.44324
172 106 7.44324
173 106 7.44324
200 106 40.1606
201 106 40.1606
399 106 28.6944
587 106 18.2648
590 106 15.456
596 106 15.456
15 107 18.2648
51 107 66.8896
78 107 66.8896
90 107 66.8896
141 107 40.1606
163 107 7.44324
172 107 7.44324
173 107 7.44324
200 107 40.1606
337 107 28.6944
398 107 28.6944
436 107 40.1606
587 107 18.2648
590 107 15.456
596 107 15.456
52 108 66.8896
78 108 66.8896
81 108 66.8896
90 108 66.8896
133 108 28.6944
141 108 40.1606
163 108 7.44324
172 108 7.44324
173 108 7.44324
200 108 40.1606
342 108 28.6944
397 108 28.6944
587 108 18.2648
590 108 15.456
596 108 15.456
15 109 18.2648
38 109 66.8896
52 109 66.8896
53 109 66.8896
61 109 66.8896
62 109 66.8896
90 109 66.8896
141 109 40.1606
163 109 7.44324
172 109 7.44324
173 109 7.44324
195 109 40.1606
200 109 40.1606
396 109 28.6944
587 109 18.2648
593 109 18.2648
596 109 15.456
15 110 22.3214
38 110 66.8896
52 110 66.8896
53 110 66.8896
141 110 40.1606
163 110 7.44324
172 110 7.44324
173 110 7.44324
195 110 40.1606
200 110 40.1606
202 110 40.1606
394 110 28.6944
593 110 18.2648
596 110 15.456
15 111 22.3214
35 111 66.8896
53 111 66.8896
90 111 66.8896
162 111 7.44324
163 111 7.44324
172 111 7.44324
173 111 7.44324
199 111 40.1606
200 111 40.1606
345 111 28.6944
393 111 28.6944
394 111 28.6944
593 111 18.2648
596 111 15.456
15 112 22.3214
35 112 66.8896
43 112 66.8896
54 112 66.8896
138 112 28.6944
141 112 40.1606
162 112 7.44324
163 112 7.44324
172 112 7.44324
173 112 7.44324
186 112 40.1606
393 112 28.6944
401 112 200
426 112 28.6944
594 112 18.2648
597 112 15.456
15 113 22.3214
43 113 66.8896
44 113 66.8896
55 113 66.8896
162 113 7.44324
163 113 7.44324
172 113 7.44324
173 113 7.44324
186 113 40.1606
202 113 40.1606
391 113 28.6944
392 113 28.6944
15 114 18.2648
43 114 40.1606
44 114 40.1606
162 114 7.44324
163 114 7.44324
172 114 7.44324
173 114 7.44324
199 114 40.1606
202 114 40.1606
390 114 28.6944
391 114 28.6944
15 115 22.3214
44 115 40.1606
112 115 28.6944
118 115 28.6944
162 115 7.44324
163 115 7.44324
172 115 7.44324
173 115 7.44324
202 115 40.1606
390 115 28.6944
3 116 22.3214
15 116 22.3214
44 116 40.1606
45 116 40.1606
65 116 66.8896
112 116 28.6944
162 116 7.44324
163 116 7.44324
172 116 7.44324
173 116 7.44324
202 116 40.1606
371 116 28.6944
389 116 28.6944
15 117 22.3214
16 117 22.3214
45 117 40.1606
49 117 66.8896
50 117 66.8896
65 117 66.8896
115 117 28.6944
135 117 28.6944
162 117 7.44324
163 117 7.44324
172 117 7.44324
173 117 7.44324
202 117 40.1606
388 117 28.6944
15 118 22.3214
41 118 66.8896
49 118 66.8896
115 118 28.6944
116 118 28.6944
141 118 40.1606
162 118 7.44324
163 118 7.44324
172 118 7.44324
173 118 7.44324
202 118 40.1606
387 118 28.6944
388 118 28.6944
427 118 40.1606
15 119 22.3214
115 119 28.6944
116 119 28.6944
132 119 28.6944
133 119 28.6944
141 119 40.1606
162 119 7.44324
163 119 7.44324
172 119 7.44324
173 119 7.44324
200 119 40.1606
15 120 22.3214
116 120 28.6944
131 120 28.6944
132 120 28.6944
162 120 7.44324
163 120 7.44324
172 120 7.44324
173 120 7.44324
200 120 40.1606
386 120 28.6944
15 121 22.3214
132 121 28.6944
162 121 7.44324
163 121 7.44324
168 121 9.56938
172 121 7.44324
173 121 7.44324
385 121 28.6944
15 122 22.3214
132 122 28.6944
133 122 28.6944
162 122 7.44324
172 122 7.44324
173 122 7.44324
204 122 40.1606
205 122 40.1606
385 122 28.6944
470 122 66.8896
47 123 66.8896
48 123 66.8896
132 123 28.6944
133 123 28.6944
162 123 7.44324
172 123 7.44324
173 123 7.44324
192 123 40.1606
204 123 40.1606
380 123 40.1606
384 123 28.6944
47 124 66.8896
132 124 28.6944
162 124 7.44324
172 124 7.44324
173 124 7.44324
383 124 28.6944
4 125 22.3214
162 125 7.44324
172 125 7.44324
173 125 7.44324
201 125 40.1606
130 126 28.6944
162 126 7.44324
168 126 9.56938
172 126 7.44324
173 126 7.44324
201 126 40.1606
409 126 40.1606
10 127 18.2648
130 127 28.6944
162 127 7.44324
172 127 7.44324
173 127 7.44324
201 127 40.1606
352 127 28.6944
375 127 18.2648
10 128 18.2648
11 128 18.2648
130 128 28.6944
162 128 7.44324
172 128 7.44324
173 128 7.44324
201 128 40.1606
351 128 28.6944
404 128 40.1606
406 128 40.1606
11 129 18.2648
130 129 28.6944
162 129 7.44324
172 129 7.44324
173 129 7.44324
201 129 40.1606
206 129 40.1606
16 130 22.3214
17 130 22.3214
162 130 7.44324
172 130 7.44324
206 130 40.1606
367 130 28.6944
368 130 28.6944
592 130 15.456
16 131 22.3214
162 131 7.44324
172 131 7.44324
204 131 40.1606
367 131 28.6944
592 131 15.456
11 132 22.3214
16 132 22.3214
162 132 7.44324
172 132 7.44324
173 132 7.44324
193 132 40.1606
204 132 40.1606
205 132 40.1606
366 132 28.6944
375 132 28.6944
16 133 22.3214
162 133 7.44324
163 133 7.44324
172 133 7.44324
192 133 40.1606
205 133 40.1606
366 133 28.6944
374 133 28.6944
16 134 22.3214
162 134 7.44324
172 134 7.44324
205 134 40.1606
373 134 28.6944
16 135 22.3214
162 135 7.44324
205 135 40.1606
371 135 28.6944
372 135 28.6944
396 135 28.6944
16 136 22.3214
149 136 66.8896
162 136 7.44324
195 136 40.1606
206 136 40.1606
370 136 28.6944
371 136 28.6944
16 137 22.3214
162 137 7.44324
206 137 40.1606
369 137 28.6944
370 137 28.6944
10 138 22.3214
11 138 22.3214
16 138 22.3214
162 138 7.44324
193 138 40.1606
206 138 40.1606
207 138 40.1606
369 138 28.6944
11 139 22.3214
16 139 22.3214
162 139 7.44324
192 139 40.1606
205 139 40.1606
368 139 28.6944
369 139 28.6944
10 140 22.3214
16 140 22.3214
162 140 7.44324
205 140 40.1606
368 140 28.6944
16 141 22.3214
162 141 7.44324
368 141 28.6944
16 142 22.3214
162 142 7.44324
205 142 40.1606
206 142 40.1606
368 142 28.6944
10 143 18.2648
16 143 22.3214
162 143 7.44324
10 144 18.2648
16 144 22.3214
162 144 7.44324
10 145 18.2648
16 145 22.3214
162 145 7.44324
384 145 28.6944
16 146 22.3214
162 146 7.44324
253 146 66.8896
383 146 28.6944
10 147 22.3214
16 147 22.3214
162 147 7.44324
10 148 22.3214
16 148 22.3214
162 148 7.44324
10 149 22.3214
16 149 22.3214
162 149 7.44324
10 150 22.3214
16 150 22.3214
162 150 7.44324
16 151 22.3214
137 151 40.1606
162 151 7.44324
16 152 22.3214
90 152 28.6944
137 152 40.1606
162 152 7.44324
16 153 22.3214
50 153 28.6944
162 153 7.44324
172 153 7.44324
212 153 40.1606
137 154 40.1606
162 154 7.44324
211 154 40.1606
212 154 40.1606
377 154 28.6944
16 155 22.3214
109 155 28.6944
137 155 40.1606
162 155 7.44324
211 155 40.1606
369 155 66.8896
376 155 28.6944
15 156 22.3214
16 156 22.3214
25 156 28.6944
116 156 28.6944
162 156 7.44324
210 156 40.1606
375 156 28.6944
10 157 22.3214
162 157 7.44324
209 157 40.1606
210 157 40.1606
10 158 22.3214
15 158 22.3214
162 158 7.44324
206 158 40.1606
209 158 40.1606
9 159 22.3214
10 159 22.3214
15 159 22.3214
123 159 66.8896
137 159 40.1606
162 159 7.44324
206 159 40.1606
373 159 28.6944
9 160 22.3214
15 160 22.3214
136 160 40.1606
137 160 40.1606
161 160 7.44324
162 160 7.44324
207 160 40.1606
15 161 22.3214
162 161 7.44324
207 161 40.1606
372 161 28.6944
15 162 22.3214
162 162 7.44324
207 162 40.1606
320 162 66.8896
544 162 18.2648
596 162 18.2648
15 163 22.3214
129 163 66.8896
162 163 7.44324
246 163 66.8896
320 163 66.8896
15 164 22.3214
36 164 28.6944
162 164 7.44324
371 164 28.6944
596 164 18.2648
9 165 22.3214
15 165 22.3214
136 165 40.1606
161 165 7.44324
162 165 7.44324
596 165 18.2648
599 165 15.456
9 166 22.3214
15 166 22.3214
136 166 40.1606
161 166 7.44324
162 166 7.44324
216 166 66.8896
237 166 66.8896
246 166 66.8896
370 166 28.6944
596 166 18.2648
9 167 22.3214
10 167 22.3214
15 167 22.3214
109 167 28.6944
161 167 7.44324
162 167 7.44324
216 167 66.8896
237 167 66.8896
246 167 66.8896
276 167 66.8896
370 167 28.6944
596 167 18.2648
15 168 22.3214
109 168 28.6944
162 168 7.44324
246 168 66.8896
136 169 40.1606
161 169 7.44324
162 169 7.44324
216 169 66.8896
246 169 66.8896
600 169 15.456
136 170 40.1606
172 170 7.44324
191 170 28.6944
193 170 28.6944
216 170 66.8896
246 170 66.8896
370 170 28.6944
600 170 15.456
635 170 22.3214
636 170 22.3214
52 171 28.6944
109 171 28.6944
136 171 40.1606
161 171 7.44324
175 171 7.44324
191 171 28.6944
193 171 28.6944
198 171 40.1606
216 171 66.8896
632 171 28.6944
635 171 22.3214
636 171 22.3214
13 172 28.6944
109 172 28.6944
136 172 40.1606
161 172 7.44324
175 172 7.44324
191 172 40.1606
216 172 66.8896
276 172 66.8896
627 172 40.1606
628 172 40.1606
631 172 28.6944
632 172 28.6944
633 172 28.6944
635 172 22.3214
636 172 22.3214
637 172 22.3214
136 173 40.1606
216 173 66.8896
276 173 66.8896
619 173 200
620 173 200
624 173 66.8896
628 173 40.1606
631 173 28.6944
632 173 28.6944
633 173 28.6944
637 173 22.3214
136 174 40.1606
159 174 7.44324
160 174 7.44324
192 174 40.1606
621 174 200
624 174 66.8896
632 174 28.6944
633 174 28.6944
636 174 22.3214
637 174 22.3214
108 175 28.6944
136 175 40.1606
160 175 7.44324
172 175 7.44324
192 175 40.1606
636 175 22.3214
42 176 28.6944
52 176 28.6944
53 176 28.6944
108 176 28.6944
136 176 40.1606
159 176 7.44324
172 176 7.44324
192 176 40.1606
632 176 28.6944
40 177 28.6944
41 177 28.6944
136 177 40.1606
150 177 40.1606
152 177 40.1606
159 177 7.44324
172 177 7.44324
192 177 40.1606
592 177 15.456
635 177 22.3214
636 177 22.3214
40 178 28.6944
136 178 40.1606
159 178 7.44324
162 178 6.93001
163 178 6.93001
191 178 40.1606
192 178 40.1606
526 178 28.6944
527 178 28.6944
631 178 28.6944
632 178 28.6944
635 178 22.3214
636 178 22.3214
637 178 22.3214
136 179 40.1606
162 179 6.93001
172 179 7.44324
191 179 40.1606
192 179 40.1606
521 179 40.1606
524 179 40.1606
526 179 28.6944
527 179 28.6944
528 179 28.6944
531 179 22.3214
624 179 66.8896
628 179 40.1606
631 179 28.6944
632 179 28.6944
633 179 28.6944
635 179 22.3214
636 179 22.3214
637 179 22.3214
136 180 40.1606
172 180 7.44324
191 180 40.1606
192 180 40.1606
517 180 200
523 180 40.1606
524 180 40.1606
528 180 28.6944
529 180 28.6944
531 180 22.3214
625 180 66.8896
627 180 40.1606
628 180 40.1606
631 180 28.6944
632 180 28.6944
633 180 28.6944
635 180 22.3214
636 180 22.3214
637 180 22.3214
135 181 40.1606
136 181 40.1606
172 181 7.44324
191 181 40.1606
192 181 40.1606
523 181 40.1606
524 181 40.1606
528 181 28.6944
529 181 28.6944
530 181 28.6944
531 181 22.3214
534 181 18.2648
632 181 28.6944
633 181 28.6944
635 181 22.3214
636 181 22.3214
136 182 40.1606
191 182 40.1606
192 182 40.1606
250 182 66.8896
517 182 200
521 182 40.1606
523 182 40.1606
524 182 40.1606
529 182 28.6944
632 182 28.6944
136 183 40.1606
169 183 7.44324
172 183 7.44324
191 183 40.1606
192 183 40.1606
517 183 200
136 184 40.1606
161 184 7.44324
172 184 7.44324
191 184 40.1606
192 184 40.1606
270 184 66.8896
524 184 40.1606
136 185 40.1606
160 185 7.44324
161 185 7.44324
172 185 7.44324
192 185 40.1606
523 185 40.1606
524 185 40.1606
528 185 28.6944
529 185 28.6944
531 185 22.3214
534 185 18.2648
628 185 28.6944
160 186 7.44324
161 186 7.44324
172 186 7.44324
523 186 40.1606
524 186 40.1606
526 186 28.6944
528 186 28.6944
529 186 28.6944
530 186 28.6944
531 186 22.3214
533 186 22.3214
534 186 18.2648
628 186 28.6944
632 186 22.3214
136 187 40.1606
160 187 7.44324
161 187 7.44324
172 187 7.44324
194 187 66.8896
270 187 66.8896
517 187 200
518 187 200
520 187 66.8896
521 187 40.1606
523 187 40.1606
524 187 40.1606
528 187 28.6944
531 187 22.3214
533 187 22.3214
536 187 18.2648
628 187 28.6944
632 187 22.3214
637 187 28.6944
136 188 40.1606
160 188 7.44324
161 188 7.44324
172 188 7.44324
194 188 66.8896
517 188 200
518 188 200
520 188 66.8896
521 188 40.1606
523 188 40.1606
528 188 28.6944
531 188 22.3214
628 188 28.6944
632 188 22.3214
637 188 28.6944
136 189 40.1606
160 189 7.44324
161 189 7.44324
172 189 7.44324
194 189 66.8896
517 189 200
523 189 40.1606
524 189 40.1606
526 189 28.6944
527 189 28.6944
528 189 28.6944
628 189 28.6944
637 189 28.6944
136 190 40.1606
160 190 7.44324
161 190 7.44324
172 190 7.44324
523 190 40.1606
524 190 40.1606
526 190 28.6944
527 190 28.6944
528 190 28.6944
136 191 40.1606
160 191 7.44324
161 191 7.44324
172 191 7.44324
194 191 66.8896
520 191 66.8896
523 191 40.1606
524 191 40.1606
526 191 28.6944
527 191 28.6944
160 192 7.44324
161 192 7.44324
172 192 7.44324
194 192 66.8896
24 193 40.1606
109 193 28.6944
160 193 7.44324
161 193 7.44324
172 193 7.44324
109 194 28.6944
136 194 40.1606
160 194 7.44324
161 194 7.44324
172 194 7.44324
191 194 40.1606
201 194 66.8896
136 195 40.1606
160 195 7.44324
161 195 7.44324
172 195 7.44324
190 195 40.1606
191 195 40.1606
200 195 66.8896
502 195 40.1606
15 196 40.1606
109 196 28.6944
136 196 40.1606
160 196 7.44324
161 196 7.44324
172 196 7.44324
185 196 200
190 196 40.1606
191 196 40.1606
199 196 66.8896
200 196 66.8896
497 196 66.8896
499 196 66.8896
500 196 40.1606
502 196 40.1606
503 196 28.6944
505 196 22.3214
506 196 22.3214
509 196 18.2648
136 197 40.1606
160 197 7.44324
161 197 7.44324
190 197 40.1606
199 197 66.8896
493 197 200
494 197 200
495 197 200
497 197 66.8896
498 197 66.8896
502 197 40.1606
503 197 28.6944
505 197 22.3214
506 197 22.3214
172 198 7.44324
190 198 40.1606
493 198 200
494 198 200
495 198 200
497 198 66.8896
499 198 66.8896
500 198 66.8896
502 198 40.1606
503 198 28.6944
505 198 22.3214
506 198 22.3214
136 199 40.1606
172 199 7.44324
190 199 40.1606
493 199 200
494 199 200
497 199 66.8896
499 199 40.1606
502 199 28.6944
136 200 40.1606
160 200 7.44324
172 200 7.44324
190 200 40.1606
493 200 200
494 200 200
497 200 66.8896
499 200 66.8896
502 200 28.6944
635 200 28.6944
160 201 7.44324
190 201 40.1606
246 201 66.8896
266 201 66.8896
161 202 7.44324
172 202 7.44324
190 202 40.1606
202 202 66.8896
266 202 66.8896
25 203 40.1606
190 203 40.1606
201 203 66.8896
266 203 66.8896
15 204 40.1606
24 204 40.1606
161 204 7.44324
171 204 7.44324
172 204 7.44324
190 204 40.1606
266 204 66.8896
24 205 40.1606
84 205 40.1606
102 205 40.1606
118 205 40.1606
136 205 40.1606
190 205 40.1606
201 205 66.8896
266 205 66.8896
24 206 40.1606
102 206 40.1606
106 206 40.1606
190 206 40.1606
266 206 66.8896
24 207 40.1606
102 207 40.1606
103 207 40.1606
106 207 40.1606
160 207 7.44324
161 207 7.44324
171 207 7.44324
190 207 40.1606
227 207 66.8896
266 207 66.8896
335 207 6.93001
118 208 40.1606
119 208 40.1606
160 208 7.44324
190 208 40.1606
201 208 66.8896
266 208 66.8896
274 208 66.8896
294 208 66.8896
335 208 6.93001
101 209 40.1606
118 209 40.1606
190 209 40.1606
200 209 66.8896
227 209 66.8896
266 209 66.8896
274 209 66.8896
294 209 66.8896
335 209 6.93001
108 210 40.1606
118 210 40.1606
190 210 40.1606
199 210 66.8896
227 210 66.8896
274 210 66.8896
294 210 66.8896
635 210 28.6944
17 211 40.1606
118 211 40.1606
119 211 40.1606
190 211 40.1606
199 211 66.8896
274 211 66.8896
25 212 40.1606
37 212 28.6944
119 212 40.1606
160 212 7.44324
190 212 40.1606
200 212 66.8896
274 212 66.8896
160 213 7.44324
190 213 40.1606
200 213 66.8896
347 213 8.03858
160 214 7.44324
190 214 40.1606
200 214 66.8896
312 214 11.8203
122 215 40.1606
160 215 7.44324
190 215 40.1606
312 215 11.8203
26 216 40.1606
122 216 40.1606
171 216 7.44324
190 216 40.1606
25 217 40.1606
160 217 7.44324
171 217 7.44324
190 217 40.1606
18 218 40.1606
25 218 40.1606
80 218 40.1606
96 218 40.1606
116 218 28.6944
160 218 7.44324
190 218 40.1606
25 219 40.1606
80 219 40.1606
96 219 40.1606
160 219 7.44324
190 219 40.1606
426 219 200
25 220 40.1606
160 220 7.44324
171 220 7.44324
190 220 40.1606
302 220 66.8896
305 220 40.1606
306 220 40.1606
390 220 66.8896
410 220 200
412 220 200
426 220 200
427 220 200
18 221 40.1606
25 221 40.1606
160 221 7.44324
171 221 7.44324
190 221 40.1606
191 221 40.1606
213 221 66.8896
301 221 66.8896
304 221 66.8896
305 221 40.1606
306 221 40.1606
18 222 40.1606
24 222 40.1606
25 222 40.1606
160 222 7.44324
171 222 7.44324
190 222 40.1606
213 222 66.8896
260 222 66.8896
300 222 66.8896
372 222 66.8896
380 222 66.8896
381 222 66.8896
382 222 66.8896
397 222 18.2648
18 223 40.1606
25 223 40.1606
160 223 7.44324
190 223 40.1606
213 223 66.8896
233 223 66.8896
260 223 66.8896
381 223 66.8896
382 223 66.8896
384 223 66.8896
385 223 40.1606
397 223 18.2648
15 224 40.1606
18 224 40.1606
29 224 40.1606
134 224 40.1606
160 224 7.44324
190 224 40.1606
213 224 66.8896
29 225 40.1606
45 225 40.1606
60 225 40.1606
134 225 40.1606
160 225 7.44324
190 225 40.1606
213 225 66.8896
587 225 13.3958
15 226 40.1606
26 226 40.1606
29 226 40.1606
60 226 40.1606
77 226 28.6944
134 226 40.1606
160 226 7.44324
171 226 7.44324
190 226 40.1606
213 226 66.8896
587 226 13.3958
15 227 40.1606
18 227 40.1606
26 227 40.1606
60 227 40.1606
134 227 40.1606
160 227 7.44324
171 227 7.44324
190 227 40.1606
587 227 13.3958
15 228 40.1606
26 228 40.1606
60 228 40.1606
160 228 7.44324
171 228 7.44324
308 228 66.8896
309 228 66.8896
310 228 66.8896
311 228 40.1606
312 228 40.1606
313 228 40.1606
314 228 28.6944
315 228 28.6944
317 228 200
318 228 200
323 228 15.456
324 228 15.456
325 228 40.1606
326 228 40.1606
327 228 40.1606
328 228 40.1606
329 228 40.1606
331 228 40.1606
332 228 28.6944
15 229 40.1606
26 229 40.1606
60 229 40.1606
160 229 7.44324
171 229 7.44324
190 229 40.1606
191 229 40.1606
307 229 66.8896
308 229 66.8896
310 229 66.8896
311 229 40.1606
312 229 40.1606
313 229 40.1606
314 229 28.6944
322 229 15.456
323 229 15.456
326 229 40.1606
327 229 40.1606
328 229 40.1606
329 229 40.1606
339 229 8.73744
15 230 40.1606
26 230 40.1606
60 230 40.1606
160 230 7.44324
171 230 7.44324
307 230 66.8896
308 230 66.8896
314 230 28.6944
323 230 15.456
324 230 15.456
326 230 40.1606
327 230 40.1606
15 231 40.1606
26 231 40.1606
60 231 40.1606
160 231 7.44324
15 232 40.1606
26 232 40.1606
60 232 40.1606
15 233 40.1606
26 233 40.1606
118 233 28.6944
15 234 40.1606
26 234 40.1606
118 234 28.6944
15 235 40.1606
128 235 28.6944
129 236 28.6944
159 236 7.44324
15 237 40.1606
141 239 28.6944
564 242 15.456
634 242 10.5764
563 243 15.456
564 243 15.456
632 243 10.5764
633 243 10.5764
636 243 9.56938
637 243 9.56938
171 244 7.44324
562 244 15.456
563 244 15.456
566 244 13.3958
631 244 10.5764
635 244 9.56938
562 245 15.456
563 245 15.456
566 245 13.3958
629 245 10.5764
630 245 10.5764
633 245 9.56938
171 246 7.44324
562 246 15.456
566 246 13.3958
628 246 10.5764
629 246 10.5764
632 246 9.56938
171 247 7.44324
626 247 10.5764
627 247 10.5764
630 247 9.56938
631 247 9.56938
537 248 22.3214
574 248 13.3958
625 248 10.5764
626 248 10.5764
629 248 9.56938
630 248 9.56938
574 249 13.3958
624 249 10.5764
625 249 10.5764
628 249 9.56938
623 250 10.5764
624 250 10.5764
627 250 9.56938
171 251 7.44324
623 251 10.5764
627 251 9.56938
619 252 11.8203
622 252 10.5764
623 252 10.5764
626 252 9.56938
534 253 18.2648
622 253 10.5764
626 253 9.56938
621 254 10.5764
622 254 10.5764
621 255 10.5764
620 256 10.5764
621 256 10.5764
620 257 10.5764
620 258 10.5764
504 259 18.2648
620 259 10.5764
626 259 10.5764
629 259 9.56938
630 259 9.56938
620 260 10.5764
625 260 10.5764
626 260 10.5764
629 260 9.56938
619 261 10.5764
624 261 10.5764
625 261 10.5764
628 261 9.56938
637 261 9.56938
619 262 10.5764
624 262 10.5764
627 262 9.56938
628 262 9.56938
631 262 8.73744
637 262 9.56938
505 263 15.456
619 263 10.5764
623 263 10.5764
624 263 10.5764
627 263 9.56938
631 263 8.73744
505 264 15.456
619 264 10.5764
623 264 10.5764
624 264 10.5764
627 264 9.56938
630 264 8.73744
498 265 15.456
563 265 13.3958
564 265 13.3958
619 265 10.5764
623 265 10.5764
626 265 9.56938
627 265 9.56938
630 265 8.73744
171 266 7.44324
504 266 15.456
563 266 13.3958
619 266 10.5764
622 266 10.5764
623 266 10.5764
626 266 9.56938
171 267 7.44324
186 267 15.456
504 267 15.456
622 267 10.5764
623 267 10.5764
626 267 9.56938
171 268 7.44324
189 268 15.456
190 268 15.456
504 268 15.456
619 268 11.8203
622 268 10.5764
626 268 9.56938
171 269 7.44324
195 269 15.456
196 269 15.456
622 269 10.5764
637 269 9.56938
171 270 7.44324
622 270 10.5764
637 270 9.56938
15 271 15.456
56 271 15.456
127 271 15.456
128 271 15.456
204 271 13.3958
205 271 13.3958
622 271 10.5764
637 271 9.56938
507 272 13.3958
560 272 13.3958
563 272 13.3958
622 272 10.5764
633 272 10.5764
637 272 9.56938
507 273 13.3958
560 273 13.3958
563 273 13.3958
568 273 13.3958
622 273 10.5764
630 273 9.56938
633 273 10.5764
636 273 9.56938
637 273 9.56938
500 274 13.3958
507 274 13.3958
567 274 13.3958
622 274 10.5764
630 274 9.56938
636 274 9.56938
507 275 13.3958
578 275 13.3958
622 275 10.5764
626 275 9.56938
255 276 11.8203
571 276 13.3958
622 276 10.5764
626 276 9.56938
627 276 9.56938
622 277 10.5764
511 278 11.8203
627 278 9.56938
635 278 10.5764
636 278 10.5764
236 279 10.5764
252 279 10.5764
511 279 11.8203
622 279 10.5764
623 279 10.5764
627 279 9.56938
635 279 10.5764
512 280 11.8203
572 280 11.8203
635 280 10.5764
171 281 7.44324
233 281 10.5764
512 281 11.8203
623 281 10.5764
513 282 11.8203
623 282 10.5764
631 282 9.56938
513 283 11.8203
623 283 10.5764
631 283 9.56938
623 284 10.5764
624 284 10.5764
627 285 9.56938
518 286 10.5764
624 286 10.5764
627 286 9.56938
624 287 10.5764
631 287 10.5764
633 287 10.5764
637 287 9.56938
62 288 10.5764
625 288 10.5764
628 288 9.56938
633 288 10.5764
637 288 9.56938
226 289 9.56938
520 289 10.5764
625 289 10.5764
628 289 9.56938
637 289 9.56938
625 290 10.5764
628 290 9.56938
637 290 9.56938
629 291 9.56938
634 291 10.5764
637 291 9.56938
628 293 10.5764
631 293 9.56938
620 294 10.5764
631 294 9.56938
632 294 9.56938
195 295 8.73744
606 295 10.5764
609 295 9.56938
610 295 9.56938
620 295 10.5764
623 295 9.56938
624 295 9.56938
609 296 9.56938
623 296 9.56938
169 297 7.44324
170 297 7.44324
215 297 8.73744
171 298 7.44324
189 298 8.73744
215 298 8.73744
209 301 8.73744
186 302 8.03858
210 302 8.73744
165 303 7.44324
537 303 8.73744
538 303 8.73744
165 304 7.44324
186 305 8.03858
192 306 8.03858
193 306 8.03858
535 306 9.56938
536 306 9.56938
175 307 8.03858
195 307 8.03858
225 307 8.73744
535 307 9.56938
536 307 9.56938
537 307 8.73744
538 307 8.73744
539 307 8.73744
540 307 8.73744
541 307 8.03858
175 308 8.03858
176 308 8.03858
540 308 8.73744
541 308 8.03858
542 308 8.03858
543 308 8.03858
544 308 8.03858
158 310 7.44324
220 311 8.03858
158 312 7.44324
190 312 7.44324
220 312 8.03858
221 312 8.03858
190 313 7.44324
158 315 7.44324
199 315 7.44324
218 315 8.03858
219 315 8.03858
157 316 7.44324
158 316 7.44324
198 316 7.44324
199 316 7.44324
195 317 7.44324
138 318 7.44324
195 320 7.44324
230 321 7.44324
231 321 7.44324
211 322 7.44324
212 322 7.44324
213 322 7.44324
190 323 6.93001
191 323 6.93001
213 323 7.44324
214 323 7.44324
118 324 6.93001
119 324 6.93001
190 324 6.93001
191 324 6.93001
192 324 6.93001
123 326 6.48298
228 326 7.44324
229 326 7.44324
225 327 7.44324
112 328 6.48298
113 328 6.48298
225 328 7.44324
226 328 7.44324
128 329 6.48298
129 329 6.48298
226 329 7.44324
227 329 7.44324
127 330 6.48298
150 330 6.48298
172 330 6.48298
199 330 6.93001
127 331 6.48298
143 331 6.48298
159 331 6.48298
169 331 6.48298
172 331 6.48298
173 331 6.48298
184 331 6.48298
123 332 6.48298
146 332 6.48298
160 332 6.48298
169 332 6.48298
170 332 6.48298
122 333 6.48298
123 333 6.48298
151 333 6.48298
170 333 6.48298
123 334 6.48298
151 334 6.48298
152 334 6.48298
149 335 6.48298
150 335 6.48298
179 335 6.48298
275 335 6.93001
281 335 6.93001
150 336 6.48298
195 338 6.93001
118 340 5.74218
112 341 5.74218
113 341 5.74218
119 341 6.09013
120 341 6.09013
121 341 5.74218
130 341 6.09013
131 341 6.09013
149 341 6.09013
150 341 6.09013
102 342 5.74218
108 342 5.74218
131 342 6.09013
192 342 6.48298
193 342 6.48298
271 342 6.48298
94 343 5.74218
95 343 5.74218
107 343 5.74218
108 343 5.74218
114 343 5.74218
147 343 6.09013
70 344 6.09013
94 344 5.74218
95 344 5.74218
108 344 5.74218
114 344 5.74218
171 344 6.09013
70 345 6.09013
95 345 5.74218
96 345 5.74218
108 345 5.74218
109 345 5.74218
113 345 5.74218
114 345 5.74218
91 346 5.74218
113 346 5.74218
114 346 5.74218
91 347 5.74218
162 347 5.74218
76 348 5.74218
77 348 5.74218
107 348 5.43183
149 348 6.09013
173 348 6.09013
190 348 6.09013
96 349 5.74218
107 349 5.43183
108 349 5.43183
114 349 5.74218
148 349 6.09013
151 349 6.09013
175 349 5.74218
176 349 5.74218
142 350 5.74218
162 350 5.74218
176 350 5.74218
98 351 5.43183
111 351 5.74218
114 351 5.43183
145 351 5.43183
146 351 5.43183
165 351 5.74218
170 351 5.74218
177 351 5.74218
97 352 5.43183
98 352 5.43183
149 352 5.43183
163 352 5.74218
171 352 5.74218
172 352 5.74218
177 352 5.74218
98 353 5.43183
112 353 5.43183
121 353 5.74218
149 353 5.43183
183 353 6.09013
104 354 5.43183
108 354 5.43183
113 354 5.43183
149 354 5.43183
173 354 5.74218
177 354 5.74218
178 354 5.74218
104 355 5.43183
120 355 5.74218
131 355 5.43183
165 355 5.74218
173 355 5.74218
178 355 5.74218
179 355 5.74218
66 356 6.09013
67 356 6.09013
73 356 5.43183
74 356 5.43183
109 356 5.43183
144 356 5.43183
145 356 5.43183
166 356 5.74218
174 356 5.74218
178 356 5.74218
179 356 5.74218
232 356 5.74218
275 356 5.74218
46 357 5.43183
65 357 5.43183
70 357 5.15331
74 357 5.43183
131 357 5.43183
132 357 5.43183
228 357 5.74218
229 357 5.74218
31 358 5.15331
62 358 5.43183
63 358 5.43183
64 358 5.43183
95 358 5.43183
96 358 5.43183
97 358 5.43183
98 358 5.43183
229 358 5.74218
230 358 5.74218
32 359 5.15331
62 359 5.43183
64 359 5.43183
65 359 5.43183
66 359 5.43183
67 359 5.43183
68 359 5.43183
70 359 5.15331
71 359 5.15331
72 359 5.15331
97 359 5.43183
98 359 5.43183
148 359 5.43183
157 359 5.43183
158 359 5.43183
159 359 5.43183
506 359 5.74218
62 360 5.43183
66 360 5.43183
67 360 5.43183
70 360 5.15331
71 360 5.15331
97 360 5.15331
98 360 5.15331
148 360 5.43183
149 360 5.43183
43 361 5.15331
97 361 5.15331
105 361 5.15331
132 361 5.15331
133 361 5.15331
153 361 5.43183
154 361 5.43183
155 361 5.43183
43 362 5.15331
44 362 5.15331
47 362 5.15331
51 362 5.15331
97 362 5.15331
98 362 5.15331
105 362 5.15331
106 362 5.15331
112 362 5.15331
114 362 5.15331
115 362 5.15331
137 362 5.15331
98 363 5.15331
99 363 5.15331
102 363 4.90196
105 363 5.15331
106 363 5.15331
115 363 5.15331
116 363 5.15331
134 363 5.15331
172 363 5.43183
39 364 5.15331
40 364 5.15331
92 364 5.15331
93 364 5.15331
118 364 5.15331
119 364 5.15331
133 364 5.15331
134 364 5.15331
135 364 5.15331
37 365 5.15331
93 365 5.15331
148 365 5.15331
170 365 5.43183
171 365 5.43183
59 366 4.90196
105 366 4.90196
110 366 4.90196
111 366 4.90196
112 366 4.90196
113 366 4.90196
148 366 5.15331
149 366 5.15331
170 366 5.43183
60 367 4.90196
108 367 4.90196
109 367 4.90196
111 367 4.90196
112 367 4.90196
113 367 4.90196
60 368 4.90196
61 368 4.90196
102 368 4.90196
103 368 4.90196
106 368 4.67399
135 368 5.15331
41 369 4.90196
75 369 4.90196
76 369 4.90196
87 369 4.90196
88 369 4.90196
103 369 4.90196
135 369 5.15331
149 369 5.15331
151 369 5.15331
16 370 4.90196
50 370 4.90196
76 370 4.90196
84 370 4.90196
85 370 4.90196
113 370 4.67399
149 370 5.15331
150 370 5.15331
151 370 5.15331
152 370 5.15331
16 371 4.90196
56 371 4.90196
57 371 4.90196
113 371 4.67399
136 371 5.15331
150 371 5.15331
56 372 4.90196
57 372 4.90196
56 373 4.90196
69 374 4.67399
70 374 4.67399
147 374 4.90196
148 374 4.90196
149 374 4.90196
70 375 4.67399
72 375 4.67399
87 375 4.67399
41 376 4.67399
42 376 4.67399
87 376 4.67399
89 376 4.67399
90 376 4.67399
267 376 5.15331
42 377 4.67399
112 377 4.67399
156 377 5.15331
21 378 4.67399
69 378 4.67399
83 378 4.67399
84 378 4.67399
156 378 5.15331
157 378 5.15331
74 379 5.43183
101 379 4.90196
104 379 4.67399
105 379 4.67399
106 379 4.67399
107 379 4.67399
108 379 4.67399
109 379 4.67399
110 379 4.67399
111 379 4.67399
80 380 4.67399
108 380 4.67399
109 380 4.67399
110 380 4.67399
111 380 4.67399
118 380 4.67399
73 381 5.43183
80 381 4.67399
103 381 4.67399
119 381 4.67399
67 382 4.67399
80 382 4.67399
120 382 4.67399
121 382 4.67399
161 382 4.90196
67 383 4.67399
69 383 4.67399
76 383 4.46628
77 383 4.46628
78 383 4.67399
80 383 4.67399
86 383 4.46628
117 383 4.67399
151 383 4.90196
152 383 4.90196
153 383 4.90196
20 384 4.27625
69 384 4.67399
75 384 4.46628
76 384 4.46628
77 384 4.46628
88 384 4.46628
89 384 4.46628
118 384 4.67399
48 385 4.46628
49 385 4.46628
76 385 4.46628
83 385 4.46628
84 385 4.46628
85 385 4.46628
49 386 4.46628
50 386 4.46628
64 386 4.46628
223 386 4.90196
106 387 4.46628
106 388 4.46628
108 388 4.46628
115 388 4.46628
637 388 5.15331
106 389 4.27625
110 389 4.46628
115 389 4.46628
116 389 4.46628
5 390 4.27625
106 390 4.27625
107 390 4.27625
109 390 4.46628
110 390 4.46628
435 390 4.67399
436 390 4.67399
85 391 4.27625
86 391 4.27625
107 391 4.27625
108 391 4.27625
146 391 4.67399
76 392 4.27625
77 392 4.27625
81 393 4.27625
82 393 4.27625
89 393 4.27625
26 394 4.27625
27 394 4.27625
30 394 4.27625
89 394 4.27625
94 394 4.27625
139 394 4.67399
140 394 4.67399
23 395 4.27625
26 395 4.27625
27 395 4.27625
94 395 4.27625
100 395 4.67399
102 395 4.90196
107 395 4.27625
142 395 4.67399
26 396 4.27625
27 396 4.27625
33 396 4.27625
45 396 4.27625
57 396 4.27625
106 396 4.27625
113 396 4.27625
142 396 4.67399
352 396 4.67399
26 397 4.27625
27 397 4.27625
33 397 4.27625
85 397 4.27625
86 397 4.27625
98 397 4.27625
105 397 4.27625
106 397 4.27625
107 397 4.27625
112 397 4.27625
113 397 4.27625
114 397 4.27625
41 398 4.27625
42 398 4.27625
46 398 4.27625
86 398 4.27625
93 398 4.46628
96 398 4.27625
97 398 4.27625
111 398 4.27625
115 398 4.27625
116 398 4.27625
138 398 4.46628
139 398 4.46628
598 398 4.46628
599 398 4.46628
42 399 4.27625
49 399 4.10172
96 399 4.27625
97 399 4.27625
98 399 4.27625
102 399 4.27625
103 399 4.27625
111 399 4.27625
112 399 4.27625
137 399 4.46628
138 399 4.46628
139 399 4.46628
140 399 4.46628
601 399 4.46628
602 399 4.46628
40 400 4.27625
42 400 4.27625
77 400 4.10172
78 400 4.10172
101 400 4.27625
102 400 4.27625
108 400 3.94089
136 400 4.46628
137 400 4.46628
241 400 4.46628
242 400 4.46628
243 400 4.46628
342 400 4.46628
343 400 4.46628
606 400 4.46628
44 401 4.27625
79 401 4.10172
101 401 4.27625
107 401 3.94089
222 401 4.46628
238 401 4.46628
604 401 4.46628
108 402 3.94089
239 402 4.46628
240 402 4.46628
241 402 4.46628
5 403 4.10172
28 403 4.10172
101 403 4.27625
239 403 4.46628
377 403 4.46628
87 404 4.10172
120 404 4.27625
379 404 4.46628
39 405 4.10172
88 405 4.10172
39 406 4.10172
59 406 3.94089
60 406 3.94089
40 407 4.10172
60 407 3.94089
61 407 3.94089
99 407 4.10172
36 408 3.94089
57 408 3.94089
58 408 3.94089
132 408 4.27625
33 409 3.94089
96 409 4.10172
97 409 4.10172
110 409 4.10172
369 409 4.27625
18 410 4.10172
33 410 3.94089
34 410 3.94089
79 410 3.94089
98 410 4.10172
99 410 4.10172
337 410 4.27625
338 410 4.27625
406 410 4.27625
407 410 4.27625
533 410 4.27625
80 411 3.94089
100 411 4.10172
434 411 4.27625
17 412 3.79219
71 412 3.79219
125 412 4.67399
130 412 4.27625
17 413 3.79219
33 413 3.94089
72 413 3.79219
100 413 3.94089
101 413 3.94089
124 413 4.67399
130 413 4.27625
131 413 4.27625
283 413 4.27625
336 413 4.27625
344 413 4.27625
345 413 4.27625
406 413 4.27625
407 413 4.27625
409 413 4.10172
17 414 3.79219
18 414 3.79219
33 414 3.94089
54 414 3.94089
55 414 3.94089
56 414 3.94089
101 414 3.94089
102 414 3.94089
408 414 4.27625
17 415 3.6543
18 415 3.6543
49 415 4.10172
53 415 3.79219
56 415 3.94089
57 415 3.94089
118 415 4.10172
594 415 4.10172
16 416 3.6543
17 416 3.6543
53 416 3.79219
117 416 4.10172
118 416 4.10172
122 416 3.94089
127 416 3.94089
426 416 4.10172
581 416 4.10172
23 417 3.6543
52 417 3.79219
53 417 3.79219
54 417 3.79219
89 417 3.79219
94 417 3.94089
116 417 4.10172
117 417 4.10172
120 417 4.10172
121 417 3.94089
436 417 4.10172
26 418 3.79219
89 418 3.79219
90 418 3.79219
199 418 4.10172
200 418 4.10172
201 418 4.10172
71 419 3.79219
90 419 3.79219
91 419 3.79219
92 419 3.79219
71 420 3.79219
91 420 3.79219
92 420 3.79219
93 420 3.79219
362 420 4.10172
72 421 3.79219
255 421 4.10172
72 422 3.6543
85 422 3.79219
40 423 3.6543
85 423 3.79219
86 423 3.79219
87 423 3.79219
597 424 3.94089
26 425 3.6543
27 425 3.6543
76 425 3.79219
26 426 3.6543
27 426 3.6543
59 426 3.6543
69 426 3.94089
70 426 3.94089
106 426 3.94089
108 426 3.94089
109 426 3.94089
592 426 3.94089
27 427 3.6543
73 427 3.6543
76 427 3.6543
105 427 3.94089
106 427 3.94089
599 427 3.94089
600 427 3.94089
63 428 3.6543
73 428 3.6543
74 428 3.6543
105 428 3.94089
106 428 3.94089
107 428 3.94089
224 428 3.94089
366 428 3.94089
379 428 3.94089
380 428 3.94089
403 428 3.94089
449 428 3.94089
24 429 3.52609
63 429 3.6543
64 429 3.6543
75 429 3.6543
106 429 3.94089
107 429 3.94089
406 429 3.79219
64 430 3.6543
90 430 3.6543
24 431 3.52609
90 431 3.6543
298 431 3.94089
250 432 3.94089
300 432 3.94089
236 433 3.79219
237 433 3.79219
238 434 3.79219
357 434 3.79219
358 434 3.79219
539 434 3.79219
43 435 3.52609
40 436 3.40657
44 436 3.52609
44 437 3.52609
67 437 3.52609
68 437 3.52609
423 437 3.79219
45 438 3.40657
69 438 3.52609
70 438 3.52609
426 438 3.6543
45 439 3.40657
238 439 3.79219
46 440 3.40657
65 440 3.52609
66 440 3.52609
237 440 3.79219
238 440 3.79219
63 441 3.52609
25 442 3.29489
39 442 3.40657
560 442 3.6543
396 443 3.6543
397 443 3.6543
47 444 3.40657
186 444 3.6543
363 444 3.6543
364 444 3.6543
412 444 3.6543
413 444 3.6543
493 444 3.6543
494 444 3.6543
21 445 3.29489
47 445 3.40657
73 445 3.52609
76 445 3.52609
77 445 3.52609
79 445 3.52609
7 446 3.29489
21 446 3.29489
70 446 3.40657
74 446 3.52609
75 446 3.52609
77 446 3.52609
80 446 3.52609
202 446 3.6543
7 447 3.29489
8 447 3.29489
18 447 3.29489
22 447 3.29489
37 447 3.29489
38 447 3.29489
45 447 3.40657
58 447 3.40657
71 447 3.40657
75 447 3.52609
76 447 3.52609
80 447 3.52609
212 447 3.6543
213 447 3.6543
7 448 3.29489
18 448 3.29489
19 448 3.29489
21 448 3.29489
75 448 3.52609
76 448 3.52609
77 448 3.52609
6 449 3.1903
7 449 3.1903
19 449 3.1903
21 449 3.1903
22 449 3.1903
75 449 3.52609
76 449 3.52609
77 449 3.52609
81 449 3.6543
82 449 3.6543
83 449 3.6543
85 449 3.52609
86 449 3.52609
18 450 3.1903
75 450 3.52609
77 450 3.52609
78 450 3.52609
82 450 3.6543
83 450 3.6543
151 450 3.6543
18 451 3.1903
19 451 3.1903
20 451 3.1903
40 451 3.29489
75 451 3.52609
76 451 3.52609
77 451 3.40657
78 451 3.52609
84 451 3.52609
151 451 3.6543
494 451 3.52609
79 452 3.52609
85 452 3.52609
151 452 3.6543
152 452 3.6543
299 452 3.52609
617 452 3.52609
80 453 3.40657
299 453 3.52609
353 453 3.52609
624 453 3.29489
15 454 3.1903
86 454 3.52609
347 454 3.52609
83 455 3.52609
325 455 3.52609
424 455 3.52609
425 455 3.52609
14 456 3.1903
84 456 3.52609
192 456 3.52609
428 456 3.40657
9 457 3.29489
38 457 3.52609
84 457 3.52609
85 457 3.52609
192 457 3.52609
193 457 3.52609
426 457 3.52609
8 458 3.1903
9 458 3.1903
190 458 3.52609
571 458 3.40657
622 458 3.52609
624 458 3.40657
625 458 3.40657
8 459 3.1903
41 459 3.29489
190 459 3.52609
191 459 3.52609
625 459 3.40657
626 459 3.40657
7 460 3.09215
9 460 3.09215
40 460 3.1903
75 460 3.52609
191 460 3.52609
192 460 3.52609
193 460 3.40657
625 460 3.40657
626 460 3.40657
4 461 3.09215
7 461 3.09215
8 461 3.09215
41 461 3.1903
42 461 3.1903
70 461 3.40657
79 461 3.40657
80 461 3.40657
81 461 3.40657
427 461 3.40657
454 461 3.40657
8 462 3.09215
9 462 3.09215
39 462 3.1903
40 462 3.1903
76 462 3.40657
77 462 3.40657
426 462 3.40657
427 462 3.40657
628 462 3.40657
3 463 3.09215
4 463 3.09215
7 463 3.09215
68 463 3.40657
69 463 3.40657
77 463 3.40657
78 463 3.40657
454 463 3.40657
578 463 3.1903
3 464 3.09215
4 464 3.09215
67 464 3.40657
74 464 3.40657
75 464 3.40657
76 464 3.40657
77 464 3.40657
78 464 3.40657
82 464 3.40657
197 464 3.40657
198 464 3.40657
216 464 3.40657
243 464 3.40657
312 464 3.40657
313 464 3.40657
340 464 3.40657
635 464 3.40657
3 465 3.09215
68 465 3.40657
69 465 3.40657
75 465 3.40657
82 465 3.40657
250 465 3.40657
3 466 2.99985
74 466 3.40657
79 466 3.40657
80 466 3.40657
81 466 3.40657
61 467 3.29489
78 467 3.40657
79 467 3.29489
61 468 3.29489
67 468 3.29489
77 468 3.40657
78 468 3.40657
79 468 3.29489
80 468 3.40657
363 468 3.29489
624 468 3.29489
625 468 3.29489
628 468 3.29489
629 468 3.29489
228 469 3.29489
629 469 3.29489
17 470 3.09215
227 470 3.29489
305 470 3.29489
629 470 3.29489
18 471 3.09215
245 471 3.29489
403 471 3.29489
404 471 3.29489
414 471 3.29489
4 472 3.29489
112 472 3.29489
303 472 3.29489
537 472 3.29489
570 472 3.29489
571 472 3.29489
38 473 3.09215
573 473 3.29489
70 474 3.29489
124 474 3.29489
125 475 3.29489
185 475 3.40657
503 475 3.1903
10 476 2.99985
11 476 2.99985
3 477 2.99985
187 477 3.40657
