74 3 28.6944
90 3 28.6944
96 3 28.6944
110 3 5.74218
121 3 5.74218
122 3 5.74218
373 3 28.6944
376 3 22.3214
377 3 22.3214
492 3 22.3214
549 3 22.3214
561 3 15.456
562 3 15.456
570 3 13.3958
579 3 11.8203
594 3 15.456
595 3 15.456
608 3 15.456
627 3 15.456
632 3 13.3958
633 3 13.3958
74 4 28.6944
86 4 28.6944
96 4 28.6944
110 4 5.74218
121 4 5.74218
122 4 5.74218
356 4 18.2648
373 4 28.6944
534 4 15.456
535 4 15.456
565 4 15.456
566 4 15.456
567 4 15.456
571 4 13.3958
572 4 13.3958
573 4 13.3958
588 4 15.456
595 4 15.456
596 4 15.456
608 4 15.456
615 4 15.456
628 4 15.456
633 4 13.3958
634 4 13.3958
74 5 28.6944
86 5 28.6944
110 5 5.74218
121 5 5.74218
122 5 5.74218
350 5 28.6944
351 5 28.6944
372 5 28.6944
501 5 22.3214
535 5 15.456
536 5 15.456
566 5 15.456
567 5 15.456
568 5 15.456
569 5 15.456
574 5 13.3958
575 5 13.3958
580 5 15.456
597 5 15.456
599 5 15.456
608 5 15.456
615 5 15.456
629 5 15.456
630 5 15.456
634 5 13.3958
74 6 28.6944
91 6 28.6944
101 6 28.6944
109 6 5.74218
110 6 5.74218
121 6 5.74218
122 6 5.74218
304 6 22.3214
305 6 22.3214
322 6 22.3214
323 6 22.3214
326 6 28.6944
327 6 28.6944
349 6 28.6944
371 6 28.6944
530 6 15.456
536 6 15.456
541 6 13.3958
570 6 15.456
571 6 15.456
575 6 13.3958
576 6 13.3958
586 6 15.456
587 6 15.456
598 6 15.456
599 6 15.456
600 6 13.3958
608 6 15.456
615 6 15.456
630 6 15.456
637 6 13.3958
101 7 28.6944
109 7 5.74218
110 7 5.74218
121 7 5.74218
122 7 5.74218
303 7 22.3214
321 7 22.3214
348 7 28.6944
370 7 28.6944
571 7 15.456
576 7 13.3958
577 7 13.3958
592 7 18.2648
593 7 15.456
594 7 15.456
595 7 15.456
596 7 15.456
599 7 15.456
608 7 15.456
615 7 15.456
631 7 15.456
636 7 15.456
91 8 28.6944
101 8 28.6944
109 8 5.74218
110 8 5.74218
121 8 5.74218
122 8 5.74218
273 8 22.3214
274 8 22.3214
275 8 22.3214
281 8 22.3214
282 8 22.3214
296 8 22.3214
297 8 22.3214
319 8 28.6944
345 8 28.6944
369 8 28.6944
577 8 13.3958
578 8 13.3958
589 8 18.2648
590 8 18.2648
591 8 18.2648
595 8 15.456
596 8 15.456
597 8 15.456
602 8 13.3958
608 8 15.456
615 8 15.456
634 8 15.456
635 8 15.456
91 9 28.6944
101 9 28.6944
109 9 5.74218
110 9 5.74218
121 9 5.74218
122 9 5.74218
297 9 22.3214
318 9 28.6944
319 9 28.6944
575 9 13.3958
579 9 13.3958
590 9 18.2648
596 9 15.456
598 9 15.456
602 9 13.3958
603 9 13.3958
615 9 15.456
632 9 18.2648
635 9 15.456
636 9 15.456
86 10 28.6944
91 10 28.6944
101 10 28.6944
109 10 5.74218
110 10 5.74218
121 10 5.74218
122 10 5.74218
295 10 22.3214
317 10 28.6944
318 10 28.6944
550 10 15.456
556 10 15.456
578 10 13.3958
580 10 13.3958
598 10 15.456
599 10 15.456
603 10 13.3958
615 10 15.456
632 10 18.2648
636 10 15.456
74 11 28.6944
90 11 28.6944
91 11 28.6944
101 11 28.6944
109 11 5.74218
110 11 5.74218
121 11 5.74218
122 11 5.74218
316 11 28.6944
585 11 13.3958
586 11 13.3958
599 11 15.456
600 11 15.456
605 11 15.456
607 11 15.456
615 11 15.456
637 11 15.456
79 12 28.6944
101 12 28.6944
109 12 5.74218
110 12 5.74218
121 12 5.74218
122 12 5.74218
314 12 28.6944
341 12 28.6944
350 12 18.2648
581 12 15.456
585 12 13.3958
586 12 13.3958
600 12 15.456
606 12 15.456
87 13 28.6944
93 13 28.6944
100 13 28.6944
101 13 28.6944
109 13 5.74218
110 13 5.74218
120 13 5.74218
121 13 5.74218
355 13 18.2648
356 13 18.2648
368 13 22.3214
581 13 15.456
601 13 15.456
606 13 15.456
607 13 15.456
614 13 15.456
72 14 28.6944
86 14 28.6944
92 14 28.6944
95 14 28.6944
100 14 28.6944
109 14 5.74218
110 14 5.74218
120 14 5.74218
121 14 5.74218
313 14 28.6944
342 14 28.6944
582 14 15.456
594 14 13.3958
597 14 18.2648
602 14 15.456
607 14 15.456
609 14 15.456
614 14 15.456
92 15 28.6944
98 15 28.6944
99 15 28.6944
100 15 28.6944
109 15 5.74218
110 15 5.74218
120 15 5.74218
121 15 5.74218
312 15 28.6944
342 15 28.6944
365 15 22.3214
367 15 22.3214
368 15 22.3214
591 15 22.3214
602 15 15.456
603 15 15.456
607 15 15.456
614 15 15.456
86 16 28.6944
95 16 40.1606
98 16 28.6944
109 16 5.74218
110 16 5.74218
120 16 5.74218
121 16 5.74218
311 16 28.6944
368 16 22.3214
493 16 22.3214
513 16 15.456
584 16 40.1606
600 16 15.456
603 16 15.456
604 16 15.456
614 16 15.456
73 17 28.6944
86 17 28.6944
98 17 28.6944
109 17 5.74218
110 17 5.74218
120 17 5.74218
121 17 5.74218
310 17 28.6944
344 17 18.2648
377 17 18.2648
413 17 28.6944
583 17 40.1606
600 17 15.456
601 17 15.456
604 17 15.456
614 17 15.456
98 18 28.6944
109 18 5.74218
110 18 5.74218
121 18 5.74218
310 18 28.6944
343 18 18.2648
344 18 18.2648
384 18 22.3214
385 18 22.3214
413 18 28.6944
578 18 66.8896
597 18 15.456
598 18 15.456
614 18 15.456
73 19 28.6944
86 19 28.6944
109 19 5.74218
110 19 5.74218
121 19 5.74218
310 19 28.6944
391 19 22.3214
502 19 22.3214
598 19 15.456
605 19 13.3958
606 19 13.3958
614 19 15.456
618 19 13.3958
619 19 13.3958
73 20 28.6944
90 20 28.6944
109 20 5.74218
120 20 5.74218
121 20 5.74218
332 20 18.2648
503 20 22.3214
553 20 15.456
602 20 15.456
603 20 15.456
606 20 13.3958
607 20 13.3958
614 20 15.456
619 20 13.3958
620 20 13.3958
73 21 28.6944
90 21 28.6944
98 21 28.6944
99 21 28.6944
100 21 28.6944
109 21 5.74218
121 21 5.74218
387 21 28.6944
489 21 22.3214
504 21 22.3214
603 21 15.456
607 21 13.3958
608 21 13.3958
614 21 15.456
72 22 28.6944
98 22 28.6944
109 22 5.74218
121 22 5.74218
603 22 15.456
604 22 15.456
608 22 13.3958
609 22 13.3958
614 22 15.456
625 22 13.3958
77 23 28.6944
102 23 28.6944
109 23 5.74218
121 23 5.74218
122 23 5.74218
357 23 28.6944
372 23 22.3214
373 23 22.3214
604 23 15.456
605 23 15.456
606 23 15.456
609 23 13.3958
610 23 13.3958
615 23 15.456
620 23 15.456
621 23 15.456
622 23 15.456
626 23 13.3958
72 24 28.6944
109 24 5.74218
120 24 5.74218
121 24 5.74218
122 24 5.74218
289 24 22.3214
347 24 22.3214
350 24 18.2648
356 24 28.6944
410 24 28.6944
551 24 15.456
583 24 66.8896
600 24 18.2648
605 24 15.456
606 24 15.456
610 24 13.3958
72 25 28.6944
100 25 28.6944
103 25 28.6944
109 25 5.74218
121 25 5.74218
122 25 5.74218
356 25 28.6944
370 25 22.3214
371 25 22.3214
409 25 28.6944
551 25 15.456
606 25 15.456
607 25 15.456
610 25 13.3958
611 25 13.3958
72 26 28.6944
94 26 28.6944
109 26 5.74218
121 26 5.74218
122 26 5.74218
355 26 28.6944
369 26 22.3214
370 26 22.3214
447 26 22.3214
448 26 22.3214
542 26 13.3958
606 26 15.456
607 26 15.456
611 26 13.3958
615 26 15.456
622 26 13.3958
109 27 5.74218
120 27 5.74218
121 27 5.74218
277 27 28.6944
278 27 28.6944
279 27 28.6944
368 27 22.3214
369 27 22.3214
531 27 13.3958
538 27 15.456
607 27 15.456
615 27 15.456
616 27 15.456
621 27 13.3958
622 27 13.3958
89 28 28.6944
105 28 28.6944
109 28 5.74218
120 28 5.74218
121 28 5.74218
276 28 28.6944
354 28 28.6944
368 28 22.3214
521 28 15.456
607 28 15.456
608 28 15.456
616 28 15.456
620 28 13.3958
624 28 13.3958
627 28 13.3958
630 28 13.3958
631 28 13.3958
89 29 28.6944
108 29 5.74218
109 29 5.74218
120 29 5.74218
121 29 5.74218
271 29 28.6944
354 29 28.6944
368 29 22.3214
407 29 28.6944
513 29 15.456
604 29 18.2648
607 29 15.456
608 29 15.456
611 29 13.3958
617 29 15.456
628 29 13.3958
85 30 28.6944
88 30 28.6944
108 30 5.74218
109 30 5.74218
121 30 5.74218
271 30 28.6944
353 30 28.6944
407 30 28.6944
479 30 22.3214
480 30 22.3214
513 30 15.456
514 30 15.456
607 30 15.456
608 30 15.456
611 30 13.3958
617 30 15.456
628 30 13.3958
634 30 15.456
635 30 15.456
74 31 28.6944
88 31 28.6944
108 31 5.74218
109 31 5.74218
121 31 5.74218
352 31 28.6944
367 31 22.3214
477 31 22.3214
604 31 18.2648
607 31 15.456
608 31 15.456
611 31 13.3958
618 31 15.456
620 31 15.456
621 31 13.3958
635 31 15.456
636 31 15.456
87 32 28.6944
88 32 28.6944
109 32 5.74218
121 32 5.74218
352 32 28.6944
367 32 22.3214
607 32 15.456
608 32 15.456
615 32 15.456
629 32 13.3958
636 32 15.456
637 32 15.456
87 33 28.6944
98 33 28.6944
99 33 28.6944
108 33 5.74218
109 33 5.74218
120 33 5.74218
121 33 5.74218
351 33 28.6944
405 33 28.6944
475 33 22.3214
476 33 22.3214
607 33 15.456
608 33 15.456
617 33 15.456
618 33 15.456
630 33 13.3958
637 33 15.456
73 34 28.6944
80 34 28.6944
87 34 28.6944
98 34 28.6944
108 34 5.74218
109 34 5.74218
111 34 5.74218
120 34 5.74218
121 34 5.74218
348 34 28.6944
404 34 28.6944
405 34 28.6944
474 34 22.3214
571 34 15.456
608 34 15.456
613 34 15.456
618 34 15.456
630 34 13.3958
86 35 28.6944
109 35 5.74218
120 35 5.74218
121 35 5.74218
347 35 28.6944
348 35 28.6944
353 35 28.6944
367 35 22.3214
472 35 22.3214
473 35 22.3214
571 35 15.456
608 35 15.456
613 35 15.456
620 35 15.456
73 36 28.6944
86 36 28.6944
90 36 28.6944
98 36 28.6944
106 36 28.6944
108 36 5.74218
109 36 5.74218
120 36 5.74218
121 36 5.74218
351 36 22.3214
353 36 22.3214
367 36 22.3214
607 36 15.456
608 36 15.456
613 36 15.456
623 36 15.456
97 37 28.6944
105 37 28.6944
106 37 28.6944
108 37 5.74218
109 37 5.74218
111 37 5.74218
120 37 5.74218
121 37 5.74218
348 37 28.6944
351 37 22.3214
466 37 40.1606
470 37 22.3214
471 37 22.3214
607 37 15.456
614 37 15.456
94 38 40.1606
97 38 28.6944
102 38 40.1606
105 38 28.6944
106 38 28.6944
108 38 5.74218
109 38 5.74218
121 38 5.74218
348 38 28.6944
351 38 22.3214
402 38 28.6944
469 38 22.3214
470 38 22.3214
622 38 15.456
623 38 15.456
74 39 28.6944
89 39 28.6944
105 39 28.6944
108 39 5.74218
109 39 5.74218
120 39 5.74218
121 39 5.74218
348 39 28.6944
351 39 22.3214
535 39 15.456
607 39 15.456
619 39 18.2648
623 39 15.456
88 40 28.6944
89 40 28.6944
108 40 5.74218
109 40 5.74218
120 40 5.74218
121 40 5.74218
318 40 28.6944
348 40 28.6944
607 40 15.456
624 40 15.456
75 41 28.6944
89 41 28.6944
108 41 5.74218
109 41 5.74218
120 41 5.74218
121 41 5.74218
348 41 28.6944
607 41 15.456
608 41 15.456
624 41 15.456
625 41 15.456
84 42 28.6944
87 42 28.6944
108 42 5.74218
121 42 5.74218
367 42 22.3214
399 42 28.6944
481 42 22.3214
483 42 22.3214
491 42 22.3214
492 42 22.3214
533 42 15.456
607 42 15.456
608 42 15.456
626 42 15.456
84 43 28.6944
90 43 28.6944
108 43 5.74218
120 43 5.74218
121 43 5.74218
367 43 22.3214
398 43 28.6944
465 43 22.3214
466 43 22.3214
488 43 28.6944
533 43 15.456
607 43 15.456
608 43 15.456
627 43 15.456
78 44 28.6944
79 44 28.6944
90 44 28.6944
108 44 5.74218
120 44 5.74218
121 44 5.74218
356 44 18.2648
397 44 28.6944
463 44 22.3214
604 44 13.3958
607 44 15.456
608 44 15.456
628 44 15.456
108 45 5.74218
121 45 5.74218
353 45 22.3214
397 45 28.6944
461 45 28.6944
462 45 28.6944
607 45 15.456
608 45 15.456
628 45 15.456
79 46 28.6944
108 46 5.74218
120 46 5.74218
121 46 5.74218
341 46 22.3214
342 46 22.3214
350 46 28.6944
396 46 28.6944
459 46 28.6944
460 46 28.6944
565 46 15.456
607 46 15.456
630 46 15.456
77 47 28.6944
108 47 5.74218
120 47 5.74218
121 47 5.74218
350 47 28.6944
359 47 22.3214
360 47 22.3214
395 47 28.6944
458 47 28.6944
528 47 15.456
565 47 15.456
607 47 15.456
608 47 15.456
631 47 15.456
108 48 5.74218
120 48 5.74218
121 48 5.74218
350 48 28.6944
579 48 15.456
607 48 15.456
608 48 15.456
632 48 15.456
108 49 5.74218
110 49 5.74218
114 49 28.6944
121 49 5.74218
323 49 28.6944
379 49 28.6944
532 49 15.456
582 49 13.3958
607 49 15.456
608 49 15.456
613 49 15.456
91 50 28.6944
108 50 5.74218
114 50 28.6944
120 50 5.74218
121 50 5.74218
321 50 28.6944
454 50 28.6944
455 50 28.6944
578 50 15.456
604 50 18.2648
607 50 15.456
608 50 15.456
613 50 15.456
92 51 28.6944
108 51 5.74218
113 51 28.6944
114 51 28.6944
120 51 5.74218
121 51 5.74218
321 51 28.6944
349 51 28.6944
373 51 66.8896
378 51 28.6944
395 51 22.3214
452 51 28.6944
453 51 28.6944
578 51 15.456
592 51 15.456
599 51 13.3958
600 51 13.3958
613 51 15.456
91 52 28.6944
92 52 28.6944
108 52 5.74218
113 52 28.6944
120 52 5.74218
121 52 5.74218
349 52 28.6944
350 52 28.6944
378 52 28.6944
392 52 28.6944
595 52 15.456
600 52 13.3958
614 52 15.456
92 53 28.6944
108 53 5.74218
112 53 28.6944
120 53 5.74218
121 53 5.74218
350 53 28.6944
377 53 28.6944
391 53 28.6944
451 53 28.6944
596 53 15.456
597 53 15.456
604 53 15.456
605 53 15.456
608 53 15.456
610 53 13.3958
627 53 13.3958
56 54 66.8896
59 54 66.8896
82 54 28.6944
92 54 28.6944
108 54 5.74218
111 54 28.6944
112 54 28.6944
120 54 5.74218
121 54 5.74218
374 54 40.1606
377 54 28.6944
449 54 28.6944
596 54 15.456
597 54 15.456
606 54 15.456
623 54 15.456
624 54 15.456
629 54 13.3958
630 54 13.3958
56 55 66.8896
108 55 5.74218
111 55 28.6944
120 55 5.74218
121 55 5.74218
322 55 22.3214
374 55 40.1606
390 55 28.6944
447 55 28.6944
484 55 28.6944
606 55 15.456
607 55 15.456
625 55 15.456
629 55 13.3958
630 55 13.3958
632 55 13.3958
79 56 28.6944
108 56 5.74218
111 56 28.6944
120 56 5.74218
121 56 5.74218
350 56 28.6944
376 56 40.1606
390 56 28.6944
442 56 40.1606
447 56 28.6944
519 56 15.456
551 56 15.456
607 56 15.456
626 56 15.456
630 56 13.3958
633 56 13.3958
79 57 28.6944
92 57 28.6944
108 57 5.74218
110 57 28.6944
111 57 28.6944
120 57 5.74218
121 57 5.74218
319 57 40.1606
350 57 28.6944
386 57 40.1606
389 57 28.6944
446 57 22.3214
516 57 18.2648
549 57 15.456
551 57 15.456
567 57 15.456
603 57 18.2648
607 57 15.456
626 57 15.456
627 57 15.456
631 57 13.3958
57 58 66.8896
61 58 66.8896
89 58 28.6944
108 58 5.74218
111 58 28.6944
120 58 5.74218
121 58 5.74218
371 58 22.3214
385 58 40.1606
445 58 22.3214
446 58 22.3214
543 58 18.2648
544 58 18.2648
549 58 15.456
562 58 15.456
563 58 15.456
607 58 15.456
623 58 18.2648
624 58 18.2648
627 58 15.456
628 58 15.456
631 58 13.3958
632 58 13.3958
57 59 66.8896
108 59 5.74218
111 59 28.6944
120 59 5.74218
121 59 5.74218
319 59 40.1606
323 59 28.6944
371 59 22.3214
443 59 28.6944
544 59 18.2648
564 59 15.456
565 59 15.456
566 59 15.456
592 59 15.456
607 59 15.456
628 59 15.456
632 59 13.3958
633 59 13.3958
57 60 66.8896
83 60 18.2648
108 60 5.74218
111 60 28.6944
112 60 28.6944
120 60 5.74218
121 60 5.74218
323 60 28.6944
374 60 18.2648
442 60 28.6944
572 60 15.456
573 60 15.456
574 60 15.456
580 60 15.456
592 60 15.456
603 60 18.2648
607 60 15.456
628 60 15.456
629 60 15.456
634 60 13.3958
107 61 5.74218
108 61 5.74218
111 61 28.6944
120 61 5.74218
121 61 5.74218
374 61 18.2648
574 61 15.456
575 61 15.456
576 61 15.456
592 61 15.456
595 61 13.3958
607 61 15.456
617 61 13.3958
624 61 18.2648
628 61 15.456
629 61 15.456
78 62 28.6944
87 62 28.6944
107 62 5.74218
108 62 5.74218
111 62 28.6944
121 62 5.74218
188 62 40.1606
374 62 18.2648
386 62 28.6944
578 62 15.456
585 62 15.456
607 62 15.456
612 62 15.456
617 62 13.3958
618 62 13.3958
629 62 15.456
62 63 66.8896
77 63 28.6944
87 63 28.6944
89 63 28.6944
107 63 5.74218
108 63 5.74218
120 63 5.74218
121 63 5.74218
172 63 40.1606
374 63 28.6944
385 63 28.6944
582 63 15.456
586 63 15.456
612 63 15.456
631 63 15.456
50 64 66.8896
77 64 28.6944
87 64 28.6944
107 64 5.74218
108 64 5.74218
120 64 5.74218
121 64 5.74218
361 64 66.8896
373 64 28.6944
374 64 28.6944
484 64 22.3214
583 64 15.456
584 64 15.456
587 64 15.456
612 64 15.456
631 64 15.456
632 64 15.456
67 65 66.8896
77 65 28.6944
87 65 28.6944
107 65 5.74218
108 65 5.74218
110 65 28.6944
120 65 5.74218
121 65 5.74218
189 65 40.1606
373 65 28.6944
480 65 28.6944
498 65 15.456
585 65 15.456
588 65 15.456
606 65 13.3958
612 65 15.456
619 65 15.456
632 65 15.456
633 65 15.456
45 66 66.8896
62 66 40.1606
63 66 40.1606
67 66 66.8896
77 66 28.6944
87 66 28.6944
107 66 5.74218
110 66 28.6944
120 66 5.74218
121 66 5.74218
176 66 40.1606
189 66 40.1606
383 66 28.6944
476 66 40.1606
499 66 15.456
586 66 15.456
599 66 15.456
600 66 15.456
601 66 15.456
602 66 15.456
603 66 15.456
606 66 13.3958
612 66 15.456
633 66 15.456
77 67 28.6944
107 67 5.74218
110 67 28.6944
120 67 5.74218
121 67 5.74218
173 67 40.1606
189 67 40.1606
382 67 28.6944
383 67 28.6944
474 67 40.1606
587 67 15.456
595 67 18.2648
596 67 18.2648
597 67 18.2648
603 67 15.456
604 67 15.456
608 67 13.3958
612 67 15.456
613 67 15.456
627 67 18.2648
66 68 66.8896
77 68 28.6944
107 68 5.74218
108 68 5.74218
110 68 28.6944
120 68 5.74218
121 68 5.74218
189 68 40.1606
190 68 40.1606
604 68 15.456
605 68 15.456
608 68 13.3958
609 68 13.3958
617 68 15.456
634 68 15.456
47 69 66.8896
65 69 66.8896
66 69 66.8896
107 69 5.74218
108 69 5.74218
110 69 28.6944
111 69 28.6944
118 69 5.74218
120 69 5.74218
121 69 5.74218
128 69 40.1606
173 69 40.1606
189 69 40.1606
190 69 40.1606
372 69 200
433 69 22.3214
600 69 18.2648
604 69 15.456
605 69 15.456
609 69 13.3958
634 69 15.456
47 70 66.8896
65 70 66.8896
107 70 5.74218
108 70 5.74218
111 70 28.6944
120 70 5.74218
121 70 5.74218
128 70 40.1606
173 70 40.1606
353 70 28.6944
371 70 200
381 70 28.6944
601 70 18.2648
605 70 15.456
606 70 15.456
609 70 13.3958
612 70 15.456
47 71 66.8896
48 71 66.8896
55 71 66.8896
64 71 66.8896
78 71 28.6944
96 71 28.6944
107 71 5.74218
108 71 5.74218
111 71 28.6944
118 71 5.74218
120 71 5.74218
121 71 5.74218
173 71 40.1606
179 71 40.1606
353 71 28.6944
371 71 200
380 71 28.6944
381 71 28.6944
602 71 18.2648
605 71 15.456
606 71 15.456
609 71 13.3958
612 71 15.456
619 71 15.456
636 71 15.456
54 72 66.8896
63 72 66.8896
88 72 28.6944
107 72 5.74218
108 72 5.74218
111 72 28.6944
118 72 28.6944
120 72 5.74218
121 72 5.74218
179 72 40.1606
189 72 40.1606
193 72 40.1606
353 72 28.6944
370 72 200
380 72 28.6944
605 72 15.456
606 72 15.456
612 72 15.456
619 72 15.456
43 73 66.8896
62 73 66.8896
87 73 28.6944
94 73 28.6944
95 73 28.6944
107 73 5.74218
110 73 28.6944
111 73 28.6944
117 73 28.6944
120 73 5.74218
121 73 5.74218
179 73 40.1606
193 73 40.1606
370 73 200
376 73 40.1606
379 73 28.6944
428 73 28.6944
429 73 28.6944
547 73 15.456
581 73 15.456
602 73 18.2648
606 73 15.456
612 73 15.456
613 73 15.456
619 73 15.456
637 73 66.8896
56 74 66.8896
61 74 66.8896
62 74 66.8896
80 74 28.6944
85 74 28.6944
94 74 28.6944
107 74 5.74218
117 74 28.6944
179 74 40.1606
354 74 28.6944
379 74 28.6944
426 74 28.6944
444 74 28.6944
445 74 28.6944
581 74 15.456
602 74 18.2648
606 74 15.456
607 74 15.456
612 74 15.456
613 74 15.456
633 74 13.3958
56 75 66.8896
61 75 66.8896
80 75 28.6944
107 75 5.74218
109 75 28.6944
116 75 28.6944
117 75 28.6944
120 75 5.74218
121 75 5.74218
179 75 40.1606
182 75 40.1606
192 75 40.1606
193 75 40.1606
354 75 28.6944
369 75 28.6944
370 75 28.6944
378 75 28.6944
379 75 28.6944
422 75 40.1606
581 75 15.456
606 75 15.456
607 75 15.456
613 75 15.456
633 75 13.3958
55 76 66.8896
61 76 66.8896
107 76 5.74218
110 76 28.6944
116 76 28.6944
120 76 5.74218
184 76 40.1606
192 76 40.1606
369 76 28.6944
377 76 28.6944
378 76 28.6944
501 76 18.2648
502 76 18.2648
606 76 15.456
607 76 15.456
613 76 15.456
629 76 15.456
16 77 66.8896
55 77 66.8896
107 77 5.74218
110 77 28.6944
113 77 28.6944
116 77 28.6944
120 77 5.74218
121 77 5.74218
127 77 40.1606
168 77 40.1606
190 77 40.1606
192 77 40.1606
377 77 28.6944
462 77 28.6944
603 77 18.2648
606 77 15.456
607 77 15.456
613 77 15.456
14 78 66.8896
15 78 66.8896
54 78 66.8896
61 78 66.8896
73 78 66.8896
107 78 5.74218
111 78 28.6944
113 78 28.6944
116 78 28.6944
120 78 5.74218
127 78 40.1606
168 78 40.1606
190 78 40.1606
337 78 18.2648
526 78 13.3958
527 78 13.3958
603 78 18.2648
606 78 15.456
607 78 15.456
613 78 15.456
630 78 15.456
71 79 66.8896
72 79 66.8896
73 79 66.8896
84 79 28.6944
107 79 5.74218
111 79 28.6944
116 79 28.6944
120 79 5.74218
127 79 40.1606
168 79 40.1606
183 79 40.1606
192 79 40.1606
337 79 18.2648
376 79 28.6944
423 79 22.3214
424 79 22.3214
603 79 18.2648
606 79 15.456
607 79 15.456
613 79 15.456
630 79 15.456
48 80 66.8896
70 80 66.8896
71 80 66.8896
107 80 5.74218
116 80 28.6944
120 80 5.74218
127 80 40.1606
183 80 40.1606
192 80 40.1606
301 80 28.6944
368 80 28.6944
376 80 28.6944
420 80 28.6944
421 80 28.6944
533 80 15.456
603 80 18.2648
606 80 15.456
607 80 15.456
613 80 15.456
630 80 15.456
48 81 66.8896
93 81 28.6944
107 81 5.74218
116 81 28.6944
120 81 5.74218
127 81 40.1606
192 81 40.1606
193 81 40.1606
368 81 66.8896
375 81 28.6944
419 81 28.6944
533 81 15.456
603 81 18.2648
606 81 15.456
607 81 15.456
613 81 15.456
20 82 66.8896
47 82 66.8896
48 82 66.8896
66 82 66.8896
93 82 28.6944
107 82 5.74218
116 82 28.6944
120 82 5.74218
127 82 40.1606
192 82 40.1606
193 82 40.1606
368 82 66.8896
456 82 28.6944
588 82 13.3958
603 82 18.2648
606 82 15.456
607 82 15.456
611 82 15.456
613 82 15.456
47 83 66.8896
66 83 66.8896
67 83 66.8896
107 83 5.74218
116 83 28.6944
117 83 28.6944
120 83 5.74218
127 83 40.1606
183 83 40.1606
192 83 40.1606
297 83 28.6944
367 83 66.8896
368 83 66.8896
455 83 28.6944
514 83 15.456
584 83 15.456
603 83 18.2648
607 83 15.456
611 83 13.3958
626 83 66.8896
15 84 66.8896
66 84 66.8896
107 84 5.74218
115 84 28.6944
116 84 28.6944
120 84 5.74218
127 84 40.1606
168 84 40.1606
169 84 40.1606
192 84 40.1606
367 84 66.8896
376 84 22.3214
418 84 22.3214
454 84 28.6944
603 84 18.2648
607 84 15.456
614 84 15.456
619 84 66.8896
16 85 66.8896
17 85 66.8896
66 85 66.8896
77 85 66.8896
107 85 5.74218
120 85 5.74218
127 85 40.1606
168 85 40.1606
192 85 40.1606
193 85 40.1606
284 85 28.6944
367 85 66.8896
415 85 28.6944
600 85 22.3214
603 85 18.2648
604 85 18.2648
607 85 15.456
611 85 13.3958
614 85 15.456
15 86 66.8896
16 86 66.8896
66 86 66.8896
77 86 66.8896
97 86 28.6944
106 86 5.74218
107 86 5.74218
117 86 28.6944
120 86 5.74218
127 86 40.1606
168 86 40.1606
192 86 40.1606
193 86 40.1606
282 86 28.6944
284 86 28.6944
285 86 22.3214
452 86 28.6944
584 86 15.456
603 86 18.2648
604 86 18.2648
607 86 15.456
611 86 13.3958
614 86 15.456
15 87 66.8896
61 87 40.1606
66 87 66.8896
67 87 66.8896
97 87 28.6944
106 87 5.74218
107 87 5.74218
117 87 28.6944
120 87 5.74218
127 87 40.1606
192 87 40.1606
193 87 40.1606
260 87 28.6944
282 87 28.6944
291 87 28.6944
292 87 28.6944
293 87 28.6944
415 87 28.6944
499 87 15.456
584 87 15.456
607 87 15.456
614 87 15.456
15 88 66.8896
61 88 40.1606
62 88 40.1606
66 88 66.8896
106 88 5.74218
107 88 5.74218
120 88 5.74218
127 88 40.1606
183 88 40.1606
191 88 40.1606
193 88 40.1606
279 88 40.1606
291 88 28.6944
358 88 66.8896
374 88 22.3214
584 88 15.456
607 88 15.456
611 88 13.3958
614 88 15.456
7 89 66.8896
15 89 66.8896
51 89 66.8896
106 89 5.74218
107 89 5.74218
120 89 5.74218
127 89 40.1606
183 89 40.1606
191 89 40.1606
277 89 28.6944
370 89 28.6944
371 89 28.6944
374 89 22.3214
410 89 28.6944
411 89 28.6944
521 89 15.456
607 89 15.456
611 89 13.3958
614 89 15.456
15 90 66.8896
26 90 66.8896
36 90 66.8896
46 90 66.8896
51 90 66.8896
71 90 66.8896
106 90 5.74218
107 90 5.74218
120 90 5.74218
127 90 40.1606
177 90 40.1606
276 90 28.6944
358 90 66.8896
370 90 28.6944
409 90 28.6944
410 90 28.6944
553 90 18.2648
600 90 22.3214
607 90 15.456
611 90 13.3958
614 90 15.456
26 91 66.8896
37 91 66.8896
46 91 66.8896
69 91 66.8896
106 91 5.74218
107 91 5.74218
118 91 5.74218
120 91 5.74218
127 91 40.1606
186 91 200
192 91 40.1606
302 91 28.6944
303 91 28.6944
349 91 22.3214
358 91 66.8896
369 91 28.6944
409 91 28.6944
560 91 18.2648
604 91 18.2648
607 91 15.456
611 91 13.3958
614 91 15.456
47 92 66.8896
68 92 66.8896
83 92 28.6944
90 92 28.6944
99 92 28.6944
106 92 5.74218
107 92 5.74218
120 92 5.74218
127 92 40.1606
192 92 40.1606
302 92 28.6944
343 92 40.1606
369 92 28.6944
607 92 15.456
611 92 13.3958
614 92 15.456
3 93 40.1606
11 93 66.8896
47 93 66.8896
68 93 66.8896
76 93 40.1606
83 93 28.6944
90 93 28.6944
106 93 5.74218
107 93 5.74218
110 93 28.6944
120 93 5.74218
127 93 40.1606
169 93 40.1606
182 93 40.1606
369 93 28.6944
587 93 13.3958
607 93 15.456
611 93 13.3958
614 93 15.456
3 94 40.1606
5 94 40.1606
27 94 66.8896
46 94 66.8896
106 94 5.74218
107 94 5.74218
120 94 5.74218
127 94 40.1606
182 94 40.1606
309 94 28.6944
310 94 28.6944
405 94 40.1606
583 94 15.456
607 94 15.456
614 94 15.456
26 95 66.8896
27 95 66.8896
70 95 66.8896
90 95 28.6944
97 95 28.6944
106 95 5.74218
107 95 5.74218
118 95 5.74218
120 95 5.74218
127 95 40.1606
182 95 40.1606
192 95 40.1606
193 95 40.1606
307 95 28.6944
314 95 28.6944
369 95 22.3214
373 95 18.2648
583 95 15.456
604 95 18.2648
607 95 15.456
26 96 66.8896
37 96 66.8896
43 96 66.8896
65 96 66.8896
66 96 66.8896
96 96 28.6944
97 96 28.6944
106 96 5.74218
107 96 5.74218
118 96 5.74218
120 96 5.74218
190 96 40.1606
191 96 40.1606
314 96 28.6944
369 96 22.3214
373 96 18.2648
404 96 40.1606
405 96 40.1606
440 96 40.1606
596 96 28.6944
607 96 15.456
43 97 66.8896
44 97 66.8896
45 97 66.8896
64 97 66.8896
65 97 66.8896
77 97 66.8896
96 97 28.6944
106 97 5.74218
107 97 5.74218
120 97 5.74218
127 97 40.1606
190 97 40.1606
191 97 40.1606
314 97 28.6944
368 97 22.3214
607 97 15.456
13 98 66.8896
15 98 66.8896
64 98 40.1606
65 98 40.1606
96 98 28.6944
106 98 5.74218
107 98 5.74218
120 98 5.74218
170 98 40.1606
174 98 40.1606
183 98 40.1606
190 98 40.1606
191 98 40.1606
326 98 28.6944
400 98 28.6944
607 98 15.456
7 99 66.8896
13 99 66.8896
14 99 66.8896
25 99 66.8896
64 99 40.1606
65 99 40.1606
72 99 66.8896
96 99 28.6944
106 99 5.74218
107 99 5.74218
120 99 5.74218
170 99 40.1606
177 99 40.1606
182 99 40.1606
190 99 40.1606
191 99 40.1606
325 99 28.6944
395 99 40.1606
399 99 28.6944
400 99 28.6944
584 99 18.2648
607 99 15.456
614 99 15.456
47 100 66.8896
64 100 40.1606
65 100 40.1606
71 100 66.8896
106 100 5.74218
107 100 5.74218
120 100 5.74218
181 100 40.1606
190 100 40.1606
398 100 28.6944
607 100 15.456
608 100 15.456
614 100 15.456
24 101 66.8896
34 101 66.8896
48 101 66.8896
67 101 66.8896
69 101 66.8896
91 101 28.6944
106 101 5.74218
107 101 5.74218
119 101 5.74218
120 101 5.74218
189 101 40.1606
190 101 40.1606
433 101 28.6944
584 101 18.2648
588 101 15.456
607 101 15.456
35 102 66.8896
64 102 40.1606
106 102 5.74218
107 102 5.74218
119 102 5.74218
120 102 5.74218
170 102 40.1606
188 102 40.1606
189 102 40.1606
343 102 28.6944
372 102 40.1606
396 102 28.6944
607 102 15.456
615 102 15.456
35 103 66.8896
63 103 40.1606
64 103 40.1606
106 103 5.74218
107 103 5.74218
120 103 5.74218
170 103 40.1606
183 103 40.1606
188 103 40.1606
395 103 28.6944
607 103 15.456
615 103 15.456
35 104 66.8896
76 104 66.8896
77 104 66.8896
106 104 5.74218
120 104 5.74218
183 104 40.1606
188 104 40.1606
371 104 40.1606
394 104 28.6944
606 104 15.456
607 104 15.456
615 104 15.456
21 105 66.8896
22 105 66.8896
36 105 66.8896
46 105 66.8896
77 105 66.8896
101 105 28.6944
106 105 5.74218
119 105 5.74218
120 105 5.74218
126 105 40.1606
183 105 40.1606
188 105 40.1606
190 105 40.1606
607 105 15.456
615 105 15.456
17 106 40.1606
18 106 40.1606
36 106 66.8896
37 106 66.8896
80 106 200
106 106 5.74218
119 106 5.74218
120 106 5.74218
126 106 40.1606
183 106 40.1606
188 106 40.1606
191 106 40.1606
391 106 28.6944
607 106 15.456
608 106 15.456
615 106 15.456
633 106 15.456
17 107 40.1606
37 107 66.8896
38 107 66.8896
92 107 28.6944
106 107 5.74218
119 107 5.74218
120 107 5.74218
126 107 40.1606
185 107 40.1606
188 107 40.1606
338 107 22.3214
390 107 28.6944
391 107 28.6944
607 107 15.456
608 107 15.456
615 107 15.456
633 107 15.456
38 108 66.8896
92 108 28.6944
106 108 5.74218
119 108 5.74218
120 108 5.74218
176 108 40.1606
338 108 22.3214
383 108 11.8203
389 108 28.6944
390 108 28.6944
607 108 15.456
615 108 15.456
23 109 200
27 109 66.8896
39 109 66.8896
46 109 66.8896
92 109 28.6944
98 109 28.6944
106 109 5.74218
119 109 5.74218
120 109 5.74218
176 109 40.1606
191 109 40.1606
332 109 40.1606
388 109 28.6944
389 109 28.6944
406 109 40.1606
424 109 28.6944
608 109 15.456
27 110 66.8896
28 110 66.8896
40 110 66.8896
92 110 28.6944
105 110 5.74218
106 110 5.74218
119 110 5.74218
120 110 5.74218
176 110 40.1606
187 110 40.1606
190 110 40.1606
191 110 40.1606
369 110 22.3214
387 110 28.6944
608 110 15.456
615 110 15.456
27 111 66.8896
28 111 66.8896
41 111 40.1606
92 111 28.6944
106 111 5.74218
119 111 5.74218
120 111 5.74218
191 111 40.1606
334 111 40.1606
369 111 22.3214
386 111 28.6944
467 111 66.8896
579 111 66.8896
608 111 15.456
615 111 15.456
50 112 66.8896
96 112 28.6944
106 112 5.74218
119 112 5.74218
120 112 5.74218
191 112 40.1606
382 112 40.1606
386 112 28.6944
573 112 200
608 112 15.456
615 112 15.456
96 113 28.6944
105 113 5.74218
106 113 5.74218
119 113 5.74218
120 113 5.74218
172 113 40.1606
190 113 40.1606
191 113 40.1606
385 113 28.6944
615 113 15.456
96 114 28.6944
105 114 5.74218
106 114 5.74218
119 114 5.74218
120 114 5.74218
190 114 40.1606
191 114 40.1606
374 114 200
384 114 28.6944
385 114 28.6944
96 115 28.6944
105 115 5.74218
106 115 5.74218
119 115 5.74218
120 115 5.74218
127 115 40.1606
165 115 40.1606
175 115 40.1606
426 115 40.1606
105 116 5.74218
106 116 5.74218
119 116 5.74218
120 116 5.74218
189 116 40.1606
362 116 40.1606
383 116 28.6944
615 116 15.456
105 117 5.74218
106 117 5.74218
119 117 5.74218
120 117 5.74218
378 117 40.1606
382 117 28.6944
467 117 66.8896
29 118 40.1606
30 118 40.1606
105 118 5.74218
106 118 5.74218
119 118 5.74218
120 118 5.74218
167 118 40.1606
187 118 40.1606
193 118 40.1606
368 118 22.3214
381 118 28.6944
382 118 28.6944
33 119 66.8896
105 119 5.74218
106 119 5.74218
119 119 5.74218
120 119 5.74218
193 119 40.1606
380 119 28.6944
381 119 28.6944
31 120 40.1606
105 120 5.74218
106 120 5.74218
119 120 5.74218
120 120 5.74218
180 120 40.1606
193 120 40.1606
380 120 28.6944
105 121 5.74218
106 121 5.74218
119 121 5.74218
120 121 5.74218
167 121 40.1606
190 121 40.1606
379 121 28.6944
105 122 5.74218
106 122 5.74218
119 122 5.74218
120 122 5.74218
167 122 40.1606
189 122 40.1606
193 122 40.1606
367 122 22.3214
379 122 28.6944
467 122 66.8896
608 122 15.456
105 123 5.74218
106 123 5.74218
119 123 5.74218
189 123 40.1606
193 123 40.1606
408 123 22.3214
466 123 66.8896
467 123 66.8896
608 123 15.456
105 124 5.74218
106 124 5.74218
119 124 5.74218
163 124 40.1606
189 124 40.1606
407 124 22.3214
20 125 40.1606
74 125 28.6944
101 125 28.6944
105 125 5.74218
106 125 5.74218
119 125 5.74218
163 125 40.1606
177 125 40.1606
189 125 40.1606
195 125 40.1606
346 125 28.6944
403 125 28.6944
74 126 28.6944
105 126 5.74218
106 126 5.74218
119 126 5.74218
163 126 40.1606
189 126 40.1606
195 126 40.1606
365 126 28.6944
105 127 5.74218
106 127 5.74218
119 127 5.74218
163 127 40.1606
169 127 40.1606
194 127 40.1606
195 127 40.1606
363 127 28.6944
364 127 28.6944
371 127 15.456
413 127 200
105 128 5.74218
106 128 5.74218
119 128 5.74218
164 128 40.1606
169 128 40.1606
192 128 40.1606
371 128 15.456
105 129 5.74218
106 129 5.74218
119 129 5.74218
164 129 40.1606
180 129 40.1606
193 129 40.1606
105 130 5.74218
106 130 5.74218
119 130 5.74218
177 130 66.8896
179 130 40.1606
180 130 40.1606
193 130 40.1606
194 130 40.1606
351 130 200
370 130 28.6944
396 130 28.6944
609 130 15.456
105 131 5.74218
106 131 5.74218
119 131 5.74218
165 131 40.1606
174 131 40.1606
180 131 40.1606
194 131 40.1606
368 131 28.6944
369 131 28.6944
395 131 28.6944
105 132 5.74218
106 132 5.74218
119 132 5.74218
165 132 40.1606
194 132 40.1606
367 132 28.6944
368 132 28.6944
394 132 28.6944
105 133 5.74218
106 133 5.74218
119 133 5.74218
183 133 40.1606
194 133 40.1606
366 133 28.6944
367 133 28.6944
105 134 5.74218
106 134 5.74218
119 134 5.74218
166 134 40.1606
194 134 40.1606
195 134 40.1606
365 134 28.6944
366 134 28.6944
105 135 5.74218
119 135 5.74218
166 135 40.1606
180 135 40.1606
194 135 40.1606
195 135 40.1606
364 135 28.6944
365 135 28.6944
390 135 28.6944
105 136 5.74218
119 136 5.74218
167 136 40.1606
180 136 40.1606
193 136 40.1606
194 136 40.1606
364 136 28.6944
96 137 28.6944
105 137 5.74218
119 137 5.74218
168 137 40.1606
193 137 40.1606
194 137 40.1606
364 137 28.6944
387 137 28.6944
616 137 15.456
104 138 5.74218
105 138 5.74218
119 138 5.74218
193 138 40.1606
194 138 40.1606
364 138 28.6944
616 138 15.456
104 139 5.74218
105 139 5.74218
119 139 5.74218
169 139 40.1606
184 139 40.1606
193 139 40.1606
194 139 40.1606
616 139 15.456
104 140 5.74218
105 140 5.74218
119 140 5.74218
122 140 40.1606
169 140 40.1606
194 140 40.1606
29 141 28.6944
104 141 5.74218
105 141 5.74218
169 141 40.1606
104 142 5.74218
105 142 5.74218
170 142 40.1606
104 143 5.74218
105 143 5.74218
169 143 40.1606
380 143 28.6944
104 144 5.74218
105 144 5.74218
122 144 6.09013
169 144 40.1606
379 144 28.6944
387 144 40.1606
104 145 5.74218
105 145 5.74218
122 145 6.09013
169 145 40.1606
193 145 40.1606
198 145 40.1606
238 145 66.8896
372 145 66.8896
416 145 200
76 146 28.6944
104 146 5.74218
105 146 5.74218
119 146 5.74218
169 146 40.1606
174 146 40.1606
198 146 40.1606
617 146 15.456
104 147 5.74218
105 147 5.74218
118 147 5.74218
145 147 40.1606
200 147 40.1606
617 147 15.456
26 148 28.6944
37 148 28.6944
68 148 28.6944
104 148 5.74218
105 148 5.74218
118 148 5.74218
122 148 5.74218
363 148 28.6944
21 149 28.6944
26 149 28.6944
68 149 28.6944
104 149 5.74218
105 149 5.74218
118 149 5.74218
122 149 5.74218
247 149 66.8896
363 149 28.6944
608 149 15.456
104 150 5.74218
105 150 5.74218
113 150 4.90196
118 150 5.74218
120 150 5.74218
122 150 5.74218
169 150 40.1606
191 150 40.1606
203 150 40.1606
352 150 200
363 150 28.6944
609 150 15.456
88 151 28.6944
104 151 5.74218
105 151 5.74218
118 151 5.74218
122 151 5.74218
169 151 40.1606
191 151 40.1606
609 151 15.456
22 152 28.6944
96 152 28.6944
104 152 5.74218
105 152 5.74218
200 152 66.8896
366 152 66.8896
609 152 15.456
617 152 15.456
22 153 28.6944
96 153 28.6944
104 153 5.74218
105 153 5.74218
118 153 5.74218
122 153 5.74218
185 153 40.1606
199 153 40.1606
200 153 40.1606
617 153 15.456
104 154 5.74218
105 154 5.74218
122 154 5.74218
143 154 40.1606
198 154 40.1606
371 154 28.6944
417 154 200
617 154 15.456
104 155 5.74218
105 155 5.74218
198 155 40.1606
3 156 66.8896
4 156 66.8896
104 156 5.74218
105 156 5.74218
195 156 40.1606
197 156 40.1606
198 156 40.1606
4 157 66.8896
104 157 5.74218
105 157 5.74218
118 157 5.74218
120 157 5.74218
194 157 40.1606
195 157 40.1606
104 158 5.74218
105 158 5.74218
118 158 5.74218
368 158 28.6944
609 158 15.456
618 158 15.456
104 159 5.74218
118 159 5.74218
120 159 5.74218
122 159 6.09013
195 159 40.1606
368 159 28.6944
609 159 15.456
618 159 15.456
103 160 5.74218
104 160 5.74218
113 160 5.74218
118 160 6.09013
120 160 5.74218
122 160 6.09013
194 160 40.1606
195 160 40.1606
368 160 28.6944
609 160 15.456
11 161 28.6944
103 161 5.74218
104 161 5.74218
118 161 6.09013
120 161 5.74218
122 161 6.09013
314 161 200
609 161 15.456
11 162 28.6944
34 162 28.6944
103 162 5.74218
104 162 5.74218
115 162 5.74218
120 162 5.74218
122 162 6.09013
176 162 40.1606
229 162 66.8896
238 162 66.8896
314 162 200
609 162 15.456
89 163 28.6944
100 163 5.74218
101 163 5.74218
115 163 5.74218
176 163 40.1606
229 163 66.8896
238 163 66.8896
314 163 200
609 163 15.456
618 163 15.456
100 164 5.74218
101 164 5.74218
138 164 66.8896
154 164 66.8896
176 164 40.1606
192 164 40.1606
229 164 66.8896
238 164 66.8896
269 164 66.8896
311 164 200
314 164 200
366 164 28.6944
609 164 15.456
89 165 28.6944
101 165 5.74218
102 165 5.74218
121 165 40.1606
138 165 66.8896
175 165 40.1606
191 165 40.1606
208 165 66.8896
229 165 66.8896
269 165 66.8896
314 165 66.8896
366 165 28.6944
89 166 28.6944
101 166 5.74218
175 166 40.1606
190 166 40.1606
191 166 40.1606
208 166 66.8896
238 166 66.8896
269 166 66.8896
331 166 200
336 166 66.8896
609 166 15.456
89 167 28.6944
101 167 5.74218
118 167 5.74218
121 167 40.1606
175 167 40.1606
189 167 40.1606
229 167 66.8896
238 167 66.8896
269 167 66.8896
609 167 15.456
610 167 15.456
28 168 28.6944
101 168 5.74218
106 168 5.74218
119 168 40.1606
121 168 40.1606
188 168 40.1606
189 168 40.1606
207 168 66.8896
229 168 66.8896
238 168 66.8896
28 169 28.6944
101 169 5.74218
106 169 5.74218
111 169 5.74218
121 169 40.1606
176 169 40.1606
180 169 40.1606
183 169 66.8896
186 169 40.1606
229 169 66.8896
238 169 66.8896
269 169 66.8896
365 169 28.6944
610 169 15.456
88 170 28.6944
101 170 5.74218
103 170 5.74218
105 170 5.74218
176 170 40.1606
180 170 40.1606
208 170 66.8896
258 170 200
269 170 66.8896
610 170 15.456
101 171 5.74218
154 171 40.1606
179 171 40.1606
180 171 40.1606
269 171 66.8896
366 171 28.6944
609 171 15.456
610 171 15.456
613 171 13.3958
101 172 5.74218
106 172 5.74218
118 172 5.74218
121 172 40.1606
179 172 40.1606
269 172 66.8896
609 172 15.456
610 172 15.456
17 173 28.6944
29 173 28.6944
101 173 5.74218
118 173 5.74218
119 173 40.1606
121 173 40.1606
158 173 40.1606
179 173 40.1606
609 173 15.456
610 173 15.456
15 174 28.6944
16 174 28.6944
29 174 28.6944
39 174 28.6944
121 174 40.1606
179 174 40.1606
610 174 15.456
635 174 66.8896
636 174 40.1606
15 175 28.6944
16 175 28.6944
103 175 5.74218
104 175 5.74218
114 175 6.09013
115 175 6.09013
116 175 5.74218
117 175 5.74218
121 175 40.1606
134 175 28.6944
175 175 40.1606
179 175 40.1606
610 175 15.456
103 176 5.74218
104 176 5.74218
116 176 5.74218
121 176 40.1606
133 176 28.6944
134 176 28.6944
137 176 22.3214
175 176 40.1606
179 176 40.1606
610 176 15.456
103 177 5.74218
104 177 5.74218
118 177 6.09013
121 177 40.1606
133 177 28.6944
134 177 28.6944
179 177 40.1606
610 177 15.456
103 178 5.74218
104 178 5.74218
118 178 5.74218
133 178 28.6944
134 178 28.6944
152 178 40.1606
157 178 40.1606
179 178 40.1606
529 178 28.6944
534 178 22.3214
537 178 18.2648
610 178 15.456
103 179 5.74218
104 179 5.74218
118 179 5.74218
157 179 40.1606
179 179 40.1606
526 179 40.1606
527 179 40.1606
529 179 28.6944
530 179 28.6944
531 179 28.6944
533 179 28.6944
534 179 22.3214
631 179 200
634 179 66.8896
635 179 66.8896
90 180 28.6944
103 180 5.74218
104 180 5.74218
118 180 5.74218
121 180 40.1606
179 180 40.1606
242 180 66.8896
523 180 66.8896
526 180 40.1606
527 180 40.1606
532 180 28.6944
103 181 5.74218
104 181 5.74218
118 181 5.74218
121 181 40.1606
166 181 200
174 181 40.1606
179 181 40.1606
242 181 66.8896
520 181 200
523 181 66.8896
527 181 40.1606
531 181 28.6944
532 181 28.6944
533 181 28.6944
534 181 22.3214
535 181 22.3214
537 181 18.2648
538 181 18.2648
103 182 5.74218
104 182 5.74218
118 182 5.74218
121 182 40.1606
159 182 66.8896
166 182 200
179 182 40.1606
242 182 66.8896
263 182 66.8896
527 182 40.1606
528 182 40.1606
529 182 40.1606
628 182 200
631 182 200
635 182 66.8896
102 183 5.74218
103 183 5.74218
104 183 5.74218
118 183 5.74218
121 183 40.1606
134 183 28.6944
145 183 66.8896
163 183 200
179 183 40.1606
263 183 66.8896
524 183 66.8896
102 184 5.74218
103 184 5.74218
104 184 5.74218
118 184 5.74218
121 184 40.1606
179 184 40.1606
180 184 40.1606
242 184 66.8896
263 184 66.8896
103 185 5.74218
104 185 5.74218
118 185 5.74218
153 185 66.8896
180 185 40.1606
193 185 66.8896
242 185 66.8896
263 185 66.8896
527 185 40.1606
529 185 28.6944
532 185 22.3214
534 185 22.3214
537 185 18.2648
609 185 15.456
20 186 40.1606
92 186 28.6944
103 186 5.74218
104 186 5.74218
118 186 5.74218
180 186 40.1606
242 186 66.8896
263 186 66.8896
526 186 40.1606
527 186 40.1606
529 186 40.1606
534 186 22.3214
537 186 18.2648
609 186 15.456
20 187 40.1606
21 187 40.1606
102 187 5.74218
103 187 5.74218
118 187 5.74218
181 187 40.1606
242 187 66.8896
523 187 200
526 187 40.1606
527 187 40.1606
529 187 40.1606
530 187 28.6944
532 187 28.6944
533 187 22.3214
534 187 22.3214
537 187 18.2648
540 187 15.456
609 187 15.456
102 188 5.74218
103 188 5.74218
104 188 5.74218
118 188 5.74218
181 188 40.1606
242 188 66.8896
263 188 66.8896
527 188 40.1606
532 188 28.6944
534 188 22.3214
537 188 18.2648
102 189 5.74218
103 189 5.74218
118 189 5.74218
263 189 66.8896
521 189 200
526 189 40.1606
527 189 40.1606
528 189 40.1606
530 189 28.6944
531 189 28.6944
532 189 28.6944
534 189 22.3214
537 189 18.2648
102 190 5.74218
103 190 5.74218
118 190 5.74218
182 190 40.1606
263 190 66.8896
273 190 66.8896
521 190 200
523 190 200
524 190 40.1606
526 190 40.1606
527 190 40.1606
529 190 28.6944
530 190 28.6944
531 190 28.6944
534 190 22.3214
95 191 28.6944
102 191 5.74218
103 191 5.74218
118 191 5.74218
181 191 40.1606
263 191 66.8896
273 191 66.8896
521 191 200
524 191 40.1606
526 191 40.1606
527 191 40.1606
529 191 28.6944
530 191 28.6944
531 191 28.6944
533 191 28.6944
102 192 5.74218
103 192 5.74218
118 192 5.74218
181 192 40.1606
192 192 66.8896
273 192 66.8896
526 192 40.1606
529 192 28.6944
530 192 28.6944
15 193 28.6944
95 193 28.6944
102 193 5.74218
103 193 5.74218
118 193 5.74218
126 193 40.1606
173 193 40.1606
95 194 28.6944
102 194 5.74218
103 194 5.74218
118 194 5.74218
126 194 40.1606
178 194 40.1606
179 194 40.1606
102 195 5.74218
103 195 5.74218
118 195 5.74218
178 195 40.1606
189 195 66.8896
289 195 200
102 196 5.74218
103 196 5.74218
118 196 5.74218
126 196 40.1606
178 196 40.1606
189 196 66.8896
483 196 66.8896
501 196 40.1606
75 197 40.1606
102 197 5.74218
103 197 5.74218
118 197 5.74218
126 197 40.1606
177 197 40.1606
178 197 40.1606
189 197 66.8896
498 197 40.1606
501 197 28.6944
505 197 22.3214
610 197 15.456
102 198 5.74218
103 198 5.74218
118 198 5.74218
126 198 40.1606
173 198 40.1606
177 198 40.1606
178 198 40.1606
492 198 200
493 198 200
494 198 200
496 198 40.1606
497 198 40.1606
498 198 40.1606
501 198 28.6944
502 198 28.6944
503 198 28.6944
505 198 22.3214
506 198 22.3214
508 198 18.2648
511 198 15.456
102 199 5.74218
103 199 5.74218
118 199 5.74218
126 199 40.1606
134 199 28.6944
177 199 40.1606
178 199 40.1606
492 199 200
493 199 200
496 199 40.1606
497 199 40.1606
498 199 40.1606
500 199 28.6944
501 199 28.6944
502 199 28.6944
504 199 28.6944
505 199 22.3214
508 199 18.2648
4 200 40.1606
5 200 40.1606
89 200 28.6944
102 200 5.74218
103 200 5.74218
118 200 5.74218
126 200 40.1606
134 200 28.6944
177 200 40.1606
178 200 40.1606
238 200 66.8896
378 200 200
492 200 200
493 200 200
496 200 40.1606
497 200 40.1606
498 200 40.1606
501 200 28.6944
502 200 28.6944
102 201 5.74218
103 201 5.74218
117 201 5.74218
118 201 5.74218
126 201 40.1606
172 201 40.1606
177 201 40.1606
219 201 66.8896
238 201 66.8896
258 201 66.8896
259 201 66.8896
368 201 18.2648
379 201 200
496 201 40.1606
498 201 40.1606
501 201 28.6944
502 201 28.6944
102 202 5.74218
103 202 5.74218
117 202 5.74218
118 202 5.74218
172 202 40.1606
177 202 40.1606
191 202 66.8896
219 202 66.8896
288 202 66.8896
64 203 28.6944
103 203 5.74218
117 203 5.74218
118 203 5.74218
172 203 40.1606
177 203 40.1606
191 203 66.8896
219 203 66.8896
238 203 66.8896
258 203 66.8896
288 203 66.8896
64 204 28.6944
70 204 28.6944
96 204 28.6944
103 204 5.74218
117 204 5.74218
118 204 5.74218
172 204 40.1606
177 204 40.1606
219 204 66.8896
238 204 66.8896
258 204 66.8896
54 205 40.1606
64 205 28.6944
83 205 28.6944
102 205 5.74218
103 205 5.74218
118 205 5.74218
172 205 40.1606
177 205 40.1606
191 205 66.8896
219 205 66.8896
238 205 66.8896
258 205 66.8896
64 206 28.6944
83 206 28.6944
84 206 28.6944
85 206 28.6944
88 206 66.8896
89 206 66.8896
102 206 5.74218
103 206 5.74218
117 206 5.74218
118 206 5.74218
172 206 40.1606
177 206 40.1606
191 206 66.8896
219 206 66.8896
258 206 66.8896
381 206 200
84 207 28.6944
102 207 5.74218
103 207 5.74218
117 207 5.74218
118 207 5.74218
172 207 40.1606
177 207 40.1606
219 207 66.8896
258 207 66.8896
15 208 28.6944
102 208 5.74218
103 208 5.74218
117 208 5.74218
172 208 40.1606
177 208 40.1606
190 208 66.8896
219 208 66.8896
258 208 66.8896
102 209 5.74218
103 209 5.74218
117 209 5.74218
118 209 5.74218
172 209 40.1606
177 209 40.1606
190 209 66.8896
219 209 66.8896
258 209 66.8896
266 209 66.8896
103 210 5.74218
117 210 5.74218
172 210 40.1606
177 210 40.1606
189 210 66.8896
219 210 66.8896
628 210 40.1606
11 211 28.6944
13 211 28.6944
103 211 5.74218
117 211 5.74218
172 211 40.1606
177 211 40.1606
189 211 66.8896
272 211 66.8896
47 212 28.6944
103 212 5.74218
117 212 5.74218
172 212 40.1606
177 212 40.1606
189 212 66.8896
190 212 66.8896
102 213 5.74218
103 213 5.74218
117 213 5.74218
172 213 40.1606
177 213 40.1606
190 213 66.8896
341 213 6.48298
11 214 28.6944
102 214 5.74218
103 214 5.74218
117 214 5.74218
172 214 40.1606
177 214 40.1606
190 214 66.8896
341 214 6.48298
102 215 5.74218
103 215 5.74218
117 215 5.74218
172 215 40.1606
177 215 40.1606
189 215 66.8896
341 215 6.48298
102 216 5.74218
103 216 5.74218
177 216 40.1606
341 216 6.48298
102 217 5.74218
103 217 5.74218
177 217 40.1606
178 217 40.1606
341 217 6.48298
384 217 66.8896
59 218 28.6944
102 218 5.74218
117 218 5.74218
177 218 40.1606
178 218 40.1606
384 218 66.8896
42 219 40.1606
59 219 28.6944
89 219 28.6944
96 219 28.6944
102 219 5.74218
103 219 5.74218
117 219 5.74218
177 219 40.1606
178 219 40.1606
59 220 28.6944
96 220 28.6944
102 220 5.74218
117 220 5.74218
177 220 40.1606
178 220 40.1606
330 220 7.44324
383 220 66.8896
384 220 66.8896
419 220 200
58 221 28.6944
59 221 28.6944
102 221 5.74218
117 221 5.74218
178 221 40.1606
204 221 66.8896
383 221 66.8896
388 221 200
403 221 200
405 221 200
407 221 66.8896
419 221 200
58 222 28.6944
97 222 28.6944
102 222 5.74218
117 222 5.74218
172 222 40.1606
204 222 66.8896
252 222 66.8896
285 222 200
286 222 66.8896
288 222 40.1606
289 222 40.1606
290 222 40.1606
291 222 40.1606
292 222 40.1606
294 222 40.1606
403 222 200
406 222 66.8896
412 222 11.8203
57 223 28.6944
102 223 5.74218
117 223 5.74218
204 223 66.8896
252 223 66.8896
281 223 200
285 223 200
287 223 66.8896
288 223 40.1606
289 223 40.1606
290 223 40.1606
291 223 40.1606
292 223 40.1606
360 223 66.8896
361 223 66.8896
362 223 66.8896
363 223 66.8896
364 223 66.8896
366 223 40.1606
367 223 40.1606
372 223 66.8896
373 223 66.8896
374 223 66.8896
377 223 40.1606
8 224 40.1606
57 224 28.6944
102 224 5.74218
117 224 5.74218
177 224 40.1606
204 224 66.8896
252 224 66.8896
360 224 66.8896
361 224 66.8896
363 224 66.8896
364 224 66.8896
367 224 40.1606
372 224 66.8896
373 224 66.8896
374 224 66.8896
377 224 40.1606
392 224 15.456
8 225 40.1606
12 225 28.6944
18 225 40.1606
19 225 40.1606
25 225 40.1606
42 225 40.1606
56 225 28.6944
102 225 5.74218
135 225 66.8896
177 225 40.1606
204 225 66.8896
329 225 6.09013
361 225 66.8896
362 225 66.8896
372 225 66.8896
373 225 66.8896
374 225 66.8896
375 225 66.8896
376 225 40.1606
392 225 15.456
402 225 4.10172
8 226 40.1606
25 226 40.1606
32 226 40.1606
33 226 40.1606
42 226 40.1606
56 226 28.6944
101 226 5.74218
102 226 5.74218
117 226 5.74218
172 226 40.1606
177 226 40.1606
204 226 66.8896
328 226 6.09013
329 226 6.09013
335 226 5.43183
340 226 40.1606
395 226 13.3958
5 227 40.1606
20 227 40.1606
25 227 40.1606
42 227 40.1606
55 227 28.6944
102 227 5.74218
117 227 5.74218
177 227 40.1606
178 227 40.1606
204 227 66.8896
289 227 13.3958
290 227 13.3958
338 227 40.1606
5 228 40.1606
20 228 40.1606
25 228 40.1606
42 228 40.1606
55 228 28.6944
101 228 5.74218
102 228 5.74218
117 228 5.74218
384 228 66.8896
5 229 40.1606
20 229 40.1606
25 229 40.1606
28 229 40.1606
30 229 40.1606
42 229 40.1606
54 229 28.6944
101 229 5.74218
102 229 5.74218
117 229 5.74218
204 229 66.8896
302 229 200
303 229 200
310 229 15.456
311 229 66.8896
312 229 40.1606
314 229 40.1606
315 229 40.1606
383 229 66.8896
5 230 40.1606
12 230 28.6944
20 230 40.1606
22 230 40.1606
25 230 40.1606
28 230 40.1606
42 230 40.1606
54 230 28.6944
101 230 5.74218
102 230 5.74218
117 230 5.74218
177 230 40.1606
178 230 40.1606
291 230 66.8896
292 230 66.8896
293 230 66.8896
294 230 66.8896
295 230 40.1606
296 230 40.1606
297 230 40.1606
298 230 40.1606
299 230 40.1606
301 230 200
307 230 15.456
308 230 15.456
310 230 13.3958
313 230 40.1606
314 230 40.1606
315 230 40.1606
317 230 40.1606
318 230 28.6944
339 230 8.03858
383 230 66.8896
613 230 11.8203
5 231 40.1606
12 231 28.6944
20 231 40.1606
22 231 40.1606
25 231 40.1606
28 231 40.1606
30 231 40.1606
42 231 40.1606
101 231 5.74218
102 231 5.74218
117 231 5.74218
178 231 40.1606
291 231 66.8896
292 231 66.8896
296 231 40.1606
297 231 40.1606
307 231 15.456
308 231 15.456
309 231 15.456
311 231 40.1606
312 231 40.1606
314 231 40.1606
341 231 5.74218
389 231 3.6543
613 231 11.8203
5 232 40.1606
20 232 40.1606
22 232 40.1606
28 232 40.1606
30 232 40.1606
42 232 40.1606
53 232 28.6944
101 232 5.74218
102 232 5.74218
117 232 5.74218
308 232 15.456
311 232 13.3958
312 232 40.1606
342 232 8.03858
5 233 40.1606
20 233 40.1606
22 233 40.1606
28 233 40.1606
30 233 40.1606
42 233 40.1606
101 233 5.74218
102 233 5.74218
116 233 5.74218
117 233 5.74218
626 233 11.8203
635 233 11.8203
5 234 40.1606
20 234 40.1606
22 234 40.1606
102 234 5.74218
116 234 5.74218
117 234 5.74218
295 234 10.5764
328 234 7.44324
621 234 11.8203
5 235 40.1606
98 235 28.6944
117 235 5.74218
90 236 28.6944
117 236 5.74218
102 237 5.74218
109 237 28.6944
102 238 5.74218
102 240 5.74218
101 241 5.74218
102 241 5.74218
117 241 5.74218
123 241 28.6944
101 242 5.74218
102 242 5.74218
101 243 5.74218
102 243 5.74218
101 244 5.74218
102 244 5.74218
619 244 11.8203
101 245 5.74218
102 245 5.74218
590 245 13.3958
101 246 5.74218
102 246 5.74218
117 246 5.74218
587 246 13.3958
592 246 13.3958
102 247 5.74218
117 247 5.74218
586 247 13.3958
117 248 5.74218
581 248 15.456
584 248 13.3958
585 248 13.3958
583 249 13.3958
584 249 13.3958
624 249 11.8203
580 250 15.456
583 250 13.3958
584 250 13.3958
623 250 11.8203
583 251 13.3958
117 252 5.74218
583 252 13.3958
117 253 5.74218
544 253 22.3214
545 253 22.3214
549 253 18.2648
117 254 5.74218
117 255 5.74218
594 255 13.3958
597 255 11.8203
598 255 11.8203
598 256 11.8203
545 258 18.2648
548 259 15.456
609 259 11.8203
116 262 5.74218
116 263 5.74218
117 263 5.74218
515 265 15.456
515 266 15.456
614 266 11.8203
515 267 15.456
608 267 11.8203
556 268 13.3958
515 269 15.456
116 270 5.74218
117 270 5.74218
515 270 15.456
116 272 5.74218
518 272 13.3958
70 273 13.3958
518 273 13.3958
584 273 11.8203
511 274 13.3958
518 274 13.3958
583 274 13.3958
587 274 11.8203
161 275 13.3958
162 275 13.3958
163 275 13.3958
164 275 13.3958
511 275 13.3958
518 275 13.3958
549 275 13.3958
586 275 11.8203
587 275 11.8203
590 275 10.5764
165 276 13.3958
166 276 13.3958
167 276 13.3958
168 276 13.3958
169 276 13.3958
518 276 13.3958
116 277 5.74218
170 277 13.3958
171 277 13.3958
172 277 13.3958
173 277 13.3958
174 278 13.3958
175 278 11.8203
176 278 11.8203
11 279 13.3958
12 279 13.3958
93 279 13.3958
94 279 13.3958
116 279 5.74218
177 279 11.8203
178 279 11.8203
179 279 11.8203
180 279 11.8203
93 280 13.3958
116 280 5.74218
522 280 11.8203
116 281 5.74218
246 281 10.5764
522 281 11.8203
116 282 5.74218
244 282 10.5764
522 282 11.8203
584 282 11.8203
587 282 11.8203
116 283 5.74218
217 283 10.5764
244 283 10.5764
523 283 11.8203
584 283 11.8203
587 283 11.8203
116 284 5.74218
587 284 11.8203
592 284 11.8203
593 284 11.8203
116 285 5.74218
596 285 11.8203
225 286 9.56938
237 286 9.56938
226 287 9.56938
235 287 9.56938
238 287 9.56938
596 287 11.8203
597 287 11.8203
598 287 11.8203
601 287 10.5764
234 288 9.56938
235 288 9.56938
236 288 9.56938
600 288 10.5764
601 288 10.5764
116 289 5.74218
236 289 9.56938
116 290 5.74218
229 290 9.56938
230 290 9.56938
116 291 5.74218
211 291 9.56938
230 291 9.56938
231 291 9.56938
530 291 10.5764
116 292 5.74218
596 292 11.8203
599 292 10.5764
600 292 10.5764
116 293 5.74218
599 293 10.5764
206 295 8.73744
207 295 8.73744
196 296 8.73744
203 296 8.73744
202 297 8.73744
182 298 8.03858
182 299 8.03858
193 299 8.73744
622 299 9.56938
184 300 8.03858
540 300 9.56938
6 302 9.56938
195 305 8.03858
196 305 8.03858
199 305 8.03858
107 306 5.74218
196 306 8.03858
197 306 8.03858
107 307 5.74218
192 307 8.03858
170 308 7.44324
219 309 8.03858
177 312 7.44324
167 314 7.44324
205 314 7.44324
155 315 7.44324
115 316 5.74218
182 316 7.44324
183 316 7.44324
115 317 5.74218
159 317 6.93001
180 317 7.44324
180 318 7.44324
181 318 7.44324
147 319 6.93001
190 319 7.44324
142 320 6.93001
147 320 6.93001
160 320 6.93001
114 322 5.74218
147 322 6.93001
114 323 5.74218
115 323 5.74218
116 323 5.74218
142 323 6.48298
167 323 6.93001
172 323 6.93001
98 324 5.74218
172 324 6.93001
173 324 6.93001
98 325 5.74218
141 325 6.48298
142 325 6.48298
572 326 7.44324
573 326 7.44324
149 327 6.48298
153 327 6.48298
28 328 7.44324
119 328 6.48298
141 328 6.48298
565 328 8.73744
140 329 6.48298
141 329 6.48298
142 329 6.48298
153 329 6.48298
570 329 7.44324
141 330 6.48298
147 330 6.48298
305 330 6.93001
306 330 6.93001
575 330 7.44324
576 330 7.44324
577 330 7.44324
148 331 6.48298
149 331 6.48298
198 331 6.93001
570 331 7.44324
571 331 7.44324
572 331 7.44324
573 331 7.44324
574 331 7.44324
575 331 7.44324
576 331 7.44324
577 331 7.44324
580 331 6.93001
581 331 6.93001
582 331 6.93001
145 332 6.48298
146 332 6.48298
150 332 6.48298
198 332 6.93001
199 332 6.93001
575 332 7.44324
576 332 7.44324
577 332 7.44324
578 332 6.93001
579 332 6.93001
580 332 6.93001
581 332 6.93001
582 332 6.93001
583 332 6.48298
584 332 6.48298
583 333 6.48298
585 333 6.48298
586 333 6.09013
124 334 6.48298
125 334 6.48298
126 334 6.48298
200 334 6.93001
118 335 6.09013
124 335 6.48298
196 335 6.93001
197 335 6.93001
118 336 6.09013
184 336 6.48298
197 336 6.93001
198 336 6.93001
119 337 6.09013
159 337 6.09013
183 337 6.48298
184 337 6.48298
184 338 6.48298
185 338 6.48298
187 338 6.09013
188 338 6.09013
119 339 6.09013
120 339 6.09013
145 339 6.09013
119 340 6.09013
130 340 6.09013
142 340 6.09013
584 340 6.48298
98 341 5.74218
142 341 6.09013
98 342 5.74218
142 342 6.09013
143 342 6.09013
144 342 6.09013
181 342 6.48298
182 342 6.48298
98 343 5.74218
154 343 6.09013
118 344 5.74218
154 344 6.09013
118 345 5.74218
119 345 5.74218
345 345 6.48298
346 345 6.48298
96 346 5.74218
151 346 5.74218
152 346 5.74218
153 346 5.74218
347 346 6.09013
348 346 6.09013
76 347 5.74218
96 347 5.74218
97 347 5.74218
98 347 5.74218
152 347 5.74218
153 347 5.74218
253 347 6.09013
412 347 6.09013
604 347 6.09013
93 348 5.74218
98 348 5.74218
146 348 5.74218
147 348 5.74218
148 348 5.74218
347 348 6.09013
73 349 5.74218
150 349 5.74218
195 349 6.09013
451 349 6.09013
74 350 5.74218
193 350 6.09013
196 350 6.09013
197 350 6.09013
192 351 6.09013
194 351 6.09013
145 352 5.74218
146 352 5.74218
170 352 6.09013
194 352 6.09013
195 352 6.09013
121 353 5.43183
146 353 5.74218
168 353 6.09013
169 353 6.09013
170 353 5.74218
195 353 6.09013
109 354 5.43183
169 354 6.09013
170 354 5.74218
171 354 5.74218
172 354 5.74218
173 354 5.74218
76 355 5.43183
104 355 5.43183
106 355 5.43183
122 355 5.43183
140 355 5.43183
142 355 5.43183
172 355 5.74218
173 355 5.74218
105 356 5.43183
106 356 5.43183
139 356 5.43183
141 356 5.43183
142 356 5.43183
143 356 5.43183
275 356 5.74218
139 357 5.43183
143 357 5.43183
138 358 5.43183
139 358 5.43183
140 358 5.43183
211 358 5.74218
273 358 5.74218
138 359 5.43183
139 359 5.43183
140 359 5.43183
146 359 5.43183
147 359 5.43183
188 359 5.74218
189 359 5.74218
278 359 5.74218
279 359 5.74218
187 360 5.74218
189 360 5.74218
190 360 5.74218
185 361 5.74218
190 361 5.74218
191 361 5.74218
43 362 5.15331
147 362 5.43183
185 362 5.74218
276 362 5.74218
44 363 5.15331
160 363 5.74218
161 363 5.74218
185 363 5.43183
185 364 5.43183
186 364 5.43183
187 364 5.43183
190 364 5.43183
104 365 6.48298
123 365 5.15331
124 365 5.15331
185 365 5.43183
186 365 5.43183
187 365 5.43183
188 365 5.43183
68 366 4.90196
84 366 5.15331
85 366 5.15331
86 366 5.15331
262 366 5.43183
69 368 4.67399
130 368 5.15331
31 369 4.90196
32 369 4.90196
49 369 4.90196
50 369 4.90196
69 369 4.67399
125 369 5.15331
215 369 5.43183
216 369 5.43183
283 369 5.43183
284 369 5.43183
98 370 6.09013
107 370 4.90196
108 370 4.90196
124 370 5.15331
126 370 5.15331
128 370 5.15331
129 370 5.15331
47 371 4.90196
78 371 4.90196
105 371 4.90196
108 371 4.90196
48 372 4.90196
49 372 4.90196
102 372 5.43183
105 372 4.90196
106 372 4.90196
109 372 4.90196
106 373 4.90196
110 373 4.90196
247 373 5.43183
42 374 4.90196
55 374 4.67399
83 374 5.43183
100 374 5.43183
107 374 4.90196
108 374 4.90196
248 374 5.43183
249 374 5.43183
42 375 4.90196
43 375 4.90196
61 375 4.67399
73 375 4.67399
108 375 4.90196
249 375 5.43183
38 376 4.67399
88 376 4.67399
89 376 4.67399
96 376 4.67399
104 376 4.67399
38 377 4.67399
62 377 4.67399
77 377 4.67399
78 377 4.67399
79 377 4.67399
93 377 4.67399
95 377 4.67399
96 377 4.67399
117 377 4.90196
118 377 4.90196
244 377 5.15331
79 378 4.67399
80 378 4.67399
85 378 4.67399
105 378 4.67399
75 379 4.67399
76 379 4.67399
83 379 4.67399
90 379 4.67399
91 379 4.67399
93 379 4.67399
143 379 5.15331
235 379 5.15331
245 379 5.15331
58 380 4.67399
73 380 4.67399
75 380 4.67399
76 380 4.67399
77 380 4.67399
143 380 5.15331
144 380 5.15331
145 380 5.15331
245 380 5.15331
360 380 5.15331
58 381 4.67399
69 381 4.67399
363 381 4.90196
54 382 4.67399
59 382 4.67399
70 382 4.67399
95 382 4.67399
141 382 5.15331
50 383 4.46628
54 383 4.67399
71 383 4.67399
144 383 4.90196
373 384 4.90196
73 385 4.67399
80 385 4.46628
81 385 4.46628
319 385 4.90196
66 386 4.46628
136 386 4.90196
137 386 4.90196
242 387 4.90196
243 387 4.90196
28 388 4.46628
61 388 4.46628
29 389 4.46628
44 389 4.27625
45 389 4.27625
28 390 4.46628
29 390 4.27625
30 390 4.27625
31 390 4.27625
45 390 4.27625
46 390 4.27625
100 390 4.46628
101 390 4.46628
353 390 4.67399
16 391 4.27625
30 391 4.27625
31 391 4.27625
45 391 4.27625
101 391 4.46628
345 391 4.67399
14 392 4.27625
16 392 4.27625
31 392 4.27625
32 392 4.27625
44 392 4.27625
45 392 4.27625
51 392 4.27625
71 392 4.27625
15 393 4.27625
101 393 4.46628
66 394 4.27625
253 394 4.67399
66 395 4.27625
67 395 4.27625
82 395 4.27625
89 395 4.27625
19 396 4.10172
48 396 4.27625
90 396 4.27625
16 397 4.10172
60 397 4.27625
91 397 4.27625
126 397 4.90196
129 397 4.46628
130 397 4.46628
16 398 4.10172
84 398 4.27625
101 398 4.46628
130 398 4.46628
131 398 4.46628
132 398 4.46628
290 398 4.46628
85 399 4.27625
86 399 4.27625
127 399 4.67399
291 399 4.46628
292 399 4.46628
87 400 4.27625
88 400 4.27625
28 401 4.10172
88 401 4.27625
102 401 4.27625
338 401 4.46628
29 402 4.10172
30 402 4.10172
56 402 4.10172
70 402 4.10172
103 402 4.27625
104 402 4.27625
338 402 4.46628
12 403 3.94089
70 403 4.10172
71 403 4.10172
73 403 4.10172
104 403 4.27625
24 404 4.10172
69 404 4.10172
70 404 4.10172
71 404 4.10172
101 404 4.27625
118 404 4.46628
210 404 4.46628
211 404 4.46628
237 404 4.46628
335 404 4.46628
336 404 4.46628
70 405 4.10172
84 405 4.10172
381 405 4.46628
4 406 3.94089
84 406 4.10172
106 406 4.10172
107 406 4.10172
83 407 4.10172
84 407 4.10172
95 407 4.10172
98 407 4.10172
107 407 4.10172
174 407 4.46628
54 408 3.94089
55 408 3.94089
57 408 4.10172
87 408 4.10172
88 408 4.10172
99 408 4.10172
112 408 4.27625
117 408 4.27625
244 408 4.46628
23 409 4.27625
24 409 4.27625
25 409 4.27625
54 409 3.94089
59 409 4.10172
88 409 4.10172
89 409 4.10172
112 409 4.27625
115 409 4.27625
245 409 4.27625
246 409 4.27625
291 409 4.27625
27 410 3.94089
39 410 3.94089
54 410 3.94089
181 410 4.27625
242 410 4.27625
17 411 4.10172
18 411 4.10172
20 411 4.10172
21 411 4.10172
22 411 4.10172
23 411 4.10172
27 411 3.94089
63 411 3.94089
84 411 3.94089
101 411 4.10172
108 411 4.27625
109 411 4.27625
113 411 4.27625
223 411 4.27625
232 411 4.27625
268 411 4.27625
269 411 4.27625
10 412 3.79219
61 412 4.10172
64 412 3.94089
65 412 3.94089
71 412 3.94089
76 412 3.94089
84 412 3.94089
85 412 3.94089
99 412 4.10172
108 412 4.27625
109 412 4.27625
110 412 4.27625
111 412 4.27625
112 412 4.27625
172 412 4.27625
174 412 4.27625
179 412 4.27625
180 412 4.27625
181 412 4.27625
182 412 4.27625
183 412 4.27625
242 412 4.27625
243 412 4.27625
244 412 4.27625
245 412 4.27625
325 412 4.27625
392 412 4.27625
22 413 3.94089
23 413 3.94089
65 413 3.94089
76 413 3.94089
77 413 3.94089
82 413 3.94089
101 413 4.10172
172 413 4.27625
173 413 4.27625
18 414 3.79219
22 414 3.79219
23 414 3.79219
77 414 3.94089
83 414 3.94089
178 414 4.27625
179 414 4.27625
180 414 4.27625
504 414 4.27625
505 414 4.27625
23 415 3.79219
35 415 3.94089
62 415 3.94089
102 415 4.10172
179 415 4.27625
180 415 4.27625
181 415 4.27625
507 415 4.27625
35 416 3.79219
64 416 3.94089
85 416 3.94089
181 416 4.27625
182 416 4.10172
15 417 3.79219
35 417 3.79219
55 417 3.94089
56 417 3.94089
69 417 3.94089
70 417 3.94089
85 417 3.94089
86 417 3.94089
34 418 3.79219
35 418 3.79219
67 418 3.79219
68 418 3.79219
69 418 3.79219
70 418 3.94089
85 418 3.94089
86 418 3.94089
117 418 4.10172
118 418 4.10172
119 418 4.10172
561 418 4.27625
36 419 3.79219
50 419 3.79219
67 419 3.79219
68 419 3.79219
82 419 3.94089
565 419 4.10172
37 420 3.79219
51 420 3.79219
67 420 3.79219
82 420 3.94089
114 420 4.10172
115 420 4.10172
564 420 4.10172
565 420 4.10172
566 420 4.10172
49 421 3.79219
51 421 3.79219
49 422 3.79219
249 422 4.10172
250 422 4.10172
298 422 4.10172
72 424 3.79219
73 424 3.79219
74 424 3.79219
57 425 3.79219
58 425 3.79219
459 425 3.94089
58 426 3.79219
311 426 3.94089
64 427 3.79219
65 427 3.79219
66 427 3.79219
67 427 3.79219
68 427 3.79219
70 427 3.79219
95 427 3.94089
96 427 3.94089
225 427 3.94089
67 428 3.79219
92 428 3.94089
93 428 3.94089
96 428 3.94089
309 428 3.94089
346 428 3.94089
347 428 3.94089
24 429 3.6543
92 429 3.94089
93 429 3.94089
236 429 3.94089
31 430 3.6543
92 430 3.94089
93 430 3.94089
94 430 3.94089
95 430 3.94089
225 430 3.94089
226 430 3.94089
235 430 3.94089
389 430 3.94089
390 430 3.94089
614 430 3.94089
615 430 3.94089
12 431 3.52609
36 431 3.52609
55 431 3.6543
60 431 3.6543
94 431 3.94089
226 431 3.94089
227 431 3.94089
392 431 3.94089
3 432 3.6543
36 432 3.52609
237 432 3.94089
4 433 3.6543
36 433 3.52609
52 433 3.6543
56 433 3.6543
57 433 3.6543
204 433 3.94089
233 433 3.94089
237 433 3.94089
238 433 3.94089
379 433 3.79219
380 433 3.79219
3 434 3.52609
6 434 3.6543
32 434 3.52609
53 434 3.6543
54 434 3.6543
234 434 3.94089
239 434 3.94089
240 434 3.79219
268 434 3.79219
269 434 3.79219
501 434 3.79219
3 435 3.52609
4 435 3.52609
21 435 3.52609
31 435 3.52609
32 435 3.52609
33 435 3.52609
55 435 3.6543
140 435 3.79219
141 435 3.79219
245 435 3.79219
7 436 3.52609
138 436 3.79219
190 436 3.79219
191 436 3.79219
199 436 3.79219
229 436 3.79219
502 436 3.79219
39 437 3.52609
52 437 3.52609
137 437 3.79219
138 437 3.79219
139 437 3.79219
474 437 3.79219
632 437 3.79219
633 437 3.79219
6 438 3.52609
52 438 3.52609
53 438 3.52609
188 438 3.79219
215 438 3.79219
227 438 3.79219
228 438 3.79219
229 438 3.79219
544 438 3.79219
44 439 3.52609
36 440 3.52609
78 440 3.94089
45 441 3.52609
77 441 3.94089
78 441 3.94089
226 441 3.79219
233 441 3.79219
35 442 3.52609
78 442 3.6543
82 442 3.6543
170 442 3.79219
482 442 3.6543
76 443 3.6543
80 443 3.6543
224 443 3.79219
29 444 3.40657
30 444 3.40657
74 444 3.6543
76 444 3.6543
79 444 3.6543
80 444 3.6543
608 444 3.6543
29 445 3.40657
30 445 3.40657
74 445 3.6543
75 445 3.6543
369 445 3.6543
622 445 3.6543
623 445 3.6543
30 446 3.40657
53 446 3.40657
79 446 3.6543
30 447 3.40657
52 447 3.40657
78 447 3.40657
209 447 3.6543
210 447 3.6543
211 447 3.6543
224 447 3.6543
225 447 3.6543
226 447 3.6543
625 447 3.6543
626 447 3.6543
627 447 3.6543
53 448 3.40657
77 448 3.40657
272 448 3.6543
273 448 3.6543
274 448 3.6543
368 448 3.6543
402 448 3.6543
194 449 3.6543
195 449 3.6543
223 449 3.6543
250 449 3.6543
50 450 3.40657
185 450 3.6543
225 450 3.6543
50 451 3.40657
51 451 3.40657
121 451 3.52609
186 451 3.52609
607 451 3.6543
610 451 3.52609
42 452 3.40657
51 452 3.40657
440 452 3.52609
560 452 3.52609
613 452 3.52609
46 453 3.40657
47 453 3.40657
120 453 3.52609
121 453 3.52609
126 453 3.52609
178 453 3.6543
184 453 3.52609
205 453 3.52609
208 453 3.52609
209 453 3.52609
227 453 3.52609
238 453 3.52609
558 453 3.52609
559 453 3.52609
611 453 3.52609
46 454 3.40657
48 454 3.40657
120 454 3.52609
121 454 3.52609
201 454 3.52609
227 454 3.52609
238 454 3.52609
249 454 3.52609
250 454 3.52609
251 454 3.52609
258 454 3.52609
406 454 3.52609
407 454 3.52609
548 454 3.52609
49 455 3.40657
201 455 3.52609
238 455 3.52609
290 455 3.52609
404 455 3.52609
561 455 3.52609
49 456 3.29489
63 456 3.52609
64 456 3.52609
569 456 3.52609
65 457 3.52609
576 457 3.52609
65 458 3.52609
66 458 3.52609
180 458 3.52609
181 458 3.52609
577 458 3.52609
578 458 3.52609
12 459 3.1903
580 459 3.52609
204 460 3.40657
90 461 3.40657
205 461 3.40657
206 461 3.40657
70 462 3.40657
205 462 3.40657
206 462 3.40657
333 462 3.40657
334 462 3.40657
481 462 3.40657
557 462 3.40657
232 463 3.40657
233 463 3.40657
349 463 3.40657
350 463 3.40657
373 463 3.40657
374 463 3.40657
449 463 3.40657
65 464 3.40657
66 464 3.40657
67 464 3.29489
539 464 3.40657
578 464 3.40657
55 465 3.52609
58 465 3.40657
59 465 3.40657
68 465 3.29489
298 465 3.40657
579 465 3.40657
52 466 3.40657
67 466 3.29489
68 466 3.29489
69 466 3.29489
520 466 3.40657
56 467 3.40657
59 467 3.40657
523 467 3.29489
53 468 3.40657
57 468 3.29489
522 468 3.29489
523 468 3.29489
169 469 3.29489
190 470 3.29489
191 470 3.29489
386 470 3.40657
520 470 3.29489
524 470 3.29489
161 471 3.29489
389 471 3.29489
424 471 3.29489
456 471 3.29489
457 471 3.29489
525 471 3.29489
297 472 3.29489
298 472 3.29489
339 472 3.29489
423 472 3.29489
424 472 3.29489
587 472 3.29489
157 473 3.29489
158 473 3.29489
159 473 3.29489
586 473 3.29489
587 473 3.29489
567 476 3.29489
