67 3 4.90196
82 3 4.90196
83 3 4.90196
90 3 28.6944
312 3 28.6944
313 3 28.6944
589 3 15.456
601 3 18.2648
602 3 18.2648
603 3 18.2648
610 3 15.456
611 3 15.456
615 3 13.3958
618 3 13.3958
67 4 4.90196
82 4 4.90196
83 4 4.90196
90 4 28.6944
262 4 22.3214
311 4 28.6944
312 4 28.6944
353 4 18.2648
570 4 15.456
604 4 13.3958
611 4 15.456
616 4 15.456
618 4 15.456
67 5 4.90196
82 5 4.90196
83 5 4.90196
90 5 28.6944
338 5 28.6944
366 5 18.2648
367 5 18.2648
411 5 28.6944
581 5 15.456
608 5 15.456
616 5 15.456
67 6 4.90196
75 6 28.6944
82 6 4.90196
83 6 4.90196
89 6 28.6944
90 6 28.6944
327 6 18.2648
409 6 28.6944
497 6 22.3214
518 6 15.456
610 6 13.3958
611 6 13.3958
612 6 13.3958
616 6 13.3958
627 6 13.3958
67 7 4.90196
82 7 4.90196
83 7 4.90196
89 7 28.6944
309 7 28.6944
606 7 15.456
613 7 13.3958
614 7 13.3958
624 7 10.5764
627 7 13.3958
632 7 15.456
633 7 15.456
67 8 4.90196
81 8 4.90196
82 8 4.90196
87 8 28.6944
88 8 28.6944
89 8 28.6944
307 8 28.6944
308 8 28.6944
339 8 28.6944
340 8 28.6944
345 8 18.2648
365 8 22.3214
602 8 22.3214
603 8 22.3214
614 8 13.3958
615 8 13.3958
619 8 11.8203
620 8 11.8203
628 8 13.3958
633 8 15.456
66 9 4.90196
67 9 4.90196
81 9 4.90196
82 9 4.90196
86 9 28.6944
87 9 28.6944
307 9 28.6944
339 9 28.6944
365 9 22.3214
375 9 18.2648
386 9 18.2648
387 9 18.2648
523 9 13.3958
615 9 13.3958
616 9 13.3958
620 9 11.8203
621 9 11.8203
628 9 13.3958
629 9 13.3958
66 10 4.90196
67 10 4.90196
81 10 4.90196
82 10 4.90196
305 10 28.6944
306 10 28.6944
383 10 22.3214
413 10 28.6944
494 10 22.3214
495 10 22.3214
613 10 15.456
616 10 13.3958
617 10 13.3958
621 10 11.8203
66 11 4.90196
67 11 4.90196
74 11 28.6944
81 11 4.90196
82 11 4.90196
306 11 28.6944
381 11 22.3214
494 11 22.3214
514 11 22.3214
613 11 15.456
614 11 15.456
617 11 13.3958
618 11 13.3958
66 12 4.90196
67 12 4.90196
81 12 4.90196
82 12 4.90196
358 12 28.6944
412 12 28.6944
514 12 22.3214
613 12 15.456
614 12 15.456
618 12 13.3958
619 12 13.3958
628 12 13.3958
636 12 13.3958
637 12 13.3958
66 13 4.90196
67 13 4.90196
81 13 4.90196
82 13 4.90196
88 13 28.6944
89 13 28.6944
306 13 28.6944
334 13 22.3214
346 13 28.6944
358 13 28.6944
504 13 22.3214
613 13 15.456
614 13 15.456
615 13 15.456
619 13 13.3958
628 13 13.3958
633 13 15.456
66 14 4.90196
67 14 4.90196
81 14 4.90196
82 14 4.90196
87 14 28.6944
88 14 28.6944
491 14 22.3214
542 14 13.3958
615 14 15.456
616 14 15.456
619 14 13.3958
620 14 13.3958
630 14 13.3958
631 14 15.456
633 14 15.456
66 15 4.90196
67 15 4.90196
81 15 4.90196
82 15 4.90196
87 15 28.6944
346 15 18.2648
490 15 22.3214
491 15 22.3214
535 15 13.3958
615 15 15.456
616 15 15.456
620 15 13.3958
637 15 11.8203
66 16 4.90196
67 16 4.90196
81 16 4.90196
82 16 4.90196
343 16 28.6944
557 16 15.456
616 16 15.456
617 16 15.456
620 16 13.3958
629 16 13.3958
630 16 13.3958
631 16 13.3958
66 17 4.90196
67 17 4.90196
81 17 4.90196
82 17 4.90196
90 17 28.6944
284 17 22.3214
289 17 22.3214
347 17 18.2648
354 17 28.6944
557 17 15.456
616 17 15.456
617 17 15.456
620 17 13.3958
630 17 13.3958
66 18 4.90196
67 18 4.90196
81 18 4.90196
82 18 4.90196
87 18 28.6944
89 18 28.6944
291 18 22.3214
292 18 22.3214
341 18 28.6944
347 18 18.2648
350 18 15.456
353 18 28.6944
354 18 28.6944
368 18 22.3214
369 18 22.3214
409 18 28.6944
521 18 13.3958
530 18 13.3958
616 18 15.456
617 18 15.456
620 18 13.3958
621 18 13.3958
626 18 15.456
635 18 13.3958
636 18 13.3958
637 18 13.3958
66 19 4.90196
67 19 4.90196
81 19 4.90196
82 19 4.90196
87 19 28.6944
274 19 28.6944
275 19 22.3214
288 19 28.6944
341 19 28.6944
353 19 28.6944
366 19 22.3214
367 19 22.3214
368 19 22.3214
405 19 40.1606
408 19 28.6944
487 19 22.3214
517 19 15.456
521 19 13.3958
611 19 15.456
616 19 15.456
617 19 15.456
621 19 13.3958
622 19 13.3958
631 19 15.456
632 19 15.456
633 19 15.456
635 19 13.3958
66 20 4.90196
67 20 4.90196
81 20 4.90196
82 20 4.90196
88 20 28.6944
273 20 28.6944
366 20 22.3214
616 20 15.456
617 20 15.456
66 21 4.90196
67 21 4.90196
81 21 4.90196
82 21 4.90196
94 21 28.6944
267 21 28.6944
270 21 28.6944
271 21 28.6944
272 21 28.6944
311 21 22.3214
312 21 22.3214
352 21 28.6944
354 21 28.6944
366 21 22.3214
479 21 22.3214
617 21 15.456
620 21 13.3958
627 21 15.456
66 22 4.90196
77 22 28.6944
81 22 4.90196
82 22 4.90196
351 22 28.6944
354 22 22.3214
503 22 22.3214
612 22 18.2648
616 22 15.456
617 22 15.456
620 22 13.3958
627 22 15.456
630 22 13.3958
631 22 13.3958
66 23 4.90196
81 23 4.90196
82 23 4.90196
266 23 28.6944
351 23 28.6944
406 23 28.6944
410 23 22.3214
482 23 22.3214
483 23 22.3214
484 23 22.3214
505 23 22.3214
616 23 15.456
617 23 15.456
628 23 15.456
630 23 13.3958
66 24 4.90196
67 24 4.90196
81 24 4.90196
82 24 4.90196
99 24 28.6944
265 24 28.6944
350 24 28.6944
360 24 28.6944
365 24 22.3214
406 24 28.6944
480 24 22.3214
481 24 22.3214
617 24 15.456
66 25 4.90196
76 25 28.6944
77 25 28.6944
81 25 4.90196
82 25 4.90196
350 25 28.6944
405 25 28.6944
479 25 22.3214
613 25 18.2648
617 25 15.456
625 25 13.3958
66 26 4.90196
76 26 28.6944
81 26 4.90196
82 26 4.90196
88 26 28.6944
96 26 28.6944
349 26 28.6944
351 26 28.6944
478 26 22.3214
616 26 15.456
617 26 15.456
627 26 13.3958
635 26 13.3958
66 27 4.90196
75 27 28.6944
81 27 4.90196
82 27 4.90196
87 27 28.6944
88 27 28.6944
96 27 28.6944
100 27 28.6944
342 27 66.8896
346 27 40.1606
348 27 28.6944
405 27 28.6944
406 27 22.3214
477 27 22.3214
567 27 15.456
616 27 15.456
617 27 15.456
627 27 13.3958
66 28 4.90196
75 28 28.6944
81 28 5.15331
82 28 5.15331
96 28 28.6944
100 28 28.6944
310 28 28.6944
348 28 28.6944
403 28 28.6944
475 28 22.3214
476 28 22.3214
567 28 15.456
617 28 15.456
632 28 15.456
635 28 13.3958
66 29 4.90196
81 29 5.15331
82 29 5.15331
96 29 28.6944
310 29 28.6944
345 29 40.1606
403 29 28.6944
534 29 15.456
537 29 13.3958
607 29 28.6944
631 29 15.456
632 29 15.456
635 29 13.3958
636 29 13.3958
637 29 13.3958
66 30 4.90196
81 30 4.90196
82 30 4.90196
86 30 28.6944
87 30 28.6944
95 30 28.6944
96 30 28.6944
345 30 40.1606
463 30 22.3214
473 30 22.3214
632 30 15.456
633 30 15.456
637 30 13.3958
66 31 4.90196
81 31 4.90196
82 31 4.90196
86 31 28.6944
95 31 28.6944
100 31 28.6944
348 31 200
350 31 200
471 31 22.3214
472 31 22.3214
473 31 22.3214
620 31 13.3958
633 31 15.456
637 31 13.3958
66 32 4.90196
81 32 4.90196
95 32 28.6944
100 32 28.6944
315 32 22.3214
345 32 40.1606
350 32 200
401 32 28.6944
470 32 22.3214
471 32 22.3214
620 32 13.3958
633 32 15.456
634 32 15.456
66 33 4.90196
77 33 28.6944
78 33 28.6944
81 33 4.90196
95 33 28.6944
99 33 28.6944
315 33 22.3214
400 33 28.6944
469 33 22.3214
609 33 15.456
617 33 15.456
620 33 13.3958
634 33 15.456
66 34 4.90196
77 34 28.6944
78 34 28.6944
81 34 4.90196
99 34 28.6944
609 34 15.456
614 34 15.456
617 34 15.456
636 34 15.456
66 35 4.90196
81 35 4.90196
82 35 4.90196
99 35 28.6944
345 35 28.6944
365 35 22.3214
463 35 22.3214
593 35 200
617 35 15.456
637 35 15.456
66 36 4.90196
72 36 28.6944
81 36 4.90196
89 36 200
94 36 66.8896
99 36 28.6944
365 36 22.3214
379 36 28.6944
456 36 200
616 36 15.456
617 36 15.456
620 36 13.3958
626 36 11.8203
65 37 4.90196
66 37 4.90196
78 37 28.6944
81 37 4.90196
99 37 28.6944
378 37 28.6944
379 37 28.6944
397 37 28.6944
484 37 22.3214
492 37 22.3214
493 37 22.3214
545 37 15.456
617 37 15.456
65 38 4.90196
66 38 4.90196
75 38 40.1606
78 38 28.6944
81 38 4.90196
99 38 28.6944
348 38 22.3214
362 38 11.8203
396 38 28.6944
464 38 22.3214
465 38 22.3214
466 38 22.3214
478 38 28.6944
488 38 28.6944
613 38 18.2648
617 38 15.456
620 38 13.3958
65 39 4.90196
66 39 4.90196
81 39 4.90196
82 39 4.90196
338 39 22.3214
345 39 28.6944
348 39 22.3214
350 39 22.3214
351 39 22.3214
463 39 22.3214
464 39 22.3214
613 39 18.2648
617 39 15.456
620 39 13.3958
65 40 4.90196
66 40 4.90196
81 40 4.90196
86 40 28.6944
100 40 28.6944
338 40 22.3214
348 40 28.6944
395 40 28.6944
461 40 22.3214
462 40 22.3214
551 40 15.456
589 40 13.3958
616 40 15.456
617 40 15.456
622 40 15.456
65 41 4.90196
66 41 4.90196
81 41 4.90196
82 41 4.90196
100 41 28.6944
347 41 28.6944
356 41 22.3214
357 41 22.3214
362 41 11.8203
394 41 28.6944
456 41 40.1606
459 41 28.6944
460 41 28.6944
530 41 18.2648
616 41 15.456
617 41 15.456
65 42 4.90196
66 42 4.90196
81 42 4.90196
82 42 4.90196
100 42 28.6944
104 42 28.6944
319 42 22.3214
347 42 28.6944
362 42 11.8203
393 42 28.6944
394 42 28.6944
455 42 40.1606
458 42 28.6944
616 42 15.456
617 42 15.456
622 42 15.456
65 43 4.90196
66 43 4.90196
81 43 4.90196
99 43 28.6944
103 43 28.6944
104 43 28.6944
318 43 22.3214
319 43 22.3214
347 43 28.6944
393 43 28.6944
599 43 15.456
600 43 15.456
608 43 13.3958
609 43 13.3958
611 43 13.3958
622 43 15.456
65 44 4.90196
66 44 4.90196
81 44 4.90196
99 44 28.6944
103 44 28.6944
377 44 28.6944
392 44 28.6944
456 44 28.6944
457 44 22.3214
609 44 13.3958
619 44 13.3958
622 44 15.456
65 45 4.90196
66 45 4.90196
81 45 4.90196
98 45 28.6944
99 45 28.6944
103 45 28.6944
317 45 22.3214
319 45 22.3214
346 45 28.6944
377 45 28.6944
454 45 28.6944
455 45 22.3214
606 45 15.456
609 45 13.3958
613 45 15.456
616 45 13.3958
619 45 13.3958
637 45 13.3958
65 46 4.90196
66 46 4.90196
81 46 4.90196
98 46 28.6944
102 46 28.6944
319 46 22.3214
342 46 40.1606
346 46 28.6944
376 46 28.6944
393 46 28.6944
452 46 28.6944
453 46 28.6944
613 46 15.456
620 46 13.3958
633 46 15.456
65 47 4.90196
66 47 4.90196
81 47 4.90196
101 47 28.6944
102 47 28.6944
346 47 28.6944
375 47 28.6944
376 47 28.6944
447 47 40.1606
451 47 22.3214
452 47 28.6944
633 47 15.456
635 47 15.456
65 48 4.90196
66 48 4.90196
81 48 4.90196
101 48 28.6944
347 48 28.6944
375 48 28.6944
390 48 28.6944
450 48 22.3214
451 48 22.3214
523 48 15.456
524 48 15.456
570 48 11.8203
614 48 15.456
616 48 15.456
620 48 13.3958
636 48 15.456
637 48 15.456
65 49 4.90196
66 49 4.90196
81 49 4.90196
100 49 28.6944
101 49 28.6944
372 49 40.1606
375 49 28.6944
449 49 22.3214
450 49 22.3214
524 49 15.456
525 49 15.456
529 49 13.3958
558 49 13.3958
559 49 13.3958
565 49 15.456
604 49 13.3958
616 49 15.456
620 49 13.3958
637 49 15.456
65 50 4.90196
66 50 4.90196
81 50 4.90196
100 50 28.6944
101 50 28.6944
372 50 40.1606
390 50 28.6944
443 50 40.1606
448 50 22.3214
449 50 22.3214
550 50 15.456
552 50 15.456
553 50 15.456
561 50 15.456
562 50 15.456
563 50 15.456
574 50 13.3958
575 50 13.3958
604 50 13.3958
605 50 13.3958
616 50 15.456
620 50 13.3958
637 50 15.456
65 51 4.90196
66 51 4.90196
70 51 6.09013
81 51 4.90196
100 51 28.6944
101 51 28.6944
311 51 66.8896
315 51 28.6944
347 51 28.6944
371 51 40.1606
374 51 40.1606
388 51 28.6944
401 51 40.1606
442 51 40.1606
547 51 18.2648
549 51 18.2648
552 51 15.456
568 51 15.456
569 51 15.456
570 51 15.456
571 51 15.456
575 51 13.3958
576 51 13.3958
605 51 13.3958
616 51 15.456
620 51 13.3958
65 52 4.90196
66 52 4.90196
77 52 28.6944
80 52 4.90196
81 52 4.90196
100 52 28.6944
315 52 28.6944
347 52 28.6944
387 52 28.6944
441 52 40.1606
446 52 22.3214
481 52 66.8896
572 52 15.456
573 52 15.456
583 52 15.456
616 52 15.456
620 52 13.3958
65 53 4.90196
80 53 4.90196
81 53 4.90196
100 53 28.6944
320 53 22.3214
368 53 22.3214
369 53 22.3214
440 53 40.1606
445 53 22.3214
446 53 22.3214
579 53 15.456
580 53 15.456
581 53 15.456
588 53 13.3958
604 53 13.3958
616 53 15.456
617 53 15.456
628 53 13.3958
629 53 13.3958
633 53 11.8203
53 54 66.8896
65 54 4.90196
66 54 4.90196
70 54 6.09013
80 54 4.90196
81 54 4.90196
100 54 28.6944
101 54 28.6944
315 54 40.1606
319 54 22.3214
320 54 22.3214
443 54 28.6944
444 54 22.3214
582 54 15.456
583 54 15.456
584 54 15.456
588 54 13.3958
604 54 13.3958
616 54 15.456
623 54 15.456
629 54 13.3958
49 55 66.8896
65 55 4.90196
80 55 4.90196
81 55 4.90196
100 55 28.6944
101 55 28.6944
315 55 40.1606
372 55 18.2648
441 55 28.6944
442 55 28.6944
585 55 15.456
586 55 15.456
593 55 15.456
623 55 15.456
630 55 13.3958
43 56 66.8896
65 56 4.90196
80 56 4.90196
81 56 4.90196
96 56 28.6944
100 56 28.6944
101 56 28.6944
372 56 18.2648
436 56 40.1606
441 56 28.6944
631 56 13.3958
65 57 4.90196
75 57 28.6944
80 57 4.90196
81 57 4.90196
371 57 18.2648
372 57 18.2648
384 57 28.6944
387 57 22.3214
534 57 15.456
591 57 15.456
592 57 15.456
599 57 13.3958
622 57 15.456
626 57 13.3958
632 57 13.3958
65 58 4.90196
80 58 4.90196
81 58 4.90196
165 58 40.1606
181 58 40.1606
371 58 28.6944
372 58 28.6944
383 58 28.6944
384 58 28.6944
594 58 15.456
598 58 13.3958
599 58 13.3958
612 58 15.456
613 58 13.3958
614 58 13.3958
615 58 13.3958
622 58 15.456
626 58 13.3958
64 59 4.90196
65 59 4.90196
75 59 28.6944
80 59 4.90196
81 59 4.90196
99 59 28.6944
100 59 28.6944
165 59 40.1606
359 59 66.8896
371 59 28.6944
382 59 28.6944
383 59 28.6944
503 59 15.456
594 59 15.456
595 59 15.456
606 59 15.456
607 59 15.456
609 59 15.456
610 59 15.456
611 59 15.456
615 59 13.3958
616 59 13.3958
54 60 66.8896
64 60 4.90196
65 60 4.90196
75 60 28.6944
81 60 4.90196
99 60 28.6944
100 60 28.6944
370 60 28.6944
371 60 28.6944
382 60 28.6944
485 60 28.6944
612 60 15.456
613 60 15.456
617 60 13.3958
64 61 4.90196
65 61 4.90196
81 61 4.90196
99 61 28.6944
100 61 28.6944
107 61 28.6944
165 61 40.1606
370 61 28.6944
381 61 28.6944
436 61 28.6944
480 61 28.6944
481 61 28.6944
482 61 28.6944
483 61 28.6944
484 61 28.6944
613 61 15.456
614 61 15.456
617 61 13.3958
618 61 13.3958
626 61 15.456
55 62 66.8896
64 62 4.90196
65 62 4.90196
81 62 4.90196
99 62 28.6944
100 62 28.6944
165 62 40.1606
169 62 40.1606
182 62 40.1606
360 62 40.1606
371 62 28.6944
381 62 28.6944
476 62 28.6944
477 62 40.1606
478 62 28.6944
592 62 11.8203
613 62 15.456
614 62 15.456
618 62 13.3958
626 62 15.456
54 63 66.8896
64 63 4.90196
65 63 4.90196
81 63 4.90196
100 63 28.6944
108 63 28.6944
165 63 40.1606
182 63 40.1606
183 63 40.1606
363 63 28.6944
380 63 28.6944
474 63 28.6944
475 63 28.6944
614 63 15.456
615 63 15.456
618 63 13.3958
622 63 15.456
64 64 4.90196
65 64 4.90196
80 64 4.90196
81 64 4.90196
100 64 28.6944
107 64 28.6944
108 64 28.6944
183 64 40.1606
363 64 28.6944
370 64 200
432 64 28.6944
586 64 40.1606
614 64 15.456
615 64 15.456
618 64 13.3958
627 64 15.456
57 65 66.8896
64 65 4.90196
65 65 4.90196
80 65 4.90196
81 65 4.90196
100 65 28.6944
107 65 28.6944
119 65 40.1606
120 65 40.1606
166 65 40.1606
182 65 40.1606
183 65 40.1606
370 65 200
376 65 40.1606
432 65 28.6944
614 65 15.456
615 65 15.456
618 65 13.3958
627 65 15.456
628 65 15.456
39 66 66.8896
57 66 66.8896
64 66 4.90196
65 66 4.90196
80 66 4.90196
81 66 4.90196
100 66 28.6944
108 66 28.6944
119 66 40.1606
166 66 40.1606
312 66 40.1606
317 66 28.6944
350 66 28.6944
369 66 200
375 66 40.1606
379 66 28.6944
430 66 22.3214
431 66 28.6944
601 66 40.1606
615 66 15.456
619 66 13.3958
626 66 15.456
628 66 15.456
39 67 66.8896
56 67 66.8896
64 67 4.90196
65 67 4.90196
75 67 28.6944
80 67 4.90196
81 67 4.90196
100 67 28.6944
101 67 28.6944
107 67 28.6944
119 67 40.1606
166 67 40.1606
172 67 40.1606
312 67 40.1606
350 67 28.6944
368 67 200
375 67 40.1606
378 67 28.6944
615 67 15.456
619 67 13.3958
626 67 15.456
628 67 15.456
39 68 66.8896
55 68 66.8896
56 68 66.8896
64 68 4.90196
65 68 4.90196
80 68 4.90196
81 68 4.90196
100 68 28.6944
107 68 28.6944
119 68 40.1606
172 68 40.1606
368 68 200
374 68 40.1606
377 68 28.6944
424 68 40.1606
428 68 22.3214
495 68 15.456
588 68 15.456
589 68 15.456
615 68 15.456
619 68 13.3958
626 68 13.3958
54 69 66.8896
64 69 4.90196
65 69 4.90196
68 69 28.6944
80 69 4.90196
81 69 4.90196
91 69 28.6944
99 69 28.6944
100 69 28.6944
106 69 28.6944
107 69 28.6944
119 69 40.1606
172 69 40.1606
186 69 40.1606
187 69 40.1606
362 69 40.1606
367 69 200
368 69 200
377 69 28.6944
427 69 28.6944
467 69 28.6944
589 69 15.456
611 69 18.2648
615 69 15.456
619 69 13.3958
626 69 13.3958
53 70 66.8896
64 70 4.90196
65 70 4.90196
80 70 4.90196
81 70 4.90196
99 70 28.6944
103 70 40.1606
106 70 28.6944
172 70 40.1606
328 70 22.3214
351 70 28.6944
367 70 200
425 70 28.6944
442 70 28.6944
443 70 28.6944
466 70 28.6944
505 70 18.2648
615 70 15.456
616 70 15.456
619 70 13.3958
623 70 15.456
53 71 66.8896
64 71 4.90196
65 71 4.90196
80 71 4.90196
81 71 4.90196
99 71 28.6944
106 71 28.6944
172 71 40.1606
175 71 40.1606
186 71 40.1606
367 71 28.6944
373 71 40.1606
376 71 28.6944
420 71 40.1606
425 71 28.6944
439 71 40.1606
534 71 13.3958
615 71 15.456
616 71 15.456
619 71 13.3958
623 71 15.456
43 72 40.1606
52 72 66.8896
53 72 66.8896
64 72 4.90196
65 72 4.90196
80 72 4.90196
81 72 4.90196
100 72 28.6944
106 72 28.6944
119 72 40.1606
177 72 40.1606
185 72 40.1606
186 72 40.1606
366 72 28.6944
372 72 40.1606
375 72 28.6944
376 72 28.6944
419 72 40.1606
420 72 40.1606
615 72 15.456
616 72 15.456
619 72 13.3958
620 72 13.3958
637 72 66.8896
48 73 200
64 73 4.90196
65 73 4.90196
80 73 4.90196
81 73 4.90196
100 73 28.6944
105 73 28.6944
106 73 28.6944
119 73 40.1606
161 73 40.1606
184 73 40.1606
185 73 40.1606
186 73 40.1606
372 73 40.1606
375 73 28.6944
418 73 40.1606
615 73 15.456
616 73 15.456
619 73 13.3958
620 73 13.3958
637 73 13.3958
5 74 66.8896
6 74 66.8896
64 74 4.90196
65 74 4.90196
80 74 4.90196
81 74 4.90196
105 74 28.6944
106 74 28.6944
119 74 40.1606
161 74 40.1606
183 74 40.1606
184 74 40.1606
374 74 28.6944
461 74 28.6944
538 74 15.456
615 74 15.456
616 74 15.456
619 74 13.3958
620 74 13.3958
4 75 66.8896
5 75 66.8896
52 75 66.8896
64 75 4.90196
65 75 4.90196
81 75 4.90196
105 75 28.6944
119 75 40.1606
161 75 40.1606
185 75 40.1606
366 75 66.8896
422 75 22.3214
423 75 22.3214
460 75 28.6944
522 75 13.3958
591 75 15.456
612 75 18.2648
615 75 15.456
616 75 15.456
619 75 13.3958
620 75 13.3958
64 76 4.90196
65 76 4.90196
80 76 4.90196
81 76 4.90196
82 76 4.90196
88 76 28.6944
105 76 28.6944
119 76 40.1606
176 76 40.1606
185 76 40.1606
296 76 28.6944
373 76 28.6944
419 76 28.6944
420 76 28.6944
522 76 13.3958
591 76 15.456
615 76 15.456
616 76 15.456
619 76 13.3958
620 76 13.3958
11 77 66.8896
64 77 4.90196
65 77 4.90196
80 77 4.90196
82 77 4.90196
106 77 28.6944
119 77 40.1606
176 77 40.1606
183 77 40.1606
185 77 40.1606
186 77 40.1606
269 77 28.6944
366 77 66.8896
373 77 28.6944
417 77 28.6944
418 77 28.6944
458 77 66.8896
587 77 15.456
591 77 15.456
608 77 22.3214
616 77 15.456
39 78 66.8896
40 78 66.8896
57 78 66.8896
58 78 66.8896
64 78 4.90196
65 78 4.90196
80 78 4.90196
81 78 4.90196
86 78 28.6944
105 78 28.6944
106 78 28.6944
107 78 28.6944
119 78 40.1606
162 78 40.1606
172 78 40.1606
176 78 40.1606
186 78 40.1606
365 78 66.8896
366 78 66.8896
372 78 28.6944
411 78 40.1606
413 78 40.1606
417 78 28.6944
591 78 15.456
616 78 15.456
39 79 66.8896
58 79 66.8896
64 79 4.90196
80 79 4.90196
81 79 4.90196
88 79 28.6944
93 79 28.6944
105 79 28.6944
106 79 28.6944
119 79 40.1606
176 79 40.1606
185 79 40.1606
186 79 40.1606
365 79 66.8896
455 79 28.6944
592 79 15.456
596 79 13.3958
605 79 28.6944
616 79 15.456
29 80 40.1606
38 80 66.8896
58 80 66.8896
64 80 4.90196
75 80 28.6944
80 80 4.90196
81 80 4.90196
119 80 40.1606
161 80 40.1606
162 80 40.1606
176 80 40.1606
185 80 40.1606
186 80 40.1606
365 80 66.8896
371 80 28.6944
454 80 28.6944
455 80 28.6944
592 80 15.456
596 80 13.3958
609 80 22.3214
616 80 15.456
5 81 66.8896
58 81 66.8896
64 81 4.90196
80 81 4.90196
81 81 4.90196
86 81 28.6944
119 81 40.1606
161 81 40.1606
186 81 40.1606
279 81 28.6944
280 81 28.6944
360 81 40.1606
365 81 66.8896
415 81 22.3214
541 81 15.456
592 81 15.456
596 81 13.3958
612 81 18.2648
616 81 15.456
6 82 66.8896
7 82 66.8896
58 82 66.8896
64 82 4.90196
80 82 4.90196
81 82 4.90196
106 82 28.6944
107 82 28.6944
119 82 40.1606
161 82 40.1606
186 82 40.1606
275 82 28.6944
277 82 28.6944
349 82 22.3214
414 82 22.3214
589 82 18.2648
592 82 15.456
616 82 15.456
625 82 66.8896
6 83 66.8896
58 83 66.8896
63 83 4.90196
64 83 4.90196
80 83 4.90196
81 83 4.90196
89 83 28.6944
119 83 40.1606
186 83 40.1606
275 83 28.6944
286 83 28.6944
288 83 28.6944
289 83 28.6944
291 83 28.6944
334 83 22.3214
451 83 28.6944
452 83 28.6944
616 83 15.456
5 84 66.8896
23 84 40.1606
52 84 40.1606
58 84 66.8896
63 84 4.90196
64 84 4.90196
80 84 4.90196
81 84 4.90196
91 84 28.6944
108 84 28.6944
119 84 40.1606
160 84 40.1606
186 84 40.1606
273 84 28.6944
286 84 28.6944
288 84 28.6944
355 84 28.6944
372 84 22.3214
432 84 40.1606
459 84 66.8896
562 84 18.2648
616 84 15.456
5 85 66.8896
24 85 40.1606
40 85 66.8896
52 85 40.1606
63 85 4.90196
64 85 4.90196
80 85 4.90196
81 85 4.90196
108 85 28.6944
119 85 40.1606
176 85 40.1606
184 85 40.1606
185 85 40.1606
186 85 40.1606
187 85 40.1606
273 85 28.6944
368 85 28.6944
409 85 28.6944
410 85 28.6944
563 85 18.2648
616 85 15.456
42 86 66.8896
43 86 66.8896
63 86 4.90196
64 86 4.90196
76 86 28.6944
80 86 4.90196
81 86 4.90196
102 86 28.6944
108 86 28.6944
119 86 40.1606
160 86 40.1606
170 86 40.1606
184 86 40.1606
185 86 40.1606
248 86 28.6944
300 86 28.6944
348 86 66.8896
367 86 28.6944
368 86 28.6944
408 86 28.6944
409 86 28.6944
596 86 13.3958
616 86 15.456
27 87 66.8896
38 87 66.8896
42 87 66.8896
63 87 4.90196
64 87 4.90196
71 87 28.6944
80 87 4.90196
81 87 4.90196
88 87 28.6944
106 87 28.6944
108 87 28.6944
109 87 28.6944
119 87 40.1606
160 87 40.1606
179 87 200
269 87 28.6944
297 87 28.6944
298 87 28.6944
299 87 28.6944
304 87 18.2648
355 87 66.8896
358 87 40.1606
367 87 28.6944
372 87 18.2648
408 87 28.6944
591 87 15.456
596 87 13.3958
616 87 15.456
28 88 66.8896
38 88 66.8896
63 88 4.90196
64 88 4.90196
71 88 28.6944
80 88 4.90196
81 88 4.90196
88 88 28.6944
100 88 28.6944
108 88 28.6944
109 88 28.6944
119 88 40.1606
186 88 40.1606
298 88 28.6944
340 88 40.1606
355 88 66.8896
366 88 28.6944
367 88 28.6944
407 88 28.6944
596 88 13.3958
616 88 15.456
38 89 66.8896
60 89 66.8896
63 89 4.90196
64 89 4.90196
80 89 4.90196
81 89 4.90196
100 89 28.6944
108 89 28.6944
109 89 28.6944
119 89 40.1606
366 89 28.6944
616 89 15.456
622 89 66.8896
38 90 66.8896
63 90 4.90196
64 90 4.90196
80 90 4.90196
81 90 4.90196
108 90 28.6944
109 90 28.6944
119 90 40.1606
175 90 40.1606
305 90 28.6944
366 90 28.6944
442 90 40.1606
525 90 15.456
18 91 66.8896
63 91 4.90196
64 91 4.90196
80 91 4.90196
85 91 28.6944
108 91 28.6944
119 91 40.1606
175 91 40.1606
188 91 40.1606
303 91 28.6944
310 91 28.6944
366 91 22.3214
403 91 40.1606
413 91 18.2648
525 91 15.456
17 92 66.8896
33 92 40.1606
63 92 4.90196
64 92 4.90196
80 92 4.90196
85 92 28.6944
108 92 28.6944
118 92 40.1606
119 92 40.1606
185 92 40.1606
186 92 40.1606
310 92 28.6944
336 92 40.1606
366 92 22.3214
370 92 18.2648
404 92 40.1606
412 92 18.2648
441 92 40.1606
616 92 15.456
33 93 40.1606
34 93 40.1606
57 93 66.8896
63 93 4.90196
64 93 4.90196
80 93 4.90196
81 93 4.90196
84 93 28.6944
85 93 28.6944
107 93 28.6944
111 93 28.6944
118 93 40.1606
162 93 40.1606
184 93 40.1606
185 93 40.1606
342 93 22.3214
366 93 22.3214
402 93 40.1606
412 93 18.2648
440 93 40.1606
616 93 15.456
3 94 40.1606
4 94 40.1606
5 94 40.1606
34 94 40.1606
36 94 66.8896
57 94 66.8896
63 94 4.90196
64 94 4.90196
80 94 4.90196
81 94 4.90196
84 94 28.6944
85 94 28.6944
107 94 28.6944
111 94 28.6944
118 94 40.1606
183 94 40.1606
184 94 40.1606
322 94 22.3214
323 94 22.3214
341 94 22.3214
402 94 40.1606
616 94 15.456
4 95 40.1606
7 95 66.8896
15 95 40.1606
63 95 4.90196
64 95 4.90196
80 95 4.90196
81 95 4.90196
107 95 28.6944
111 95 28.6944
118 95 40.1606
163 95 40.1606
167 95 40.1606
175 95 40.1606
176 95 40.1606
183 95 40.1606
184 95 40.1606
394 95 40.1606
398 95 28.6944
616 95 15.456
4 96 40.1606
5 96 40.1606
15 96 40.1606
30 96 40.1606
56 96 66.8896
63 96 4.90196
64 96 4.90196
80 96 4.90196
81 96 4.90196
111 96 28.6944
118 96 40.1606
163 96 40.1606
169 96 40.1606
170 96 40.1606
175 96 40.1606
183 96 40.1606
184 96 40.1606
267 96 28.6944
393 96 40.1606
595 96 15.456
616 96 15.456
37 97 66.8896
56 97 66.8896
63 97 4.90196
64 97 4.90196
80 97 4.90196
81 97 4.90196
110 97 28.6944
118 97 40.1606
163 97 40.1606
174 97 40.1606
175 97 40.1606
183 97 40.1606
184 97 40.1606
366 97 22.3214
370 97 18.2648
597 97 15.456
15 98 66.8896
26 98 66.8896
39 98 66.8896
40 98 66.8896
63 98 4.90196
64 98 4.90196
80 98 4.90196
81 98 4.90196
110 98 28.6944
118 98 40.1606
163 98 40.1606
182 98 40.1606
183 98 40.1606
366 98 22.3214
370 98 18.2648
395 98 28.6944
432 98 28.6944
629 98 13.3958
25 99 66.8896
26 99 66.8896
54 99 66.8896
63 99 4.90196
64 99 4.90196
80 99 4.90196
81 99 4.90196
108 99 28.6944
110 99 28.6944
118 99 40.1606
163 99 40.1606
181 99 40.1606
182 99 40.1606
340 99 28.6944
351 99 28.6944
394 99 28.6944
616 99 15.456
629 99 13.3958
12 100 40.1606
26 100 66.8896
55 100 66.8896
63 100 4.90196
64 100 4.90196
80 100 4.90196
81 100 4.90196
90 100 28.6944
110 100 28.6944
118 100 40.1606
163 100 40.1606
176 100 40.1606
181 100 40.1606
365 100 66.8896
369 100 40.1606
393 100 28.6944
408 100 10.5764
616 100 15.456
620 100 13.3958
621 100 13.3958
11 101 40.1606
55 101 66.8896
63 101 4.90196
64 101 4.90196
80 101 4.90196
81 101 4.90196
90 101 28.6944
110 101 28.6944
118 101 40.1606
176 101 40.1606
368 101 40.1606
12 102 40.1606
26 102 66.8896
27 102 66.8896
37 102 66.8896
63 102 4.90196
64 102 4.90196
80 102 4.90196
81 102 4.90196
90 102 28.6944
93 102 28.6944
109 102 28.6944
110 102 28.6944
118 102 40.1606
176 102 40.1606
181 102 40.1606
184 102 40.1606
317 102 28.6944
390 102 28.6944
392 102 28.6944
27 103 66.8896
28 103 66.8896
63 103 4.90196
64 103 4.90196
80 103 4.90196
109 103 28.6944
118 103 40.1606
163 103 40.1606
176 103 40.1606
178 103 40.1606
181 103 40.1606
184 103 40.1606
389 103 28.6944
390 103 28.6944
28 104 66.8896
63 104 4.90196
64 104 4.90196
80 104 4.90196
87 104 28.6944
109 104 28.6944
118 104 40.1606
178 104 66.8896
181 104 40.1606
184 104 40.1606
334 104 22.3214
388 104 28.6944
595 104 15.456
620 104 13.3958
9 105 66.8896
16 105 40.1606
17 105 40.1606
18 105 40.1606
28 105 66.8896
29 105 66.8896
30 105 66.8896
62 105 4.90196
63 105 4.90196
64 105 4.90196
80 105 4.90196
118 105 40.1606
166 105 40.1606
169 105 40.1606
184 105 40.1606
334 105 22.3214
386 105 28.6944
387 105 28.6944
599 105 13.3958
17 106 40.1606
18 106 40.1606
29 106 66.8896
30 106 66.8896
37 106 66.8896
62 106 4.90196
63 106 4.90196
64 106 4.90196
80 106 4.90196
107 106 28.6944
118 106 40.1606
166 106 40.1606
169 106 40.1606
184 106 40.1606
366 106 22.3214
367 106 22.3214
386 106 28.6944
387 106 28.6944
404 106 40.1606
427 106 40.1606
466 106 66.8896
17 107 40.1606
18 107 40.1606
31 107 66.8896
62 107 4.90196
63 107 4.90196
80 107 4.90196
84 107 28.6944
106 107 66.8896
107 107 66.8896
118 107 40.1606
169 107 40.1606
181 107 40.1606
184 107 40.1606
366 107 22.3214
381 107 40.1606
385 107 28.6944
465 107 66.8896
18 108 40.1606
62 108 4.90196
63 108 4.90196
80 108 4.90196
84 108 28.6944
106 108 66.8896
118 108 40.1606
181 108 40.1606
184 108 40.1606
322 108 28.6944
366 108 22.3214
380 108 40.1606
384 108 28.6944
41 109 66.8896
62 109 4.90196
63 109 4.90196
80 109 4.90196
84 109 28.6944
184 109 40.1606
366 109 22.3214
383 109 28.6944
384 109 28.6944
41 110 66.8896
62 110 4.90196
63 110 4.90196
80 110 4.90196
84 110 28.6944
103 110 28.6944
165 110 40.1606
180 110 40.1606
183 110 40.1606
184 110 40.1606
366 110 22.3214
379 110 40.1606
383 110 28.6944
465 110 66.8896
62 111 4.90196
63 111 4.90196
80 111 4.90196
103 111 28.6944
158 111 40.1606
183 111 40.1606
184 111 40.1606
366 111 22.3214
378 111 40.1606
382 111 28.6944
15 112 40.1606
62 112 4.90196
63 112 4.90196
80 112 4.90196
88 112 28.6944
158 112 40.1606
168 112 40.1606
170 112 40.1606
183 112 40.1606
320 112 28.6944
366 112 22.3214
464 112 66.8896
621 112 13.3958
62 113 4.90196
63 113 4.90196
80 113 4.90196
103 113 28.6944
104 113 28.6944
122 113 66.8896
158 113 40.1606
168 113 40.1606
182 113 40.1606
350 113 28.6944
366 113 22.3214
371 113 200
424 113 40.1606
463 113 66.8896
62 114 4.90196
63 114 4.90196
80 114 4.90196
103 114 28.6944
104 114 28.6944
170 114 40.1606
182 114 40.1606
359 114 40.1606
376 114 40.1606
380 114 28.6944
621 114 13.3958
62 115 4.90196
63 115 4.90196
80 115 4.90196
103 115 28.6944
120 115 66.8896
159 115 40.1606
170 115 40.1606
180 115 40.1606
186 115 40.1606
365 115 22.3214
372 115 66.8896
375 115 40.1606
379 115 28.6944
22 116 40.1606
62 116 4.90196
63 116 4.90196
80 116 4.90196
181 116 40.1606
186 116 40.1606
187 116 40.1606
365 116 22.3214
375 116 40.1606
378 116 28.6944
379 116 28.6944
465 116 66.8896
62 117 4.90196
63 117 4.90196
80 117 4.90196
119 117 66.8896
125 117 66.8896
173 117 40.1606
186 117 40.1606
374 117 40.1606
62 118 4.90196
63 118 4.90196
80 118 4.90196
110 118 66.8896
119 118 66.8896
159 118 40.1606
173 118 40.1606
183 118 40.1606
377 118 28.6944
411 118 28.6944
468 118 66.8896
621 118 13.3958
62 119 4.90196
63 119 4.90196
80 119 4.90196
155 119 40.1606
183 119 40.1606
364 119 22.3214
376 119 28.6944
467 119 66.8896
62 120 4.90196
63 120 4.90196
80 120 4.90196
182 120 40.1606
183 120 40.1606
186 120 40.1606
364 120 22.3214
376 120 28.6944
406 120 22.3214
466 120 66.8896
9 121 40.1606
62 121 4.90196
63 121 4.90196
79 121 4.90196
80 121 4.90196
89 121 28.6944
156 121 40.1606
165 121 40.1606
180 121 40.1606
182 121 40.1606
183 121 40.1606
186 121 40.1606
343 121 28.6944
405 121 22.3214
406 121 22.3214
465 121 66.8896
9 122 40.1606
62 122 4.90196
63 122 4.90196
79 122 4.90196
80 122 4.90196
123 122 66.8896
156 122 40.1606
170 122 40.1606
182 122 40.1606
183 122 40.1606
342 122 28.6944
343 122 28.6944
363 122 22.3214
375 122 28.6944
401 122 28.6944
405 122 22.3214
465 122 66.8896
62 123 4.90196
63 123 4.90196
79 123 4.90196
80 123 4.90196
155 123 40.1606
156 123 40.1606
177 123 40.1606
182 123 40.1606
188 123 40.1606
189 123 40.1606
362 123 22.3214
401 123 28.6944
62 124 4.90196
63 124 4.90196
79 124 4.90196
80 124 4.90196
156 124 40.1606
162 124 40.1606
188 124 40.1606
361 124 22.3214
399 124 28.6944
62 125 4.90196
63 125 4.90196
79 125 4.90196
80 125 4.90196
156 125 40.1606
161 125 40.1606
185 125 40.1606
188 125 40.1606
467 125 66.8896
62 126 4.90196
63 126 4.90196
79 126 4.90196
80 126 4.90196
124 126 66.8896
156 126 40.1606
161 126 40.1606
173 126 40.1606
186 126 40.1606
322 126 22.3214
369 126 28.6944
623 126 13.3958
61 127 4.90196
62 127 4.90196
63 127 4.90196
80 127 4.90196
156 127 40.1606
172 127 40.1606
186 127 40.1606
187 127 40.1606
348 127 200
359 127 200
367 127 28.6944
394 127 28.6944
419 127 18.2648
623 127 13.3958
62 128 4.90196
63 128 4.90196
77 128 5.15331
102 128 28.6944
157 128 40.1606
173 128 40.1606
187 128 40.1606
348 128 200
366 128 28.6944
367 128 28.6944
387 128 66.8896
393 128 28.6944
394 128 28.6944
419 128 18.2648
61 129 4.90196
62 129 4.90196
63 129 4.90196
103 129 28.6944
130 129 66.8896
131 129 66.8896
157 129 40.1606
187 129 40.1606
358 129 66.8896
365 129 28.6944
366 129 28.6944
386 129 66.8896
392 129 28.6944
393 129 28.6944
61 130 4.90196
62 130 4.90196
63 130 4.90196
83 130 4.90196
84 130 4.90196
130 130 66.8896
176 130 40.1606
187 130 40.1606
358 130 66.8896
364 130 28.6944
385 130 66.8896
391 130 28.6944
392 130 28.6944
61 131 4.90196
62 131 4.90196
63 131 4.90196
84 131 4.90196
176 131 40.1606
187 131 40.1606
188 131 40.1606
363 131 28.6944
410 131 200
470 131 66.8896
61 132 4.90196
62 132 4.90196
84 132 4.90196
187 132 40.1606
188 132 40.1606
362 132 28.6944
363 132 28.6944
389 132 28.6944
61 133 4.90196
62 133 4.90196
84 133 4.90196
141 133 66.8896
159 133 40.1606
173 133 40.1606
187 133 40.1606
188 133 40.1606
361 133 28.6944
362 133 28.6944
387 133 28.6944
61 134 4.90196
62 134 4.90196
78 134 4.90196
84 134 4.90196
114 134 40.1606
160 134 40.1606
172 134 40.1606
173 134 40.1606
187 134 40.1606
361 134 28.6944
61 135 4.90196
62 135 4.90196
78 135 4.90196
84 135 4.90196
161 135 40.1606
187 135 40.1606
361 135 28.6944
385 135 28.6944
61 136 4.90196
62 136 4.90196
78 136 4.90196
84 136 4.90196
161 136 40.1606
177 136 40.1606
187 136 40.1606
188 136 40.1606
361 136 28.6944
384 136 28.6944
61 137 4.90196
62 137 4.90196
78 137 4.90196
84 137 4.90196
161 137 40.1606
177 137 40.1606
187 137 40.1606
16 138 28.6944
61 138 4.90196
62 138 4.90196
78 138 4.90196
84 138 4.90196
114 138 40.1606
161 138 40.1606
187 138 40.1606
383 138 28.6944
24 139 28.6944
61 139 4.90196
62 139 4.90196
78 139 4.90196
84 139 4.90196
130 139 40.1606
182 139 200
48 140 40.1606
61 140 4.90196
62 140 4.90196
78 140 4.90196
84 140 4.90196
162 140 40.1606
190 140 40.1606
61 141 4.90196
62 141 4.90196
77 141 4.90196
84 141 4.90196
114 141 40.1606
161 141 40.1606
371 141 66.8896
377 141 28.6944
37 142 40.1606
61 142 4.90196
62 142 4.90196
77 142 4.90196
84 142 4.90196
97 142 40.1606
361 142 28.6944
370 142 66.8896
384 142 40.1606
61 143 4.90196
62 143 4.90196
77 143 4.90196
84 143 4.90196
162 143 40.1606
186 143 40.1606
192 143 40.1606
241 143 66.8896
369 143 66.8896
376 143 28.6944
416 143 18.2648
61 144 4.90196
62 144 4.90196
84 144 4.90196
113 144 40.1606
114 144 40.1606
138 144 66.8896
162 144 40.1606
166 144 40.1606
191 144 40.1606
233 144 66.8896
241 144 66.8896
416 144 18.2648
8 145 28.6944
13 145 28.6944
24 145 28.6944
61 145 4.90196
62 145 4.90196
84 145 4.90196
113 145 40.1606
162 145 40.1606
191 145 40.1606
8 146 28.6944
12 146 28.6944
61 146 4.90196
62 146 4.90196
78 146 4.90196
84 146 4.90196
113 146 40.1606
138 146 66.8896
162 146 40.1606
361 146 28.6944
61 147 4.90196
62 147 4.90196
78 147 4.90196
83 147 4.90196
84 147 4.90196
113 147 40.1606
185 147 40.1606
198 147 40.1606
360 147 28.6944
361 147 28.6944
61 148 4.90196
62 148 4.90196
83 148 4.90196
84 148 4.90196
162 148 40.1606
168 148 40.1606
184 148 40.1606
8 149 28.6944
61 149 4.90196
62 149 4.90196
77 149 4.90196
78 149 4.90196
83 149 4.90196
94 149 66.8896
162 149 40.1606
168 149 40.1606
184 149 40.1606
8 150 28.6944
60 150 4.90196
61 150 4.90196
62 150 4.90196
77 150 4.90196
83 150 4.90196
94 150 66.8896
113 150 40.1606
162 150 40.1606
168 150 40.1606
184 150 40.1606
193 150 40.1606
195 150 66.8896
360 150 200
364 150 66.8896
370 150 28.6944
60 151 4.90196
61 151 4.90196
62 151 4.90196
77 151 4.90196
83 151 4.90196
93 151 66.8896
113 151 40.1606
178 151 40.1606
192 151 40.1606
282 151 200
363 151 66.8896
370 151 28.6944
623 151 13.3958
60 152 4.90196
61 152 4.90196
62 152 4.90196
77 152 4.90196
83 152 4.90196
113 152 40.1606
135 152 40.1606
136 152 40.1606
192 152 40.1606
368 152 28.6944
57 153 4.90196
59 153 4.90196
61 153 4.90196
74 153 4.90196
83 153 4.90196
113 153 40.1606
191 153 40.1606
367 153 28.6944
368 153 28.6944
25 154 28.6944
57 154 4.90196
83 154 4.90196
113 154 40.1606
118 154 40.1606
188 154 40.1606
191 154 40.1606
57 155 4.90196
113 155 40.1606
187 155 40.1606
188 155 40.1606
392 155 40.1606
57 156 4.90196
113 156 40.1606
57 157 4.90196
79 157 4.90196
185 157 66.8896
189 157 40.1606
366 157 28.6944
393 157 40.1606
566 157 15.456
39 158 28.6944
57 158 4.90196
79 158 4.90196
109 158 66.8896
164 158 40.1606
188 158 40.1606
189 158 40.1606
365 158 28.6944
393 158 40.1606
414 158 200
21 159 28.6944
39 159 28.6944
57 159 4.90196
63 159 4.90196
79 159 4.90196
108 159 66.8896
109 159 66.8896
141 159 66.8896
168 159 40.1606
234 159 66.8896
365 159 28.6944
21 160 28.6944
57 160 4.90196
63 160 4.90196
79 160 4.90196
168 160 40.1606
234 160 66.8896
57 161 4.90196
61 161 4.90196
62 161 4.90196
63 161 4.90196
79 161 4.90196
139 161 66.8896
169 161 40.1606
188 161 40.1606
224 161 66.8896
234 161 66.8896
310 161 200
331 161 40.1606
364 161 28.6944
366 161 28.6944
57 162 4.90196
61 162 4.90196
79 162 4.90196
112 162 40.1606
139 162 66.8896
168 162 40.1606
185 162 40.1606
234 162 66.8896
310 162 200
364 162 28.6944
57 163 4.90196
78 163 4.90196
79 163 4.90196
112 163 40.1606
113 163 40.1606
131 163 66.8896
168 163 40.1606
184 163 40.1606
185 163 40.1606
203 163 66.8896
224 163 66.8896
234 163 66.8896
265 163 66.8896
310 163 200
363 163 28.6944
22 164 28.6944
56 164 4.90196
57 164 4.90196
78 164 4.90196
79 164 4.90196
112 164 40.1606
168 164 40.1606
183 164 40.1606
184 164 40.1606
203 164 66.8896
224 164 66.8896
234 164 66.8896
265 164 66.8896
310 164 200
333 164 40.1606
363 164 28.6944
26 165 28.6944
57 165 4.90196
78 165 4.90196
79 165 4.90196
112 165 40.1606
168 165 40.1606
176 165 40.1606
182 165 40.1606
203 165 66.8896
224 165 66.8896
234 165 66.8896
265 165 66.8896
363 165 28.6944
78 166 4.90196
79 166 4.90196
112 166 40.1606
113 166 40.1606
168 166 40.1606
181 166 40.1606
182 166 40.1606
203 166 66.8896
224 166 66.8896
234 166 66.8896
265 166 66.8896
363 166 28.6944
60 167 4.90196
61 167 4.90196
74 167 4.90196
76 167 4.90196
78 167 4.90196
79 167 4.90196
112 167 40.1606
113 167 40.1606
142 167 66.8896
168 167 40.1606
173 167 40.1606
174 167 40.1606
182 167 40.1606
203 167 66.8896
224 167 66.8896
234 167 66.8896
254 167 200
265 167 66.8896
363 167 28.6944
60 168 4.90196
61 168 4.90196
72 168 4.90196
73 168 4.90196
74 168 4.90196
76 168 4.90196
78 168 4.90196
79 168 4.90196
112 168 40.1606
168 168 40.1606
170 168 40.1606
173 168 40.1606
177 168 200
203 168 66.8896
224 168 66.8896
234 168 66.8896
254 168 200
265 168 66.8896
60 169 4.90196
61 169 4.90196
78 169 4.90196
79 169 4.90196
112 169 40.1606
147 169 40.1606
168 169 40.1606
170 169 40.1606
173 169 40.1606
202 169 66.8896
203 169 66.8896
224 169 66.8896
254 169 200
265 169 66.8896
363 169 28.6944
33 170 40.1606
60 170 4.90196
61 170 4.90196
78 170 4.90196
79 170 4.90196
147 170 40.1606
168 170 40.1606
172 170 40.1606
265 170 66.8896
362 170 28.6944
363 170 28.6944
15 171 28.6944
16 171 28.6944
60 171 4.90196
61 171 4.90196
78 171 4.90196
79 171 4.90196
112 171 40.1606
168 171 40.1606
172 171 40.1606
265 171 66.8896
14 172 28.6944
25 172 28.6944
60 172 4.90196
61 172 4.90196
78 172 4.90196
79 172 4.90196
112 172 40.1606
118 172 40.1606
142 172 40.1606
149 172 40.1606
150 172 66.8896
168 172 40.1606
172 172 40.1606
176 172 200
202 172 66.8896
203 172 66.8896
265 172 66.8896
25 173 28.6944
60 173 4.90196
61 173 4.90196
78 173 4.90196
79 173 4.90196
112 173 40.1606
118 173 40.1606
124 173 28.6944
125 173 28.6944
168 173 40.1606
172 173 40.1606
334 173 28.6944
47 174 66.8896
60 174 4.90196
61 174 4.90196
78 174 4.90196
79 174 4.90196
112 174 40.1606
124 174 28.6944
125 174 28.6944
168 174 40.1606
172 174 40.1606
334 174 28.6944
59 175 4.90196
60 175 4.90196
61 175 4.90196
78 175 4.90196
79 175 4.90196
112 175 40.1606
124 175 28.6944
128 175 28.6944
172 175 40.1606
176 175 200
177 175 200
302 175 200
59 176 4.90196
60 176 4.90196
61 176 4.90196
78 176 4.90196
79 176 4.90196
112 176 40.1606
124 176 28.6944
128 176 28.6944
149 176 40.1606
172 176 40.1606
333 176 28.6944
59 177 4.90196
60 177 4.90196
61 177 4.90196
78 177 4.90196
79 177 4.90196
112 177 40.1606
118 177 40.1606
124 177 28.6944
149 177 40.1606
167 177 40.1606
171 177 40.1606
172 177 40.1606
477 177 66.8896
624 177 13.3958
59 178 4.90196
60 178 4.90196
61 178 4.90196
78 178 4.90196
79 178 4.90196
112 178 40.1606
118 178 40.1606
167 178 40.1606
171 178 40.1606
172 178 40.1606
529 178 28.6944
530 178 28.6944
531 178 28.6944
532 178 28.6944
534 178 22.3214
535 178 22.3214
538 178 18.2648
27 179 40.1606
59 179 4.90196
60 179 4.90196
61 179 4.90196
78 179 4.90196
79 179 4.90196
112 179 40.1606
121 179 40.1606
167 179 40.1606
171 179 40.1606
172 179 40.1606
235 179 200
237 179 200
525 179 66.8896
528 179 40.1606
532 179 28.6944
533 179 28.6944
535 179 22.3214
624 179 13.3958
59 180 4.90196
60 180 4.90196
78 180 4.90196
79 180 4.90196
112 180 40.1606
118 180 40.1606
121 180 40.1606
167 180 40.1606
171 180 40.1606
172 180 40.1606
476 180 66.8896
525 180 66.8896
528 180 40.1606
531 180 28.6944
532 180 28.6944
535 180 22.3214
536 180 22.3214
538 180 18.2648
539 180 18.2648
545 180 13.3958
59 181 4.90196
60 181 4.90196
78 181 4.90196
79 181 4.90196
112 181 40.1606
118 181 40.1606
124 181 28.6944
125 181 28.6944
144 181 66.8896
161 181 200
162 181 200
172 181 40.1606
235 181 66.8896
528 181 40.1606
530 181 40.1606
535 181 22.3214
538 181 18.2648
539 181 18.2648
541 181 18.2648
542 181 15.456
59 182 4.90196
60 182 4.90196
78 182 4.90196
112 182 40.1606
118 182 40.1606
158 182 200
172 182 40.1606
237 182 66.8896
259 182 66.8896
476 182 66.8896
525 182 66.8896
528 182 40.1606
529 182 40.1606
533 182 28.6944
534 182 22.3214
10 183 40.1606
59 183 4.90196
60 183 4.90196
78 183 4.90196
112 183 40.1606
147 183 66.8896
158 183 200
172 183 40.1606
173 183 40.1606
201 183 200
237 183 66.8896
259 183 66.8896
59 184 4.90196
60 184 4.90196
78 184 4.90196
112 184 40.1606
118 184 40.1606
147 184 66.8896
173 184 40.1606
237 184 66.8896
259 184 66.8896
269 184 66.8896
528 184 40.1606
535 184 22.3214
631 184 200
9 185 40.1606
11 185 40.1606
59 185 4.90196
60 185 4.90196
78 185 4.90196
103 185 66.8896
112 185 40.1606
118 185 40.1606
173 185 40.1606
235 185 66.8896
237 185 66.8896
259 185 66.8896
269 185 66.8896
525 185 66.8896
528 185 40.1606
530 185 40.1606
535 185 22.3214
538 185 18.2648
539 185 18.2648
544 185 13.3958
545 185 13.3958
59 186 4.90196
60 186 4.90196
78 186 4.90196
103 186 66.8896
112 186 40.1606
173 186 40.1606
174 186 40.1606
235 186 66.8896
237 186 66.8896
269 186 66.8896
480 186 66.8896
525 186 66.8896
528 186 40.1606
530 186 28.6944
533 186 28.6944
535 186 22.3214
536 186 22.3214
538 186 18.2648
539 186 18.2648
541 186 18.2648
59 187 4.90196
60 187 4.90196
77 187 4.90196
78 187 4.90196
112 187 40.1606
235 187 200
237 187 200
269 187 66.8896
480 187 66.8896
525 187 66.8896
531 187 28.6944
535 187 22.3214
536 187 22.3214
538 187 18.2648
59 188 4.90196
60 188 4.90196
78 188 4.90196
112 188 40.1606
118 188 40.1606
269 188 66.8896
528 188 40.1606
531 188 28.6944
532 188 28.6944
533 188 28.6944
535 188 22.3214
59 189 4.90196
60 189 4.90196
77 189 4.90196
78 189 4.90196
112 189 40.1606
118 189 40.1606
124 189 28.6944
175 189 40.1606
203 189 66.8896
269 189 66.8896
524 189 66.8896
525 189 66.8896
528 189 40.1606
530 189 28.6944
531 189 28.6944
532 189 28.6944
535 189 22.3214
59 190 4.90196
60 190 4.90196
77 190 4.90196
78 190 4.90196
112 190 40.1606
118 190 40.1606
135 190 28.6944
259 190 66.8896
269 190 66.8896
527 190 40.1606
530 190 28.6944
531 190 28.6944
532 190 28.6944
534 190 28.6944
535 190 22.3214
59 191 4.90196
60 191 4.90196
77 191 4.90196
78 191 4.90196
112 191 40.1606
118 191 40.1606
124 191 28.6944
174 191 40.1606
187 191 66.8896
269 191 66.8896
528 191 40.1606
530 191 28.6944
531 191 28.6944
532 191 28.6944
59 192 4.90196
60 192 4.90196
77 192 4.90196
78 192 4.90196
112 192 40.1606
118 192 40.1606
124 192 28.6944
125 192 28.6944
172 192 40.1606
269 192 66.8896
404 192 40.1606
531 192 28.6944
59 193 4.90196
60 193 4.90196
77 193 4.90196
78 193 4.90196
112 193 40.1606
118 193 40.1606
124 193 28.6944
171 193 40.1606
172 193 40.1606
49 194 66.8896
59 194 4.90196
60 194 4.90196
77 194 4.90196
78 194 4.90196
112 194 40.1606
118 194 40.1606
171 194 40.1606
183 194 66.8896
184 194 66.8896
285 194 200
59 195 4.90196
60 195 4.90196
77 195 4.90196
78 195 4.90196
112 195 40.1606
118 195 40.1606
171 195 40.1606
183 195 66.8896
285 195 200
59 196 4.90196
60 196 4.90196
77 196 4.90196
78 196 4.90196
112 196 40.1606
118 196 40.1606
124 196 28.6944
165 196 40.1606
170 196 66.8896
171 196 66.8896
183 196 66.8896
481 196 66.8896
496 196 66.8896
499 196 40.1606
500 196 40.1606
59 197 4.90196
60 197 4.90196
77 197 4.90196
78 197 4.90196
112 197 40.1606
118 197 40.1606
124 197 28.6944
165 197 40.1606
170 197 40.1606
481 197 66.8896
496 197 66.8896
497 197 66.8896
500 197 40.1606
504 197 22.3214
7 198 40.1606
29 198 28.6944
59 198 4.90196
60 198 4.90196
77 198 4.90196
78 198 4.90196
112 198 40.1606
118 198 40.1606
124 198 28.6944
165 198 40.1606
170 198 40.1606
491 198 200
492 198 200
493 198 200
494 198 66.8896
495 198 66.8896
496 198 66.8896
497 198 66.8896
499 198 40.1606
500 198 28.6944
501 198 28.6944
503 198 22.3214
504 198 22.3214
59 199 4.90196
60 199 4.90196
77 199 4.90196
78 199 4.90196
112 199 40.1606
118 199 40.1606
124 199 28.6944
165 199 40.1606
170 199 40.1606
233 199 66.8896
491 199 200
492 199 200
493 199 200
496 199 66.8896
497 199 66.8896
500 199 28.6944
501 199 28.6944
504 199 22.3214
59 200 4.90196
60 200 4.90196
77 200 4.90196
78 200 4.90196
118 200 40.1606
137 200 66.8896
165 200 40.1606
170 200 40.1606
214 200 66.8896
231 200 66.8896
233 200 66.8896
254 200 66.8896
375 200 200
491 200 200
492 200 200
493 200 200
495 200 66.8896
496 200 66.8896
497 200 66.8896
500 200 28.6944
501 200 28.6944
503 200 22.3214
504 200 22.3214
506 200 22.3214
59 201 4.90196
60 201 4.90196
77 201 4.90196
78 201 4.90196
165 201 40.1606
169 201 40.1606
170 201 40.1606
185 201 66.8896
186 201 66.8896
214 201 66.8896
231 201 66.8896
233 201 66.8896
254 201 66.8896
284 201 66.8896
365 201 18.2648
376 201 200
500 201 28.6944
52 202 28.6944
59 202 4.90196
60 202 4.90196
77 202 4.90196
78 202 4.90196
165 202 40.1606
169 202 40.1606
170 202 40.1606
185 202 66.8896
214 202 66.8896
231 202 200
233 202 200
254 202 66.8896
284 202 66.8896
365 202 18.2648
22 203 28.6944
59 203 4.90196
60 203 4.90196
77 203 4.90196
78 203 4.90196
165 203 40.1606
169 203 40.1606
170 203 40.1606
214 203 66.8896
231 203 66.8896
233 203 66.8896
254 203 66.8896
365 203 18.2648
59 204 4.90196
60 204 4.90196
77 204 4.90196
78 204 4.90196
169 204 40.1606
170 204 40.1606
185 204 66.8896
214 204 66.8896
231 204 66.8896
233 204 66.8896
254 204 66.8896
53 205 28.6944
59 205 4.90196
60 205 4.90196
77 205 4.90196
78 205 4.90196
112 205 40.1606
169 205 40.1606
170 205 40.1606
185 205 66.8896
214 205 66.8896
233 205 66.8896
254 205 66.8896
378 205 200
59 206 4.90196
60 206 4.90196
77 206 4.90196
78 206 4.90196
164 206 40.1606
169 206 40.1606
170 206 40.1606
214 206 66.8896
233 206 66.8896
254 206 66.8896
3 207 28.6944
59 207 4.90196
60 207 4.90196
77 207 4.90196
78 207 4.90196
92 207 40.1606
136 207 66.8896
151 207 200
164 207 40.1606
169 207 40.1606
170 207 40.1606
185 207 66.8896
214 207 66.8896
233 207 66.8896
254 207 66.8896
262 207 66.8896
274 207 28.6944
275 207 28.6944
300 207 8.73744
59 208 4.90196
77 208 4.90196
78 208 4.90196
92 208 40.1606
136 208 66.8896
169 208 40.1606
170 208 40.1606
184 208 66.8896
214 208 66.8896
231 208 66.8896
233 208 66.8896
254 208 66.8896
262 208 66.8896
274 208 28.6944
384 208 40.1606
59 209 4.90196
60 209 4.90196
77 209 4.90196
78 209 4.90196
92 209 40.1606
169 209 40.1606
170 209 40.1606
183 209 66.8896
184 209 66.8896
214 209 66.8896
233 209 66.8896
254 209 66.8896
262 209 66.8896
267 209 66.8896
274 209 28.6944
383 209 40.1606
384 209 40.1606
38 210 40.1606
59 210 4.90196
77 210 4.90196
78 210 4.90196
92 210 40.1606
169 210 40.1606
170 210 40.1606
183 210 66.8896
214 210 66.8896
262 210 66.8896
267 210 66.8896
274 210 28.6944
17 211 28.6944
34 211 28.6944
59 211 4.90196
77 211 4.90196
78 211 4.90196
92 211 40.1606
169 211 40.1606
170 211 40.1606
184 211 66.8896
262 211 66.8896
377 211 200
59 212 4.90196
77 212 4.90196
78 212 4.90196
92 212 40.1606
151 212 200
170 212 40.1606
184 212 66.8896
262 212 66.8896
377 212 200
440 212 66.8896
58 213 4.90196
59 213 4.90196
77 213 4.90196
78 213 4.90196
92 213 40.1606
170 213 40.1606
184 213 66.8896
302 213 18.2648
337 213 5.74218
38 214 40.1606
58 214 4.90196
59 214 4.90196
77 214 4.90196
92 214 40.1606
137 214 200
165 214 40.1606
170 214 40.1606
183 214 66.8896
184 214 66.8896
337 214 5.74218
343 214 5.15331
38 215 40.1606
58 215 4.90196
59 215 4.90196
77 215 4.90196
96 215 40.1606
97 215 40.1606
170 215 40.1606
183 215 66.8896
292 215 40.1606
337 215 5.74218
343 215 5.15331
427 215 66.8896
58 216 4.90196
59 216 4.90196
77 216 4.90196
170 216 40.1606
337 216 5.74218
343 216 5.15331
58 217 4.90196
59 217 4.90196
77 217 4.90196
170 217 40.1606
248 217 66.8896
379 217 66.8896
380 217 66.8896
48 218 28.6944
58 218 4.90196
59 218 4.90196
65 218 28.6944
77 218 4.90196
85 218 28.6944
170 218 40.1606
291 218 40.1606
47 219 28.6944
58 219 4.90196
59 219 4.90196
77 219 4.90196
85 219 28.6944
164 219 40.1606
170 219 40.1606
379 219 66.8896
415 219 200
47 220 28.6944
58 220 4.90196
59 220 4.90196
77 220 4.90196
85 220 28.6944
164 220 40.1606
170 220 40.1606
171 220 40.1606
199 220 66.8896
220 220 66.8896
248 220 66.8896
379 220 66.8896
401 220 200
414 220 200
415 220 200
417 220 200
46 221 28.6944
58 221 4.90196
59 221 4.90196
77 221 4.90196
164 221 40.1606
170 221 40.1606
199 221 66.8896
220 221 66.8896
248 221 66.8896
279 221 66.8896
323 221 6.09013
379 221 66.8896
400 221 200
401 221 200
403 221 200
414 221 200
415 221 200
417 221 200
58 222 4.90196
59 222 4.90196
77 222 4.90196
164 222 40.1606
170 222 40.1606
199 222 66.8896
248 222 66.8896
276 222 200
277 222 200
279 222 66.8896
280 222 40.1606
281 222 40.1606
282 222 40.1606
283 222 40.1606
312 222 7.44324
322 222 6.09013
403 222 200
45 223 28.6944
58 223 4.90196
59 223 4.90196
77 223 4.90196
170 223 40.1606
199 223 66.8896
247 223 66.8896
248 223 66.8896
281 223 40.1606
282 223 40.1606
283 223 40.1606
308 223 8.03858
309 223 8.03858
357 223 66.8896
358 223 66.8896
359 223 66.8896
361 223 40.1606
362 223 40.1606
368 223 66.8896
369 223 66.8896
370 223 40.1606
371 223 40.1606
372 223 18.2648
411 223 6.93001
7 224 40.1606
14 224 40.1606
45 224 28.6944
58 224 4.90196
59 224 4.90196
77 224 4.90196
164 224 40.1606
170 224 40.1606
199 224 66.8896
247 224 66.8896
320 224 6.09013
321 224 6.09013
357 224 66.8896
358 224 66.8896
361 224 40.1606
368 224 66.8896
369 224 66.8896
371 224 40.1606
387 224 15.456
7 225 40.1606
14 225 40.1606
22 225 40.1606
32 225 40.1606
44 225 28.6944
58 225 4.90196
59 225 4.90196
77 225 4.90196
164 225 40.1606
170 225 40.1606
199 225 66.8896
319 225 5.74218
321 225 5.74218
332 225 66.8896
358 225 66.8896
361 225 40.1606
369 225 66.8896
370 225 40.1606
371 225 40.1606
372 225 18.2648
389 225 13.3958
390 225 13.3958
391 225 13.3958
14 226 40.1606
58 226 4.90196
59 226 4.90196
77 226 4.90196
106 226 40.1606
164 226 40.1606
170 226 40.1606
199 226 66.8896
320 226 5.74218
331 226 66.8896
332 226 66.8896
334 226 66.8896
337 226 28.6944
360 226 40.1606
393 226 4.90196
395 226 4.90196
11 227 40.1606
14 227 40.1606
43 227 28.6944
58 227 4.90196
77 227 4.90196
137 227 200
164 227 40.1606
170 227 40.1606
199 227 66.8896
280 227 13.3958
281 227 13.3958
332 227 66.8896
375 227 6.48298
11 228 40.1606
17 228 40.1606
19 228 40.1606
42 228 28.6944
58 228 4.90196
76 228 4.90196
77 228 4.90196
137 228 200
164 228 40.1606
170 228 40.1606
199 228 66.8896
11 229 40.1606
14 229 40.1606
19 229 40.1606
58 229 4.90196
76 229 4.90196
77 229 4.90196
164 229 40.1606
170 229 40.1606
199 229 66.8896
292 229 200
303 229 40.1606
305 229 40.1606
306 229 40.1606
308 229 28.6944
309 229 28.6944
325 229 9.56938
11 230 40.1606
19 230 40.1606
41 230 28.6944
58 230 4.90196
77 230 4.90196
164 230 40.1606
170 230 40.1606
281 230 66.8896
282 230 66.8896
283 230 66.8896
284 230 40.1606
285 230 40.1606
286 230 40.1606
287 230 40.1606
288 230 40.1606
289 230 40.1606
290 230 40.1606
291 230 40.1606
292 230 200
298 230 13.3958
299 230 13.3958
301 230 13.3958
303 230 13.3958
304 230 40.1606
305 230 40.1606
306 230 40.1606
308 230 28.6944
309 230 28.6944
379 230 66.8896
11 231 40.1606
17 231 40.1606
19 231 40.1606
31 231 40.1606
58 231 4.90196
77 231 4.90196
164 231 40.1606
170 231 40.1606
281 231 66.8896
283 231 66.8896
284 231 40.1606
286 231 40.1606
287 231 40.1606
288 231 40.1606
289 231 40.1606
290 231 40.1606
298 231 13.3958
299 231 13.3958
300 231 13.3958
301 231 13.3958
302 231 13.3958
303 231 13.3958
305 231 40.1606
306 231 40.1606
360 231 40.1606
385 231 8.73744
8 232 40.1606
11 232 40.1606
17 232 40.1606
19 232 40.1606
31 232 40.1606
40 232 28.6944
58 232 4.90196
76 232 4.90196
77 232 4.90196
299 232 13.3958
300 232 13.3958
301 232 13.3958
302 232 13.3958
303 232 13.3958
306 232 40.1606
318 232 6.93001
8 233 40.1606
11 233 40.1606
19 233 40.1606
31 233 40.1606
58 233 4.90196
76 233 4.90196
77 233 4.90196
266 233 40.1606
267 233 40.1606
270 233 28.6944
306 233 40.1606
319 233 6.93001
337 233 6.93001
8 234 40.1606
11 234 40.1606
58 234 4.90196
76 234 4.90196
77 234 4.90196
86 234 28.6944
316 234 13.3958
319 234 6.93001
320 234 6.93001
58 235 4.90196
77 235 4.90196
86 235 28.6944
58 236 4.90196
77 236 4.90196
58 237 4.90196
77 237 4.90196
98 237 28.6944
58 238 4.90196
76 238 4.90196
77 238 4.90196
58 239 4.90196
58 240 4.90196
58 241 4.90196
112 241 28.6944
113 242 28.6944
76 244 4.90196
76 245 4.90196
605 245 11.8203
76 246 4.90196
605 246 11.8203
610 246 10.5764
57 247 4.90196
58 247 4.90196
604 247 11.8203
610 247 10.5764
57 248 4.90196
58 248 4.90196
58 249 4.90196
596 249 13.3958
599 249 11.8203
600 249 11.8203
58 250 4.90196
76 250 4.90196
594 250 13.3958
595 250 13.3958
598 250 11.8203
599 250 11.8203
58 251 4.90196
593 251 13.3958
594 251 13.3958
597 251 11.8203
593 252 13.3958
596 252 11.8203
597 252 11.8203
593 253 13.3958
596 253 11.8203
596 254 11.8203
553 255 18.2648
76 256 4.90196
76 257 4.90196
76 258 4.90196
605 258 13.3958
609 258 11.8203
610 258 11.8203
612 258 11.8203
76 259 4.90196
609 259 11.8203
610 259 11.8203
612 259 11.8203
616 259 9.56938
76 260 4.90196
554 260 15.456
76 261 4.90196
553 261 15.456
594 262 11.8203
57 263 4.90196
76 266 4.90196
76 267 4.90196
520 267 15.456
520 268 15.456
595 268 11.8203
76 269 4.90196
519 269 15.456
76 270 4.90196
631 270 10.5764
565 271 11.8203
595 271 11.8203
523 272 13.3958
76 273 4.90196
523 273 13.3958
75 274 4.90196
76 274 4.90196
175 274 13.3958
174 275 13.3958
523 275 13.3958
76 276 4.90196
173 276 13.3958
76 277 4.90196
75 278 4.90196
76 278 4.90196
145 278 13.3958
146 278 13.3958
147 278 13.3958
524 278 13.3958
597 278 11.8203
75 279 4.90196
76 279 4.90196
148 279 11.8203
149 279 11.8203
150 279 11.8203
597 279 11.8203
598 279 11.8203
601 279 10.5764
602 279 10.5764
607 279 9.56938
75 280 4.90196
152 280 11.8203
153 280 11.8203
154 280 11.8203
155 280 11.8203
527 280 11.8203
601 280 10.5764
75 281 4.90196
156 281 11.8203
157 281 11.8203
158 281 11.8203
159 281 11.8203
527 281 11.8203
159 282 11.8203
160 282 11.8203
161 282 11.8203
162 282 11.8203
71 283 11.8203
76 283 4.90196
164 283 11.8203
165 283 11.8203
166 283 11.8203
529 285 11.8203
529 286 11.8203
232 287 9.56938
235 287 9.56938
530 287 11.8203
599 287 10.5764
232 288 9.56938
233 288 9.56938
599 288 10.5764
603 288 10.5764
233 289 9.56938
588 289 10.5764
598 289 10.5764
603 289 10.5764
604 289 10.5764
609 289 10.5764
75 290 4.90196
594 290 10.5764
603 290 10.5764
608 290 10.5764
609 290 10.5764
615 290 10.5764
616 290 10.5764
75 291 4.90196
535 291 10.5764
75 292 4.90196
211 292 8.73744
627 292 9.56938
75 293 4.90196
221 293 8.73744
225 293 8.73744
613 293 10.5764
614 293 10.5764
615 293 10.5764
618 293 9.56938
635 293 9.56938
218 294 10.5764
221 294 8.73744
222 294 8.73744
617 294 9.56938
75 295 4.90196
189 295 8.73744
222 295 8.73744
223 295 8.73744
180 297 8.73744
195 297 8.73744
215 297 8.73744
216 297 8.73744
195 298 8.73744
216 298 8.73744
217 298 8.73744
224 298 8.73744
543 298 9.56938
612 298 10.5764
617 298 9.56938
189 299 8.73744
616 299 9.56938
617 299 9.56938
75 301 4.90196
75 302 4.90196
188 302 8.03858
189 303 8.03858
204 303 8.03858
173 306 8.03858
161 307 7.44324
162 307 7.44324
173 307 8.03858
162 308 7.44324
176 308 7.44324
159 309 7.44324
183 312 7.44324
183 313 7.44324
184 313 7.44324
175 314 7.44324
179 314 7.44324
176 315 7.44324
177 315 7.44324
180 315 7.44324
177 316 7.44324
178 316 7.44324
191 316 7.44324
145 318 6.93001
146 318 6.93001
201 318 7.44324
146 319 6.93001
201 319 7.44324
169 321 6.93001
169 322 6.93001
170 322 6.93001
153 323 6.93001
184 325 6.93001
127 326 6.48298
141 326 6.48298
142 326 6.48298
74 327 4.90196
127 327 6.48298
128 327 6.48298
198 327 6.93001
74 328 4.90196
157 328 6.48298
158 328 6.48298
159 328 6.48298
160 328 6.48298
74 329 4.90196
155 329 6.48298
156 329 6.48298
160 329 6.48298
144 330 6.48298
156 330 6.48298
157 330 6.48298
158 330 6.48298
144 331 6.48298
157 331 6.48298
158 331 6.48298
116 332 6.48298
117 332 6.48298
167 332 6.48298
74 333 4.90196
113 333 6.48298
167 333 6.48298
74 334 4.90196
112 334 6.48298
132 334 6.09013
138 334 6.09013
74 335 4.90196
74 336 4.90196
118 336 6.09013
154 336 6.09013
111 337 5.74218
140 337 6.09013
141 337 6.09013
145 337 6.09013
146 337 6.09013
111 338 5.74218
112 338 5.74218
146 338 6.09013
147 338 6.09013
110 339 5.74218
113 339 5.74218
137 339 6.09013
181 339 6.48298
182 339 6.48298
598 339 6.48298
72 340 4.90196
73 340 4.90196
74 340 4.90196
110 340 5.74218
111 340 5.74218
598 340 6.48298
599 340 6.48298
74 341 4.90196
154 341 6.09013
117 342 5.74218
118 342 5.74218
83 343 5.74218
83 344 5.74218
108 344 5.74218
109 344 5.74218
296 344 6.48298
297 344 6.48298
108 345 5.74218
109 345 5.74218
122 345 5.74218
298 345 6.48298
116 346 5.74218
175 346 6.09013
596 346 6.48298
597 346 6.48298
598 346 6.48298
599 346 6.48298
600 346 6.48298
601 346 6.48298
602 346 6.48298
603 346 6.09013
604 346 6.09013
607 346 6.09013
608 346 6.09013
609 346 6.09013
117 347 5.74218
175 347 6.09013
176 347 6.09013
597 347 6.48298
600 347 6.48298
601 347 6.48298
602 347 6.48298
603 347 6.09013
604 347 6.09013
605 347 6.09013
606 347 6.09013
607 347 6.09013
608 347 6.09013
609 347 6.09013
610 347 5.74218
611 347 5.74218
113 348 5.43183
605 348 6.09013
606 348 6.09013
608 348 6.09013
609 348 6.09013
610 348 5.74218
611 348 5.74218
612 348 5.74218
613 348 5.43183
113 349 5.43183
114 349 5.43183
612 349 5.74218
613 349 5.43183
89 350 5.43183
119 350 5.43183
161 350 6.09013
335 350 6.09013
89 351 5.43183
90 351 5.43183
159 351 5.74218
173 351 5.74218
80 352 5.43183
86 352 5.43183
87 352 5.43183
161 352 5.74218
173 352 5.74218
174 352 5.74218
175 352 5.74218
80 353 5.43183
89 353 5.43183
157 353 5.74218
158 353 5.74218
159 353 5.74218
174 353 5.74218
80 354 5.43183
89 354 5.43183
122 354 5.43183
157 354 5.74218
158 354 5.74218
159 354 5.74218
171 354 6.09013
81 355 5.43183
140 355 5.43183
158 355 5.74218
159 355 5.74218
163 355 5.15331
164 355 5.15331
113 356 5.43183
141 356 5.43183
112 357 5.43183
142 357 5.43183
82 358 5.15331
161 358 5.74218
127 359 5.43183
106 360 5.15331
107 360 5.15331
154 360 5.43183
106 361 5.15331
107 361 5.15331
108 361 5.15331
154 361 5.43183
155 361 5.43183
156 361 5.43183
108 362 5.15331
109 362 5.15331
110 362 4.90196
94 363 5.15331
121 363 5.15331
122 363 5.15331
76 365 4.90196
78 365 4.90196
79 365 4.90196
342 365 5.43183
343 365 5.43183
344 365 5.43183
345 365 5.43183
77 366 4.90196
78 366 4.90196
79 366 4.90196
117 366 4.90196
199 366 5.43183
235 366 5.43183
417 366 5.43183
418 366 5.43183
116 367 4.90196
117 367 4.90196
118 367 4.90196
125 367 5.15331
235 367 5.43183
236 367 5.43183
43 368 4.90196
51 368 4.90196
52 368 4.90196
117 368 4.90196
118 368 4.90196
119 368 4.90196
126 368 5.15331
28 369 4.90196
48 369 4.90196
52 369 4.90196
111 369 4.90196
48 370 4.90196
52 370 4.90196
53 370 4.90196
111 370 4.90196
112 370 4.90196
113 370 4.90196
114 370 4.90196
169 370 5.15331
24 371 4.90196
25 371 4.90196
166 371 5.15331
170 371 5.15331
171 371 5.15331
166 372 5.15331
167 372 5.15331
171 372 5.15331
192 372 5.15331
226 372 5.15331
82 373 4.67399
167 373 5.15331
168 373 5.15331
169 373 5.15331
223 373 5.15331
230 373 5.15331
108 374 4.90196
137 374 5.15331
144 374 5.15331
145 374 5.15331
168 374 5.15331
169 374 5.15331
232 374 5.15331
235 374 5.15331
269 374 5.74218
287 374 5.15331
109 375 4.67399
137 375 5.15331
138 375 5.15331
139 375 5.15331
140 375 5.15331
141 375 5.15331
227 375 5.15331
228 375 5.15331
274 375 5.15331
345 375 5.15331
79 376 4.67399
109 376 4.67399
110 376 4.67399
138 376 5.15331
139 376 5.15331
140 376 5.15331
141 376 5.15331
142 376 5.15331
143 376 5.15331
231 376 5.15331
274 376 5.15331
64 377 4.67399
65 377 4.67399
105 377 4.67399
110 377 4.67399
111 377 4.67399
142 377 5.15331
143 377 5.15331
259 377 5.15331
78 378 4.46628
99 378 4.67399
102 378 4.67399
107 378 4.67399
183 378 5.15331
79 379 4.46628
89 379 4.67399
99 379 4.67399
102 379 4.67399
104 379 4.67399
262 379 4.90196
263 379 4.90196
25 380 4.46628
26 380 4.46628
99 380 4.67399
100 380 4.67399
104 380 4.67399
105 380 4.67399
268 380 4.90196
269 380 4.90196
26 381 4.46628
59 381 4.46628
99 381 4.67399
100 381 4.67399
101 381 4.67399
105 381 4.67399
186 381 4.90196
187 381 4.90196
258 381 4.90196
100 382 4.67399
101 382 4.67399
188 382 4.90196
189 382 4.90196
263 382 4.90196
264 382 4.90196
54 383 4.46628
97 383 4.90196
100 383 4.67399
101 383 4.67399
102 383 4.67399
108 383 4.67399
157 383 5.15331
159 383 4.90196
160 383 4.90196
192 383 4.90196
265 383 4.90196
100 384 4.67399
101 384 4.67399
109 384 4.67399
157 384 4.90196
160 384 4.90196
161 384 4.90196
106 385 4.67399
155 385 4.90196
161 385 4.90196
95 386 4.46628
126 386 4.90196
155 386 4.90196
162 386 4.90196
163 386 4.67399
507 386 4.90196
126 387 4.90196
127 387 4.90196
128 387 4.90196
155 387 4.90196
363 387 4.90196
91 388 4.46628
103 388 4.46628
108 388 4.46628
109 388 4.46628
155 388 4.67399
163 388 4.67399
365 388 4.90196
84 389 4.90196
87 389 4.46628
92 389 4.46628
97 389 4.46628
109 389 4.46628
110 389 4.46628
154 389 4.67399
155 389 4.67399
156 389 4.67399
157 389 4.67399
161 389 4.46628
253 389 4.67399
88 390 4.46628
98 390 4.46628
155 390 4.67399
156 390 4.67399
157 390 4.67399
158 390 4.67399
159 390 4.67399
80 391 4.46628
81 391 4.46628
109 391 4.46628
244 391 4.67399
37 392 4.27625
81 392 4.46628
110 392 4.46628
270 392 4.67399
271 392 4.67399
32 393 4.27625
39 393 4.46628
110 393 4.46628
111 393 4.46628
33 394 4.27625
36 394 4.27625
111 394 4.46628
35 395 4.27625
82 395 4.46628
111 395 4.46628
261 395 4.67399
262 395 4.67399
86 396 4.27625
189 396 4.46628
190 396 4.46628
263 396 4.67399
78 397 4.10172
81 397 4.27625
86 397 4.27625
87 397 4.27625
194 397 4.46628
78 398 4.10172
83 398 4.27625
115 398 4.67399
220 398 4.46628
221 398 4.46628
8 399 3.94089
9 399 3.94089
77 399 4.10172
78 399 4.10172
79 399 4.10172
83 399 4.27625
84 399 4.27625
85 399 4.27625
117 399 4.46628
118 399 4.46628
215 399 4.46628
224 399 4.46628
243 399 4.46628
61 400 4.10172
80 400 4.10172
229 400 4.46628
230 400 4.46628
244 400 4.46628
56 401 4.10172
57 401 4.10172
54 402 4.10172
56 402 4.10172
58 402 4.10172
59 402 4.10172
227 402 4.46628
228 402 4.46628
21 403 3.94089
55 403 4.10172
58 403 4.10172
59 403 4.10172
229 403 4.46628
54 404 3.94089
55 404 3.94089
56 404 3.94089
59 404 3.94089
60 404 4.10172
54 405 3.94089
55 405 3.94089
56 405 3.94089
57 405 3.94089
56 406 3.94089
57 406 3.94089
26 407 3.94089
31 407 3.94089
32 407 3.94089
35 407 3.94089
32 408 3.94089
40 408 3.94089
50 408 3.94089
105 408 4.27625
213 408 4.27625
369 408 4.27625
20 409 3.94089
40 409 3.94089
41 409 3.94089
51 409 3.94089
213 409 4.27625
20 410 3.94089
21 410 3.94089
40 410 3.94089
46 410 3.79219
72 410 3.94089
101 410 4.27625
102 410 4.27625
222 410 4.27625
223 410 4.27625
418 410 4.27625
16 411 3.94089
19 411 3.94089
21 411 3.94089
28 411 3.94089
52 411 3.94089
102 411 4.27625
103 411 4.27625
223 411 4.27625
224 411 4.27625
345 411 4.27625
361 411 4.27625
374 411 4.27625
16 412 3.94089
17 412 3.94089
19 412 3.94089
20 412 3.94089
27 412 3.94089
102 412 4.27625
103 412 4.27625
104 412 4.10172
105 412 4.10172
14 413 3.79219
16 413 3.79219
34 413 3.79219
35 413 3.79219
363 413 4.10172
364 413 4.10172
380 413 4.27625
14 414 3.79219
15 414 3.79219
16 414 3.79219
97 414 4.10172
382 414 4.10172
383 414 4.10172
10 415 3.79219
16 415 3.79219
42 415 3.79219
99 415 4.10172
100 415 4.10172
101 415 4.10172
103 415 4.10172
7 416 3.79219
94 416 4.10172
397 416 4.10172
7 417 3.79219
8 417 3.79219
28 417 3.79219
38 417 3.79219
45 417 3.79219
95 417 4.10172
96 417 4.10172
215 417 4.10172
218 417 4.10172
219 417 4.10172
310 417 4.10172
374 417 4.10172
375 417 4.10172
8 418 3.79219
39 418 3.79219
40 418 3.79219
92 418 4.10172
311 418 4.10172
344 418 4.10172
43 419 3.79219
92 419 4.10172
93 419 4.10172
345 419 4.10172
93 420 4.10172
94 420 4.10172
91 421 4.10172
94 421 4.10172
357 422 3.94089
9 423 3.6543
349 424 3.94089
351 425 3.94089
382 425 3.94089
383 425 3.94089
45 426 3.6543
332 426 3.94089
340 426 3.94089
341 426 3.94089
43 428 3.6543
44 428 3.6543
45 428 3.6543
30 430 3.52609
29 431 3.52609
323 431 3.79219
324 431 3.79219
83 433 3.94089
82 434 3.79219
85 434 3.94089
426 434 3.79219
427 434 3.79219
17 435 3.52609
78 435 3.79219
80 435 3.79219
279 435 3.79219
322 435 3.79219
27 436 3.52609
34 436 3.52609
74 436 3.6543
80 436 3.79219
81 436 3.79219
28 437 3.52609
80 437 3.6543
81 437 3.6543
82 437 3.6543
83 437 3.6543
192 437 3.79219
275 437 3.79219
276 437 3.79219
277 437 3.79219
75 438 3.6543
76 438 3.6543
193 438 3.79219
253 438 3.79219
277 438 3.79219
278 438 3.79219
77 439 3.6543
78 439 3.6543
79 439 3.6543
355 439 3.6543
372 439 3.6543
373 439 3.6543
374 439 3.6543
595 439 3.6543
633 439 3.6543
255 440 3.79219
19 441 3.40657
23 441 3.40657
24 441 3.40657
71 441 3.6543
72 441 3.6543
417 441 3.6543
20 442 3.40657
21 442 3.40657
95 442 3.6543
333 442 3.6543
22 443 3.40657
23 443 3.40657
24 443 3.40657
172 443 3.6543
334 443 3.6543
23 445 3.40657
24 445 3.40657
64 445 3.52609
179 445 3.6543
195 445 3.6543
256 445 3.6543
37 446 3.40657
43 446 3.40657
165 446 3.52609
169 446 3.52609
172 446 3.6543
180 446 3.6543
210 446 3.6543
223 446 3.6543
331 446 3.6543
37 447 3.40657
43 447 3.40657
64 447 3.52609
65 447 3.52609
175 447 3.52609
211 447 3.6543
333 448 3.6543
44 449 3.40657
57 449 3.79219
63 449 3.52609
64 449 3.52609
212 449 3.6543
45 450 3.40657
226 450 3.52609
227 450 3.52609
45 451 3.40657
46 451 3.40657
60 451 3.52609
61 451 3.52609
132 451 3.52609
133 451 3.52609
135 451 3.94089
357 451 3.52609
45 452 3.40657
46 452 3.29489
47 452 3.29489
54 452 3.40657
61 452 3.52609
30 453 3.29489
54 453 3.40657
55 453 3.40657
60 453 3.52609
219 453 3.52609
274 453 3.52609
275 453 3.52609
20 454 3.29489
34 454 3.29489
35 454 3.29489
42 454 3.40657
48 454 3.29489
275 454 3.52609
277 454 3.52609
20 455 3.29489
21 455 3.29489
40 455 3.40657
191 455 3.52609
197 455 3.52609
247 455 3.52609
22 456 3.29489
51 456 3.40657
52 456 3.40657
55 456 3.40657
199 456 3.40657
200 456 3.40657
215 456 3.52609
216 456 3.40657
217 456 3.40657
248 456 3.40657
20 457 3.29489
21 457 3.29489
49 457 3.40657
50 457 3.40657
51 457 3.40657
52 457 3.40657
53 457 3.52609
56 457 3.52609
129 457 3.40657
203 457 3.29489
217 457 3.40657
218 457 3.40657
219 457 3.40657
220 457 3.40657
221 457 3.40657
248 457 3.40657
249 457 3.40657
250 457 3.40657
336 457 3.40657
38 458 3.29489
137 458 3.52609
138 458 3.40657
139 458 3.40657
140 458 3.40657
141 458 3.40657
142 458 3.40657
216 458 3.40657
217 458 3.40657
250 458 3.40657
401 458 3.40657
128 459 3.40657
129 459 3.40657
130 459 3.40657
131 459 3.40657
137 459 3.40657
318 459 3.40657
136 460 3.40657
137 460 3.40657
208 460 3.40657
4 461 3.1903
136 461 3.40657
137 461 3.40657
138 461 3.40657
139 461 3.40657
539 461 3.40657
5 462 3.09215
11 462 3.09215
138 462 3.40657
139 462 3.40657
540 462 3.40657
3 463 3.09215
4 463 3.09215
140 463 3.40657
4 464 3.09215
9 464 3.09215
10 464 3.09215
141 464 3.40657
142 464 3.29489
11 465 3.09215
16 465 3.1903
59 465 3.29489
199 466 3.29489
609 466 3.40657
58 467 3.29489
59 467 3.29489
60 467 3.29489
609 467 3.40657
610 467 3.40657
611 467 3.40657
614 468 3.29489
14 469 3.09215
54 469 3.29489
613 469 3.29489
614 469 3.29489
615 469 3.29489
13 470 3.09215
14 470 3.09215
55 470 3.29489
617 470 3.29489
185 471 3.29489
389 471 3.29489
8 472 3.09215
9 472 3.09215
12 472 3.09215
13 472 3.09215
186 472 3.29489
7 474 3.09215
284 474 3.1903
574 474 3.09215
482 477 3.1903
483 477 3.1903
484 477 3.1903
504 477 3.1903
