7 3 22.3214
16 3 22.3214
27 3 22.3214
28 3 22.3214
276 3 40.1606
280 3 28.6944
284 3 22.3214
297 3 11.8203
325 3 22.3214
328 3 200
386 3 28.6944
389 3 22.3214
390 3 22.3214
471 3 22.3214
472 3 22.3214
555 3 11.8203
6 4 22.3214
27 4 22.3214
28 4 22.3214
280 4 28.6944
281 4 28.6944
284 4 22.3214
325 4 18.2648
326 4 22.3214
328 4 200
340 4 18.2648
389 4 22.3214
469 4 22.3214
470 4 22.3214
567 4 11.8203
568 4 11.8203
569 4 11.8203
576 4 11.8203
580 4 11.8203
599 4 11.8203
601 4 10.5764
602 4 10.5764
27 5 22.3214
280 5 28.6944
281 5 28.6944
284 5 22.3214
286 5 22.3214
309 5 18.2648
319 5 22.3214
322 5 22.3214
325 5 18.2648
328 5 200
329 5 200
340 5 18.2648
346 5 18.2648
456 5 200
465 5 28.6944
469 5 22.3214
617 5 10.5764
5 6 22.3214
21 6 22.3214
22 6 22.3214
27 6 22.3214
281 6 28.6944
285 6 22.3214
309 6 18.2648
321 6 22.3214
322 6 22.3214
325 6 18.2648
346 6 18.2648
389 6 22.3214
455 6 200
468 6 22.3214
593 6 11.8203
594 6 11.8203
595 6 11.8203
596 6 11.8203
597 6 11.8203
598 6 11.8203
599 6 11.8203
604 6 11.8203
621 6 10.5764
622 6 10.5764
20 7 22.3214
27 7 22.3214
281 7 28.6944
285 7 22.3214
321 7 22.3214
322 7 22.3214
325 7 18.2648
346 7 18.2648
360 7 10.5764
383 7 28.6944
386 7 22.3214
455 7 200
462 7 28.6944
466 7 22.3214
497 7 18.2648
549 7 11.8203
550 7 11.8203
586 7 11.8203
587 7 11.8203
588 7 13.3958
589 7 13.3958
590 7 13.3958
591 7 13.3958
605 7 13.3958
610 7 11.8203
611 7 11.8203
612 7 11.8203
613 7 11.8203
19 8 22.3214
20 8 22.3214
27 8 22.3214
33 8 22.3214
281 8 28.6944
285 8 22.3214
316 8 40.1606
321 8 22.3214
322 8 22.3214
325 8 18.2648
328 8 200
360 8 10.5764
382 8 28.6944
385 8 22.3214
386 8 22.3214
454 8 200
461 8 28.6944
465 8 22.3214
492 8 18.2648
493 8 18.2648
546 8 13.3958
547 8 13.3958
550 8 11.8203
582 8 13.3958
583 8 13.3958
584 8 13.3958
585 8 13.3958
590 8 13.3958
591 8 13.3958
608 8 13.3958
616 8 11.8203
617 8 11.8203
618 8 11.8203
623 8 11.8203
633 8 11.8203
634 8 10.5764
27 9 22.3214
281 9 28.6944
286 9 22.3214
299 9 22.3214
316 9 40.1606
321 9 22.3214
322 9 22.3214
325 9 18.2648
360 9 10.5764
382 9 28.6944
385 9 22.3214
454 9 200
460 9 28.6944
495 9 18.2648
580 9 13.3958
606 9 13.3958
607 9 13.3958
608 9 13.3958
624 9 11.8203
625 9 11.8203
627 9 11.8203
628 9 11.8203
637 9 10.5764
19 10 22.3214
29 10 22.3214
34 10 22.3214
282 10 28.6944
286 10 22.3214
299 10 22.3214
304 10 15.456
305 10 15.456
312 10 66.8896
316 10 40.1606
321 10 22.3214
322 10 22.3214
325 10 18.2648
381 10 28.6944
384 10 22.3214
394 10 3.79219
464 10 22.3214
466 10 18.2648
604 10 13.3958
621 10 13.3958
629 10 11.8203
630 10 11.8203
631 10 11.8203
632 10 11.8203
4 11 22.3214
6 11 22.3214
13 11 22.3214
19 11 22.3214
20 11 22.3214
21 11 22.3214
25 11 22.3214
26 11 22.3214
29 11 22.3214
282 11 28.6944
286 11 22.3214
287 11 22.3214
303 11 15.456
304 11 15.456
312 11 66.8896
316 11 40.1606
322 11 22.3214
325 11 18.2648
341 11 9.56938
347 11 18.2648
453 11 66.8896
462 11 22.3214
463 11 22.3214
580 11 9.56938
621 11 13.3958
633 11 11.8203
634 11 11.8203
635 11 11.8203
3 12 22.3214
4 12 22.3214
8 12 22.3214
13 12 22.3214
19 12 22.3214
25 12 22.3214
29 12 22.3214
283 12 28.6944
287 12 22.3214
303 12 15.456
312 12 66.8896
316 12 40.1606
322 12 22.3214
325 12 18.2648
341 12 10.5764
347 12 18.2648
378 12 10.5764
452 12 66.8896
461 12 22.3214
462 12 22.3214
463 12 22.3214
580 12 9.56938
621 12 13.3958
637 12 11.8203
8 13 22.3214
22 13 22.3214
33 13 22.3214
34 13 22.3214
283 13 28.6944
287 13 22.3214
312 13 66.8896
316 13 66.8896
322 13 22.3214
339 13 10.5764
347 13 18.2648
378 13 10.5764
382 13 22.3214
459 13 22.3214
460 13 22.3214
461 13 22.3214
575 13 10.5764
576 13 10.5764
4 14 22.3214
11 14 22.3214
17 14 40.1606
28 14 22.3214
33 14 22.3214
283 14 28.6944
295 14 15.456
316 14 66.8896
322 14 22.3214
325 14 22.3214
339 14 10.5764
365 14 5.74218
381 14 22.3214
382 14 22.3214
458 14 22.3214
459 14 22.3214
526 14 11.8203
570 14 11.8203
571 14 11.8203
572 14 11.8203
585 14 11.8203
589 14 11.8203
590 14 11.8203
591 14 11.8203
592 14 11.8203
4 15 22.3214
11 15 22.3214
13 15 22.3214
25 15 22.3214
26 15 22.3214
32 15 22.3214
33 15 22.3214
284 15 28.6944
290 15 22.3214
294 15 15.456
295 15 15.456
322 15 28.6944
325 15 22.3214
341 15 28.6944
365 15 5.74218
380 15 22.3214
381 15 22.3214
450 15 66.8896
457 15 22.3214
546 15 11.8203
4 16 22.3214
14 16 22.3214
25 16 22.3214
32 16 22.3214
284 16 28.6944
285 16 28.6944
289 16 22.3214
290 16 22.3214
294 16 15.456
322 16 28.6944
341 16 28.6944
380 16 22.3214
383 16 22.3214
455 16 22.3214
456 16 22.3214
531 16 11.8203
556 16 10.5764
5 17 22.3214
6 17 22.3214
10 17 22.3214
16 17 200
28 17 22.3214
32 17 22.3214
285 17 28.6944
288 17 22.3214
289 17 22.3214
322 17 28.6944
324 17 22.3214
341 17 28.6944
349 17 8.03858
379 17 22.3214
380 17 22.3214
454 17 22.3214
455 17 22.3214
532 17 11.8203
557 17 10.5764
5 18 22.3214
10 18 22.3214
28 18 22.3214
31 18 22.3214
285 18 28.6944
289 18 22.3214
317 18 40.1606
318 18 40.1606
324 18 22.3214
339 18 28.6944
341 18 10.5764
349 18 8.03858
359 18 11.8203
378 18 22.3214
379 18 22.3214
451 18 22.3214
452 18 22.3214
453 18 22.3214
540 18 11.8203
554 18 11.8203
5 19 22.3214
13 19 22.3214
18 19 200
19 19 200
24 19 22.3214
30 19 22.3214
31 19 22.3214
285 19 28.6944
286 19 28.6944
289 19 22.3214
313 19 200
318 19 40.1606
324 19 22.3214
330 19 15.456
339 19 10.5764
349 19 8.03858
359 19 11.8203
377 19 22.3214
378 19 22.3214
451 19 22.3214
452 19 22.3214
5 20 22.3214
6 20 22.3214
13 20 22.3214
24 20 22.3214
30 20 22.3214
286 20 28.6944
289 20 22.3214
291 20 22.3214
318 20 40.1606
323 20 22.3214
324 20 22.3214
330 20 15.456
339 20 10.5764
343 20 9.56938
349 20 8.03858
359 20 11.8203
377 20 22.3214
445 20 40.1606
450 20 22.3214
5 21 22.3214
6 21 22.3214
29 21 22.3214
30 21 22.3214
286 21 28.6944
289 21 22.3214
318 21 40.1606
323 21 22.3214
324 21 22.3214
330 21 15.456
343 21 9.56938
356 21 13.3958
359 21 11.8203
377 21 22.3214
383 21 15.456
448 21 22.3214
449 21 22.3214
450 21 22.3214
5 22 22.3214
6 22 22.3214
25 22 22.3214
28 22 22.3214
30 22 22.3214
286 22 28.6944
289 22 22.3214
318 22 40.1606
323 22 22.3214
343 22 9.56938
350 22 18.2648
356 22 13.3958
373 22 28.6944
376 22 22.3214
377 22 22.3214
383 22 15.456
443 22 40.1606
447 22 22.3214
448 22 22.3214
30 23 22.3214
286 23 28.6944
289 23 22.3214
318 23 40.1606
323 23 22.3214
324 23 22.3214
340 23 40.1606
343 23 9.56938
350 23 18.2648
356 23 13.3958
358 23 13.3958
372 23 28.6944
375 23 22.3214
376 23 22.3214
446 23 22.3214
14 24 22.3214
15 24 22.3214
16 24 22.3214
29 24 22.3214
30 24 22.3214
286 24 28.6944
289 24 22.3214
318 24 40.1606
323 24 22.3214
324 24 22.3214
337 24 11.8203
340 24 40.1606
344 24 28.6944
350 24 18.2648
372 24 28.6944
375 24 22.3214
438 24 40.1606
445 24 22.3214
446 24 22.3214
582 24 9.56938
10 25 22.3214
14 25 22.3214
15 25 22.3214
16 25 22.3214
23 25 22.3214
29 25 22.3214
286 25 28.6944
289 25 22.3214
290 25 22.3214
318 25 40.1606
324 25 22.3214
340 25 40.1606
344 25 28.6944
350 25 18.2648
374 25 22.3214
443 25 22.3214
444 25 22.3214
445 25 22.3214
10 26 22.3214
23 26 22.3214
25 26 22.3214
30 26 22.3214
286 26 28.6944
290 26 22.3214
318 26 40.1606
324 26 22.3214
340 26 40.1606
343 26 28.6944
350 26 18.2648
357 26 28.6944
442 26 22.3214
9 27 22.3214
10 27 22.3214
21 27 22.3214
30 27 22.3214
286 27 28.6944
290 27 22.3214
318 27 40.1606
319 27 40.1606
324 27 22.3214
340 27 40.1606
349 27 18.2648
350 27 18.2648
361 27 6.48298
373 27 22.3214
441 27 22.3214
9 28 22.3214
11 28 22.3214
15 28 22.3214
24 28 22.3214
30 28 22.3214
31 28 22.3214
286 28 28.6944
290 28 22.3214
318 28 40.1606
324 28 22.3214
340 28 40.1606
349 28 18.2648
356 28 28.6944
372 28 22.3214
373 28 22.3214
440 28 22.3214
442 28 22.3214
539 28 13.3958
9 29 22.3214
21 29 22.3214
27 29 22.3214
30 29 22.3214
286 29 28.6944
290 29 22.3214
291 29 22.3214
318 29 40.1606
324 29 22.3214
338 29 40.1606
340 29 40.1606
349 29 18.2648
371 29 22.3214
372 29 22.3214
439 29 22.3214
440 29 22.3214
27 30 22.3214
30 30 22.3214
287 30 28.6944
290 30 22.3214
291 30 22.3214
318 30 40.1606
324 30 22.3214
325 30 22.3214
338 30 40.1606
344 30 28.6944
349 30 18.2648
368 30 22.3214
371 30 22.3214
432 30 40.1606
438 30 22.3214
439 30 22.3214
10 31 22.3214
11 31 22.3214
12 31 22.3214
20 31 22.3214
26 31 22.3214
27 31 22.3214
30 31 22.3214
287 31 28.6944
291 31 22.3214
319 31 40.1606
325 31 22.3214
335 31 28.6944
339 31 40.1606
343 31 28.6944
348 31 18.2648
349 31 18.2648
367 31 28.6944
370 31 22.3214
432 31 40.1606
437 31 22.3214
438 31 22.3214
26 32 22.3214
27 32 22.3214
287 32 28.6944
288 32 28.6944
291 32 22.3214
319 32 40.1606
325 32 22.3214
339 32 40.1606
340 32 40.1606
343 32 28.6944
348 32 18.2648
354 32 28.6944
369 32 22.3214
370 32 22.3214
431 32 40.1606
435 32 22.3214
636 32 11.8203
26 33 22.3214
29 33 22.3214
30 33 22.3214
32 33 22.3214
33 33 18.2648
288 33 28.6944
292 33 22.3214
319 33 40.1606
325 33 22.3214
326 33 22.3214
339 33 40.1606
348 33 18.2648
354 33 28.6944
369 33 22.3214
434 33 22.3214
435 33 22.3214
558 33 10.5764
636 33 11.8203
17 34 200
29 34 22.3214
37 34 22.3214
288 34 28.6944
292 34 22.3214
319 34 40.1606
325 34 22.3214
326 34 22.3214
339 34 40.1606
348 34 18.2648
349 34 18.2648
351 34 15.456
368 34 22.3214
394 34 22.3214
433 34 22.3214
434 34 22.3214
558 34 10.5764
636 34 11.8203
19 35 200
28 35 22.3214
29 35 22.3214
36 35 22.3214
37 35 22.3214
289 35 28.6944
293 35 22.3214
320 35 40.1606
325 35 22.3214
326 35 22.3214
339 35 40.1606
348 35 40.1606
349 35 18.2648
351 35 15.456
363 35 40.1606
367 35 22.3214
368 35 22.3214
432 35 22.3214
433 35 22.3214
27 36 22.3214
28 36 22.3214
37 36 22.3214
289 36 28.6944
293 36 22.3214
320 36 40.1606
326 36 22.3214
339 36 40.1606
351 36 15.456
366 36 22.3214
367 36 22.3214
431 36 22.3214
432 36 22.3214
572 36 11.8203
28 37 22.3214
29 37 22.3214
38 37 22.3214
289 37 28.6944
290 37 28.6944
293 37 22.3214
320 37 40.1606
321 37 40.1606
326 37 22.3214
327 37 22.3214
339 37 40.1606
348 37 40.1606
354 37 200
355 37 200
366 37 22.3214
425 37 40.1606
430 37 22.3214
633 37 11.8203
634 37 11.8203
635 37 11.8203
14 38 22.3214
29 38 22.3214
38 38 22.3214
290 38 28.6944
294 38 22.3214
321 38 8.03858
326 38 22.3214
339 38 40.1606
348 38 40.1606
354 38 200
362 38 28.6944
365 38 22.3214
366 38 22.3214
429 38 22.3214
629 38 13.3958
630 38 13.3958
8 39 22.3214
29 39 22.3214
30 39 22.3214
38 39 22.3214
290 39 28.6944
291 39 28.6944
294 39 22.3214
295 39 22.3214
321 39 8.03858
326 39 22.3214
339 39 40.1606
348 39 40.1606
364 39 22.3214
365 39 22.3214
428 39 22.3214
8 40 22.3214
14 40 22.3214
29 40 22.3214
30 40 22.3214
37 40 22.3214
38 40 22.3214
135 40 40.1606
291 40 28.6944
294 40 22.3214
295 40 22.3214
322 40 8.03858
327 40 22.3214
347 40 40.1606
350 40 15.456
357 40 7.44324
361 40 28.6944
364 40 22.3214
427 40 22.3214
428 40 22.3214
484 40 22.3214
485 40 22.3214
14 41 22.3214
37 41 22.3214
38 41 22.3214
291 41 28.6944
295 41 22.3214
321 41 40.1606
327 41 22.3214
337 41 40.1606
347 41 40.1606
350 41 15.456
363 41 22.3214
364 41 22.3214
426 41 22.3214
484 41 22.3214
634 41 13.3958
14 42 22.3214
24 42 22.3214
30 42 22.3214
37 42 22.3214
38 42 22.3214
136 42 40.1606
292 42 28.6944
296 42 22.3214
321 42 40.1606
327 42 22.3214
337 42 40.1606
343 42 66.8896
350 42 15.456
353 42 200
357 42 7.44324
360 42 28.6944
363 42 22.3214
425 42 22.3214
19 43 22.3214
20 43 22.3214
24 43 22.3214
25 43 22.3214
30 43 22.3214
37 43 22.3214
292 43 28.6944
296 43 22.3214
321 43 40.1606
327 43 22.3214
337 43 40.1606
347 43 28.6944
349 43 15.456
363 43 22.3214
419 43 40.1606
423 43 22.3214
424 43 22.3214
482 43 22.3214
634 43 13.3958
5 44 28.6944
18 44 22.3214
21 44 22.3214
24 44 22.3214
30 44 22.3214
37 44 22.3214
292 44 28.6944
293 44 28.6944
297 44 22.3214
321 44 40.1606
327 44 22.3214
328 44 22.3214
337 44 40.1606
342 44 66.8896
362 44 22.3214
363 44 22.3214
423 44 22.3214
634 44 13.3958
635 44 13.3958
7 45 22.3214
12 45 22.3214
17 45 22.3214
18 45 22.3214
36 45 22.3214
37 45 22.3214
118 45 40.1606
137 45 28.6944
293 45 28.6944
297 45 22.3214
321 45 40.1606
328 45 22.3214
342 45 66.8896
361 45 22.3214
362 45 22.3214
421 45 22.3214
634 45 13.3958
12 46 22.3214
26 46 22.3214
27 46 22.3214
30 46 22.3214
31 46 22.3214
36 46 22.3214
37 46 22.3214
118 46 40.1606
137 46 28.6944
293 46 28.6944
297 46 22.3214
298 46 22.3214
321 46 40.1606
322 46 40.1606
328 46 22.3214
342 46 66.8896
347 46 18.2648
348 46 18.2648
361 46 22.3214
382 46 40.1606
420 46 22.3214
421 46 22.3214
471 46 28.6944
518 46 11.8203
519 46 11.8203
634 46 13.3958
5 47 22.3214
6 47 22.3214
11 47 22.3214
12 47 22.3214
18 47 22.3214
28 47 22.3214
31 47 22.3214
35 47 22.3214
36 47 22.3214
118 47 40.1606
137 47 28.6944
138 47 28.6944
294 47 28.6944
298 47 22.3214
322 47 40.1606
328 47 22.3214
339 47 200
342 47 66.8896
347 47 18.2648
350 47 200
357 47 28.6944
360 47 22.3214
361 47 22.3214
382 47 40.1606
419 47 22.3214
420 47 22.3214
469 47 28.6944
634 47 13.3958
28 48 22.3214
35 48 22.3214
118 48 40.1606
138 48 28.6944
248 48 28.6944
280 48 28.6944
294 48 28.6944
299 48 22.3214
322 48 40.1606
328 48 22.3214
339 48 200
347 48 18.2648
349 48 18.2648
350 48 200
360 48 22.3214
382 48 40.1606
403 48 28.6944
419 48 22.3214
467 48 28.6944
468 48 28.6944
524 48 11.8203
622 48 13.3958
10 49 22.3214
13 49 22.3214
15 49 22.3214
20 49 22.3214
21 49 22.3214
28 49 22.3214
29 49 22.3214
62 49 40.1606
66 49 40.1606
118 49 40.1606
138 49 40.1606
280 49 28.6944
295 49 28.6944
299 49 22.3214
300 49 22.3214
322 49 40.1606
323 49 40.1606
328 49 22.3214
329 49 22.3214
339 49 200
347 49 18.2648
356 49 28.6944
359 49 22.3214
360 49 22.3214
396 49 15.456
418 49 22.3214
466 49 28.6944
5 50 22.3214
6 50 22.3214
20 50 22.3214
21 50 22.3214
29 50 22.3214
35 50 22.3214
36 50 22.3214
62 50 40.1606
66 50 40.1606
118 50 40.1606
137 50 40.1606
138 50 40.1606
139 50 40.1606
295 50 28.6944
299 50 22.3214
300 50 22.3214
322 50 40.1606
323 50 40.1606
329 50 22.3214
339 50 200
349 50 200
359 50 22.3214
396 50 15.456
465 50 28.6944
12 51 22.3214
25 51 40.1606
29 51 22.3214
34 51 22.3214
35 51 22.3214
62 51 40.1606
66 51 40.1606
119 51 40.1606
126 51 28.6944
138 51 40.1606
237 51 22.3214
240 51 22.3214
300 51 22.3214
323 51 40.1606
329 51 22.3214
346 51 18.2648
348 51 18.2648
355 51 28.6944
358 51 22.3214
396 51 15.456
414 51 22.3214
415 51 22.3214
464 51 28.6944
11 52 22.3214
16 52 22.3214
29 52 22.3214
33 52 22.3214
35 52 22.3214
66 52 40.1606
119 52 40.1606
237 52 22.3214
240 52 22.3214
294 52 40.1606
300 52 22.3214
301 52 22.3214
323 52 40.1606
329 52 22.3214
346 52 18.2648
358 52 22.3214
414 52 22.3214
463 52 28.6944
5 53 22.3214
6 53 22.3214
11 53 22.3214
13 53 22.3214
15 53 22.3214
29 53 22.3214
35 53 22.3214
66 53 40.1606
119 53 40.1606
136 53 40.1606
301 53 22.3214
323 53 40.1606
329 53 22.3214
346 53 18.2648
357 53 22.3214
358 53 22.3214
414 53 22.3214
461 53 28.6944
5 54 22.3214
6 54 22.3214
7 54 22.3214
30 54 22.3214
66 54 40.1606
126 54 28.6944
138 54 40.1606
143 54 40.1606
273 54 22.3214
297 54 28.6944
298 54 28.6944
301 54 22.3214
302 54 22.3214
325 54 40.1606
329 54 22.3214
332 54 22.3214
340 54 28.6944
356 54 22.3214
357 54 22.3214
413 54 22.3214
460 54 28.6944
29 55 22.3214
30 55 22.3214
37 55 22.3214
62 55 40.1606
66 55 40.1606
126 55 28.6944
127 55 28.6944
143 55 40.1606
255 55 10.5764
298 55 28.6944
302 55 22.3214
308 55 28.6944
330 55 22.3214
332 55 22.3214
340 55 28.6944
356 55 22.3214
413 55 22.3214
459 55 28.6944
555 55 11.8203
592 55 13.3958
593 55 13.3958
10 56 40.1606
14 56 22.3214
21 56 22.3214
29 56 22.3214
30 56 22.3214
36 56 22.3214
37 56 22.3214
38 56 22.3214
62 56 40.1606
66 56 40.1606
126 56 28.6944
127 56 40.1606
128 56 40.1606
142 56 40.1606
298 56 28.6944
302 56 22.3214
330 56 22.3214
340 56 28.6944
355 56 22.3214
356 56 22.3214
412 56 22.3214
413 56 22.3214
14 57 22.3214
15 57 22.3214
21 57 22.3214
23 57 22.3214
30 57 22.3214
36 57 22.3214
37 57 22.3214
62 57 40.1606
66 57 40.1606
126 57 40.1606
133 57 28.6944
142 57 40.1606
143 57 40.1606
243 57 22.3214
299 57 28.6944
303 57 22.3214
309 57 28.6944
324 57 40.1606
330 57 200
333 57 7.44324
346 57 66.8896
347 57 66.8896
355 57 22.3214
356 57 22.3214
408 57 22.3214
409 57 22.3214
36 58 22.3214
66 58 40.1606
129 58 40.1606
133 58 28.6944
141 58 40.1606
243 58 22.3214
244 58 18.2648
258 58 22.3214
299 58 28.6944
303 58 22.3214
309 58 28.6944
324 58 40.1606
330 58 200
333 58 7.44324
346 58 66.8896
354 58 22.3214
355 58 22.3214
407 58 22.3214
408 58 22.3214
455 58 22.3214
456 58 22.3214
599 58 13.3958
14 59 22.3214
27 59 66.8896
28 59 66.8896
33 59 22.3214
36 59 22.3214
66 59 40.1606
140 59 40.1606
142 59 40.1606
241 59 22.3214
257 59 22.3214
258 59 22.3214
270 59 22.3214
273 59 28.6944
300 59 28.6944
304 59 22.3214
330 59 200
346 59 66.8896
354 59 22.3214
406 59 22.3214
407 59 22.3214
454 59 28.6944
600 59 13.3958
4 60 200
15 60 22.3214
17 60 22.3214
29 60 66.8896
32 60 22.3214
33 60 22.3214
37 60 22.3214
66 60 40.1606
131 60 40.1606
140 60 40.1606
240 60 22.3214
241 60 22.3214
258 60 22.3214
300 60 28.6944
304 60 22.3214
330 60 200
338 60 15.456
346 60 66.8896
349 60 18.2648
353 60 22.3214
354 60 22.3214
406 60 22.3214
426 60 7.44324
452 60 28.6944
623 60 11.8203
15 61 22.3214
33 61 22.3214
37 61 22.3214
65 61 40.1606
66 61 40.1606
112 61 40.1606
139 61 40.1606
140 61 40.1606
258 61 22.3214
301 61 28.6944
305 61 22.3214
308 61 18.2648
332 61 22.3214
338 61 15.456
345 61 66.8896
346 61 66.8896
353 61 22.3214
396 61 66.8896
399 61 40.1606
404 61 22.3214
405 61 22.3214
426 61 7.44324
447 61 40.1606
451 61 28.6944
623 61 11.8203
14 62 22.3214
15 62 22.3214
37 62 22.3214
65 62 40.1606
131 62 28.6944
140 62 40.1606
141 62 40.1606
253 62 40.1606
301 62 28.6944
305 62 22.3214
308 62 18.2648
321 62 10.5764
332 62 22.3214
345 62 66.8896
353 62 22.3214
398 62 40.1606
404 62 22.3214
405 62 22.3214
623 62 11.8203
14 63 22.3214
15 63 22.3214
17 63 22.3214
32 63 22.3214
33 63 22.3214
38 63 22.3214
39 63 22.3214
65 63 40.1606
113 63 40.1606
124 63 28.6944
131 63 28.6944
138 63 40.1606
141 63 40.1606
235 63 22.3214
243 63 28.6944
255 63 40.1606
306 63 22.3214
308 63 18.2648
309 63 18.2648
332 63 22.3214
345 63 66.8896
352 63 22.3214
402 63 22.3214
449 63 28.6944
32 64 22.3214
38 64 22.3214
39 64 22.3214
65 64 40.1606
113 64 40.1606
139 64 40.1606
141 64 40.1606
142 64 40.1606
234 64 22.3214
235 64 22.3214
242 64 28.6944
278 64 10.5764
299 64 40.1606
302 64 28.6944
306 64 22.3214
309 64 18.2648
352 64 22.3214
397 64 40.1606
401 64 22.3214
448 64 28.6944
14 65 22.3214
19 65 22.3214
38 65 22.3214
39 65 22.3214
65 65 40.1606
113 65 40.1606
130 65 28.6944
142 65 40.1606
302 65 28.6944
306 65 22.3214
322 65 18.2648
327 65 40.1606
333 65 22.3214
347 65 11.8203
351 65 22.3214
390 65 200
395 65 40.1606
400 65 22.3214
401 65 22.3214
448 65 28.6944
13 66 22.3214
14 66 22.3214
15 66 22.3214
19 66 22.3214
30 66 22.3214
32 66 22.3214
36 66 22.3214
38 66 22.3214
39 66 22.3214
65 66 40.1606
130 66 28.6944
131 66 28.6944
141 66 40.1606
142 66 40.1606
253 66 22.3214
267 66 22.3214
303 66 28.6944
307 66 22.3214
321 66 18.2648
322 66 18.2648
327 66 40.1606
333 66 22.3214
337 66 18.2648
347 66 11.8203
350 66 22.3214
399 66 22.3214
446 66 28.6944
14 67 22.3214
19 67 22.3214
21 67 22.3214
35 67 28.6944
38 67 22.3214
39 67 22.3214
65 67 40.1606
113 67 40.1606
131 67 28.6944
141 67 40.1606
142 67 40.1606
239 67 28.6944
240 67 28.6944
279 67 22.3214
303 67 28.6944
307 67 22.3214
314 67 15.456
321 67 18.2648
327 67 40.1606
334 67 22.3214
337 67 18.2648
347 67 11.8203
350 67 22.3214
399 67 22.3214
19 68 22.3214
21 68 22.3214
38 68 22.3214
39 68 22.3214
65 68 40.1606
113 68 40.1606
129 68 28.6944
132 68 28.6944
142 68 40.1606
228 68 18.2648
303 68 28.6944
304 68 28.6944
314 68 15.456
320 68 18.2648
334 68 22.3214
337 68 18.2648
399 68 22.3214
425 68 7.44324
13 69 22.3214
18 69 22.3214
19 69 22.3214
21 69 22.3214
29 69 22.3214
30 69 22.3214
38 69 22.3214
39 69 22.3214
65 69 40.1606
113 69 40.1606
142 69 40.1606
228 69 18.2648
271 69 15.456
280 69 22.3214
304 69 28.6944
308 69 22.3214
309 69 22.3214
328 69 40.1606
334 69 22.3214
348 69 22.3214
351 69 18.2648
396 69 22.3214
399 69 18.2648
7 70 40.1606
11 70 22.3214
18 70 22.3214
19 70 22.3214
20 70 22.3214
30 70 22.3214
38 70 22.3214
39 70 22.3214
65 70 40.1606
113 70 40.1606
129 70 40.1606
136 70 200
142 70 40.1606
242 70 200
272 70 15.456
304 70 28.6944
308 70 22.3214
334 70 22.3214
338 70 66.8896
347 70 22.3214
348 70 22.3214
351 70 18.2648
394 70 22.3214
395 70 22.3214
415 70 28.6944
421 70 8.03858
10 71 22.3214
29 71 22.3214
38 71 22.3214
65 71 40.1606
112 71 40.1606
142 71 40.1606
226 71 22.3214
288 71 28.6944
309 71 22.3214
328 71 40.1606
334 71 22.3214
335 71 22.3214
338 71 66.8896
347 71 22.3214
388 71 40.1606
393 71 22.3214
394 71 22.3214
415 71 28.6944
6 72 40.1606
10 72 22.3214
13 72 22.3214
28 72 22.3214
29 72 22.3214
38 72 22.3214
65 72 40.1606
112 72 40.1606
130 72 28.6944
137 72 200
142 72 40.1606
224 72 22.3214
226 72 22.3214
266 72 28.6944
273 72 15.456
305 72 28.6944
309 72 22.3214
328 72 40.1606
335 72 66.8896
338 72 66.8896
346 72 22.3214
347 72 22.3214
351 72 15.456
352 72 15.456
387 72 40.1606
393 72 22.3214
9 73 22.3214
10 73 22.3214
12 73 22.3214
28 73 22.3214
33 73 22.3214
34 73 22.3214
37 73 22.3214
38 73 22.3214
42 73 22.3214
65 73 40.1606
112 73 40.1606
131 73 28.6944
141 73 40.1606
142 73 40.1606
235 73 28.6944
264 73 28.6944
267 73 28.6944
271 73 18.2648
274 73 15.456
295 73 200
310 73 40.1606
328 73 40.1606
334 73 200
335 73 66.8896
337 73 66.8896
346 73 22.3214
351 73 15.456
352 73 15.456
387 73 40.1606
393 73 22.3214
420 73 8.03858
427 73 6.93001
441 73 66.8896
601 73 66.8896
9 74 22.3214
10 74 22.3214
15 74 22.3214
28 74 22.3214
34 74 22.3214
38 74 22.3214
42 74 22.3214
65 74 40.1606
141 74 40.1606
264 74 28.6944
266 74 28.6944
306 74 28.6944
310 74 40.1606
313 74 28.6944
316 74 22.3214
328 74 40.1606
334 74 200
337 74 66.8896
345 74 22.3214
346 74 22.3214
351 74 15.456
390 74 28.6944
427 74 6.93001
436 74 28.6944
601 74 66.8896
3 75 66.8896
9 75 22.3214
16 75 22.3214
28 75 22.3214
38 75 22.3214
42 75 22.3214
65 75 40.1606
141 75 40.1606
256 75 200
267 75 40.1606
275 75 22.3214
296 75 200
310 75 40.1606
315 75 22.3214
329 75 40.1606
334 75 200
345 75 22.3214
351 75 15.456
360 75 28.6944
383 75 66.8896
389 75 28.6944
390 75 22.3214
435 75 22.3214
9 76 22.3214
25 76 22.3214
28 76 22.3214
29 76 22.3214
35 76 22.3214
38 76 22.3214
42 76 22.3214
65 76 40.1606
140 76 40.1606
141 76 40.1606
270 76 66.8896
273 76 28.6944
275 76 22.3214
276 76 22.3214
279 76 18.2648
312 76 28.6944
315 76 22.3214
329 76 10.5764
334 76 200
345 76 22.3214
351 76 15.456
389 76 22.3214
434 76 22.3214
8 77 22.3214
9 77 22.3214
12 77 40.1606
13 77 40.1606
17 77 22.3214
20 77 22.3214
25 77 22.3214
26 77 22.3214
35 77 22.3214
36 77 22.3214
42 77 22.3214
43 77 22.3214
65 77 40.1606
113 77 40.1606
140 77 40.1606
141 77 40.1606
142 77 40.1606
268 77 66.8896
273 77 28.6944
280 77 18.2648
287 77 28.6944
312 77 28.6944
315 77 22.3214
334 77 200
345 77 22.3214
351 77 15.456
382 77 66.8896
389 77 22.3214
433 77 22.3214
434 77 22.3214
442 77 66.8896
586 77 11.8203
17 78 22.3214
20 78 22.3214
42 78 22.3214
65 78 40.1606
113 78 40.1606
140 78 40.1606
268 78 66.8896
280 78 18.2648
287 78 28.6944
314 78 22.3214
388 78 22.3214
398 78 15.456
433 78 22.3214
442 78 66.8896
565 78 13.3958
586 78 11.8203
587 78 11.8203
9 79 22.3214
30 79 22.3214
40 79 22.3214
41 79 22.3214
65 79 40.1606
114 79 40.1606
275 79 28.6944
281 79 28.6944
288 79 28.6944
308 79 40.1606
314 79 22.3214
347 79 18.2648
385 79 22.3214
398 79 15.456
402 79 13.3958
565 79 13.3958
19 80 22.3214
38 80 22.3214
41 80 22.3214
65 80 40.1606
114 80 40.1606
129 80 28.6944
130 80 28.6944
308 80 40.1606
314 80 22.3214
315 80 22.3214
346 80 18.2648
347 80 18.2648
395 80 18.2648
398 80 15.456
402 80 13.3958
443 80 66.8896
12 81 66.8896
18 81 22.3214
19 81 22.3214
27 81 22.3214
35 81 22.3214
41 81 22.3214
65 81 40.1606
114 81 40.1606
131 81 28.6944
142 81 40.1606
255 81 28.6944
282 81 66.8896
308 81 40.1606
314 81 22.3214
315 81 22.3214
328 81 11.8203
346 81 18.2648
350 81 15.456
382 81 22.3214
387 81 28.6944
388 81 28.6944
395 81 18.2648
442 81 66.8896
443 81 66.8896
17 82 22.3214
18 82 22.3214
35 82 22.3214
41 82 22.3214
65 82 40.1606
114 82 40.1606
120 82 28.6944
139 82 40.1606
141 82 40.1606
255 82 28.6944
282 82 66.8896
290 82 22.3214
308 82 40.1606
350 82 15.456
376 82 40.1606
381 82 22.3214
388 82 28.6944
397 82 18.2648
401 82 13.3958
429 82 18.2648
442 82 66.8896
11 83 66.8896
17 83 22.3214
27 83 22.3214
40 83 22.3214
41 83 22.3214
65 83 40.1606
114 83 40.1606
115 83 40.1606
120 83 28.6944
121 83 28.6944
125 83 40.1606
139 83 40.1606
140 83 40.1606
283 83 66.8896
285 83 66.8896
346 83 66.8896
355 83 22.3214
381 83 66.8896
387 83 28.6944
394 83 18.2648
397 83 28.6944
425 83 22.3214
428 83 18.2648
429 83 18.2648
442 83 66.8896
443 83 66.8896
17 84 22.3214
29 84 22.3214
31 84 22.3214
40 84 22.3214
41 84 22.3214
64 84 40.1606
65 84 40.1606
115 84 40.1606
120 84 28.6944
121 84 28.6944
131 84 40.1606
139 84 40.1606
140 84 40.1606
283 84 66.8896
316 84 22.3214
317 84 22.3214
346 84 66.8896
355 84 22.3214
379 84 66.8896
381 84 66.8896
387 84 28.6944
419 84 40.1606
424 84 22.3214
443 84 66.8896
605 84 66.8896
11 85 66.8896
17 85 22.3214
22 85 66.8896
23 85 66.8896
30 85 22.3214
31 85 22.3214
39 85 22.3214
40 85 22.3214
41 85 22.3214
64 85 40.1606
65 85 40.1606
115 85 40.1606
139 85 40.1606
297 85 18.2648
303 85 200
317 85 22.3214
378 85 22.3214
380 85 66.8896
415 85 66.8896
423 85 22.3214
444 85 66.8896
5 86 22.3214
17 86 22.3214
30 86 22.3214
34 86 22.3214
39 86 22.3214
64 86 40.1606
65 86 40.1606
118 86 66.8896
119 86 66.8896
122 86 28.6944
139 86 40.1606
317 86 22.3214
324 86 15.456
328 86 13.3958
349 86 18.2648
371 86 40.1606
376 86 22.3214
380 86 66.8896
386 86 200
414 86 66.8896
422 86 22.3214
602 86 66.8896
36 87 22.3214
39 87 22.3214
51 87 66.8896
64 87 40.1606
65 87 40.1606
114 87 40.1606
129 87 40.1606
137 87 40.1606
138 87 40.1606
139 87 40.1606
292 87 28.6944
299 87 18.2648
308 87 66.8896
317 87 22.3214
318 87 22.3214
324 87 15.456
328 87 13.3958
329 87 13.3958
348 87 18.2648
349 87 18.2648
369 87 40.1606
375 87 22.3214
376 87 22.3214
377 87 22.3214
402 87 18.2648
436 87 66.8896
444 87 66.8896
602 87 66.8896
3 88 22.3214
36 88 22.3214
51 88 66.8896
52 88 66.8896
64 88 40.1606
65 88 40.1606
115 88 40.1606
130 88 40.1606
137 88 40.1606
138 88 40.1606
292 88 28.6944
299 88 18.2648
300 88 18.2648
304 88 200
308 88 66.8896
309 88 66.8896
318 88 22.3214
329 88 13.3958
348 88 18.2648
349 88 18.2648
374 88 22.3214
395 88 28.6944
409 88 200
424 88 18.2648
444 88 66.8896
445 88 66.8896
573 88 10.5764
3 89 22.3214
7 89 22.3214
11 89 22.3214
16 89 22.3214
34 89 22.3214
35 89 22.3214
43 89 66.8896
54 89 66.8896
65 89 40.1606
136 89 40.1606
304 89 200
309 89 66.8896
319 89 22.3214
329 89 13.3958
348 89 18.2648
373 89 22.3214
374 89 22.3214
385 89 200
395 89 28.6944
418 89 28.6944
419 89 28.6944
424 89 18.2648
445 89 66.8896
448 89 66.8896
569 89 11.8203
573 89 10.5764
622 89 66.8896
3 90 22.3214
6 90 22.3214
7 90 22.3214
16 90 22.3214
17 90 22.3214
34 90 22.3214
35 90 22.3214
44 90 66.8896
49 90 66.8896
55 90 66.8896
64 90 40.1606
65 90 40.1606
136 90 40.1606
308 90 66.8896
309 90 66.8896
313 90 40.1606
320 90 22.3214
347 90 18.2648
348 90 18.2648
372 90 22.3214
373 90 22.3214
376 90 22.3214
385 90 200
417 90 28.6944
423 90 18.2648
569 90 11.8203
614 90 66.8896
622 90 66.8896
3 91 22.3214
6 91 22.3214
7 91 22.3214
37 91 22.3214
40 91 66.8896
48 91 66.8896
64 91 40.1606
65 91 40.1606
116 91 28.6944
134 91 40.1606
139 91 40.1606
253 91 22.3214
305 91 200
309 91 66.8896
313 91 40.1606
320 91 22.3214
329 91 15.456
347 91 18.2648
348 91 18.2648
371 91 22.3214
372 91 22.3214
393 91 28.6944
417 91 28.6944
423 91 18.2648
446 91 66.8896
586 91 66.8896
607 91 66.8896
614 91 66.8896
3 92 22.3214
7 92 22.3214
33 92 22.3214
37 92 22.3214
40 92 66.8896
64 92 40.1606
65 92 40.1606
130 92 28.6944
137 92 40.1606
252 92 22.3214
292 92 40.1606
309 92 66.8896
321 92 22.3214
328 92 15.456
347 92 18.2648
348 92 18.2648
352 92 7.44324
369 92 22.3214
370 92 22.3214
384 92 200
415 92 28.6944
416 92 28.6944
7 93 22.3214
17 93 22.3214
33 93 22.3214
59 93 200
64 93 40.1606
65 93 40.1606
130 93 28.6944
136 93 40.1606
137 93 40.1606
251 93 22.3214
316 93 40.1606
321 93 22.3214
328 93 15.456
347 93 18.2648
369 93 22.3214
386 93 66.8896
17 94 22.3214
31 94 22.3214
32 94 22.3214
33 94 22.3214
61 94 200
64 94 40.1606
130 94 28.6944
133 94 66.8896
136 94 40.1606
137 94 40.1606
309 94 200
322 94 22.3214
328 94 15.456
347 94 18.2648
368 94 22.3214
369 94 22.3214
386 94 66.8896
413 94 22.3214
447 94 66.8896
605 94 66.8896
625 94 66.8896
5 95 22.3214
9 95 22.3214
10 95 22.3214
14 95 22.3214
31 95 22.3214
32 95 22.3214
51 95 66.8896
59 95 200
64 95 40.1606
133 95 66.8896
134 95 66.8896
305 95 22.3214
309 95 200
316 95 40.1606
322 95 22.3214
323 95 22.3214
347 95 18.2648
362 95 40.1606
367 95 22.3214
368 95 22.3214
385 95 66.8896
413 95 22.3214
435 95 66.8896
3 96 22.3214
9 96 22.3214
14 96 22.3214
31 96 22.3214
32 96 22.3214
51 96 66.8896
64 96 40.1606
119 96 28.6944
123 96 40.1606
139 96 40.1606
309 96 200
323 96 22.3214
347 96 18.2648
349 96 18.2648
361 96 40.1606
362 96 40.1606
367 96 22.3214
385 96 66.8896
435 96 66.8896
446 96 66.8896
452 96 40.1606
9 97 22.3214
24 97 66.8896
32 97 22.3214
61 97 200
64 97 40.1606
139 97 40.1606
300 97 40.1606
310 97 200
317 97 40.1606
324 97 22.3214
347 97 18.2648
361 97 40.1606
366 97 22.3214
367 97 22.3214
412 97 66.8896
445 97 66.8896
446 97 66.8896
450 97 40.1606
618 97 66.8896
9 98 22.3214
32 98 22.3214
64 98 40.1606
65 98 40.1606
135 98 66.8896
136 98 66.8896
139 98 40.1606
300 98 40.1606
310 98 200
317 98 40.1606
324 98 22.3214
328 98 28.6944
351 98 28.6944
360 98 40.1606
365 98 22.3214
366 98 22.3214
445 98 66.8896
446 98 66.8896
15 99 22.3214
21 99 200
32 99 22.3214
310 99 200
325 99 22.3214
326 99 22.3214
365 99 22.3214
366 99 22.3214
388 99 28.6944
395 99 18.2648
449 99 66.8896
32 100 22.3214
35 100 40.1606
39 100 40.1606
64 100 40.1606
139 100 40.1606
318 100 40.1606
326 100 22.3214
351 100 28.6944
359 100 40.1606
364 100 22.3214
388 100 28.6944
395 100 18.2648
407 100 22.3214
449 100 66.8896
591 100 66.8896
15 101 22.3214
38 101 40.1606
39 101 40.1606
62 101 40.1606
64 101 40.1606
72 101 66.8896
73 101 66.8896
116 101 40.1606
117 101 40.1606
139 101 40.1606
300 101 18.2648
311 101 22.3214
312 101 22.3214
344 101 22.3214
345 101 22.3214
351 101 28.6944
358 101 40.1606
363 101 22.3214
364 101 22.3214
382 101 66.8896
388 101 28.6944
395 101 18.2648
406 101 22.3214
448 101 66.8896
449 101 66.8896
24 102 22.3214
38 102 40.1606
72 102 66.8896
73 102 66.8896
79 102 66.8896
117 102 40.1606
138 102 40.1606
139 102 40.1606
321 102 22.3214
343 102 22.3214
345 102 22.3214
351 102 28.6944
357 102 40.1606
363 102 22.3214
388 102 28.6944
449 102 66.8896
452 102 66.8896
10 103 22.3214
19 103 22.3214
36 103 40.1606
73 103 66.8896
79 103 66.8896
121 103 40.1606
138 103 40.1606
268 103 28.6944
303 103 200
321 103 22.3214
329 103 200
343 103 22.3214
345 103 22.3214
351 103 66.8896
357 103 40.1606
362 103 22.3214
388 103 28.6944
402 103 28.6944
403 103 28.6944
449 103 66.8896
573 103 66.8896
9 104 22.3214
15 104 22.3214
33 104 40.1606
34 104 22.3214
36 104 22.3214
43 104 40.1606
71 104 66.8896
122 104 40.1606
123 104 40.1606
138 104 40.1606
304 104 200
317 104 22.3214
322 104 22.3214
344 104 22.3214
351 104 66.8896
356 104 40.1606
361 104 22.3214
384 104 40.1606
402 104 28.6944
410 104 13.3958
435 104 66.8896
450 104 66.8896
43 105 40.1606
123 105 40.1606
138 105 40.1606
312 105 66.8896
322 105 22.3214
344 105 18.2648
348 105 15.456
352 105 66.8896
355 105 40.1606
360 105 22.3214
361 105 22.3214
449 105 66.8896
3 106 22.3214
18 106 22.3214
23 106 22.3214
36 106 22.3214
43 106 40.1606
51 106 66.8896
70 106 66.8896
78 106 66.8896
79 106 66.8896
123 106 40.1606
135 106 40.1606
140 106 40.1606
294 106 200
344 106 18.2648
351 106 66.8896
354 106 40.1606
359 106 22.3214
360 106 22.3214
409 106 13.3958
448 106 66.8896
3 107 22.3214
6 107 22.3214
23 107 22.3214
41 107 40.1606
42 107 40.1606
51 107 66.8896
69 107 66.8896
79 107 66.8896
80 107 66.8896
135 107 40.1606
142 107 40.1606
314 107 22.3214
344 107 18.2648
359 107 22.3214
367 107 13.3958
386 107 200
448 107 66.8896
554 107 66.8896
555 107 66.8896
69 108 66.8896
70 108 66.8896
79 108 66.8896
80 108 66.8896
126 108 28.6944
127 108 28.6944
142 108 40.1606
314 108 22.3214
342 108 22.3214
357 108 22.3214
358 108 22.3214
367 108 13.3958
408 108 40.1606
448 108 66.8896
449 108 66.8896
8 109 22.3214
48 109 66.8896
71 109 66.8896
127 109 28.6944
142 109 40.1606
143 109 40.1606
342 109 22.3214
357 109 22.3214
399 109 15.456
449 109 66.8896
40 110 40.1606
41 110 40.1606
46 110 66.8896
55 110 66.8896
61 110 66.8896
78 110 66.8896
128 110 28.6944
137 110 40.1606
317 110 22.3214
344 110 22.3214
357 110 22.3214
399 110 22.3214
448 110 66.8896
8 111 22.3214
19 111 22.3214
35 111 40.1606
40 111 40.1606
41 111 40.1606
52 111 66.8896
55 111 66.8896
77 111 66.8896
110 111 40.1606
111 111 40.1606
137 111 40.1606
142 111 40.1606
319 111 22.3214
323 111 18.2648
341 111 18.2648
394 111 28.6944
398 111 22.3214
407 111 11.8203
447 111 66.8896
448 111 66.8896
573 111 28.6944
8 112 22.3214
18 112 22.3214
19 112 22.3214
35 112 40.1606
40 112 40.1606
41 112 40.1606
77 112 66.8896
82 112 66.8896
138 112 40.1606
142 112 40.1606
308 112 28.6944
319 112 22.3214
323 112 18.2648
341 112 18.2648
354 112 28.6944
355 112 28.6944
390 112 18.2648
394 112 28.6944
398 112 22.3214
446 112 66.8896
447 112 66.8896
8 113 22.3214
11 113 22.3214
40 113 40.1606
69 113 66.8896
76 113 66.8896
82 113 66.8896
106 113 40.1606
118 113 28.6944
138 113 40.1606
142 113 40.1606
294 113 18.2648
308 113 28.6944
313 113 40.1606
314 113 40.1606
319 113 22.3214
339 113 22.3214
340 113 22.3214
343 113 18.2648
354 113 28.6944
355 113 28.6944
390 113 18.2648
394 113 28.6944
397 113 22.3214
407 113 11.8203
446 113 66.8896
450 113 66.8896
569 113 66.8896
5 114 22.3214
40 114 40.1606
46 114 66.8896
53 114 66.8896
76 114 66.8896
82 114 66.8896
106 114 28.6944
120 114 28.6944
135 114 66.8896
136 114 40.1606
138 114 40.1606
142 114 40.1606
308 114 28.6944
314 114 40.1606
325 114 22.3214
338 114 22.3214
339 114 22.3214
389 114 18.2648
397 114 18.2648
407 114 11.8203
434 114 66.8896
445 114 66.8896
446 114 66.8896
449 114 66.8896
18 115 22.3214
22 115 22.3214
40 115 40.1606
46 115 66.8896
53 115 66.8896
67 115 66.8896
76 115 66.8896
106 115 40.1606
122 115 40.1606
138 115 40.1606
291 115 22.3214
308 115 28.6944
314 115 40.1606
319 115 40.1606
325 115 200
338 115 22.3214
355 115 28.6944
383 115 66.8896
389 115 28.6944
397 115 18.2648
405 115 18.2648
445 115 200
448 115 66.8896
449 115 66.8896
572 115 66.8896
9 116 22.3214
31 116 22.3214
106 116 28.6944
107 116 28.6944
144 116 40.1606
145 116 40.1606
323 116 200
325 116 200
337 116 22.3214
338 116 22.3214
344 116 66.8896
355 116 28.6944
356 116 28.6944
383 116 66.8896
389 116 28.6944
396 116 18.2648
397 116 18.2648
448 116 66.8896
9 117 22.3214
39 117 40.1606
48 117 66.8896
80 117 66.8896
106 117 40.1606
113 117 40.1606
144 117 40.1606
325 117 200
337 117 22.3214
348 117 22.3214
356 117 28.6944
380 117 40.1606
382 117 66.8896
389 117 28.6944
393 117 22.3214
404 117 18.2648
9 118 22.3214
39 118 40.1606
77 118 66.8896
113 118 40.1606
144 118 40.1606
309 118 200
325 118 200
338 118 66.8896
346 118 22.3214
347 118 22.3214
348 118 22.3214
379 118 40.1606
382 118 66.8896
389 118 28.6944
404 118 13.3958
434 118 66.8896
450 118 66.8896
451 118 66.8896
9 119 22.3214
29 119 22.3214
36 119 200
39 119 40.1606
106 119 40.1606
107 119 40.1606
126 119 28.6944
141 119 40.1606
142 119 40.1606
308 119 200
320 119 22.3214
338 119 66.8896
345 119 22.3214
346 119 22.3214
379 119 40.1606
393 119 22.3214
404 119 13.3958
434 119 66.8896
450 119 66.8896
9 120 22.3214
17 120 22.3214
53 120 66.8896
54 120 66.8896
107 120 40.1606
126 120 28.6944
127 120 28.6944
139 120 40.1606
141 120 40.1606
142 120 40.1606
143 120 40.1606
321 120 22.3214
338 120 66.8896
344 120 22.3214
345 120 22.3214
378 120 40.1606
382 120 66.8896
393 120 22.3214
404 120 13.3958
449 120 66.8896
32 121 40.1606
54 121 66.8896
78 121 66.8896
107 121 40.1606
127 121 28.6944
143 121 40.1606
321 121 22.3214
343 121 22.3214
344 121 22.3214
347 121 22.3214
382 121 66.8896
389 121 28.6944
393 121 22.3214
400 121 15.456
404 121 13.3958
448 121 66.8896
6 122 22.3214
42 122 40.1606
81 122 66.8896
82 122 66.8896
108 122 40.1606
121 122 28.6944
143 122 40.1606
309 122 200
342 122 22.3214
343 122 22.3214
375 122 22.3214
389 122 28.6944
395 122 22.3214
400 122 18.2648
404 122 13.3958
448 122 66.8896
451 122 66.8896
7 123 22.3214
41 123 40.1606
42 123 40.1606
59 123 40.1606
81 123 66.8896
108 123 40.1606
114 123 40.1606
141 123 40.1606
143 123 40.1606
306 123 40.1606
309 123 200
341 123 22.3214
342 123 22.3214
388 123 28.6944
394 123 22.3214
402 123 15.456
448 123 66.8896
452 123 66.8896
19 124 22.3214
29 124 22.3214
80 124 66.8896
81 124 66.8896
88 124 66.8896
143 124 40.1606
306 124 40.1606
309 124 200
341 124 22.3214
372 124 22.3214
373 124 22.3214
390 124 66.8896
394 124 28.6944
402 124 18.2648
450 124 66.8896
3 125 22.3214
6 125 22.3214
74 125 66.8896
88 125 66.8896
89 125 66.8896
109 125 40.1606
143 125 40.1606
144 125 40.1606
340 125 22.3214
341 125 22.3214
378 125 200
388 125 66.8896
394 125 22.3214
398 125 22.3214
402 125 18.2648
433 125 66.8896
450 125 66.8896
6 126 22.3214
89 126 66.8896
110 126 40.1606
114 126 40.1606
143 126 40.1606
144 126 40.1606
340 126 22.3214
341 126 22.3214
369 126 22.3214
383 126 200
384 126 200
393 126 28.6944
394 126 28.6944
398 126 22.3214
401 126 18.2648
450 126 66.8896
516 126 66.8896
6 127 22.3214
39 127 40.1606
84 127 66.8896
110 127 40.1606
111 127 40.1606
121 127 40.1606
143 127 40.1606
306 127 40.1606
308 127 40.1606
340 127 22.3214
341 127 22.3214
401 127 18.2648
450 127 66.8896
451 127 66.8896
453 127 66.8896
5 128 22.3214
10 128 22.3214
84 128 66.8896
111 128 40.1606
112 128 40.1606
137 128 200
138 128 200
139 128 200
143 128 40.1606
306 128 28.6944
308 128 28.6944
340 128 22.3214
341 128 22.3214
367 128 22.3214
393 128 28.6944
401 128 18.2648
450 128 66.8896
451 128 66.8896
457 128 40.1606
83 129 66.8896
90 129 66.8896
112 129 40.1606
131 129 28.6944
142 129 40.1606
143 129 40.1606
306 129 28.6944
308 129 28.6944
319 129 40.1606
340 129 22.3214
341 129 22.3214
356 129 200
367 129 22.3214
371 129 18.2648
393 129 28.6944
397 129 22.3214
451 129 66.8896
455 129 40.1606
23 130 22.3214
44 130 66.8896
46 130 66.8896
56 130 66.8896
83 130 66.8896
90 130 66.8896
113 130 40.1606
131 130 28.6944
142 130 40.1606
144 130 40.1606
308 130 28.6944
341 130 22.3214
393 130 28.6944
397 130 22.3214
400 130 18.2648
431 130 66.8896
451 130 66.8896
454 130 66.8896
455 130 66.8896
56 131 66.8896
59 131 40.1606
142 131 40.1606
143 131 40.1606
308 131 28.6944
326 131 22.3214
340 131 22.3214
363 131 28.6944
392 131 28.6944
397 131 22.3214
454 131 66.8896
49 132 66.8896
59 132 40.1606
112 132 40.1606
113 132 40.1606
137 132 200
142 132 40.1606
143 132 40.1606
202 132 66.8896
308 132 28.6944
326 132 22.3214
339 132 22.3214
363 132 28.6944
392 132 28.6944
400 132 18.2648
453 132 66.8896
454 132 66.8896
9 133 22.3214
49 133 66.8896
55 133 66.8896
58 133 40.1606
67 133 40.1606
85 133 66.8896
113 133 40.1606
137 133 200
138 133 200
139 133 200
143 133 40.1606
308 133 28.6944
326 133 22.3214
340 133 22.3214
341 133 22.3214
385 133 66.8896
392 133 28.6944
400 133 18.2648
9 134 22.3214
20 134 22.3214
55 134 66.8896
129 134 28.6944
140 134 66.8896
143 134 40.1606
144 134 40.1606
145 134 40.1606
210 134 66.8896
308 134 28.6944
326 134 22.3214
340 134 22.3214
341 134 22.3214
364 134 28.6944
385 134 66.8896
392 134 28.6944
397 134 40.1606
400 134 18.2648
403 134 15.456
9 135 22.3214
54 135 66.8896
130 135 28.6944
131 135 28.6944
144 135 40.1606
145 135 40.1606
146 135 40.1606
308 135 28.6944
327 135 200
340 135 22.3214
350 135 66.8896
364 135 28.6944
385 135 66.8896
392 135 28.6944
397 135 40.1606
402 135 15.456
453 135 66.8896
478 135 66.8896
3 136 22.3214
7 136 22.3214
144 136 40.1606
145 136 40.1606
308 136 28.6944
327 136 200
340 136 22.3214
350 136 66.8896
358 136 66.8896
385 136 66.8896
390 136 28.6944
391 136 28.6944
402 136 15.456
430 136 66.8896
453 136 66.8896
3 137 22.3214
7 137 22.3214
58 137 40.1606
146 137 40.1606
147 137 40.1606
148 137 40.1606
308 137 28.6944
320 137 40.1606
327 137 200
340 137 22.3214
349 137 66.8896
358 137 66.8896
385 137 66.8896
391 137 28.6944
396 137 66.8896
431 137 66.8896
39 138 66.8896
41 138 66.8896
51 138 40.1606
58 138 40.1606
148 138 40.1606
308 138 28.6944
317 138 66.8896
327 138 200
340 138 22.3214
355 138 22.3214
365 138 40.1606
385 138 66.8896
391 138 28.6944
431 138 66.8896
10 139 22.3214
11 139 22.3214
48 139 40.1606
49 139 40.1606
58 139 40.1606
96 139 66.8896
141 139 28.6944
148 139 40.1606
308 139 28.6944
327 139 200
340 139 22.3214
341 139 22.3214
348 139 66.8896
355 139 22.3214
365 139 40.1606
367 139 28.6944
385 139 66.8896
48 140 40.1606
49 140 40.1606
58 140 40.1606
95 140 66.8896
103 140 40.1606
147 140 40.1606
188 140 66.8896
213 140 66.8896
250 140 66.8896
308 140 28.6944
327 140 200
355 140 22.3214
367 140 28.6944
390 140 200
398 140 40.1606
400 140 40.1606
7 141 22.3214
58 141 40.1606
147 141 40.1606
188 141 66.8896
206 141 40.1606
308 141 28.6944
341 141 200
345 141 66.8896
368 141 28.6944
390 141 200
398 141 40.1606
7 142 22.3214
25 142 40.1606
47 142 66.8896
48 142 66.8896
58 142 40.1606
96 142 66.8896
126 142 28.6944
127 142 28.6944
141 142 40.1606
184 142 66.8896
203 142 66.8896
209 142 66.8896
308 142 28.6944
326 142 22.3214
340 142 200
341 142 200
344 142 66.8896
345 142 66.8896
353 142 22.3214
390 142 200
398 142 40.1606
432 142 66.8896
454 142 66.8896
25 143 40.1606
47 143 66.8896
48 143 66.8896
58 143 40.1606
96 143 66.8896
127 143 28.6944
128 143 28.6944
139 143 40.1606
203 143 66.8896
211 143 66.8896
212 143 66.8896
308 143 28.6944
326 143 22.3214
340 143 200
341 143 200
352 143 22.3214
369 143 28.6944
398 143 40.1606
432 143 66.8896
454 143 66.8896
48 144 66.8896
58 144 40.1606
94 144 66.8896
114 144 40.1606
119 144 40.1606
175 144 66.8896
203 144 66.8896
212 144 66.8896
308 144 28.6944
326 144 22.3214
327 144 22.3214
352 144 22.3214
454 144 66.8896
48 145 66.8896
58 145 40.1606
95 145 66.8896
114 145 40.1606
120 145 40.1606
151 145 40.1606
203 145 66.8896
212 145 66.8896
218 145 200
308 145 28.6944
326 145 22.3214
371 145 22.3214
389 145 28.6944
391 145 28.6944
454 145 66.8896
23 146 40.1606
48 146 66.8896
58 146 40.1606
64 146 40.1606
95 146 66.8896
110 146 66.8896
114 146 40.1606
138 146 40.1606
139 146 28.6944
149 146 40.1606
150 146 40.1606
161 146 66.8896
203 146 66.8896
212 146 66.8896
216 146 200
308 146 28.6944
326 146 22.3214
361 146 66.8896
367 146 66.8896
371 146 22.3214
389 146 28.6944
391 146 28.6944
398 146 40.1606
458 146 66.8896
6 147 22.3214
23 147 40.1606
48 147 66.8896
51 147 200
58 147 40.1606
91 147 40.1606
92 147 40.1606
139 147 28.6944
149 147 40.1606
160 147 66.8896
161 147 66.8896
308 147 28.6944
326 147 22.3214
348 147 22.3214
349 147 22.3214
366 147 66.8896
371 147 22.3214
372 147 22.3214
391 147 28.6944
398 147 40.1606
430 147 66.8896
458 147 66.8896
36 148 40.1606
48 148 66.8896
91 148 40.1606
92 148 40.1606
112 148 40.1606
135 148 66.8896
136 148 66.8896
148 148 40.1606
149 148 40.1606
213 148 66.8896
308 148 28.6944
327 148 22.3214
348 148 22.3214
349 148 22.3214
366 148 66.8896
430 148 66.8896
457 148 66.8896
48 149 66.8896
57 149 40.1606
58 149 40.1606
93 149 40.1606
96 149 66.8896
148 149 40.1606
213 149 66.8896
308 149 28.6944
327 149 22.3214
347 149 22.3214
373 149 22.3214
421 149 10.5764
457 149 66.8896
511 149 66.8896
3 150 22.3214
47 150 66.8896
57 150 40.1606
58 150 40.1606
95 150 66.8896
148 150 40.1606
308 150 28.6944
327 150 22.3214
347 150 22.3214
350 150 22.3214
359 150 11.8203
363 150 66.8896
383 150 18.2648
397 150 40.1606
456 150 66.8896
19 151 40.1606
48 151 66.8896
57 151 40.1606
58 151 40.1606
96 151 66.8896
114 151 40.1606
121 151 40.1606
147 151 40.1606
258 151 66.8896
308 151 28.6944
327 151 22.3214
346 151 22.3214
369 151 66.8896
373 151 40.1606
383 151 18.2648
390 151 200
397 151 40.1606
456 151 66.8896
58 152 40.1606
64 152 40.1606
67 152 40.1606
71 152 28.6944
97 152 66.8896
172 152 66.8896
305 152 28.6944
307 152 28.6944
308 152 28.6944
326 152 22.3214
346 152 22.3214
390 152 200
393 152 11.8203
401 152 9.56938
455 152 66.8896
58 153 40.1606
67 153 40.1606
100 153 66.8896
102 153 66.8896
143 153 40.1606
144 153 40.1606
161 153 200
307 153 28.6944
308 153 28.6944
326 153 22.3214
346 153 22.3214
359 153 200
369 153 66.8896
376 153 28.6944
454 153 66.8896
455 153 66.8896
57 154 40.1606
58 154 40.1606
140 154 66.8896
141 154 40.1606
143 154 40.1606
144 154 40.1606
160 154 200
308 154 28.6944
345 154 22.3214
362 154 28.6944
376 154 28.6944
429 154 66.8896
454 154 66.8896
57 155 40.1606
58 155 40.1606
99 155 66.8896
143 155 40.1606
144 155 40.1606
266 155 200
308 155 28.6944
324 155 22.3214
345 155 22.3214
376 155 28.6944
377 155 28.6944
391 155 200
394 155 11.8203
399 155 18.2648
430 155 66.8896
57 156 40.1606
67 156 40.1606
99 156 66.8896
103 156 66.8896
143 156 40.1606
144 156 40.1606
240 156 66.8896
241 156 66.8896
308 156 28.6944
324 156 22.3214
344 156 22.3214
377 156 28.6944
391 156 28.6944
399 156 18.2648
430 156 66.8896
455 156 66.8896
57 157 40.1606
99 157 66.8896
121 157 40.1606
241 157 66.8896
307 157 28.6944
308 157 28.6944
324 157 22.3214
344 157 22.3214
370 157 66.8896
377 157 28.6944
400 157 18.2648
430 157 66.8896
454 157 66.8896
6 158 22.3214
57 158 40.1606
85 158 66.8896
100 158 66.8896
121 158 40.1606
307 158 28.6944
308 158 28.6944
324 158 22.3214
343 158 22.3214
344 158 22.3214
370 158 66.8896
371 158 66.8896
378 158 28.6944
392 158 200
431 158 66.8896
454 158 66.8896
455 158 66.8896
6 159 22.3214
12 159 40.1606
57 159 40.1606
101 159 66.8896
121 159 40.1606
203 159 66.8896
204 159 66.8896
259 159 66.8896
324 159 22.3214
343 159 22.3214
344 159 22.3214
378 159 28.6944
431 159 66.8896
6 160 22.3214
57 160 40.1606
68 160 66.8896
97 160 66.8896
100 160 66.8896
120 160 40.1606
140 160 40.1606
193 160 66.8896
203 160 66.8896
307 160 28.6944
308 160 28.6944
324 160 22.3214
343 160 22.3214
378 160 28.6944
398 160 11.8203
56 161 40.1606
57 161 40.1606
68 161 66.8896
120 161 40.1606
140 161 40.1606
193 161 66.8896
203 161 66.8896
307 161 28.6944
308 161 28.6944
324 161 22.3214
343 161 22.3214
372 161 66.8896
377 161 28.6944
379 161 28.6944
453 161 66.8896
56 162 40.1606
57 162 40.1606
95 162 40.1606
120 162 40.1606
138 162 40.1606
139 162 40.1606
187 162 66.8896
193 162 66.8896
203 162 66.8896
204 162 66.8896
228 162 66.8896
307 162 28.6944
308 162 28.6944
324 162 22.3214
343 162 22.3214
373 162 66.8896
379 162 28.6944
387 162 18.2648
398 162 11.8203
6 163 22.3214
56 163 40.1606
57 163 40.1606
77 163 40.1606
78 163 40.1606
94 163 40.1606
120 163 40.1606
138 163 40.1606
193 163 66.8896
203 163 66.8896
226 163 66.8896
228 163 66.8896
233 163 28.6944
286 163 200
299 163 18.2648
308 163 28.6944
324 163 22.3214
342 163 22.3214
343 163 22.3214
373 163 66.8896
380 163 28.6944
387 163 18.2648
427 163 66.8896
22 164 40.1606
57 164 40.1606
78 164 40.1606
137 164 40.1606
170 164 66.8896
171 164 66.8896
193 164 66.8896
203 164 66.8896
228 164 66.8896
236 164 66.8896
237 164 66.8896
286 164 200
299 164 200
308 164 28.6944
324 164 22.3214
342 164 22.3214
343 164 22.3214
374 164 66.8896
380 164 28.6944
398 164 11.8203
455 164 66.8896
458 164 28.6944
7 165 22.3214
22 165 40.1606
56 165 40.1606
57 165 40.1606
103 165 66.8896
121 165 40.1606
126 165 28.6944
162 165 66.8896
170 165 66.8896
193 165 66.8896
203 165 66.8896
228 165 66.8896
237 165 66.8896
283 165 200
286 165 200
300 165 200
302 165 200
342 165 22.3214
343 165 22.3214
374 165 66.8896
381 165 28.6944
455 165 66.8896
23 166 40.1606
56 166 40.1606
57 166 40.1606
100 166 66.8896
121 166 40.1606
125 166 28.6944
126 166 28.6944
129 166 22.3214
162 166 66.8896
170 166 66.8896
171 166 66.8896
193 166 66.8896
203 166 66.8896
228 166 66.8896
237 166 66.8896
283 166 200
286 166 200
301 166 200
302 166 200
307 166 40.1606
308 166 40.1606
323 166 22.3214
343 166 22.3214
375 166 66.8896
381 166 28.6944
386 166 22.3214
455 166 66.8896
56 167 40.1606
57 167 40.1606
100 167 66.8896
101 167 66.8896
121 167 40.1606
125 167 28.6944
126 167 28.6944
162 167 66.8896
170 167 66.8896
193 167 66.8896
203 167 66.8896
228 167 66.8896
237 167 66.8896
283 167 200
286 167 200
303 167 200
304 167 200
323 167 18.2648
324 167 18.2648
343 167 22.3214
375 167 66.8896
382 167 28.6944
386 167 22.3214
426 167 66.8896
455 167 66.8896
7 168 22.3214
8 168 22.3214
57 168 40.1606
64 168 40.1606
99 168 66.8896
101 168 66.8896
121 168 40.1606
125 168 40.1606
126 168 40.1606
143 168 66.8896
144 168 66.8896
162 168 66.8896
170 168 66.8896
187 168 66.8896
193 168 66.8896
203 168 66.8896
228 168 66.8896
237 168 66.8896
307 168 66.8896
308 168 66.8896
323 168 18.2648
324 168 18.2648
342 168 22.3214
343 168 22.3214
376 168 66.8896
382 168 28.6944
383 168 28.6944
394 168 200
395 168 200
426 168 66.8896
455 168 66.8896
8 169 22.3214
56 169 40.1606
57 169 40.1606
100 169 66.8896
121 169 40.1606
125 169 40.1606
126 169 40.1606
162 169 66.8896
170 169 66.8896
187 169 66.8896
193 169 66.8896
203 169 66.8896
237 169 66.8896
254 169 66.8896
255 169 66.8896
308 169 66.8896
309 169 66.8896
323 169 18.2648
324 169 18.2648
342 169 22.3214
376 169 66.8896
377 169 66.8896
383 169 28.6944
427 169 66.8896
455 169 66.8896
459 169 40.1606
3 170 22.3214
9 170 22.3214
38 170 40.1606
56 170 40.1606
57 170 40.1606
79 170 40.1606
80 170 40.1606
120 170 40.1606
125 170 40.1606
162 170 66.8896
170 170 66.8896
187 170 66.8896
193 170 66.8896
236 170 66.8896
237 170 66.8896
255 170 66.8896
260 170 66.8896
309 170 66.8896
311 170 66.8896
312 170 66.8896
324 170 18.2648
341 170 22.3214
342 170 22.3214
377 170 66.8896
427 170 66.8896
459 170 40.1606
11 171 22.3214
26 171 40.1606
56 171 40.1606
57 171 40.1606
63 171 28.6944
66 171 28.6944
67 171 28.6944
102 171 66.8896
107 171 66.8896
125 171 40.1606
143 171 66.8896
162 171 66.8896
170 171 66.8896
187 171 66.8896
226 171 200
228 171 200
236 171 66.8896
237 171 66.8896
255 171 66.8896
262 171 66.8896
312 171 66.8896
341 171 22.3214
394 171 28.6944
428 171 66.8896
6 172 22.3214
21 172 40.1606
56 172 40.1606
57 172 40.1606
63 172 28.6944
67 172 28.6944
108 172 66.8896
125 172 40.1606
162 172 66.8896
170 172 66.8896
236 172 66.8896
237 172 66.8896
255 172 66.8896
262 172 66.8896
314 172 18.2648
316 172 15.456
341 172 22.3214
379 172 66.8896
428 172 66.8896
6 173 22.3214
26 173 40.1606
56 173 40.1606
57 173 40.1606
63 173 28.6944
67 173 28.6944
98 173 40.1606
99 173 40.1606
109 173 66.8896
125 173 40.1606
143 173 66.8896
162 173 66.8896
170 173 66.8896
236 173 66.8896
237 173 66.8896
262 173 66.8896
316 173 15.456
341 173 22.3214
397 173 22.3214
428 173 66.8896
6 174 22.3214
7 174 22.3214
26 174 40.1606
56 174 40.1606
57 174 40.1606
63 174 28.6944
67 174 28.6944
98 174 40.1606
99 174 40.1606
108 174 66.8896
124 174 40.1606
125 174 40.1606
143 174 66.8896
162 174 66.8896
237 174 66.8896
262 174 66.8896
307 174 28.6944
341 174 22.3214
342 174 22.3214
463 174 66.8896
7 175 22.3214
56 175 40.1606
57 175 40.1606
109 175 40.1606
124 175 28.6944
125 175 28.6944
143 175 66.8896
255 175 66.8896
276 175 66.8896
277 175 66.8896
278 175 66.8896
307 175 28.6944
341 175 22.3214
342 175 22.3214
7 176 22.3214
56 176 40.1606
57 176 40.1606
104 176 66.8896
124 176 28.6944
125 176 28.6944
143 176 66.8896
262 176 66.8896
278 176 66.8896
307 176 28.6944
341 176 22.3214
342 176 22.3214
463 176 66.8896
56 177 40.1606
57 177 40.1606
102 177 66.8896
124 177 40.1606
125 177 40.1606
255 177 66.8896
278 177 66.8896
341 177 22.3214
407 177 66.8896
427 177 66.8896
456 177 66.8896
56 178 40.1606
57 178 40.1606
124 178 40.1606
125 178 40.1606
262 178 66.8896
278 178 66.8896
341 178 22.3214
428 178 66.8896
456 178 66.8896
56 179 40.1606
57 179 40.1606
69 179 28.6944
119 179 40.1606
124 179 40.1606
125 179 40.1606
262 179 66.8896
278 179 66.8896
341 179 22.3214
371 179 200
428 179 66.8896
456 179 66.8896
14 180 66.8896
42 180 40.1606
57 180 40.1606
69 180 28.6944
77 180 40.1606
78 180 40.1606
82 180 40.1606
98 180 66.8896
124 180 28.6944
125 180 28.6944
207 180 66.8896
304 180 66.8896
341 180 22.3214
56 181 40.1606
57 181 40.1606
69 181 28.6944
73 181 200
77 181 40.1606
78 181 40.1606
118 181 40.1606
124 181 28.6944
125 181 28.6944
207 181 66.8896
301 181 200
304 181 66.8896
341 181 22.3214
460 181 66.8896
56 182 28.6944
69 182 28.6944
90 182 40.1606
118 182 40.1606
124 182 28.6944
125 182 28.6944
128 182 200
129 182 200
207 182 66.8896
278 182 66.8896
323 182 22.3214
460 182 66.8896
34 183 40.1606
56 183 28.6944
103 183 66.8896
118 183 40.1606
121 183 66.8896
125 183 28.6944
128 183 200
129 183 200
130 183 200
133 183 40.1606
207 183 66.8896
229 183 66.8896
230 183 66.8896
278 183 66.8896
323 183 22.3214
459 183 66.8896
460 183 66.8896
56 184 28.6944
72 184 66.8896
75 184 28.6944
76 184 28.6944
102 184 66.8896
103 184 66.8896
118 184 40.1606
121 184 66.8896
129 184 200
136 184 66.8896
170 184 66.8896
207 184 66.8896
225 184 66.8896
230 184 66.8896
236 184 22.3214
314 184 66.8896
323 184 22.3214
459 184 66.8896
460 184 66.8896
33 185 40.1606
55 185 28.6944
56 185 28.6944
57 185 28.6944
69 185 28.6944
75 185 28.6944
76 185 28.6944
103 185 66.8896
104 185 66.8896
107 185 66.8896
118 185 40.1606
136 185 66.8896
207 185 66.8896
230 185 66.8896
240 185 66.8896
241 185 66.8896
296 185 40.1606
304 185 66.8896
323 185 22.3214
459 185 66.8896
460 185 66.8896
466 185 66.8896
33 186 40.1606
56 186 40.1606
69 186 28.6944
105 186 66.8896
107 186 66.8896
108 186 66.8896
109 186 66.8896
111 186 40.1606
136 186 66.8896
154 186 66.8896
170 186 66.8896
207 186 66.8896
225 186 66.8896
230 186 66.8896
241 186 66.8896
242 186 66.8896
300 186 200
301 186 200
304 186 66.8896
323 186 22.3214
340 186 22.3214
389 186 28.6944
7 187 22.3214
56 187 40.1606
69 187 28.6944
79 187 40.1606
80 187 40.1606
136 187 66.8896
146 187 66.8896
154 187 66.8896
207 187 66.8896
225 187 66.8896
230 187 66.8896
241 187 66.8896
242 187 66.8896
289 187 66.8896
301 187 200
307 187 40.1606
323 187 22.3214
340 187 22.3214
350 187 13.3958
389 187 28.6944
5 188 22.3214
56 188 40.1606
71 188 40.1606
73 188 66.8896
136 188 66.8896
146 188 66.8896
154 188 66.8896
207 188 66.8896
225 188 66.8896
230 188 66.8896
241 188 66.8896
242 188 66.8896
259 188 66.8896
303 188 200
323 188 22.3214
340 188 22.3214
350 188 13.3958
56 189 40.1606
71 189 66.8896
78 189 40.1606
136 189 66.8896
146 189 66.8896
154 189 66.8896
170 189 66.8896
207 189 66.8896
225 189 66.8896
230 189 66.8896
241 189 66.8896
260 189 66.8896
310 189 28.6944
323 189 22.3214
340 189 22.3214
350 189 13.3958
465 189 66.8896
534 189 22.3214
6 190 22.3214
26 190 40.1606
41 190 40.1606
55 190 40.1606
56 190 40.1606
76 190 40.1606
78 190 40.1606
79 190 66.8896
80 190 66.8896
81 190 66.8896
82 190 66.8896
136 190 66.8896
146 190 66.8896
154 190 66.8896
168 190 66.8896
170 190 66.8896
193 190 66.8896
199 190 66.8896
207 190 66.8896
225 190 66.8896
230 190 66.8896
241 190 66.8896
260 190 66.8896
323 190 22.3214
340 190 22.3214
343 190 18.2648
350 190 13.3958
464 190 66.8896
531 190 28.6944
534 190 22.3214
535 190 22.3214
41 191 40.1606
55 191 40.1606
56 191 40.1606
70 191 40.1606
83 191 66.8896
136 191 66.8896
146 191 66.8896
154 191 66.8896
193 191 66.8896
200 191 66.8896
225 191 66.8896
230 191 66.8896
241 191 66.8896
260 191 66.8896
299 191 200
300 191 200
304 191 66.8896
340 191 22.3214
347 191 15.456
464 191 66.8896
531 191 28.6944
532 191 28.6944
534 191 22.3214
535 191 22.3214
538 191 18.2648
28 192 40.1606
55 192 40.1606
56 192 40.1606
69 192 28.6944
72 192 66.8896
136 192 66.8896
154 192 66.8896
168 192 200
170 192 200
193 192 66.8896
225 192 66.8896
230 192 66.8896
241 192 66.8896
260 192 66.8896
301 192 200
340 192 22.3214
347 192 15.456
464 192 66.8896
528 192 40.1606
529 192 28.6944
531 192 28.6944
532 192 28.6944
534 192 22.3214
535 192 22.3214
536 192 22.3214
538 192 18.2648
539 192 18.2648
541 192 15.456
5 193 22.3214
55 193 40.1606
56 193 40.1606
69 193 28.6944
136 193 66.8896
154 193 66.8896
168 193 200
170 193 200
225 193 66.8896
230 193 66.8896
241 193 66.8896
260 193 66.8896
322 193 22.3214
339 193 22.3214
340 193 22.3214
345 193 15.456
464 193 66.8896
531 193 28.6944
532 193 28.6944
535 193 22.3214
536 193 22.3214
538 193 18.2648
539 193 18.2648
541 193 15.456
544 193 13.3958
5 194 22.3214
55 194 40.1606
56 194 40.1606
136 194 66.8896
146 194 66.8896
154 194 66.8896
241 194 66.8896
260 194 66.8896
322 194 22.3214
339 194 22.3214
388 194 28.6944
464 194 66.8896
526 194 66.8896
529 194 40.1606
531 194 28.6944
532 194 28.6944
534 194 22.3214
536 194 22.3214
538 194 18.2648
541 194 15.456
55 195 40.1606
56 195 40.1606
125 195 40.1606
136 195 66.8896
146 195 66.8896
242 195 66.8896
322 195 22.3214
388 195 28.6944
463 195 66.8896
464 195 66.8896
526 195 66.8896
528 195 40.1606
529 195 28.6944
531 195 28.6944
532 195 28.6944
534 195 22.3214
535 195 22.3214
536 195 22.3214
538 195 18.2648
541 195 15.456
55 196 40.1606
56 196 40.1606
135 196 66.8896
136 196 66.8896
260 196 66.8896
310 196 28.6944
322 196 22.3214
339 196 22.3214
465 196 66.8896
529 196 40.1606
531 196 28.6944
532 196 28.6944
535 196 22.3214
5 197 22.3214
55 197 40.1606
56 197 40.1606
60 197 22.3214
135 197 66.8896
136 197 66.8896
139 197 40.1606
260 197 66.8896
322 197 22.3214
339 197 22.3214
342 197 18.2648
352 197 11.8203
388 197 28.6944
465 197 66.8896
531 197 28.6944
532 197 28.6944
535 197 22.3214
56 198 40.1606
136 198 66.8896
144 198 66.8896
145 198 66.8896
260 198 66.8896
322 198 22.3214
342 198 18.2648
343 198 18.2648
352 198 11.8203
465 198 66.8896
56 199 40.1606
136 199 66.8896
342 199 200
343 199 200
352 199 11.8203
387 199 28.6944
465 199 66.8896
34 200 40.1606
35 200 40.1606
56 200 40.1606
83 200 66.8896
123 200 40.1606
272 200 200
343 200 200
352 200 11.8203
465 200 66.8896
35 201 40.1606
55 201 40.1606
56 201 40.1606
66 201 28.6944
116 201 40.1606
123 201 40.1606
288 201 66.8896
343 201 200
344 201 200
348 201 66.8896
387 201 28.6944
465 201 66.8896
480 201 200
483 201 66.8896
484 201 66.8896
55 202 40.1606
56 202 40.1606
66 202 28.6944
122 202 40.1606
123 202 40.1606
145 202 40.1606
202 202 66.8896
203 202 66.8896
343 202 200
344 202 200
348 202 66.8896
358 202 40.1606
465 202 66.8896
480 202 200
482 202 66.8896
483 202 66.8896
484 202 66.8896
485 202 66.8896
486 202 40.1606
488 202 40.1606
55 203 40.1606
56 203 40.1606
66 203 28.6944
117 203 40.1606
122 203 40.1606
140 203 66.8896
146 203 40.1606
147 203 40.1606
182 203 66.8896
200 203 66.8896
202 203 66.8896
203 203 66.8896
222 203 200
223 203 66.8896
224 203 66.8896
225 203 66.8896
257 203 200
260 203 66.8896
344 203 200
352 203 200
354 203 200
362 203 28.6944
387 203 28.6944
480 203 200
482 203 66.8896
483 203 66.8896
484 203 66.8896
485 203 66.8896
19 204 28.6944
55 204 40.1606
56 204 40.1606
73 204 66.8896
122 204 40.1606
140 204 66.8896
147 204 40.1606
148 204 66.8896
182 204 66.8896
202 204 66.8896
219 204 66.8896
225 204 66.8896
263 204 66.8896
264 204 66.8896
353 204 200
362 204 28.6944
366 204 22.3214
369 204 18.2648
380 204 11.8203
387 204 28.6944
482 204 66.8896
483 204 66.8896
484 204 66.8896
485 204 40.1606
19 205 28.6944
20 205 28.6944
55 205 40.1606
56 205 40.1606
60 205 22.3214
72 205 66.8896
122 205 40.1606
140 205 66.8896
177 205 66.8896
182 205 66.8896
200 205 66.8896
202 205 66.8896
225 205 66.8896
257 205 200
264 205 66.8896
288 205 200
348 205 13.3958
353 205 200
354 205 200
366 205 22.3214
387 205 28.6944
19 206 28.6944
29 206 28.6944
55 206 40.1606
56 206 40.1606
66 206 28.6944
72 206 40.1606
122 206 40.1606
140 206 66.8896
177 206 66.8896
182 206 66.8896
200 206 66.8896
202 206 66.8896
248 206 66.8896
264 206 66.8896
288 206 200
289 206 200
343 206 15.456
348 206 13.3958
354 206 200
355 206 200
361 206 40.1606
375 206 66.8896
387 206 28.6944
6 207 22.3214
11 207 28.6944
30 207 28.6944
56 207 40.1606
60 207 22.3214
66 207 28.6944
72 207 66.8896
116 207 40.1606
122 207 40.1606
140 207 66.8896
149 207 66.8896
177 207 66.8896
182 207 66.8896
200 207 66.8896
202 207 66.8896
331 207 40.1606
343 207 15.456
355 207 200
369 207 22.3214
373 207 66.8896
387 207 28.6944
6 208 22.3214
11 208 28.6944
19 208 28.6944
55 208 40.1606
56 208 40.1606
66 208 28.6944
72 208 66.8896
116 208 40.1606
122 208 40.1606
177 208 66.8896
182 208 66.8896
202 208 66.8896
232 208 10.5764
312 208 28.6944
343 208 15.456
348 208 13.3958
377 208 200
6 209 22.3214
7 209 22.3214
11 209 28.6944
19 209 28.6944
56 209 40.1606
66 209 28.6944
112 209 200
122 209 40.1606
177 209 66.8896
182 209 66.8896
200 209 66.8896
202 209 66.8896
232 209 10.5764
256 209 200
6 210 22.3214
19 210 28.6944
30 210 28.6944
31 210 28.6944
56 210 40.1606
71 210 66.8896
94 210 66.8896
110 210 200
122 210 28.6944
149 210 66.8896
177 210 66.8896
182 210 66.8896
200 210 66.8896
202 210 66.8896
256 210 200
274 210 66.8896
356 210 200
6 211 22.3214
13 211 28.6944
19 211 28.6944
30 211 28.6944
70 211 66.8896
71 211 66.8896
94 211 66.8896
122 211 28.6944
177 211 66.8896
182 211 66.8896
200 211 200
202 211 200
279 211 66.8896
281 211 66.8896
355 211 200
362 211 40.1606
6 212 22.3214
7 212 22.3214
13 212 28.6944
14 212 28.6944
19 212 28.6944
30 212 28.6944
70 212 66.8896
71 212 66.8896
122 212 28.6944
182 212 66.8896
200 212 200
202 212 200
218 212 40.1606
226 212 13.3958
279 212 66.8896
281 212 66.8896
313 212 40.1606
355 212 200
361 212 40.1606
6 213 22.3214
7 213 22.3214
19 213 28.6944
30 213 28.6944
67 213 40.1606
70 213 66.8896
116 213 40.1606
122 213 28.6944
140 213 66.8896
169 213 66.8896
182 213 66.8896
249 213 11.8203
355 213 200
358 213 66.8896
361 213 40.1606
378 213 18.2648
3 214 22.3214
19 214 28.6944
30 214 28.6944
70 214 66.8896
116 214 40.1606
122 214 28.6944
150 214 66.8896
182 214 66.8896
229 214 10.5764
249 214 13.3958
355 214 200
358 214 66.8896
361 214 40.1606
19 215 28.6944
30 215 28.6944
31 215 28.6944
66 215 40.1606
69 215 40.1606
122 215 28.6944
150 215 66.8896
228 215 10.5764
250 215 13.3958
256 215 200
259 215 66.8896
355 215 200
358 215 66.8896
361 215 40.1606
7 216 22.3214
19 216 28.6944
36 216 28.6944
66 216 40.1606
122 216 28.6944
139 216 66.8896
145 216 66.8896
250 216 13.3958
251 216 13.3958
256 216 200
285 216 40.1606
355 216 200
361 216 40.1606
408 216 200
18 217 28.6944
19 217 28.6944
66 217 40.1606
69 217 40.1606
102 217 200
103 217 200
122 217 40.1606
139 217 66.8896
145 217 66.8896
235 217 40.1606
250 217 13.3958
251 217 13.3958
285 217 40.1606
337 217 22.3214
355 217 200
489 217 40.1606
18 218 28.6944
19 218 28.6944
69 218 40.1606
103 218 200
122 218 40.1606
123 218 40.1606
145 218 66.8896
250 218 13.3958
251 218 13.3958
280 218 66.8896
281 218 66.8896
337 218 22.3214
355 218 200
356 218 200
415 218 66.8896
490 218 40.1606
18 219 28.6944
19 219 28.6944
35 219 28.6944
36 219 28.6944
81 219 66.8896
116 219 40.1606
122 219 40.1606
123 219 40.1606
136 219 200
140 219 66.8896
145 219 66.8896
282 219 66.8896
318 219 22.3214
337 219 22.3214
407 219 66.8896
484 219 40.1606
18 220 28.6944
19 220 28.6944
35 220 28.6944
36 220 28.6944
122 220 40.1606
318 220 22.3214
328 220 66.8896
337 220 22.3214
343 220 15.456
404 220 200
407 220 66.8896
484 220 40.1606
18 221 28.6944
19 221 28.6944
36 221 28.6944
122 221 40.1606
143 221 66.8896
318 221 22.3214
328 221 66.8896
337 221 22.3214
343 221 15.456
373 221 18.2648
404 221 200
484 221 40.1606
6 222 22.3214
7 222 22.3214
11 222 28.6944
18 222 28.6944
19 222 28.6944
89 222 200
122 222 40.1606
123 222 40.1606
135 222 66.8896
220 222 10.5764
337 222 22.3214
350 222 11.8203
351 222 11.8203
359 222 28.6944
361 222 28.6944
372 222 18.2648
404 222 200
6 223 22.3214
7 223 22.3214
18 223 28.6944
19 223 28.6944
89 223 200
116 223 40.1606
123 223 40.1606
135 223 66.8896
337 223 22.3214
350 223 66.8896
406 223 200
626 223 40.1606
7 224 22.3214
18 224 28.6944
19 224 28.6944
73 224 40.1606
81 224 66.8896
89 224 200
116 224 40.1606
123 224 40.1606
135 224 66.8896
164 224 66.8896
166 224 66.8896
188 224 66.8896
337 224 22.3214
627 224 40.1606
7 225 22.3214
18 225 28.6944
81 225 66.8896
123 225 40.1606
144 225 66.8896
157 225 66.8896
166 225 66.8896
186 225 66.8896
188 225 66.8896
281 225 10.5764
337 225 22.3214
343 225 15.456
349 225 66.8896
350 225 66.8896
386 225 40.1606
406 225 22.3214
484 225 40.1606
7 226 22.3214
18 226 28.6944
19 226 28.6944
82 226 66.8896
123 226 40.1606
144 226 66.8896
152 226 66.8896
157 226 66.8896
166 226 66.8896
186 226 66.8896
188 226 66.8896
217 226 66.8896
281 226 9.56938
282 226 10.5764
285 226 40.1606
298 226 8.73744
300 226 13.3958
301 226 13.3958
337 226 28.6944
343 226 15.456
347 226 66.8896
349 226 66.8896
350 226 66.8896
359 226 28.6944
385 226 40.1606
386 226 40.1606
387 226 28.6944
395 226 18.2648
406 226 22.3214
426 226 28.6944
484 226 40.1606
19 227 28.6944
32 227 28.6944
33 227 28.6944
123 227 40.1606
144 227 66.8896
152 227 66.8896
157 227 66.8896
166 227 66.8896
188 227 66.8896
215 227 200
217 227 66.8896
218 227 40.1606
221 227 28.6944
222 227 28.6944
223 227 28.6944
224 227 28.6944
225 227 40.1606
226 227 40.1606
227 227 40.1606
228 227 40.1606
229 227 28.6944
230 227 28.6944
250 227 8.03858
251 227 8.03858
257 227 6.93001
279 227 9.56938
296 227 8.73744
347 227 66.8896
349 227 66.8896
350 227 66.8896
353 227 40.1606
356 227 28.6944
357 227 28.6944
359 227 22.3214
386 227 40.1606
387 227 28.6944
389 227 28.6944
395 227 18.2648
410 227 9.56938
411 227 9.56938
412 227 9.56938
414 227 9.56938
426 227 28.6944
123 228 40.1606
144 228 66.8896
152 228 66.8896
157 228 66.8896
166 228 66.8896
188 228 66.8896
211 228 200
212 228 200
213 228 200
215 228 200
218 228 40.1606
219 228 40.1606
220 228 40.1606
221 228 28.6944
222 228 28.6944
223 228 28.6944
224 228 28.6944
225 228 40.1606
226 228 40.1606
227 228 40.1606
255 228 6.93001
280 228 10.5764
336 228 40.1606
337 228 40.1606
339 228 28.6944
340 228 28.6944
343 228 22.3214
348 228 66.8896
350 228 66.8896
356 228 28.6944
357 228 28.6944
402 228 5.74218
418 228 4.46628
427 228 28.6944
48 229 40.1606
84 229 66.8896
85 229 66.8896
116 229 28.6944
123 229 40.1606
144 229 66.8896
152 229 66.8896
157 229 66.8896
166 229 66.8896
188 229 66.8896
223 229 28.6944
254 229 6.93001
255 229 6.93001
304 229 200
336 229 40.1606
337 229 40.1606
340 229 28.6944
343 229 22.3214
348 229 66.8896
357 229 28.6944
358 229 28.6944
361 229 66.8896
363 229 66.8896
364 229 66.8896
374 229 22.3214
394 229 18.2648
427 229 28.6944
626 229 40.1606
5 230 22.3214
21 230 28.6944
85 230 66.8896
123 230 40.1606
144 230 66.8896
152 230 66.8896
157 230 66.8896
166 230 66.8896
188 230 66.8896
216 230 15.456
218 230 28.6944
248 230 6.93001
249 230 6.93001
250 230 6.93001
251 230 7.44324
336 230 40.1606
337 230 40.1606
340 230 28.6944
343 230 22.3214
363 230 66.8896
364 230 66.8896
367 230 8.73744
371 230 28.6944
372 230 28.6944
374 230 22.3214
375 230 22.3214
387 230 11.8203
5 231 22.3214
21 231 28.6944
81 231 66.8896
85 231 66.8896
123 231 40.1606
144 231 66.8896
152 231 66.8896
157 231 66.8896
166 231 66.8896
216 231 13.3958
248 231 6.93001
250 231 6.93001
274 231 66.8896
275 231 66.8896
276 231 40.1606
277 231 40.1606
278 231 40.1606
279 231 40.1606
292 231 13.3958
303 231 22.3214
343 231 22.3214
364 231 18.2648
365 231 18.2648
366 231 8.73744
371 231 28.6944
372 231 28.6944
387 231 11.8203
388 231 11.8203
527 231 66.8896
5 232 22.3214
67 232 40.1606
81 232 66.8896
102 232 200
123 232 40.1606
152 232 66.8896
157 232 66.8896
166 232 66.8896
188 232 66.8896
213 232 15.456
214 232 13.3958
248 232 6.93001
274 232 66.8896
275 232 66.8896
276 232 40.1606
277 232 40.1606
278 232 40.1606
279 232 40.1606
280 232 40.1606
281 232 40.1606
287 232 18.2648
288 232 18.2648
289 232 18.2648
291 232 15.456
292 232 13.3958
293 232 13.3958
296 232 28.6944
303 232 22.3214
306 232 8.03858
349 232 66.8896
366 232 8.73744
372 232 28.6944
373 232 22.3214
375 232 7.44324
376 232 6.93001
629 232 40.1606
5 233 22.3214
81 233 66.8896
82 233 66.8896
123 233 40.1606
144 233 66.8896
152 233 66.8896
157 233 66.8896
166 233 66.8896
188 233 66.8896
217 233 11.8203
273 233 66.8896
277 233 40.1606
278 233 40.1606
279 233 40.1606
280 233 40.1606
287 233 18.2648
288 233 18.2648
289 233 18.2648
290 233 15.456
293 233 13.3958
295 233 13.3958
306 233 8.03858
309 233 11.8203
335 233 6.09013
349 233 66.8896
363 233 8.73744
376 233 6.93001
21 234 28.6944
82 234 66.8896
123 234 40.1606
144 234 66.8896
152 234 66.8896
157 234 66.8896
158 234 66.8896
166 234 66.8896
167 234 66.8896
188 234 66.8896
216 234 11.8203
217 234 11.8203
218 234 13.3958
242 234 8.73744
271 234 10.5764
290 234 15.456
302 234 22.3214
307 234 8.03858
309 234 11.8203
336 234 6.09013
21 235 28.6944
67 235 40.1606
88 235 200
123 235 40.1606
225 235 9.56938
293 235 11.8203
342 235 200
343 235 200
21 236 28.6944
123 236 40.1606
219 236 13.3958
220 236 13.3958
227 236 9.56938
348 236 40.1606
350 236 40.1606
388 236 28.6944
104 237 66.8896
117 237 200
123 237 40.1606
293 237 8.73744
306 237 6.48298
350 237 40.1606
358 237 22.3214
388 237 28.6944
123 238 40.1606
129 238 28.6944
231 238 200
234 238 200
247 238 28.6944
248 238 28.6944
249 238 28.6944
250 238 28.6944
251 238 28.6944
293 238 8.73744
340 238 22.3214
130 239 28.6944
131 239 28.6944
164 239 66.8896
217 239 40.1606
219 239 40.1606
221 239 40.1606
222 239 28.6944
223 239 28.6944
224 239 28.6944
225 239 28.6944
226 239 28.6944
227 239 28.6944
228 239 28.6944
229 239 28.6944
232 239 200
233 239 200
234 239 200
244 239 28.6944
245 239 40.1606
246 239 40.1606
247 239 28.6944
248 239 28.6944
249 239 28.6944
250 239 28.6944
251 239 28.6944
252 239 28.6944
265 239 8.73744
287 239 10.5764
293 239 8.73744
394 239 6.48298
437 239 28.6944
8 240 22.3214
210 240 66.8896
211 240 66.8896
212 240 66.8896
213 240 66.8896
214 240 40.1606
215 240 40.1606
221 240 28.6944
222 240 28.6944
223 240 28.6944
224 240 28.6944
225 240 28.6944
226 240 28.6944
238 240 9.56938
239 240 9.56938
242 240 8.73744
246 240 40.1606
247 240 28.6944
248 240 28.6944
249 240 28.6944
265 240 8.73744
437 240 28.6944
207 241 40.1606
208 241 40.1606
210 241 66.8896
216 241 11.8203
217 241 11.8203
219 241 13.3958
236 241 10.5764
239 241 9.56938
240 241 9.56938
242 241 8.73744
244 241 8.73744
261 241 9.56938
264 241 8.73744
265 241 8.73744
270 241 28.6944
8 242 22.3214
217 242 11.8203
218 242 11.8203
219 242 11.8203
220 242 11.8203
221 242 13.3958
222 242 22.3214
239 242 9.56938
240 242 9.56938
242 242 8.73744
244 242 8.73744
265 242 8.73744
267 242 8.73744
273 242 22.3214
8 243 22.3214
219 243 11.8203
236 243 6.93001
241 243 9.56938
244 243 8.73744
262 243 9.56938
265 243 8.73744
266 243 8.73744
267 243 8.73744
437 243 28.6944
8 244 22.3214
103 244 28.6944
229 244 28.6944
234 244 6.93001
256 244 18.2648
259 244 5.15331
263 244 9.56938
266 244 8.73744
267 244 8.73744
269 244 8.73744
8 245 22.3214
23 245 22.3214
24 245 22.3214
103 245 28.6944
104 245 28.6944
240 245 9.56938
241 245 9.56938
243 245 9.56938
248 245 8.73744
249 245 8.73744
267 245 8.73744
24 246 22.3214
25 246 22.3214
247 246 8.73744
249 246 8.73744
25 247 22.3214
26 247 22.3214
247 247 8.73744
263 247 5.74218
15 248 22.3214
26 248 22.3214
31 248 22.3214
42 250 22.3214
43 251 22.3214
44 251 22.3214
44 252 22.3214
413 258 18.2648
336 264 15.456
516 265 15.456
527 266 13.3958
528 266 13.3958
570 269 18.2648
571 269 18.2648
573 269 18.2648
574 269 18.2648
580 269 13.3958
575 270 18.2648
580 270 13.3958
581 270 13.3958
567 273 15.456
289 274 13.3958
38 278 13.3958
97 278 13.3958
281 278 11.8203
282 278 11.8203
265 279 11.8203
587 280 13.3958
591 280 11.8203
590 281 11.8203
591 281 11.8203
601 281 11.8203
589 282 11.8203
594 282 10.5764
583 283 11.8203
230 284 10.5764
231 284 10.5764
231 285 10.5764
225 286 10.5764
226 286 10.5764
227 286 10.5764
128 287 11.8203
226 287 10.5764
227 287 10.5764
228 287 10.5764
229 287 9.56938
275 289 10.5764
243 290 11.8203
244 290 11.8203
251 290 9.56938
242 291 11.8203
248 291 9.56938
249 291 9.56938
249 292 9.56938
250 292 9.56938
275 294 10.5764
208 295 8.73744
25 296 9.56938
28 296 10.5764
29 296 10.5764
30 296 10.5764
208 296 8.73744
228 296 8.73744
229 297 8.73744
230 297 8.73744
231 297 8.73744
589 297 9.56938
204 298 8.73744
210 298 8.73744
214 298 8.73744
589 298 9.56938
166 299 9.56938
205 299 8.73744
202 300 8.73744
623 300 9.56938
168 301 9.56938
204 301 8.73744
205 301 8.73744
244 301 8.73744
625 301 9.56938
627 301 8.73744
629 301 8.73744
82 302 9.56938
83 302 9.56938
192 302 8.03858
205 302 8.03858
212 302 8.73744
244 302 8.73744
628 302 8.73744
182 303 8.03858
187 303 8.03858
212 303 8.73744
213 303 8.73744
76 305 9.56938
77 305 9.56938
199 305 8.03858
75 306 9.56938
199 306 8.03858
200 306 8.03858
243 306 8.73744
73 307 9.56938
243 307 8.73744
244 307 8.73744
174 309 7.44324
199 309 8.03858
200 310 8.03858
620 310 8.73744
621 310 8.73744
50 311 8.73744
51 311 8.73744
52 311 8.73744
67 311 8.73744
185 311 7.44324
186 311 7.44324
187 311 7.44324
619 311 8.73744
624 311 8.73744
51 312 8.73744
52 312 8.73744
53 312 8.73744
66 312 8.73744
76 312 8.73744
77 312 8.73744
187 312 7.44324
623 312 8.73744
54 313 8.73744
55 313 8.73744
56 313 8.73744
160 313 7.44324
184 313 7.44324
623 313 8.73744
23 314 8.73744
24 314 8.73744
56 314 8.73744
57 314 8.73744
58 314 8.73744
178 314 7.44324
184 314 7.44324
240 314 8.03858
241 314 8.03858
622 314 8.73744
623 314 8.73744
624 314 8.73744
22 315 8.73744
23 315 8.73744
24 315 8.03858
25 315 8.73744
26 315 8.03858
58 315 8.73744
125 315 7.44324
140 315 7.44324
154 315 7.44324
164 315 7.44324
241 315 8.03858
242 315 8.03858
623 315 8.73744
632 315 8.73744
633 315 8.73744
24 316 8.03858
25 316 8.73744
26 316 8.03858
27 316 8.03858
125 316 7.44324
165 316 7.44324
170 316 7.44324
197 316 7.44324
633 316 8.73744
636 316 8.03858
26 317 8.03858
27 317 8.03858
28 317 8.03858
166 317 7.44324
167 317 6.93001
172 317 7.44324
630 317 8.73744
28 318 8.03858
29 318 8.03858
30 318 8.03858
188 318 6.93001
203 318 7.44324
204 318 7.44324
30 319 8.03858
31 319 8.03858
32 319 8.03858
125 319 6.93001
32 320 8.03858
33 320 8.03858
34 320 8.03858
119 320 6.93001
173 320 6.93001
174 320 6.93001
178 320 6.93001
633 320 8.73744
34 321 8.03858
35 321 8.03858
36 321 8.03858
120 321 6.93001
137 321 6.93001
230 321 7.44324
637 321 8.03858
36 322 8.03858
37 322 8.03858
230 322 7.44324
231 322 7.44324
232 322 7.44324
233 322 7.44324
37 323 8.03858
38 323 8.03858
133 323 6.93001
134 323 6.93001
135 323 6.93001
212 323 7.44324
38 324 8.03858
39 324 7.44324
151 324 6.93001
208 324 7.44324
39 325 7.44324
40 325 7.44324
41 325 7.44324
151 325 6.93001
41 326 7.44324
42 326 7.44324
212 326 6.93001
42 327 7.44324
43 327 7.44324
44 327 7.44324
45 327 7.44324
181 327 6.48298
201 327 6.93001
202 327 6.93001
121 328 6.48298
156 328 6.48298
201 328 6.93001
202 328 6.93001
116 329 6.93001
121 329 6.48298
122 329 6.48298
143 329 6.48298
156 329 6.48298
160 329 6.48298
119 330 6.09013
120 330 6.48298
121 330 6.48298
206 330 6.93001
119 331 6.09013
120 331 6.09013
201 331 6.93001
202 331 6.93001
207 331 6.93001
202 332 6.93001
203 332 6.93001
204 332 6.93001
205 332 6.93001
126 333 6.09013
127 333 6.09013
195 333 6.93001
204 333 6.93001
205 333 6.93001
126 334 6.09013
144 334 6.09013
145 334 6.09013
138 335 6.09013
139 335 6.09013
136 336 6.09013
140 336 6.48298
141 336 6.09013
136 337 6.09013
137 337 6.09013
194 338 6.48298
626 338 6.93001
187 339 6.48298
136 340 5.74218
189 340 6.48298
190 340 6.48298
181 341 6.48298
229 341 6.48298
102 342 5.74218
239 342 6.48298
240 342 6.48298
103 343 5.74218
240 343 6.48298
99 344 5.74218
126 344 5.74218
175 344 6.09013
99 345 5.74218
127 345 5.74218
128 345 5.74218
135 345 5.74218
124 346 5.74218
128 346 5.74218
129 346 5.74218
153 346 5.74218
123 347 5.74218
124 347 5.43183
125 347 5.43183
129 347 5.43183
124 348 5.43183
125 348 5.43183
126 348 5.43183
127 348 5.43183
146 348 5.74218
87 349 5.43183
88 349 5.43183
106 349 5.43183
126 349 5.43183
127 349 5.43183
128 349 5.43183
87 350 5.43183
88 350 5.43183
89 350 5.43183
92 350 5.43183
108 350 5.43183
109 350 5.43183
109 351 5.43183
110 351 5.43183
125 351 5.43183
130 351 5.43183
51 352 5.15331
106 352 5.43183
122 352 5.43183
129 352 5.43183
130 352 5.43183
233 352 6.09013
49 353 5.15331
50 353 5.15331
89 353 5.43183
104 353 5.15331
105 353 5.43183
106 353 5.43183
107 353 5.43183
108 353 5.43183
123 353 5.43183
130 353 5.43183
49 354 5.15331
50 354 5.15331
51 354 5.15331
58 354 5.74218
63 354 4.90196
89 354 5.43183
97 354 5.15331
98 354 5.15331
106 354 5.43183
58 355 5.74218
62 355 4.90196
63 355 4.90196
64 355 4.90196
97 355 5.15331
98 355 5.15331
116 355 5.43183
128 355 5.43183
244 355 5.74218
63 356 4.90196
64 356 4.90196
65 356 4.90196
117 356 5.43183
64 357 4.90196
65 357 4.90196
65 358 4.90196
66 358 4.90196
104 358 5.15331
110 358 5.15331
111 358 5.15331
112 358 5.15331
58 359 4.90196
66 359 4.90196
67 359 4.90196
79 359 5.15331
80 359 5.15331
101 359 5.15331
104 359 5.15331
109 359 5.15331
50 360 5.15331
59 360 4.90196
66 360 4.90196
101 360 5.15331
102 360 5.15331
107 360 5.15331
65 361 4.90196
66 361 4.90196
65 362 4.90196
66 362 4.90196
67 362 4.90196
68 362 4.90196
75 362 4.90196
95 362 5.43183
96 362 5.15331
98 362 5.15331
68 363 4.90196
69 363 4.90196
75 363 4.90196
76 363 4.90196
95 363 5.43183
98 363 4.90196
145 363 5.43183
146 363 5.43183
54 364 4.90196
76 364 4.90196
77 364 4.90196
92 364 4.90196
97 364 5.15331
98 364 4.90196
99 364 4.90196
54 365 4.90196
91 365 4.90196
92 365 4.90196
93 365 4.90196
98 365 4.90196
99 365 4.90196
100 365 4.90196
101 365 4.90196
87 366 5.43183
92 366 4.90196
93 366 4.90196
101 366 4.90196
192 366 5.43183
193 366 5.43183
59 367 4.67399
81 367 4.67399
82 367 4.90196
87 367 5.43183
92 367 4.90196
93 367 4.90196
61 368 4.67399
81 368 4.67399
82 368 4.90196
83 368 4.67399
84 368 4.67399
92 368 4.90196
93 368 4.90196
94 368 4.90196
98 368 4.90196
139 368 5.43183
85 369 4.90196
89 369 5.43183
92 369 4.90196
93 369 4.67399
94 369 4.67399
95 369 4.67399
140 369 5.43183
93 370 4.67399
94 370 4.67399
135 370 5.15331
136 370 5.15331
4 371 4.67399
47 371 4.67399
48 371 4.67399
4 372 4.67399
81 372 4.67399
84 372 4.67399
3 373 4.67399
4 373 4.67399
25 373 4.67399
29 373 4.67399
43 373 4.67399
79 373 4.67399
83 373 4.67399
84 373 4.67399
85 373 4.67399
86 373 4.67399
25 374 4.67399
26 374 4.67399
30 374 4.67399
75 374 5.15331
76 374 5.15331
78 374 4.67399
79 374 4.67399
80 374 4.67399
85 374 4.67399
86 374 4.67399
10 375 4.46628
13 375 4.46628
25 375 4.67399
26 375 4.67399
75 375 5.15331
79 375 4.67399
80 375 4.67399
81 375 4.67399
4 376 4.67399
9 376 4.46628
10 376 4.46628
25 376 4.46628
71 376 4.67399
72 376 4.67399
80 376 4.67399
81 376 4.67399
82 376 4.67399
107 376 4.67399
9 377 4.46628
10 377 4.46628
25 377 4.46628
26 377 4.46628
28 377 4.46628
53 377 4.67399
71 377 4.67399
72 377 4.67399
73 377 4.67399
92 377 4.67399
93 377 4.67399
94 377 4.67399
95 377 4.67399
96 377 4.67399
107 377 4.67399
108 377 4.67399
3 378 4.46628
7 378 4.46628
26 378 4.46628
27 378 4.46628
73 378 4.67399
109 378 4.67399
3 379 4.46628
4 379 4.46628
4 380 4.46628
21 380 4.46628
22 380 4.46628
33 380 4.46628
34 380 4.46628
68 380 4.46628
107 380 4.67399
120 380 4.90196
4 381 4.46628
22 381 4.46628
23 381 4.46628
29 381 4.46628
33 381 4.46628
34 381 4.46628
61 381 4.46628
66 381 4.46628
68 381 4.46628
112 381 5.43183
117 381 4.90196
118 381 4.90196
31 382 4.46628
62 382 4.46628
63 382 4.46628
66 382 4.46628
68 382 4.46628
69 382 4.46628
118 382 4.90196
16 383 4.90196
57 383 4.46628
58 383 4.46628
63 383 4.46628
64 383 4.46628
69 383 4.46628
70 383 4.46628
108 383 4.67399
110 383 4.67399
13 384 4.46628
14 384 4.46628
45 384 4.27625
49 384 4.67399
52 384 4.46628
57 384 4.46628
58 384 4.46628
64 384 4.46628
65 384 4.46628
110 384 4.67399
19 385 4.46628
45 385 4.27625
48 385 4.67399
52 385 4.27625
108 385 4.67399
19 386 4.46628
45 386 4.27625
46 386 4.27625
52 386 4.27625
53 386 4.27625
108 386 4.67399
14 387 4.46628
15 387 4.46628
22 387 4.27625
39 387 4.27625
45 387 4.27625
46 387 4.27625
52 387 4.27625
53 387 4.27625
75 387 4.46628
76 387 4.46628
401 387 4.90196
14 388 4.46628
15 388 4.46628
22 388 4.27625
29 388 4.27625
210 388 4.90196
29 389 4.27625
38 391 4.27625
103 391 4.67399
38 392 4.27625
390 392 4.67399
14 393 4.27625
39 393 4.27625
186 393 4.67399
213 393 4.67399
39 394 4.10172
187 394 4.67399
39 395 4.10172
40 395 4.10172
39 396 4.10172
40 396 4.10172
100 396 4.46628
101 396 4.46628
344 396 4.90196
484 396 4.67399
485 396 4.67399
39 397 4.10172
101 397 4.46628
102 397 4.46628
103 397 4.46628
104 397 4.27625
217 397 4.46628
19 398 4.27625
98 398 4.46628
99 398 4.46628
38 399 4.10172
39 399 4.10172
349 399 4.46628
350 399 4.46628
351 399 4.46628
352 399 4.46628
21 400 4.27625
38 400 4.10172
39 400 4.10172
346 400 4.46628
347 400 4.46628
350 400 4.46628
351 400 4.46628
122 401 4.46628
395 401 4.46628
119 402 4.27625
123 402 4.27625
124 402 4.27625
177 402 4.46628
217 402 4.46628
119 403 4.27625
120 403 4.27625
118 404 4.46628
119 404 4.27625
120 404 4.27625
121 404 4.27625
122 404 4.27625
494 405 4.46628
54 406 3.94089
55 406 3.94089
242 406 4.27625
392 406 4.46628
43 407 3.94089
44 407 3.94089
53 407 3.94089
165 407 4.27625
44 408 3.94089
48 408 3.94089
53 408 3.94089
54 408 3.94089
55 408 3.94089
38 409 3.94089
39 409 3.94089
40 409 3.94089
243 409 4.27625
422 409 4.27625
50 410 3.94089
51 410 3.94089
52 410 3.94089
335 410 4.27625
20 411 3.94089
55 411 3.94089
56 411 3.94089
18 412 3.94089
56 412 3.94089
17 414 3.79219
18 414 3.79219
500 415 4.27625
185 416 4.10172
505 416 4.10172
56 417 3.94089
57 417 3.94089
245 417 4.10172
57 418 3.94089
57 419 3.94089
68 419 3.94089
57 420 3.94089
60 420 3.94089
68 420 3.94089
69 420 3.94089
70 420 3.94089
57 421 3.94089
69 421 3.94089
70 421 3.94089
72 421 3.94089
57 422 3.94089
155 422 3.94089
156 422 3.94089
61 423 3.94089
62 423 3.94089
113 423 3.94089
510 423 4.10172
62 424 3.94089
113 424 3.94089
184 424 3.94089
512 424 4.10172
54 425 3.94089
63 425 3.94089
110 425 3.94089
111 425 3.94089
184 425 3.94089
185 425 3.94089
190 425 3.94089
51 426 3.94089
52 426 3.94089
53 426 3.94089
54 426 3.79219
51 427 3.94089
54 427 3.79219
55 427 3.79219
50 428 3.94089
51 428 3.94089
52 428 3.79219
252 429 3.94089
93 430 3.79219
209 432 3.79219
195 433 3.79219
196 433 3.79219
355 433 3.79219
47 434 3.79219
185 434 3.79219
195 434 3.79219
186 435 3.79219
187 436 3.6543
188 436 3.6543
192 437 3.79219
311 437 3.79219
187 438 3.6543
292 439 3.6543
290 441 3.6543
291 441 3.6543
143 442 3.6543
192 442 3.6543
193 442 3.6543
165 443 3.6543
189 443 3.6543
249 443 3.6543
41 444 3.52609
47 444 3.52609
189 444 3.6543
190 444 3.6543
573 444 3.79219
43 445 3.52609
190 445 3.6543
427 445 3.6543
428 445 3.6543
574 445 3.79219
582 445 3.52609
39 446 3.52609
40 446 3.52609
41 446 3.52609
42 446 3.52609
43 446 3.52609
44 446 3.52609
400 446 3.6543
576 446 3.6543
577 446 3.6543
403 447 3.6543
583 447 3.52609
584 447 3.52609
405 448 3.52609
406 448 3.52609
407 448 3.52609
408 448 3.52609
415 448 3.40657
430 448 3.6543
462 448 3.6543
584 448 3.40657
5 449 3.52609
409 449 3.52609
434 450 3.52609
435 450 3.52609
436 450 3.52609
441 451 3.40657
372 452 3.52609
373 452 3.52609
451 452 3.52609
230 454 3.52609
261 454 3.52609
262 454 3.52609
32 455 3.40657
231 455 3.52609
263 455 3.52609
540 456 3.52609
541 456 3.52609
542 457 3.52609
198 458 3.40657
315 458 3.40657
52 460 3.29489
204 461 3.40657
210 461 3.40657
320 461 3.40657
545 461 3.40657
50 462 3.29489
51 462 3.29489
52 462 3.29489
205 462 3.40657
212 462 3.40657
320 462 3.40657
321 462 3.40657
599 462 3.40657
270 463 3.40657
271 464 3.40657
203 466 3.29489
601 466 3.40657
111 467 3.29489
112 467 3.29489
187 468 3.29489
606 468 3.29489
607 468 3.29489
161 469 3.29489
293 469 3.52609
293 470 3.52609
327 472 3.29489
364 472 3.29489
420 472 3.29489
241 473 3.52609
136 475 3.1903
305 475 3.1903
282 476 3.1903
238 477 3.1903
248 477 3.1903
301 477 3.1903
350 477 3.1903
