34 3 18.2648
47 3 18.2648
73 3 22.3214
144 3 28.6944
146 3 22.3214
181 3 28.6944
188 3 28.6944
224 3 40.1606
225 3 40.1606
244 3 40.1606
245 3 40.1606
620 3 10.5764
34 4 18.2648
47 4 18.2648
71 4 22.3214
73 4 22.3214
144 4 28.6944
146 4 28.6944
152 4 28.6944
214 4 40.1606
245 4 40.1606
246 4 40.1606
10 5 18.2648
34 5 18.2648
47 5 18.2648
63 5 18.2648
71 5 22.3214
73 5 22.3214
134 5 22.3214
144 5 28.6944
146 5 28.6944
152 5 28.6944
167 5 28.6944
170 5 28.6944
181 5 28.6944
188 5 28.6944
214 5 40.1606
216 5 40.1606
222 5 66.8896
246 5 40.1606
247 5 40.1606
541 5 28.6944
617 5 11.8203
621 5 10.5764
622 5 10.5764
34 6 18.2648
47 6 18.2648
63 6 22.3214
71 6 22.3214
73 6 22.3214
134 6 22.3214
144 6 28.6944
147 6 22.3214
167 6 28.6944
183 6 28.6944
188 6 28.6944
214 6 40.1606
247 6 40.1606
248 6 40.1606
622 6 10.5764
34 7 18.2648
47 7 18.2648
63 7 22.3214
64 7 22.3214
71 7 22.3214
73 7 22.3214
133 7 22.3214
145 7 22.3214
167 7 28.6944
171 7 28.6944
172 7 28.6944
181 7 28.6944
183 7 28.6944
188 7 28.6944
248 7 40.1606
249 7 40.1606
522 7 66.8896
536 7 40.1606
625 7 10.5764
34 8 18.2648
35 8 18.2648
47 8 18.2648
63 8 22.3214
64 8 22.3214
71 8 22.3214
73 8 22.3214
128 8 22.3214
152 8 22.3214
167 8 28.6944
171 8 28.6944
172 8 28.6944
181 8 28.6944
184 8 22.3214
188 8 28.6944
249 8 40.1606
250 8 40.1606
522 8 66.8896
538 8 40.1606
539 8 40.1606
626 8 10.5764
637 8 22.3214
34 9 18.2648
35 9 18.2648
47 9 18.2648
58 9 18.2648
63 9 22.3214
64 9 22.3214
71 9 22.3214
73 9 22.3214
128 9 22.3214
143 9 22.3214
144 9 22.3214
145 9 22.3214
152 9 22.3214
167 9 28.6944
171 9 28.6944
172 9 28.6944
181 9 28.6944
188 9 28.6944
250 9 40.1606
251 9 40.1606
538 9 40.1606
539 9 40.1606
601 9 11.8203
636 9 22.3214
34 10 18.2648
47 10 18.2648
58 10 22.3214
73 10 22.3214
134 10 22.3214
135 10 22.3214
152 10 22.3214
167 10 28.6944
172 10 28.6944
181 10 28.6944
182 10 28.6944
185 10 40.1606
188 10 28.6944
251 10 40.1606
252 10 40.1606
602 10 11.8203
603 10 11.8203
618 10 22.3214
635 10 22.3214
35 11 18.2648
47 11 18.2648
58 11 22.3214
71 11 22.3214
73 11 22.3214
151 11 28.6944
152 11 28.6944
169 11 28.6944
172 11 28.6944
252 11 40.1606
253 11 40.1606
603 11 11.8203
634 11 22.3214
35 12 18.2648
47 12 18.2648
58 12 22.3214
71 12 22.3214
73 12 22.3214
74 12 22.3214
152 12 28.6944
169 12 40.1606
172 12 28.6944
232 12 22.3214
253 12 40.1606
254 12 40.1606
633 12 22.3214
634 12 22.3214
23 13 15.456
24 13 15.456
34 13 18.2648
35 13 18.2648
47 13 18.2648
58 13 22.3214
71 13 22.3214
73 13 22.3214
74 13 22.3214
152 13 28.6944
172 13 28.6944
189 13 28.6944
223 13 40.1606
254 13 40.1606
255 13 40.1606
624 13 10.5764
632 13 22.3214
633 13 22.3214
23 14 15.456
24 14 15.456
34 14 18.2648
35 14 18.2648
47 14 18.2648
58 14 22.3214
73 14 22.3214
172 14 28.6944
182 14 28.6944
184 14 28.6944
189 14 28.6944
212 14 28.6944
255 14 40.1606
256 14 40.1606
529 14 66.8896
625 14 10.5764
630 14 22.3214
632 14 22.3214
20 15 15.456
23 15 15.456
34 15 18.2648
35 15 18.2648
47 15 18.2648
71 15 22.3214
73 15 22.3214
173 15 28.6944
233 15 40.1606
256 15 40.1606
257 15 40.1606
535 15 40.1606
626 15 10.5764
24 16 15.456
34 16 18.2648
35 16 18.2648
47 16 18.2648
58 16 22.3214
73 16 22.3214
74 16 22.3214
229 16 40.1606
254 16 40.1606
257 16 40.1606
258 16 40.1606
535 16 40.1606
38 17 18.2648
47 17 18.2648
58 17 22.3214
71 17 22.3214
73 17 22.3214
74 17 22.3214
188 17 28.6944
229 17 40.1606
254 17 40.1606
258 17 40.1606
259 17 40.1606
534 17 40.1606
535 17 40.1606
632 17 10.5764
73 18 22.3214
87 18 22.3214
188 18 28.6944
242 18 40.1606
253 18 40.1606
254 18 40.1606
259 18 40.1606
260 18 40.1606
530 18 66.8896
535 18 40.1606
628 18 10.5764
58 19 22.3214
73 19 22.3214
74 19 22.3214
87 19 22.3214
88 19 22.3214
172 19 28.6944
173 19 28.6944
188 19 28.6944
242 19 40.1606
261 19 40.1606
629 19 10.5764
47 20 18.2648
48 20 18.2648
59 20 22.3214
73 20 22.3214
74 20 22.3214
87 20 22.3214
88 20 22.3214
173 20 28.6944
251 20 40.1606
255 20 200
262 20 40.1606
534 20 40.1606
609 20 11.8203
630 20 10.5764
42 21 28.6944
43 21 28.6944
47 21 18.2648
73 21 22.3214
87 21 22.3214
88 21 22.3214
148 21 22.3214
181 21 28.6944
182 21 28.6944
188 21 28.6944
247 21 28.6944
256 21 200
263 21 40.1606
534 21 40.1606
610 21 11.8203
47 22 18.2648
73 22 22.3214
74 22 22.3214
147 22 22.3214
148 22 22.3214
152 22 22.3214
153 22 22.3214
182 22 28.6944
188 22 28.6944
242 22 40.1606
256 22 200
257 22 200
264 22 40.1606
611 22 11.8203
624 22 22.3214
627 22 18.2648
631 22 10.5764
59 23 22.3214
152 23 22.3214
177 23 28.6944
178 23 28.6944
188 23 28.6944
246 23 28.6944
257 23 200
259 23 40.1606
265 23 40.1606
530 23 66.8896
623 23 22.3214
632 23 10.5764
59 24 22.3214
70 24 22.3214
73 24 22.3214
88 24 22.3214
152 24 22.3214
177 24 28.6944
178 24 28.6944
188 24 28.6944
246 24 40.1606
260 24 40.1606
266 24 40.1606
530 24 66.8896
622 24 22.3214
47 25 18.2648
48 25 18.2648
49 25 18.2648
59 25 22.3214
73 25 22.3214
74 25 22.3214
88 25 22.3214
151 25 28.6944
177 25 28.6944
178 25 28.6944
188 25 28.6944
244 25 40.1606
249 25 40.1606
261 25 200
267 25 40.1606
302 25 15.456
621 25 22.3214
633 25 10.5764
47 26 18.2648
48 26 18.2648
73 26 22.3214
74 26 22.3214
88 26 22.3214
151 26 28.6944
188 26 28.6944
244 26 40.1606
249 26 40.1606
260 26 200
261 26 200
268 26 40.1606
302 26 15.456
303 26 15.456
620 26 22.3214
634 26 10.5764
47 27 18.2648
59 27 22.3214
88 27 22.3214
249 27 40.1606
261 27 200
269 27 40.1606
619 27 22.3214
635 27 10.5764
47 28 18.2648
59 28 22.3214
74 28 22.3214
145 28 22.3214
146 28 22.3214
147 28 22.3214
200 28 28.6944
202 28 28.6944
249 28 40.1606
262 28 200
270 28 40.1606
302 28 18.2648
303 28 18.2648
618 28 22.3214
47 29 18.2648
48 29 18.2648
59 29 22.3214
74 29 22.3214
88 29 22.3214
134 29 22.3214
200 29 28.6944
249 29 40.1606
271 29 40.1606
272 29 40.1606
303 29 22.3214
637 29 10.5764
47 30 18.2648
48 30 18.2648
59 30 22.3214
74 30 22.3214
88 30 22.3214
200 30 28.6944
204 30 28.6944
249 30 40.1606
272 30 40.1606
303 30 28.6944
304 30 28.6944
531 30 40.1606
48 31 18.2648
59 31 22.3214
74 31 22.3214
88 31 22.3214
114 31 22.3214
204 31 40.1606
235 31 40.1606
249 31 40.1606
258 31 28.6944
273 31 40.1606
274 31 40.1606
290 31 28.6944
296 31 28.6944
297 31 28.6944
303 31 28.6944
304 31 28.6944
48 32 18.2648
59 32 22.3214
74 32 22.3214
88 32 22.3214
114 32 22.3214
115 32 22.3214
203 32 40.1606
204 32 40.1606
234 32 40.1606
249 32 40.1606
274 32 40.1606
289 32 28.6944
294 32 28.6944
295 32 28.6944
296 32 28.6944
297 32 28.6944
298 32 28.6944
300 32 28.6944
302 32 28.6944
303 32 28.6944
304 32 28.6944
539 32 40.1606
48 33 18.2648
59 33 22.3214
72 33 22.3214
74 33 22.3214
114 33 22.3214
203 33 40.1606
204 33 40.1606
249 33 40.1606
254 33 22.3214
259 33 28.6944
275 33 40.1606
284 33 22.3214
287 33 28.6944
288 33 28.6944
292 33 28.6944
293 33 28.6944
294 33 28.6944
506 33 28.6944
539 33 40.1606
59 34 22.3214
74 34 22.3214
114 34 22.3214
204 34 40.1606
249 34 40.1606
259 34 28.6944
268 34 200
276 34 40.1606
290 34 28.6944
291 34 28.6944
292 34 28.6944
293 34 28.6944
301 34 28.6944
535 34 66.8896
538 34 40.1606
59 35 22.3214
74 35 22.3214
114 35 22.3214
249 35 40.1606
259 35 28.6944
269 35 200
270 35 200
277 35 40.1606
288 35 28.6944
289 35 28.6944
290 35 28.6944
46 36 18.2648
47 36 18.2648
55 36 28.6944
59 36 22.3214
72 36 22.3214
74 36 22.3214
113 36 22.3214
114 36 22.3214
182 36 28.6944
249 36 40.1606
254 36 40.1606
256 36 40.1606
278 36 40.1606
298 36 66.8896
47 37 18.2648
59 37 22.3214
72 37 22.3214
74 37 22.3214
88 37 22.3214
114 37 22.3214
249 37 40.1606
256 37 40.1606
271 37 200
279 37 40.1606
283 37 40.1606
284 37 28.6944
285 37 28.6944
59 38 22.3214
60 38 22.3214
72 38 22.3214
74 38 22.3214
88 38 22.3214
89 38 22.3214
114 38 22.3214
228 38 28.6944
229 38 28.6944
249 38 40.1606
278 38 66.8896
280 38 40.1606
281 38 40.1606
74 39 22.3214
88 39 22.3214
113 39 22.3214
114 39 22.3214
228 39 40.1606
249 39 40.1606
254 39 40.1606
273 39 200
274 39 200
279 39 40.1606
281 39 40.1606
282 39 40.1606
296 39 200
74 40 22.3214
114 40 22.3214
173 40 28.6944
174 40 28.6944
189 40 22.3214
214 40 40.1606
227 40 40.1606
247 40 40.1606
249 40 40.1606
254 40 40.1606
256 40 40.1606
274 40 200
280 40 40.1606
282 40 40.1606
283 40 40.1606
535 40 40.1606
72 41 22.3214
74 41 22.3214
114 41 22.3214
162 41 22.3214
190 41 28.6944
192 41 28.6944
226 41 40.1606
227 41 40.1606
243 41 200
247 41 40.1606
249 41 40.1606
256 41 40.1606
283 41 40.1606
535 41 40.1606
636 41 11.8203
74 42 22.3214
114 42 22.3214
155 42 28.6944
168 42 28.6944
169 42 28.6944
172 42 28.6944
174 42 28.6944
175 42 28.6944
184 42 28.6944
186 42 28.6944
192 42 28.6944
226 42 40.1606
247 42 40.1606
249 42 40.1606
254 42 40.1606
256 42 40.1606
277 42 200
282 42 66.8896
284 42 40.1606
535 42 40.1606
74 43 22.3214
101 43 22.3214
154 43 28.6944
158 43 28.6944
186 43 28.6944
192 43 28.6944
247 43 40.1606
249 43 40.1606
278 43 200
283 43 66.8896
285 43 40.1606
286 43 40.1606
74 44 22.3214
101 44 22.3214
114 44 22.3214
153 44 28.6944
154 44 28.6944
247 44 40.1606
249 44 40.1606
279 44 200
284 44 66.8896
286 44 40.1606
287 44 40.1606
517 44 66.8896
537 44 40.1606
67 45 22.3214
74 45 22.3214
104 45 22.3214
107 45 15.456
108 45 15.456
114 45 22.3214
153 45 28.6944
154 45 28.6944
184 45 28.6944
216 45 28.6944
217 45 28.6944
219 45 28.6944
247 45 40.1606
280 45 200
285 45 66.8896
287 45 40.1606
288 45 40.1606
517 45 66.8896
532 45 40.1606
46 46 18.2648
47 46 18.2648
68 46 22.3214
72 46 22.3214
74 46 22.3214
75 46 22.3214
101 46 22.3214
104 46 22.3214
109 46 15.456
153 46 28.6944
184 46 28.6944
226 46 40.1606
247 46 40.1606
280 46 200
281 46 200
286 46 66.8896
288 46 40.1606
635 46 11.8203
74 47 22.3214
101 47 22.3214
104 47 22.3214
184 47 28.6944
225 47 40.1606
226 47 40.1606
247 47 40.1606
281 47 200
282 47 200
287 47 66.8896
289 47 40.1606
531 47 40.1606
636 47 11.8203
72 48 22.3214
74 48 22.3214
101 48 22.3214
104 48 22.3214
113 48 22.3214
114 48 22.3214
215 48 40.1606
226 48 40.1606
247 48 40.1606
270 48 40.1606
282 48 200
283 48 200
288 48 66.8896
290 48 40.1606
291 48 40.1606
531 48 40.1606
40 49 15.456
41 49 15.456
42 49 15.456
43 49 15.456
74 49 22.3214
75 49 22.3214
101 49 22.3214
105 49 22.3214
110 49 22.3214
113 49 22.3214
114 49 22.3214
184 49 28.6944
189 49 28.6944
205 49 40.1606
215 49 40.1606
226 49 40.1606
284 49 200
289 49 66.8896
291 49 40.1606
292 49 40.1606
531 49 40.1606
28 50 15.456
29 50 18.2648
33 50 18.2648
43 50 15.456
44 50 18.2648
74 50 22.3214
101 50 22.3214
105 50 22.3214
109 50 22.3214
110 50 22.3214
113 50 22.3214
114 50 22.3214
184 50 28.6944
189 50 28.6944
226 50 40.1606
247 50 40.1606
285 50 200
290 50 66.8896
292 50 40.1606
293 50 40.1606
531 50 40.1606
15 51 18.2648
30 51 18.2648
31 51 18.2648
32 51 18.2648
35 51 18.2648
36 51 18.2648
37 51 18.2648
38 51 18.2648
39 51 18.2648
74 51 22.3214
101 51 22.3214
105 51 22.3214
109 51 22.3214
184 51 28.6944
189 51 28.6944
226 51 40.1606
285 51 200
286 51 200
291 51 66.8896
293 51 40.1606
527 51 66.8896
531 51 40.1606
538 51 22.3214
15 52 18.2648
21 52 18.2648
24 52 18.2648
25 52 18.2648
74 52 22.3214
90 52 200
101 52 22.3214
105 52 22.3214
109 52 22.3214
144 52 28.6944
184 52 28.6944
186 52 28.6944
189 52 28.6944
226 52 40.1606
287 52 200
292 52 66.8896
294 52 40.1606
14 53 18.2648
15 53 18.2648
74 53 22.3214
75 53 22.3214
87 53 22.3214
101 53 22.3214
109 53 22.3214
144 53 28.6944
145 53 28.6944
153 53 28.6944
184 53 28.6944
189 53 28.6944
226 53 40.1606
288 53 200
293 53 66.8896
295 53 40.1606
14 54 18.2648
74 54 22.3214
75 54 22.3214
87 54 22.3214
101 54 22.3214
106 54 22.3214
109 54 22.3214
144 54 28.6944
145 54 28.6944
152 54 28.6944
153 54 28.6944
184 54 28.6944
189 54 28.6944
226 54 40.1606
233 54 40.1606
277 54 40.1606
289 54 200
294 54 66.8896
296 54 40.1606
14 55 18.2648
74 55 22.3214
75 55 22.3214
101 55 22.3214
106 55 22.3214
109 55 22.3214
144 55 28.6944
153 55 28.6944
184 55 28.6944
189 55 28.6944
226 55 40.1606
238 55 40.1606
250 55 40.1606
290 55 200
295 55 66.8896
297 55 40.1606
631 55 18.2648
14 56 18.2648
74 56 22.3214
75 56 22.3214
101 56 22.3214
106 56 22.3214
109 56 22.3214
110 56 22.3214
144 56 28.6944
153 56 28.6944
184 56 28.6944
189 56 28.6944
226 56 40.1606
240 56 40.1606
247 56 22.3214
250 56 40.1606
290 56 200
291 56 200
296 56 66.8896
298 56 40.1606
71 57 22.3214
75 57 22.3214
107 57 22.3214
110 57 22.3214
144 57 28.6944
153 57 28.6944
184 57 28.6944
189 57 28.6944
235 57 40.1606
291 57 200
292 57 200
297 57 66.8896
299 57 40.1606
539 57 40.1606
71 58 22.3214
74 58 22.3214
75 58 22.3214
110 58 22.3214
144 58 28.6944
153 58 28.6944
184 58 28.6944
189 58 28.6944
235 58 40.1606
248 58 22.3214
292 58 200
293 58 200
298 58 66.8896
300 58 40.1606
539 58 40.1606
12 59 18.2648
71 59 22.3214
75 59 22.3214
110 59 22.3214
144 59 28.6944
153 59 28.6944
184 59 28.6944
189 59 28.6944
235 59 40.1606
241 59 40.1606
242 59 40.1606
248 59 22.3214
293 59 200
294 59 200
299 59 66.8896
301 59 40.1606
12 60 18.2648
24 60 18.2648
71 60 22.3214
75 60 22.3214
112 60 22.3214
144 60 28.6944
153 60 28.6944
189 60 28.6944
238 60 22.3214
242 60 40.1606
294 60 200
295 60 200
300 60 66.8896
302 60 40.1606
529 60 28.6944
24 61 18.2648
71 61 22.3214
75 61 22.3214
144 61 28.6944
153 61 28.6944
171 61 22.3214
185 61 28.6944
189 61 28.6944
235 61 40.1606
242 61 40.1606
253 61 40.1606
269 61 40.1606
295 61 200
301 61 66.8896
303 61 66.8896
509 61 66.8896
23 62 18.2648
71 62 22.3214
135 62 28.6944
144 62 28.6944
153 62 28.6944
168 62 28.6944
171 62 28.6944
182 62 28.6944
189 62 28.6944
253 62 40.1606
297 62 200
301 62 66.8896
302 62 66.8896
304 62 66.8896
24 63 18.2648
71 63 22.3214
75 63 22.3214
135 63 28.6944
168 63 28.6944
169 63 28.6944
171 63 28.6944
173 63 28.6944
182 63 28.6944
183 63 28.6944
189 63 28.6944
272 63 40.1606
298 63 200
302 63 66.8896
303 63 66.8896
305 63 40.1606
75 64 22.3214
135 64 28.6944
146 64 28.6944
168 64 28.6944
173 64 28.6944
174 64 28.6944
183 64 28.6944
231 64 66.8896
237 64 200
246 64 18.2648
273 64 40.1606
287 64 66.8896
298 64 200
303 64 66.8896
304 64 66.8896
306 64 40.1606
71 65 22.3214
75 65 22.3214
117 65 22.3214
118 65 22.3214
135 65 28.6944
144 65 28.6944
146 65 28.6944
168 65 28.6944
173 65 28.6944
231 65 66.8896
232 65 66.8896
240 65 28.6944
274 65 40.1606
284 65 40.1606
299 65 200
300 65 200
304 65 66.8896
307 65 40.1606
625 65 22.3214
19 66 18.2648
71 66 22.3214
75 66 22.3214
117 66 22.3214
118 66 22.3214
144 66 28.6944
146 66 28.6944
154 66 28.6944
168 66 28.6944
173 66 28.6944
190 66 28.6944
241 66 28.6944
250 66 22.3214
288 66 66.8896
300 66 200
301 66 200
305 66 66.8896
11 67 18.2648
71 67 22.3214
75 67 22.3214
135 67 22.3214
144 67 28.6944
145 67 28.6944
148 67 28.6944
154 67 28.6944
171 67 28.6944
173 67 28.6944
183 67 28.6944
185 67 28.6944
190 67 28.6944
241 67 40.1606
248 67 28.6944
262 67 40.1606
288 67 66.8896
301 67 200
306 67 66.8896
307 67 66.8896
516 67 28.6944
11 68 18.2648
75 68 22.3214
135 68 22.3214
148 68 28.6944
174 68 28.6944
183 68 28.6944
185 68 28.6944
247 68 28.6944
248 68 28.6944
303 68 66.8896
306 68 66.8896
307 68 66.8896
526 68 66.8896
543 68 28.6944
627 68 18.2648
11 69 18.2648
71 69 22.3214
75 69 22.3214
174 69 28.6944
183 69 28.6944
187 69 28.6944
243 69 40.1606
247 69 28.6944
250 69 40.1606
261 69 40.1606
264 69 40.1606
278 69 200
300 69 66.8896
302 69 66.8896
304 69 66.8896
305 69 66.8896
306 69 66.8896
622 69 22.3214
637 69 18.2648
5 70 18.2648
11 70 18.2648
71 70 22.3214
75 70 22.3214
174 70 28.6944
183 70 28.6944
189 70 28.6944
244 70 40.1606
245 70 40.1606
247 70 28.6944
250 70 40.1606
264 70 40.1606
300 70 66.8896
304 70 66.8896
4 71 18.2648
5 71 18.2648
11 71 18.2648
12 71 18.2648
71 71 22.3214
75 71 22.3214
134 71 28.6944
135 71 28.6944
153 71 28.6944
154 71 28.6944
174 71 28.6944
183 71 28.6944
185 71 28.6944
189 71 28.6944
245 71 40.1606
250 71 40.1606
300 71 66.8896
619 71 22.3214
4 72 18.2648
11 72 18.2648
12 72 18.2648
71 72 22.3214
75 72 22.3214
134 72 28.6944
174 72 28.6944
183 72 28.6944
189 72 28.6944
250 72 40.1606
297 72 200
300 72 66.8896
504 72 66.8896
4 73 18.2648
5 73 18.2648
11 73 18.2648
30 73 18.2648
31 73 18.2648
71 73 22.3214
75 73 22.3214
174 73 28.6944
183 73 28.6944
248 73 40.1606
250 73 40.1606
300 73 66.8896
504 73 66.8896
4 74 18.2648
5 74 18.2648
11 74 18.2648
12 74 18.2648
30 74 18.2648
31 74 18.2648
71 74 22.3214
75 74 22.3214
174 74 28.6944
183 74 28.6944
248 74 40.1606
254 74 40.1606
260 74 28.6944
300 74 66.8896
504 74 66.8896
4 75 18.2648
5 75 18.2648
11 75 18.2648
12 75 18.2648
30 75 18.2648
31 75 18.2648
75 75 22.3214
153 75 28.6944
174 75 28.6944
183 75 28.6944
248 75 40.1606
260 75 28.6944
300 75 66.8896
504 75 66.8896
4 76 18.2648
5 76 18.2648
12 76 18.2648
30 76 18.2648
31 76 18.2648
73 76 22.3214
75 76 22.3214
152 76 28.6944
153 76 28.6944
174 76 28.6944
183 76 28.6944
248 76 40.1606
250 76 40.1606
257 76 200
260 76 28.6944
267 76 22.3214
300 76 66.8896
504 76 66.8896
4 77 18.2648
5 77 18.2648
12 77 18.2648
31 77 18.2648
75 77 22.3214
76 77 22.3214
152 77 28.6944
153 77 28.6944
174 77 28.6944
183 77 28.6944
187 77 28.6944
189 77 28.6944
250 77 40.1606
257 77 200
260 77 40.1606
262 77 40.1606
268 77 22.3214
272 77 40.1606
295 77 200
300 77 66.8896
504 77 66.8896
4 78 18.2648
5 78 18.2648
12 78 18.2648
31 78 18.2648
75 78 22.3214
76 78 22.3214
201 78 28.6944
250 78 40.1606
262 78 40.1606
273 78 28.6944
300 78 66.8896
305 78 28.6944
504 78 66.8896
4 79 18.2648
5 79 18.2648
12 79 18.2648
31 79 18.2648
38 79 18.2648
75 79 22.3214
76 79 22.3214
169 79 28.6944
201 79 28.6944
204 79 28.6944
250 79 40.1606
254 79 66.8896
262 79 40.1606
300 79 66.8896
305 79 28.6944
306 79 28.6944
504 79 66.8896
4 80 18.2648
5 80 18.2648
12 80 18.2648
31 80 18.2648
37 80 18.2648
38 80 18.2648
73 80 22.3214
75 80 22.3214
76 80 22.3214
201 80 28.6944
205 80 28.6944
246 80 18.2648
250 80 40.1606
257 80 66.8896
260 80 40.1606
270 80 40.1606
273 80 40.1606
300 80 66.8896
504 80 66.8896
5 81 18.2648
12 81 18.2648
31 81 18.2648
37 81 18.2648
75 81 22.3214
76 81 22.3214
204 81 28.6944
205 81 28.6944
246 81 40.1606
250 81 40.1606
255 81 40.1606
305 81 66.8896
504 81 66.8896
5 82 18.2648
12 82 18.2648
31 82 18.2648
37 82 18.2648
75 82 22.3214
76 82 22.3214
176 82 28.6944
177 82 28.6944
240 82 28.6944
241 82 28.6944
248 82 40.1606
250 82 40.1606
301 82 200
306 82 66.8896
308 82 66.8896
511 82 28.6944
5 83 18.2648
12 83 18.2648
31 83 18.2648
37 83 18.2648
75 83 22.3214
76 83 22.3214
177 83 28.6944
179 83 28.6944
229 83 40.1606
230 83 40.1606
241 83 28.6944
248 83 40.1606
250 83 40.1606
511 83 28.6944
5 84 18.2648
12 84 18.2648
31 84 18.2648
37 84 18.2648
66 84 22.3214
75 84 22.3214
76 84 22.3214
178 84 28.6944
179 84 28.6944
227 84 40.1606
228 84 40.1606
248 84 40.1606
250 84 40.1606
267 84 40.1606
277 84 22.3214
506 84 40.1606
4 85 18.2648
5 85 18.2648
31 85 18.2648
37 85 18.2648
49 85 18.2648
66 85 22.3214
75 85 22.3214
76 85 22.3214
178 85 28.6944
179 85 28.6944
180 85 28.6944
227 85 40.1606
228 85 40.1606
248 85 40.1606
250 85 40.1606
267 85 40.1606
277 85 22.3214
312 85 66.8896
529 85 28.6944
5 86 18.2648
31 86 18.2648
37 86 18.2648
49 86 18.2648
66 86 22.3214
67 86 22.3214
75 86 22.3214
76 86 22.3214
178 86 28.6944
215 86 40.1606
227 86 40.1606
228 86 40.1606
248 86 40.1606
250 86 40.1606
267 86 40.1606
272 86 40.1606
315 86 66.8896
529 86 28.6944
5 87 18.2648
31 87 18.2648
37 87 18.2648
49 87 18.2648
65 87 22.3214
66 87 22.3214
75 87 22.3214
76 87 22.3214
178 87 28.6944
215 87 40.1606
227 87 40.1606
248 87 40.1606
250 87 40.1606
272 87 40.1606
282 87 18.2648
317 87 66.8896
547 87 28.6944
6 88 15.456
31 88 18.2648
37 88 18.2648
49 88 18.2648
60 88 18.2648
66 88 22.3214
75 88 22.3214
76 88 22.3214
178 88 28.6944
226 88 40.1606
248 88 40.1606
250 88 40.1606
272 88 40.1606
273 88 40.1606
6 89 15.456
12 89 18.2648
31 89 18.2648
37 89 18.2648
49 89 18.2648
60 89 18.2648
75 89 22.3214
76 89 22.3214
149 89 22.3214
183 89 28.6944
248 89 40.1606
250 89 40.1606
268 89 200
273 89 40.1606
322 89 66.8896
482 89 200
5 90 15.456
31 90 18.2648
37 90 18.2648
49 90 18.2648
60 90 22.3214
75 90 22.3214
76 90 22.3214
183 90 28.6944
188 90 18.2648
218 90 28.6944
248 90 40.1606
268 90 200
273 90 40.1606
482 90 200
5 91 18.2648
31 91 18.2648
37 91 18.2648
49 91 18.2648
60 91 22.3214
61 91 22.3214
75 91 22.3214
76 91 22.3214
183 91 28.6944
189 91 18.2648
190 91 18.2648
216 91 28.6944
218 91 28.6944
227 91 40.1606
248 91 40.1606
276 91 40.1606
288 91 28.6944
292 91 28.6944
481 91 200
482 91 200
5 92 18.2648
17 92 18.2648
18 92 18.2648
19 92 18.2648
22 92 18.2648
31 92 18.2648
37 92 18.2648
49 92 18.2648
60 92 22.3214
61 92 22.3214
75 92 22.3214
76 92 22.3214
183 92 28.6944
185 92 28.6944
190 92 18.2648
191 92 18.2648
218 92 28.6944
226 92 40.1606
227 92 40.1606
248 92 40.1606
250 92 40.1606
278 92 40.1606
288 92 66.8896
293 92 28.6944
324 92 8.73744
331 92 66.8896
482 92 200
493 92 200
5 93 18.2648
16 93 18.2648
17 93 18.2648
22 93 18.2648
23 93 18.2648
31 93 18.2648
37 93 18.2648
49 93 18.2648
61 93 22.3214
75 93 22.3214
76 93 22.3214
90 93 22.3214
185 93 28.6944
193 93 28.6944
218 93 28.6944
227 93 40.1606
248 93 40.1606
268 93 40.1606
278 93 40.1606
288 93 66.8896
293 93 28.6944
297 93 66.8896
306 93 200
324 93 8.73744
482 93 200
492 93 200
493 93 200
23 94 18.2648
31 94 18.2648
37 94 18.2648
49 94 18.2648
61 94 22.3214
75 94 22.3214
76 94 22.3214
90 94 22.3214
131 94 22.3214
185 94 28.6944
187 94 28.6944
188 94 22.3214
193 94 28.6944
218 94 28.6944
227 94 40.1606
232 94 40.1606
248 94 40.1606
250 94 40.1606
268 94 40.1606
284 94 200
289 94 200
522 94 28.6944
6 95 15.456
7 95 15.456
31 95 18.2648
37 95 18.2648
49 95 18.2648
61 95 22.3214
75 95 22.3214
76 95 22.3214
88 95 18.2648
131 95 22.3214
185 95 28.6944
187 95 28.6944
193 95 28.6944
218 95 28.6944
227 95 40.1606
248 95 40.1606
250 95 40.1606
268 95 40.1606
289 95 200
298 95 66.8896
301 95 40.1606
324 95 8.73744
338 95 66.8896
339 95 66.8896
7 96 15.456
21 96 18.2648
22 96 18.2648
28 96 11.8203
37 96 18.2648
49 96 18.2648
61 96 22.3214
76 96 22.3214
88 96 18.2648
185 96 28.6944
187 96 28.6944
188 96 22.3214
205 96 28.6944
218 96 28.6944
227 96 40.1606
234 96 40.1606
248 96 40.1606
267 96 40.1606
268 96 40.1606
294 96 200
298 96 66.8896
301 96 40.1606
324 96 8.73744
339 96 66.8896
7 97 15.456
8 97 15.456
21 97 18.2648
24 97 18.2648
37 97 18.2648
49 97 18.2648
61 97 22.3214
76 97 22.3214
87 97 18.2648
88 97 18.2648
185 97 28.6944
207 97 28.6944
216 97 28.6944
218 97 28.6944
227 97 40.1606
248 97 40.1606
267 97 40.1606
298 97 66.8896
324 97 8.73744
339 97 66.8896
340 97 66.8896
364 97 11.8203
547 97 22.3214
23 98 18.2648
24 98 18.2648
37 98 18.2648
49 98 18.2648
61 98 22.3214
76 98 22.3214
87 98 18.2648
91 98 18.2648
177 98 28.6944
185 98 28.6944
206 98 28.6944
216 98 28.6944
218 98 28.6944
227 98 40.1606
241 98 40.1606
294 98 200
311 98 15.456
340 98 66.8896
364 98 11.8203
556 98 28.6944
15 99 15.456
22 99 18.2648
28 99 18.2648
37 99 18.2648
49 99 18.2648
76 99 22.3214
87 99 18.2648
91 99 18.2648
185 99 28.6944
190 99 28.6944
216 99 40.1606
218 99 40.1606
227 99 40.1606
248 99 22.3214
253 99 28.6944
290 99 200
294 99 200
311 99 15.456
340 99 66.8896
341 99 66.8896
555 99 28.6944
5 100 15.456
6 100 15.456
22 100 18.2648
28 100 18.2648
29 100 18.2648
32 100 28.6944
37 100 18.2648
38 100 18.2648
49 100 18.2648
76 100 22.3214
87 100 18.2648
91 100 18.2648
102 100 22.3214
120 100 18.2648
185 100 28.6944
190 100 28.6944
216 100 40.1606
218 100 40.1606
227 100 40.1606
243 100 40.1606
248 100 22.3214
249 100 22.3214
253 100 28.6944
270 100 40.1606
290 100 200
294 100 200
297 100 66.8896
298 100 66.8896
311 100 15.456
336 100 200
338 100 200
340 100 66.8896
341 100 66.8896
355 100 9.56938
359 100 15.456
555 100 28.6944
5 101 15.456
28 101 18.2648
32 101 28.6944
49 101 18.2648
76 101 22.3214
87 101 18.2648
88 101 18.2648
91 101 18.2648
101 101 22.3214
102 101 22.3214
116 101 28.6944
120 101 18.2648
121 101 18.2648
175 101 28.6944
185 101 28.6944
190 101 28.6944
227 101 40.1606
243 101 40.1606
254 101 28.6944
290 101 200
294 101 200
297 101 66.8896
298 101 66.8896
311 101 15.456
338 101 200
341 101 66.8896
5 102 15.456
7 102 15.456
14 102 15.456
61 102 22.3214
76 102 22.3214
96 102 40.1606
101 102 22.3214
102 102 22.3214
116 102 28.6944
121 102 18.2648
157 102 28.6944
174 102 28.6944
185 102 28.6944
190 102 28.6944
227 102 40.1606
243 102 40.1606
273 102 40.1606
290 102 200
294 102 200
295 102 200
298 102 66.8896
327 102 66.8896
341 102 66.8896
342 102 66.8896
345 102 66.8896
363 102 13.3958
5 103 15.456
7 103 15.456
14 103 15.456
39 103 18.2648
49 103 18.2648
50 103 18.2648
60 103 22.3214
61 103 22.3214
76 103 22.3214
101 103 22.3214
102 103 22.3214
111 103 22.3214
121 103 18.2648
122 103 18.2648
155 103 28.6944
156 103 28.6944
185 103 28.6944
190 103 28.6944
227 103 40.1606
275 103 40.1606
290 103 200
295 103 200
298 103 66.8896
313 103 66.8896
326 103 66.8896
327 103 66.8896
342 103 66.8896
358 103 18.2648
525 103 28.6944
5 104 15.456
6 104 15.456
26 104 15.456
39 104 18.2648
50 104 18.2648
60 104 22.3214
61 104 22.3214
76 104 22.3214
101 104 22.3214
102 104 22.3214
111 104 22.3214
121 104 18.2648
122 104 18.2648
155 104 28.6944
156 104 28.6944
185 104 28.6944
190 104 28.6944
227 104 40.1606
243 104 40.1606
262 104 40.1606
263 104 40.1606
290 104 200
294 104 200
295 104 200
298 104 66.8896
326 104 66.8896
327 104 66.8896
342 104 66.8896
343 104 66.8896
358 104 18.2648
525 104 28.6944
25 105 15.456
26 105 15.456
42 105 200
49 105 18.2648
50 105 18.2648
60 105 22.3214
61 105 22.3214
76 105 22.3214
101 105 22.3214
102 105 22.3214
111 105 22.3214
122 105 18.2648
155 105 28.6944
185 105 28.6944
190 105 28.6944
227 105 40.1606
262 105 40.1606
290 105 200
294 105 200
295 105 200
298 105 66.8896
326 105 66.8896
336 105 22.3214
343 105 66.8896
357 105 18.2648
362 105 40.1606
525 105 28.6944
557 105 22.3214
24 106 15.456
25 106 15.456
26 106 15.456
49 106 18.2648
50 106 18.2648
60 106 22.3214
61 106 22.3214
76 106 22.3214
101 106 22.3214
102 106 22.3214
111 106 22.3214
122 106 18.2648
133 106 22.3214
148 106 18.2648
155 106 28.6944
185 106 28.6944
190 106 28.6944
262 106 40.1606
295 106 200
298 106 66.8896
326 106 66.8896
343 106 66.8896
344 106 66.8896
354 106 22.3214
355 106 22.3214
363 106 200
525 106 28.6944
25 107 15.456
26 107 15.456
49 107 18.2648
50 107 18.2648
60 107 22.3214
61 107 22.3214
76 107 22.3214
102 107 22.3214
111 107 22.3214
122 107 18.2648
123 107 18.2648
148 107 18.2648
185 107 28.6944
190 107 28.6944
235 107 40.1606
237 107 40.1606
240 107 28.6944
262 107 40.1606
295 107 200
298 107 66.8896
326 107 66.8896
343 107 66.8896
344 107 66.8896
354 107 22.3214
362 107 200
525 107 28.6944
539 107 40.1606
25 108 15.456
26 108 15.456
60 108 22.3214
61 108 22.3214
76 108 22.3214
101 108 22.3214
102 108 22.3214
111 108 22.3214
123 108 18.2648
148 108 18.2648
185 108 28.6944
190 108 28.6944
235 108 40.1606
249 108 22.3214
262 108 40.1606
295 108 200
298 108 66.8896
326 108 66.8896
343 108 66.8896
344 108 66.8896
348 108 40.1606
349 108 40.1606
354 108 28.6944
362 108 200
525 108 28.6944
539 108 40.1606
553 108 28.6944
61 109 22.3214
76 109 22.3214
101 109 22.3214
102 109 22.3214
111 109 22.3214
155 109 28.6944
185 109 28.6944
190 109 28.6944
235 109 40.1606
238 109 28.6944
243 109 66.8896
247 109 22.3214
262 109 40.1606
271 109 18.2648
313 109 66.8896
327 109 66.8896
337 109 200
343 109 200
345 109 200
348 109 40.1606
349 109 40.1606
353 109 28.6944
354 109 40.1606
362 109 200
520 109 40.1606
50 110 18.2648
51 110 18.2648
61 110 22.3214
76 110 22.3214
101 110 22.3214
102 110 22.3214
111 110 22.3214
185 110 28.6944
190 110 28.6944
235 110 40.1606
238 110 28.6944
241 110 40.1606
261 110 40.1606
262 110 40.1606
313 110 66.8896
337 110 200
343 110 200
345 110 200
348 110 40.1606
349 110 40.1606
353 110 40.1606
354 110 66.8896
356 110 66.8896
359 110 40.1606
363 110 200
520 110 40.1606
522 110 40.1606
555 110 28.6944
25 111 15.456
26 111 15.456
50 111 18.2648
51 111 18.2648
61 111 22.3214
76 111 22.3214
101 111 22.3214
102 111 22.3214
111 111 22.3214
185 111 28.6944
190 111 28.6944
251 111 40.1606
261 111 40.1606
262 111 40.1606
327 111 66.8896
343 111 200
344 111 200
345 111 200
348 111 40.1606
353 111 40.1606
356 111 66.8896
359 111 40.1606
363 111 200
520 111 40.1606
25 112 15.456
26 112 15.456
50 112 18.2648
51 112 18.2648
61 112 22.3214
76 112 22.3214
102 112 22.3214
111 112 22.3214
185 112 28.6944
190 112 28.6944
241 112 66.8896
255 112 40.1606
258 112 200
274 112 40.1606
348 112 200
353 112 200
356 112 66.8896
363 112 200
625 112 22.3214
23 113 15.456
24 113 15.456
49 113 18.2648
50 113 18.2648
57 113 28.6944
61 113 22.3214
76 113 22.3214
102 113 22.3214
111 113 22.3214
154 113 28.6944
180 113 18.2648
185 113 28.6944
190 113 28.6944
241 113 66.8896
249 113 28.6944
255 113 40.1606
353 113 200
364 113 200
366 113 200
554 113 22.3214
49 114 18.2648
50 114 18.2648
61 114 22.3214
76 114 22.3214
102 114 22.3214
111 114 22.3214
145 114 28.6944
146 114 28.6944
154 114 28.6944
155 114 28.6944
176 114 18.2648
179 114 18.2648
180 114 18.2648
185 114 28.6944
190 114 28.6944
242 114 66.8896
248 114 28.6944
255 114 40.1606
310 114 66.8896
343 114 66.8896
364 114 200
366 114 200
554 114 22.3214
50 115 18.2648
51 115 18.2648
57 115 28.6944
61 115 22.3214
76 115 22.3214
89 115 18.2648
102 115 22.3214
111 115 22.3214
145 115 28.6944
154 115 28.6944
176 115 18.2648
179 115 18.2648
180 115 18.2648
183 115 28.6944
184 115 28.6944
190 115 28.6944
243 115 40.1606
245 115 40.1606
246 115 40.1606
248 115 28.6944
255 115 40.1606
261 115 28.6944
270 115 40.1606
305 115 40.1606
310 115 66.8896
311 115 66.8896
342 115 66.8896
364 115 200
367 115 66.8896
551 115 22.3214
553 115 22.3214
50 116 18.2648
51 116 18.2648
52 116 18.2648
76 116 22.3214
89 116 18.2648
102 116 22.3214
111 116 22.3214
145 116 28.6944
154 116 28.6944
155 116 28.6944
179 116 18.2648
180 116 18.2648
183 116 28.6944
184 116 28.6944
245 116 40.1606
251 116 40.1606
255 116 40.1606
310 116 66.8896
342 116 66.8896
369 116 15.456
382 116 9.56938
553 116 22.3214
49 117 18.2648
50 117 18.2648
51 117 18.2648
52 117 18.2648
76 117 22.3214
88 117 18.2648
102 117 22.3214
111 117 22.3214
145 117 28.6944
155 117 28.6944
173 117 28.6944
179 117 18.2648
180 117 18.2648
184 117 28.6944
251 117 40.1606
255 117 40.1606
369 117 15.456
553 117 22.3214
73 118 22.3214
76 118 22.3214
77 118 22.3214
88 118 18.2648
102 118 22.3214
111 118 22.3214
136 118 22.3214
137 118 22.3214
145 118 28.6944
155 118 28.6944
179 118 18.2648
180 118 18.2648
184 118 28.6944
191 118 28.6944
251 118 40.1606
255 118 40.1606
274 118 28.6944
304 118 66.8896
363 118 22.3214
369 118 15.456
553 118 22.3214
73 119 22.3214
76 119 22.3214
77 119 22.3214
89 119 18.2648
102 119 22.3214
111 119 22.3214
136 119 22.3214
137 119 22.3214
145 119 28.6944
155 119 28.6944
175 119 28.6944
180 119 18.2648
184 119 28.6944
191 119 28.6944
249 119 40.1606
251 119 40.1606
304 119 66.8896
350 119 200
76 120 22.3214
77 120 22.3214
102 120 22.3214
111 120 22.3214
112 120 22.3214
137 120 22.3214
145 120 28.6944
155 120 28.6944
174 120 28.6944
180 120 18.2648
184 120 28.6944
186 120 28.6944
249 120 40.1606
251 120 40.1606
304 120 66.8896
350 120 200
351 120 200
370 120 200
76 121 22.3214
77 121 22.3214
102 121 22.3214
111 121 22.3214
112 121 22.3214
155 121 28.6944
174 121 28.6944
175 121 28.6944
184 121 28.6944
189 121 28.6944
190 121 28.6944
249 121 40.1606
251 121 40.1606
325 121 8.73744
350 121 200
366 121 200
367 121 200
531 121 40.1606
553 121 22.3214
76 122 22.3214
77 122 22.3214
102 122 22.3214
111 122 22.3214
112 122 22.3214
145 122 28.6944
174 122 28.6944
175 122 28.6944
184 122 28.6944
190 122 28.6944
249 122 40.1606
251 122 40.1606
350 122 200
366 122 200
367 122 200
553 122 22.3214
77 123 22.3214
102 123 22.3214
103 123 22.3214
111 123 22.3214
112 123 22.3214
136 123 28.6944
148 123 18.2648
175 123 28.6944
184 123 28.6944
190 123 28.6944
249 123 40.1606
251 123 40.1606
288 123 28.6944
308 123 40.1606
337 123 22.3214
369 123 15.456
530 123 40.1606
553 123 22.3214
70 124 22.3214
77 124 22.3214
90 124 22.3214
91 124 22.3214
97 124 18.2648
102 124 22.3214
103 124 22.3214
111 124 22.3214
112 124 22.3214
136 124 28.6944
140 124 18.2648
148 124 18.2648
175 124 28.6944
181 124 18.2648
184 124 28.6944
190 124 28.6944
249 124 40.1606
251 124 40.1606
285 124 200
288 124 28.6944
297 124 66.8896
301 124 40.1606
337 124 22.3214
350 124 200
351 124 200
369 124 15.456
378 124 200
379 124 200
76 125 22.3214
77 125 22.3214
91 125 22.3214
96 125 18.2648
97 125 18.2648
100 125 22.3214
102 125 22.3214
103 125 22.3214
111 125 22.3214
112 125 22.3214
137 125 28.6944
145 125 28.6944
146 125 18.2648
148 125 18.2648
175 125 28.6944
184 125 28.6944
190 125 28.6944
249 125 40.1606
251 125 40.1606
285 125 200
288 125 66.8896
301 125 40.1606
313 125 66.8896
327 125 66.8896
337 125 22.3214
342 125 15.456
369 125 15.456
379 125 200
381 125 200
77 126 22.3214
95 126 18.2648
97 126 18.2648
100 126 18.2648
111 126 22.3214
112 126 22.3214
148 126 28.6944
175 126 28.6944
184 126 28.6944
190 126 28.6944
215 126 40.1606
249 126 40.1606
251 126 40.1606
254 126 28.6944
285 126 200
289 126 66.8896
290 126 66.8896
295 126 200
298 126 66.8896
301 126 40.1606
326 126 66.8896
327 126 66.8896
337 126 22.3214
342 126 15.456
350 126 200
369 126 15.456
373 126 200
379 126 200
380 126 200
73 127 22.3214
77 127 22.3214
97 127 18.2648
100 127 18.2648
112 127 22.3214
137 127 28.6944
140 127 18.2648
146 127 22.3214
184 127 28.6944
190 127 28.6944
241 127 28.6944
249 127 40.1606
251 127 40.1606
285 127 200
286 127 200
290 127 200
298 127 66.8896
301 127 40.1606
326 127 66.8896
327 127 66.8896
337 127 22.3214
342 127 15.456
350 127 200
375 127 200
380 127 200
77 128 22.3214
100 128 18.2648
135 128 22.3214
140 128 18.2648
149 128 28.6944
184 128 28.6944
190 128 28.6944
230 128 40.1606
241 128 28.6944
249 128 40.1606
251 128 40.1606
274 128 40.1606
276 128 40.1606
285 128 200
298 128 66.8896
301 128 40.1606
327 128 66.8896
350 128 200
375 128 200
381 128 200
386 128 200
77 129 22.3214
113 129 22.3214
135 129 22.3214
158 129 22.3214
184 129 28.6944
190 129 28.6944
202 129 28.6944
205 129 28.6944
206 129 28.6944
228 129 40.1606
229 129 40.1606
249 129 40.1606
251 129 40.1606
268 129 40.1606
298 129 66.8896
301 129 40.1606
327 129 66.8896
350 129 200
367 129 200
382 129 200
386 129 200
461 129 200
75 130 22.3214
77 130 22.3214
135 130 22.3214
158 130 22.3214
184 130 28.6944
190 130 28.6944
202 130 28.6944
206 130 28.6944
227 130 40.1606
228 130 40.1606
249 130 40.1606
251 130 40.1606
268 130 40.1606
298 130 66.8896
301 130 40.1606
327 130 66.8896
337 130 22.3214
343 130 66.8896
367 130 200
382 130 200
386 130 200
387 130 200
522 130 28.6944
530 130 28.6944
77 131 22.3214
135 131 22.3214
140 131 18.2648
158 131 22.3214
184 131 28.6944
202 131 28.6944
205 131 28.6944
206 131 28.6944
227 131 40.1606
228 131 40.1606
249 131 40.1606
251 131 40.1606
268 131 40.1606
269 131 40.1606
279 131 200
295 131 200
298 131 66.8896
301 131 40.1606
327 131 66.8896
337 131 22.3214
343 131 66.8896
387 131 200
563 131 28.6944
77 132 22.3214
135 132 22.3214
137 132 22.3214
140 132 18.2648
205 132 28.6944
206 132 28.6944
227 132 40.1606
228 132 40.1606
249 132 40.1606
251 132 40.1606
269 132 40.1606
280 132 200
295 132 200
298 132 66.8896
301 132 40.1606
327 132 66.8896
337 132 22.3214
343 132 66.8896
351 132 66.8896
369 132 15.456
383 132 200
461 132 200
464 132 66.8896
532 132 28.6944
553 132 22.3214
77 133 22.3214
120 133 22.3214
135 133 22.3214
141 133 18.2648
216 133 40.1606
249 133 40.1606
251 133 40.1606
269 133 40.1606
295 133 200
301 133 40.1606
327 133 66.8896
369 133 15.456
383 133 200
384 133 200
532 133 28.6944
77 134 22.3214
118 134 22.3214
119 134 22.3214
135 134 22.3214
141 134 18.2648
227 134 40.1606
228 134 40.1606
249 134 40.1606
251 134 40.1606
269 134 40.1606
301 134 40.1606
313 134 66.8896
327 134 66.8896
350 134 66.8896
352 134 66.8896
369 134 15.456
383 134 200
384 134 200
394 134 200
459 134 200
493 134 40.1606
77 135 22.3214
170 135 28.6944
249 135 40.1606
251 135 40.1606
295 135 200
327 135 66.8896
350 135 200
352 135 200
369 135 15.456
372 135 40.1606
384 135 200
394 135 200
458 135 200
542 135 28.6944
77 136 22.3214
170 136 28.6944
172 136 28.6944
218 136 40.1606
227 136 40.1606
228 136 40.1606
249 136 40.1606
251 136 40.1606
301 136 40.1606
350 136 200
352 136 200
374 136 40.1606
384 136 200
385 136 200
395 136 200
553 136 22.3214
77 137 22.3214
137 137 28.6944
176 137 28.6944
217 137 40.1606
218 137 40.1606
227 137 40.1606
228 137 40.1606
249 137 40.1606
251 137 40.1606
350 137 200
352 137 200
385 137 200
395 137 200
48 138 18.2648
77 138 22.3214
136 138 28.6944
191 138 22.3214
192 138 22.3214
217 138 40.1606
227 138 40.1606
228 138 40.1606
249 138 40.1606
251 138 40.1606
350 138 200
352 138 200
369 138 15.456
370 138 15.456
385 138 200
389 138 8.03858
395 138 200
396 138 200
48 139 18.2648
77 139 22.3214
126 139 18.2648
191 139 22.3214
192 139 22.3214
228 139 40.1606
249 139 40.1606
254 139 28.6944
346 139 40.1606
350 139 200
352 139 200
369 139 15.456
370 139 15.456
386 139 200
396 139 200
451 139 200
520 139 40.1606
77 140 22.3214
126 140 18.2648
155 140 22.3214
157 140 22.3214
228 140 40.1606
350 140 200
352 140 200
369 140 15.456
370 140 15.456
386 140 200
396 140 200
397 140 200
460 140 200
462 140 200
537 140 28.6944
77 141 22.3214
126 141 18.2648
155 141 22.3214
228 141 40.1606
241 141 22.3214
249 141 22.3214
350 141 200
352 141 200
369 141 15.456
386 141 200
396 141 200
397 141 200
459 141 200
77 142 22.3214
126 142 18.2648
127 142 18.2648
182 142 22.3214
217 142 40.1606
228 142 40.1606
236 142 40.1606
238 142 40.1606
241 142 22.3214
244 142 40.1606
249 142 22.3214
263 142 40.1606
350 142 200
352 142 200
369 142 15.456
386 142 200
387 142 200
399 142 200
451 142 200
454 142 66.8896
478 142 200
27 143 18.2648
40 143 18.2648
77 143 22.3214
127 143 18.2648
145 143 18.2648
155 143 22.3214
217 143 40.1606
228 143 40.1606
236 143 40.1606
238 143 40.1606
244 143 40.1606
249 143 22.3214
263 143 40.1606
350 143 200
352 143 200
386 143 200
399 143 200
400 143 200
451 143 200
454 143 66.8896
455 143 66.8896
478 143 200
479 143 200
625 143 22.3214
16 144 18.2648
17 144 18.2648
74 144 22.3214
77 144 22.3214
78 144 22.3214
144 144 18.2648
145 144 18.2648
165 144 22.3214
217 144 40.1606
228 144 40.1606
235 144 40.1606
236 144 40.1606
238 144 40.1606
242 144 40.1606
263 144 40.1606
350 144 66.8896
352 144 66.8896
367 144 200
386 144 200
400 144 200
401 144 200
438 144 200
451 144 200
478 144 200
15 145 18.2648
16 145 18.2648
74 145 22.3214
77 145 22.3214
78 145 22.3214
127 145 18.2648
143 145 18.2648
144 145 18.2648
165 145 22.3214
179 145 28.6944
180 145 28.6944
181 145 28.6944
184 145 18.2648
194 145 28.6944
203 145 15.456
228 145 40.1606
235 145 40.1606
236 145 40.1606
238 145 40.1606
254 145 28.6944
310 145 28.6944
337 145 22.3214
342 145 15.456
347 145 66.8896
350 145 66.8896
352 145 66.8896
367 145 200
374 145 40.1606
385 145 200
386 145 200
401 145 200
438 145 200
445 145 3.40657
15 146 18.2648
16 146 18.2648
74 146 22.3214
77 146 22.3214
78 146 22.3214
127 146 18.2648
164 146 22.3214
165 146 22.3214
179 146 28.6944
180 146 28.6944
193 146 28.6944
194 146 28.6944
228 146 40.1606
235 146 40.1606
236 146 40.1606
238 146 40.1606
313 146 40.1606
337 146 22.3214
342 146 15.456
346 146 66.8896
347 146 66.8896
352 146 10.5764
367 146 200
368 146 200
385 146 200
401 146 200
402 146 200
448 146 200
451 146 66.8896
457 146 200
464 146 22.3214
522 146 40.1606
563 146 22.3214
625 146 22.3214
15 147 18.2648
77 147 22.3214
78 147 22.3214
129 147 18.2648
164 147 22.3214
208 147 40.1606
217 147 40.1606
228 147 40.1606
235 147 40.1606
236 147 40.1606
238 147 40.1606
256 147 22.3214
263 147 40.1606
313 147 40.1606
314 147 40.1606
327 147 66.8896
337 147 22.3214
342 147 15.456
346 147 66.8896
352 147 10.5764
380 147 200
448 147 200
451 147 66.8896
562 147 22.3214
625 147 22.3214
77 148 22.3214
126 148 18.2648
129 148 18.2648
140 148 18.2648
141 148 18.2648
142 148 18.2648
181 148 22.3214
207 148 40.1606
217 148 40.1606
228 148 40.1606
235 148 40.1606
236 148 40.1606
238 148 40.1606
242 148 66.8896
256 148 22.3214
263 148 40.1606
327 148 66.8896
352 148 10.5764
380 148 200
393 148 200
405 148 200
406 148 200
422 148 4.46628
448 148 200
15 149 18.2648
27 149 18.2648
77 149 22.3214
78 149 22.3214
126 149 18.2648
127 149 18.2648
140 149 18.2648
181 149 22.3214
188 149 40.1606
235 149 40.1606
236 149 40.1606
238 149 40.1606
263 149 40.1606
269 149 40.1606
310 149 28.6944
327 149 66.8896
352 149 66.8896
369 149 15.456
406 149 200
422 149 4.46628
540 149 28.6944
15 150 18.2648
74 150 22.3214
77 150 22.3214
78 150 22.3214
126 150 18.2648
140 150 18.2648
146 150 22.3214
160 150 22.3214
162 150 22.3214
181 150 22.3214
235 150 40.1606
236 150 40.1606
238 150 40.1606
263 150 40.1606
269 150 40.1606
271 150 40.1606
274 150 28.6944
304 150 66.8896
305 150 66.8896
310 150 28.6944
327 150 66.8896
337 150 22.3214
343 150 15.456
352 150 66.8896
369 150 15.456
401 150 200
422 150 4.46628
454 150 200
455 150 200
457 150 66.8896
458 150 200
540 150 28.6944
77 151 22.3214
78 151 22.3214
140 151 18.2648
160 151 22.3214
163 151 22.3214
164 151 22.3214
165 151 22.3214
235 151 40.1606
236 151 40.1606
238 151 40.1606
271 151 40.1606
274 151 28.6944
305 151 66.8896
327 151 66.8896
337 151 22.3214
343 151 15.456
350 151 66.8896
352 151 66.8896
367 151 15.456
369 151 15.456
372 151 13.3958
408 151 200
453 151 200
555 151 22.3214
27 152 18.2648
78 152 22.3214
162 152 22.3214
163 152 22.3214
235 152 40.1606
236 152 40.1606
238 152 40.1606
327 152 66.8896
337 152 22.3214
343 152 15.456
350 152 66.8896
352 152 66.8896
380 152 200
408 152 200
453 152 200
555 152 22.3214
78 153 22.3214
144 153 22.3214
161 153 22.3214
162 153 22.3214
188 153 28.6944
191 153 28.6944
236 153 40.1606
238 153 40.1606
308 153 40.1606
327 153 66.8896
337 153 22.3214
343 153 15.456
350 153 200
352 153 200
369 153 15.456
408 153 200
409 153 200
555 153 22.3214
74 154 22.3214
78 154 22.3214
144 154 18.2648
161 154 22.3214
186 154 28.6944
191 154 28.6944
236 154 40.1606
238 154 40.1606
262 154 28.6944
301 154 40.1606
302 154 40.1606
327 154 66.8896
337 154 22.3214
350 154 200
352 154 200
369 154 15.456
393 154 200
408 154 200
409 154 200
441 154 200
533 154 28.6944
555 154 22.3214
19 155 18.2648
74 155 22.3214
78 155 22.3214
144 155 18.2648
160 155 22.3214
186 155 28.6944
191 155 28.6944
236 155 40.1606
241 155 28.6944
252 155 40.1606
262 155 28.6944
295 155 200
299 155 40.1606
301 155 40.1606
327 155 66.8896
337 155 22.3214
350 155 200
352 155 200
369 155 15.456
370 155 15.456
382 155 9.56938
383 155 9.56938
415 155 200
440 155 200
533 155 28.6944
555 155 22.3214
74 156 22.3214
78 156 22.3214
139 156 22.3214
143 156 18.2648
144 156 18.2648
159 156 22.3214
160 156 22.3214
186 156 28.6944
191 156 28.6944
236 156 40.1606
239 156 28.6944
241 156 28.6944
252 156 40.1606
295 156 200
301 156 40.1606
327 156 66.8896
342 156 200
350 156 200
352 156 200
369 156 15.456
392 156 200
413 156 200
414 156 200
444 156 200
532 156 28.6944
533 156 28.6944
74 157 22.3214
78 157 22.3214
138 157 22.3214
142 157 18.2648
143 157 18.2648
144 157 18.2648
159 157 22.3214
183 157 18.2648
186 157 28.6944
188 157 28.6944
189 157 28.6944
191 157 28.6944
239 157 28.6944
252 157 40.1606
286 157 200
290 157 200
291 157 200
295 157 200
299 157 66.8896
301 157 66.8896
327 157 66.8896
342 157 200
350 157 200
352 157 200
369 157 15.456
392 157 200
413 157 200
444 157 200
510 157 40.1606
13 158 18.2648
14 158 18.2648
74 158 22.3214
78 158 22.3214
138 158 22.3214
139 158 22.3214
141 158 18.2648
142 158 18.2648
158 158 22.3214
159 158 22.3214
186 158 28.6944
191 158 28.6944
215 158 40.1606
237 158 40.1606
241 158 28.6944
286 158 200
291 158 200
295 158 200
299 158 66.8896
350 158 200
352 158 200
369 158 15.456
370 158 15.456
381 158 200
392 158 200
413 158 200
509 158 40.1606
510 158 40.1606
514 158 28.6944
13 159 18.2648
14 159 18.2648
74 159 22.3214
77 159 22.3214
78 159 22.3214
129 159 22.3214
137 159 22.3214
138 159 22.3214
142 159 22.3214
158 159 22.3214
159 159 22.3214
176 159 22.3214
186 159 28.6944
191 159 28.6944
241 159 28.6944
242 159 28.6944
291 159 200
295 159 200
299 159 66.8896
302 159 40.1606
350 159 200
352 159 200
367 159 200
374 159 40.1606
380 159 200
381 159 200
393 159 200
403 159 200
509 159 40.1606
538 159 28.6944
7 160 18.2648
14 160 18.2648
33 160 18.2648
77 160 22.3214
78 160 22.3214
130 160 22.3214
170 160 22.3214
174 160 22.3214
188 160 40.1606
191 160 28.6944
241 160 28.6944
242 160 28.6944
291 160 200
295 160 200
296 160 200
299 160 66.8896
350 160 200
352 160 200
367 160 200
368 160 200
374 160 40.1606
380 160 200
388 160 200
393 160 200
403 160 200
509 160 40.1606
538 160 28.6944
558 160 22.3214
625 160 22.3214
7 161 18.2648
14 161 18.2648
33 161 18.2648
77 161 22.3214
78 161 22.3214
131 161 22.3214
171 161 22.3214
172 161 22.3214
188 161 40.1606
191 161 28.6944
195 161 18.2648
196 161 18.2648
242 161 28.6944
246 161 40.1606
271 161 40.1606
295 161 200
296 161 200
299 161 66.8896
367 161 200
368 161 200
374 161 40.1606
380 161 200
395 161 200
403 161 200
509 161 40.1606
557 161 22.3214
558 161 22.3214
7 162 18.2648
14 162 18.2648
33 162 18.2648
36 162 15.456
74 162 22.3214
77 162 22.3214
78 162 22.3214
132 162 22.3214
133 162 22.3214
154 162 22.3214
186 162 40.1606
188 162 40.1606
191 162 28.6944
199 162 22.3214
242 162 28.6944
296 162 200
299 162 66.8896
342 162 200
345 162 66.8896
395 162 200
403 162 200
432 162 200
557 162 22.3214
7 163 18.2648
14 163 18.2648
33 163 18.2648
36 163 15.456
40 163 18.2648
78 163 22.3214
133 163 22.3214
134 163 22.3214
153 163 22.3214
154 163 22.3214
165 163 22.3214
166 163 22.3214
186 163 28.6944
191 163 28.6944
242 163 28.6944
296 163 200
299 163 66.8896
302 163 40.1606
342 163 200
345 163 66.8896
403 163 200
404 163 200
415 163 200
432 163 200
459 163 66.8896
557 163 22.3214
7 164 18.2648
14 164 18.2648
33 164 18.2648
36 164 15.456
40 164 18.2648
68 164 22.3214
74 164 22.3214
78 164 22.3214
140 164 22.3214
152 164 22.3214
164 164 22.3214
165 164 22.3214
166 164 22.3214
186 164 28.6944
191 164 28.6944
242 164 28.6944
296 164 200
299 164 66.8896
342 164 200
403 164 200
404 164 200
432 164 200
557 164 22.3214
625 164 22.3214
7 165 18.2648
14 165 18.2648
33 165 18.2648
36 165 15.456
40 165 18.2648
51 165 18.2648
67 165 22.3214
68 165 22.3214
74 165 22.3214
78 165 22.3214
135 165 22.3214
140 165 22.3214
151 165 22.3214
164 165 22.3214
186 165 28.6944
188 165 28.6944
191 165 28.6944
242 165 28.6944
250 165 40.1606
252 165 40.1606
255 165 28.6944
285 165 22.3214
299 165 66.8896
302 165 40.1606
369 165 18.2648
377 165 66.8896
382 165 200
403 165 200
432 165 200
510 165 40.1606
557 165 22.3214
625 165 22.3214
7 166 18.2648
14 166 18.2648
33 166 18.2648
40 166 18.2648
51 166 18.2648
68 166 22.3214
74 166 22.3214
77 166 22.3214
78 166 22.3214
92 166 22.3214
163 166 22.3214
186 166 28.6944
191 166 28.6944
242 166 28.6944
250 166 40.1606
252 166 40.1606
279 166 40.1606
285 166 22.3214
299 166 66.8896
302 166 40.1606
351 166 200
352 166 200
367 166 18.2648
369 166 18.2648
393 166 200
403 166 200
432 166 200
557 166 22.3214
611 166 18.2648
625 166 22.3214
7 167 18.2648
14 167 18.2648
33 167 18.2648
36 167 15.456
40 167 18.2648
51 167 18.2648
63 167 22.3214
68 167 22.3214
77 167 22.3214
78 167 22.3214
91 167 22.3214
92 167 22.3214
163 167 22.3214
186 167 28.6944
188 167 28.6944
191 167 28.6944
242 167 28.6944
250 167 40.1606
252 167 40.1606
279 167 40.1606
299 167 66.8896
302 167 40.1606
351 167 200
352 167 200
367 167 18.2648
383 167 200
392 167 200
403 167 200
543 167 28.6944
7 168 18.2648
14 168 18.2648
33 168 18.2648
36 168 15.456
40 168 18.2648
51 168 18.2648
63 168 22.3214
73 168 22.3214
75 168 22.3214
77 168 22.3214
78 168 22.3214
91 168 22.3214
92 168 22.3214
163 168 22.3214
164 168 22.3214
186 168 28.6944
188 168 28.6944
191 168 28.6944
242 168 28.6944
252 168 40.1606
279 168 40.1606
285 168 22.3214
302 168 40.1606
326 168 66.8896
338 168 22.3214
351 168 200
352 168 200
391 168 200
392 168 200
403 168 200
511 168 40.1606
625 168 22.3214
7 169 18.2648
14 169 18.2648
15 169 18.2648
33 169 18.2648
36 169 15.456
40 169 18.2648
51 169 18.2648
63 169 22.3214
73 169 22.3214
75 169 22.3214
77 169 22.3214
91 169 22.3214
92 169 22.3214
118 169 22.3214
163 169 22.3214
164 169 22.3214
185 169 28.6944
186 169 28.6944
242 169 28.6944
252 169 40.1606
269 169 40.1606
270 169 40.1606
299 169 66.8896
302 169 40.1606
314 169 66.8896
327 169 66.8896
328 169 66.8896
338 169 22.3214
351 169 200
352 169 200
401 169 200
403 169 200
404 169 200
532 169 28.6944
538 169 28.6944
557 169 22.3214
625 169 22.3214
7 170 18.2648
14 170 18.2648
33 170 18.2648
34 170 18.2648
40 170 18.2648
51 170 18.2648
63 170 22.3214
73 170 22.3214
75 170 22.3214
76 170 22.3214
77 170 22.3214
91 170 22.3214
92 170 22.3214
117 170 22.3214
118 170 22.3214
159 170 22.3214
160 170 22.3214
185 170 28.6944
242 170 28.6944
252 170 40.1606
299 170 66.8896
314 170 66.8896
327 170 66.8896
346 170 13.3958
351 170 200
401 170 200
403 170 200
404 170 200
537 170 28.6944
557 170 22.3214
625 170 22.3214
7 171 18.2648
14 171 18.2648
33 171 18.2648
34 171 18.2648
40 171 18.2648
51 171 18.2648
63 171 22.3214
77 171 22.3214
92 171 22.3214
117 171 22.3214
118 171 22.3214
157 171 28.6944
185 171 28.6944
192 171 28.6944
250 171 40.1606
314 171 66.8896
327 171 66.8896
351 171 200
352 171 200
369 171 15.456
380 171 200
381 171 200
393 171 200
403 171 200
404 171 200
408 171 66.8896
536 171 28.6944
537 171 28.6944
554 171 22.3214
556 171 22.3214
557 171 22.3214
7 172 18.2648
14 172 18.2648
15 172 18.2648
33 172 18.2648
34 172 18.2648
40 172 18.2648
51 172 18.2648
63 172 22.3214
92 172 22.3214
117 172 22.3214
118 172 22.3214
192 172 28.6944
216 172 40.1606
237 172 28.6944
238 172 28.6944
241 172 28.6944
252 172 40.1606
314 172 66.8896
327 172 66.8896
351 172 200
367 172 18.2648
369 172 15.456
370 172 15.456
380 172 200
388 172 200
393 172 200
403 172 200
404 172 200
408 172 66.8896
412 172 200
536 172 28.6944
556 172 22.3214
557 172 22.3214
7 173 18.2648
14 173 18.2648
15 173 18.2648
33 173 18.2648
34 173 18.2648
37 173 18.2648
40 173 18.2648
41 173 18.2648
51 173 18.2648
63 173 22.3214
91 173 22.3214
92 173 22.3214
117 173 22.3214
118 173 22.3214
142 173 22.3214
149 173 22.3214
155 173 28.6944
216 173 40.1606
233 173 40.1606
235 173 28.6944
237 173 28.6944
238 173 28.6944
242 173 28.6944
252 173 40.1606
314 173 66.8896
327 173 66.8896
338 173 22.3214
341 173 18.2648
343 173 18.2648
351 173 200
367 173 200
370 173 15.456
388 173 200
393 173 200
396 173 66.8896
412 173 200
521 173 40.1606
535 173 28.6944
612 173 22.3214
7 174 18.2648
8 174 18.2648
14 174 18.2648
33 174 18.2648
34 174 18.2648
37 174 18.2648
40 174 18.2648
41 174 18.2648
51 174 18.2648
63 174 22.3214
92 174 22.3214
117 174 22.3214
118 174 22.3214
141 174 22.3214
142 174 22.3214
149 174 22.3214
155 174 28.6944
156 174 28.6944
191 174 28.6944
228 174 40.1606
229 174 40.1606
314 174 66.8896
327 174 66.8896
351 174 200
367 174 200
369 174 200
370 174 15.456
375 174 40.1606
388 174 200
393 174 200
412 174 200
521 174 40.1606
534 174 28.6944
558 174 22.3214
612 174 22.3214
7 175 18.2648
8 175 18.2648
14 175 18.2648
33 175 18.2648
34 175 18.2648
37 175 18.2648
41 175 18.2648
51 175 18.2648
63 175 22.3214
92 175 22.3214
117 175 22.3214
118 175 22.3214
141 175 22.3214
149 175 22.3214
156 175 28.6944
171 175 28.6944
191 175 28.6944
228 175 40.1606
229 175 40.1606
327 175 66.8896
346 175 13.3958
351 175 200
367 175 200
368 175 200
375 175 40.1606
393 175 200
396 175 66.8896
521 175 40.1606
558 175 22.3214
612 175 22.3214
7 176 18.2648
8 176 18.2648
33 176 18.2648
34 176 18.2648
37 176 18.2648
41 176 18.2648
51 176 18.2648
63 176 22.3214
92 176 22.3214
118 176 22.3214
140 176 22.3214
149 176 18.2648
156 176 28.6944
171 176 28.6944
175 176 28.6944
176 176 28.6944
191 176 28.6944
228 176 40.1606
229 176 40.1606
346 176 66.8896
351 176 200
367 176 200
368 176 200
375 176 40.1606
393 176 200
404 176 200
520 176 40.1606
521 176 40.1606
558 176 22.3214
7 177 18.2648
8 177 18.2648
15 177 18.2648
33 177 18.2648
34 177 18.2648
37 177 18.2648
41 177 18.2648
51 177 18.2648
63 177 22.3214
92 177 22.3214
140 177 22.3214
148 177 18.2648
151 177 28.6944
156 177 28.6944
171 177 28.6944
175 177 28.6944
176 177 28.6944
191 177 28.6944
228 177 40.1606
314 177 66.8896
327 177 66.8896
328 177 66.8896
338 177 22.3214
345 177 66.8896
388 177 200
404 177 200
505 177 2.11573
520 177 40.1606
521 177 40.1606
558 177 22.3214
8 178 18.2648
14 178 18.2648
15 178 18.2648
33 178 18.2648
34 178 18.2648
37 178 18.2648
41 178 18.2648
51 178 18.2648
63 178 22.3214
92 178 22.3214
117 178 22.3214
118 178 22.3214
148 178 18.2648
151 178 28.6944
156 178 28.6944
171 178 28.6944
176 178 28.6944
182 178 200
191 178 28.6944
328 178 66.8896
338 178 22.3214
345 178 66.8896
374 178 200
377 178 66.8896
404 178 200
408 178 66.8896
520 178 40.1606
521 178 40.1606
541 178 40.1606
557 178 22.3214
612 178 22.3214
14 179 18.2648
15 179 18.2648
34 179 18.2648
37 179 18.2648
41 179 18.2648
51 179 18.2648
63 179 22.3214
92 179 22.3214
117 179 22.3214
148 179 18.2648
151 179 28.6944
171 179 28.6944
176 179 28.6944
191 179 28.6944
203 179 28.6944
206 179 28.6944
207 179 28.6944
264 179 40.1606
328 179 66.8896
345 179 66.8896
374 179 200
377 179 66.8896
404 179 200
520 179 40.1606
541 179 40.1606
23 180 18.2648
34 180 18.2648
37 180 18.2648
41 180 18.2648
51 180 18.2648
63 180 22.3214
92 180 22.3214
117 180 22.3214
137 180 22.3214
145 180 22.3214
146 180 22.3214
151 180 28.6944
171 180 28.6944
176 180 28.6944
191 180 28.6944
206 180 28.6944
207 180 28.6944
254 180 28.6944
256 180 28.6944
383 180 9.56938
392 180 200
496 180 2.25836
23 181 18.2648
34 181 18.2648
37 181 18.2648
38 181 18.2648
41 181 18.2648
51 181 18.2648
63 181 22.3214
64 181 22.3214
92 181 22.3214
117 181 22.3214
135 181 22.3214
137 181 22.3214
145 181 22.3214
151 181 28.6944
176 181 28.6944
191 181 28.6944
206 181 28.6944
228 181 40.1606
242 181 28.6944
257 181 28.6944
282 181 40.1606
351 181 200
367 181 18.2648
369 181 18.2648
392 181 200
485 181 2.4216
535 181 28.6944
34 182 18.2648
38 182 18.2648
41 182 18.2648
51 182 18.2648
52 182 18.2648
63 182 22.3214
92 182 22.3214
117 182 22.3214
137 182 22.3214
145 182 22.3214
151 182 28.6944
176 182 28.6944
177 182 28.6944
191 182 28.6944
228 182 40.1606
242 182 28.6944
257 182 28.6944
282 182 40.1606
307 182 40.1606
351 182 200
367 182 18.2648
369 182 18.2648
388 182 200
404 182 200
439 182 3.6543
446 182 3.40657
482 182 2.48139
8 183 18.2648
21 183 18.2648
22 183 18.2648
23 183 18.2648
34 183 18.2648
38 183 18.2648
41 183 18.2648
51 183 18.2648
52 183 18.2648
63 183 22.3214
92 183 22.3214
117 183 22.3214
135 183 28.6944
137 183 28.6944
151 183 28.6944
176 183 28.6944
177 183 28.6944
191 183 28.6944
222 183 40.1606
228 183 40.1606
229 183 40.1606
242 183 28.6944
351 183 200
378 183 200
381 183 200
388 183 200
404 183 200
439 183 3.6543
528 183 28.6944
625 183 22.3214
8 184 18.2648
9 184 18.2648
18 184 18.2648
19 184 18.2648
34 184 18.2648
38 184 18.2648
41 184 18.2648
51 184 18.2648
52 184 18.2648
63 184 18.2648
92 184 22.3214
117 184 22.3214
135 184 28.6944
151 184 28.6944
176 184 28.6944
222 184 40.1606
229 184 40.1606
242 184 28.6944
301 184 66.8896
342 184 200
351 184 200
381 184 200
388 184 200
395 184 40.1606
404 184 200
433 184 3.94089
535 184 28.6944
8 185 18.2648
18 185 18.2648
19 185 18.2648
34 185 18.2648
38 185 18.2648
51 185 18.2648
52 185 18.2648
63 185 18.2648
92 185 22.3214
117 185 22.3214
135 185 28.6944
151 185 28.6944
186 185 28.6944
222 185 40.1606
229 185 40.1606
242 185 40.1606
243 185 40.1606
247 185 28.6944
301 185 66.8896
351 185 200
388 185 200
404 185 200
408 185 66.8896
534 185 28.6944
535 185 28.6944
625 185 22.3214
8 186 18.2648
18 186 18.2648
19 186 18.2648
34 186 18.2648
38 186 18.2648
51 186 18.2648
52 186 18.2648
63 186 18.2648
92 186 22.3214
117 186 22.3214
135 186 28.6944
151 186 28.6944
177 186 28.6944
192 186 28.6944
222 186 40.1606
229 186 40.1606
243 186 40.1606
247 186 28.6944
252 186 18.2648
256 186 28.6944
301 186 66.8896
305 186 40.1606
342 186 200
351 186 200
369 186 15.456
388 186 200
464 186 200
468 186 66.8896
534 186 28.6944
535 186 28.6944
18 187 18.2648
34 187 18.2648
38 187 18.2648
51 187 18.2648
52 187 18.2648
63 187 18.2648
92 187 22.3214
117 187 22.3214
135 187 28.6944
151 187 28.6944
177 187 28.6944
229 187 40.1606
243 187 40.1606
247 187 28.6944
305 187 40.1606
342 187 200
351 187 200
369 187 15.456
370 187 15.456
388 187 200
421 187 40.1606
423 187 40.1606
447 187 200
455 187 40.1606
458 187 28.6944
464 187 66.8896
534 187 28.6944
535 187 28.6944
18 188 18.2648
34 188 18.2648
38 188 18.2648
51 188 18.2648
52 188 18.2648
63 188 18.2648
92 188 22.3214
117 188 22.3214
151 188 28.6944
177 188 28.6944
185 188 28.6944
197 188 28.6944
222 188 28.6944
229 188 40.1606
247 188 28.6944
256 188 28.6944
266 188 40.1606
305 188 40.1606
342 188 200
351 188 200
352 188 200
369 188 15.456
370 188 15.456
375 188 40.1606
388 188 200
420 188 40.1606
421 188 40.1606
423 188 40.1606
455 188 40.1606
456 188 40.1606
457 188 28.6944
458 188 28.6944
477 188 11.8203
478 188 11.8203
18 189 18.2648
19 189 18.2648
34 189 18.2648
38 189 18.2648
39 189 18.2648
51 189 18.2648
52 189 18.2648
63 189 18.2648
92 189 22.3214
117 189 22.3214
137 189 22.3214
142 189 22.3214
151 189 28.6944
177 189 28.6944
196 189 28.6944
197 189 28.6944
222 189 28.6944
229 189 40.1606
242 189 40.1606
243 189 40.1606
247 189 28.6944
302 189 40.1606
325 189 66.8896
342 189 200
351 189 200
352 189 200
369 189 15.456
370 189 15.456
375 189 40.1606
388 189 200
392 189 200
393 189 200
421 189 40.1606
454 189 40.1606
455 189 40.1606
458 189 28.6944
459 189 28.6944
462 189 200
468 189 66.8896
521 189 40.1606
531 189 1.81077
535 189 28.6944
17 190 18.2648
18 190 18.2648
34 190 18.2648
38 190 18.2648
39 190 18.2648
51 190 18.2648
52 190 18.2648
63 190 18.2648
92 190 22.3214
117 190 22.3214
137 190 22.3214
138 190 22.3214
141 190 22.3214
142 190 22.3214
222 190 28.6944
247 190 28.6944
302 190 40.1606
313 190 15.456
338 190 22.3214
346 190 13.3958
351 190 66.8896
353 190 66.8896
369 190 15.456
370 190 15.456
375 190 40.1606
388 190 200
392 190 200
421 190 40.1606
463 190 200
464 190 200
468 190 40.1606
470 190 40.1606
520 190 40.1606
521 190 40.1606
535 190 28.6944
17 191 18.2648
18 191 18.2648
34 191 18.2648
39 191 18.2648
51 191 18.2648
52 191 18.2648
63 191 18.2648
117 191 22.3214
118 191 22.3214
137 191 22.3214
141 191 22.3214
142 191 22.3214
153 191 28.6944
171 191 28.6944
222 191 28.6944
247 191 28.6944
296 191 200
299 191 66.8896
300 191 66.8896
313 191 66.8896
314 191 66.8896
327 191 66.8896
328 191 66.8896
338 191 22.3214
341 191 18.2648
347 191 13.3958
351 191 66.8896
353 191 66.8896
369 191 15.456
370 191 15.456
375 191 40.1606
388 191 200
399 191 40.1606
402 191 28.6944
421 191 40.1606
463 191 200
470 191 40.1606
501 191 66.8896
520 191 40.1606
535 191 28.6944
625 191 22.3214
18 192 18.2648
34 192 18.2648
39 192 18.2648
51 192 18.2648
52 192 18.2648
63 192 18.2648
142 192 22.3214
153 192 28.6944
155 192 28.6944
171 192 28.6944
176 192 28.6944
191 192 28.6944
192 192 28.6944
220 192 28.6944
222 192 28.6944
247 192 28.6944
296 192 200
299 192 66.8896
327 192 66.8896
328 192 66.8896
338 192 15.456
341 192 18.2648
347 192 13.3958
351 192 66.8896
352 192 66.8896
353 192 66.8896
364 192 22.3214
375 192 40.1606
388 192 200
399 192 40.1606
402 192 28.6944
403 192 28.6944
420 192 40.1606
421 192 40.1606
458 192 200
463 192 200
470 192 40.1606
498 192 200
535 192 28.6944
625 192 22.3214
17 193 18.2648
34 193 18.2648
39 193 18.2648
51 193 18.2648
52 193 18.2648
63 193 18.2648
92 193 22.3214
142 193 22.3214
177 193 28.6944
191 193 28.6944
192 193 28.6944
222 193 28.6944
242 193 28.6944
247 193 28.6944
256 193 28.6944
272 193 40.1606
300 193 66.8896
315 193 200
318 193 66.8896
322 193 40.1606
324 193 40.1606
327 193 66.8896
328 193 66.8896
338 193 15.456
347 193 10.5764
348 193 10.5764
352 193 66.8896
353 193 66.8896
388 193 200
393 193 200
397 193 200
399 193 40.1606
402 193 28.6944
421 193 40.1606
455 193 40.1606
458 193 200
462 193 200
470 193 40.1606
474 193 15.456
477 193 13.3958
478 193 13.3958
511 193 40.1606
535 193 28.6944
34 194 18.2648
39 194 18.2648
51 194 18.2648
52 194 18.2648
63 194 18.2648
64 194 18.2648
92 194 22.3214
93 194 22.3214
104 194 22.3214
117 194 22.3214
134 194 22.3214
142 194 22.3214
192 194 28.6944
272 194 40.1606
300 194 66.8896
315 194 200
318 194 66.8896
320 194 66.8896
322 194 40.1606
324 194 40.1606
327 194 66.8896
328 194 66.8896
338 194 15.456
347 194 10.5764
348 194 10.5764
352 194 66.8896
353 194 66.8896
355 194 66.8896
388 194 200
391 194 200
396 194 200
397 194 200
399 194 200
402 194 28.6944
403 194 28.6944
416 194 3.29489
418 194 3.29489
421 194 40.1606
455 194 40.1606
462 194 200
466 194 66.8896
478 194 13.3958
511 194 40.1606
535 194 28.6944
18 195 18.2648
34 195 18.2648
39 195 18.2648
40 195 18.2648
42 195 22.3214
47 195 40.1606
48 195 40.1606
51 195 18.2648
52 195 18.2648
54 195 18.2648
63 195 18.2648
64 195 18.2648
92 195 22.3214
93 195 22.3214
104 195 22.3214
105 195 22.3214
107 195 22.3214
113 195 22.3214
115 195 22.3214
117 195 22.3214
118 195 22.3214
135 195 22.3214
141 195 22.3214
142 195 22.3214
170 195 28.6944
178 195 28.6944
241 195 22.3214
272 195 40.1606
300 195 66.8896
315 195 200
318 195 66.8896
320 195 66.8896
322 195 40.1606
324 195 40.1606
327 195 66.8896
328 195 66.8896
336 195 15.456
338 195 15.456
347 195 10.5764
352 195 66.8896
353 195 66.8896
388 195 200
391 195 200
396 195 200
397 195 200
421 195 40.1606
455 195 40.1606
460 195 200
465 195 66.8896
466 195 66.8896
468 195 40.1606
516 195 66.8896
535 195 28.6944
52 196 18.2648
103 196 22.3214
104 196 22.3214
105 196 22.3214
108 196 40.1606
113 196 22.3214
135 196 22.3214
141 196 22.3214
142 196 22.3214
177 196 28.6944
178 196 28.6944
236 196 40.1606
241 196 22.3214
246 196 40.1606
247 196 40.1606
251 196 22.3214
272 196 40.1606
300 196 66.8896
315 196 200
318 196 200
320 196 66.8896
322 196 40.1606
324 196 40.1606
327 196 66.8896
328 196 66.8896
336 196 15.456
338 196 15.456
346 196 10.5764
347 196 10.5764
362 196 8.03858
388 196 200
402 196 40.1606
421 196 40.1606
423 196 40.1606
455 196 40.1606
464 196 66.8896
465 196 66.8896
466 196 66.8896
467 196 66.8896
468 196 40.1606
469 196 40.1606
471 196 40.1606
521 196 40.1606
535 196 28.6944
17 197 18.2648
34 197 18.2648
134 197 22.3214
135 197 22.3214
141 197 22.3214
208 197 40.1606
209 197 40.1606
236 197 40.1606
241 197 22.3214
272 197 40.1606
315 197 200
318 197 66.8896
320 197 66.8896
322 197 40.1606
324 197 40.1606
327 197 66.8896
328 197 66.8896
336 197 13.3958
338 197 13.3958
346 197 13.3958
347 197 13.3958
354 197 40.1606
362 197 15.456
388 197 200
396 197 200
397 197 66.8896
399 197 66.8896
400 197 40.1606
401 197 40.1606
402 197 40.1606
421 197 40.1606
463 197 66.8896
464 197 66.8896
465 197 66.8896
466 197 66.8896
467 197 40.1606
469 197 40.1606
471 197 40.1606
521 197 40.1606
535 197 28.6944
69 198 22.3214
92 198 22.3214
93 198 22.3214
115 198 22.3214
134 198 22.3214
140 198 22.3214
141 198 22.3214
171 198 28.6944
172 198 28.6944
232 198 28.6944
255 198 22.3214
315 198 200
318 198 66.8896
320 198 66.8896
322 198 40.1606
323 198 40.1606
324 198 40.1606
327 198 66.8896
328 198 66.8896
336 198 13.3958
338 198 15.456
346 198 13.3958
347 198 13.3958
374 198 22.3214
388 198 200
390 198 200
396 198 66.8896
397 198 66.8896
398 198 66.8896
399 198 66.8896
401 198 40.1606
402 198 40.1606
421 198 40.1606
457 198 200
458 198 200
460 198 200
463 198 66.8896
464 198 66.8896
465 198 66.8896
466 198 66.8896
467 198 40.1606
468 198 40.1606
469 198 40.1606
471 198 40.1606
516 198 66.8896
521 198 40.1606
531 198 40.1606
535 198 28.6944
32 199 18.2648
70 199 22.3214
115 199 22.3214
134 199 22.3214
135 199 22.3214
140 199 22.3214
141 199 22.3214
166 199 22.3214
171 199 28.6944
236 199 40.1606
250 199 40.1606
315 199 200
318 199 66.8896
322 199 40.1606
327 199 66.8896
328 199 66.8896
336 199 15.456
342 199 200
346 199 66.8896
361 199 28.6944
362 199 28.6944
367 199 40.1606
390 199 200
396 199 66.8896
397 199 66.8896
399 199 66.8896
402 199 40.1606
403 199 40.1606
404 199 40.1606
421 199 40.1606
458 199 200
460 199 200
464 199 66.8896
465 199 66.8896
466 199 66.8896
467 199 40.1606
468 199 40.1606
469 199 40.1606
471 199 40.1606
516 199 66.8896
521 199 40.1606
531 199 40.1606
535 199 28.6944
17 200 18.2648
32 200 18.2648
134 200 22.3214
140 200 22.3214
141 200 22.3214
165 200 22.3214
173 200 28.6944
230 200 28.6944
232 200 28.6944
250 200 40.1606
283 200 40.1606
339 200 66.8896
342 200 200
346 200 66.8896
347 200 66.8896
354 200 66.8896
361 200 28.6944
362 200 28.6944
367 200 40.1606
377 200 18.2648
385 200 200
391 200 200
394 200 200
396 200 66.8896
397 200 66.8896
398 200 66.8896
399 200 66.8896
400 200 66.8896
401 200 40.1606
402 200 40.1606
403 200 40.1606
407 200 28.6944
421 200 40.1606
454 200 200
464 200 66.8896
516 200 66.8896
521 200 40.1606
531 200 40.1606
535 200 28.6944
31 201 18.2648
32 201 18.2648
90 201 22.3214
140 201 22.3214
141 201 22.3214
160 201 22.3214
164 201 22.3214
173 201 28.6944
230 201 28.6944
232 201 28.6944
250 201 40.1606
253 201 28.6944
337 201 66.8896
339 201 66.8896
342 201 200
346 201 66.8896
347 201 66.8896
354 201 66.8896
360 201 28.6944
361 201 28.6944
362 201 28.6944
367 201 40.1606
376 201 18.2648
377 201 18.2648
385 201 200
388 201 200
396 201 66.8896
397 201 66.8896
398 201 66.8896
399 201 66.8896
401 201 40.1606
402 201 40.1606
405 201 40.1606
421 201 40.1606
510 201 40.1606
512 201 40.1606
516 201 66.8896
521 201 40.1606
531 201 40.1606
535 201 28.6944
536 201 28.6944
32 202 18.2648
33 202 18.2648
71 202 22.3214
72 202 22.3214
73 202 22.3214
90 202 22.3214
91 202 22.3214
121 202 22.3214
133 202 22.3214
140 202 22.3214
141 202 22.3214
173 202 28.6944
197 202 28.6944
198 202 28.6944
230 202 28.6944
232 202 28.6944
242 202 28.6944
250 202 40.1606
253 202 28.6944
342 202 200
346 202 66.8896
353 202 40.1606
354 202 40.1606
360 202 28.6944
361 202 28.6944
362 202 28.6944
367 202 40.1606
376 202 18.2648
377 202 18.2648
388 202 200
416 202 66.8896
421 202 40.1606
454 202 200
516 202 66.8896
521 202 40.1606
531 202 40.1606
535 202 28.6944
536 202 28.6944
32 203 18.2648
71 203 22.3214
72 203 22.3214
91 203 22.3214
120 203 22.3214
121 203 22.3214
133 203 22.3214
140 203 22.3214
141 203 22.3214
175 203 28.6944
177 203 28.6944
187 203 28.6944
188 203 28.6944
193 203 15.456
197 203 28.6944
230 203 28.6944
235 203 200
242 203 28.6944
282 203 66.8896
291 203 22.3214
346 203 66.8896
347 203 66.8896
352 203 40.1606
353 203 40.1606
388 203 200
404 203 200
421 203 40.1606
454 203 200
484 203 200
486 203 66.8896
487 203 66.8896
511 203 40.1606
516 203 66.8896
521 203 40.1606
523 203 40.1606
536 203 28.6944
632 203 28.6944
33 204 18.2648
121 204 22.3214
133 204 22.3214
140 204 22.3214
141 204 22.3214
173 204 28.6944
184 204 40.1606
187 204 28.6944
188 204 28.6944
196 204 28.6944
230 204 28.6944
299 204 40.1606
346 204 200
347 204 200
352 204 40.1606
353 204 40.1606
373 204 40.1606
390 204 200
405 204 200
421 204 40.1606
454 204 200
511 204 40.1606
516 204 66.8896
521 204 40.1606
536 204 28.6944
632 204 28.6944
133 205 22.3214
141 205 22.3214
170 205 22.3214
173 205 28.6944
187 205 28.6944
196 205 28.6944
204 205 28.6944
230 205 28.6944
299 205 40.1606
346 205 200
347 205 200
352 205 40.1606
353 205 40.1606
373 205 40.1606
374 205 40.1606
384 205 200
385 205 200
405 205 200
434 205 40.1606
511 205 40.1606
516 205 66.8896
521 205 40.1606
536 205 28.6944
632 205 28.6944
25 206 15.456
27 206 15.456
133 206 22.3214
141 206 22.3214
170 206 22.3214
173 206 28.6944
174 206 28.6944
187 206 28.6944
192 206 15.456
196 206 28.6944
204 206 28.6944
230 206 28.6944
281 206 66.8896
346 206 200
347 206 200
352 206 40.1606
353 206 40.1606
374 206 40.1606
407 206 200
516 206 66.8896
521 206 40.1606
536 206 28.6944
25 207 15.456
30 207 15.456
33 207 13.3958
36 207 15.456
133 207 22.3214
140 207 22.3214
141 207 22.3214
170 207 22.3214
173 207 28.6944
174 207 28.6944
186 207 28.6944
187 207 28.6944
192 207 15.456
195 207 28.6944
196 207 28.6944
204 207 28.6944
208 207 28.6944
209 207 28.6944
230 207 28.6944
252 207 40.1606
253 207 40.1606
296 207 40.1606
301 207 40.1606
342 207 200
346 207 200
347 207 200
350 207 66.8896
352 207 40.1606
353 207 40.1606
356 207 28.6944
360 207 22.3214
362 207 18.2648
363 207 18.2648
368 207 200
403 207 200
406 207 200
407 207 200
422 207 40.1606
432 207 40.1606
516 207 66.8896
521 207 40.1606
536 207 28.6944
25 208 15.456
30 208 15.456
133 208 22.3214
140 208 22.3214
141 208 22.3214
170 208 22.3214
174 208 28.6944
187 208 28.6944
192 208 15.456
196 208 28.6944
197 208 28.6944
201 208 18.2648
209 208 28.6944
230 208 28.6944
251 208 40.1606
252 208 40.1606
283 208 40.1606
296 208 40.1606
346 208 200
347 208 200
349 208 66.8896
350 208 66.8896
360 208 22.3214
363 208 18.2648
406 208 200
431 208 40.1606
475 208 66.8896
496 208 66.8896
516 208 66.8896
521 208 40.1606
523 208 40.1606
531 208 40.1606
536 208 28.6944
21 209 15.456
22 209 15.456
49 209 13.3958
50 209 13.3958
51 209 13.3958
133 209 22.3214
140 209 22.3214
156 209 22.3214
174 209 28.6944
187 209 28.6944
197 209 28.6944
230 209 28.6944
250 209 40.1606
282 209 40.1606
283 209 40.1606
285 209 40.1606
338 209 200
346 209 200
347 209 200
349 209 66.8896
350 209 66.8896
374 209 40.1606
421 209 40.1606
454 209 66.8896
475 209 66.8896
496 209 66.8896
499 209 40.1606
500 209 40.1606
516 209 66.8896
521 209 40.1606
523 209 40.1606
536 209 28.6944
16 210 15.456
31 210 15.456
33 210 15.456
38 210 13.3958
44 210 22.3214
46 210 22.3214
49 210 13.3958
50 210 13.3958
51 210 13.3958
132 210 22.3214
133 210 22.3214
140 210 22.3214
156 210 22.3214
174 210 28.6944
187 210 28.6944
188 210 28.6944
230 210 28.6944
250 210 40.1606
282 210 40.1606
300 210 40.1606
338 210 200
342 210 200
346 210 200
350 210 66.8896
366 210 200
402 210 200
421 210 40.1606
454 210 66.8896
455 210 66.8896
485 210 66.8896
496 210 66.8896
499 210 40.1606
500 210 40.1606
516 210 66.8896
521 210 40.1606
536 210 28.6944
6 211 15.456
14 211 15.456
37 211 13.3958
50 211 13.3958
51 211 13.3958
132 211 22.3214
133 211 22.3214
140 211 22.3214
151 211 22.3214
174 211 28.6944
187 211 28.6944
205 211 28.6944
230 211 28.6944
232 211 28.6944
248 211 40.1606
282 211 40.1606
300 211 40.1606
301 211 66.8896
303 211 200
306 211 40.1606
309 211 28.6944
310 211 28.6944
346 211 200
347 211 200
349 211 66.8896
350 211 66.8896
359 211 22.3214
360 211 22.3214
366 211 200
376 211 40.1606
399 211 200
400 211 200
421 211 40.1606
455 211 66.8896
496 211 66.8896
499 211 40.1606
516 211 66.8896
521 211 40.1606
523 211 40.1606
536 211 28.6944
5 212 15.456
6 212 15.456
23 212 15.456
37 212 13.3958
49 212 13.3958
132 212 22.3214
139 212 22.3214
140 212 22.3214
151 212 22.3214
167 212 22.3214
174 212 28.6944
187 212 28.6944
205 212 28.6944
208 212 28.6944
209 212 28.6944
225 212 28.6944
230 212 28.6944
232 212 28.6944
233 212 22.3214
248 212 40.1606
250 212 40.1606
282 212 40.1606
284 212 40.1606
300 212 40.1606
301 212 66.8896
303 212 200
306 212 40.1606
309 212 28.6944
340 212 200
346 212 200
350 212 66.8896
359 212 22.3214
364 212 66.8896
380 212 28.6944
399 212 200
417 212 66.8896
420 212 40.1606
454 212 66.8896
455 212 66.8896
457 212 66.8896
474 212 66.8896
510 212 200
516 212 66.8896
521 212 40.1606
536 212 28.6944
23 213 15.456
28 213 13.3958
37 213 13.3958
52 213 13.3958
53 213 13.3958
132 213 22.3214
139 213 22.3214
140 213 22.3214
162 213 22.3214
167 213 22.3214
174 213 28.6944
187 213 28.6944
209 213 28.6944
230 213 28.6944
232 213 28.6944
233 213 22.3214
239 213 40.1606
306 213 40.1606
307 213 40.1606
365 213 40.1606
370 213 200
380 213 28.6944
387 213 66.8896
398 213 200
417 213 66.8896
420 213 40.1606
421 213 40.1606
454 213 66.8896
455 213 66.8896
457 213 66.8896
458 213 40.1606
474 213 66.8896
477 213 66.8896
482 213 66.8896
484 213 66.8896
485 213 66.8896
516 213 66.8896
521 213 40.1606
532 213 40.1606
536 213 28.6944
18 214 15.456
37 214 15.456
53 214 13.3958
54 214 13.3958
132 214 22.3214
139 214 22.3214
140 214 22.3214
166 214 22.3214
174 214 28.6944
187 214 28.6944
230 214 28.6944
250 214 40.1606
251 214 40.1606
307 214 40.1606
330 214 9.56938
357 214 40.1606
364 214 40.1606
375 214 18.2648
394 214 200
396 214 200
417 214 66.8896
421 214 40.1606
454 214 66.8896
455 214 66.8896
458 214 40.1606
473 214 66.8896
477 214 66.8896
478 214 66.8896
482 214 66.8896
484 214 66.8896
486 214 40.1606
488 214 40.1606
500 214 40.1606
516 214 66.8896
521 214 40.1606
532 214 40.1606
536 214 28.6944
17 215 15.456
18 215 15.456
33 215 11.8203
37 215 15.456
42 215 13.3958
53 215 13.3958
54 215 13.3958
131 215 22.3214
132 215 22.3214
139 215 22.3214
140 215 22.3214
165 215 22.3214
187 215 28.6944
204 215 28.6944
230 215 28.6944
250 215 40.1606
251 215 40.1606
307 215 40.1606
352 215 200
357 215 40.1606
364 215 40.1606
372 215 200
375 215 18.2648
421 215 40.1606
473 215 200
475 215 66.8896
477 215 66.8896
490 215 200
500 215 40.1606
516 215 66.8896
521 215 40.1606
532 215 40.1606
536 215 28.6944
16 216 15.456
17 216 15.456
42 216 13.3958
43 216 13.3958
54 216 15.456
55 216 15.456
131 216 22.3214
132 216 22.3214
139 216 22.3214
140 216 22.3214
160 216 22.3214
164 216 22.3214
165 216 22.3214
187 216 28.6944
188 216 28.6944
208 216 28.6944
230 216 28.6944
231 216 28.6944
250 216 40.1606
251 216 40.1606
275 216 40.1606
307 216 40.1606
342 216 66.8896
343 216 66.8896
346 216 40.1606
351 216 200
352 216 200
364 216 40.1606
375 216 18.2648
379 216 28.6944
385 216 66.8896
421 216 40.1606
462 216 200
464 216 200
473 216 200
475 216 66.8896
477 216 66.8896
500 216 40.1606
501 216 40.1606
516 216 66.8896
521 216 40.1606
532 216 40.1606
536 216 28.6944
16 217 15.456
17 217 15.456
36 217 15.456
42 217 13.3958
54 217 15.456
55 217 15.456
131 217 22.3214
132 217 22.3214
139 217 22.3214
140 217 22.3214
160 217 22.3214
187 217 28.6944
188 217 28.6944
208 217 28.6944
209 217 28.6944
230 217 28.6944
250 217 40.1606
251 217 40.1606
269 217 40.1606
275 217 40.1606
307 217 40.1606
316 217 18.2648
342 217 66.8896
346 217 40.1606
351 217 200
357 217 200
364 217 40.1606
375 217 18.2648
385 217 66.8896
421 217 40.1606
477 217 66.8896
501 217 40.1606
516 217 66.8896
521 217 40.1606
532 217 40.1606
536 217 28.6944
537 217 28.6944
16 218 15.456
17 218 15.456
47 218 15.456
48 218 15.456
55 218 15.456
56 218 15.456
131 218 22.3214
132 218 22.3214
139 218 22.3214
140 218 22.3214
151 218 22.3214
155 218 22.3214
156 218 22.3214
171 218 28.6944
188 218 28.6944
208 218 28.6944
209 218 28.6944
230 218 28.6944
231 218 28.6944
250 218 40.1606
251 218 40.1606
269 218 40.1606
273 218 40.1606
307 218 40.1606
316 218 18.2648
338 218 200
357 218 200
362 218 40.1606
477 218 66.8896
501 218 40.1606
521 218 40.1606
532 218 40.1606
536 218 28.6944
537 218 28.6944
57 219 15.456
58 219 15.456
131 219 22.3214
132 219 22.3214
140 219 22.3214
151 219 22.3214
156 219 22.3214
171 219 28.6944
172 219 28.6944
188 219 28.6944
208 219 28.6944
209 219 28.6944
230 219 28.6944
231 219 28.6944
250 219 40.1606
251 219 40.1606
307 219 40.1606
316 219 18.2648
337 219 200
346 219 40.1606
357 219 200
362 219 40.1606
363 219 40.1606
420 219 40.1606
501 219 40.1606
521 219 40.1606
532 219 40.1606
536 219 28.6944
537 219 28.6944
17 220 15.456
63 220 15.456
132 220 22.3214
140 220 22.3214
171 220 28.6944
172 220 28.6944
183 220 28.6944
188 220 28.6944
231 220 28.6944
252 220 40.1606
272 220 40.1606
307 220 40.1606
316 220 18.2648
342 220 66.8896
346 220 40.1606
358 220 200
363 220 40.1606
375 220 66.8896
377 220 66.8896
501 220 40.1606
515 220 40.1606
521 220 40.1606
532 220 40.1606
536 220 28.6944
537 220 28.6944
17 221 15.456
20 221 13.3958
63 221 15.456
64 221 15.456
132 221 22.3214
140 221 22.3214
152 221 22.3214
171 221 28.6944
172 221 28.6944
231 221 28.6944
252 221 40.1606
271 221 40.1606
272 221 40.1606
274 221 40.1606
307 221 40.1606
363 221 40.1606
375 221 66.8896
377 221 66.8896
383 221 28.6944
455 221 40.1606
479 221 66.8896
480 221 66.8896
496 221 66.8896
501 221 40.1606
521 221 40.1606
532 221 40.1606
534 221 28.6944
536 221 28.6944
537 221 28.6944
625 221 22.3214
41 222 15.456
63 222 15.456
64 222 15.456
131 222 22.3214
132 222 22.3214
140 222 22.3214
152 222 22.3214
171 222 28.6944
172 222 28.6944
231 222 28.6944
257 222 40.1606
271 222 40.1606
274 222 40.1606
275 222 28.6944
306 222 40.1606
307 222 40.1606
359 222 66.8896
363 222 40.1606
383 222 66.8896
479 222 66.8896
480 222 66.8896
484 222 40.1606
501 222 40.1606
532 222 40.1606
534 222 40.1606
536 222 28.6944
537 222 28.6944
625 222 22.3214
10 223 13.3958
33 223 15.456
40 223 15.456
41 223 15.456
42 223 15.456
66 223 15.456
67 223 15.456
131 223 22.3214
132 223 22.3214
140 223 22.3214
152 223 22.3214
155 223 22.3214
171 223 28.6944
172 223 28.6944
215 223 28.6944
216 223 28.6944
231 223 28.6944
233 223 28.6944
242 223 28.6944
243 223 28.6944
250 223 66.8896
255 223 40.1606
256 223 40.1606
306 223 40.1606
307 223 40.1606
308 223 40.1606
352 223 200
356 223 200
359 223 66.8896
363 223 40.1606
420 223 66.8896
455 223 40.1606
501 223 40.1606
521 223 40.1606
532 223 40.1606
537 223 28.6944
625 223 22.3214
10 224 13.3958
33 224 15.456
34 224 15.456
66 224 15.456
67 224 15.456
68 224 15.456
132 224 22.3214
140 224 22.3214
141 224 22.3214
161 224 22.3214
171 224 28.6944
172 224 28.6944
175 224 18.2648
203 224 28.6944
231 224 28.6944
233 224 28.6944
245 224 28.6944
250 224 66.8896
255 224 40.1606
256 224 40.1606
302 224 28.6944
307 224 40.1606
308 224 40.1606
356 224 200
359 224 66.8896
362 224 40.1606
363 224 40.1606
373 224 200
381 224 200
385 224 66.8896
412 224 200
413 224 200
418 224 66.8896
420 224 66.8896
421 224 66.8896
427 224 28.6944
446 224 200
447 224 200
455 224 40.1606
457 224 28.6944
458 224 28.6944
501 224 40.1606
521 224 40.1606
532 224 40.1606
537 224 28.6944
625 224 22.3214
33 225 15.456
34 225 15.456
45 225 13.3958
62 225 15.456
132 225 22.3214
141 225 22.3214
160 225 22.3214
161 225 22.3214
171 225 28.6944
172 225 28.6944
202 225 28.6944
203 225 28.6944
255 225 40.1606
307 225 40.1606
308 225 40.1606
345 225 40.1606
363 225 40.1606
373 225 200
376 225 200
381 225 200
385 225 66.8896
411 225 200
420 225 66.8896
421 225 66.8896
423 225 66.8896
424 225 40.1606
427 225 28.6944
428 225 28.6944
429 225 28.6944
445 225 200
446 225 200
447 225 200
450 225 66.8896
451 225 66.8896
452 225 28.6944
455 225 28.6944
456 225 28.6944
457 225 28.6944
458 225 28.6944
460 225 18.2648
461 225 15.456
462 225 15.456
501 225 40.1606
537 225 28.6944
9 226 13.3958
62 226 15.456
64 226 15.456
133 226 22.3214
141 226 22.3214
160 226 22.3214
171 226 28.6944
172 226 28.6944
202 226 28.6944
253 226 28.6944
254 226 40.1606
298 226 40.1606
299 226 40.1606
301 226 40.1606
302 226 40.1606
376 226 200
381 226 200
385 226 66.8896
387 226 66.8896
410 226 66.8896
421 226 66.8896
424 226 40.1606
425 226 28.6944
429 226 28.6944
446 226 200
447 226 200
450 226 66.8896
451 226 66.8896
454 226 40.1606
458 226 28.6944
459 226 22.3214
460 226 18.2648
461 226 15.456
462 226 15.456
467 226 6.93001
468 226 6.93001
469 226 6.93001
470 226 6.93001
471 226 6.48298
501 226 40.1606
524 226 28.6944
537 226 28.6944
625 226 22.3214
8 227 13.3958
9 227 13.3958
11 227 13.3958
55 227 15.456
64 227 15.456
65 227 15.456
133 227 22.3214
141 227 22.3214
150 227 22.3214
151 227 22.3214
160 227 22.3214
171 227 28.6944
172 227 28.6944
253 227 40.1606
304 227 40.1606
381 227 200
384 227 66.8896
385 227 66.8896
403 227 15.456
404 227 15.456
408 227 66.8896
409 227 66.8896
421 227 66.8896
429 227 28.6944
447 227 200
450 227 66.8896
451 227 40.1606
454 227 40.1606
455 227 28.6944
495 227 66.8896
501 227 40.1606
532 227 40.1606
537 227 28.6944
18 228 13.3958
33 228 13.3958
45 228 13.3958
55 228 15.456
65 228 15.456
68 228 18.2648
71 228 15.456
72 228 15.456
133 228 22.3214
141 228 22.3214
142 228 22.3214
150 228 22.3214
159 228 22.3214
160 228 22.3214
171 228 28.6944
172 228 28.6944
304 228 40.1606
381 228 200
384 228 66.8896
385 228 66.8896
435 228 6.09013
451 228 40.1606
478 228 5.74218
501 228 40.1606
521 228 40.1606
532 228 40.1606
537 228 28.6944
18 229 13.3958
71 229 15.456
72 229 15.456
134 229 22.3214
141 229 22.3214
142 229 22.3214
159 229 22.3214
160 229 22.3214
171 229 28.6944
172 229 28.6944
211 229 40.1606
245 229 22.3214
316 229 40.1606
354 229 40.1606
372 229 40.1606
373 229 40.1606
377 229 40.1606
453 229 28.6944
521 229 40.1606
532 229 40.1606
537 229 28.6944
16 230 13.3958
18 230 13.3958
39 230 15.456
40 230 15.456
57 230 15.456
58 230 13.3958
71 230 15.456
73 230 15.456
133 230 22.3214
134 230 22.3214
142 230 22.3214
159 230 22.3214
160 230 22.3214
191 230 28.6944
195 230 66.8896
200 230 28.6944
203 230 22.3214
209 230 40.1606
211 230 40.1606
242 230 28.6944
245 230 22.3214
316 230 40.1606
372 230 40.1606
373 230 40.1606
379 230 40.1606
421 230 40.1606
424 230 40.1606
453 230 40.1606
521 230 40.1606
537 230 28.6944
12 231 13.3958
40 231 15.456
58 231 15.456
73 231 15.456
74 231 15.456
133 231 22.3214
134 231 22.3214
159 231 28.6944
160 231 28.6944
191 231 28.6944
193 231 28.6944
200 231 28.6944
242 231 28.6944
245 231 22.3214
346 231 200
352 231 40.1606
353 231 40.1606
373 231 40.1606
379 231 40.1606
380 231 40.1606
421 231 66.8896
438 231 40.1606
445 231 200
448 231 66.8896
452 231 40.1606
453 231 40.1606
455 231 40.1606
521 231 40.1606
537 231 28.6944
12 232 13.3958
24 232 13.3958
40 232 15.456
73 232 15.456
74 232 15.456
134 232 22.3214
152 232 28.6944
156 232 18.2648
159 232 28.6944
160 232 28.6944
163 232 18.2648
167 232 22.3214
242 232 28.6944
243 232 28.6944
245 232 22.3214
351 232 40.1606
352 232 40.1606
371 232 40.1606
375 232 40.1606
388 232 7.44324
422 232 40.1606
426 232 40.1606
435 232 200
437 232 66.8896
438 232 40.1606
439 232 40.1606
444 232 200
445 232 200
447 232 66.8896
448 232 66.8896
452 232 40.1606
453 232 40.1606
455 232 40.1606
521 232 40.1606
537 232 28.6944
40 233 13.3958
45 233 13.3958
55 233 15.456
56 233 15.456
74 233 15.456
135 233 22.3214
152 233 28.6944
160 233 28.6944
242 233 28.6944
245 233 22.3214
352 233 40.1606
375 233 10.5764
422 233 40.1606
426 233 40.1606
428 233 40.1606
438 233 40.1606
447 233 66.8896
448 233 66.8896
452 233 40.1606
453 233 40.1606
455 233 40.1606
537 233 28.6944
40 234 13.3958
56 234 15.456
57 234 15.456
67 234 15.456
74 234 15.456
168 234 22.3214
169 234 22.3214
191 234 28.6944
195 234 28.6944
196 234 28.6944
219 234 28.6944
242 234 28.6944
245 234 22.3214
384 234 8.03858
422 234 40.1606
426 234 40.1606
428 234 40.1606
447 234 66.8896
448 234 66.8896
452 234 40.1606
453 234 40.1606
455 234 40.1606
537 234 28.6944
10 235 13.3958
11 235 13.3958
27 235 13.3958
40 235 13.3958
41 235 13.3958
42 235 13.3958
58 235 15.456
74 235 18.2648
218 235 28.6944
219 235 28.6944
242 235 28.6944
243 235 28.6944
245 235 22.3214
422 235 40.1606
426 235 28.6944
452 235 40.1606
453 235 40.1606
455 235 40.1606
537 235 28.6944
625 235 22.3214
5 236 15.456
11 236 13.3958
12 236 13.3958
41 236 13.3958
45 236 13.3958
58 236 15.456
60 236 15.456
66 236 15.456
74 236 18.2648
242 236 28.6944
243 236 28.6944
245 236 28.6944
422 236 40.1606
453 236 40.1606
534 236 28.6944
537 236 28.6944
538 236 28.6944
4 237 15.456
5 237 15.456
27 237 13.3958
61 237 13.3958
73 237 18.2648
93 237 18.2648
242 237 28.6944
243 237 28.6944
245 237 28.6944
246 237 22.3214
534 237 28.6944
537 237 28.6944
9 238 13.3958
10 238 13.3958
65 238 18.2648
73 238 18.2648
242 238 28.6944
243 238 28.6944
245 238 28.6944
246 238 22.3214
448 238 28.6944
625 238 22.3214
10 239 13.3958
20 239 13.3958
69 239 15.456
215 239 22.3214
242 239 28.6944
243 239 28.6944
245 239 28.6944
246 239 22.3214
448 239 28.6944
625 239 22.3214
242 240 28.6944
243 240 28.6944
245 240 28.6944
250 240 15.456
625 240 22.3214
34 241 13.3958
38 241 13.3958
56 241 15.456
126 241 18.2648
152 241 18.2648
242 241 28.6944
243 241 28.6944
625 241 22.3214
56 242 15.456
57 242 15.456
63 242 15.456
133 242 18.2648
134 242 18.2648
140 242 18.2648
625 242 22.3214
6 243 13.3958
27 243 13.3958
31 243 18.2648
57 243 15.456
63 243 15.456
115 243 15.456
116 243 15.456
362 243 28.6944
115 244 15.456
116 244 15.456
126 244 18.2648
625 244 22.3214
45 245 13.3958
46 245 13.3958
116 245 15.456
353 245 28.6944
625 245 22.3214
13 246 13.3958
212 246 22.3214
69 247 15.456
22 248 13.3958
23 248 13.3958
25 248 13.3958
69 248 15.456
343 248 28.6944
345 248 28.6944
16 249 13.3958
23 249 13.3958
25 249 13.3958
37 249 13.3958
60 249 15.456
64 249 15.456
69 249 15.456
70 249 15.456
87 249 15.456
23 250 13.3958
29 250 13.3958
37 250 13.3958
60 250 15.456
64 250 15.456
65 250 15.456
69 250 15.456
13 251 13.3958
23 251 13.3958
23 252 13.3958
48 252 13.3958
23 253 13.3958
30 253 13.3958
47 253 13.3958
48 253 13.3958
9 254 13.3958
19 254 18.2648
23 254 13.3958
47 254 13.3958
104 254 15.456
105 254 15.456
494 254 18.2648
9 255 13.3958
10 255 13.3958
22 255 13.3958
23 255 13.3958
26 255 13.3958
159 255 18.2648
319 255 22.3214
10 256 13.3958
23 256 13.3958
41 257 13.3958
39 259 13.3958
39 260 13.3958
40 260 13.3958
304 260 18.2648
304 261 18.2648
12 262 13.3958
41 263 13.3958
13 264 13.3958
14 264 13.3958
41 264 13.3958
14 265 13.3958
41 265 13.3958
14 266 13.3958
24 266 13.3958
42 266 13.3958
185 266 15.456
55 267 13.3958
56 267 13.3958
57 267 13.3958
58 267 13.3958
59 267 13.3958
286 267 15.456
287 267 15.456
509 267 15.456
54 268 13.3958
55 268 13.3958
56 268 13.3958
58 268 13.3958
59 268 13.3958
286 268 15.456
287 268 15.456
54 269 13.3958
67 269 13.3958
170 269 15.456
47 270 13.3958
48 270 13.3958
49 270 13.3958
61 270 13.3958
47 271 13.3958
48 271 13.3958
49 271 13.3958
50 271 13.3958
56 271 13.3958
61 271 13.3958
53 272 8.73744
516 272 13.3958
518 274 13.3958
146 275 13.3958
266 275 13.3958
266 276 13.3958
267 276 13.3958
526 280 11.8203
141 281 13.3958
113 283 11.8203
237 287 11.8203
238 287 11.8203
239 287 11.8203
238 288 11.8203
239 288 11.8203
102 290 11.8203
230 295 10.5764
231 295 10.5764
76 296 10.5764
77 296 10.5764
82 296 10.5764
83 296 10.5764
84 296 10.5764
83 297 10.5764
47 302 9.56938
32 303 9.56938
43 303 9.56938
44 303 9.56938
47 303 9.56938
201 303 9.56938
202 303 9.56938
32 304 9.56938
33 304 9.56938
44 304 9.56938
45 304 9.56938
201 304 9.56938
202 304 9.56938
208 304 9.56938
209 304 9.56938
210 304 9.56938
33 305 9.56938
45 305 9.56938
7 309 8.73744
8 309 8.73744
475 311 8.73744
18 312 8.73744
15 313 8.73744
179 315 8.03858
188 315 8.03858
189 315 8.03858
10 316 8.73744
480 319 8.03858
77 329 7.44324
78 329 7.44324
145 329 7.44324
146 329 7.44324
145 330 7.44324
146 330 7.44324
150 330 7.44324
151 330 7.44324
152 330 7.44324
155 330 7.44324
156 330 7.44324
157 330 7.44324
588 330 7.44324
146 331 7.44324
155 331 7.44324
156 331 7.44324
542 332 7.44324
592 335 7.44324
595 335 6.93001
528 336 6.93001
595 336 6.93001
69 338 6.93001
71 338 6.93001
67 339 6.93001
68 339 6.93001
71 339 6.93001
527 339 6.93001
67 340 6.93001
68 340 6.93001
497 343 6.93001
498 343 6.93001
508 343 6.48298
539 343 6.48298
53 347 6.48298
107 347 6.48298
108 347 6.48298
108 348 6.48298
112 348 6.09013
122 348 6.09013
616 349 6.48298
616 350 6.48298
620 350 6.09013
96 352 6.09013
204 352 6.09013
201 353 6.09013
629 355 6.09013
630 355 6.09013
633 356 6.09013
626 357 6.48298
631 357 6.09013
632 357 6.09013
626 358 6.48298
631 358 6.09013
634 358 5.74218
635 358 5.74218
48 374 5.15331
49 374 5.15331
50 374 5.15331
48 375 5.15331
49 375 5.15331
50 375 5.15331
52 375 5.15331
55 375 5.43183
56 375 5.43183
57 375 5.43183
58 375 5.43183
59 375 5.43183
60 375 5.43183
62 375 5.43183
63 375 5.15331
64 375 5.15331
67 375 5.15331
68 375 5.15331
69 375 5.15331
70 375 5.15331
48 376 5.15331
49 376 5.15331
50 376 5.15331
51 376 5.15331
52 376 5.15331
53 376 5.15331
57 376 5.43183
58 376 5.43183
61 376 5.43183
62 376 5.43183
63 376 5.15331
64 376 5.15331
65 376 5.43183
99 376 5.15331
94 378 5.15331
95 378 5.15331
152 396 4.67399
152 397 4.67399
150 405 4.27625
151 406 4.27625
152 406 4.27625
147 407 4.27625
148 407 4.27625
147 408 4.27625
148 408 4.27625
149 408 4.27625
417 410 4.27625
178 423 3.94089
207 424 3.94089
205 425 3.94089
115 431 3.79219
115 432 3.79219
116 432 3.79219
117 432 3.79219
115 433 3.79219
376 438 3.79219
313 454 3.52609
365 459 3.40657
554 462 3.40657
175 469 3.29489
176 469 3.29489
177 469 3.29489
178 469 3.29489
179 469 3.29489
169 470 3.52609
179 470 3.29489
180 470 3.1903
172 471 3.40657
174 471 3.29489
175 471 3.29489
179 471 3.1903
171 472 3.40657
175 472 3.1903
176 472 3.1903
175 473 3.1903
176 473 3.1903
177 473 3.1903
178 473 3.1903
174 474 3.1903
175 474 3.1903
176 474 3.1903
168 476 3.1903
169 476 3.1903
175 476 3.1903
