8 3 18.2648
21 3 18.2648
25 3 18.2648
33 3 18.2648
34 3 18.2648
46 3 18.2648
50 3 18.2648
133 3 22.3214
134 3 22.3214
150 3 28.6944
155 3 28.6944
156 3 28.6944
165 3 28.6944
166 3 28.6944
168 3 28.6944
170 3 28.6944
172 3 28.6944
235 3 40.1606
236 3 40.1606
522 3 40.1606
604 3 10.5764
8 4 18.2648
21 4 18.2648
22 4 18.2648
25 4 18.2648
34 4 18.2648
46 4 18.2648
50 4 18.2648
113 4 22.3214
134 4 22.3214
143 4 22.3214
150 4 28.6944
155 4 28.6944
156 4 28.6944
165 4 28.6944
166 4 28.6944
170 4 28.6944
172 4 28.6944
236 4 40.1606
237 4 40.1606
522 4 40.1606
531 4 40.1606
560 4 28.6944
636 4 9.56938
8 5 18.2648
21 5 18.2648
22 5 18.2648
25 5 18.2648
34 5 18.2648
46 5 18.2648
50 5 18.2648
145 5 22.3214
153 5 40.1606
156 5 28.6944
166 5 28.6944
203 5 40.1606
237 5 40.1606
238 5 40.1606
530 5 40.1606
531 5 40.1606
636 5 9.56938
637 5 9.56938
8 6 18.2648
12 6 18.2648
21 6 18.2648
22 6 18.2648
25 6 18.2648
34 6 18.2648
46 6 18.2648
50 6 18.2648
153 6 40.1606
156 6 28.6944
238 6 40.1606
239 6 40.1606
522 6 40.1606
530 6 40.1606
637 6 9.56938
8 7 18.2648
12 7 18.2648
21 7 18.2648
22 7 18.2648
25 7 18.2648
34 7 18.2648
46 7 18.2648
50 7 18.2648
156 7 28.6944
239 7 40.1606
240 7 40.1606
518 7 66.8896
526 7 66.8896
530 7 40.1606
8 8 18.2648
12 8 18.2648
22 8 18.2648
25 8 18.2648
34 8 18.2648
46 8 18.2648
50 8 18.2648
156 8 28.6944
173 8 28.6944
240 8 40.1606
241 8 40.1606
530 8 40.1606
635 8 10.5764
12 9 18.2648
34 9 18.2648
46 9 18.2648
50 9 18.2648
156 9 28.6944
166 9 28.6944
198 9 28.6944
219 9 40.1606
241 9 40.1606
242 9 40.1606
530 9 40.1606
615 9 10.5764
616 9 10.5764
636 9 10.5764
22 10 18.2648
34 10 18.2648
46 10 18.2648
50 10 18.2648
166 10 28.6944
198 10 28.6944
216 10 28.6944
242 10 40.1606
243 10 40.1606
530 10 40.1606
632 10 11.8203
22 11 18.2648
34 11 18.2648
46 11 18.2648
50 11 18.2648
65 11 22.3214
135 11 22.3214
166 11 28.6944
170 11 28.6944
216 11 28.6944
221 11 40.1606
244 11 40.1606
530 11 40.1606
618 11 10.5764
21 12 18.2648
22 12 18.2648
34 12 18.2648
46 12 18.2648
50 12 18.2648
65 12 22.3214
66 12 22.3214
166 12 28.6944
170 12 28.6944
172 12 28.6944
173 12 28.6944
215 12 28.6944
245 12 40.1606
21 13 18.2648
22 13 18.2648
34 13 18.2648
46 13 18.2648
50 13 18.2648
65 13 22.3214
66 13 22.3214
156 13 28.6944
166 13 28.6944
170 13 28.6944
241 13 40.1606
246 13 40.1606
527 13 40.1606
21 14 18.2648
22 14 18.2648
34 14 18.2648
46 14 18.2648
50 14 18.2648
66 14 22.3214
130 14 22.3214
156 14 28.6944
157 14 28.6944
163 14 22.3214
166 14 28.6944
170 14 28.6944
229 14 40.1606
241 14 40.1606
247 14 40.1606
248 14 40.1606
526 14 40.1606
530 14 40.1606
626 14 10.5764
22 15 18.2648
34 15 18.2648
46 15 18.2648
50 15 18.2648
129 15 22.3214
130 15 22.3214
135 15 22.3214
166 15 28.6944
170 15 28.6944
229 15 40.1606
241 15 40.1606
242 15 40.1606
248 15 40.1606
249 15 40.1606
526 15 40.1606
627 15 10.5764
21 16 18.2648
22 16 18.2648
23 16 18.2648
34 16 18.2648
46 16 18.2648
50 16 18.2648
129 16 22.3214
134 16 22.3214
135 16 22.3214
161 16 22.3214
166 16 28.6944
170 16 28.6944
173 16 28.6944
249 16 40.1606
526 16 40.1606
21 17 18.2648
22 17 18.2648
23 17 18.2648
34 17 18.2648
46 17 18.2648
50 17 18.2648
128 17 22.3214
160 17 28.6944
161 17 28.6944
166 17 28.6944
170 17 28.6944
173 17 28.6944
234 17 22.3214
239 17 66.8896
243 17 200
244 17 200
250 17 40.1606
251 17 40.1606
620 17 22.3214
21 18 18.2648
22 18 18.2648
34 18 18.2648
46 18 18.2648
50 18 18.2648
133 18 22.3214
161 18 28.6944
170 18 28.6944
173 18 28.6944
244 18 200
251 18 40.1606
526 18 40.1606
619 18 22.3214
21 19 18.2648
22 19 18.2648
34 19 18.2648
46 19 18.2648
50 19 18.2648
133 19 22.3214
161 19 28.6944
170 19 28.6944
172 19 28.6944
173 19 28.6944
244 19 200
245 19 200
252 19 40.1606
253 19 40.1606
515 19 40.1606
526 19 40.1606
618 19 22.3214
22 20 18.2648
34 20 18.2648
46 20 18.2648
50 20 18.2648
66 20 22.3214
161 20 28.6944
164 20 200
173 20 28.6944
231 20 40.1606
247 20 200
253 20 40.1606
254 20 40.1606
290 20 15.456
515 20 40.1606
526 20 40.1606
22 21 18.2648
34 21 18.2648
46 21 18.2648
50 21 18.2648
173 21 28.6944
231 21 40.1606
236 21 40.1606
247 21 200
248 21 200
254 21 40.1606
255 21 40.1606
290 21 15.456
526 21 40.1606
616 21 22.3214
22 22 18.2648
34 22 18.2648
46 22 18.2648
50 22 18.2648
126 22 22.3214
128 22 22.3214
129 22 22.3214
236 22 40.1606
248 22 200
249 22 200
255 22 40.1606
256 22 40.1606
290 22 15.456
291 22 15.456
519 22 66.8896
522 22 40.1606
526 22 40.1606
615 22 22.3214
632 22 10.5764
635 22 10.5764
22 23 18.2648
34 23 18.2648
46 23 18.2648
50 23 18.2648
115 23 22.3214
185 23 28.6944
249 23 200
256 23 40.1606
257 23 40.1606
291 23 18.2648
633 23 10.5764
22 24 18.2648
34 24 18.2648
46 24 18.2648
50 24 18.2648
111 24 22.3214
185 24 28.6944
188 24 28.6944
236 24 40.1606
239 24 28.6944
250 24 200
257 24 40.1606
258 24 40.1606
634 24 10.5764
22 25 18.2648
26 25 18.2648
34 25 18.2648
46 25 18.2648
50 25 18.2648
93 25 22.3214
94 25 22.3214
185 25 28.6944
189 25 28.6944
236 25 40.1606
251 25 200
258 25 40.1606
259 25 40.1606
273 25 15.456
291 25 28.6944
292 25 28.6944
631 25 11.8203
635 25 10.5764
26 26 18.2648
34 26 18.2648
35 26 18.2648
50 26 18.2648
93 26 22.3214
94 26 22.3214
95 26 22.3214
143 26 22.3214
189 26 28.6944
190 26 28.6944
220 26 28.6944
236 26 40.1606
251 26 200
252 26 200
259 26 40.1606
260 26 40.1606
274 26 18.2648
284 26 22.3214
285 26 22.3214
286 26 22.3214
287 26 22.3214
288 26 22.3214
291 26 28.6944
292 26 28.6944
636 26 10.5764
19 27 18.2648
34 27 18.2648
35 27 18.2648
50 27 18.2648
51 27 18.2648
93 27 22.3214
94 27 22.3214
187 27 40.1606
190 27 28.6944
221 27 28.6944
222 27 28.6944
236 27 40.1606
253 27 200
254 27 200
260 27 40.1606
261 27 40.1606
277 27 28.6944
282 27 28.6944
283 27 28.6944
289 27 28.6944
290 27 28.6944
291 27 28.6944
292 27 28.6944
637 27 10.5764
20 28 18.2648
34 28 18.2648
35 28 18.2648
50 28 18.2648
93 28 22.3214
94 28 22.3214
189 28 40.1606
223 28 28.6944
236 28 40.1606
254 28 200
261 28 40.1606
262 28 40.1606
272 28 18.2648
273 28 18.2648
275 28 28.6944
281 28 28.6944
282 28 28.6944
283 28 28.6944
561 28 28.6944
637 28 10.5764
30 29 28.6944
35 29 18.2648
47 29 18.2648
50 29 18.2648
51 29 18.2648
93 29 22.3214
94 29 22.3214
148 29 22.3214
189 29 40.1606
224 29 28.6944
255 29 200
262 29 40.1606
263 29 40.1606
279 29 28.6944
280 29 28.6944
281 29 28.6944
288 29 40.1606
289 29 28.6944
35 30 18.2648
47 30 18.2648
50 30 22.3214
51 30 22.3214
93 30 22.3214
94 30 22.3214
225 30 28.6944
233 30 18.2648
236 30 40.1606
256 30 200
257 30 200
263 30 40.1606
264 30 40.1606
277 30 28.6944
278 30 28.6944
279 30 28.6944
531 30 40.1606
47 31 18.2648
66 31 22.3214
93 31 22.3214
166 31 28.6944
167 31 28.6944
169 31 28.6944
236 31 40.1606
257 31 200
264 31 40.1606
265 31 40.1606
273 31 28.6944
276 31 28.6944
286 31 66.8896
531 31 40.1606
51 32 22.3214
66 32 22.3214
67 32 22.3214
93 32 22.3214
94 32 22.3214
167 32 28.6944
236 32 40.1606
241 32 40.1606
248 32 40.1606
258 32 200
265 32 40.1606
270 32 28.6944
271 32 28.6944
527 32 66.8896
530 32 40.1606
531 32 40.1606
47 33 18.2648
66 33 22.3214
67 33 22.3214
93 33 22.3214
94 33 22.3214
172 33 28.6944
228 33 28.6944
236 33 40.1606
241 33 40.1606
259 33 200
266 33 40.1606
267 33 40.1606
270 33 28.6944
271 33 28.6944
283 33 200
531 33 40.1606
637 33 11.8203
47 34 18.2648
51 34 22.3214
93 34 22.3214
156 34 22.3214
236 34 40.1606
241 34 40.1606
259 34 200
260 34 200
267 34 40.1606
268 34 40.1606
47 35 18.2648
51 35 22.3214
93 35 22.3214
157 35 22.3214
158 35 22.3214
174 35 28.6944
214 35 28.6944
215 35 28.6944
236 35 40.1606
241 35 40.1606
244 35 28.6944
260 35 200
261 35 200
268 35 40.1606
269 35 40.1606
47 36 18.2648
51 36 22.3214
79 36 22.3214
93 36 22.3214
113 36 22.3214
145 36 22.3214
146 36 22.3214
176 36 28.6944
241 36 40.1606
262 36 200
269 36 40.1606
270 36 40.1606
19 37 18.2648
47 37 18.2648
51 37 22.3214
80 37 22.3214
84 37 13.3958
93 37 22.3214
113 37 22.3214
139 37 22.3214
171 37 28.6944
176 37 28.6944
177 37 28.6944
213 37 40.1606
270 37 40.1606
271 37 40.1606
527 37 40.1606
44 38 18.2648
47 38 18.2648
51 38 22.3214
80 38 22.3214
85 38 13.3958
93 38 22.3214
94 38 22.3214
137 38 28.6944
171 38 28.6944
177 38 28.6944
213 38 40.1606
271 38 40.1606
272 38 40.1606
527 38 40.1606
20 39 18.2648
21 39 18.2648
47 39 18.2648
51 39 18.2648
81 39 22.3214
87 39 13.3958
93 39 22.3214
94 39 22.3214
136 39 28.6944
137 39 28.6944
171 39 28.6944
177 39 28.6944
212 39 40.1606
213 39 40.1606
265 39 200
270 39 40.1606
272 39 40.1606
273 39 40.1606
526 39 40.1606
47 40 18.2648
51 40 18.2648
81 40 22.3214
83 40 18.2648
88 40 15.456
94 40 22.3214
136 40 28.6944
137 40 28.6944
171 40 28.6944
173 40 28.6944
177 40 28.6944
202 40 28.6944
266 40 200
273 40 40.1606
274 40 40.1606
526 40 40.1606
47 41 18.2648
51 41 18.2648
74 41 40.1606
80 41 22.3214
81 41 22.3214
83 41 22.3214
171 41 28.6944
173 41 28.6944
185 41 28.6944
202 41 28.6944
203 41 28.6944
267 41 200
274 41 40.1606
275 41 40.1606
526 41 40.1606
10 42 15.456
11 42 15.456
12 42 15.456
13 42 15.456
14 42 15.456
15 42 15.456
16 42 15.456
17 42 15.456
47 42 18.2648
51 42 18.2648
74 42 40.1606
80 42 22.3214
83 42 22.3214
93 42 22.3214
171 42 28.6944
173 42 28.6944
203 42 28.6944
205 42 28.6944
212 42 40.1606
268 42 200
273 42 40.1606
275 42 40.1606
276 42 40.1606
526 42 40.1606
533 42 22.3214
47 43 18.2648
51 43 18.2648
74 43 40.1606
80 43 22.3214
93 43 22.3214
94 43 22.3214
168 43 28.6944
171 43 28.6944
173 43 28.6944
203 43 28.6944
212 43 40.1606
260 43 40.1606
269 43 200
274 43 40.1606
276 43 40.1606
277 43 40.1606
522 43 66.8896
533 43 22.3214
12 44 15.456
47 44 18.2648
51 44 18.2648
74 44 40.1606
75 44 40.1606
80 44 22.3214
84 44 22.3214
85 44 22.3214
93 44 22.3214
94 44 22.3214
171 44 28.6944
173 44 28.6944
191 44 28.6944
203 44 28.6944
212 44 40.1606
239 44 40.1606
270 44 200
275 44 66.8896
277 44 40.1606
278 44 40.1606
522 44 66.8896
47 45 18.2648
51 45 18.2648
80 45 22.3214
85 45 22.3214
88 45 22.3214
89 45 22.3214
94 45 22.3214
119 45 22.3214
171 45 28.6944
173 45 28.6944
212 45 40.1606
237 45 40.1606
258 45 40.1606
271 45 200
276 45 66.8896
278 45 40.1606
279 45 40.1606
522 45 66.8896
47 46 18.2648
51 46 18.2648
80 46 22.3214
85 46 22.3214
88 46 22.3214
89 46 22.3214
94 46 22.3214
119 46 22.3214
171 46 28.6944
173 46 28.6944
212 46 40.1606
237 46 40.1606
272 46 200
277 46 66.8896
279 46 40.1606
280 46 40.1606
532 46 22.3214
47 47 18.2648
51 47 18.2648
65 47 22.3214
75 47 40.1606
80 47 22.3214
85 47 22.3214
89 47 22.3214
119 47 22.3214
136 47 28.6944
171 47 28.6944
173 47 28.6944
212 47 40.1606
237 47 40.1606
273 47 200
278 47 66.8896
280 47 40.1606
281 47 40.1606
47 48 18.2648
51 48 18.2648
65 48 22.3214
80 48 22.3214
85 48 22.3214
89 48 22.3214
126 48 28.6944
135 48 28.6944
136 48 28.6944
171 48 28.6944
173 48 28.6944
213 48 40.1606
237 48 40.1606
274 48 200
279 48 66.8896
281 48 40.1606
47 49 18.2648
51 49 18.2648
80 49 22.3214
89 49 22.3214
126 49 28.6944
127 49 28.6944
135 49 28.6944
136 49 28.6944
171 49 28.6944
173 49 28.6944
213 49 40.1606
222 49 40.1606
235 49 40.1606
237 49 40.1606
275 49 200
280 49 66.8896
282 49 40.1606
47 50 18.2648
51 50 18.2648
80 50 22.3214
86 50 22.3214
89 50 22.3214
126 50 28.6944
127 50 28.6944
135 50 28.6944
136 50 28.6944
171 50 28.6944
173 50 28.6944
174 50 28.6944
235 50 40.1606
237 50 40.1606
276 50 200
281 50 66.8896
283 50 40.1606
47 51 18.2648
51 51 18.2648
86 51 22.3214
89 51 22.3214
90 51 22.3214
126 51 28.6944
127 51 28.6944
136 51 28.6944
171 51 28.6944
220 51 40.1606
237 51 40.1606
277 51 200
282 51 66.8896
284 51 40.1606
519 51 40.1606
47 52 18.2648
51 52 18.2648
86 52 22.3214
89 52 22.3214
90 52 22.3214
126 52 28.6944
136 52 28.6944
171 52 28.6944
173 52 28.6944
174 52 28.6944
207 52 28.6944
225 52 40.1606
237 52 40.1606
278 52 200
283 52 66.8896
285 52 40.1606
519 52 40.1606
47 53 18.2648
51 53 22.3214
52 53 22.3214
90 53 22.3214
126 53 28.6944
136 53 28.6944
171 53 28.6944
174 53 28.6944
234 53 22.3214
237 53 40.1606
279 53 200
284 53 66.8896
286 53 40.1606
47 54 18.2648
92 54 22.3214
126 54 28.6944
136 54 28.6944
171 54 28.6944
174 54 28.6944
222 54 40.1606
234 54 22.3214
237 54 40.1606
280 54 200
285 54 66.8896
287 54 40.1606
632 54 28.6944
92 55 22.3214
126 55 28.6944
136 55 28.6944
171 55 28.6944
174 55 28.6944
222 55 40.1606
229 55 40.1606
234 55 22.3214
237 55 40.1606
281 55 200
286 55 66.8896
288 55 40.1606
531 55 40.1606
126 56 28.6944
136 56 28.6944
174 56 28.6944
222 56 40.1606
229 56 40.1606
230 56 40.1606
237 56 40.1606
282 56 200
287 56 66.8896
289 56 40.1606
502 56 66.8896
531 56 40.1606
48 57 18.2648
51 57 18.2648
136 57 28.6944
169 57 28.6944
174 57 28.6944
222 57 40.1606
229 57 40.1606
230 57 40.1606
237 57 40.1606
240 57 40.1606
283 57 200
288 57 66.8896
290 57 40.1606
47 58 18.2648
48 58 18.2648
51 58 22.3214
136 58 28.6944
152 58 28.6944
167 58 28.6944
174 58 28.6944
199 58 28.6944
220 58 40.1606
222 58 40.1606
225 58 22.3214
229 58 40.1606
230 58 40.1606
235 58 40.1606
237 58 40.1606
240 58 40.1606
257 58 40.1606
284 58 200
289 58 66.8896
291 58 66.8896
501 58 66.8896
47 59 18.2648
48 59 18.2648
136 59 28.6944
152 59 28.6944
157 59 28.6944
167 59 28.6944
174 59 28.6944
199 59 28.6944
220 59 40.1606
222 59 40.1606
235 59 40.1606
237 59 40.1606
258 59 40.1606
285 59 200
289 59 66.8896
290 59 66.8896
292 59 66.8896
47 60 18.2648
48 60 18.2648
51 60 22.3214
52 60 22.3214
97 60 22.3214
98 60 22.3214
136 60 28.6944
152 60 28.6944
156 60 28.6944
157 60 28.6944
158 60 28.6944
167 60 28.6944
217 60 66.8896
218 60 66.8896
230 60 40.1606
235 60 40.1606
237 60 40.1606
259 60 40.1606
286 60 200
290 60 66.8896
291 60 66.8896
293 60 66.8896
500 60 66.8896
97 61 22.3214
98 61 22.3214
126 61 28.6944
127 61 28.6944
152 61 28.6944
157 61 28.6944
218 61 66.8896
235 61 40.1606
237 61 40.1606
260 61 40.1606
261 61 40.1606
265 61 28.6944
287 61 200
291 61 66.8896
292 61 66.8896
48 62 18.2648
52 62 22.3214
98 62 22.3214
126 62 28.6944
127 62 28.6944
130 62 28.6944
152 62 28.6944
157 62 28.6944
175 62 28.6944
219 62 66.8896
235 62 40.1606
237 62 40.1606
262 62 40.1606
288 62 200
292 62 66.8896
295 62 40.1606
48 63 18.2648
52 63 22.3214
113 63 22.3214
116 63 22.3214
117 63 22.3214
127 63 28.6944
130 63 28.6944
152 63 28.6944
154 63 28.6944
157 63 28.6944
167 63 28.6944
175 63 28.6944
220 63 66.8896
227 63 66.8896
228 63 66.8896
237 63 40.1606
273 63 66.8896
276 63 40.1606
289 63 200
293 63 66.8896
295 63 66.8896
296 63 40.1606
541 63 22.3214
47 64 18.2648
48 64 18.2648
52 64 22.3214
113 64 22.3214
116 64 22.3214
117 64 22.3214
157 64 28.6944
158 64 28.6944
167 64 28.6944
235 64 40.1606
237 64 40.1606
250 64 40.1606
272 64 66.8896
289 64 200
290 64 200
294 64 66.8896
541 64 22.3214
47 65 18.2648
52 65 22.3214
116 65 22.3214
158 65 28.6944
167 65 28.6944
235 65 40.1606
249 65 40.1606
250 65 40.1606
290 65 200
291 65 200
295 65 66.8896
525 65 22.3214
48 66 18.2648
52 66 22.3214
116 66 22.3214
136 66 28.6944
167 66 28.6944
172 66 28.6944
174 66 28.6944
230 66 40.1606
234 66 28.6944
237 66 40.1606
249 66 40.1606
291 66 200
295 66 66.8896
296 66 66.8896
536 66 28.6944
3 67 18.2648
48 67 18.2648
116 67 22.3214
117 67 22.3214
136 67 28.6944
167 67 28.6944
172 67 28.6944
174 67 28.6944
231 67 40.1606
232 67 40.1606
237 67 40.1606
249 67 40.1606
252 67 40.1606
289 67 66.8896
291 67 66.8896
293 67 66.8896
294 67 66.8896
295 67 66.8896
536 67 28.6944
3 68 18.2648
4 68 18.2648
48 68 18.2648
52 68 22.3214
116 68 22.3214
117 68 22.3214
158 68 28.6944
167 68 28.6944
174 68 28.6944
231 68 40.1606
232 68 40.1606
237 68 40.1606
252 68 40.1606
289 68 66.8896
293 68 66.8896
294 68 66.8896
3 69 18.2648
4 69 18.2648
48 69 18.2648
52 69 22.3214
158 69 28.6944
167 69 28.6944
174 69 28.6944
237 69 40.1606
289 69 66.8896
3 70 18.2648
4 70 18.2648
48 70 18.2648
52 70 18.2648
110 70 22.3214
135 70 22.3214
136 70 22.3214
158 70 28.6944
167 70 28.6944
172 70 28.6944
174 70 28.6944
235 70 40.1606
249 70 40.1606
289 70 66.8896
4 71 18.2648
48 71 18.2648
52 71 18.2648
110 71 22.3214
134 71 22.3214
135 71 22.3214
158 71 28.6944
167 71 28.6944
172 71 28.6944
174 71 28.6944
235 71 40.1606
242 71 40.1606
244 71 40.1606
249 71 40.1606
289 71 66.8896
495 71 66.8896
4 72 18.2648
48 72 18.2648
52 72 18.2648
115 72 22.3214
116 72 22.3214
135 72 22.3214
158 72 28.6944
167 72 28.6944
172 72 28.6944
174 72 28.6944
235 72 40.1606
242 72 40.1606
249 72 40.1606
284 72 200
289 72 66.8896
4 73 18.2648
48 73 18.2648
52 73 18.2648
158 73 28.6944
167 73 28.6944
172 73 28.6944
174 73 28.6944
235 73 40.1606
289 73 66.8896
4 74 18.2648
11 74 18.2648
48 74 18.2648
52 74 18.2648
154 74 28.6944
168 74 28.6944
172 74 28.6944
174 74 28.6944
232 74 15.456
237 74 40.1606
245 74 200
284 74 200
289 74 66.8896
495 74 66.8896
4 75 18.2648
11 75 18.2648
48 75 18.2648
52 75 18.2648
153 75 28.6944
174 75 28.6944
189 75 28.6944
222 75 28.6944
237 75 40.1606
242 75 40.1606
260 75 28.6944
284 75 200
289 75 66.8896
495 75 66.8896
4 76 18.2648
10 76 18.2648
11 76 18.2648
48 76 18.2648
52 76 18.2648
153 76 28.6944
187 76 22.3214
189 76 28.6944
237 76 40.1606
242 76 40.1606
250 76 40.1606
261 76 28.6944
284 76 200
289 76 66.8896
495 76 66.8896
4 77 18.2648
10 77 18.2648
11 77 18.2648
14 77 18.2648
48 77 18.2648
52 77 18.2648
190 77 28.6944
191 77 28.6944
242 77 40.1606
258 77 40.1606
289 77 66.8896
294 77 40.1606
4 78 18.2648
10 78 18.2648
11 78 18.2648
14 78 18.2648
48 78 18.2648
52 78 18.2648
159 78 28.6944
191 78 28.6944
226 78 28.6944
242 78 40.1606
258 78 40.1606
289 78 66.8896
292 78 66.8896
4 79 18.2648
10 79 18.2648
11 79 18.2648
14 79 18.2648
24 79 18.2648
42 79 18.2648
52 79 18.2648
160 79 28.6944
161 79 28.6944
162 79 28.6944
190 79 28.6944
226 79 28.6944
227 79 28.6944
10 80 18.2648
11 80 18.2648
14 80 18.2648
24 80 18.2648
42 80 18.2648
52 80 18.2648
162 80 28.6944
163 80 28.6944
227 80 28.6944
290 80 200
291 80 200
294 80 66.8896
295 80 66.8896
296 80 66.8896
297 80 66.8896
546 80 22.3214
10 81 18.2648
11 81 18.2648
14 81 18.2648
24 81 18.2648
41 81 18.2648
42 81 18.2648
52 81 18.2648
162 81 28.6944
163 81 28.6944
215 81 40.1606
224 81 40.1606
229 81 40.1606
238 81 40.1606
295 81 66.8896
296 81 66.8896
10 82 18.2648
11 82 18.2648
14 82 18.2648
24 82 18.2648
36 82 18.2648
41 82 18.2648
42 82 18.2648
52 82 18.2648
162 82 28.6944
214 82 40.1606
215 82 40.1606
238 82 40.1606
255 82 40.1606
265 82 22.3214
10 83 18.2648
11 83 18.2648
14 83 18.2648
24 83 18.2648
36 83 18.2648
42 83 18.2648
52 83 18.2648
162 83 28.6944
214 83 40.1606
231 83 200
235 83 40.1606
238 83 40.1606
255 83 40.1606
260 83 40.1606
263 83 28.6944
266 83 22.3214
300 83 66.8896
522 83 28.6944
10 84 18.2648
11 84 18.2648
14 84 18.2648
24 84 18.2648
36 84 18.2648
42 84 18.2648
52 84 18.2648
201 84 40.1606
213 84 40.1606
214 84 40.1606
238 84 40.1606
260 84 40.1606
301 84 66.8896
302 84 66.8896
522 84 28.6944
10 85 18.2648
11 85 18.2648
24 85 18.2648
28 85 18.2648
36 85 18.2648
42 85 18.2648
52 85 18.2648
131 85 22.3214
238 85 40.1606
260 85 40.1606
261 85 40.1606
303 85 66.8896
522 85 28.6944
11 86 18.2648
24 86 18.2648
28 86 18.2648
36 86 18.2648
52 86 18.2648
168 86 28.6944
213 86 40.1606
238 86 40.1606
260 86 40.1606
261 86 40.1606
306 86 66.8896
307 86 66.8896
11 87 18.2648
24 87 18.2648
28 87 18.2648
36 87 18.2648
52 87 18.2648
168 87 28.6944
173 87 18.2648
204 87 28.6944
238 87 40.1606
256 87 200
261 87 40.1606
11 88 18.2648
24 88 18.2648
28 88 18.2648
36 88 18.2648
37 88 18.2648
52 88 18.2648
168 88 28.6944
173 88 18.2648
174 88 18.2648
204 88 28.6944
213 88 40.1606
236 88 40.1606
238 88 40.1606
312 88 66.8896
313 88 66.8896
472 88 200
11 89 18.2648
24 89 18.2648
36 89 18.2648
37 89 18.2648
52 89 18.2648
68 89 22.3214
168 89 28.6944
170 89 28.6944
174 89 18.2648
175 89 18.2648
204 89 28.6944
213 89 40.1606
238 89 40.1606
281 89 28.6944
315 89 66.8896
472 89 200
11 90 18.2648
24 90 18.2648
28 90 18.2648
36 90 18.2648
37 90 18.2648
49 90 18.2648
52 90 18.2648
68 90 22.3214
170 90 28.6944
177 90 28.6944
178 90 28.6944
204 90 28.6944
213 90 40.1606
214 90 40.1606
236 90 40.1606
238 90 40.1606
266 90 40.1606
281 90 28.6944
285 90 22.3214
295 90 200
317 90 66.8896
471 90 200
472 90 200
11 91 18.2648
15 91 18.2648
24 91 18.2648
28 91 18.2648
36 91 18.2648
37 91 18.2648
49 91 18.2648
52 91 18.2648
64 91 18.2648
65 91 18.2648
112 91 22.3214
113 91 22.3214
169 91 28.6944
170 91 28.6944
172 91 28.6944
178 91 28.6944
204 91 28.6944
213 91 40.1606
214 91 40.1606
236 91 40.1606
238 91 40.1606
266 91 40.1606
285 91 22.3214
295 91 200
298 91 66.8896
321 91 66.8896
471 91 200
472 91 200
11 92 18.2648
15 92 18.2648
24 92 18.2648
28 92 18.2648
36 92 18.2648
37 92 18.2648
49 92 18.2648
52 92 18.2648
64 92 18.2648
113 92 22.3214
169 92 28.6944
170 92 28.6944
178 92 28.6944
204 92 28.6944
213 92 40.1606
214 92 40.1606
236 92 40.1606
238 92 40.1606
256 92 40.1606
273 92 200
277 92 200
278 92 200
285 92 22.3214
296 92 200
323 92 66.8896
472 92 200
483 92 200
515 92 28.6944
11 93 18.2648
15 93 18.2648
24 93 18.2648
28 93 18.2648
36 93 18.2648
37 93 18.2648
49 93 18.2648
52 93 18.2648
64 93 18.2648
68 93 18.2648
169 93 28.6944
170 93 28.6944
172 93 28.6944
190 93 28.6944
204 93 28.6944
214 93 40.1606
236 93 40.1606
238 93 40.1606
255 93 40.1606
256 93 40.1606
278 93 200
290 93 40.1606
472 93 200
483 93 200
11 94 18.2648
15 94 18.2648
24 94 18.2648
28 94 18.2648
37 94 18.2648
49 94 18.2648
63 94 18.2648
64 94 18.2648
67 94 18.2648
68 94 18.2648
169 94 28.6944
170 94 28.6944
172 94 28.6944
192 94 28.6944
204 94 28.6944
214 94 40.1606
221 94 40.1606
236 94 40.1606
238 94 40.1606
255 94 40.1606
256 94 40.1606
287 94 66.8896
290 94 40.1606
328 94 66.8896
472 94 200
4 95 40.1606
11 95 18.2648
15 95 18.2648
24 95 18.2648
28 95 18.2648
37 95 18.2648
49 95 18.2648
63 95 18.2648
64 95 18.2648
67 95 18.2648
68 95 18.2648
169 95 28.6944
170 95 28.6944
172 95 28.6944
192 95 28.6944
204 95 28.6944
214 95 40.1606
236 95 40.1606
238 95 40.1606
255 95 40.1606
287 95 66.8896
290 95 40.1606
328 95 66.8896
329 95 66.8896
495 95 66.8896
11 96 18.2648
15 96 18.2648
24 96 18.2648
25 96 18.2648
28 96 18.2648
37 96 18.2648
49 96 18.2648
63 96 18.2648
64 96 18.2648
67 96 18.2648
68 96 18.2648
81 96 22.3214
98 96 18.2648
99 96 18.2648
170 96 28.6944
202 96 28.6944
204 96 28.6944
214 96 40.1606
236 96 40.1606
238 96 40.1606
329 96 66.8896
495 96 66.8896
24 97 18.2648
25 97 18.2648
28 97 18.2648
36 97 18.2648
37 97 18.2648
49 97 18.2648
64 97 18.2648
67 97 18.2648
68 97 18.2648
81 97 22.3214
96 97 22.3214
97 97 18.2648
99 97 18.2648
100 97 18.2648
170 97 28.6944
175 97 28.6944
202 97 28.6944
204 97 28.6944
214 97 40.1606
235 97 40.1606
238 97 40.1606
283 97 200
329 97 66.8896
330 97 66.8896
353 97 11.8203
11 98 18.2648
12 98 18.2648
24 98 18.2648
25 98 18.2648
31 98 13.3958
36 98 18.2648
37 98 18.2648
49 98 18.2648
81 98 22.3214
96 98 22.3214
97 98 18.2648
99 98 18.2648
100 98 18.2648
159 98 28.6944
170 98 28.6944
175 98 28.6944
202 98 40.1606
204 98 40.1606
214 98 40.1606
230 98 40.1606
231 98 40.1606
236 98 40.1606
238 98 40.1606
241 98 28.6944
258 98 40.1606
283 98 200
330 98 66.8896
12 99 18.2648
24 99 18.2648
25 99 18.2648
36 99 18.2648
37 99 18.2648
49 99 18.2648
53 99 22.3214
81 99 22.3214
91 99 22.3214
99 99 18.2648
100 99 18.2648
139 99 28.6944
158 99 28.6944
170 99 28.6944
175 99 28.6944
214 99 40.1606
231 99 40.1606
236 99 40.1606
238 99 40.1606
241 99 28.6944
259 99 40.1606
279 99 200
286 99 66.8896
287 99 66.8896
330 99 66.8896
331 99 66.8896
343 99 9.56938
24 100 18.2648
25 100 18.2648
36 100 18.2648
37 100 18.2648
53 100 22.3214
81 100 22.3214
91 100 22.3214
100 100 18.2648
138 100 28.6944
139 100 28.6944
170 100 28.6944
175 100 28.6944
214 100 40.1606
231 100 40.1606
236 100 40.1606
238 100 40.1606
261 100 40.1606
279 100 200
287 100 66.8896
328 100 66.8896
331 100 66.8896
348 100 15.456
352 100 13.3958
495 100 66.8896
518 100 28.6944
24 101 18.2648
36 101 18.2648
37 101 18.2648
49 101 18.2648
53 101 22.3214
81 101 22.3214
91 101 22.3214
100 101 18.2648
101 101 18.2648
127 101 18.2648
138 101 28.6944
139 101 28.6944
170 101 28.6944
175 101 28.6944
211 101 66.8896
214 101 40.1606
236 101 40.1606
238 101 40.1606
262 101 40.1606
263 101 40.1606
279 101 200
284 101 200
287 101 66.8896
325 101 22.3214
331 101 66.8896
352 101 13.3958
518 101 28.6944
24 102 18.2648
25 102 18.2648
36 102 18.2648
37 102 18.2648
49 102 18.2648
81 102 22.3214
91 102 22.3214
100 102 18.2648
101 102 18.2648
127 102 18.2648
138 102 28.6944
170 102 28.6944
175 102 28.6944
214 102 40.1606
231 102 40.1606
236 102 40.1606
238 102 40.1606
250 102 40.1606
279 102 200
284 102 200
287 102 66.8896
316 102 66.8896
325 102 22.3214
331 102 66.8896
332 102 66.8896
352 102 13.3958
518 102 28.6944
24 103 18.2648
25 103 18.2648
32 103 28.6944
36 103 18.2648
37 103 18.2648
49 103 18.2648
81 103 22.3214
91 103 22.3214
101 103 18.2648
114 103 22.3214
115 103 22.3214
127 103 18.2648
138 103 28.6944
170 103 28.6944
175 103 28.6944
214 103 40.1606
231 103 40.1606
236 103 40.1606
238 103 40.1606
250 103 40.1606
251 103 40.1606
284 103 200
287 103 66.8896
316 103 66.8896
325 103 22.3214
332 103 66.8896
347 103 18.2648
352 103 13.3958
551 103 22.3214
25 104 18.2648
36 104 18.2648
37 104 18.2648
49 104 18.2648
53 104 18.2648
81 104 22.3214
85 104 22.3214
91 104 22.3214
101 104 18.2648
102 104 18.2648
128 104 18.2648
170 104 28.6944
175 104 28.6944
214 104 40.1606
231 104 40.1606
236 104 40.1606
238 104 40.1606
241 104 28.6944
250 104 40.1606
284 104 200
287 104 66.8896
316 104 66.8896
326 104 22.3214
332 104 66.8896
333 104 66.8896
347 104 18.2648
352 104 13.3958
354 104 13.3958
36 105 18.2648
37 105 18.2648
49 105 18.2648
53 105 18.2648
81 105 22.3214
85 105 22.3214
91 105 22.3214
101 105 18.2648
102 105 18.2648
170 105 28.6944
175 105 28.6944
236 105 40.1606
238 105 40.1606
250 105 40.1606
284 105 200
287 105 66.8896
316 105 66.8896
326 105 22.3214
333 105 66.8896
334 105 66.8896
347 105 18.2648
348 105 18.2648
354 105 13.3958
24 106 18.2648
25 106 18.2648
26 106 18.2648
36 106 18.2648
37 106 18.2648
49 106 18.2648
53 106 18.2648
81 106 22.3214
85 106 22.3214
91 106 22.3214
102 106 18.2648
170 106 28.6944
175 106 28.6944
222 106 40.1606
235 106 40.1606
236 106 40.1606
238 106 40.1606
250 106 40.1606
284 106 200
287 106 66.8896
316 106 66.8896
334 106 66.8896
344 106 22.3214
24 107 18.2648
25 107 18.2648
37 107 18.2648
53 107 18.2648
81 107 22.3214
85 107 22.3214
91 107 22.3214
170 107 28.6944
175 107 28.6944
221 107 40.1606
222 107 40.1606
226 107 66.8896
231 107 40.1606
236 107 40.1606
238 107 40.1606
250 107 40.1606
287 107 66.8896
316 107 66.8896
333 107 66.8896
334 107 66.8896
344 107 28.6944
352 107 200
24 108 18.2648
25 108 18.2648
37 108 18.2648
53 108 18.2648
81 108 22.3214
82 108 22.3214
85 108 22.3214
91 108 22.3214
170 108 28.6944
175 108 28.6944
222 108 40.1606
228 108 28.6944
236 108 40.1606
238 108 40.1606
250 108 40.1606
316 108 66.8896
327 108 200
330 108 66.8896
333 108 66.8896
334 108 66.8896
338 108 40.1606
343 108 28.6944
344 108 28.6944
352 108 200
24 109 18.2648
25 109 18.2648
37 109 18.2648
49 109 18.2648
53 109 18.2648
81 109 22.3214
82 109 22.3214
85 109 22.3214
91 109 22.3214
119 109 22.3214
170 109 28.6944
175 109 28.6944
238 109 40.1606
243 109 40.1606
250 109 40.1606
316 109 66.8896
327 109 200
333 109 200
335 109 200
338 109 40.1606
339 109 40.1606
343 109 28.6944
344 109 40.1606
353 109 200
489 109 40.1606
24 110 18.2648
25 110 18.2648
37 110 18.2648
49 110 18.2648
53 110 18.2648
54 110 18.2648
67 110 18.2648
81 110 22.3214
82 110 22.3214
85 110 22.3214
91 110 22.3214
158 110 18.2648
161 110 18.2648
170 110 28.6944
175 110 28.6944
227 110 66.8896
238 110 40.1606
243 110 40.1606
250 110 40.1606
316 110 66.8896
333 110 200
335 110 200
338 110 40.1606
343 110 40.1606
346 110 66.8896
349 110 40.1606
353 110 200
24 111 18.2648
25 111 18.2648
37 111 18.2648
49 111 18.2648
53 111 18.2648
66 111 18.2648
67 111 18.2648
81 111 22.3214
82 111 22.3214
85 111 22.3214
91 111 22.3214
128 111 28.6944
137 111 28.6944
138 111 28.6944
158 111 18.2648
161 111 18.2648
170 111 28.6944
175 111 28.6944
236 111 40.1606
238 111 40.1606
243 111 40.1606
246 111 200
262 111 40.1606
296 111 66.8896
299 111 66.8896
338 111 40.1606
343 111 200
346 111 66.8896
349 111 40.1606
353 111 200
24 112 18.2648
25 112 18.2648
37 112 18.2648
53 112 18.2648
66 112 18.2648
81 112 22.3214
82 112 22.3214
85 112 22.3214
91 112 22.3214
128 112 28.6944
137 112 28.6944
158 112 18.2648
161 112 18.2648
175 112 28.6944
229 112 66.8896
243 112 40.1606
343 112 200
346 112 66.8896
523 112 28.6944
24 113 18.2648
25 113 18.2648
53 113 18.2648
65 113 18.2648
66 113 18.2648
70 113 18.2648
81 113 22.3214
82 113 22.3214
85 113 22.3214
91 113 22.3214
128 113 28.6944
137 113 28.6944
158 113 18.2648
161 113 18.2648
168 113 28.6944
172 113 40.1606
175 113 28.6944
230 113 66.8896
232 113 40.1606
233 113 40.1606
243 113 40.1606
258 113 40.1606
294 113 66.8896
299 113 66.8896
300 113 66.8896
354 113 200
356 113 200
543 113 28.6944
53 114 18.2648
65 114 18.2648
69 114 18.2648
70 114 18.2648
81 114 22.3214
82 114 22.3214
85 114 22.3214
91 114 22.3214
138 114 28.6944
153 114 18.2648
161 114 18.2648
162 114 18.2648
168 114 28.6944
169 114 28.6944
232 114 40.1606
233 114 40.1606
238 114 40.1606
243 114 40.1606
262 114 28.6944
300 114 66.8896
302 114 66.8896
332 114 66.8896
354 114 200
357 114 66.8896
548 114 22.3214
53 115 18.2648
65 115 18.2648
69 115 18.2648
70 115 18.2648
81 115 22.3214
82 115 22.3214
91 115 22.3214
127 115 22.3214
138 115 28.6944
161 115 18.2648
162 115 18.2648
168 115 28.6944
169 115 28.6944
238 115 40.1606
243 115 40.1606
262 115 28.6944
300 115 66.8896
302 115 66.8896
332 115 66.8896
528 115 28.6944
548 115 22.3214
50 116 18.2648
53 116 18.2648
66 116 18.2648
81 116 22.3214
82 116 22.3214
91 116 22.3214
117 116 28.6944
127 116 22.3214
138 116 28.6944
158 116 28.6944
162 116 18.2648
176 116 28.6944
238 116 40.1606
243 116 40.1606
332 116 66.8896
523 116 40.1606
53 117 18.2648
81 117 22.3214
82 117 22.3214
85 117 22.3214
91 117 22.3214
117 117 28.6944
127 117 22.3214
138 117 28.6944
158 117 28.6944
159 117 28.6944
176 117 28.6944
236 117 40.1606
243 117 40.1606
293 117 66.8896
358 117 15.456
365 117 40.1606
527 117 28.6944
548 117 22.3214
53 118 18.2648
81 118 22.3214
82 118 22.3214
85 118 22.3214
91 118 22.3214
92 118 22.3214
127 118 22.3214
138 118 28.6944
158 118 28.6944
159 118 28.6944
168 118 28.6944
293 118 66.8896
358 118 15.456
527 118 28.6944
50 119 18.2648
53 119 18.2648
81 119 22.3214
82 119 22.3214
91 119 22.3214
92 119 22.3214
127 119 22.3214
153 119 28.6944
158 119 28.6944
159 119 28.6944
168 119 28.6944
175 119 28.6944
293 119 66.8896
340 119 200
360 119 15.456
527 119 28.6944
46 120 18.2648
81 120 22.3214
82 120 22.3214
91 120 22.3214
92 120 22.3214
127 120 22.3214
153 120 28.6944
159 120 28.6944
168 120 28.6944
175 120 28.6944
239 120 40.1606
340 120 200
358 120 15.456
523 120 40.1606
528 120 28.6944
547 120 22.3214
46 121 18.2648
53 121 18.2648
73 121 18.2648
81 121 22.3214
82 121 22.3214
91 121 22.3214
92 121 22.3214
127 121 22.3214
130 121 22.3214
153 121 28.6944
159 121 28.6944
168 121 28.6944
175 121 28.6944
238 121 40.1606
239 121 40.1606
340 121 200
358 121 15.456
523 121 40.1606
561 121 22.3214
50 122 18.2648
53 122 22.3214
69 122 22.3214
70 122 22.3214
73 122 18.2648
77 122 18.2648
81 122 22.3214
82 122 22.3214
91 122 22.3214
92 122 22.3214
127 122 22.3214
130 122 22.3214
159 122 28.6944
168 122 28.6944
169 122 28.6944
175 122 28.6944
239 122 40.1606
277 122 28.6944
282 122 28.6944
340 122 200
358 122 15.456
378 122 8.03858
523 122 40.1606
50 123 18.2648
53 123 22.3214
54 123 22.3214
72 123 18.2648
73 123 18.2648
77 123 18.2648
78 123 18.2648
91 123 22.3214
92 123 22.3214
127 123 22.3214
130 123 22.3214
159 123 28.6944
169 123 28.6944
175 123 28.6944
239 123 40.1606
274 123 200
277 123 28.6944
282 123 28.6944
290 123 40.1606
358 123 15.456
359 123 15.456
368 123 200
378 123 8.03858
50 124 18.2648
72 124 18.2648
77 124 18.2648
78 124 18.2648
91 124 22.3214
92 124 22.3214
120 124 18.2648
127 124 22.3214
130 124 22.3214
159 124 28.6944
169 124 28.6944
175 124 28.6944
239 124 40.1606
274 124 200
277 124 28.6944
290 124 40.1606
303 124 66.8896
316 124 66.8896
317 124 66.8896
325 124 22.3214
326 124 22.3214
340 124 200
342 124 200
369 124 200
371 124 200
50 125 18.2648
77 125 18.2648
78 125 18.2648
82 125 66.8896
83 125 66.8896
92 125 22.3214
120 125 18.2648
127 125 22.3214
130 125 22.3214
145 125 18.2648
169 125 28.6944
175 125 28.6944
226 125 28.6944
227 125 28.6944
239 125 40.1606
274 125 200
279 125 28.6944
284 125 200
287 125 66.8896
290 125 66.8896
303 125 66.8896
316 125 66.8896
317 125 66.8896
340 125 200
358 125 15.456
369 125 200
370 125 200
50 126 18.2648
120 126 18.2648
145 126 18.2648
169 126 28.6944
175 126 28.6944
227 126 28.6944
228 126 28.6944
239 126 40.1606
262 126 40.1606
274 126 200
275 126 40.1606
284 126 200
287 126 66.8896
291 126 66.8896
303 126 66.8896
316 126 66.8896
331 126 15.456
340 126 200
365 126 200
370 126 200
523 126 40.1606
50 127 18.2648
94 127 22.3214
118 127 18.2648
120 127 18.2648
129 127 22.3214
145 127 18.2648
169 127 28.6944
173 127 28.6944
175 127 28.6944
188 127 28.6944
190 127 28.6944
215 127 40.1606
217 127 40.1606
224 127 40.1606
239 127 40.1606
262 127 40.1606
274 127 40.1606
287 127 66.8896
288 127 66.8896
291 127 66.8896
316 127 66.8896
340 127 200
365 127 200
370 127 200
371 127 200
50 128 18.2648
54 128 22.3214
118 128 18.2648
138 128 22.3214
140 128 22.3214
144 128 18.2648
168 128 28.6944
169 128 28.6944
173 128 28.6944
175 128 28.6944
188 128 28.6944
190 128 28.6944
191 128 28.6944
192 128 28.6944
214 128 40.1606
215 128 40.1606
239 128 40.1606
256 128 40.1606
257 128 40.1606
274 128 40.1606
316 128 66.8896
317 128 66.8896
326 128 22.3214
340 128 200
371 128 200
451 128 200
560 128 22.3214
50 129 18.2648
54 129 22.3214
120 129 18.2648
169 129 28.6944
191 129 28.6944
192 129 28.6944
214 129 40.1606
215 129 40.1606
239 129 40.1606
257 129 40.1606
267 129 40.1606
273 129 40.1606
274 129 40.1606
287 129 200
326 129 22.3214
357 129 200
364 129 200
372 129 200
376 129 200
50 130 18.2648
54 130 22.3214
98 130 18.2648
99 130 18.2648
118 130 22.3214
120 130 18.2648
187 130 28.6944
192 130 28.6944
214 130 40.1606
215 130 40.1606
239 130 40.1606
257 130 40.1606
267 130 40.1606
274 130 40.1606
290 130 40.1606
326 130 22.3214
333 130 66.8896
357 130 200
372 130 200
377 130 200
506 130 66.8896
559 130 22.3214
50 131 18.2648
53 131 22.3214
54 131 22.3214
99 131 18.2648
100 131 18.2648
121 131 18.2648
202 131 40.1606
214 131 40.1606
215 131 40.1606
239 131 40.1606
257 131 40.1606
285 131 200
290 131 40.1606
317 131 66.8896
333 131 66.8896
373 131 200
455 131 66.8896
485 131 40.1606
559 131 22.3214
50 132 18.2648
54 132 18.2648
99 132 18.2648
119 132 18.2648
121 132 18.2648
192 132 28.6944
239 132 40.1606
257 132 40.1606
274 132 40.1606
290 132 40.1606
303 132 66.8896
316 132 66.8896
317 132 66.8896
341 132 66.8896
355 132 18.2648
359 132 15.456
373 132 200
451 132 200
452 132 200
485 132 40.1606
50 133 18.2648
139 133 28.6944
214 133 40.1606
237 133 40.1606
239 133 40.1606
257 133 40.1606
274 133 40.1606
285 133 200
288 133 40.1606
290 133 40.1606
303 133 66.8896
317 133 66.8896
355 133 18.2648
358 133 15.456
359 133 15.456
374 133 200
385 133 200
50 134 18.2648
54 134 18.2648
154 134 28.6944
156 134 28.6944
205 134 28.6944
214 134 40.1606
237 134 40.1606
239 134 40.1606
274 134 40.1606
285 134 200
288 134 66.8896
317 134 66.8896
340 134 66.8896
342 134 66.8896
355 134 18.2648
358 134 15.456
374 134 200
384 134 200
449 134 200
21 135 15.456
22 135 15.456
50 135 18.2648
54 135 18.2648
103 135 18.2648
118 135 22.3214
175 135 22.3214
203 135 28.6944
205 135 28.6944
214 135 40.1606
237 135 40.1606
239 135 40.1606
285 135 200
331 135 40.1606
340 135 200
342 135 200
358 135 15.456
361 135 13.3958
364 135 40.1606
370 135 40.1606
374 135 200
384 135 200
385 135 200
449 135 200
50 136 18.2648
54 136 18.2648
104 136 18.2648
118 136 22.3214
174 136 22.3214
175 136 22.3214
203 136 28.6944
205 136 28.6944
214 136 40.1606
215 136 40.1606
237 136 40.1606
239 136 40.1606
340 136 200
342 136 200
358 136 15.456
364 136 40.1606
370 136 40.1606
374 136 200
375 136 200
385 136 200
449 136 200
50 137 18.2648
54 137 18.2648
118 137 22.3214
127 137 18.2648
161 137 28.6944
175 137 22.3214
205 137 28.6944
214 137 40.1606
215 137 40.1606
237 137 40.1606
239 137 40.1606
340 137 200
342 137 200
355 137 18.2648
361 137 13.3958
370 137 40.1606
375 137 200
378 137 8.03858
385 137 200
386 137 200
50 138 18.2648
54 138 18.2648
138 138 18.2648
203 138 28.6944
205 138 28.6944
214 138 40.1606
215 138 40.1606
237 138 40.1606
239 138 40.1606
242 138 40.1606
340 138 200
342 138 200
359 138 15.456
361 138 15.456
375 138 200
378 138 200
386 138 200
50 139 18.2648
54 139 18.2648
112 139 22.3214
139 139 18.2648
165 139 28.6944
203 139 28.6944
205 139 28.6944
228 139 28.6944
239 139 40.1606
262 139 40.1606
288 139 66.8896
331 139 40.1606
340 139 200
342 139 200
355 139 18.2648
358 139 15.456
359 139 15.456
376 139 200
386 139 200
54 140 18.2648
105 140 18.2648
112 140 22.3214
128 140 18.2648
137 140 18.2648
203 140 40.1606
205 140 40.1606
215 140 40.1606
227 140 28.6944
236 140 22.3214
239 140 40.1606
251 140 40.1606
331 140 40.1606
340 140 200
342 140 200
355 140 18.2648
358 140 15.456
359 140 15.456
363 140 66.8896
376 140 200
386 140 200
387 140 200
450 140 200
451 140 200
453 140 200
54 141 18.2648
105 141 18.2648
125 141 18.2648
203 141 28.6944
205 141 28.6944
215 141 40.1606
223 141 40.1606
225 141 40.1606
232 141 40.1606
236 141 22.3214
239 141 40.1606
251 141 40.1606
340 141 200
342 141 200
359 141 15.456
376 141 200
377 141 200
387 141 200
449 141 200
450 141 200
54 142 18.2648
124 142 18.2648
125 142 18.2648
146 142 22.3214
147 142 22.3214
164 142 22.3214
203 142 28.6944
205 142 28.6944
215 142 40.1606
223 142 40.1606
228 142 66.8896
229 142 66.8896
232 142 40.1606
236 142 22.3214
239 142 40.1606
251 142 40.1606
340 142 200
342 142 200
359 142 15.456
376 142 200
377 142 200
389 142 200
442 142 200
444 142 200
449 142 200
469 142 200
549 142 22.3214
51 143 18.2648
54 143 18.2648
123 143 18.2648
124 143 18.2648
146 143 22.3214
147 143 22.3214
163 143 22.3214
164 143 22.3214
205 143 28.6944
215 143 40.1606
223 143 40.1606
225 143 40.1606
237 143 40.1606
239 143 40.1606
251 143 40.1606
254 143 40.1606
297 143 66.8896
300 143 66.8896
340 143 200
342 143 200
357 143 200
376 143 200
390 143 200
442 143 200
445 143 66.8896
469 143 200
549 143 22.3214
54 144 18.2648
106 144 18.2648
123 144 18.2648
146 144 22.3214
147 144 22.3214
163 144 22.3214
164 144 22.3214
176 144 22.3214
179 144 28.6944
205 144 28.6944
223 144 40.1606
237 144 40.1606
239 144 40.1606
300 144 66.8896
331 144 200
340 144 200
357 144 200
376 144 200
390 144 200
391 144 200
428 144 200
495 144 40.1606
54 145 18.2648
108 145 18.2648
122 145 18.2648
125 145 18.2648
146 145 22.3214
173 145 28.6944
179 145 28.6944
194 145 28.6944
205 145 28.6944
215 145 40.1606
237 145 40.1606
239 145 40.1606
251 145 40.1606
300 145 66.8896
327 145 22.3214
357 145 200
358 145 200
364 145 11.8203
376 145 200
391 145 200
392 145 200
428 145 200
448 145 200
495 145 40.1606
557 145 22.3214
54 146 18.2648
105 146 18.2648
107 146 18.2648
108 146 18.2648
122 146 18.2648
144 146 22.3214
173 146 28.6944
193 146 28.6944
194 146 28.6944
203 146 40.1606
215 146 40.1606
223 146 40.1606
237 146 40.1606
239 146 40.1606
251 146 40.1606
263 146 40.1606
302 146 66.8896
317 146 66.8896
327 146 22.3214
332 146 200
336 146 66.8896
341 146 18.2648
365 146 11.8203
376 146 200
392 146 200
438 146 200
441 146 66.8896
442 146 66.8896
54 147 18.2648
104 147 18.2648
105 147 18.2648
107 147 18.2648
122 147 18.2648
144 147 22.3214
163 147 22.3214
164 147 22.3214
173 147 28.6944
203 147 40.1606
223 147 40.1606
232 147 40.1606
237 147 40.1606
239 147 40.1606
251 147 40.1606
263 147 40.1606
303 147 66.8896
316 147 66.8896
317 147 66.8896
336 147 66.8896
341 147 18.2648
365 147 11.8203
376 147 200
383 147 200
389 147 200
438 147 200
442 147 66.8896
448 147 200
534 147 28.6944
556 147 22.3214
54 148 18.2648
55 148 18.2648
105 148 18.2648
107 148 18.2648
120 148 18.2648
122 148 18.2648
146 148 22.3214
147 148 18.2648
173 148 28.6944
223 148 40.1606
237 148 40.1606
239 148 40.1606
246 148 40.1606
251 148 40.1606
257 148 40.1606
299 148 28.6944
303 148 66.8896
316 148 66.8896
317 148 66.8896
341 148 18.2648
355 148 18.2648
359 148 15.456
365 148 11.8203
383 148 200
395 148 200
396 148 200
556 148 22.3214
51 149 18.2648
54 149 18.2648
126 149 18.2648
145 149 22.3214
146 149 22.3214
176 149 28.6944
223 149 40.1606
237 149 40.1606
239 149 40.1606
246 149 40.1606
251 149 40.1606
294 149 66.8896
299 149 28.6944
317 149 66.8896
333 149 15.456
355 149 18.2648
359 149 15.456
371 149 9.56938
391 149 200
396 149 200
400 149 200
445 149 200
448 149 200
451 149 66.8896
524 149 66.8896
51 150 18.2648
55 150 22.3214
116 150 18.2648
144 150 22.3214
145 150 22.3214
176 150 28.6944
223 150 40.1606
237 150 40.1606
239 150 40.1606
246 150 40.1606
251 150 40.1606
259 150 40.1606
294 150 66.8896
317 150 66.8896
341 150 66.8896
342 150 66.8896
355 150 18.2648
359 150 15.456
362 150 13.3958
365 150 11.8203
371 150 66.8896
391 150 200
444 150 200
448 150 200
51 151 18.2648
143 151 22.3214
173 151 28.6944
176 151 28.6944
223 151 40.1606
237 151 40.1606
239 151 40.1606
317 151 66.8896
342 151 66.8896
355 151 18.2648
359 151 15.456
362 151 13.3958
371 151 66.8896
398 151 200
444 151 200
549 151 22.3214
550 151 22.3214
51 152 18.2648
55 152 22.3214
124 152 18.2648
125 152 18.2648
143 152 22.3214
176 152 28.6944
223 152 40.1606
237 152 40.1606
239 152 40.1606
297 152 40.1606
317 152 66.8896
340 152 66.8896
342 152 66.8896
361 152 15.456
370 152 66.8896
398 152 200
549 152 22.3214
51 153 18.2648
124 153 18.2648
125 153 18.2648
142 153 22.3214
154 153 18.2648
176 153 28.6944
223 153 40.1606
237 153 40.1606
239 153 40.1606
317 153 66.8896
342 153 66.8896
359 153 15.456
398 153 200
399 153 200
526 153 28.6944
558 153 28.6944
631 153 28.6944
51 154 18.2648
119 154 18.2648
124 154 18.2648
125 154 18.2648
141 154 22.3214
142 154 22.3214
176 154 28.6944
223 154 40.1606
237 154 40.1606
239 154 40.1606
284 154 200
288 154 66.8896
290 154 40.1606
291 154 40.1606
317 154 66.8896
340 154 66.8896
342 154 66.8896
355 154 18.2648
359 154 15.456
382 154 7.44324
399 154 200
431 154 200
526 154 28.6944
51 155 18.2648
55 155 22.3214
123 155 18.2648
124 155 18.2648
141 155 22.3214
170 155 28.6944
171 155 28.6944
176 155 28.6944
223 155 40.1606
228 155 28.6944
239 155 40.1606
260 155 40.1606
278 155 200
284 155 200
288 155 66.8896
290 155 40.1606
317 155 66.8896
340 155 200
342 155 200
355 155 18.2648
359 155 15.456
529 155 22.3214
51 156 18.2648
55 156 22.3214
118 156 18.2648
122 156 18.2648
140 156 22.3214
171 156 28.6944
176 156 28.6944
226 156 28.6944
228 156 28.6944
239 156 40.1606
242 156 40.1606
244 156 40.1606
288 156 66.8896
290 156 40.1606
291 156 40.1606
317 156 66.8896
332 156 200
340 156 200
342 156 200
359 156 15.456
372 156 22.3214
403 156 200
404 156 200
502 156 40.1606
51 157 18.2648
55 157 22.3214
109 157 18.2648
115 157 28.6944
118 157 18.2648
119 157 18.2648
121 157 18.2648
122 157 18.2648
139 157 22.3214
140 157 22.3214
141 157 22.3214
161 157 18.2648
171 157 28.6944
176 157 28.6944
201 157 28.6944
224 157 40.1606
228 157 28.6944
239 157 40.1606
280 157 200
288 157 66.8896
340 157 200
341 157 200
342 157 200
359 157 15.456
403 157 200
434 157 200
502 157 40.1606
51 158 18.2648
54 158 22.3214
55 158 22.3214
109 158 18.2648
110 158 18.2648
129 158 200
140 158 22.3214
141 158 22.3214
158 158 18.2648
171 158 28.6944
176 158 28.6944
228 158 28.6944
230 158 28.6944
280 158 200
288 158 66.8896
291 158 40.1606
332 158 200
342 158 200
359 158 15.456
368 158 200
371 158 22.3214
378 158 200
382 158 200
383 158 200
393 158 28.6944
403 158 200
404 158 200
501 158 40.1606
532 158 28.6944
6 159 18.2648
7 159 18.2648
55 159 22.3214
110 159 18.2648
146 159 40.1606
152 159 22.3214
153 159 22.3214
154 159 22.3214
171 159 28.6944
176 159 28.6944
228 159 28.6944
230 159 28.6944
260 159 40.1606
280 159 200
285 159 200
288 159 66.8896
291 159 40.1606
341 159 200
342 159 200
359 159 200
364 159 40.1606
370 159 28.6944
371 159 22.3214
378 159 200
383 159 200
501 159 40.1606
531 159 28.6944
553 159 22.3214
6 160 18.2648
7 160 18.2648
51 160 18.2648
54 160 22.3214
55 160 22.3214
112 160 18.2648
113 160 18.2648
153 160 22.3214
154 160 22.3214
171 160 28.6944
176 160 28.6944
179 160 15.456
228 160 28.6944
231 160 22.3214
234 160 40.1606
285 160 200
288 160 66.8896
291 160 40.1606
340 160 200
341 160 200
344 160 66.8896
357 160 200
358 160 200
364 160 40.1606
378 160 200
413 160 200
417 160 200
531 160 28.6944
552 160 22.3214
6 161 18.2648
7 161 18.2648
14 161 18.2648
15 161 18.2648
51 161 18.2648
113 161 18.2648
114 161 18.2648
135 161 18.2648
171 161 28.6944
176 161 28.6944
228 161 28.6944
285 161 200
288 161 66.8896
291 161 40.1606
357 161 200
358 161 200
378 161 200
385 161 200
551 161 22.3214
6 162 18.2648
7 162 18.2648
14 162 18.2648
15 162 18.2648
51 162 18.2648
114 162 18.2648
120 162 18.2648
134 162 18.2648
147 162 18.2648
171 162 28.6944
176 162 28.6944
285 162 200
288 162 66.8896
332 162 200
335 162 66.8896
378 162 200
393 162 200
394 162 200
405 162 200
422 162 200
537 162 28.6944
621 162 22.3214
6 163 18.2648
7 163 18.2648
14 163 18.2648
17 163 18.2648
44 163 18.2648
45 163 18.2648
55 163 18.2648
115 163 18.2648
120 163 18.2648
121 163 18.2648
133 163 18.2648
145 163 18.2648
146 163 18.2648
171 163 28.6944
176 163 28.6944
242 163 40.1606
285 163 200
288 163 66.8896
291 163 40.1606
332 163 200
335 163 66.8896
378 163 200
394 163 200
405 163 200
411 163 66.8896
422 163 200
447 163 200
526 163 28.6944
536 163 28.6944
551 163 22.3214
6 164 18.2648
7 164 18.2648
14 164 18.2648
17 164 18.2648
26 164 18.2648
27 164 18.2648
44 164 18.2648
45 164 18.2648
50 164 18.2648
55 164 18.2648
121 164 18.2648
145 164 18.2648
171 164 28.6944
176 164 28.6944
288 164 66.8896
291 164 40.1606
359 164 15.456
367 164 66.8896
394 164 200
422 164 200
447 164 200
502 164 40.1606
526 164 28.6944
551 164 22.3214
6 165 18.2648
7 165 18.2648
14 165 18.2648
17 165 18.2648
26 165 18.2648
27 165 18.2648
30 165 18.2648
39 165 18.2648
44 165 18.2648
50 165 18.2648
54 165 18.2648
55 165 18.2648
144 165 18.2648
145 165 18.2648
171 165 28.6944
176 165 28.6944
240 165 40.1606
268 165 40.1606
288 165 66.8896
291 165 40.1606
341 165 200
357 165 15.456
359 165 15.456
362 165 13.3958
367 165 66.8896
372 165 200
378 165 200
394 165 200
422 165 200
502 165 40.1606
526 165 28.6944
539 165 22.3214
551 165 22.3214
6 166 18.2648
7 166 18.2648
14 166 18.2648
17 166 18.2648
26 166 18.2648
27 166 18.2648
30 166 18.2648
39 166 18.2648
50 166 18.2648
54 166 18.2648
70 166 22.3214
144 166 18.2648
145 166 18.2648
171 166 28.6944
176 166 28.6944
240 166 40.1606
263 166 40.1606
268 166 40.1606
274 166 22.3214
288 166 66.8896
291 166 40.1606
341 166 200
357 166 15.456
359 166 15.456
362 166 13.3958
383 166 200
394 166 200
422 166 200
423 166 200
426 166 66.8896
7 167 18.2648
10 167 18.2648
14 167 18.2648
15 167 18.2648
17 167 18.2648
26 167 18.2648
27 167 18.2648
30 167 18.2648
39 167 18.2648
50 167 18.2648
54 167 18.2648
70 167 22.3214
144 167 18.2648
145 167 18.2648
171 167 28.6944
173 167 28.6944
176 167 28.6944
240 167 40.1606
268 167 40.1606
341 167 200
357 167 18.2648
359 167 18.2648
373 167 9.56938
378 167 200
394 167 200
621 167 22.3214
7 168 18.2648
10 168 18.2648
14 168 18.2648
15 168 18.2648
17 168 18.2648
26 168 18.2648
27 168 18.2648
30 168 18.2648
39 168 18.2648
50 168 18.2648
54 168 18.2648
55 168 18.2648
70 168 22.3214
98 168 22.3214
144 168 18.2648
145 168 18.2648
171 168 28.6944
176 168 28.6944
228 168 28.6944
240 168 40.1606
268 168 40.1606
291 168 40.1606
317 168 66.8896
318 168 66.8896
327 168 22.3214
341 168 200
357 168 15.456
359 168 15.456
372 168 9.56938
394 168 200
495 168 200
516 168 28.6944
7 169 18.2648
10 169 18.2648
14 169 18.2648
15 169 18.2648
17 169 18.2648
26 169 18.2648
27 169 18.2648
30 169 18.2648
39 169 18.2648
50 169 18.2648
54 169 18.2648
70 169 22.3214
97 169 22.3214
98 169 22.3214
99 169 22.3214
141 169 22.3214
142 169 22.3214
169 169 28.6944
170 169 28.6944
228 169 28.6944
240 169 40.1606
258 169 40.1606
303 169 66.8896
304 169 66.8896
317 169 66.8896
327 169 22.3214
341 169 200
357 169 15.456
359 169 15.456
372 169 9.56938
382 169 200
394 169 200
530 169 28.6944
531 169 28.6944
551 169 22.3214
7 170 18.2648
10 170 18.2648
14 170 18.2648
15 170 18.2648
17 170 18.2648
26 170 18.2648
27 170 18.2648
30 170 18.2648
39 170 18.2648
54 170 22.3214
70 170 22.3214
97 170 22.3214
98 170 22.3214
116 170 22.3214
169 170 28.6944
170 170 28.6944
177 170 28.6944
240 170 40.1606
304 170 66.8896
317 170 66.8896
327 170 22.3214
341 170 200
359 170 15.456
372 170 9.56938
378 170 200
383 170 200
394 170 200
530 170 28.6944
551 170 22.3214
7 171 18.2648
10 171 18.2648
14 171 18.2648
15 171 18.2648
17 171 18.2648
26 171 18.2648
27 171 18.2648
30 171 18.2648
39 171 18.2648
70 171 22.3214
97 171 22.3214
98 171 22.3214
123 171 22.3214
170 171 28.6944
177 171 28.6944
224 171 28.6944
240 171 40.1606
268 171 66.8896
304 171 66.8896
317 171 66.8896
341 171 200
357 171 15.456
359 171 15.456
371 171 200
378 171 200
383 171 200
394 171 200
398 171 66.8896
518 171 28.6944
529 171 28.6944
551 171 22.3214
7 172 18.2648
10 172 18.2648
11 172 18.2648
14 172 18.2648
15 172 18.2648
17 172 18.2648
26 172 18.2648
27 172 18.2648
30 172 18.2648
39 172 18.2648
70 172 22.3214
97 172 22.3214
98 172 22.3214
123 172 22.3214
130 172 18.2648
202 172 40.1606
203 172 40.1606
224 172 28.6944
225 172 28.6944
228 172 22.3214
240 172 40.1606
304 172 66.8896
317 172 66.8896
327 172 22.3214
333 172 15.456
341 172 200
359 172 15.456
371 172 200
378 172 200
383 172 200
394 172 200
398 172 66.8896
529 172 28.6944
551 172 22.3214
7 173 18.2648
11 173 18.2648
14 173 18.2648
15 173 18.2648
17 173 18.2648
26 173 18.2648
27 173 18.2648
39 173 18.2648
45 173 18.2648
70 173 22.3214
97 173 22.3214
130 173 18.2648
139 173 28.6944
176 173 28.6944
203 173 40.1606
220 173 40.1606
222 173 28.6944
224 173 28.6944
304 173 66.8896
317 173 66.8896
327 173 22.3214
333 173 15.456
341 173 200
359 173 15.456
378 173 200
383 173 200
394 173 200
402 173 200
528 173 28.6944
7 174 18.2648
11 174 18.2648
14 174 18.2648
15 174 18.2648
17 174 18.2648
26 174 18.2648
27 174 18.2648
39 174 18.2648
70 174 22.3214
97 174 22.3214
98 174 22.3214
129 174 18.2648
139 174 28.6944
170 174 28.6944
176 174 28.6944
215 174 40.1606
216 174 40.1606
283 174 40.1606
317 174 66.8896
341 174 200
359 174 15.456
360 174 15.456
378 174 200
383 174 200
402 174 200
553 174 22.3214
7 175 18.2648
11 175 18.2648
15 175 18.2648
17 175 18.2648
26 175 18.2648
27 175 18.2648
39 175 18.2648
45 175 18.2648
70 175 22.3214
97 175 22.3214
130 175 18.2648
139 175 28.6944
155 175 28.6944
160 175 28.6944
161 175 28.6944
176 175 28.6944
215 175 40.1606
300 175 66.8896
303 175 66.8896
317 175 66.8896
341 175 200
358 175 15.456
359 175 15.456
365 175 40.1606
378 175 200
383 175 200
513 175 40.1606
7 176 18.2648
11 176 18.2648
15 176 18.2648
17 176 18.2648
26 176 18.2648
27 176 18.2648
31 176 18.2648
39 176 18.2648
70 176 22.3214
97 176 22.3214
120 176 18.2648
128 176 18.2648
130 176 18.2648
155 176 28.6944
159 176 28.6944
160 176 28.6944
161 176 28.6944
170 176 28.6944
176 176 28.6944
215 176 40.1606
296 176 200
304 176 66.8896
317 176 66.8896
341 176 200
358 176 15.456
365 176 40.1606
378 176 200
383 176 200
394 176 200
513 176 40.1606
552 176 22.3214
7 177 18.2648
11 177 18.2648
15 177 18.2648
17 177 18.2648
26 177 18.2648
27 177 18.2648
31 177 18.2648
39 177 18.2648
70 177 22.3214
97 177 22.3214
120 177 18.2648
155 177 28.6944
160 177 28.6944
161 177 28.6944
170 177 28.6944
176 177 28.6944
215 177 40.1606
264 177 28.6944
304 177 66.8896
317 177 66.8896
335 177 66.8896
378 177 200
394 177 200
513 177 40.1606
552 177 22.3214
7 178 18.2648
11 178 18.2648
15 178 18.2648
26 178 18.2648
27 178 18.2648
31 178 18.2648
39 178 18.2648
70 178 22.3214
97 178 22.3214
155 178 28.6944
160 178 28.6944
161 178 28.6944
176 178 28.6944
317 178 66.8896
327 178 22.3214
335 178 66.8896
367 178 66.8896
378 178 200
394 178 200
398 178 66.8896
513 178 40.1606
528 178 28.6944
552 178 22.3214
7 179 18.2648
11 179 18.2648
15 179 18.2648
26 179 18.2648
27 179 18.2648
31 179 18.2648
39 179 18.2648
70 179 22.3214
97 179 22.3214
119 179 18.2648
127 179 22.3214
155 179 28.6944
160 179 28.6944
161 179 28.6944
176 179 28.6944
189 179 28.6944
193 179 28.6944
234 179 28.6944
236 179 28.6944
243 179 28.6944
252 179 40.1606
335 179 66.8896
367 179 66.8896
378 179 200
394 179 200
398 179 66.8896
513 179 40.1606
529 179 28.6944
533 179 40.1606
552 179 22.3214
7 180 18.2648
11 180 18.2648
12 180 18.2648
15 180 18.2648
18 180 18.2648
26 180 18.2648
27 180 18.2648
31 180 18.2648
39 180 18.2648
70 180 22.3214
97 180 22.3214
119 180 18.2648
126 180 22.3214
127 180 22.3214
155 180 28.6944
160 180 28.6944
161 180 28.6944
176 180 28.6944
189 180 28.6944
192 180 28.6944
193 180 28.6944
215 180 40.1606
243 180 28.6944
270 180 40.1606
300 180 28.6944
378 180 200
383 180 200
394 180 200
402 180 200
512 180 40.1606
529 180 28.6944
533 180 40.1606
552 180 22.3214
7 181 18.2648
11 181 18.2648
12 181 18.2648
15 181 18.2648
18 181 18.2648
26 181 18.2648
27 181 18.2648
31 181 18.2648
39 181 18.2648
70 181 22.3214
97 181 22.3214
119 181 18.2648
161 181 28.6944
176 181 28.6944
215 181 40.1606
228 181 28.6944
270 181 40.1606
341 181 200
356 181 18.2648
359 181 15.456
372 181 9.56938
378 181 200
382 181 200
392 181 200
394 181 200
528 181 28.6944
7 182 18.2648
12 182 18.2648
15 182 18.2648
18 182 18.2648
26 182 18.2648
27 182 18.2648
31 182 18.2648
39 182 18.2648
70 182 22.3214
97 182 22.3214
161 182 28.6944
176 182 28.6944
215 182 40.1606
297 182 40.1606
341 182 200
359 182 15.456
362 182 13.3958
369 182 200
372 182 200
378 182 200
394 182 200
7 183 18.2648
12 183 18.2648
15 183 18.2648
18 183 18.2648
26 183 18.2648
27 183 18.2648
31 183 18.2648
39 183 18.2648
70 183 22.3214
71 183 22.3214
97 183 22.3214
116 183 22.3214
117 183 22.3214
161 183 28.6944
176 183 28.6944
209 183 40.1606
215 183 40.1606
216 183 40.1606
341 183 200
356 183 18.2648
359 183 15.456
362 183 13.3958
368 183 200
371 183 10.5764
378 183 200
384 183 200
387 183 18.2648
529 183 28.6944
533 183 40.1606
7 184 18.2648
12 184 18.2648
15 184 18.2648
18 184 18.2648
26 184 18.2648
27 184 18.2648
31 184 18.2648
39 184 18.2648
70 184 22.3214
97 184 22.3214
116 184 22.3214
117 184 22.3214
125 184 18.2648
134 184 22.3214
161 184 28.6944
170 184 28.6944
209 184 40.1606
211 184 40.1606
216 184 40.1606
228 184 40.1606
230 184 40.1606
233 184 28.6944
290 184 66.8896
332 184 40.1606
341 184 200
371 184 200
378 184 200
394 184 200
458 184 66.8896
528 184 28.6944
529 184 28.6944
7 185 18.2648
12 185 18.2648
15 185 18.2648
18 185 18.2648
26 185 18.2648
27 185 18.2648
31 185 18.2648
39 185 18.2648
70 185 22.3214
97 185 22.3214
98 185 22.3214
116 185 22.3214
117 185 22.3214
119 185 22.3214
134 185 22.3214
161 185 28.6944
170 185 28.6944
171 185 28.6944
178 185 28.6944
209 185 40.1606
216 185 40.1606
229 185 40.1606
230 185 40.1606
233 185 28.6944
235 185 28.6944
240 185 15.456
243 185 22.3214
341 185 200
342 185 200
359 185 15.456
378 185 200
394 185 200
458 185 66.8896
462 185 6.48298
528 185 28.6944
7 186 18.2648
12 186 18.2648
15 186 18.2648
18 186 18.2648
27 186 18.2648
31 186 18.2648
39 186 18.2648
71 186 22.3214
97 186 22.3214
116 186 22.3214
117 186 22.3214
134 186 22.3214
161 186 28.6944
209 186 40.1606
230 186 40.1606
233 186 28.6944
243 186 28.6944
291 186 66.8896
294 186 40.1606
332 186 200
341 186 200
359 186 15.456
378 186 200
395 186 200
422 186 3.94089
423 186 3.94089
454 186 200
528 186 28.6944
7 187 18.2648
12 187 18.2648
18 187 18.2648
27 187 18.2648
31 187 18.2648
39 187 18.2648
71 187 22.3214
97 187 22.3214
98 187 22.3214
116 187 22.3214
117 187 22.3214
124 187 18.2648
161 187 28.6944
169 187 28.6944
209 187 40.1606
216 187 40.1606
230 187 40.1606
233 187 28.6944
234 187 28.6944
243 187 28.6944
294 187 40.1606
332 187 200
341 187 200
359 187 15.456
378 187 200
412 187 40.1606
414 187 40.1606
437 187 200
447 187 40.1606
449 187 28.6944
455 187 200
528 187 28.6944
7 188 18.2648
12 188 18.2648
13 188 18.2648
18 188 18.2648
27 188 18.2648
31 188 18.2648
39 188 18.2648
71 188 22.3214
97 188 22.3214
98 188 22.3214
117 188 22.3214
124 188 22.3214
133 188 22.3214
158 188 28.6944
161 188 28.6944
169 188 28.6944
170 188 28.6944
182 188 28.6944
209 188 28.6944
211 188 28.6944
216 188 40.1606
230 188 40.1606
233 188 28.6944
243 188 28.6944
253 188 40.1606
332 188 200
341 188 200
342 188 200
359 188 15.456
360 188 15.456
365 188 40.1606
378 188 200
392 188 40.1606
409 188 66.8896
412 188 40.1606
414 188 40.1606
447 188 40.1606
449 188 28.6944
468 188 11.8203
474 188 200
516 188 28.6944
528 188 28.6944
7 189 18.2648
8 189 18.2648
12 189 18.2648
13 189 18.2648
18 189 18.2648
27 189 18.2648
31 189 18.2648
39 189 18.2648
70 189 22.3214
71 189 22.3214
98 189 22.3214
161 189 28.6944
182 189 28.6944
209 189 28.6944
291 189 66.8896
341 189 200
342 189 200
356 189 22.3214
359 189 15.456
360 189 15.456
365 189 40.1606
378 189 200
385 189 6.93001
412 189 40.1606
445 189 40.1606
447 189 40.1606
449 189 28.6944
450 189 28.6944
451 189 28.6944
454 189 200
513 189 40.1606
516 189 28.6944
529 189 28.6944
7 190 18.2648
8 190 18.2648
12 190 18.2648
13 190 18.2648
18 190 18.2648
27 190 18.2648
31 190 18.2648
39 190 18.2648
71 190 22.3214
98 190 22.3214
119 190 22.3214
122 190 22.3214
123 190 22.3214
209 190 28.6944
211 190 28.6944
233 190 28.6944
289 190 66.8896
291 190 66.8896
318 190 66.8896
328 190 22.3214
336 190 13.3958
341 190 66.8896
343 190 66.8896
359 190 15.456
360 190 15.456
365 190 40.1606
378 190 200
382 190 200
447 190 40.1606
453 190 200
459 190 40.1606
461 190 40.1606
497 190 40.1606
513 190 40.1606
529 190 28.6944
7 191 18.2648
8 191 18.2648
13 191 18.2648
18 191 18.2648
27 191 18.2648
31 191 18.2648
39 191 18.2648
40 191 18.2648
98 191 22.3214
117 191 18.2648
122 191 22.3214
123 191 22.3214
136 191 28.6944
154 191 28.6944
155 191 28.6944
209 191 28.6944
230 191 40.1606
233 191 28.6944
285 191 200
289 191 66.8896
304 191 66.8896
317 191 66.8896
318 191 66.8896
326 191 22.3214
336 191 13.3958
341 191 66.8896
343 191 66.8896
354 191 22.3214
359 191 15.456
360 191 15.456
365 191 40.1606
378 191 200
389 191 66.8896
393 191 28.6944
412 191 40.1606
453 191 200
457 191 66.8896
461 191 40.1606
495 191 66.8896
497 191 40.1606
528 191 28.6944
529 191 28.6944
7 192 18.2648
8 192 18.2648
13 192 18.2648
18 192 18.2648
27 192 18.2648
31 192 18.2648
39 192 18.2648
40 192 18.2648
117 192 22.3214
123 192 22.3214
155 192 28.6944
158 192 28.6944
176 192 28.6944
177 192 28.6944
207 192 28.6944
209 192 28.6944
233 192 28.6944
234 192 28.6944
260 192 40.1606
289 192 66.8896
304 192 200
307 192 66.8896
317 192 66.8896
341 192 66.8896
343 192 66.8896
359 192 15.456
360 192 15.456
365 192 40.1606
378 192 200
393 192 28.6944
412 192 40.1606
415 192 11.8203
453 192 200
461 192 40.1606
492 192 66.8896
493 192 66.8896
529 192 28.6944
7 193 18.2648
8 193 18.2648
13 193 18.2648
18 193 18.2648
27 193 18.2648
31 193 18.2648
39 193 18.2648
40 193 18.2648
123 193 22.3214
158 193 28.6944
161 193 28.6944
176 193 28.6944
177 193 28.6944
209 193 28.6944
228 193 40.1606
233 193 28.6944
234 193 28.6944
243 193 28.6944
260 193 40.1606
289 193 66.8896
305 193 200
308 193 66.8896
312 193 200
314 193 66.8896
317 193 66.8896
341 193 66.8896
342 193 66.8896
343 193 66.8896
378 193 200
387 193 200
388 193 200
393 193 28.6944
448 193 200
450 193 200
453 193 200
461 193 40.1606
528 193 28.6944
529 193 28.6944
7 194 18.2648
8 194 18.2648
13 194 18.2648
14 194 18.2648
18 194 18.2648
27 194 18.2648
31 194 18.2648
39 194 18.2648
40 194 18.2648
71 194 22.3214
84 194 22.3214
97 194 22.3214
98 194 22.3214
115 194 22.3214
116 194 22.3214
123 194 22.3214
177 194 28.6944
260 194 40.1606
289 194 66.8896
305 194 200
308 194 66.8896
312 194 66.8896
314 194 66.8896
316 194 66.8896
317 194 66.8896
338 194 66.8896
341 194 66.8896
343 194 66.8896
346 194 40.1606
378 194 200
387 194 200
393 194 28.6944
448 194 200
450 194 200
453 194 200
518 194 28.6944
528 194 28.6944
529 194 28.6944
8 195 18.2648
13 195 18.2648
14 195 18.2648
18 195 18.2648
21 195 40.1606
22 195 40.1606
27 195 18.2648
31 195 18.2648
39 195 18.2648
40 195 18.2648
71 195 22.3214
83 195 22.3214
84 195 22.3214
93 195 22.3214
97 195 22.3214
98 195 22.3214
116 195 22.3214
154 195 28.6944
162 195 28.6944
289 195 66.8896
305 195 200
308 195 66.8896
312 195 66.8896
314 195 66.8896
317 195 66.8896
338 195 66.8896
341 195 66.8896
343 195 66.8896
345 195 66.8896
378 195 200
381 195 66.8896
387 195 200
408 195 66.8896
450 195 200
453 195 200
456 195 66.8896
457 195 66.8896
459 195 40.1606
460 195 40.1606
513 195 40.1606
529 195 28.6944
14 196 18.2648
18 196 18.2648
27 196 18.2648
28 196 18.2648
31 196 18.2648
40 196 18.2648
71 196 22.3214
83 196 22.3214
84 196 22.3214
87 196 22.3214
93 196 22.3214
94 196 22.3214
98 196 22.3214
115 196 22.3214
122 196 22.3214
146 196 22.3214
161 196 28.6944
162 196 28.6944
224 196 40.1606
225 196 40.1606
260 196 40.1606
289 196 66.8896
305 196 200
308 196 66.8896
312 196 66.8896
317 196 66.8896
335 196 13.3958
336 196 13.3958
352 196 7.44324
378 196 200
392 196 40.1606
408 196 66.8896
412 196 40.1606
414 196 40.1606
447 196 40.1606
455 196 66.8896
456 196 66.8896
457 196 66.8896
458 196 40.1606
459 196 40.1606
460 196 40.1606
513 196 40.1606
529 196 28.6944
7 197 18.2648
8 197 18.2648
84 197 22.3214
115 197 22.3214
122 197 22.3214
162 197 28.6944
178 197 28.6944
224 197 40.1606
228 197 22.3214
234 197 40.1606
260 197 40.1606
282 197 40.1606
305 197 200
308 197 66.8896
312 197 66.8896
317 197 66.8896
335 197 13.3958
336 197 13.3958
351 197 7.44324
352 197 7.44324
378 197 200
388 197 66.8896
389 197 66.8896
390 197 66.8896
391 197 40.1606
392 197 40.1606
412 197 40.1606
447 197 40.1606
454 197 66.8896
455 197 66.8896
456 197 66.8896
457 197 66.8896
458 197 40.1606
459 197 40.1606
460 197 40.1606
462 197 40.1606
473 197 3.94089
513 197 40.1606
528 197 28.6944
529 197 28.6944
8 198 18.2648
46 198 18.2648
71 198 22.3214
72 198 22.3214
95 198 22.3214
96 198 22.3214
115 198 22.3214
121 198 22.3214
122 198 22.3214
155 198 22.3214
218 198 28.6944
305 198 200
308 198 66.8896
311 198 66.8896
312 198 66.8896
314 198 66.8896
316 198 66.8896
317 198 66.8896
318 198 66.8896
335 198 13.3958
336 198 13.3958
337 198 13.3958
351 198 15.456
357 198 40.1606
364 198 22.3214
378 198 200
386 198 200
388 198 66.8896
389 198 66.8896
390 198 66.8896
391 198 40.1606
392 198 40.1606
393 198 40.1606
394 198 40.1606
414 198 11.8203
454 198 66.8896
455 198 66.8896
456 198 66.8896
457 198 66.8896
458 198 40.1606
459 198 40.1606
460 198 40.1606
462 198 40.1606
465 198 4.27625
471 198 3.94089
475 198 3.79219
476 198 3.6543
478 198 3.6543
481 198 3.52609
513 198 40.1606
524 198 40.1606
528 198 28.6944
529 198 28.6944
46 199 18.2648
95 199 22.3214
96 199 22.3214
115 199 22.3214
121 199 22.3214
155 199 28.6944
224 199 40.1606
242 199 22.3214
272 199 40.1606
289 199 66.8896
305 199 200
308 199 66.8896
312 199 66.8896
317 199 66.8896
318 199 66.8896
336 199 66.8896
351 199 15.456
352 199 15.456
357 199 40.1606
364 199 22.3214
380 199 200
384 199 200
386 199 200
388 199 66.8896
389 199 66.8896
391 199 40.1606
392 199 40.1606
393 199 40.1606
394 199 40.1606
396 199 6.93001
399 199 6.48298
450 199 200
455 199 66.8896
456 199 66.8896
457 199 66.8896
459 199 40.1606
460 199 40.1606
513 199 40.1606
528 199 28.6944
529 199 28.6944
5 200 18.2648
114 200 22.3214
115 200 22.3214
121 200 22.3214
142 200 22.3214
216 200 28.6944
218 200 28.6944
224 200 40.1606
237 200 40.1606
239 200 40.1606
272 200 40.1606
273 200 40.1606
329 200 66.8896
336 200 66.8896
337 200 66.8896
344 200 66.8896
351 200 15.456
352 200 15.456
357 200 40.1606
361 200 28.6944
364 200 22.3214
376 200 200
384 200 200
386 200 200
387 200 66.8896
388 200 66.8896
389 200 66.8896
390 200 66.8896
391 200 40.1606
392 200 40.1606
393 200 40.1606
396 200 6.93001
399 200 6.48298
414 200 11.8203
455 200 66.8896
456 200 66.8896
459 200 40.1606
513 200 40.1606
515 200 40.1606
529 200 28.6944
5 201 18.2648
121 201 22.3214
142 201 22.3214
146 201 22.3214
156 201 28.6944
157 201 28.6944
216 201 28.6944
218 201 28.6944
237 201 40.1606
272 201 40.1606
329 201 66.8896
336 201 66.8896
337 201 66.8896
344 201 66.8896
351 201 15.456
352 201 15.456
357 201 40.1606
361 201 28.6944
367 201 18.2648
375 201 28.6944
376 201 28.6944
388 201 66.8896
389 201 66.8896
390 201 66.8896
392 201 40.1606
396 201 6.93001
513 201 40.1606
515 201 40.1606
524 201 40.1606
529 201 28.6944
5 202 18.2648
6 202 18.2648
48 202 18.2648
49 202 18.2648
69 202 22.3214
113 202 22.3214
121 202 22.3214
146 202 22.3214
157 202 28.6944
216 202 28.6944
218 202 28.6944
231 202 22.3214
336 202 66.8896
344 202 40.1606
351 202 15.456
352 202 15.456
357 202 40.1606
366 202 22.3214
367 202 18.2648
383 202 200
475 202 200
513 202 40.1606
515 202 40.1606
529 202 28.6944
5 203 18.2648
6 203 18.2648
48 203 18.2648
49 203 18.2648
69 203 22.3214
70 203 22.3214
101 203 22.3214
102 203 22.3214
113 203 22.3214
121 203 22.3214
122 203 22.3214
172 203 28.6944
182 203 28.6944
183 203 28.6944
216 203 28.6944
218 203 28.6944
229 203 22.3214
231 203 22.3214
336 203 66.8896
337 203 66.8896
342 203 40.1606
343 203 40.1606
351 203 15.456
352 203 15.456
412 203 40.1606
475 203 200
477 203 200
502 203 200
513 203 40.1606
515 203 40.1606
529 203 28.6944
6 204 18.2648
48 204 18.2648
101 204 22.3214
102 204 22.3214
113 204 22.3214
121 204 22.3214
122 204 22.3214
150 204 22.3214
158 204 28.6944
172 204 28.6944
181 204 28.6944
216 204 28.6944
218 204 28.6944
242 204 28.6944
276 204 28.6944
279 204 22.3214
336 204 66.8896
337 204 66.8896
342 204 40.1606
343 204 40.1606
364 204 40.1606
381 204 200
395 204 200
412 204 40.1606
477 204 200
502 204 66.8896
507 204 66.8896
513 204 40.1606
515 204 40.1606
529 204 28.6944
113 205 22.3214
122 205 22.3214
171 205 28.6944
172 205 28.6944
181 205 28.6944
216 205 28.6944
218 205 28.6944
288 205 40.1606
336 205 200
337 205 200
342 205 40.1606
343 205 40.1606
358 205 200
363 205 40.1606
364 205 40.1606
365 205 40.1606
375 205 18.2648
381 205 200
384 205 11.8203
395 205 200
412 205 40.1606
426 205 40.1606
493 205 40.1606
507 205 66.8896
513 205 40.1606
515 205 40.1606
529 205 28.6944
113 206 22.3214
122 206 22.3214
157 206 28.6944
171 206 22.3214
172 206 22.3214
181 206 28.6944
189 206 28.6944
216 206 28.6944
218 206 28.6944
269 206 66.8896
289 206 40.1606
336 206 200
337 206 66.8896
342 206 40.1606
343 206 40.1606
358 206 200
364 206 40.1606
365 206 40.1606
384 206 11.8203
385 206 11.8203
397 206 200
398 206 200
412 206 40.1606
502 206 66.8896
507 206 66.8896
513 206 40.1606
515 206 40.1606
529 206 28.6944
113 207 22.3214
121 207 22.3214
122 207 22.3214
153 207 22.3214
157 207 28.6944
171 207 28.6944
172 207 28.6944
176 207 15.456
180 207 28.6944
181 207 28.6944
194 207 28.6944
216 207 28.6944
218 207 28.6944
239 207 40.1606
241 207 28.6944
290 207 40.1606
336 207 200
337 207 66.8896
342 207 40.1606
343 207 40.1606
346 207 28.6944
350 207 22.3214
353 207 18.2648
393 207 66.8896
397 207 200
412 207 40.1606
423 207 40.1606
490 207 66.8896
502 207 66.8896
507 207 66.8896
513 207 40.1606
515 207 28.6944
529 207 28.6944
6 208 13.3958
17 208 13.3958
113 208 22.3214
114 208 22.3214
117 208 15.456
121 208 22.3214
122 208 22.3214
153 208 22.3214
157 208 28.6944
171 208 28.6944
172 208 28.6944
176 208 15.456
181 208 28.6944
194 208 28.6944
216 208 28.6944
218 208 28.6944
240 208 28.6944
271 208 40.1606
285 208 40.1606
336 208 200
337 208 200
339 208 200
340 208 40.1606
350 208 22.3214
353 208 18.2648
393 208 66.8896
412 208 40.1606
414 208 40.1606
423 208 40.1606
466 208 66.8896
488 208 66.8896
502 208 66.8896
507 208 66.8896
513 208 40.1606
515 208 28.6944
529 208 28.6944
530 208 28.6944
6 209 13.3958
9 209 13.3958
17 209 13.3958
18 209 13.3958
21 209 13.3958
113 209 22.3214
117 209 15.456
120 209 22.3214
121 209 22.3214
157 209 28.6944
171 209 28.6944
172 209 28.6944
181 209 28.6944
182 209 28.6944
216 209 28.6944
237 209 40.1606
238 209 40.1606
239 209 40.1606
271 209 40.1606
328 209 200
336 209 200
337 209 200
339 209 66.8896
340 209 66.8896
350 209 22.3214
365 209 10.5764
412 209 40.1606
466 209 66.8896
488 209 66.8896
491 209 40.1606
502 209 66.8896
507 209 66.8896
513 209 40.1606
515 209 28.6944
516 209 28.6944
529 209 28.6944
530 209 28.6944
19 210 13.3958
20 210 13.3958
21 210 13.3958
113 210 22.3214
121 210 22.3214
138 210 22.3214
157 210 28.6944
171 210 28.6944
172 210 22.3214
216 210 28.6944
271 210 40.1606
274 210 28.6944
328 210 200
336 210 200
337 210 200
340 210 66.8896
357 210 200
365 210 10.5764
379 210 15.456
392 210 200
412 210 40.1606
476 210 66.8896
488 210 66.8896
491 210 40.1606
516 210 28.6944
530 210 28.6944
3 211 13.3958
19 211 13.3958
20 211 13.3958
21 211 13.3958
22 211 13.3958
113 211 22.3214
121 211 22.3214
138 211 22.3214
146 211 22.3214
157 211 28.6944
171 211 28.6944
172 211 22.3214
216 211 28.6944
270 211 40.1606
271 211 40.1606
286 211 66.8896
289 211 200
290 211 66.8896
295 211 40.1606
299 211 28.6944
336 211 200
337 211 200
340 211 66.8896
349 211 22.3214
365 211 10.5764
390 211 200
412 211 40.1606
446 211 40.1606
448 211 40.1606
449 211 40.1606
476 211 66.8896
488 211 66.8896
491 211 40.1606
502 211 66.8896
507 211 66.8896
530 211 28.6944
6 212 13.3958
21 212 13.3958
22 212 13.3958
113 212 22.3214
120 212 22.3214
121 212 22.3214
157 212 28.6944
171 212 22.3214
172 212 22.3214
174 212 22.3214
190 212 28.6944
194 212 28.6944
218 212 22.3214
235 212 28.6944
237 212 28.6944
261 212 40.1606
270 212 40.1606
289 212 200
290 212 66.8896
292 212 200
295 212 40.1606
296 212 40.1606
298 212 40.1606
299 212 28.6944
336 212 200
337 212 200
340 212 66.8896
349 212 22.3214
355 212 40.1606
370 212 28.6944
389 212 200
390 212 200
409 212 66.8896
412 212 40.1606
446 212 40.1606
448 212 40.1606
465 212 66.8896
488 212 66.8896
502 212 66.8896
530 212 28.6944
5 213 13.3958
6 213 13.3958
19 213 13.3958
112 213 22.3214
113 213 22.3214
120 213 22.3214
121 213 22.3214
149 213 22.3214
150 213 22.3214
157 213 28.6944
171 213 22.3214
172 213 22.3214
194 213 28.6944
211 213 28.6944
218 213 22.3214
225 213 40.1606
237 213 28.6944
295 213 40.1606
296 213 40.1606
348 213 40.1606
355 213 40.1606
370 213 22.3214
378 213 10.5764
389 213 200
408 213 66.8896
409 213 66.8896
411 213 40.1606
412 213 40.1606
448 213 40.1606
464 213 200
465 213 200
469 213 66.8896
473 213 66.8896
477 213 40.1606
488 213 66.8896
493 213 40.1606
502 213 66.8896
516 213 28.6944
530 213 28.6944
6 214 13.3958
19 214 13.3958
112 214 22.3214
120 214 22.3214
121 214 22.3214
149 214 22.3214
157 214 28.6944
172 214 22.3214
194 214 28.6944
218 214 22.3214
227 214 40.1606
296 214 40.1606
354 214 40.1606
355 214 40.1606
360 214 200
365 214 18.2648
378 214 10.5764
384 214 200
385 214 200
386 214 200
409 214 66.8896
412 214 40.1606
464 214 200
465 214 200
468 214 66.8896
469 214 66.8896
475 214 66.8896
477 214 40.1606
493 214 40.1606
502 214 66.8896
527 214 40.1606
530 214 28.6944
23 215 13.3958
24 215 13.3958
112 215 22.3214
120 215 22.3214
121 215 22.3214
148 215 22.3214
157 215 28.6944
172 215 22.3214
238 215 28.6944
254 215 40.1606
256 215 40.1606
296 215 40.1606
347 215 200
354 215 40.1606
363 215 18.2648
365 215 18.2648
368 215 28.6944
412 215 40.1606
464 215 200
468 215 66.8896
479 215 40.1606
492 215 40.1606
493 215 40.1606
525 215 40.1606
530 215 28.6944
13 216 13.3958
24 216 13.3958
25 216 13.3958
112 216 22.3214
120 216 22.3214
121 216 22.3214
142 216 22.3214
148 216 22.3214
172 216 22.3214
174 216 22.3214
217 216 28.6944
238 216 28.6944
254 216 40.1606
264 216 40.1606
296 216 40.1606
337 216 200
341 216 200
342 216 200
348 216 200
352 216 40.1606
354 216 40.1606
365 216 18.2648
369 216 28.6944
372 216 200
375 216 66.8896
388 216 28.6944
412 216 40.1606
455 216 66.8896
464 216 200
468 216 66.8896
493 216 40.1606
530 216 28.6944
535 216 13.3958
9 217 15.456
10 217 13.3958
12 217 13.3958
13 217 13.3958
25 217 13.3958
26 217 13.3958
112 217 22.3214
120 217 22.3214
121 217 22.3214
142 217 22.3214
172 217 28.6944
217 217 28.6944
225 217 28.6944
238 217 28.6944
257 217 40.1606
296 217 40.1606
336 217 200
337 217 200
341 217 200
342 217 200
348 217 200
352 217 40.1606
365 217 18.2648
370 217 28.6944
372 217 200
375 217 66.8896
376 217 66.8896
412 217 40.1606
468 217 66.8896
493 217 40.1606
530 217 28.6944
11 218 13.3958
12 218 13.3958
25 218 13.3958
112 218 22.3214
120 218 22.3214
121 218 22.3214
132 218 22.3214
142 218 22.3214
147 218 22.3214
172 218 28.6944
194 218 28.6944
217 218 28.6944
218 218 28.6944
238 218 40.1606
239 218 28.6944
257 218 40.1606
262 218 40.1606
296 218 40.1606
299 218 28.6944
328 218 200
333 218 66.8896
348 218 200
352 218 40.1606
353 218 40.1606
366 218 15.456
376 218 66.8896
468 218 66.8896
493 218 40.1606
530 218 28.6944
6 219 13.3958
12 219 13.3958
25 219 13.3958
27 219 13.3958
28 219 15.456
112 219 22.3214
120 219 22.3214
121 219 22.3214
132 219 22.3214
137 219 22.3214
138 219 22.3214
155 219 22.3214
172 219 28.6944
194 219 28.6944
217 219 28.6944
238 219 40.1606
239 219 40.1606
257 219 40.1606
296 219 40.1606
299 219 28.6944
305 219 18.2648
352 219 40.1606
353 219 40.1606
366 219 15.456
412 219 40.1606
493 219 40.1606
530 219 28.6944
6 220 13.3958
8 220 13.3958
12 220 13.3958
17 220 15.456
24 220 13.3958
28 220 15.456
29 220 15.456
112 220 22.3214
121 220 22.3214
137 220 22.3214
138 220 22.3214
155 220 22.3214
172 220 28.6944
194 220 28.6944
217 220 28.6944
236 220 40.1606
239 220 40.1606
259 220 40.1606
296 220 40.1606
305 220 18.2648
336 220 40.1606
349 220 66.8896
353 220 40.1606
363 220 66.8896
366 220 15.456
449 220 40.1606
477 220 66.8896
493 220 40.1606
507 220 40.1606
527 220 28.6944
530 220 28.6944
15 221 15.456
24 221 13.3958
29 221 15.456
112 221 22.3214
121 221 22.3214
155 221 22.3214
170 221 28.6944
172 221 28.6944
217 221 28.6944
236 221 40.1606
240 221 40.1606
254 221 40.1606
260 221 40.1606
296 221 40.1606
304 221 18.2648
332 221 66.8896
336 221 40.1606
353 221 40.1606
363 221 66.8896
366 221 15.456
368 221 15.456
369 221 13.3958
373 221 28.6944
377 221 22.3214
392 221 15.456
447 221 40.1606
471 221 66.8896
488 221 66.8896
489 221 66.8896
493 221 40.1606
527 221 28.6944
530 221 28.6944
34 222 13.3958
35 222 13.3958
112 222 22.3214
121 222 22.3214
134 222 22.3214
155 222 22.3214
217 222 28.6944
229 222 28.6944
245 222 40.1606
260 222 40.1606
263 222 28.6944
296 222 40.1606
297 222 40.1606
349 222 66.8896
353 222 40.1606
363 222 66.8896
366 222 15.456
368 222 15.456
369 222 13.3958
373 222 28.6944
377 222 22.3214
471 222 66.8896
475 222 40.1606
478 222 66.8896
488 222 66.8896
493 222 40.1606
527 222 28.6944
530 222 28.6944
21 223 13.3958
22 223 13.3958
34 223 13.3958
35 223 13.3958
36 223 13.3958
112 223 22.3214
121 223 22.3214
134 223 22.3214
144 223 22.3214
155 223 22.3214
217 223 28.6944
229 223 28.6944
260 223 40.1606
263 223 28.6944
295 223 40.1606
296 223 40.1606
297 223 40.1606
349 223 66.8896
353 223 40.1606
363 223 40.1606
366 223 40.1606
369 223 13.3958
377 223 22.3214
475 223 40.1606
493 223 40.1606
514 223 40.1606
530 223 28.6944
22 224 13.3958
35 224 13.3958
36 224 13.3958
112 224 22.3214
121 224 22.3214
129 224 22.3214
134 224 22.3214
137 224 22.3214
144 224 22.3214
155 224 22.3214
201 224 28.6944
217 224 28.6944
219 224 28.6944
229 224 28.6944
239 224 40.1606
241 224 40.1606
244 224 40.1606
260 224 40.1606
291 224 40.1606
296 224 40.1606
297 224 40.1606
349 224 66.8896
353 224 40.1606
363 224 18.2648
372 224 200
403 224 200
404 224 200
411 224 66.8896
412 224 66.8896
439 224 200
446 224 40.1606
447 224 40.1606
449 224 28.6944
493 224 40.1606
514 224 40.1606
525 224 40.1606
530 224 28.6944
3 225 15.456
11 225 13.3958
12 225 13.3958
21 225 13.3958
39 225 15.456
40 225 15.456
112 225 22.3214
113 225 22.3214
121 225 22.3214
136 225 22.3214
137 225 22.3214
140 225 28.6944
143 225 22.3214
144 225 22.3214
155 225 22.3214
159 225 18.2648
217 225 28.6944
219 225 28.6944
229 225 28.6944
239 225 40.1606
296 225 40.1606
297 225 40.1606
335 225 40.1606
353 225 40.1606
360 225 22.3214
363 225 18.2648
364 225 18.2648
372 225 200
377 225 28.6944
402 225 200
403 225 200
411 225 66.8896
412 225 66.8896
413 225 66.8896
415 225 66.8896
418 225 28.6944
420 225 28.6944
437 225 200
438 225 200
439 225 200
440 225 200
442 225 66.8896
447 225 28.6944
449 225 28.6944
450 225 28.6944
493 225 40.1606
503 225 40.1606
525 225 40.1606
530 225 28.6944
3 226 15.456
4 226 15.456
18 226 13.3958
21 226 13.3958
39 226 15.456
40 226 15.456
112 226 22.3214
113 226 22.3214
122 226 22.3214
143 226 22.3214
155 226 22.3214
159 226 18.2648
187 226 28.6944
219 226 28.6944
237 226 40.1606
287 226 40.1606
288 226 40.1606
290 226 40.1606
291 226 40.1606
353 226 40.1606
360 226 22.3214
363 226 18.2648
364 226 18.2648
367 226 200
372 226 200
375 226 40.1606
377 226 40.1606
401 226 200
412 226 66.8896
413 226 66.8896
416 226 28.6944
418 226 28.6944
420 226 28.6944
437 226 200
438 226 200
439 226 200
442 226 66.8896
443 226 66.8896
445 226 40.1606
450 226 28.6944
451 226 18.2648
452 226 18.2648
453 226 15.456
493 226 40.1606
503 226 40.1606
513 226 66.8896
517 226 28.6944
530 226 28.6944
3 227 15.456
4 227 15.456
14 227 13.3958
15 227 13.3958
18 227 13.3958
33 227 13.3958
34 227 13.3958
113 227 22.3214
122 227 22.3214
143 227 22.3214
155 227 22.3214
239 227 40.1606
241 227 40.1606
242 227 40.1606
288 227 40.1606
291 227 40.1606
367 227 200
372 227 200
375 227 40.1606
377 227 40.1606
400 227 66.8896
412 227 66.8896
413 227 66.8896
416 227 28.6944
420 227 28.6944
439 227 200
442 227 66.8896
445 227 22.3214
446 227 22.3214
457 227 6.93001
493 227 40.1606
526 227 40.1606
530 227 28.6944
37 228 15.456
114 228 22.3214
122 228 22.3214
142 228 22.3214
143 228 22.3214
155 228 22.3214
156 228 22.3214
225 228 28.6944
293 228 40.1606
370 228 200
372 228 200
375 228 40.1606
377 228 40.1606
422 228 28.6944
425 228 6.09013
439 228 66.8896
446 228 22.3214
460 228 6.48298
461 228 6.48298
462 228 6.48298
493 228 40.1606
516 228 28.6944
530 228 28.6944
28 229 15.456
35 229 13.3958
36 229 15.456
37 229 15.456
38 229 15.456
114 229 22.3214
122 229 22.3214
132 229 22.3214
142 229 22.3214
155 229 22.3214
156 229 22.3214
225 229 28.6944
364 229 66.8896
368 229 200
422 229 6.48298
425 229 6.09013
513 229 40.1606
516 229 28.6944
530 229 28.6944
531 229 28.6944
14 230 13.3958
27 230 15.456
37 230 15.456
38 230 15.456
44 230 15.456
45 230 15.456
114 230 22.3214
122 230 22.3214
123 230 22.3214
132 230 22.3214
141 230 22.3214
142 230 22.3214
155 230 22.3214
156 230 22.3214
197 230 28.6944
198 230 28.6944
229 230 28.6944
306 230 40.1606
362 230 200
363 230 200
366 230 66.8896
377 230 40.1606
412 230 66.8896
416 230 40.1606
444 230 40.1606
445 230 40.1606
447 230 28.6944
516 230 28.6944
530 230 28.6944
531 230 28.6944
16 231 13.3958
26 231 15.456
27 231 15.456
44 231 15.456
45 231 15.456
114 231 22.3214
122 231 22.3214
123 231 22.3214
141 231 22.3214
142 231 22.3214
156 231 22.3214
180 231 28.6944
185 231 28.6944
186 231 28.6944
198 231 28.6944
229 231 28.6944
363 231 200
370 231 40.1606
412 231 66.8896
439 231 66.8896
444 231 40.1606
445 231 40.1606
447 231 28.6944
530 231 28.6944
531 231 28.6944
10 232 13.3958
20 232 13.3958
45 232 15.456
46 232 15.456
114 232 22.3214
123 232 22.3214
143 232 28.6944
166 232 28.6944
185 232 28.6944
186 232 28.6944
229 232 28.6944
244 232 28.6944
342 232 40.1606
370 232 22.3214
413 232 66.8896
414 232 66.8896
417 232 40.1606
418 232 40.1606
426 232 66.8896
429 232 40.1606
430 232 40.1606
437 232 66.8896
439 232 66.8896
440 232 66.8896
444 232 40.1606
516 232 28.6944
531 232 28.6944
10 233 13.3958
29 233 13.3958
45 233 15.456
46 233 15.456
47 233 15.456
114 233 22.3214
116 233 22.3214
142 233 28.6944
143 233 28.6944
229 233 28.6944
236 233 15.456
341 233 40.1606
342 233 40.1606
371 233 22.3214
413 233 66.8896
414 233 66.8896
417 233 40.1606
418 233 40.1606
430 233 40.1606
439 233 66.8896
440 233 66.8896
441 233 66.8896
444 233 40.1606
446 233 40.1606
447 233 22.3214
531 233 28.6944
46 234 13.3958
47 234 13.3958
115 234 22.3214
124 234 18.2648
125 234 18.2648
135 234 22.3214
143 234 28.6944
229 234 28.6944
232 234 28.6944
342 234 40.1606
361 234 11.8203
371 234 8.73744
413 234 66.8896
414 234 66.8896
417 234 40.1606
419 234 40.1606
435 234 200
439 234 66.8896
440 234 66.8896
444 234 40.1606
447 234 22.3214
531 234 28.6944
9 235 13.3958
27 235 13.3958
47 235 13.3958
115 235 22.3214
229 235 28.6944
413 235 66.8896
444 235 40.1606
531 235 28.6944
26 236 13.3958
27 236 13.3958
28 236 13.3958
40 236 15.456
47 236 13.3958
48 236 13.3958
204 236 28.6944
205 236 28.6944
229 236 28.6944
413 236 66.8896
444 236 40.1606
531 236 28.6944
27 237 13.3958
28 237 13.3958
30 237 15.456
39 237 15.456
40 237 15.456
50 237 18.2648
192 237 22.3214
229 237 28.6944
232 237 22.3214
527 237 28.6944
531 237 28.6944
10 238 13.3958
11 238 13.3958
30 238 15.456
31 238 15.456
229 238 28.6944
232 238 22.3214
10 239 13.3958
14 239 13.3958
31 239 15.456
33 239 13.3958
39 239 15.456
229 239 28.6944
232 239 22.3214
233 239 22.3214
10 240 13.3958
14 240 13.3958
32 240 15.456
33 240 13.3958
48 240 18.2648
49 240 18.2648
200 240 22.3214
229 240 28.6944
232 240 22.3214
233 240 22.3214
440 240 28.6944
41 241 15.456
42 241 15.456
133 241 18.2648
229 241 28.6944
232 241 28.6944
133 242 18.2648
229 242 28.6944
133 243 18.2648
229 243 28.6944
230 243 28.6944
15 244 13.3958
26 244 13.3958
107 244 18.2648
119 244 18.2648
133 244 18.2648
3 245 13.3958
26 245 13.3958
27 245 13.3958
35 245 13.3958
93 245 15.456
112 245 18.2648
119 245 18.2648
34 246 13.3958
35 246 13.3958
93 246 15.456
23 247 13.3958
34 247 13.3958
43 247 13.3958
93 247 15.456
4 248 13.3958
15 248 13.3958
16 248 13.3958
43 248 13.3958
42 249 13.3958
43 249 13.3958
20 250 13.3958
39 250 15.456
42 250 13.3958
55 250 15.456
56 250 15.456
334 250 22.3214
40 251 13.3958
42 251 13.3958
481 251 22.3214
31 252 13.3958
37 252 15.456
42 252 13.3958
43 252 13.3958
6 253 13.3958
10 253 15.456
31 253 13.3958
32 253 13.3958
36 253 13.3958
42 253 13.3958
43 253 13.3958
31 254 13.3958
32 254 13.3958
36 254 13.3958
40 254 13.3958
43 254 13.3958
23 255 13.3958
17 257 13.3958
18 257 13.3958
80 257 15.456
308 258 18.2648
29 259 13.3958
224 259 18.2648
292 263 18.2648
292 264 18.2648
293 264 18.2648
273 271 15.456
25 272 13.3958
26 272 13.3958
28 272 13.3958
29 272 13.3958
25 273 13.3958
26 273 13.3958
27 273 13.3958
29 273 13.3958
37 273 13.3958
38 273 13.3958
24 274 13.3958
37 274 13.3958
38 274 13.3958
17 275 13.3958
18 275 13.3958
31 275 13.3958
32 275 13.3958
16 276 11.8203
17 276 13.3958
18 276 13.3958
19 276 13.3958
26 276 11.8203
32 276 13.3958
269 276 13.3958
25 277 11.8203
26 277 11.8203
27 277 11.8203
122 280 13.3958
250 280 13.3958
251 280 13.3958
252 281 13.3958
244 286 11.8203
245 286 11.8203
117 287 11.8203
219 294 10.5764
220 294 10.5764
226 294 10.5764
227 294 10.5764
73 297 10.5764
74 297 10.5764
35 301 9.56938
210 302 9.56938
211 302 9.56938
212 302 9.56938
43 305 9.56938
44 305 9.56938
50 305 9.56938
51 305 9.56938
8 312 8.73744
5 313 8.73744
8 313 8.73744
177 313 8.73744
178 313 8.73744
182 313 9.56938
187 313 8.03858
188 313 8.03858
5 314 8.73744
6 314 8.73744
177 314 8.73744
186 314 8.03858
187 314 8.03858
188 314 8.03858
4 315 8.73744
6 315 8.73744
160 326 7.44324
150 327 7.44324
161 327 7.44324
162 327 7.44324
614 340 6.48298
614 341 6.48298
613 342 6.48298
34 344 6.93001
109 345 6.48298
110 345 6.48298
111 345 6.48298
112 345 6.48298
116 345 6.48298
117 345 6.48298
120 345 6.48298
121 345 6.48298
122 345 6.48298
109 346 6.48298
110 346 6.48298
111 346 6.48298
115 346 6.48298
116 346 6.48298
117 346 6.48298
118 346 6.48298
119 346 6.48298
121 346 6.48298
122 346 6.48298
123 346 6.48298
124 346 6.48298
609 348 6.48298
608 349 6.48298
609 349 6.48298
608 350 6.48298
535 353 6.09013
522 354 6.09013
538 354 6.09013
536 355 6.09013
537 355 6.09013
621 355 6.09013
23 356 6.09013
24 356 6.09013
20 357 6.09013
24 357 6.09013
19 358 6.09013
20 358 6.09013
548 358 6.09013
549 358 6.09013
20 359 6.09013
502 359 6.09013
513 359 6.09013
514 359 6.09013
547 359 6.09013
548 359 6.09013
551 359 6.09013
516 360 5.74218
517 360 5.74218
635 365 6.09013
637 367 5.74218
62 368 5.74218
63 368 5.74218
64 368 5.74218
66 368 5.74218
68 368 5.74218
69 368 5.74218
72 368 5.43183
77 368 5.74218
78 368 5.43183
61 369 5.74218
62 369 5.74218
71 369 5.74218
72 369 5.43183
76 369 5.74218
79 369 5.43183
80 369 5.43183
80 370 5.43183
171 373 5.15331
169 375 5.15331
170 375 5.15331
169 376 5.15331
8 404 4.67399
3 405 4.67399
4 405 4.67399
9 405 4.67399
4 406 4.67399
4 407 4.67399
44 407 4.46628
133 408 4.46628
134 408 4.46628
38 409 4.46628
39 409 4.46628
111 428 3.94089
274 428 3.94089
100 433 3.94089
102 434 3.94089
406 445 3.6543
95 448 3.6543
96 448 3.6543
97 448 3.52609
93 449 3.6543
94 449 3.6543
97 449 3.52609
98 449 3.52609
99 449 3.52609
92 450 3.6543
93 450 3.6543
97 450 3.52609
98 450 3.52609
93 451 3.6543
94 451 3.6543
418 451 3.6543
92 452 3.6543
93 452 3.6543
94 452 3.6543
95 452 3.52609
388 453 3.52609
91 455 3.40657
92 455 3.40657
386 456 3.52609
163 458 3.40657
479 459 3.52609
480 459 3.52609
116 462 3.40657
482 463 3.40657
612 466 3.40657
129 470 3.29489
62 471 3.29489
129 471 3.29489
28 474 3.29489
126 474 3.1903
126 475 3.1903
127 475 3.1903
160 475 3.1903
162 476 3.1903
159 477 3.1903
