8 3 18.2648
21 3 18.2648
25 3 18.2648
42 3 18.2648
45 3 22.3214
112 3 22.3214
134 3 22.3214
140 3 28.6944
150 3 28.6944
158 3 28.6944
205 3 22.3214
226 3 40.1606
227 3 40.1606
523 3 40.1606
627 3 22.3214
8 4 18.2648
21 4 18.2648
25 4 18.2648
42 4 18.2648
112 4 22.3214
116 4 22.3214
135 4 22.3214
140 4 28.6944
150 4 28.6944
158 4 28.6944
183 4 28.6944
195 4 40.1606
205 4 22.3214
227 4 40.1606
228 4 40.1606
519 4 66.8896
522 4 40.1606
523 4 40.1606
633 4 9.56938
8 5 18.2648
21 5 18.2648
25 5 18.2648
42 5 18.2648
43 5 18.2648
116 5 22.3214
130 5 22.3214
150 5 28.6944
154 5 28.6944
183 5 28.6944
228 5 40.1606
229 5 40.1606
510 5 66.8896
518 5 66.8896
522 5 40.1606
523 5 40.1606
8 6 18.2648
21 6 18.2648
25 6 18.2648
150 6 28.6944
154 6 28.6944
156 6 28.6944
183 6 28.6944
202 6 40.1606
229 6 40.1606
230 6 40.1606
518 6 66.8896
523 6 40.1606
8 7 18.2648
21 7 18.2648
25 7 18.2648
139 7 28.6944
150 7 28.6944
154 7 28.6944
157 7 28.6944
183 7 28.6944
201 7 40.1606
231 7 40.1606
630 7 18.2648
8 8 18.2648
21 8 18.2648
25 8 18.2648
42 8 18.2648
111 8 22.3214
116 8 22.3214
139 8 28.6944
140 8 28.6944
146 8 22.3214
150 8 28.6944
154 8 28.6944
157 8 28.6944
203 8 66.8896
232 8 40.1606
234 8 40.1606
8 9 18.2648
21 9 18.2648
25 9 18.2648
42 9 18.2648
110 9 22.3214
111 9 22.3214
115 9 22.3214
116 9 22.3214
143 9 22.3214
150 9 28.6944
154 9 28.6944
157 9 28.6944
204 9 66.8896
233 9 40.1606
8 10 18.2648
21 10 18.2648
25 10 18.2648
42 10 18.2648
109 10 22.3214
110 10 22.3214
115 10 22.3214
116 10 22.3214
144 10 22.3214
150 10 28.6944
157 10 28.6944
216 10 40.1606
228 10 40.1606
229 10 40.1606
234 10 40.1606
8 11 18.2648
21 11 18.2648
25 11 18.2648
42 11 18.2648
109 11 22.3214
144 11 22.3214
145 11 22.3214
150 11 28.6944
154 11 28.6944
157 11 28.6944
216 11 40.1606
228 11 40.1606
229 11 40.1606
235 11 40.1606
236 11 40.1606
519 11 40.1606
589 11 9.56938
636 11 10.5764
637 11 10.5764
8 12 18.2648
21 12 18.2648
22 12 18.2648
25 12 18.2648
42 12 18.2648
114 12 22.3214
115 12 22.3214
144 12 22.3214
145 12 22.3214
150 12 28.6944
154 12 28.6944
157 12 28.6944
216 12 40.1606
236 12 40.1606
237 12 40.1606
518 12 40.1606
523 12 40.1606
637 12 10.5764
8 13 18.2648
21 13 18.2648
25 13 18.2648
42 13 18.2648
114 13 22.3214
144 13 22.3214
154 13 28.6944
157 13 28.6944
221 13 22.3214
226 13 40.1606
230 13 200
237 13 40.1606
277 13 13.3958
518 13 40.1606
8 14 18.2648
21 14 18.2648
22 14 18.2648
25 14 18.2648
42 14 18.2648
144 14 28.6944
154 14 28.6944
157 14 28.6944
221 14 22.3214
227 14 66.8896
231 14 200
238 14 40.1606
239 14 40.1606
514 14 66.8896
523 14 40.1606
616 14 22.3214
8 15 18.2648
9 15 18.2648
21 15 18.2648
25 15 18.2648
148 15 200
157 15 28.6944
222 15 22.3214
232 15 200
239 15 40.1606
278 15 13.3958
8 16 18.2648
9 16 18.2648
22 16 18.2648
25 16 18.2648
119 16 22.3214
157 16 28.6944
217 16 40.1606
232 16 200
233 16 200
234 16 200
240 16 40.1606
278 16 15.456
523 16 40.1606
8 17 18.2648
9 17 18.2648
22 17 18.2648
25 17 18.2648
91 17 22.3214
92 17 22.3214
157 17 28.6944
218 17 40.1606
234 17 200
241 17 40.1606
242 17 40.1606
278 17 15.456
279 17 15.456
523 17 40.1606
8 18 18.2648
9 18 18.2648
22 18 18.2648
25 18 18.2648
91 18 22.3214
122 18 22.3214
224 18 40.1606
235 18 200
236 18 200
242 18 40.1606
243 18 40.1606
279 18 15.456
523 18 40.1606
8 19 18.2648
9 19 18.2648
22 19 18.2648
25 19 18.2648
72 19 22.3214
73 19 22.3214
74 19 22.3214
123 19 22.3214
170 19 28.6944
173 19 28.6944
236 19 200
237 19 200
243 19 40.1606
244 19 40.1606
279 19 22.3214
515 19 40.1606
610 19 28.6944
8 20 18.2648
9 20 18.2648
22 20 18.2648
25 20 18.2648
72 20 22.3214
73 20 22.3214
74 20 22.3214
125 20 22.3214
153 20 200
170 20 28.6944
173 20 28.6944
237 20 200
244 20 40.1606
280 20 22.3214
511 20 66.8896
515 20 40.1606
8 21 18.2648
9 21 18.2648
22 21 18.2648
25 21 18.2648
26 21 18.2648
72 21 22.3214
73 21 22.3214
126 21 22.3214
127 21 22.3214
170 21 28.6944
171 21 28.6944
175 21 28.6944
185 21 28.6944
206 21 28.6944
237 21 200
238 21 200
245 21 40.1606
246 21 40.1606
261 21 28.6944
274 21 22.3214
275 21 22.3214
276 21 22.3214
279 21 28.6944
280 21 28.6944
281 21 28.6944
8 22 18.2648
9 22 18.2648
22 22 18.2648
25 22 18.2648
26 22 18.2648
44 22 18.2648
73 22 22.3214
128 22 22.3214
170 22 28.6944
175 22 28.6944
206 22 28.6944
207 22 28.6944
224 22 40.1606
238 22 200
239 22 200
246 22 40.1606
247 22 40.1606
265 22 28.6944
270 22 22.3214
271 22 22.3214
272 22 22.3214
278 22 28.6944
279 22 28.6944
280 22 28.6944
514 22 40.1606
9 23 18.2648
22 23 18.2648
25 23 18.2648
26 23 18.2648
42 23 18.2648
43 23 18.2648
45 23 18.2648
46 23 15.456
72 23 22.3214
73 23 22.3214
130 23 22.3214
170 23 28.6944
175 23 28.6944
208 23 28.6944
224 23 40.1606
239 23 200
240 23 200
247 23 40.1606
248 23 40.1606
263 23 28.6944
268 23 28.6944
269 23 28.6944
279 23 28.6944
280 23 28.6944
22 24 18.2648
25 24 18.2648
26 24 18.2648
42 24 18.2648
43 24 18.2648
72 24 22.3214
131 24 22.3214
132 24 22.3214
175 24 28.6944
209 24 28.6944
224 24 40.1606
240 24 200
241 24 200
248 24 40.1606
249 24 40.1606
259 24 18.2648
262 24 28.6944
267 24 28.6944
268 24 28.6944
269 24 28.6944
551 24 28.6944
22 25 18.2648
25 25 18.2648
26 25 18.2648
43 25 18.2648
72 25 22.3214
73 25 22.3214
133 25 22.3214
152 25 28.6944
208 25 28.6944
210 25 28.6944
224 25 40.1606
228 25 22.3214
242 25 200
249 25 40.1606
256 25 22.3214
265 25 28.6944
266 25 28.6944
267 25 28.6944
268 25 28.6944
277 25 40.1606
514 25 40.1606
22 26 18.2648
25 26 18.2648
26 26 18.2648
44 26 22.3214
72 26 22.3214
73 26 22.3214
135 26 22.3214
150 26 28.6944
153 26 28.6944
209 26 28.6944
211 26 28.6944
224 26 40.1606
242 26 200
243 26 200
250 26 40.1606
251 26 40.1606
264 26 28.6944
274 26 66.8896
22 27 18.2648
25 27 18.2648
26 27 18.2648
72 27 22.3214
151 27 28.6944
154 27 28.6944
212 27 28.6944
220 27 18.2648
224 27 40.1606
243 27 200
244 27 200
245 27 200
251 27 40.1606
259 27 28.6944
524 27 40.1606
22 28 18.2648
26 28 18.2648
72 28 22.3214
73 28 22.3214
139 28 22.3214
151 28 28.6944
155 28 28.6944
214 28 28.6944
224 28 40.1606
245 28 200
252 28 40.1606
256 28 28.6944
257 28 28.6944
258 28 28.6944
524 28 40.1606
22 29 18.2648
26 29 18.2648
72 29 22.3214
73 29 22.3214
139 29 22.3214
140 29 22.3214
153 29 28.6944
215 29 28.6944
224 29 40.1606
231 29 40.1606
236 29 40.1606
245 29 200
246 29 200
253 29 40.1606
257 29 28.6944
272 29 200
523 29 40.1606
18 30 18.2648
22 30 18.2648
26 30 18.2648
50 30 40.1606
72 30 22.3214
73 30 22.3214
93 30 22.3214
140 30 22.3214
141 30 22.3214
186 30 28.6944
215 30 28.6944
217 30 28.6944
224 30 40.1606
229 30 40.1606
231 30 40.1606
236 30 40.1606
246 30 200
247 30 200
254 30 40.1606
523 30 40.1606
18 31 18.2648
22 31 18.2648
26 31 18.2648
63 31 13.3958
72 31 22.3214
73 31 22.3214
93 31 22.3214
129 31 22.3214
186 31 28.6944
201 31 40.1606
224 31 40.1606
229 31 40.1606
231 31 40.1606
247 31 200
248 31 200
255 31 40.1606
256 31 40.1606
523 31 40.1606
22 32 18.2648
26 32 18.2648
59 32 18.2648
64 32 13.3958
65 32 13.3958
72 32 22.3214
73 32 22.3214
119 32 22.3214
161 32 28.6944
186 32 28.6944
224 32 40.1606
231 32 40.1606
248 32 200
249 32 200
256 32 40.1606
257 32 40.1606
523 32 40.1606
22 33 18.2648
26 33 18.2648
59 33 22.3214
66 33 13.3958
73 33 22.3214
119 33 22.3214
155 33 28.6944
161 33 28.6944
162 33 28.6944
200 33 40.1606
224 33 40.1606
231 33 40.1606
250 33 200
251 33 200
257 33 40.1606
523 33 40.1606
22 34 18.2648
26 34 18.2648
58 34 18.2648
59 34 22.3214
61 34 22.3214
73 34 22.3214
155 34 28.6944
157 34 28.6944
161 34 28.6944
162 34 28.6944
199 34 40.1606
200 34 40.1606
218 34 200
224 34 40.1606
231 34 40.1606
251 34 200
252 34 200
258 34 40.1606
523 34 40.1606
528 34 22.3214
22 35 18.2648
26 35 18.2648
58 35 22.3214
59 35 22.3214
61 35 22.3214
62 35 22.3214
155 35 28.6944
162 35 28.6944
224 35 40.1606
231 35 40.1606
252 35 200
259 35 40.1606
505 35 40.1606
523 35 40.1606
524 35 40.1606
527 35 22.3214
22 36 18.2648
26 36 18.2648
58 36 22.3214
61 36 22.3214
62 36 22.3214
72 36 22.3214
94 36 22.3214
155 36 28.6944
158 36 28.6944
162 36 28.6944
188 36 28.6944
199 36 40.1606
222 36 40.1606
253 36 200
260 36 40.1606
519 36 40.1606
523 36 40.1606
527 36 22.3214
22 37 18.2648
26 37 18.2648
58 37 22.3214
72 37 22.3214
73 37 22.3214
94 37 22.3214
155 37 28.6944
158 37 28.6944
170 37 28.6944
188 37 28.6944
254 37 200
259 37 40.1606
261 37 40.1606
519 37 40.1606
22 38 18.2648
26 38 18.2648
57 38 22.3214
58 38 22.3214
63 38 22.3214
72 38 22.3214
73 38 22.3214
155 38 28.6944
158 38 28.6944
171 38 28.6944
174 38 28.6944
224 38 40.1606
254 38 200
255 38 200
256 38 200
260 38 66.8896
262 38 40.1606
519 38 40.1606
527 38 22.3214
22 39 18.2648
26 39 18.2648
57 39 22.3214
58 39 22.3214
63 39 22.3214
67 39 22.3214
68 39 22.3214
73 39 22.3214
155 39 28.6944
158 39 28.6944
189 39 28.6944
255 39 200
256 39 200
257 39 200
261 39 66.8896
263 39 40.1606
519 39 40.1606
527 39 22.3214
22 40 18.2648
26 40 18.2648
41 40 18.2648
57 40 22.3214
58 40 22.3214
67 40 22.3214
73 40 22.3214
100 40 22.3214
155 40 28.6944
158 40 28.6944
176 40 28.6944
199 40 40.1606
224 40 40.1606
256 40 200
257 40 200
262 40 66.8896
264 40 40.1606
519 40 40.1606
527 40 22.3214
22 41 18.2648
26 41 18.2648
41 41 18.2648
42 41 18.2648
58 41 22.3214
64 41 22.3214
67 41 22.3214
100 41 22.3214
118 41 22.3214
155 41 28.6944
158 41 28.6944
177 41 28.6944
199 41 40.1606
224 41 40.1606
257 41 200
258 41 200
263 41 66.8896
265 41 40.1606
519 41 40.1606
22 42 18.2648
26 42 18.2648
58 42 22.3214
64 42 22.3214
67 42 22.3214
68 42 22.3214
100 42 22.3214
108 42 22.3214
117 42 22.3214
118 42 22.3214
155 42 28.6944
158 42 28.6944
199 42 40.1606
224 42 40.1606
258 42 200
259 42 200
264 42 66.8896
266 42 40.1606
514 42 66.8896
519 42 40.1606
22 43 18.2648
23 43 18.2648
26 43 18.2648
58 43 22.3214
64 43 22.3214
68 43 22.3214
108 43 22.3214
118 43 22.3214
155 43 28.6944
158 43 28.6944
199 43 40.1606
224 43 40.1606
246 43 40.1606
259 43 200
260 43 200
265 43 66.8896
267 43 40.1606
514 43 66.8896
519 43 40.1606
22 44 18.2648
23 44 18.2648
26 44 18.2648
58 44 22.3214
64 44 22.3214
68 44 22.3214
108 44 22.3214
117 44 22.3214
118 44 22.3214
155 44 28.6944
158 44 28.6944
199 44 40.1606
222 44 40.1606
224 44 40.1606
260 44 200
261 44 200
266 44 66.8896
268 44 40.1606
514 44 66.8896
22 45 18.2648
23 45 18.2648
26 45 18.2648
68 45 22.3214
108 45 22.3214
118 45 28.6944
155 45 28.6944
158 45 28.6944
222 45 40.1606
224 45 40.1606
250 45 40.1606
262 45 200
267 45 66.8896
269 45 40.1606
23 46 18.2648
26 46 18.2648
65 46 22.3214
68 46 22.3214
108 46 22.3214
118 46 28.6944
155 46 28.6944
158 46 28.6944
189 46 28.6944
222 46 40.1606
224 46 40.1606
263 46 200
268 46 66.8896
270 46 40.1606
23 47 18.2648
26 47 18.2648
68 47 22.3214
69 47 22.3214
108 47 22.3214
118 47 28.6944
158 47 28.6944
199 47 40.1606
209 47 40.1606
222 47 40.1606
224 47 40.1606
263 47 200
264 47 200
269 47 66.8896
271 47 40.1606
23 48 18.2648
26 48 18.2648
69 48 22.3214
71 48 22.3214
108 48 22.3214
118 48 28.6944
158 48 28.6944
199 48 40.1606
207 48 40.1606
224 48 40.1606
264 48 200
265 48 200
270 48 66.8896
272 48 40.1606
23 49 18.2648
26 49 18.2648
71 49 22.3214
108 49 22.3214
118 49 28.6944
158 49 28.6944
193 49 28.6944
254 49 40.1606
265 49 200
266 49 200
271 49 66.8896
273 49 40.1606
23 50 18.2648
26 50 18.2648
27 50 18.2648
71 50 22.3214
94 50 22.3214
108 50 22.3214
118 50 28.6944
158 50 28.6944
213 50 40.1606
266 50 200
267 50 200
272 50 66.8896
274 50 40.1606
516 50 28.6944
23 51 18.2648
26 51 18.2648
27 51 18.2648
94 51 22.3214
108 51 22.3214
118 51 28.6944
158 51 28.6944
221 51 22.3214
267 51 200
268 51 200
273 51 66.8896
275 51 40.1606
511 51 40.1606
629 51 28.6944
23 52 18.2648
26 52 18.2648
27 52 18.2648
94 52 22.3214
108 52 22.3214
118 52 28.6944
158 52 28.6944
209 52 40.1606
215 52 40.1606
221 52 22.3214
225 52 40.1606
268 52 200
269 52 200
274 52 66.8896
276 52 40.1606
495 52 66.8896
511 52 40.1606
23 53 18.2648
26 53 18.2648
27 53 18.2648
108 53 22.3214
118 53 28.6944
138 53 28.6944
156 53 28.6944
158 53 28.6944
213 53 22.3214
216 53 40.1606
217 53 40.1606
222 53 22.3214
269 53 200
270 53 200
274 53 66.8896
277 53 40.1606
507 53 66.8896
511 53 40.1606
523 53 40.1606
23 54 18.2648
26 54 18.2648
27 54 18.2648
97 54 28.6944
135 54 28.6944
151 54 28.6944
156 54 28.6944
158 54 28.6944
216 54 40.1606
217 54 40.1606
227 54 40.1606
270 54 200
271 54 200
275 54 66.8896
276 54 66.8896
278 54 40.1606
494 54 66.8896
523 54 40.1606
23 55 18.2648
27 55 18.2648
76 55 22.3214
77 55 22.3214
98 55 28.6944
135 55 28.6944
140 55 28.6944
151 55 28.6944
156 55 28.6944
158 55 28.6944
207 55 28.6944
208 55 28.6944
209 55 28.6944
212 55 22.3214
217 55 40.1606
227 55 28.6944
244 55 40.1606
271 55 200
272 55 200
276 55 66.8896
278 55 40.1606
279 55 40.1606
519 55 66.8896
523 55 40.1606
23 56 18.2648
27 56 18.2648
77 56 22.3214
78 56 22.3214
108 56 28.6944
135 56 28.6944
140 56 28.6944
141 56 28.6944
151 56 28.6944
156 56 28.6944
158 56 28.6944
185 56 28.6944
204 56 66.8896
207 56 28.6944
212 56 22.3214
215 56 40.1606
217 56 40.1606
222 56 22.3214
228 56 28.6944
245 56 40.1606
272 56 200
273 56 200
277 56 66.8896
279 56 40.1606
493 56 66.8896
523 56 40.1606
23 57 18.2648
27 57 18.2648
77 57 22.3214
108 57 28.6944
112 57 22.3214
135 57 28.6944
140 57 28.6944
141 57 28.6944
151 57 28.6944
152 57 28.6944
185 57 28.6944
204 57 66.8896
215 57 40.1606
217 57 40.1606
246 57 40.1606
247 57 40.1606
273 57 200
274 57 200
278 57 66.8896
280 57 40.1606
493 57 66.8896
523 57 40.1606
22 58 18.2648
23 58 18.2648
27 58 18.2648
94 58 22.3214
97 58 22.3214
108 58 28.6944
135 58 28.6944
140 58 28.6944
141 58 28.6944
160 58 28.6944
204 58 66.8896
205 58 66.8896
212 58 28.6944
217 58 66.8896
247 58 40.1606
248 58 40.1606
274 58 200
275 58 200
279 58 66.8896
281 58 40.1606
492 58 66.8896
523 58 40.1606
22 59 18.2648
23 59 18.2648
27 59 18.2648
94 59 22.3214
97 59 22.3214
141 59 28.6944
151 59 28.6944
159 59 28.6944
160 59 28.6944
205 59 66.8896
206 59 66.8896
213 59 28.6944
249 59 40.1606
253 59 40.1606
275 59 200
276 59 200
280 59 66.8896
282 59 40.1606
492 59 66.8896
22 60 18.2648
23 60 18.2648
27 60 18.2648
94 60 22.3214
97 60 22.3214
141 60 28.6944
151 60 28.6944
160 60 28.6944
206 60 66.8896
213 60 28.6944
215 60 40.1606
225 60 40.1606
250 60 40.1606
276 60 200
281 60 66.8896
283 60 40.1606
491 60 66.8896
23 61 18.2648
27 61 18.2648
97 61 22.3214
141 61 28.6944
151 61 28.6944
222 61 22.3214
251 61 40.1606
277 61 200
282 61 66.8896
284 61 40.1606
23 62 18.2648
27 62 18.2648
97 62 22.3214
141 62 28.6944
151 62 28.6944
156 62 28.6944
158 62 28.6944
222 62 22.3214
223 62 22.3214
237 62 40.1606
238 62 40.1606
261 62 66.8896
278 62 200
283 62 66.8896
285 62 40.1606
519 62 22.3214
23 63 18.2648
27 63 18.2648
97 63 22.3214
141 63 28.6944
151 63 28.6944
156 63 28.6944
158 63 28.6944
216 63 40.1606
218 63 40.1606
219 63 40.1606
222 63 22.3214
223 63 22.3214
225 63 40.1606
237 63 40.1606
238 63 40.1606
261 63 66.8896
279 63 200
284 63 66.8896
286 63 66.8896
23 64 18.2648
27 64 18.2648
141 64 28.6944
151 64 28.6944
156 64 28.6944
158 64 28.6944
218 64 40.1606
225 64 40.1606
237 64 40.1606
261 64 66.8896
280 64 200
285 64 66.8896
23 65 18.2648
27 65 18.2648
123 65 22.3214
141 65 28.6944
151 65 28.6944
156 65 28.6944
158 65 28.6944
218 65 40.1606
219 65 40.1606
225 65 40.1606
237 65 40.1606
240 65 40.1606
261 65 66.8896
281 65 200
284 65 66.8896
285 65 66.8896
23 66 18.2648
27 66 18.2648
90 66 22.3214
116 66 22.3214
117 66 22.3214
124 66 22.3214
141 66 28.6944
151 66 28.6944
156 66 28.6944
158 66 28.6944
225 66 40.1606
240 66 40.1606
283 66 66.8896
284 66 66.8896
515 66 40.1606
23 67 18.2648
27 67 18.2648
90 67 22.3214
116 67 22.3214
117 67 22.3214
127 67 22.3214
141 67 28.6944
151 67 28.6944
156 67 28.6944
158 67 28.6944
225 67 40.1606
261 67 66.8896
278 67 66.8896
279 67 66.8896
283 67 66.8896
515 67 40.1606
23 68 18.2648
27 68 18.2648
95 68 22.3214
116 68 22.3214
129 68 22.3214
133 68 18.2648
141 68 28.6944
151 68 28.6944
156 68 28.6944
158 68 28.6944
225 68 40.1606
237 68 40.1606
278 68 66.8896
23 69 18.2648
24 69 18.2648
27 69 18.2648
95 69 22.3214
116 69 22.3214
141 69 28.6944
151 69 28.6944
152 69 28.6944
156 69 28.6944
158 69 28.6944
225 69 40.1606
230 69 40.1606
232 69 40.1606
237 69 40.1606
278 69 66.8896
23 70 18.2648
24 70 18.2648
27 70 18.2648
95 70 22.3214
136 70 22.3214
151 70 28.6944
152 70 28.6944
156 70 28.6944
225 70 40.1606
230 70 40.1606
232 70 40.1606
237 70 40.1606
273 70 200
278 70 66.8896
23 71 18.2648
24 71 18.2648
27 71 18.2648
136 71 22.3214
137 71 22.3214
152 71 28.6944
156 71 28.6944
158 71 28.6944
159 71 28.6944
225 71 40.1606
232 71 40.1606
237 71 40.1606
273 71 200
278 71 66.8896
486 71 66.8896
24 72 18.2648
27 72 18.2648
131 72 22.3214
174 72 28.6944
187 72 28.6944
208 72 28.6944
225 72 40.1606
232 72 40.1606
278 72 66.8896
486 72 66.8896
510 72 66.8896
24 73 18.2648
27 73 18.2648
131 73 22.3214
172 73 28.6944
174 73 28.6944
176 73 28.6944
187 73 28.6944
209 73 28.6944
225 73 40.1606
230 73 40.1606
232 73 40.1606
278 73 66.8896
486 73 66.8896
16 74 18.2648
17 74 18.2648
24 74 18.2648
27 74 18.2648
142 74 28.6944
143 74 28.6944
144 74 22.3214
160 74 28.6944
172 74 28.6944
176 74 28.6944
211 74 28.6944
225 74 40.1606
230 74 40.1606
232 74 40.1606
246 74 40.1606
249 74 40.1606
273 74 200
278 74 66.8896
486 74 66.8896
556 74 28.6944
16 75 18.2648
17 75 18.2648
24 75 18.2648
27 75 18.2648
143 75 28.6944
145 75 22.3214
176 75 28.6944
212 75 28.6944
225 75 40.1606
230 75 40.1606
232 75 40.1606
238 75 200
246 75 40.1606
250 75 40.1606
278 75 66.8896
486 75 66.8896
556 75 28.6944
6 76 18.2648
15 76 18.2648
16 76 18.2648
17 76 18.2648
24 76 18.2648
27 76 18.2648
145 76 22.3214
146 76 22.3214
176 76 28.6944
213 76 28.6944
225 76 40.1606
230 76 40.1606
232 76 40.1606
244 76 40.1606
246 76 40.1606
278 76 66.8896
283 76 40.1606
284 76 28.6944
10 77 18.2648
11 77 18.2648
15 77 18.2648
17 77 18.2648
24 77 18.2648
27 77 18.2648
145 77 28.6944
146 77 28.6944
147 77 28.6944
176 77 28.6944
213 77 28.6944
223 77 40.1606
225 77 40.1606
240 77 200
246 77 40.1606
278 77 66.8896
281 77 40.1606
10 78 18.2648
11 78 18.2648
17 78 18.2648
24 78 18.2648
27 78 18.2648
28 78 18.2648
145 78 28.6944
146 78 28.6944
213 78 28.6944
215 78 28.6944
223 78 40.1606
225 78 40.1606
246 78 40.1606
285 78 40.1606
486 78 66.8896
10 79 18.2648
11 79 18.2648
17 79 18.2648
24 79 18.2648
27 79 18.2648
28 79 18.2648
145 79 28.6944
202 79 40.1606
223 79 40.1606
225 79 40.1606
253 79 28.6944
280 79 66.8896
284 79 66.8896
286 79 66.8896
486 79 66.8896
516 79 28.6944
10 80 18.2648
11 80 18.2648
17 80 18.2648
24 80 18.2648
27 80 18.2648
28 80 18.2648
187 80 28.6944
200 80 40.1606
201 80 40.1606
223 80 40.1606
225 80 40.1606
285 80 66.8896
287 80 66.8896
486 80 66.8896
494 80 28.6944
516 80 28.6944
10 81 18.2648
11 81 18.2648
24 81 18.2648
27 81 18.2648
28 81 18.2648
112 81 22.3214
200 81 40.1606
201 81 40.1606
223 81 40.1606
225 81 40.1606
243 81 40.1606
251 81 28.6944
286 81 66.8896
486 81 66.8896
515 81 28.6944
516 81 28.6944
10 82 18.2648
11 82 18.2648
19 82 40.1606
24 82 18.2648
27 82 18.2648
28 82 18.2648
115 82 22.3214
200 82 40.1606
219 82 200
223 82 40.1606
225 82 40.1606
243 82 40.1606
248 82 40.1606
251 82 40.1606
288 82 66.8896
486 82 66.8896
511 82 40.1606
515 82 28.6944
10 83 18.2648
11 83 18.2648
24 83 18.2648
27 83 18.2648
28 83 18.2648
44 83 18.2648
154 83 28.6944
223 83 40.1606
225 83 40.1606
248 83 40.1606
249 83 40.1606
289 83 66.8896
290 83 66.8896
486 83 66.8896
511 83 40.1606
10 84 18.2648
11 84 18.2648
24 84 18.2648
27 84 18.2648
28 84 18.2648
44 84 18.2648
152 84 28.6944
156 84 18.2648
157 84 18.2648
223 84 40.1606
225 84 40.1606
248 84 40.1606
249 84 40.1606
262 84 15.456
291 84 66.8896
292 84 66.8896
293 84 66.8896
486 84 66.8896
511 84 40.1606
519 84 40.1606
11 85 18.2648
24 85 18.2648
27 85 18.2648
28 85 18.2648
45 85 18.2648
152 85 28.6944
158 85 18.2648
190 85 28.6944
223 85 40.1606
225 85 40.1606
249 85 40.1606
294 85 66.8896
295 85 66.8896
486 85 66.8896
519 85 40.1606
11 86 18.2648
24 86 18.2648
27 86 18.2648
28 86 18.2648
42 86 18.2648
152 86 28.6944
159 86 18.2648
160 86 18.2648
190 86 28.6944
200 86 40.1606
223 86 40.1606
225 86 40.1606
249 86 40.1606
250 86 40.1606
297 86 66.8896
298 86 66.8896
486 86 66.8896
532 86 28.6944
535 86 22.3214
10 87 18.2648
11 87 18.2648
24 87 18.2648
28 87 18.2648
39 87 18.2648
42 87 18.2648
93 87 22.3214
123 87 22.3214
152 87 28.6944
154 87 28.6944
162 87 28.6944
190 87 28.6944
200 87 40.1606
223 87 40.1606
225 87 40.1606
288 87 28.6944
300 87 66.8896
301 87 66.8896
486 87 66.8896
511 87 40.1606
536 87 22.3214
10 88 18.2648
11 88 18.2648
24 88 18.2648
28 88 18.2648
39 88 18.2648
43 88 18.2648
93 88 22.3214
125 88 22.3214
126 88 22.3214
154 88 28.6944
156 88 28.6944
162 88 28.6944
163 88 28.6944
190 88 28.6944
200 88 40.1606
223 88 40.1606
265 88 40.1606
270 88 28.6944
288 88 28.6944
302 88 66.8896
303 88 66.8896
551 88 28.6944
11 89 18.2648
24 89 18.2648
28 89 18.2648
39 89 18.2648
43 89 18.2648
127 89 22.3214
154 89 28.6944
157 89 28.6944
162 89 28.6944
163 89 28.6944
190 89 28.6944
200 89 40.1606
223 89 40.1606
225 89 40.1606
254 89 40.1606
255 89 40.1606
270 89 28.6944
274 89 22.3214
283 89 66.8896
285 89 66.8896
305 89 66.8896
306 89 66.8896
473 89 200
515 89 40.1606
535 89 22.3214
11 90 18.2648
24 90 18.2648
28 90 18.2648
38 90 18.2648
39 90 18.2648
43 90 18.2648
130 90 22.3214
131 90 22.3214
154 90 28.6944
159 90 28.6944
163 90 28.6944
171 90 28.6944
190 90 28.6944
200 90 40.1606
223 90 40.1606
225 90 40.1606
255 90 40.1606
267 90 66.8896
270 90 28.6944
274 90 22.3214
284 90 66.8896
309 90 66.8896
462 90 200
463 90 200
515 90 40.1606
535 90 22.3214
11 91 18.2648
24 91 18.2648
28 91 18.2648
38 91 18.2648
39 91 18.2648
42 91 18.2648
43 91 18.2648
154 91 28.6944
159 91 28.6944
172 91 28.6944
190 91 28.6944
200 91 40.1606
223 91 40.1606
225 91 40.1606
243 91 40.1606
244 91 40.1606
262 91 200
266 91 200
267 91 200
285 91 66.8896
288 91 40.1606
311 91 66.8896
462 91 200
515 91 40.1606
11 92 18.2648
24 92 18.2648
28 92 18.2648
39 92 18.2648
42 92 18.2648
43 92 18.2648
76 92 18.2648
77 92 18.2648
136 92 22.3214
154 92 28.6944
159 92 28.6944
177 92 28.6944
178 92 28.6944
190 92 28.6944
200 92 40.1606
223 92 40.1606
225 92 40.1606
243 92 40.1606
244 92 40.1606
263 92 200
267 92 200
314 92 66.8896
462 92 200
486 92 66.8896
11 93 18.2648
24 93 18.2648
28 93 18.2648
42 93 18.2648
43 93 18.2648
59 93 22.3214
60 93 22.3214
76 93 18.2648
77 93 18.2648
78 93 18.2648
138 93 22.3214
154 93 28.6944
159 93 28.6944
178 93 28.6944
190 93 28.6944
200 93 40.1606
213 93 28.6944
223 93 40.1606
225 93 40.1606
244 93 40.1606
276 93 66.8896
279 93 40.1606
316 93 66.8896
317 93 66.8896
318 93 66.8896
462 93 200
463 93 200
473 93 200
486 93 66.8896
536 93 22.3214
10 94 18.2648
11 94 18.2648
24 94 18.2648
25 94 18.2648
28 94 18.2648
59 94 22.3214
76 94 18.2648
77 94 18.2648
78 94 18.2648
140 94 22.3214
141 94 22.3214
154 94 28.6944
159 94 28.6944
190 94 28.6944
200 94 40.1606
221 94 22.3214
225 94 40.1606
276 94 66.8896
279 94 40.1606
315 94 66.8896
318 94 66.8896
319 94 66.8896
462 94 200
463 94 200
473 94 200
10 95 18.2648
11 95 18.2648
24 95 18.2648
25 95 18.2648
28 95 18.2648
59 95 22.3214
76 95 18.2648
77 95 18.2648
142 95 22.3214
154 95 28.6944
159 95 28.6944
190 95 28.6944
222 95 22.3214
255 95 40.1606
271 95 28.6944
276 95 66.8896
318 95 66.8896
319 95 66.8896
10 96 18.2648
11 96 18.2648
24 96 18.2648
25 96 18.2648
28 96 18.2648
59 96 22.3214
77 96 18.2648
78 96 18.2648
106 96 15.456
121 96 22.3214
141 96 22.3214
154 96 28.6944
159 96 28.6944
190 96 28.6944
218 96 40.1606
223 96 22.3214
228 96 40.1606
245 96 40.1606
246 96 40.1606
271 96 28.6944
316 96 200
319 96 66.8896
320 96 66.8896
515 96 28.6944
10 97 18.2648
11 97 18.2648
24 97 18.2648
25 97 18.2648
28 97 18.2648
59 97 22.3214
70 97 22.3214
77 97 18.2648
78 97 18.2648
106 97 15.456
107 97 15.456
120 97 22.3214
121 97 22.3214
154 97 28.6944
159 97 28.6944
218 97 40.1606
228 97 40.1606
229 97 40.1606
246 97 40.1606
247 97 40.1606
276 97 66.8896
279 97 40.1606
319 97 66.8896
320 97 66.8896
515 97 28.6944
10 98 18.2648
11 98 18.2648
25 98 18.2648
28 98 18.2648
59 98 22.3214
70 98 22.3214
78 98 18.2648
106 98 15.456
107 98 15.456
108 98 15.456
121 98 22.3214
154 98 28.6944
159 98 28.6944
218 98 40.1606
229 98 40.1606
248 98 40.1606
271 98 200
276 98 66.8896
320 98 66.8896
342 98 13.3958
10 99 18.2648
11 99 18.2648
25 99 18.2648
28 99 18.2648
59 99 22.3214
70 99 22.3214
78 99 18.2648
95 99 22.3214
108 99 15.456
120 99 22.3214
154 99 28.6944
159 99 28.6944
249 99 40.1606
250 99 40.1606
254 99 40.1606
268 99 200
273 99 200
276 99 66.8896
316 99 200
320 99 66.8896
321 99 66.8896
342 99 13.3958
511 99 28.6944
10 100 18.2648
11 100 18.2648
25 100 18.2648
28 100 18.2648
59 100 22.3214
70 100 22.3214
78 100 18.2648
79 100 18.2648
95 100 22.3214
109 100 18.2648
154 100 28.6944
159 100 28.6944
201 100 40.1606
251 100 40.1606
252 100 40.1606
268 100 200
273 100 200
276 100 66.8896
318 100 200
321 100 66.8896
338 100 18.2648
342 100 13.3958
546 100 22.3214
10 101 18.2648
11 101 18.2648
25 101 18.2648
28 101 18.2648
59 101 22.3214
60 101 22.3214
70 101 22.3214
79 101 18.2648
154 101 28.6944
159 101 28.6944
218 101 40.1606
238 101 40.1606
273 101 200
276 101 66.8896
306 101 66.8896
321 101 66.8896
322 101 66.8896
342 101 13.3958
516 101 28.6944
545 101 22.3214
10 102 18.2648
11 102 18.2648
25 102 18.2648
28 102 18.2648
59 102 22.3214
60 102 22.3214
70 102 22.3214
79 102 18.2648
154 102 28.6944
159 102 28.6944
218 102 40.1606
238 102 40.1606
239 102 40.1606
273 102 200
276 102 66.8896
292 102 66.8896
306 102 66.8896
321 102 66.8896
322 102 66.8896
332 102 10.5764
337 102 18.2648
342 102 13.3958
516 102 28.6944
11 103 18.2648
25 103 18.2648
28 103 18.2648
59 103 22.3214
60 103 22.3214
70 103 22.3214
120 103 22.3214
154 103 28.6944
157 103 28.6944
159 103 28.6944
238 103 40.1606
273 103 200
276 103 66.8896
292 103 66.8896
305 103 66.8896
306 103 66.8896
322 103 66.8896
337 103 18.2648
343 103 13.3958
516 103 28.6944
11 104 18.2648
25 104 18.2648
28 104 18.2648
59 104 22.3214
60 104 22.3214
70 104 22.3214
96 104 22.3214
154 104 28.6944
157 104 28.6944
159 104 28.6944
213 104 22.3214
222 104 22.3214
226 104 40.1606
238 104 40.1606
241 104 40.1606
273 104 200
276 104 66.8896
306 104 66.8896
318 104 18.2648
322 104 66.8896
323 104 66.8896
516 104 28.6944
11 105 18.2648
25 105 18.2648
28 105 18.2648
59 105 22.3214
60 105 22.3214
70 105 22.3214
140 105 18.2648
154 105 28.6944
159 105 28.6944
208 105 40.1606
209 105 40.1606
213 105 22.3214
218 105 40.1606
223 105 22.3214
226 105 40.1606
238 105 40.1606
273 105 200
276 105 66.8896
306 105 66.8896
323 105 66.8896
324 105 66.8896
338 105 18.2648
343 105 13.3958
344 105 13.3958
11 106 18.2648
12 106 18.2648
25 106 18.2648
28 106 18.2648
59 106 22.3214
60 106 22.3214
70 106 22.3214
138 106 18.2648
140 106 18.2648
154 106 28.6944
159 106 28.6944
208 106 40.1606
209 106 40.1606
210 106 40.1606
218 106 40.1606
226 106 40.1606
238 106 40.1606
276 106 66.8896
306 106 66.8896
324 106 66.8896
333 106 22.3214
334 106 22.3214
338 106 18.2648
344 106 13.3958
508 106 28.6944
11 107 18.2648
12 107 18.2648
25 107 18.2648
28 107 18.2648
42 107 18.2648
59 107 22.3214
60 107 22.3214
70 107 22.3214
120 107 22.3214
138 107 18.2648
140 107 18.2648
141 107 18.2648
142 107 18.2648
154 107 28.6944
159 107 28.6944
215 107 66.8896
226 107 40.1606
231 107 40.1606
238 107 40.1606
306 107 66.8896
323 107 66.8896
324 107 66.8896
334 107 22.3214
338 107 18.2648
342 107 13.3958
344 107 13.3958
508 107 28.6944
524 107 40.1606
11 108 18.2648
12 108 18.2648
25 108 18.2648
28 108 18.2648
29 108 18.2648
41 108 18.2648
59 108 22.3214
60 108 22.3214
70 108 22.3214
138 108 18.2648
141 108 18.2648
142 108 18.2648
154 108 28.6944
157 108 28.6944
159 108 28.6944
213 108 200
226 108 40.1606
231 108 40.1606
233 108 40.1606
238 108 40.1606
306 108 66.8896
317 108 200
320 108 66.8896
323 108 66.8896
324 108 66.8896
328 108 40.1606
333 108 28.6944
334 108 28.6944
342 108 200
524 108 40.1606
543 108 22.3214
12 109 18.2648
25 109 18.2648
28 109 18.2648
41 109 18.2648
45 109 18.2648
59 109 22.3214
60 109 22.3214
70 109 22.3214
98 109 22.3214
138 109 18.2648
141 109 18.2648
142 109 18.2648
154 109 28.6944
157 109 28.6944
159 109 28.6944
218 109 28.6944
223 109 22.3214
226 109 40.1606
231 109 40.1606
238 109 40.1606
285 109 28.6944
288 109 22.3214
306 109 66.8896
317 109 200
320 109 66.8896
323 109 200
325 109 200
328 109 40.1606
329 109 40.1606
333 109 28.6944
343 109 200
543 109 22.3214
25 110 18.2648
28 110 18.2648
29 110 18.2648
40 110 18.2648
41 110 18.2648
45 110 18.2648
59 110 22.3214
60 110 22.3214
70 110 22.3214
98 110 22.3214
142 110 18.2648
157 110 28.6944
159 110 28.6944
220 110 28.6944
223 110 22.3214
224 110 40.1606
226 110 40.1606
231 110 40.1606
244 110 22.3214
251 110 40.1606
285 110 28.6944
288 110 22.3214
306 110 66.8896
324 110 200
325 110 200
328 110 40.1606
329 110 40.1606
333 110 28.6944
334 110 66.8896
336 110 66.8896
339 110 40.1606
543 110 22.3214
25 111 18.2648
28 111 18.2648
29 111 18.2648
40 111 18.2648
41 111 18.2648
45 111 18.2648
59 111 22.3214
60 111 22.3214
70 111 22.3214
98 111 22.3214
142 111 18.2648
152 111 28.6944
153 111 28.6944
157 111 28.6944
159 111 28.6944
216 111 66.8896
224 111 40.1606
226 111 40.1606
231 111 40.1606
244 111 40.1606
251 111 40.1606
324 111 200
325 111 200
328 111 40.1606
333 111 40.1606
336 111 66.8896
339 111 40.1606
344 111 200
25 112 18.2648
28 112 18.2648
29 112 18.2648
41 112 18.2648
45 112 18.2648
59 112 22.3214
60 112 22.3214
70 112 22.3214
93 112 18.2648
120 112 22.3214
143 112 18.2648
152 112 28.6944
153 112 28.6944
217 112 66.8896
220 112 40.1606
226 112 40.1606
231 112 40.1606
246 112 40.1606
247 112 40.1606
283 112 40.1606
289 112 40.1606
324 112 200
333 112 200
336 112 66.8896
25 113 18.2648
28 113 18.2648
29 113 18.2648
60 113 22.3214
70 113 22.3214
93 113 18.2648
98 113 22.3214
120 113 22.3214
129 113 18.2648
153 113 28.6944
220 113 40.1606
226 113 40.1606
231 113 40.1606
245 113 40.1606
247 113 40.1606
250 113 40.1606
289 113 66.8896
291 113 66.8896
344 113 200
346 113 200
517 113 28.6944
25 114 18.2648
28 114 18.2648
29 114 18.2648
60 114 22.3214
70 114 22.3214
98 114 22.3214
129 114 18.2648
142 114 28.6944
153 114 28.6944
160 114 28.6944
161 114 28.6944
226 114 40.1606
231 114 40.1606
247 114 40.1606
291 114 66.8896
322 114 66.8896
344 114 200
345 114 200
347 114 66.8896
25 115 18.2648
28 115 18.2648
29 115 18.2648
59 115 22.3214
60 115 22.3214
61 115 22.3214
65 115 15.456
70 115 22.3214
98 115 22.3214
108 115 22.3214
137 115 28.6944
141 115 28.6944
142 115 28.6944
161 115 28.6944
226 115 40.1606
231 115 40.1606
247 115 40.1606
322 115 66.8896
345 115 200
355 115 40.1606
521 115 28.6944
543 115 22.3214
21 116 18.2648
25 116 18.2648
29 116 18.2648
60 116 22.3214
70 116 22.3214
71 116 22.3214
108 116 22.3214
111 116 22.3214
142 116 28.6944
143 116 28.6944
153 116 28.6944
226 116 40.1606
231 116 40.1606
288 116 28.6944
322 116 66.8896
330 116 28.6944
348 116 15.456
521 116 28.6944
526 116 22.3214
21 117 18.2648
25 117 18.2648
29 117 18.2648
53 117 18.2648
60 117 22.3214
70 117 22.3214
71 117 22.3214
108 117 22.3214
111 117 22.3214
142 117 28.6944
153 117 28.6944
155 117 28.6944
157 117 28.6944
159 117 28.6944
224 117 40.1606
226 117 40.1606
282 117 66.8896
348 117 15.456
351 117 13.3958
355 117 40.1606
521 117 28.6944
21 118 18.2648
25 118 18.2648
29 118 18.2648
48 118 18.2648
49 118 18.2648
59 118 22.3214
60 118 22.3214
70 118 22.3214
71 118 22.3214
98 118 22.3214
108 118 22.3214
111 118 22.3214
142 118 28.6944
143 118 28.6944
153 118 28.6944
157 118 28.6944
159 118 28.6944
160 118 28.6944
224 118 40.1606
226 118 40.1606
282 118 66.8896
348 118 15.456
351 118 13.3958
521 118 28.6944
557 118 22.3214
25 119 18.2648
29 119 18.2648
46 119 22.3214
47 119 18.2648
48 119 18.2648
49 119 18.2648
53 119 18.2648
60 119 22.3214
70 119 22.3214
71 119 22.3214
98 119 22.3214
108 119 22.3214
111 119 22.3214
143 119 28.6944
153 119 28.6944
157 119 28.6944
159 119 28.6944
160 119 28.6944
224 119 40.1606
226 119 40.1606
348 119 15.456
350 119 15.456
351 119 13.3958
542 119 22.3214
556 119 22.3214
25 120 18.2648
29 120 18.2648
53 120 18.2648
54 120 18.2648
60 120 22.3214
70 120 22.3214
71 120 22.3214
99 120 22.3214
108 120 22.3214
111 120 22.3214
143 120 28.6944
153 120 28.6944
157 120 28.6944
159 120 28.6944
160 120 28.6944
224 120 40.1606
226 120 40.1606
238 120 40.1606
348 120 15.456
350 120 15.456
516 120 40.1606
25 121 18.2648
29 121 18.2648
53 121 18.2648
54 121 18.2648
70 121 22.3214
71 121 22.3214
108 121 22.3214
111 121 22.3214
143 121 28.6944
153 121 28.6944
157 121 28.6944
159 121 28.6944
160 121 28.6944
208 121 28.6944
224 121 40.1606
226 121 40.1606
265 121 28.6944
266 121 28.6944
284 121 66.8896
286 121 66.8896
330 121 200
348 121 15.456
360 121 22.3214
517 121 40.1606
25 122 18.2648
26 122 18.2648
29 122 18.2648
53 122 18.2648
54 122 18.2648
71 122 22.3214
99 122 22.3214
108 122 22.3214
111 122 22.3214
125 122 18.2648
143 122 28.6944
153 122 28.6944
157 122 28.6944
159 122 28.6944
160 122 28.6944
188 122 28.6944
210 122 28.6944
224 122 40.1606
226 122 40.1606
266 122 28.6944
271 122 28.6944
285 122 66.8896
287 122 40.1606
316 122 22.3214
347 122 15.456
348 122 15.456
25 123 18.2648
26 123 18.2648
29 123 18.2648
71 123 22.3214
73 123 22.3214
95 123 18.2648
99 123 22.3214
108 123 22.3214
110 123 22.3214
125 123 18.2648
143 123 28.6944
153 123 28.6944
157 123 28.6944
159 123 28.6944
160 123 28.6944
188 123 28.6944
212 123 28.6944
213 123 28.6944
224 123 40.1606
226 123 40.1606
263 123 40.1606
266 123 28.6944
271 123 28.6944
279 123 40.1606
316 123 22.3214
348 123 15.456
25 124 18.2648
26 124 18.2648
29 124 18.2648
98 124 22.3214
108 124 22.3214
110 124 22.3214
125 124 18.2648
153 124 28.6944
157 124 28.6944
159 124 28.6944
160 124 28.6944
213 124 28.6944
214 124 28.6944
224 124 40.1606
226 124 40.1606
263 124 40.1606
268 124 28.6944
277 124 40.1606
279 124 66.8896
292 124 66.8896
306 124 66.8896
307 124 66.8896
316 124 22.3214
330 124 66.8896
332 124 66.8896
348 124 15.456
359 124 200
361 124 200
25 125 18.2648
26 125 18.2648
29 125 18.2648
98 125 22.3214
99 125 22.3214
153 125 28.6944
157 125 28.6944
159 125 28.6944
160 125 28.6944
173 125 28.6944
175 125 28.6944
213 125 28.6944
214 125 28.6944
224 125 40.1606
226 125 40.1606
250 125 40.1606
263 125 40.1606
264 125 40.1606
273 125 200
277 125 40.1606
279 125 66.8896
292 125 66.8896
293 125 66.8896
306 125 66.8896
316 125 22.3214
321 125 15.456
359 125 200
360 125 200
25 126 18.2648
26 126 18.2648
29 126 18.2648
95 126 18.2648
98 126 22.3214
99 126 22.3214
116 126 22.3214
153 126 28.6944
157 126 28.6944
159 126 28.6944
160 126 28.6944
173 126 28.6944
175 126 28.6944
177 126 28.6944
201 126 40.1606
202 126 40.1606
224 126 40.1606
226 126 40.1606
250 126 40.1606
263 126 40.1606
280 126 40.1606
306 126 66.8896
316 126 22.3214
321 126 15.456
330 126 66.8896
355 126 200
360 126 200
362 126 200
556 126 22.3214
25 127 18.2648
26 127 18.2648
29 127 18.2648
76 127 18.2648
98 127 22.3214
99 127 22.3214
153 127 28.6944
160 127 28.6944
173 127 28.6944
177 127 28.6944
201 127 40.1606
202 127 40.1606
224 127 40.1606
226 127 40.1606
244 127 40.1606
245 127 40.1606
261 127 40.1606
263 127 40.1606
306 127 66.8896
316 127 22.3214
321 127 15.456
330 127 200
332 127 200
360 127 200
361 127 200
367 127 200
555 127 22.3214
25 128 18.2648
26 128 18.2648
29 128 18.2648
76 128 18.2648
99 128 22.3214
109 128 18.2648
173 128 28.6944
177 128 28.6944
201 128 40.1606
224 128 40.1606
226 128 40.1606
245 128 40.1606
255 128 40.1606
261 128 40.1606
263 128 40.1606
306 128 66.8896
316 128 22.3214
332 128 200
361 128 200
555 128 22.3214
25 129 18.2648
26 129 18.2648
29 129 18.2648
79 129 22.3214
100 129 22.3214
161 129 28.6944
177 129 28.6944
201 129 40.1606
224 129 40.1606
226 129 40.1606
245 129 40.1606
256 129 40.1606
263 129 40.1606
306 129 66.8896
316 129 22.3214
347 129 200
349 129 200
362 129 200
366 129 200
442 129 200
476 129 40.1606
525 129 40.1606
25 130 18.2648
26 130 18.2648
29 130 18.2648
79 130 22.3214
99 130 22.3214
111 130 18.2648
121 130 28.6944
177 130 28.6944
188 130 28.6944
201 130 40.1606
224 130 40.1606
226 130 40.1606
245 130 40.1606
256 130 40.1606
263 130 40.1606
277 130 66.8896
306 130 66.8896
316 130 22.3214
323 130 66.8896
347 130 66.8896
348 130 200
349 130 200
363 130 200
367 130 200
476 130 40.1606
482 130 28.6944
508 130 28.6944
26 131 18.2648
29 131 18.2648
121 131 28.6944
224 131 40.1606
226 131 40.1606
245 131 40.1606
263 131 40.1606
274 131 200
277 131 66.8896
306 131 66.8896
316 131 22.3214
323 131 66.8896
345 131 18.2648
354 131 11.8203
363 131 200
367 131 200
482 131 28.6944
26 132 18.2648
29 132 18.2648
98 132 22.3214
99 132 22.3214
137 132 28.6944
140 132 28.6944
224 132 40.1606
226 132 40.1606
245 132 40.1606
263 132 40.1606
274 132 200
277 132 66.8896
306 132 66.8896
316 132 22.3214
323 132 66.8896
345 132 18.2648
354 132 11.8203
368 132 200
370 132 200
443 132 200
445 132 200
26 133 18.2648
29 133 18.2648
81 133 15.456
84 133 18.2648
98 133 22.3214
99 133 22.3214
140 133 28.6944
149 133 18.2648
157 133 22.3214
191 133 28.6944
201 133 40.1606
224 133 40.1606
226 133 40.1606
263 133 40.1606
274 133 200
277 133 66.8896
293 133 66.8896
306 133 66.8896
307 133 66.8896
331 133 66.8896
345 133 18.2648
348 133 15.456
354 133 11.8203
364 133 200
375 133 200
377 133 28.6944
26 134 18.2648
29 134 18.2648
84 134 18.2648
98 134 22.3214
99 134 22.3214
112 134 18.2648
157 134 22.3214
191 134 28.6944
201 134 40.1606
224 134 40.1606
226 134 40.1606
263 134 40.1606
274 134 200
277 134 66.8896
307 134 66.8896
332 134 66.8896
345 134 18.2648
348 134 15.456
351 134 13.3958
354 134 11.8203
364 134 200
374 134 200
375 134 200
440 134 200
26 135 18.2648
29 135 18.2648
30 135 18.2648
99 135 22.3214
189 135 28.6944
191 135 28.6944
201 135 40.1606
224 135 40.1606
332 135 66.8896
345 135 18.2648
348 135 15.456
351 135 13.3958
354 135 11.8203
364 135 200
365 135 200
374 135 200
375 135 200
439 135 200
442 135 200
26 136 18.2648
29 136 18.2648
118 136 18.2648
119 136 18.2648
191 136 28.6944
201 136 40.1606
224 136 40.1606
227 136 40.1606
332 136 66.8896
348 136 15.456
351 136 13.3958
354 136 11.8203
365 136 200
368 136 8.03858
375 136 200
439 136 200
26 137 18.2648
29 137 18.2648
30 137 18.2648
118 137 18.2648
119 137 18.2648
130 137 22.3214
131 137 22.3214
149 137 22.3214
191 137 28.6944
201 137 40.1606
224 137 40.1606
229 137 40.1606
247 137 40.1606
331 137 66.8896
332 137 66.8896
345 137 18.2648
347 137 18.2648
348 137 15.456
351 137 13.3958
354 137 11.8203
365 137 200
368 137 8.03858
376 137 200
440 137 200
524 137 28.6944
556 137 22.3214
26 138 18.2648
29 138 18.2648
145 138 18.2648
191 138 28.6944
201 138 40.1606
214 138 28.6944
230 138 40.1606
277 138 66.8896
332 138 66.8896
345 138 18.2648
348 138 15.456
351 138 13.3958
366 138 200
368 138 200
376 138 200
26 139 18.2648
29 139 18.2648
30 139 18.2648
103 139 18.2648
104 139 18.2648
126 139 18.2648
191 139 28.6944
201 139 40.1606
277 139 66.8896
332 139 66.8896
345 139 18.2648
349 139 15.456
366 139 200
376 139 200
26 140 18.2648
29 140 18.2648
30 140 18.2648
102 140 18.2648
103 140 18.2648
126 140 18.2648
128 140 18.2648
145 140 18.2648
146 140 18.2648
191 140 28.6944
201 140 40.1606
219 140 40.1606
223 140 22.3214
224 140 22.3214
239 140 40.1606
321 140 40.1606
330 140 66.8896
332 140 66.8896
349 140 15.456
367 140 200
376 140 200
377 140 200
441 140 200
443 140 200
518 140 28.6944
533 140 22.3214
26 141 18.2648
29 141 18.2648
30 141 18.2648
101 141 18.2648
128 141 18.2648
145 141 18.2648
146 141 18.2648
191 141 28.6944
214 141 66.8896
219 141 40.1606
239 141 40.1606
332 141 66.8896
345 141 18.2648
349 141 15.456
367 141 200
377 141 200
441 141 200
544 141 22.3214
26 142 18.2648
29 142 18.2648
30 142 18.2648
85 142 18.2648
101 142 18.2648
127 142 18.2648
148 142 22.3214
191 142 28.6944
201 142 40.1606
216 142 66.8896
219 142 40.1606
239 142 40.1606
242 142 40.1606
286 142 66.8896
331 142 200
332 142 66.8896
345 142 18.2648
349 142 15.456
362 142 200
367 142 200
377 142 200
378 142 200
432 142 200
440 142 200
544 142 22.3214
26 143 18.2648
30 143 18.2648
84 143 18.2648
85 143 18.2648
100 143 18.2648
101 143 18.2648
126 143 18.2648
147 143 18.2648
163 143 28.6944
164 143 28.6944
174 143 15.456
191 143 28.6944
219 143 40.1606
224 143 22.3214
239 143 40.1606
287 143 66.8896
289 143 66.8896
331 143 200
332 143 66.8896
347 143 18.2648
349 143 66.8896
362 143 200
367 143 200
379 143 200
380 143 200
436 143 66.8896
440 143 200
519 143 28.6944
26 144 18.2648
29 144 18.2648
30 144 18.2648
85 144 18.2648
100 144 18.2648
101 144 18.2648
106 144 18.2648
123 144 18.2648
126 144 18.2648
158 144 28.6944
164 144 28.6944
179 144 28.6944
191 144 28.6944
219 144 40.1606
227 144 40.1606
239 144 40.1606
289 144 66.8896
321 144 15.456
331 144 200
334 144 66.8896
349 144 66.8896
367 144 200
373 144 40.1606
380 144 200
381 144 200
433 144 200
459 144 200
552 144 22.3214
26 145 18.2648
30 145 18.2648
82 145 18.2648
83 145 18.2648
84 145 18.2648
85 145 18.2648
100 145 18.2648
101 145 18.2648
106 145 18.2648
123 145 18.2648
145 145 18.2648
158 145 28.6944
179 145 28.6944
189 145 28.6944
227 145 40.1606
239 145 40.1606
348 145 200
349 145 200
355 145 11.8203
366 145 200
373 145 40.1606
381 145 200
419 145 200
552 145 22.3214
26 146 18.2648
30 146 18.2648
74 146 18.2648
77 146 28.6944
78 146 28.6944
82 146 18.2648
83 146 18.2648
85 146 18.2648
100 146 18.2648
105 146 18.2648
106 146 18.2648
123 146 18.2648
145 146 18.2648
158 146 28.6944
160 146 28.6944
190 146 28.6944
227 146 40.1606
239 146 40.1606
251 146 40.1606
307 146 66.8896
348 146 66.8896
355 146 11.8203
366 146 200
382 146 200
438 146 200
476 146 200
545 146 22.3214
551 146 22.3214
26 147 18.2648
30 147 18.2648
100 147 18.2648
105 147 18.2648
126 147 18.2648
127 147 18.2648
158 147 28.6944
160 147 28.6944
227 147 40.1606
234 147 40.1606
239 147 40.1606
293 147 66.8896
306 147 66.8896
307 147 66.8896
322 147 200
323 147 200
326 147 66.8896
331 147 18.2648
345 147 18.2648
355 147 11.8203
366 147 200
379 147 200
382 147 200
383 147 200
429 147 200
432 147 66.8896
438 147 200
476 147 200
484 147 40.1606
545 147 22.3214
551 147 22.3214
26 148 18.2648
30 148 18.2648
100 148 18.2648
105 148 18.2648
122 148 18.2648
125 148 18.2648
126 148 18.2648
158 148 28.6944
160 148 28.6944
227 148 40.1606
232 148 40.1606
234 148 40.1606
239 148 40.1606
245 148 40.1606
283 148 66.8896
293 148 66.8896
306 148 66.8896
307 148 66.8896
345 148 18.2648
349 148 15.456
355 148 11.8203
366 148 200
373 148 200
428 148 200
429 148 200
438 148 200
439 148 200
545 148 22.3214
26 149 18.2648
30 149 18.2648
91 149 18.2648
100 149 18.2648
104 149 18.2648
121 149 18.2648
124 149 18.2648
158 149 28.6944
160 149 28.6944
214 149 40.1606
227 149 40.1606
234 149 40.1606
239 149 40.1606
247 149 40.1606
248 149 40.1606
251 149 28.6944
283 149 66.8896
293 149 66.8896
307 149 66.8896
345 149 18.2648
349 149 15.456
355 149 11.8203
386 149 200
428 149 200
545 149 22.3214
26 150 18.2648
30 150 18.2648
103 150 18.2648
104 150 18.2648
158 150 28.6944
160 150 28.6944
214 150 40.1606
227 150 40.1606
234 150 40.1606
239 150 40.1606
248 150 40.1606
283 150 66.8896
293 150 66.8896
307 150 66.8896
331 150 200
332 150 200
337 150 40.1606
345 150 18.2648
348 150 15.456
349 150 15.456
355 150 11.8203
386 150 200
387 150 200
435 150 200
438 150 200
545 150 22.3214
26 151 18.2648
30 151 18.2648
80 151 18.2648
95 151 18.2648
103 151 18.2648
104 151 18.2648
123 151 22.3214
160 151 28.6944
210 151 40.1606
227 151 40.1606
234 151 40.1606
248 151 40.1606
307 151 66.8896
331 151 200
332 151 200
345 151 18.2648
349 151 15.456
351 151 15.456
373 151 200
382 151 200
387 151 200
434 151 200
544 151 22.3214
545 151 22.3214
26 152 18.2648
27 152 18.2648
30 152 18.2648
81 152 18.2648
97 152 18.2648
103 152 18.2648
104 152 18.2648
122 152 18.2648
135 152 18.2648
150 152 18.2648
158 152 28.6944
160 152 28.6944
210 152 40.1606
214 152 40.1606
227 152 40.1606
234 152 40.1606
284 152 66.8896
286 152 40.1606
287 152 40.1606
307 152 66.8896
331 152 200
345 152 18.2648
351 152 15.456
361 152 9.56938
388 152 200
389 152 200
434 152 200
520 152 28.6944
26 153 18.2648
27 153 18.2648
30 153 18.2648
97 153 18.2648
98 153 18.2648
102 153 18.2648
103 153 18.2648
104 153 18.2648
121 153 18.2648
122 153 18.2648
158 153 28.6944
160 153 28.6944
210 153 40.1606
227 153 40.1606
234 153 40.1606
277 153 66.8896
288 153 40.1606
293 153 66.8896
307 153 66.8896
331 153 200
332 153 200
345 153 18.2648
349 153 15.456
351 153 15.456
363 153 9.56938
388 153 200
389 153 200
520 153 28.6944
552 153 28.6944
26 154 18.2648
27 154 18.2648
30 154 18.2648
83 154 18.2648
97 154 18.2648
101 154 18.2648
121 154 22.3214
155 154 28.6944
158 154 28.6944
160 154 28.6944
227 154 40.1606
234 154 40.1606
248 154 40.1606
280 154 40.1606
293 154 66.8896
307 154 66.8896
331 154 200
332 154 200
345 154 18.2648
349 154 15.456
362 154 9.56938
389 154 200
26 155 18.2648
30 155 18.2648
84 155 18.2648
96 155 18.2648
97 155 18.2648
100 155 18.2648
101 155 18.2648
117 155 22.3214
120 155 22.3214
121 155 22.3214
155 155 28.6944
158 155 28.6944
160 155 28.6944
210 155 40.1606
214 155 22.3214
227 155 40.1606
234 155 40.1606
267 155 200
277 155 66.8896
280 155 40.1606
307 155 66.8896
331 155 200
332 155 200
349 155 15.456
362 155 9.56938
389 155 200
390 155 200
26 156 18.2648
30 156 18.2648
87 156 18.2648
88 156 18.2648
93 156 18.2648
96 156 18.2648
100 156 18.2648
101 156 18.2648
119 156 18.2648
120 156 22.3214
121 156 22.3214
141 156 18.2648
155 156 28.6944
160 156 28.6944
211 156 40.1606
214 156 22.3214
227 156 40.1606
232 156 40.1606
277 156 66.8896
280 156 40.1606
307 156 66.8896
322 156 200
331 156 200
332 156 200
345 156 18.2648
349 156 15.456
355 156 11.8203
359 156 22.3214
362 156 9.56938
396 156 200
494 156 40.1606
495 156 40.1606
26 157 18.2648
30 157 18.2648
88 157 18.2648
89 157 18.2648
96 157 18.2648
122 157 22.3214
155 157 28.6944
158 157 28.6944
160 157 28.6944
164 157 18.2648
187 157 28.6944
211 157 40.1606
214 157 22.3214
216 157 28.6944
227 157 40.1606
264 157 200
269 157 200
277 157 66.8896
322 157 200
331 157 200
332 157 200
349 157 15.456
355 157 11.8203
393 157 200
394 157 200
425 157 200
494 157 40.1606
26 158 18.2648
27 158 18.2648
30 158 18.2648
89 158 18.2648
125 158 40.1606
131 158 22.3214
132 158 22.3214
133 158 22.3214
134 158 22.3214
135 158 22.3214
155 158 28.6944
158 158 28.6944
160 158 28.6944
164 158 18.2648
214 158 28.6944
216 158 28.6944
227 158 40.1606
269 158 200
277 158 66.8896
280 158 40.1606
331 158 200
349 158 15.456
355 158 11.8203
361 158 22.3214
368 158 200
393 158 200
394 158 200
494 158 40.1606
526 158 28.6944
26 159 18.2648
27 159 18.2648
30 159 18.2648
91 159 18.2648
92 159 18.2648
116 159 18.2648
135 159 22.3214
155 159 28.6944
158 159 28.6944
160 159 28.6944
164 159 18.2648
165 159 18.2648
214 159 28.6944
218 159 66.8896
221 159 40.1606
224 159 28.6944
227 159 40.1606
274 159 200
277 159 66.8896
280 159 40.1606
322 159 200
331 159 200
349 159 15.456
361 159 200
368 159 200
373 159 200
394 159 200
397 159 66.8896
494 159 40.1606
547 159 22.3214
26 160 18.2648
27 160 18.2648
30 160 18.2648
92 160 18.2648
93 160 18.2648
115 160 18.2648
116 160 18.2648
155 160 28.6944
160 160 28.6944
165 160 18.2648
218 160 66.8896
221 160 40.1606
274 160 200
277 160 66.8896
280 160 40.1606
331 160 200
337 160 40.1606
355 160 40.1606
361 160 200
373 160 200
384 160 200
547 160 22.3214
19 161 18.2648
20 161 18.2648
26 161 18.2648
30 161 18.2648
93 161 18.2648
94 161 18.2648
99 161 18.2648
114 161 18.2648
127 161 18.2648
155 161 28.6944
160 161 28.6944
161 161 28.6944
230 161 28.6944
274 161 200
277 161 66.8896
331 161 200
348 161 200
349 161 200
355 161 40.1606
361 161 200
368 161 200
384 161 200
392 161 200
403 161 200
531 161 28.6944
546 161 22.3214
18 162 18.2648
19 162 18.2648
20 162 18.2648
26 162 18.2648
30 162 18.2648
31 162 18.2648
94 162 18.2648
99 162 18.2648
100 162 18.2648
113 162 18.2648
126 162 18.2648
127 162 18.2648
155 162 28.6944
160 162 28.6944
161 162 28.6944
230 162 28.6944
248 162 40.1606
274 162 200
277 162 66.8896
280 162 40.1606
325 162 66.8896
348 162 200
361 162 200
368 162 200
384 162 200
387 162 66.8896
392 162 200
400 162 200
404 162 200
509 162 200
530 162 28.6944
4 163 18.2648
18 163 18.2648
19 163 18.2648
20 163 18.2648
25 163 18.2648
26 163 18.2648
30 163 18.2648
31 163 18.2648
94 163 18.2648
95 163 18.2648
100 163 18.2648
125 163 18.2648
155 163 28.6944
160 163 28.6944
161 163 28.6944
280 163 40.1606
322 163 200
325 163 66.8896
355 163 40.1606
368 163 200
384 163 200
395 163 200
412 163 200
519 163 28.6944
530 163 28.6944
4 164 18.2648
13 164 18.2648
18 164 18.2648
20 164 18.2648
25 164 18.2648
26 164 18.2648
30 164 18.2648
46 164 18.2648
104 164 18.2648
125 164 18.2648
155 164 28.6944
160 164 28.6944
161 164 28.6944
254 164 40.1606
280 164 40.1606
325 164 66.8896
331 164 28.6944
349 164 15.456
355 164 11.8203
384 164 200
396 164 200
401 164 200
412 164 200
519 164 28.6944
534 164 22.3214
546 164 22.3214
4 165 18.2648
13 165 18.2648
18 165 18.2648
25 165 18.2648
30 165 18.2648
46 165 22.3214
47 165 22.3214
98 165 18.2648
125 165 18.2648
155 165 28.6944
160 165 28.6944
161 165 28.6944
227 165 40.1606
262 165 22.3214
280 165 40.1606
349 165 15.456
352 165 13.3958
357 165 11.8203
363 165 40.1606
384 165 200
401 165 200
412 165 200
519 165 28.6944
4 166 18.2648
13 166 18.2648
18 166 18.2648
25 166 18.2648
29 166 18.2648
30 166 18.2648
46 166 22.3214
47 166 22.3214
125 166 18.2648
126 166 18.2648
155 166 28.6944
158 166 28.6944
160 166 28.6944
161 166 28.6944
225 166 40.1606
227 166 40.1606
251 166 200
252 166 40.1606
256 166 40.1606
257 166 40.1606
330 166 200
331 166 200
347 166 15.456
349 166 15.456
352 166 13.3958
384 166 200
413 166 200
519 166 28.6944
4 167 18.2648
13 167 18.2648
18 167 18.2648
25 167 18.2648
29 167 18.2648
47 167 22.3214
125 167 18.2648
126 167 18.2648
155 167 28.6944
158 167 28.6944
160 167 28.6944
161 167 28.6944
227 167 40.1606
256 167 40.1606
257 167 40.1606
331 167 200
347 167 15.456
349 167 15.456
352 167 13.3958
363 167 9.56938
384 167 200
413 167 200
499 167 28.6944
519 167 28.6944
4 168 18.2648
13 168 18.2648
14 168 18.2648
25 168 18.2648
29 168 18.2648
76 168 22.3214
77 168 22.3214
78 168 22.3214
122 168 22.3214
123 168 22.3214
126 168 18.2648
155 168 28.6944
161 168 28.6944
227 168 40.1606
305 168 66.8896
317 168 22.3214
331 168 200
349 168 15.456
352 168 13.3958
362 168 9.56938
384 168 200
392 168 200
510 168 28.6944
519 168 28.6944
4 169 18.2648
13 169 18.2648
14 169 18.2648
25 169 18.2648
29 169 18.2648
76 169 22.3214
77 169 22.3214
78 169 22.3214
97 169 22.3214
122 169 22.3214
123 169 22.3214
124 169 22.3214
153 169 28.6944
154 169 28.6944
214 169 28.6944
293 169 66.8896
307 169 66.8896
317 169 22.3214
331 169 200
349 169 15.456
362 169 9.56938
384 169 200
510 169 28.6944
524 169 28.6944
525 169 28.6944
546 169 22.3214
4 170 18.2648
13 170 18.2648
14 170 18.2648
30 170 18.2648
76 170 22.3214
154 170 28.6944
162 170 28.6944
209 170 28.6944
225 170 40.1606
293 170 66.8896
307 170 66.8896
331 170 200
349 170 15.456
362 170 9.56938
373 170 200
384 170 200
510 170 28.6944
523 170 28.6944
524 170 28.6944
546 170 22.3214
4 171 18.2648
13 171 18.2648
14 171 18.2648
76 171 22.3214
102 171 18.2648
154 171 28.6944
155 171 28.6944
162 171 28.6944
210 171 28.6944
211 171 28.6944
214 171 22.3214
225 171 40.1606
228 171 40.1606
293 171 66.8896
307 171 66.8896
331 171 200
349 171 15.456
361 171 200
373 171 200
384 171 200
523 171 28.6944
546 171 22.3214
547 171 22.3214
4 172 18.2648
13 172 18.2648
14 172 18.2648
20 172 18.2648
76 172 22.3214
102 172 18.2648
109 172 18.2648
110 172 18.2648
121 172 28.6944
188 172 28.6944
189 172 28.6944
210 172 28.6944
211 172 28.6944
214 172 22.3214
225 172 40.1606
293 172 66.8896
307 172 66.8896
331 172 200
349 172 15.456
355 172 11.8203
361 172 200
368 172 200
373 172 200
384 172 200
388 172 66.8896
507 172 40.1606
522 172 28.6944
523 172 28.6944
4 173 18.2648
13 173 18.2648
14 173 18.2648
20 173 18.2648
76 173 22.3214
100 173 18.2648
101 173 18.2648
109 173 18.2648
121 173 28.6944
161 173 28.6944
189 173 28.6944
203 173 40.1606
211 173 28.6944
225 173 40.1606
307 173 66.8896
331 173 200
349 173 15.456
355 173 11.8203
361 173 200
368 173 200
373 173 200
384 173 200
388 173 66.8896
392 173 200
522 173 28.6944
548 173 22.3214
4 174 18.2648
13 174 18.2648
14 174 18.2648
20 174 18.2648
76 174 22.3214
100 174 18.2648
108 174 18.2648
160 174 28.6944
161 174 28.6944
202 174 40.1606
307 174 66.8896
317 174 22.3214
331 174 200
349 174 15.456
355 174 11.8203
368 174 200
373 174 200
384 174 200
392 174 200
509 174 28.6944
548 174 22.3214
4 175 18.2648
13 175 18.2648
14 175 18.2648
27 175 18.2648
47 175 18.2648
76 175 22.3214
100 175 18.2648
108 175 18.2648
138 175 28.6944
143 175 28.6944
144 175 28.6944
160 175 28.6944
161 175 28.6944
202 175 40.1606
307 175 66.8896
331 175 200
333 175 200
349 175 15.456
350 175 15.456
355 175 40.1606
373 175 200
392 175 200
402 175 200
506 175 40.1606
508 175 28.6944
548 175 22.3214
4 176 18.2648
13 176 18.2648
14 176 18.2648
20 176 18.2648
27 176 18.2648
76 176 22.3214
99 176 18.2648
100 176 18.2648
108 176 18.2648
138 176 28.6944
143 176 28.6944
144 176 28.6944
160 176 28.6944
161 176 28.6944
202 176 40.1606
307 176 66.8896
331 176 200
333 176 200
348 176 200
355 176 40.1606
377 176 66.8896
526 176 40.1606
547 176 22.3214
4 177 18.2648
13 177 18.2648
14 177 18.2648
24 177 18.2648
27 177 18.2648
47 177 18.2648
76 177 22.3214
99 177 18.2648
108 177 18.2648
138 177 28.6944
144 177 28.6944
154 177 28.6944
160 177 28.6944
161 177 28.6944
202 177 40.1606
294 177 66.8896
307 177 66.8896
348 177 200
349 177 200
355 177 40.1606
491 177 40.1606
526 177 40.1606
547 177 22.3214
4 178 18.2648
13 178 18.2648
14 178 18.2648
24 178 18.2648
27 178 18.2648
47 178 18.2648
76 178 22.3214
107 178 18.2648
138 178 28.6944
144 178 28.6944
160 178 28.6944
161 178 28.6944
251 178 40.1606
307 178 66.8896
317 178 22.3214
325 178 66.8896
384 178 200
491 178 40.1606
547 178 22.3214
4 179 18.2648
13 179 18.2648
14 179 18.2648
24 179 18.2648
47 179 18.2648
76 179 22.3214
77 179 22.3214
98 179 18.2648
106 179 18.2648
138 179 28.6944
144 179 28.6944
161 179 28.6944
174 179 28.6944
178 179 28.6944
222 179 22.3214
229 179 22.3214
289 179 28.6944
325 179 66.8896
384 179 200
388 179 66.8896
4 180 18.2648
13 180 18.2648
14 180 18.2648
24 180 18.2648
47 180 18.2648
76 180 22.3214
77 180 22.3214
98 180 22.3214
105 180 18.2648
106 180 18.2648
116 180 22.3214
144 180 28.6944
161 180 28.6944
174 180 28.6944
178 180 28.6944
221 180 22.3214
229 180 22.3214
284 180 66.8896
289 180 28.6944
325 180 66.8896
331 180 66.8896
332 180 66.8896
384 180 200
505 180 40.1606
522 180 28.6944
4 181 18.2648
13 181 18.2648
14 181 18.2648
76 181 22.3214
77 181 22.3214
97 181 22.3214
105 181 18.2648
116 181 22.3214
161 181 28.6944
174 181 28.6944
178 181 28.6944
202 181 40.1606
230 181 22.3214
258 181 40.1606
259 181 40.1606
346 181 18.2648
349 181 15.456
352 181 13.3958
362 181 9.56938
373 181 200
522 181 28.6944
4 182 18.2648
13 182 18.2648
14 182 18.2648
47 182 18.2648
76 182 22.3214
77 182 22.3214
97 182 22.3214
104 182 18.2648
105 182 18.2648
116 182 22.3214
144 182 28.6944
145 182 28.6944
161 182 28.6944
202 182 40.1606
215 182 28.6944
251 182 28.6944
259 182 40.1606
286 182 40.1606
331 182 66.8896
333 182 66.8896
346 182 18.2648
349 182 15.456
352 182 13.3958
362 182 9.56938
373 182 200
4 183 18.2648
13 183 18.2648
14 183 18.2648
47 183 18.2648
76 183 22.3214
77 183 22.3214
97 183 22.3214
105 183 18.2648
116 183 22.3214
144 183 28.6944
145 183 28.6944
161 183 28.6944
202 183 40.1606
286 183 40.1606
331 183 200
333 183 200
346 183 18.2648
349 183 15.456
352 183 13.3958
359 183 200
361 183 10.5764
362 183 9.56938
368 183 200
378 183 18.2648
457 183 2.99985
523 183 28.6944
4 184 18.2648
13 184 18.2648
14 184 18.2648
47 184 18.2648
76 184 22.3214
77 184 22.3214
97 184 22.3214
100 184 28.6944
116 184 22.3214
145 184 28.6944
219 184 28.6944
277 184 66.8896
283 184 40.1606
331 184 200
333 184 200
346 184 18.2648
349 184 15.456
352 184 13.3958
361 184 10.5764
368 184 200
374 184 200
446 184 6.93001
522 184 28.6944
4 185 18.2648
13 185 18.2648
14 185 18.2648
21 185 18.2648
47 185 18.2648
76 185 22.3214
77 185 22.3214
96 185 18.2648
100 185 28.6944
116 185 22.3214
145 185 28.6944
154 185 28.6944
155 185 28.6944
216 185 40.1606
217 185 40.1606
219 185 28.6944
230 185 22.3214
279 185 66.8896
331 185 200
333 185 200
346 185 18.2648
349 185 15.456
352 185 13.3958
385 185 200
451 185 6.48298
517 185 40.1606
522 185 28.6944
4 186 18.2648
14 186 18.2648
47 186 18.2648
76 186 22.3214
77 186 22.3214
96 186 18.2648
100 186 28.6944
104 186 18.2648
116 186 22.3214
117 186 22.3214
145 186 28.6944
195 186 28.6944
216 186 40.1606
219 186 28.6944
220 186 28.6944
229 186 22.3214
283 186 40.1606
286 186 28.6944
322 186 40.1606
331 186 200
333 186 200
346 186 18.2648
349 186 15.456
385 186 200
446 186 6.93001
447 186 6.93001
494 186 66.8896
517 186 40.1606
522 186 28.6944
4 187 18.2648
14 187 18.2648
47 187 18.2648
77 187 22.3214
97 187 18.2648
100 187 28.6944
116 187 22.3214
145 187 28.6944
195 187 28.6944
216 187 40.1606
219 187 28.6944
220 187 28.6944
280 187 66.8896
283 187 40.1606
322 187 40.1606
331 187 200
333 187 200
349 187 15.456
510 187 28.6944
522 187 28.6944
4 188 18.2648
5 188 18.2648
14 188 18.2648
47 188 18.2648
77 188 22.3214
97 188 18.2648
100 188 28.6944
103 188 18.2648
131 188 22.3214
145 188 28.6944
153 188 28.6944
154 188 28.6944
167 188 28.6944
195 188 28.6944
220 188 28.6944
230 188 28.6944
283 188 40.1606
322 188 40.1606
331 188 200
333 188 200
346 188 18.2648
349 188 15.456
350 188 15.456
355 188 11.8203
356 188 11.8203
376 188 200
383 188 200
399 188 66.8896
404 188 40.1606
406 188 40.1606
438 188 40.1606
439 188 40.1606
440 188 40.1606
441 188 28.6944
510 188 28.6944
522 188 28.6944
4 189 18.2648
5 189 18.2648
14 189 18.2648
47 189 18.2648
77 189 22.3214
102 189 18.2648
103 189 18.2648
145 189 28.6944
154 189 28.6944
166 189 28.6944
167 189 28.6944
195 189 28.6944
220 189 28.6944
230 189 28.6944
241 189 40.1606
280 189 66.8896
331 189 200
333 189 200
346 189 18.2648
349 189 15.456
350 189 15.456
355 189 11.8203
356 189 11.8203
375 189 200
404 189 40.1606
406 189 40.1606
439 189 40.1606
441 189 28.6944
450 189 66.8896
453 189 40.1606
454 189 40.1606
509 189 28.6944
510 189 28.6944
522 189 28.6944
4 190 18.2648
5 190 18.2648
14 190 18.2648
47 190 18.2648
48 190 18.2648
77 190 22.3214
96 190 18.2648
97 190 18.2648
99 190 18.2648
102 190 18.2648
103 190 18.2648
145 190 28.6944
167 190 28.6944
195 190 28.6944
220 190 28.6944
280 190 66.8896
325 190 13.3958
331 190 66.8896
333 190 66.8896
346 190 18.2648
349 190 15.456
350 190 15.456
355 190 11.8203
356 190 11.8203
437 190 40.1606
445 190 200
447 190 200
453 190 40.1606
506 190 40.1606
522 190 28.6944
523 190 28.6944
4 191 18.2648
5 191 18.2648
14 191 18.2648
77 191 22.3214
96 191 18.2648
102 191 18.2648
195 191 28.6944
220 191 28.6944
278 191 66.8896
307 191 66.8896
308 191 66.8896
316 191 22.3214
317 191 22.3214
331 191 66.8896
333 191 66.8896
346 191 18.2648
349 191 15.456
350 191 15.456
355 191 11.8203
356 191 28.6944
360 191 28.6944
373 191 200
404 191 40.1606
447 191 200
451 191 40.1606
453 191 40.1606
508 191 28.6944
522 191 28.6944
4 192 18.2648
5 192 18.2648
14 192 18.2648
77 192 22.3214
96 192 18.2648
102 192 18.2648
118 192 28.6944
138 192 28.6944
140 192 28.6944
161 192 28.6944
195 192 28.6944
211 192 40.1606
220 192 28.6944
222 192 28.6944
278 192 66.8896
294 192 66.8896
307 192 66.8896
308 192 66.8896
326 192 13.3958
333 192 66.8896
346 192 18.2648
349 192 15.456
350 192 15.456
355 192 40.1606
356 192 40.1606
358 192 11.8203
369 192 200
373 192 200
380 192 200
384 192 28.6944
400 192 66.8896
404 192 40.1606
453 192 40.1606
522 192 28.6944
4 193 18.2648
5 193 18.2648
14 193 18.2648
96 193 18.2648
102 193 18.2648
138 193 28.6944
140 193 28.6944
141 193 22.3214
143 193 28.6944
145 193 28.6944
161 193 28.6944
194 193 28.6944
195 193 28.6944
216 193 40.1606
220 193 28.6944
236 193 28.6944
248 193 40.1606
278 193 66.8896
294 193 66.8896
297 193 66.8896
307 193 66.8896
333 193 66.8896
350 193 15.456
355 193 40.1606
369 193 200
378 193 200
380 193 200
384 193 28.6944
404 193 40.1606
447 193 200
453 193 40.1606
522 193 28.6944
4 194 18.2648
5 194 18.2648
14 194 18.2648
47 194 22.3214
48 194 22.3214
77 194 22.3214
103 194 18.2648
161 194 28.6944
211 194 40.1606
216 194 40.1606
220 194 28.6944
272 194 40.1606
278 194 66.8896
294 194 200
297 194 66.8896
298 194 66.8896
301 194 66.8896
302 194 66.8896
304 194 66.8896
307 194 66.8896
333 194 66.8896
369 194 200
378 194 200
384 194 28.6944
438 194 200
441 194 200
453 194 40.1606
474 194 3.52609
522 194 28.6944
4 195 18.2648
5 195 18.2648
14 195 18.2648
47 195 22.3214
48 195 22.3214
62 195 22.3214
72 195 22.3214
73 195 22.3214
77 195 22.3214
78 195 22.3214
95 195 18.2648
161 195 28.6944
162 195 28.6944
199 195 28.6944
211 195 40.1606
278 195 66.8896
294 195 200
295 195 66.8896
297 195 66.8896
298 195 66.8896
301 195 66.8896
302 195 66.8896
304 195 66.8896
307 195 66.8896
328 195 66.8896
333 195 66.8896
336 195 40.1606
369 195 200
378 195 200
384 195 28.6944
438 195 200
441 195 200
443 195 200
448 195 66.8896
451 195 40.1606
517 195 40.1606
522 195 28.6944
4 196 18.2648
5 196 18.2648
14 196 18.2648
15 196 18.2648
17 196 18.2648
47 196 22.3214
48 196 22.3214
62 196 22.3214
63 196 22.3214
64 196 22.3214
66 196 28.6944
69 196 22.3214
72 196 22.3214
73 196 22.3214
77 196 22.3214
94 196 18.2648
101 196 18.2648
102 196 18.2648
137 196 28.6944
145 196 28.6944
146 196 28.6944
162 196 28.6944
211 196 40.1606
294 196 200
295 196 200
297 196 66.8896
298 196 66.8896
301 196 66.8896
302 196 66.8896
306 196 66.8896
307 196 66.8896
328 196 66.8896
333 196 66.8896
336 196 40.1606
341 196 7.44324
342 196 7.44324
355 196 22.3214
369 196 200
378 196 200
399 196 66.8896
401 196 66.8896
405 196 40.1606
441 196 200
442 196 200
445 196 200
448 196 66.8896
450 196 40.1606
451 196 40.1606
486 196 3.09215
487 196 3.09215
488 196 3.09215
489 196 3.09215
490 196 2.99985
491 196 2.99985
492 196 2.99985
495 196 2.9129
523 196 28.6944
62 197 22.3214
63 197 22.3214
66 197 28.6944
94 197 18.2648
101 197 18.2648
102 197 18.2648
146 197 28.6944
160 197 28.6944
163 197 28.6944
174 197 28.6944
180 197 28.6944
211 197 40.1606
222 197 28.6944
294 197 200
295 197 200
297 197 66.8896
298 197 66.8896
301 197 66.8896
302 197 66.8896
306 197 66.8896
307 197 66.8896
343 197 7.44324
369 197 200
381 197 66.8896
383 197 40.1606
399 197 66.8896
403 197 40.1606
404 197 40.1606
445 197 66.8896
446 197 66.8896
447 197 66.8896
448 197 66.8896
450 197 40.1606
451 197 40.1606
452 197 40.1606
453 197 40.1606
456 197 4.27625
462 197 3.94089
463 197 3.94089
464 197 3.94089
465 197 3.94089
522 197 28.6944
523 197 28.6944
21 198 18.2648
75 198 22.3214
94 198 18.2648
101 198 18.2648
204 198 28.6944
211 198 40.1606
214 198 22.3214
271 198 40.1606
294 198 200
295 198 200
297 198 66.8896
298 198 66.8896
301 198 66.8896
302 198 66.8896
306 198 66.8896
307 198 66.8896
327 198 66.8896
341 198 15.456
347 198 40.1606
354 198 22.3214
377 198 200
380 198 66.8896
381 198 66.8896
382 198 40.1606
383 198 40.1606
384 198 40.1606
391 198 22.3214
445 198 66.8896
446 198 66.8896
447 198 66.8896
448 198 66.8896
450 198 40.1606
451 198 40.1606
452 198 40.1606
453 198 40.1606
471 198 3.52609
522 198 28.6944
523 198 28.6944
17 199 18.2648
20 199 18.2648
21 199 18.2648
48 199 22.3214
49 199 22.3214
74 199 22.3214
75 199 22.3214
94 199 18.2648
101 199 18.2648
138 199 22.3214
211 199 40.1606
294 199 200
295 199 200
297 199 66.8896
298 199 66.8896
301 199 66.8896
302 199 66.8896
304 199 66.8896
306 199 66.8896
307 199 66.8896
317 199 66.8896
327 199 66.8896
354 199 22.3214
377 199 200
379 199 66.8896
380 199 66.8896
382 199 40.1606
384 199 40.1606
385 199 40.1606
389 199 22.3214
445 199 66.8896
446 199 66.8896
447 199 66.8896
448 199 66.8896
450 199 40.1606
451 199 40.1606
452 199 40.1606
497 199 40.1606
505 199 40.1606
522 199 28.6944
523 199 28.6944
21 200 18.2648
75 200 22.3214
94 200 18.2648
97 200 15.456
100 200 18.2648
101 200 18.2648
123 200 22.3214
138 200 22.3214
203 200 28.6944
226 200 28.6944
278 200 66.8896
295 200 200
298 200 66.8896
302 200 66.8896
308 200 66.8896
326 200 66.8896
327 200 66.8896
341 200 28.6944
342 200 28.6944
347 200 40.1606
354 200 22.3214
359 200 18.2648
371 200 200
377 200 200
379 200 66.8896
380 200 66.8896
382 200 40.1606
383 200 40.1606
384 200 40.1606
385 200 40.1606
396 200 200
404 200 40.1606
445 200 66.8896
447 200 66.8896
448 200 66.8896
450 200 40.1606
451 200 40.1606
476 200 66.8896
497 200 40.1606
505 200 40.1606
508 200 28.6944
522 200 28.6944
523 200 28.6944
24 201 18.2648
25 201 18.2648
93 201 18.2648
94 201 18.2648
97 201 15.456
100 201 18.2648
101 201 18.2648
123 201 22.3214
128 201 18.2648
138 201 22.3214
202 201 28.6944
204 201 28.6944
226 201 28.6944
260 201 40.1606
262 201 40.1606
265 201 22.3214
319 201 66.8896
326 201 66.8896
327 201 66.8896
334 201 66.8896
341 201 28.6944
343 201 28.6944
347 201 40.1606
348 201 40.1606
351 201 28.6944
354 201 22.3214
363 201 40.1606
366 201 28.6944
367 201 28.6944
377 201 200
379 201 66.8896
380 201 66.8896
381 201 66.8896
382 201 40.1606
383 201 40.1606
384 201 40.1606
404 201 40.1606
406 201 40.1606
447 201 66.8896
505 201 40.1606
522 201 28.6944
523 201 28.6944
25 202 18.2648
45 202 18.2648
93 202 18.2648
100 202 18.2648
101 202 18.2648
124 202 22.3214
138 202 22.3214
140 202 22.3214
202 202 28.6944
226 202 28.6944
260 202 40.1606
326 202 66.8896
327 202 66.8896
334 202 66.8896
341 202 28.6944
347 202 40.1606
348 202 40.1606
351 202 28.6944
357 202 18.2648
363 202 40.1606
366 202 28.6944
380 202 66.8896
381 202 66.8896
383 202 40.1606
404 202 40.1606
496 202 40.1606
499 202 66.8896
505 202 40.1606
523 202 28.6944
23 203 18.2648
24 203 18.2648
45 203 18.2648
46 203 18.2648
80 203 22.3214
81 203 22.3214
92 203 18.2648
101 203 18.2648
167 203 28.6944
202 203 28.6944
215 203 28.6944
217 203 28.6944
226 203 28.6944
326 203 66.8896
341 203 66.8896
342 203 66.8896
343 203 66.8896
348 203 40.1606
357 203 18.2648
363 203 40.1606
369 203 200
404 203 40.1606
465 203 200
468 203 66.8896
496 203 40.1606
499 203 66.8896
505 203 40.1606
508 203 28.6944
523 203 28.6944
526 203 40.1606
23 204 18.2648
24 204 18.2648
46 204 18.2648
47 204 18.2648
81 204 22.3214
82 204 22.3214
92 204 18.2648
101 204 18.2648
141 204 22.3214
166 204 22.3214
167 204 22.3214
170 204 18.2648
202 204 28.6944
204 204 28.6944
208 204 200
215 204 28.6944
217 204 28.6944
226 204 28.6944
326 204 66.8896
327 204 66.8896
332 204 40.1606
333 204 40.1606
369 204 200
385 204 200
386 204 200
404 204 40.1606
457 204 200
468 204 66.8896
494 204 40.1606
496 204 40.1606
499 204 66.8896
505 204 40.1606
508 204 28.6944
509 204 28.6944
523 204 28.6944
24 205 18.2648
81 205 22.3214
82 205 22.3214
92 205 18.2648
101 205 18.2648
141 205 28.6944
143 205 22.3214
147 205 66.8896
150 205 22.3214
155 205 22.3214
156 205 22.3214
165 205 22.3214
202 205 28.6944
204 205 28.6944
277 205 40.1606
312 205 200
326 205 66.8896
327 205 66.8896
332 205 40.1606
333 205 40.1606
353 205 40.1606
354 205 40.1606
355 205 40.1606
365 205 40.1606
371 205 200
382 205 28.6944
385 205 200
386 205 200
404 205 40.1606
457 205 200
468 205 66.8896
496 205 40.1606
499 205 66.8896
505 205 40.1606
508 205 28.6944
509 205 28.6944
523 205 28.6944
92 206 18.2648
101 206 18.2648
150 206 22.3214
155 206 22.3214
165 206 28.6944
202 206 28.6944
204 206 28.6944
277 206 40.1606
326 206 200
327 206 200
332 206 40.1606
333 206 40.1606
349 206 200
354 206 40.1606
355 206 40.1606
359 206 28.6944
365 206 200
374 206 11.8203
386 206 200
404 206 40.1606
496 206 40.1606
499 206 66.8896
505 206 40.1606
509 206 28.6944
523 206 28.6944
28 207 18.2648
92 207 18.2648
101 207 18.2648
102 207 18.2648
134 207 22.3214
140 207 28.6944
155 207 22.3214
165 207 22.3214
202 207 28.6944
204 207 28.6944
258 207 66.8896
278 207 40.1606
326 207 200
327 207 66.8896
332 207 40.1606
333 207 40.1606
343 207 18.2648
355 207 40.1606
359 207 28.6944
388 207 200
405 207 40.1606
437 207 200
438 207 200
496 207 40.1606
499 207 66.8896
502 207 66.8896
505 207 40.1606
509 207 28.6944
523 207 28.6944
92 208 18.2648
101 208 18.2648
139 208 28.6944
140 208 28.6944
155 208 22.3214
163 208 22.3214
164 208 22.3214
165 208 22.3214
202 208 28.6944
204 208 28.6944
227 208 28.6944
228 208 28.6944
273 208 40.1606
279 208 40.1606
326 208 200
327 208 66.8896
333 208 40.1606
343 208 18.2648
346 208 15.456
387 208 200
388 208 200
405 208 40.1606
415 208 40.1606
417 208 40.1606
482 208 66.8896
493 208 200
496 208 40.1606
499 208 66.8896
505 208 40.1606
509 208 28.6944
523 208 28.6944
92 209 18.2648
93 209 18.2648
100 209 18.2648
101 209 18.2648
135 209 22.3214
139 209 28.6944
140 209 28.6944
147 209 200
155 209 22.3214
160 209 15.456
161 209 15.456
165 209 22.3214
179 209 22.3214
194 209 28.6944
202 209 28.6944
204 209 28.6944
227 209 28.6944
260 209 40.1606
273 209 40.1606
274 209 40.1606
326 209 200
327 209 200
329 209 200
330 209 66.8896
340 209 22.3214
341 209 18.2648
343 209 18.2648
346 209 15.456
351 209 66.8896
355 209 40.1606
457 209 66.8896
480 209 66.8896
487 209 28.6944
496 209 40.1606
499 209 66.8896
505 209 40.1606
509 209 28.6944
523 209 28.6944
92 210 18.2648
100 210 18.2648
101 210 18.2648
140 210 28.6944
155 210 22.3214
166 210 22.3214
179 210 22.3214
202 210 28.6944
204 210 28.6944
224 210 28.6944
226 210 28.6944
259 210 40.1606
260 210 40.1606
318 210 200
321 210 200
326 210 200
327 210 200
330 210 66.8896
348 210 15.456
355 210 40.1606
359 210 28.6944
404 210 40.1606
457 210 66.8896
480 210 66.8896
483 210 40.1606
505 210 40.1606
509 210 28.6944
523 210 28.6944
92 211 18.2648
100 211 18.2648
140 211 28.6944
155 211 22.3214
166 211 22.3214
167 211 22.3214
202 211 28.6944
204 211 28.6944
225 211 28.6944
259 211 40.1606
277 211 40.1606
278 211 40.1606
318 211 200
323 211 200
327 211 200
330 211 66.8896
345 211 15.456
355 211 40.1606
369 211 15.456
370 211 15.456
404 211 40.1606
440 211 40.1606
480 211 66.8896
483 211 40.1606
505 211 40.1606
523 211 28.6944
28 212 18.2648
92 212 18.2648
100 212 18.2648
140 212 28.6944
155 212 22.3214
156 212 22.3214
173 212 28.6944
202 212 28.6944
204 212 28.6944
225 212 28.6944
259 212 40.1606
278 212 40.1606
279 212 40.1606
283 212 40.1606
284 212 40.1606
288 212 28.6944
327 212 200
330 212 66.8896
339 212 200
345 212 40.1606
351 212 66.8896
355 212 40.1606
360 212 22.3214
376 212 200
381 212 200
400 212 66.8896
404 212 40.1606
440 212 40.1606
480 212 66.8896
483 212 40.1606
487 212 40.1606
505 212 40.1606
509 212 28.6944
523 212 28.6944
28 213 18.2648
91 213 18.2648
92 213 18.2648
100 213 18.2648
113 213 22.3214
140 213 28.6944
155 213 22.3214
156 213 22.3214
174 213 28.6944
202 213 22.3214
204 213 22.3214
222 213 28.6944
224 213 28.6944
259 213 40.1606
278 213 40.1606
279 213 40.1606
280 213 200
284 213 40.1606
285 213 40.1606
287 213 40.1606
288 213 28.6944
326 213 200
327 213 200
330 213 66.8896
339 213 200
345 213 40.1606
360 213 22.3214
380 213 200
400 213 66.8896
403 213 40.1606
439 213 40.1606
440 213 40.1606
455 213 200
456 213 200
499 213 66.8896
505 213 40.1606
523 213 28.6944
91 214 18.2648
100 214 18.2648
113 214 22.3214
131 214 22.3214
140 214 28.6944
155 214 22.3214
156 214 22.3214
179 214 22.3214
196 214 28.6944
202 214 22.3214
204 214 22.3214
207 214 200
211 214 40.1606
212 214 40.1606
224 214 28.6944
285 214 40.1606
294 214 18.2648
338 214 200
345 214 40.1606
351 214 22.3214
355 214 40.1606
361 214 22.3214
368 214 15.456
369 214 15.456
381 214 200
400 214 66.8896
403 214 40.1606
404 214 40.1606
435 214 66.8896
439 214 40.1606
440 214 40.1606
455 214 200
456 214 200
460 214 66.8896
465 214 66.8896
468 214 40.1606
480 214 66.8896
485 214 40.1606
499 214 66.8896
505 214 40.1606
509 214 28.6944
524 214 28.6944
91 215 18.2648
100 215 18.2648
130 215 22.3214
131 215 22.3214
140 215 28.6944
155 215 22.3214
156 215 22.3214
179 215 22.3214
204 215 28.6944
209 215 66.8896
224 215 28.6944
285 215 40.1606
338 215 200
344 215 40.1606
345 215 40.1606
351 215 22.3214
355 215 40.1606
356 215 18.2648
361 215 13.3958
369 215 15.456
375 215 28.6944
377 215 28.6944
400 215 66.8896
404 215 40.1606
455 215 200
456 215 200
459 215 66.8896
485 215 40.1606
505 215 40.1606
509 215 28.6944
521 215 28.6944
524 215 28.6944
91 216 18.2648
100 216 18.2648
130 216 22.3214
155 216 22.3214
156 216 22.3214
179 216 22.3214
202 216 28.6944
204 216 28.6944
225 216 28.6944
226 216 28.6944
244 216 40.1606
252 216 40.1606
255 216 28.6944
285 216 40.1606
286 216 40.1606
342 216 28.6944
345 216 40.1606
351 216 22.3214
353 216 22.3214
356 216 18.2648
359 216 13.3958
376 216 28.6944
404 216 40.1606
438 216 40.1606
455 216 200
459 216 66.8896
480 216 66.8896
485 216 40.1606
505 216 40.1606
524 216 28.6944
28 217 18.2648
91 217 18.2648
99 217 18.2648
100 217 18.2648
129 217 22.3214
130 217 22.3214
155 217 22.3214
156 217 22.3214
202 217 28.6944
225 217 28.6944
242 217 40.1606
252 217 40.1606
285 217 40.1606
323 217 66.8896
327 217 200
331 217 22.3214
332 217 22.3214
337 217 200
338 217 200
342 217 28.6944
356 217 18.2648
359 217 13.3958
366 217 18.2648
404 217 40.1606
446 217 66.8896
455 217 200
459 217 66.8896
485 217 40.1606
505 217 40.1606
524 217 28.6944
28 218 18.2648
90 218 18.2648
91 218 18.2648
99 218 18.2648
100 218 18.2648
129 218 22.3214
156 218 22.3214
202 218 28.6944
211 218 28.6944
225 218 28.6944
252 218 40.1606
285 218 40.1606
327 218 200
331 218 22.3214
342 218 40.1606
343 218 40.1606
356 218 15.456
359 218 13.3958
360 218 13.3958
363 218 22.3214
366 218 18.2648
404 218 40.1606
459 218 66.8896
485 218 40.1606
486 218 40.1606
505 218 40.1606
509 218 28.6944
521 218 28.6944
524 218 28.6944
28 219 18.2648
90 219 18.2648
91 219 18.2648
100 219 18.2648
156 219 22.3214
178 219 22.3214
179 219 22.3214
202 219 28.6944
204 219 28.6944
225 219 40.1606
226 219 40.1606
245 219 40.1606
250 219 40.1606
252 219 40.1606
285 219 40.1606
286 219 40.1606
288 219 40.1606
318 219 200
342 219 40.1606
343 219 40.1606
356 219 15.456
366 219 18.2648
459 219 66.8896
485 219 40.1606
502 219 66.8896
505 219 40.1606
509 219 28.6944
521 219 28.6944
524 219 28.6944
28 220 18.2648
90 220 18.2648
91 220 18.2648
99 220 18.2648
100 220 18.2648
138 220 22.3214
156 220 22.3214
179 220 22.3214
202 220 22.3214
204 220 22.3214
227 220 40.1606
245 220 40.1606
252 220 40.1606
285 220 40.1606
286 220 40.1606
288 220 40.1606
339 220 40.1606
343 220 40.1606
356 220 15.456
359 220 13.3958
367 220 18.2648
403 220 40.1606
459 220 66.8896
485 220 40.1606
505 220 40.1606
509 220 28.6944
521 220 28.6944
524 220 28.6944
90 221 18.2648
91 221 18.2648
100 221 18.2648
113 221 22.3214
114 221 22.3214
118 221 22.3214
138 221 22.3214
156 221 22.3214
178 221 22.3214
179 221 22.3214
204 221 22.3214
223 221 40.1606
224 221 40.1606
227 221 40.1606
247 221 40.1606
252 221 40.1606
285 221 40.1606
286 221 40.1606
291 221 22.3214
323 221 66.8896
343 221 40.1606
356 221 15.456
359 221 13.3958
362 221 22.3214
367 221 18.2648
399 221 200
439 221 40.1606
485 221 40.1606
499 221 40.1606
521 221 28.6944
524 221 28.6944
91 222 18.2648
100 222 18.2648
138 222 22.3214
153 222 18.2648
156 222 22.3214
204 222 22.3214
227 222 40.1606
242 222 40.1606
248 222 40.1606
249 222 40.1606
285 222 40.1606
294 222 18.2648
322 222 66.8896
323 222 66.8896
326 222 40.1606
343 222 40.1606
356 222 15.456
359 222 13.3958
363 222 22.3214
364 222 22.3214
462 222 66.8896
469 222 66.8896
480 222 66.8896
485 222 40.1606
524 222 28.6944
3 223 13.3958
29 223 18.2648
91 223 18.2648
100 223 18.2648
138 223 22.3214
150 223 22.3214
156 223 22.3214
204 223 22.3214
248 223 40.1606
251 223 28.6944
285 223 40.1606
286 223 40.1606
343 223 40.1606
356 223 15.456
359 223 13.3958
364 223 22.3214
367 223 18.2648
462 223 66.8896
466 223 40.1606
480 223 66.8896
485 223 40.1606
521 223 28.6944
524 223 28.6944
4 224 13.3958
5 224 13.3958
91 224 18.2648
100 224 18.2648
138 224 22.3214
204 224 22.3214
248 224 40.1606
251 224 28.6944
284 224 40.1606
285 224 40.1606
286 224 40.1606
343 224 40.1606
354 224 15.456
356 224 15.456
359 224 13.3958
367 224 22.3214
466 224 40.1606
486 224 40.1606
509 224 28.6944
513 224 66.8896
521 224 28.6944
524 224 28.6944
5 225 13.3958
91 225 18.2648
100 225 18.2648
109 225 22.3214
110 225 22.3214
116 225 22.3214
126 225 22.3214
138 225 22.3214
186 225 28.6944
204 225 22.3214
215 225 28.6944
227 225 40.1606
248 225 40.1606
251 225 28.6944
280 225 40.1606
285 225 40.1606
286 225 40.1606
333 225 200
339 225 66.8896
343 225 40.1606
363 225 200
394 225 200
395 225 200
403 225 40.1606
405 225 40.1606
438 225 40.1606
439 225 40.1606
441 225 28.6944
442 225 28.6944
506 225 40.1606
509 225 40.1606
513 225 66.8896
521 225 28.6944
524 225 28.6944
622 225 18.2648
5 226 13.3958
91 226 18.2648
100 226 18.2648
101 226 18.2648
116 226 22.3214
117 226 22.3214
125 226 22.3214
138 226 22.3214
142 226 18.2648
204 226 28.6944
227 226 40.1606
286 226 40.1606
325 226 40.1606
343 226 40.1606
354 226 40.1606
363 226 200
394 226 200
403 226 40.1606
404 226 40.1606
405 226 40.1606
406 226 40.1606
410 226 28.6944
412 226 28.6944
413 226 28.6944
430 226 200
431 226 66.8896
434 226 40.1606
439 226 28.6944
441 226 28.6944
442 226 28.6944
444 226 18.2648
486 226 40.1606
507 226 40.1606
524 226 28.6944
9 227 13.3958
10 227 13.3958
91 227 18.2648
101 227 18.2648
117 227 22.3214
120 227 28.6944
121 227 28.6944
124 227 22.3214
125 227 22.3214
138 227 22.3214
172 227 22.3214
204 227 22.3214
224 227 40.1606
276 227 40.1606
279 227 40.1606
280 227 40.1606
286 227 40.1606
343 227 40.1606
344 227 40.1606
346 227 40.1606
350 227 22.3214
354 227 40.1606
357 227 200
363 227 200
366 227 66.8896
392 227 200
404 227 40.1606
406 227 40.1606
407 227 28.6944
408 227 28.6944
410 227 28.6944
412 227 22.3214
430 227 200
431 227 66.8896
433 227 66.8896
434 227 40.1606
435 227 40.1606
437 227 40.1606
442 227 28.6944
444 227 18.2648
445 227 15.456
448 227 6.93001
449 227 6.93001
450 227 6.93001
485 227 40.1606
486 227 40.1606
507 227 40.1606
524 227 28.6944
9 228 13.3958
10 228 13.3958
29 228 18.2648
91 228 18.2648
92 228 18.2648
101 228 18.2648
124 228 22.3214
125 228 22.3214
138 228 22.3214
142 228 18.2648
172 228 22.3214
224 228 40.1606
225 228 40.1606
230 228 40.1606
276 228 40.1606
277 228 40.1606
279 228 40.1606
280 228 40.1606
358 228 200
363 228 200
366 228 66.8896
368 228 66.8896
385 228 13.3958
391 228 66.8896
404 228 66.8896
408 228 28.6944
409 228 28.6944
412 228 18.2648
431 228 66.8896
433 228 66.8896
434 228 40.1606
437 228 22.3214
438 228 22.3214
453 228 6.48298
455 228 6.48298
486 228 40.1606
524 228 28.6944
3 229 13.3958
29 229 18.2648
92 229 18.2648
101 229 18.2648
124 229 22.3214
138 229 22.3214
225 229 40.1606
226 229 40.1606
228 229 40.1606
229 229 40.1606
282 229 40.1606
361 229 200
363 229 200
366 229 66.8896
368 229 66.8896
404 229 66.8896
409 229 28.6944
412 229 6.48298
413 229 6.48298
415 229 6.09013
431 229 66.8896
438 229 22.3214
486 229 40.1606
505 229 40.1606
509 229 28.6944
520 229 40.1606
524 229 28.6944
7 230 13.3958
29 230 18.2648
92 230 18.2648
93 230 18.2648
102 230 18.2648
113 230 22.3214
123 230 22.3214
124 230 22.3214
138 230 22.3214
211 230 28.6944
212 230 28.6944
220 230 28.6944
282 230 40.1606
283 230 40.1606
332 230 66.8896
354 230 40.1606
412 230 6.48298
413 230 6.48298
415 230 6.09013
416 230 6.09013
419 230 5.74218
509 230 28.6944
524 230 28.6944
7 231 13.3958
14 231 13.3958
29 231 18.2648
93 231 18.2648
102 231 18.2648
113 231 22.3214
123 231 22.3214
138 231 22.3214
139 231 22.3214
220 231 28.6944
285 231 40.1606
353 231 40.1606
354 231 40.1606
357 231 40.1606
359 231 40.1606
364 231 66.8896
402 231 66.8896
403 231 66.8896
407 231 40.1606
436 231 40.1606
437 231 40.1606
509 231 28.6944
524 231 28.6944
525 231 28.6944
3 232 13.3958
7 232 13.3958
11 232 15.456
14 232 13.3958
29 232 18.2648
93 232 18.2648
102 232 18.2648
112 232 22.3214
123 232 22.3214
138 232 22.3214
139 232 22.3214
183 232 28.6944
184 232 28.6944
192 232 28.6944
215 232 28.6944
295 232 40.1606
354 232 40.1606
357 232 40.1606
360 232 22.3214
361 232 22.3214
403 232 66.8896
429 232 66.8896
431 232 66.8896
436 232 40.1606
524 232 28.6944
525 232 28.6944
14 233 13.3958
15 233 13.3958
93 233 18.2648
102 233 18.2648
123 233 22.3214
138 233 22.3214
139 233 22.3214
165 233 28.6944
170 233 28.6944
171 233 28.6944
176 233 28.6944
184 233 28.6944
215 233 28.6944
220 233 28.6944
231 233 28.6944
234 233 28.6944
332 233 40.1606
333 233 40.1606
353 233 40.1606
360 233 22.3214
405 233 66.8896
409 233 40.1606
418 233 66.8896
421 233 40.1606
422 233 40.1606
429 233 66.8896
431 233 66.8896
436 233 40.1606
486 233 40.1606
509 233 28.6944
525 233 28.6944
14 234 13.3958
15 234 13.3958
93 234 18.2648
103 234 18.2648
125 234 22.3214
150 234 28.6944
165 234 28.6944
215 234 28.6944
218 234 22.3214
232 234 28.6944
332 234 40.1606
352 234 40.1606
354 234 40.1606
361 234 22.3214
405 234 66.8896
409 234 40.1606
411 234 40.1606
420 234 40.1606
422 234 40.1606
431 234 66.8896
432 234 66.8896
436 234 40.1606
438 234 40.1606
439 234 22.3214
525 234 28.6944
14 235 13.3958
16 235 13.3958
93 235 18.2648
94 235 18.2648
125 235 28.6944
215 235 28.6944
218 235 22.3214
232 235 28.6944
332 235 40.1606
405 235 66.8896
409 235 28.6944
411 235 40.1606
415 235 18.2648
423 235 40.1606
426 235 13.3958
427 235 13.3958
431 235 66.8896
436 235 40.1606
439 235 22.3214
525 235 28.6944
16 236 13.3958
17 236 13.3958
94 236 18.2648
103 236 18.2648
104 236 18.2648
105 236 18.2648
116 236 22.3214
125 236 28.6944
187 236 28.6944
215 236 28.6944
405 236 40.1606
409 236 28.6944
436 236 40.1606
439 236 22.3214
525 236 28.6944
16 237 13.3958
91 237 18.2648
94 237 18.2648
104 237 18.2648
190 237 28.6944
215 237 28.6944
405 237 40.1606
407 237 40.1606
436 237 40.1606
525 237 28.6944
17 238 13.3958
18 238 13.3958
91 238 18.2648
95 238 18.2648
158 238 22.3214
161 238 22.3214
176 238 22.3214
190 238 28.6944
215 238 28.6944
521 238 28.6944
525 238 28.6944
10 239 13.3958
16 239 13.3958
17 239 13.3958
18 239 13.3958
35 239 15.456
53 239 18.2648
75 239 18.2648
176 239 22.3214
215 239 28.6944
218 239 22.3214
10 240 13.3958
23 240 15.456
35 240 15.456
36 240 15.456
215 240 28.6944
218 240 22.3214
13 241 13.3958
118 241 18.2648
215 241 28.6944
218 241 22.3214
219 241 22.3214
15 242 13.3958
126 242 18.2648
184 242 22.3214
215 242 28.6944
218 242 28.6944
219 242 22.3214
7 243 15.456
15 243 13.3958
31 243 15.456
183 243 22.3214
184 243 22.3214
215 243 28.6944
216 243 28.6944
218 243 28.6944
8 244 13.3958
10 244 13.3958
11 244 15.456
13 244 13.3958
112 244 18.2648
215 244 28.6944
216 244 28.6944
11 245 15.456
13 245 15.456
112 245 18.2648
119 245 18.2648
216 245 28.6944
13 246 15.456
82 246 15.456
113 246 18.2648
68 247 15.456
91 247 15.456
98 247 18.2648
4 248 13.3958
68 248 15.456
4 249 13.3958
68 249 15.456
335 249 22.3214
12 250 13.3958
35 250 15.456
47 250 15.456
57 250 15.456
68 250 15.456
12 251 13.3958
12 252 13.3958
54 252 15.456
324 252 22.3214
12 253 13.3958
12 254 13.3958
12 255 13.3958
11 256 13.3958
12 256 13.3958
311 256 22.3214
481 256 18.2648
12 257 13.3958
482 257 18.2648
5 258 13.3958
6 258 13.3958
483 258 18.2648
27 259 13.3958
484 259 18.2648
54 261 13.3958
55 261 13.3958
296 261 18.2648
297 261 18.2648
441 261 18.2648
208 262 18.2648
279 267 15.456
280 267 15.456
280 268 15.456
275 271 15.456
30 272 13.3958
259 275 15.456
260 276 15.456
263 276 11.8203
127 278 13.3958
5 279 11.8203
6 279 11.8203
5 280 11.8203
254 280 13.3958
4 282 11.8203
518 283 11.8203
451 285 11.8203
520 285 11.8203
234 286 11.8203
235 286 11.8203
239 286 11.8203
240 286 11.8203
241 286 11.8203
451 286 11.8203
227 293 10.5764
542 299 9.56938
199 301 9.56938
199 302 9.56938
200 302 9.56938
201 302 9.56938
206 302 9.56938
207 302 9.56938
208 302 9.56938
209 302 9.56938
40 305 9.56938
39 306 9.56938
40 306 9.56938
188 311 8.73744
189 311 8.73744
188 312 8.73744
189 312 8.73744
554 312 8.73744
5 314 8.73744
4 315 8.73744
5 315 8.73744
11 315 8.73744
12 315 8.73744
556 315 8.73744
569 316 8.03858
578 322 7.44324
149 324 8.03858
150 324 8.03858
149 325 8.03858
150 325 8.03858
151 325 8.03858
157 325 8.03858
158 325 8.03858
159 325 8.03858
160 325 8.03858
161 325 8.03858
162 325 8.03858
163 325 7.44324
583 325 7.44324
21 327 8.03858
585 338 6.93001
64 341 6.93001
114 341 6.93001
115 341 6.93001
116 341 6.93001
117 341 6.93001
121 341 6.93001
128 341 6.93001
129 341 6.93001
116 342 6.93001
129 342 6.93001
550 349 6.48298
550 353 6.48298
551 353 6.48298
552 353 6.48298
613 353 6.09013
553 354 6.09013
554 354 6.09013
555 354 6.09013
637 355 5.74218
637 356 5.74218
636 357 5.74218
621 358 6.09013
635 358 5.74218
636 358 5.74218
625 359 5.74218
635 359 5.74218
617 360 6.09013
566 362 6.09013
567 362 5.74218
569 362 5.74218
570 362 5.74218
631 362 5.74218
554 363 5.74218
66 364 5.74218
82 364 5.74218
85 364 5.74218
550 364 5.74218
65 365 5.74218
66 365 5.74218
67 365 5.74218
69 365 5.74218
74 365 5.74218
81 365 5.74218
82 365 5.74218
626 365 6.09013
630 365 5.74218
637 365 5.74218
66 366 5.74218
67 366 5.74218
68 366 5.74218
70 366 5.74218
71 366 5.74218
72 366 5.74218
73 366 5.74218
74 366 5.74218
75 366 5.74218
76 366 5.74218
78 366 5.74218
79 366 5.74218
80 366 5.74218
81 366 5.74218
82 366 5.74218
83 366 5.74218
630 366 5.74218
634 366 5.43183
630 367 5.74218
631 367 5.74218
553 369 5.43183
534 370 5.43183
551 370 5.43183
532 371 5.43183
533 371 5.43183
549 372 5.43183
553 372 5.43183
554 372 5.43183
533 373 5.43183
534 373 5.43183
552 373 5.43183
533 374 5.43183
550 374 5.43183
551 374 5.43183
608 374 5.43183
550 375 5.43183
577 376 5.43183
578 376 5.43183
565 378 5.43183
569 378 5.15331
592 378 5.15331
545 379 5.15331
563 379 5.43183
564 379 5.43183
568 379 5.15331
614 379 5.43183
515 380 5.15331
524 380 5.43183
525 380 5.43183
549 380 5.15331
566 380 5.15331
567 380 5.15331
619 380 5.15331
515 381 5.15331
516 381 5.15331
517 381 5.15331
518 381 5.15331
519 381 5.15331
521 381 5.15331
522 381 5.15331
527 381 5.15331
528 381 5.15331
529 381 5.15331
530 381 5.15331
531 382 5.15331
635 382 5.15331
633 383 5.15331
634 383 5.15331
3 395 4.90196
7 395 4.90196
9 395 4.90196
20 395 4.67399
22 396 4.67399
22 397 4.67399
23 397 4.67399
128 403 4.46628
130 403 4.46628
131 403 4.46628
127 404 4.46628
126 405 4.46628
127 405 4.46628
128 405 4.46628
163 427 3.94089
164 427 3.94089
142 428 3.94089
252 429 3.94089
569 432 3.94089
386 436 3.79219
387 436 3.79219
74 451 3.6543
75 451 3.6543
75 452 3.6543
76 453 3.6543
77 453 3.6543
128 453 3.52609
129 453 3.52609
