28 3 18.2648
29 3 18.2648
126 3 28.6944
212 3 40.1606
213 3 40.1606
255 3 15.456
28 4 18.2648
29 4 18.2648
30 4 18.2648
126 4 28.6944
196 4 22.3214
207 4 200
213 4 40.1606
214 4 40.1606
255 4 15.456
256 4 15.456
506 4 40.1606
28 5 18.2648
193 5 28.6944
196 5 22.3214
207 5 200
208 5 200
214 5 40.1606
215 5 40.1606
256 5 15.456
505 5 40.1606
193 6 28.6944
208 6 200
209 6 200
215 6 40.1606
216 6 40.1606
246 6 22.3214
247 6 22.3214
256 6 22.3214
501 6 66.8896
505 6 40.1606
631 6 8.73744
199 7 28.6944
209 7 200
210 7 200
216 7 40.1606
217 7 40.1606
243 7 22.3214
244 7 22.3214
257 7 22.3214
501 7 66.8896
505 7 40.1606
631 7 8.73744
632 7 8.73744
635 7 8.03858
141 8 28.6944
143 8 28.6944
199 8 28.6944
210 8 200
211 8 200
217 8 40.1606
218 8 40.1606
241 8 22.3214
242 8 22.3214
256 8 22.3214
257 8 22.3214
258 8 22.3214
505 8 40.1606
635 8 8.03858
94 9 22.3214
95 9 22.3214
141 9 28.6944
199 9 28.6944
211 9 200
218 9 40.1606
219 9 40.1606
240 9 22.3214
241 9 22.3214
248 9 22.3214
249 9 22.3214
250 9 22.3214
251 9 22.3214
252 9 22.3214
253 9 22.3214
254 9 22.3214
255 9 22.3214
257 9 22.3214
258 9 22.3214
505 9 40.1606
141 10 28.6944
145 10 28.6944
146 10 28.6944
157 10 28.6944
179 10 28.6944
199 10 28.6944
212 10 200
213 10 200
219 10 40.1606
220 10 40.1606
239 10 22.3214
245 10 22.3214
246 10 22.3214
247 10 22.3214
255 10 22.3214
256 10 22.3214
505 10 40.1606
632 10 8.73744
637 10 8.03858
145 11 28.6944
146 11 28.6944
157 11 28.6944
179 11 28.6944
180 11 28.6944
199 11 28.6944
213 11 200
214 11 200
220 11 40.1606
221 11 40.1606
238 11 22.3214
243 11 22.3214
244 11 22.3214
245 11 22.3214
249 11 22.3214
256 11 22.3214
505 11 40.1606
633 11 8.73744
28 12 18.2648
29 12 18.2648
145 12 28.6944
146 12 28.6944
181 12 28.6944
199 12 28.6944
214 12 200
221 12 40.1606
222 12 40.1606
232 12 22.3214
240 12 28.6944
241 12 28.6944
242 12 22.3214
505 12 40.1606
11 13 18.2648
28 13 18.2648
109 13 22.3214
120 13 28.6944
146 13 28.6944
182 13 28.6944
199 13 28.6944
215 13 200
222 13 40.1606
223 13 40.1606
230 13 22.3214
239 13 28.6944
241 13 28.6944
242 13 22.3214
505 13 40.1606
540 13 28.6944
11 14 18.2648
28 14 18.2648
109 14 22.3214
118 14 28.6944
121 14 22.3214
183 14 28.6944
199 14 28.6944
216 14 200
217 14 200
223 14 40.1606
224 14 40.1606
540 14 28.6944
11 15 18.2648
119 15 28.6944
184 15 28.6944
199 15 28.6944
217 15 200
224 15 40.1606
225 15 40.1606
233 15 28.6944
234 15 22.3214
497 15 66.8896
11 16 18.2648
15 16 18.2648
53 16 22.3214
185 16 28.6944
199 16 28.6944
218 16 200
225 16 40.1606
226 16 40.1606
230 16 28.6944
249 16 200
11 17 18.2648
15 17 18.2648
53 17 22.3214
99 17 22.3214
102 17 22.3214
103 17 22.3214
104 17 22.3214
105 17 22.3214
106 17 22.3214
107 17 22.3214
187 17 28.6944
199 17 28.6944
219 17 200
226 17 40.1606
227 17 40.1606
230 17 28.6944
231 17 28.6944
232 17 28.6944
11 18 18.2648
15 18 18.2648
88 18 22.3214
89 18 22.3214
90 18 22.3214
91 18 22.3214
92 18 22.3214
93 18 22.3214
94 18 22.3214
95 18 22.3214
96 18 22.3214
98 18 22.3214
188 18 28.6944
200 18 28.6944
220 18 200
227 18 40.1606
228 18 40.1606
11 19 18.2648
15 19 18.2648
82 19 22.3214
83 19 22.3214
120 19 22.3214
189 19 28.6944
199 19 28.6944
221 19 200
228 19 40.1606
229 19 40.1606
11 20 18.2648
15 20 18.2648
28 20 18.2648
82 20 22.3214
83 20 22.3214
158 20 28.6944
189 20 28.6944
190 20 28.6944
199 20 40.1606
200 20 40.1606
222 20 200
229 20 40.1606
230 20 40.1606
585 20 13.3958
11 21 18.2648
28 21 18.2648
54 21 18.2648
60 21 22.3214
81 21 22.3214
82 21 22.3214
130 21 28.6944
131 21 28.6944
158 21 28.6944
199 21 40.1606
200 21 40.1606
223 21 200
230 21 40.1606
231 21 40.1606
511 21 40.1606
594 21 13.3958
11 22 18.2648
18 22 18.2648
25 22 18.2648
28 22 18.2648
54 22 22.3214
55 22 22.3214
60 22 22.3214
81 22 22.3214
124 22 28.6944
126 22 28.6944
130 22 28.6944
131 22 28.6944
174 22 28.6944
175 22 28.6944
200 22 40.1606
208 22 40.1606
224 22 200
231 22 40.1606
232 22 40.1606
511 22 40.1606
11 23 18.2648
18 23 18.2648
23 23 18.2648
28 23 22.3214
29 23 22.3214
53 23 22.3214
55 23 22.3214
81 23 22.3214
120 23 22.3214
124 23 28.6944
126 23 28.6944
131 23 28.6944
173 23 28.6944
174 23 28.6944
208 23 40.1606
225 23 200
232 23 40.1606
233 23 40.1606
510 23 40.1606
11 24 18.2648
18 24 18.2648
23 24 18.2648
53 24 22.3214
124 24 28.6944
131 24 28.6944
173 24 28.6944
200 24 40.1606
226 24 200
227 24 200
233 24 40.1606
234 24 40.1606
510 24 40.1606
519 24 22.3214
11 25 18.2648
23 25 18.2648
124 25 28.6944
207 25 40.1606
227 25 200
228 25 200
234 25 40.1606
235 25 40.1606
510 25 40.1606
11 26 18.2648
23 26 18.2648
124 26 28.6944
140 26 28.6944
228 26 200
229 26 200
235 26 40.1606
236 26 40.1606
510 26 40.1606
11 27 18.2648
19 27 18.2648
23 27 18.2648
61 27 22.3214
124 27 28.6944
141 27 28.6944
160 27 28.6944
208 27 40.1606
229 27 200
236 27 40.1606
237 27 40.1606
510 27 40.1606
636 27 18.2648
11 28 18.2648
19 28 18.2648
23 28 18.2648
61 28 22.3214
70 28 22.3214
124 28 28.6944
160 28 28.6944
208 28 40.1606
230 28 200
237 28 40.1606
238 28 40.1606
510 28 40.1606
23 29 18.2648
70 29 22.3214
81 29 22.3214
124 29 28.6944
147 29 28.6944
160 29 28.6944
173 29 28.6944
197 29 22.3214
200 29 40.1606
208 29 40.1606
231 29 200
238 29 40.1606
239 29 40.1606
510 29 40.1606
519 29 22.3214
616 29 13.3958
23 30 18.2648
61 30 22.3214
70 30 22.3214
81 30 22.3214
124 30 28.6944
127 30 28.6944
147 30 28.6944
148 30 28.6944
160 30 28.6944
173 30 28.6944
200 30 40.1606
220 30 40.1606
232 30 200
239 30 40.1606
240 30 40.1606
510 30 40.1606
617 30 13.3958
23 31 18.2648
24 31 18.2648
70 31 22.3214
81 31 22.3214
124 31 28.6944
127 31 28.6944
148 31 28.6944
160 31 28.6944
173 31 28.6944
200 31 40.1606
233 31 200
240 31 40.1606
241 31 40.1606
505 31 40.1606
510 31 40.1606
24 32 18.2648
57 32 22.3214
70 32 22.3214
76 32 22.3214
81 32 22.3214
124 32 28.6944
127 32 28.6944
160 32 28.6944
172 32 40.1606
200 32 40.1606
234 32 200
241 32 40.1606
242 32 40.1606
505 32 40.1606
510 32 40.1606
24 33 18.2648
25 33 18.2648
70 33 22.3214
76 33 22.3214
81 33 22.3214
124 33 28.6944
127 33 28.6944
160 33 28.6944
173 33 40.1606
200 33 40.1606
235 33 200
242 33 40.1606
243 33 40.1606
505 33 40.1606
510 33 40.1606
618 33 13.3958
25 34 22.3214
57 34 22.3214
70 34 22.3214
76 34 22.3214
81 34 22.3214
124 34 28.6944
126 34 28.6944
127 34 28.6944
160 34 28.6944
200 34 40.1606
223 34 40.1606
226 34 28.6944
236 34 200
243 34 40.1606
244 34 40.1606
505 34 40.1606
510 34 40.1606
57 35 22.3214
70 35 22.3214
76 35 22.3214
81 35 22.3214
124 35 28.6944
126 35 28.6944
127 35 28.6944
160 35 28.6944
200 35 40.1606
223 35 40.1606
237 35 200
244 35 40.1606
245 35 40.1606
57 36 22.3214
70 36 22.3214
76 36 22.3214
81 36 22.3214
124 36 28.6944
127 36 28.6944
160 36 28.6944
200 36 40.1606
238 36 200
245 36 40.1606
246 36 40.1606
486 36 66.8896
57 37 22.3214
70 37 22.3214
76 37 22.3214
81 37 22.3214
124 37 28.6944
127 37 28.6944
160 37 28.6944
200 37 40.1606
239 37 200
246 37 40.1606
247 37 40.1606
57 38 22.3214
70 38 22.3214
76 38 22.3214
81 38 22.3214
126 38 28.6944
127 38 28.6944
200 38 40.1606
240 38 200
247 38 40.1606
584 38 13.3958
57 39 22.3214
58 39 22.3214
70 39 22.3214
76 39 22.3214
81 39 22.3214
127 39 28.6944
232 39 40.1606
241 39 200
248 39 40.1606
249 39 40.1606
57 40 22.3214
70 40 22.3214
81 40 22.3214
127 40 28.6944
168 40 28.6944
200 40 28.6944
232 40 40.1606
242 40 200
249 40 40.1606
33 41 18.2648
34 41 18.2648
57 41 22.3214
70 41 22.3214
81 41 22.3214
101 41 22.3214
103 41 22.3214
127 41 28.6944
168 41 28.6944
200 41 28.6944
243 41 200
250 41 40.1606
34 42 18.2648
58 42 22.3214
70 42 22.3214
71 42 22.3214
101 42 22.3214
104 42 18.2648
127 42 28.6944
200 42 28.6944
232 42 40.1606
244 42 200
251 42 40.1606
34 43 18.2648
35 43 18.2648
58 43 22.3214
70 43 22.3214
71 43 22.3214
74 43 22.3214
82 43 22.3214
101 43 22.3214
127 43 28.6944
200 43 28.6944
232 43 40.1606
245 43 200
250 43 40.1606
252 43 40.1606
497 43 66.8896
64 44 22.3214
65 44 22.3214
70 44 22.3214
71 44 22.3214
74 44 22.3214
82 44 22.3214
101 44 22.3214
107 44 22.3214
108 44 22.3214
119 44 28.6944
127 44 28.6944
200 44 28.6944
246 44 200
253 44 40.1606
497 44 66.8896
57 45 22.3214
68 45 22.3214
70 45 22.3214
71 45 22.3214
74 45 22.3214
75 45 22.3214
82 45 22.3214
101 45 22.3214
107 45 22.3214
108 45 22.3214
119 45 28.6944
127 45 28.6944
247 45 200
252 45 40.1606
254 45 40.1606
54 46 22.3214
57 46 22.3214
58 46 22.3214
71 46 22.3214
75 46 22.3214
82 46 22.3214
101 46 22.3214
102 46 22.3214
107 46 22.3214
108 46 22.3214
119 46 28.6944
120 46 28.6944
127 46 28.6944
185 46 22.3214
192 46 40.1606
197 46 22.3214
200 46 28.6944
248 46 200
255 46 40.1606
54 47 22.3214
57 47 22.3214
102 47 22.3214
107 47 28.6944
108 47 28.6944
120 47 28.6944
157 47 28.6944
178 47 28.6944
182 47 28.6944
183 47 28.6944
186 47 22.3214
192 47 40.1606
200 47 28.6944
239 47 40.1606
249 47 200
256 47 40.1606
511 47 40.1606
57 48 22.3214
75 48 22.3214
76 48 22.3214
157 48 28.6944
177 48 28.6944
178 48 28.6944
186 48 22.3214
192 48 40.1606
200 48 28.6944
250 48 200
255 48 40.1606
257 48 40.1606
510 48 40.1606
57 49 22.3214
58 49 22.3214
76 49 22.3214
82 49 22.3214
102 49 22.3214
129 49 28.6944
177 49 28.6944
192 49 40.1606
200 49 28.6944
204 49 40.1606
223 49 40.1606
251 49 200
258 49 40.1606
480 49 66.8896
510 49 40.1606
616 49 8.73744
57 50 22.3214
58 50 22.3214
82 50 22.3214
129 50 28.6944
179 50 28.6944
192 50 40.1606
200 50 28.6944
224 50 40.1606
251 50 200
252 50 200
258 50 40.1606
259 50 40.1606
617 50 8.73744
57 51 22.3214
58 51 22.3214
82 51 22.3214
180 51 66.8896
200 51 28.6944
225 51 40.1606
252 51 200
253 51 200
257 51 66.8896
260 51 40.1606
479 51 66.8896
617 51 8.73744
82 52 22.3214
125 52 28.6944
127 52 28.6944
188 52 40.1606
226 52 40.1606
229 52 28.6944
253 52 200
254 52 200
258 52 66.8896
260 52 40.1606
125 53 28.6944
127 53 28.6944
188 53 40.1606
227 53 40.1606
231 53 28.6944
254 53 200
255 53 200
259 53 66.8896
261 53 40.1606
478 53 66.8896
78 54 22.3214
87 54 22.3214
125 54 28.6944
197 54 22.3214
255 54 200
256 54 200
260 54 66.8896
262 54 40.1606
477 54 66.8896
506 54 40.1606
619 54 8.73744
77 55 22.3214
78 55 22.3214
79 55 22.3214
108 55 28.6944
125 55 28.6944
194 55 28.6944
197 55 22.3214
198 55 22.3214
242 55 66.8896
256 55 200
257 55 200
261 55 66.8896
263 55 40.1606
477 55 66.8896
506 55 40.1606
56 56 22.3214
77 56 22.3214
78 56 22.3214
79 56 22.3214
120 56 28.6944
125 56 28.6944
127 56 28.6944
194 56 28.6944
198 56 22.3214
201 56 40.1606
205 56 40.1606
215 56 40.1606
257 56 200
262 56 66.8896
264 56 40.1606
506 56 40.1606
54 57 22.3214
55 57 22.3214
78 57 22.3214
120 57 28.6944
125 57 28.6944
214 57 40.1606
240 57 66.8896
258 57 200
263 57 66.8896
265 57 40.1606
476 57 66.8896
506 57 40.1606
54 58 22.3214
120 58 28.6944
125 58 28.6944
200 58 28.6944
259 58 200
264 58 66.8896
266 58 66.8896
120 59 28.6944
125 59 28.6944
200 59 40.1606
260 59 200
265 59 66.8896
266 59 66.8896
120 60 28.6944
125 60 28.6944
201 60 40.1606
264 60 66.8896
265 60 66.8896
103 61 22.3214
120 61 28.6944
125 61 28.6944
127 61 28.6944
201 61 40.1606
214 61 40.1606
240 61 66.8896
260 61 66.8896
263 61 66.8896
264 61 66.8896
265 61 66.8896
95 62 22.3214
103 62 22.3214
114 62 22.3214
125 62 28.6944
128 62 28.6944
201 62 40.1606
214 62 40.1606
240 62 66.8896
258 62 66.8896
259 62 66.8896
263 62 66.8896
114 63 22.3214
115 63 22.3214
128 63 28.6944
201 63 40.1606
209 63 40.1606
214 63 40.1606
255 63 200
258 63 66.8896
109 64 22.3214
110 64 22.3214
142 64 28.6944
145 64 28.6944
159 64 28.6944
201 64 40.1606
209 64 40.1606
214 64 40.1606
215 64 40.1606
258 64 66.8896
110 65 22.3214
130 65 28.6944
142 65 28.6944
143 65 28.6944
145 65 28.6944
147 65 28.6944
159 65 28.6944
201 65 40.1606
209 65 40.1606
253 65 200
258 65 66.8896
546 65 28.6944
112 66 22.3214
113 66 22.3214
130 66 28.6944
142 66 28.6944
147 66 28.6944
184 66 28.6944
209 66 40.1606
253 66 200
258 66 66.8896
546 66 28.6944
111 67 22.3214
112 67 22.3214
113 67 22.3214
142 67 28.6944
147 67 28.6944
185 67 22.3214
186 67 22.3214
201 67 40.1606
209 67 40.1606
220 67 40.1606
253 67 200
258 67 66.8896
471 67 66.8896
111 68 22.3214
112 68 22.3214
113 68 22.3214
142 68 28.6944
147 68 28.6944
186 68 22.3214
201 68 40.1606
209 68 40.1606
215 68 40.1606
258 68 66.8896
471 68 66.8896
111 69 22.3214
142 69 28.6944
147 69 28.6944
186 69 22.3214
201 69 40.1606
206 69 40.1606
209 69 40.1606
215 69 40.1606
221 69 40.1606
223 69 40.1606
224 69 40.1606
228 69 40.1606
253 69 200
258 69 66.8896
471 69 66.8896
595 69 13.3958
111 70 22.3214
186 70 22.3214
191 70 28.6944
201 70 40.1606
209 70 40.1606
223 70 40.1606
224 70 40.1606
258 70 66.8896
471 70 66.8896
73 71 22.3214
75 71 22.3214
111 71 22.3214
184 71 22.3214
189 71 28.6944
191 71 28.6944
192 71 28.6944
201 71 40.1606
209 71 40.1606
224 71 40.1606
258 71 66.8896
263 71 40.1606
471 71 66.8896
111 72 22.3214
142 72 28.6944
175 72 28.6944
176 72 28.6944
201 72 40.1606
215 72 40.1606
224 72 40.1606
258 72 66.8896
261 72 40.1606
471 72 66.8896
572 72 13.3958
77 73 22.3214
160 73 28.6944
175 73 28.6944
199 73 40.1606
201 73 40.1606
224 73 40.1606
265 73 40.1606
471 73 66.8896
506 73 28.6944
160 74 28.6944
174 74 28.6944
175 74 28.6944
201 74 40.1606
260 74 66.8896
264 74 40.1606
265 74 40.1606
266 74 40.1606
471 74 66.8896
120 75 28.6944
174 75 28.6944
199 75 40.1606
201 75 40.1606
220 75 40.1606
267 75 40.1606
471 75 66.8896
23 76 15.456
120 76 28.6944
125 76 15.456
126 76 15.456
199 76 40.1606
201 76 40.1606
220 76 40.1606
226 76 40.1606
229 76 40.1606
268 76 40.1606
471 76 66.8896
23 77 15.456
120 77 28.6944
121 77 28.6944
122 77 28.6944
127 77 15.456
199 77 40.1606
201 77 40.1606
226 77 40.1606
267 77 66.8896
269 77 66.8896
471 77 66.8896
23 78 15.456
26 78 15.456
53 78 22.3214
120 78 28.6944
122 78 28.6944
128 78 15.456
199 78 40.1606
201 78 40.1606
226 78 40.1606
227 78 40.1606
263 78 200
268 78 66.8896
269 78 66.8896
471 78 66.8896
27 79 15.456
122 79 28.6944
123 79 28.6944
161 79 40.1606
199 79 40.1606
201 79 40.1606
226 79 40.1606
227 79 40.1606
269 79 66.8896
471 79 66.8896
122 80 28.6944
123 80 28.6944
125 80 28.6944
132 80 28.6944
133 80 28.6944
163 80 40.1606
174 80 28.6944
199 80 40.1606
201 80 40.1606
227 80 40.1606
471 80 66.8896
506 80 40.1606
14 81 18.2648
25 81 15.456
122 81 28.6944
123 81 28.6944
132 81 28.6944
133 81 28.6944
174 81 28.6944
199 81 40.1606
201 81 40.1606
274 81 66.8896
471 81 66.8896
14 82 18.2648
32 82 18.2648
122 82 28.6944
123 82 28.6944
199 82 28.6944
201 82 28.6944
13 83 18.2648
14 83 18.2648
27 83 15.456
32 83 18.2648
62 83 15.456
110 83 22.3214
111 83 22.3214
122 83 28.6944
123 83 28.6944
128 83 28.6944
142 83 28.6944
174 83 40.1606
199 83 28.6944
201 83 40.1606
268 83 28.6944
471 83 66.8896
597 83 13.3958
13 84 18.2648
14 84 18.2648
31 84 18.2648
32 84 18.2648
122 84 28.6944
123 84 28.6944
128 84 28.6944
142 84 28.6944
143 84 28.6944
201 84 28.6944
232 84 40.1606
244 84 40.1606
249 84 28.6944
471 84 66.8896
598 84 13.3958
13 85 18.2648
29 85 15.456
31 85 18.2648
32 85 18.2648
60 85 15.456
63 85 15.456
122 85 28.6944
123 85 28.6944
128 85 28.6944
149 85 28.6944
161 85 28.6944
199 85 28.6944
201 85 28.6944
202 85 28.6944
221 85 40.1606
246 85 40.1606
249 85 28.6944
502 85 40.1606
13 86 18.2648
17 86 18.2648
29 86 18.2648
32 86 18.2648
63 86 15.456
122 86 28.6944
123 86 28.6944
128 86 28.6944
149 86 28.6944
150 86 28.6944
161 86 28.6944
201 86 28.6944
221 86 40.1606
246 86 40.1606
250 86 28.6944
268 86 40.1606
494 86 200
610 86 13.3958
13 87 18.2648
27 87 15.456
29 87 15.456
32 87 18.2648
63 87 15.456
96 87 22.3214
102 87 22.3214
108 87 22.3214
109 87 22.3214
122 87 28.6944
123 87 28.6944
128 87 28.6944
161 87 28.6944
187 87 28.6944
197 87 40.1606
201 87 40.1606
221 87 40.1606
222 87 40.1606
247 87 40.1606
13 88 18.2648
26 88 18.2648
27 88 18.2648
29 88 15.456
32 88 18.2648
84 88 22.3214
85 88 22.3214
122 88 28.6944
123 88 28.6944
128 88 28.6944
161 88 28.6944
201 88 28.6944
202 88 28.6944
220 88 40.1606
247 88 200
257 88 66.8896
293 88 66.8896
502 88 40.1606
513 88 18.2648
13 89 18.2648
26 89 18.2648
29 89 15.456
84 89 22.3214
85 89 22.3214
122 89 28.6944
123 89 28.6944
128 89 28.6944
161 89 28.6944
202 89 28.6944
256 89 66.8896
445 89 200
603 89 13.3958
13 90 18.2648
26 90 18.2648
84 90 22.3214
85 90 22.3214
123 90 28.6944
128 90 28.6944
234 90 40.1606
256 90 66.8896
445 90 200
497 90 66.8896
505 90 28.6944
604 90 13.3958
13 91 18.2648
26 91 18.2648
30 91 15.456
55 91 22.3214
56 91 22.3214
63 91 15.456
85 91 22.3214
123 91 28.6944
128 91 28.6944
193 91 40.1606
194 91 40.1606
198 91 22.3214
201 91 40.1606
223 91 40.1606
234 91 40.1606
297 91 200
300 91 66.8896
445 91 200
457 91 200
604 91 13.3958
13 92 18.2648
18 92 22.3214
26 92 18.2648
30 92 15.456
56 92 22.3214
85 92 22.3214
123 92 28.6944
128 92 28.6944
160 92 28.6944
175 92 28.6944
193 92 40.1606
194 92 40.1606
206 92 40.1606
224 92 40.1606
300 92 66.8896
301 92 66.8896
445 92 200
446 92 200
456 92 200
13 93 18.2648
14 93 18.2648
18 93 22.3214
26 93 18.2648
30 93 15.456
123 93 28.6944
128 93 28.6944
194 93 40.1606
206 93 40.1606
226 93 40.1606
298 93 200
301 93 66.8896
445 93 200
446 93 200
456 93 200
13 94 18.2648
14 94 18.2648
18 94 22.3214
26 94 18.2648
31 94 15.456
123 94 28.6944
128 94 28.6944
194 94 40.1606
227 94 40.1606
256 94 66.8896
301 94 66.8896
302 94 66.8896
13 95 18.2648
14 95 18.2648
18 95 18.2648
26 95 18.2648
31 95 15.456
62 95 22.3214
97 95 15.456
100 95 15.456
101 95 15.456
123 95 28.6944
128 95 28.6944
194 95 40.1606
229 95 40.1606
253 95 200
256 95 66.8896
301 95 66.8896
302 95 66.8896
13 96 18.2648
14 96 18.2648
18 96 18.2648
26 96 18.2648
62 96 22.3214
84 96 22.3214
97 96 15.456
100 96 15.456
101 96 15.456
128 96 28.6944
129 96 28.6944
194 96 40.1606
253 96 200
256 96 66.8896
302 96 66.8896
303 96 66.8896
323 96 13.3958
13 97 18.2648
14 97 18.2648
18 97 18.2648
26 97 18.2648
62 97 22.3214
84 97 22.3214
97 97 15.456
100 97 15.456
101 97 15.456
128 97 28.6944
194 97 40.1606
215 97 40.1606
216 97 40.1606
248 97 200
253 97 200
256 97 66.8896
300 97 66.8896
302 97 66.8896
303 97 66.8896
323 97 13.3958
583 97 13.3958
13 98 18.2648
14 98 18.2648
18 98 18.2648
26 98 18.2648
59 98 22.3214
89 98 15.456
97 98 15.456
100 98 15.456
101 98 15.456
123 98 28.6944
129 98 28.6944
202 98 40.1606
215 98 40.1606
256 98 66.8896
288 98 66.8896
303 98 66.8896
324 98 13.3958
13 99 18.2648
14 99 18.2648
18 99 18.2648
26 99 18.2648
72 99 22.3214
83 99 22.3214
88 99 15.456
101 99 15.456
123 99 28.6944
128 99 28.6944
129 99 28.6944
202 99 40.1606
215 99 40.1606
256 99 66.8896
273 99 66.8896
287 99 66.8896
288 99 66.8896
303 99 66.8896
304 99 66.8896
324 99 13.3958
536 99 22.3214
13 100 18.2648
14 100 18.2648
18 100 18.2648
26 100 18.2648
28 100 18.2648
72 100 22.3214
75 100 18.2648
83 100 22.3214
94 100 15.456
101 100 15.456
123 100 28.6944
128 100 28.6944
129 100 28.6944
183 100 28.6944
184 100 28.6944
193 100 40.1606
194 100 40.1606
202 100 40.1606
215 100 40.1606
256 100 66.8896
273 100 66.8896
287 100 66.8896
304 100 66.8896
324 100 13.3958
325 100 13.3958
13 101 18.2648
14 101 18.2648
18 101 18.2648
26 101 18.2648
35 101 15.456
48 101 15.456
59 101 22.3214
72 101 22.3214
75 101 18.2648
83 101 22.3214
93 101 15.456
94 101 15.456
101 101 15.456
102 101 15.456
123 101 28.6944
129 101 28.6944
184 101 28.6944
194 101 40.1606
202 101 40.1606
215 101 40.1606
256 101 66.8896
265 101 22.3214
273 101 66.8896
287 101 66.8896
304 101 66.8896
305 101 66.8896
324 101 13.3958
325 101 13.3958
13 102 18.2648
14 102 18.2648
18 102 18.2648
26 102 18.2648
59 102 22.3214
62 102 18.2648
72 102 22.3214
75 102 18.2648
78 102 22.3214
83 102 22.3214
87 102 15.456
102 102 15.456
123 102 28.6944
129 102 28.6944
191 102 66.8896
202 102 40.1606
215 102 40.1606
256 102 66.8896
265 102 22.3214
287 102 66.8896
304 102 66.8896
305 102 66.8896
325 102 13.3958
13 103 18.2648
14 103 18.2648
18 103 18.2648
26 103 18.2648
48 103 15.456
59 103 22.3214
70 103 22.3214
72 103 22.3214
83 103 22.3214
87 103 15.456
123 103 28.6944
126 103 28.6944
129 103 28.6944
202 103 40.1606
208 103 40.1606
210 103 40.1606
216 103 40.1606
265 103 22.3214
287 103 66.8896
305 103 66.8896
306 103 66.8896
315 103 22.3214
320 103 18.2648
325 103 13.3958
14 104 18.2648
18 104 18.2648
26 104 18.2648
27 104 18.2648
28 104 18.2648
59 104 22.3214
62 104 18.2648
70 104 22.3214
72 104 22.3214
83 104 22.3214
87 104 15.456
121 104 28.6944
126 104 28.6944
129 104 28.6944
202 104 40.1606
208 104 40.1606
210 104 40.1606
211 104 28.6944
216 104 40.1606
287 104 66.8896
306 104 66.8896
315 104 22.3214
316 104 22.3214
320 104 18.2648
325 104 13.3958
326 104 13.3958
14 105 18.2648
18 105 18.2648
26 105 18.2648
27 105 18.2648
59 105 22.3214
62 105 18.2648
70 105 22.3214
72 105 22.3214
121 105 28.6944
129 105 28.6944
194 105 40.1606
199 105 22.3214
202 105 40.1606
208 105 40.1606
216 105 40.1606
229 105 40.1606
306 105 66.8896
316 105 22.3214
320 105 18.2648
326 105 13.3958
585 105 15.456
12 106 18.2648
14 106 18.2648
18 106 18.2648
26 106 18.2648
27 106 18.2648
59 106 22.3214
62 106 18.2648
70 106 22.3214
72 106 22.3214
121 106 28.6944
191 106 66.8896
192 106 66.8896
195 106 40.1606
196 106 40.1606
199 106 22.3214
202 106 40.1606
208 106 40.1606
216 106 40.1606
229 106 40.1606
299 106 200
302 106 66.8896
306 106 66.8896
307 106 66.8896
310 106 40.1606
316 106 22.3214
325 106 200
507 106 40.1606
508 106 40.1606
14 107 18.2648
15 107 18.2648
18 107 18.2648
19 107 18.2648
26 107 18.2648
27 107 18.2648
59 107 22.3214
62 107 18.2648
70 107 22.3214
72 107 22.3214
84 107 22.3214
103 107 22.3214
121 107 28.6944
122 107 28.6944
192 107 66.8896
195 107 40.1606
202 107 40.1606
208 107 40.1606
216 107 40.1606
299 107 200
307 107 66.8896
310 107 40.1606
311 107 40.1606
315 107 28.6944
316 107 28.6944
325 107 200
511 107 40.1606
14 108 18.2648
18 108 18.2648
19 108 18.2648
26 108 18.2648
27 108 18.2648
59 108 22.3214
61 108 18.2648
62 108 18.2648
70 108 22.3214
72 108 22.3214
103 108 22.3214
109 108 28.6944
130 108 28.6944
195 108 40.1606
202 108 40.1606
208 108 40.1606
216 108 40.1606
224 108 40.1606
225 108 40.1606
306 108 66.8896
307 108 66.8896
310 108 40.1606
311 108 40.1606
316 108 40.1606
326 108 200
511 108 40.1606
14 109 18.2648
18 109 22.3214
26 109 18.2648
27 109 18.2648
59 109 22.3214
62 109 18.2648
70 109 22.3214
72 109 22.3214
103 109 22.3214
109 109 28.6944
110 109 28.6944
202 109 40.1606
208 109 40.1606
216 109 40.1606
225 109 40.1606
270 109 66.8896
306 109 66.8896
307 109 66.8896
311 109 40.1606
316 109 66.8896
318 109 66.8896
319 109 66.8896
321 109 66.8896
326 109 200
587 109 15.456
14 110 18.2648
27 110 18.2648
59 110 22.3214
62 110 18.2648
70 110 22.3214
72 110 22.3214
103 110 22.3214
109 110 28.6944
110 110 28.6944
121 110 28.6944
202 110 40.1606
208 110 40.1606
211 110 40.1606
216 110 40.1606
225 110 40.1606
270 110 66.8896
311 110 200
316 110 200
507 110 40.1606
14 111 18.2648
16 111 18.2648
27 111 18.2648
59 111 22.3214
62 111 18.2648
70 111 22.3214
72 111 22.3214
73 111 22.3214
128 111 28.6944
202 111 40.1606
208 111 40.1606
211 111 40.1606
216 111 40.1606
225 111 40.1606
270 111 66.8896
316 111 200
326 111 200
506 111 40.1606
511 111 40.1606
535 111 22.3214
8 112 15.456
14 112 18.2648
27 112 18.2648
53 112 15.456
59 112 22.3214
62 112 18.2648
70 112 22.3214
72 112 22.3214
73 112 22.3214
104 112 22.3214
129 112 28.6944
202 112 40.1606
208 112 40.1606
211 112 40.1606
216 112 40.1606
304 112 66.8896
327 112 200
329 112 200
506 112 40.1606
511 112 40.1606
27 113 18.2648
53 113 15.456
59 113 22.3214
62 113 18.2648
70 113 22.3214
73 113 22.3214
82 113 15.456
104 113 22.3214
129 113 28.6944
202 113 40.1606
216 113 40.1606
304 113 66.8896
327 113 200
27 114 22.3214
28 114 22.3214
53 114 15.456
63 114 18.2648
70 114 22.3214
73 114 22.3214
82 114 15.456
104 114 22.3214
110 114 28.6944
122 114 28.6944
129 114 28.6944
200 114 40.1606
202 114 40.1606
216 114 40.1606
304 114 66.8896
337 114 40.1606
16 115 66.8896
20 115 15.456
22 115 15.456
23 115 15.456
27 115 22.3214
28 115 22.3214
53 115 15.456
70 115 22.3214
73 115 22.3214
92 115 15.456
104 115 22.3214
122 115 28.6944
129 115 28.6944
200 115 40.1606
202 115 40.1606
262 115 66.8896
332 115 66.8896
333 115 66.8896
24 116 15.456
28 116 22.3214
53 116 15.456
63 116 15.456
70 116 22.3214
73 116 22.3214
81 116 15.456
104 116 22.3214
129 116 28.6944
182 116 28.6944
200 116 40.1606
202 116 40.1606
215 116 40.1606
330 116 15.456
333 116 66.8896
49 117 15.456
53 117 15.456
59 117 22.3214
60 117 22.3214
73 117 22.3214
129 117 28.6944
160 117 28.6944
202 117 40.1606
265 117 40.1606
313 117 200
330 117 15.456
49 118 15.456
53 118 15.456
59 118 22.3214
129 118 28.6944
161 118 28.6944
186 118 22.3214
187 118 22.3214
202 118 40.1606
241 118 40.1606
245 118 28.6944
267 118 40.1606
330 118 15.456
535 118 22.3214
54 119 15.456
59 119 22.3214
65 119 15.456
122 119 28.6944
129 119 28.6944
186 119 22.3214
187 119 22.3214
202 119 40.1606
245 119 28.6944
250 119 28.6944
256 119 66.8896
266 119 40.1606
330 119 15.456
535 119 22.3214
59 120 22.3214
65 120 15.456
78 120 22.3214
80 120 18.2648
122 120 28.6944
129 120 28.6944
144 120 28.6944
146 120 28.6944
186 120 22.3214
187 120 22.3214
202 120 40.1606
242 120 40.1606
330 120 15.456
331 120 15.456
342 120 28.6944
549 120 22.3214
51 121 15.456
59 121 22.3214
60 121 22.3214
81 121 22.3214
122 121 28.6944
127 121 28.6944
129 121 28.6944
144 121 28.6944
146 121 28.6944
148 121 28.6944
149 121 28.6944
176 121 28.6944
177 121 28.6944
193 121 28.6944
202 121 40.1606
242 121 40.1606
257 121 66.8896
330 121 15.456
342 121 66.8896
517 121 28.6944
32 122 13.3958
37 122 18.2648
59 122 22.3214
60 122 22.3214
122 122 28.6944
129 122 28.6944
144 122 28.6944
148 122 28.6944
149 122 28.6944
176 122 28.6944
202 122 40.1606
228 122 40.1606
242 122 40.1606
257 122 66.8896
273 122 66.8896
274 122 66.8896
288 122 66.8896
313 122 200
330 122 15.456
31 123 13.3958
32 123 13.3958
37 123 18.2648
59 123 22.3214
60 123 22.3214
144 123 28.6944
148 123 28.6944
149 123 28.6944
175 123 28.6944
176 123 28.6944
200 123 40.1606
202 123 40.1606
222 123 40.1606
242 123 40.1606
261 123 66.8896
274 123 66.8896
287 123 66.8896
288 123 66.8896
313 123 200
333 123 200
342 123 200
344 123 200
31 124 13.3958
32 124 13.3958
36 124 18.2648
60 124 22.3214
92 124 18.2648
131 124 28.6944
144 124 28.6944
148 124 28.6944
149 124 28.6944
175 124 28.6944
176 124 28.6944
203 124 28.6944
222 124 40.1606
239 124 22.3214
242 124 40.1606
261 124 66.8896
274 124 66.8896
288 124 66.8896
313 124 200
342 124 200
343 124 200
516 124 28.6944
36 125 18.2648
91 125 18.2648
92 125 18.2648
148 125 28.6944
149 125 28.6944
161 125 28.6944
176 125 28.6944
203 125 40.1606
222 125 40.1606
234 125 40.1606
242 125 40.1606
258 125 200
261 125 66.8896
274 125 66.8896
288 125 66.8896
313 125 200
331 125 200
336 125 200
338 125 200
343 125 200
31 126 13.3958
33 126 13.3958
45 126 15.456
67 126 15.456
68 126 15.456
69 126 15.456
149 126 28.6944
161 126 28.6944
176 126 28.6944
202 126 40.1606
222 126 40.1606
234 126 40.1606
242 126 40.1606
288 126 66.8896
313 126 200
344 126 200
32 127 13.3958
46 127 15.456
58 127 22.3214
65 127 15.456
66 127 15.456
67 127 15.456
120 127 18.2648
121 127 18.2648
149 127 28.6944
161 127 28.6944
202 127 40.1606
203 127 40.1606
242 127 40.1606
257 127 66.8896
261 127 66.8896
274 127 66.8896
288 127 66.8896
313 127 200
344 127 200
345 127 200
46 128 15.456
58 128 22.3214
59 128 22.3214
60 128 18.2648
62 128 18.2648
64 128 15.456
90 128 18.2648
149 128 28.6944
203 128 40.1606
242 128 40.1606
257 128 66.8896
274 128 66.8896
288 128 66.8896
305 128 66.8896
330 128 200
337 128 40.1606
345 128 200
349 128 200
60 129 18.2648
62 129 18.2648
77 129 18.2648
90 129 18.2648
163 129 28.6944
176 129 28.6944
203 129 40.1606
242 129 40.1606
254 129 200
257 129 66.8896
288 129 66.8896
305 129 66.8896
330 129 200
331 129 200
346 129 200
350 129 200
15 130 15.456
34 130 15.456
36 130 15.456
77 130 18.2648
78 130 18.2648
80 130 18.2648
90 130 18.2648
163 130 28.6944
175 130 28.6944
176 130 28.6944
203 130 40.1606
242 130 40.1606
274 130 66.8896
288 130 66.8896
305 130 66.8896
327 130 18.2648
336 130 11.8203
346 130 200
350 130 200
429 130 66.8896
516 130 28.6944
3 131 15.456
34 131 15.456
36 131 15.456
78 131 18.2648
80 131 18.2648
163 131 28.6944
175 131 28.6944
176 131 28.6944
203 131 40.1606
242 131 40.1606
274 131 66.8896
288 131 66.8896
305 131 66.8896
327 131 18.2648
330 131 15.456
337 131 11.8203
351 131 200
426 131 200
36 132 15.456
39 132 15.456
42 132 15.456
60 132 15.456
61 132 15.456
116 132 22.3214
163 132 28.6944
176 132 28.6944
203 132 40.1606
288 132 66.8896
313 132 200
327 132 18.2648
330 132 15.456
333 132 13.3958
337 132 11.8203
347 132 200
358 132 200
19 133 15.456
59 133 15.456
60 133 15.456
116 133 22.3214
163 133 28.6944
203 133 40.1606
313 133 200
327 133 18.2648
330 133 15.456
333 133 13.3958
347 133 200
35 134 15.456
57 134 15.456
59 134 15.456
60 134 15.456
88 134 18.2648
106 134 18.2648
107 134 18.2648
163 134 28.6944
176 134 28.6944
203 134 40.1606
313 134 200
330 134 15.456
331 134 13.3958
333 134 13.3958
337 134 40.1606
348 134 200
358 134 200
423 134 200
35 135 15.456
37 135 15.456
38 135 15.456
57 135 15.456
87 135 18.2648
88 135 18.2648
107 135 18.2648
111 135 22.3214
163 135 28.6944
176 135 28.6944
203 135 40.1606
207 135 40.1606
313 135 200
327 135 18.2648
333 135 13.3958
337 135 40.1606
343 135 200
348 135 200
358 135 200
423 135 200
37 136 15.456
38 136 15.456
56 136 15.456
87 136 18.2648
114 136 22.3214
163 136 28.6944
189 136 22.3214
203 136 40.1606
229 136 40.1606
257 136 66.8896
313 136 200
333 136 13.3958
343 136 200
348 136 200
359 136 200
34 137 15.456
37 137 15.456
52 137 15.456
55 137 15.456
56 137 15.456
86 137 18.2648
87 137 18.2648
113 137 22.3214
114 137 22.3214
115 137 22.3214
163 137 28.6944
189 137 22.3214
194 137 40.1606
195 137 40.1606
203 137 40.1606
216 137 40.1606
217 137 40.1606
313 137 200
331 137 15.456
333 137 15.456
349 137 200
359 137 200
34 138 15.456
36 138 15.456
37 138 15.456
53 138 15.456
55 138 15.456
86 138 18.2648
112 138 22.3214
113 138 22.3214
163 138 28.6944
194 138 40.1606
195 138 40.1606
203 138 40.1606
216 138 40.1606
217 138 40.1606
313 138 200
331 138 15.456
349 138 200
359 138 200
26 139 15.456
34 139 15.456
37 139 15.456
47 139 15.456
53 139 15.456
55 139 15.456
62 139 18.2648
85 139 18.2648
113 139 22.3214
133 139 28.6944
134 139 28.6944
163 139 28.6944
185 139 40.1606
195 139 40.1606
203 139 40.1606
216 139 40.1606
219 139 40.1606
313 139 200
327 139 18.2648
331 139 15.456
350 139 200
360 139 200
425 139 200
427 139 200
546 139 22.3214
34 140 15.456
53 140 15.456
55 140 15.456
82 140 18.2648
134 140 28.6944
144 140 28.6944
163 140 28.6944
171 140 28.6944
195 140 40.1606
203 140 40.1606
216 140 40.1606
313 140 200
331 140 15.456
350 140 200
360 140 200
424 140 200
545 140 22.3214
53 141 15.456
55 141 15.456
61 141 18.2648
82 141 18.2648
88 141 18.2648
89 141 18.2648
127 141 28.6944
150 141 28.6944
151 141 28.6944
163 141 28.6944
171 141 28.6944
195 141 40.1606
203 141 40.1606
216 141 40.1606
313 141 200
331 141 15.456
350 141 200
360 141 200
361 141 200
416 141 200
423 141 200
49 142 15.456
55 142 15.456
82 142 18.2648
86 142 18.2648
87 142 18.2648
127 142 28.6944
130 142 28.6944
142 142 18.2648
150 142 28.6944
151 142 28.6944
163 142 28.6944
171 142 28.6944
195 142 40.1606
203 142 40.1606
216 142 40.1606
270 142 66.8896
313 142 200
350 142 200
363 142 200
416 142 200
419 142 66.8896
420 142 66.8896
423 142 200
442 142 200
45 143 15.456
55 143 15.456
81 143 18.2648
84 143 18.2648
85 143 18.2648
127 143 28.6944
130 143 28.6944
142 143 18.2648
171 143 28.6944
203 143 40.1606
216 143 40.1606
230 143 40.1606
313 143 200
330 143 66.8896
332 143 66.8896
344 143 8.73744
350 143 200
356 143 40.1606
363 143 200
442 143 200
544 143 22.3214
83 144 18.2648
84 144 18.2648
127 144 28.6944
130 144 28.6944
203 144 40.1606
216 144 40.1606
217 144 40.1606
230 144 40.1606
331 144 200
332 144 200
337 144 11.8203
341 144 9.56938
349 144 200
356 144 40.1606
364 144 200
438 144 200
33 145 15.456
49 145 15.456
59 145 15.456
60 145 15.456
83 145 18.2648
130 145 28.6944
203 145 40.1606
212 145 40.1606
217 145 40.1606
223 145 22.3214
274 145 66.8896
288 145 66.8896
289 145 66.8896
337 145 11.8203
341 145 9.56938
344 145 8.73744
349 145 200
365 145 200
416 145 66.8896
423 145 200
513 145 40.1606
34 146 15.456
52 146 15.456
59 146 15.456
60 146 15.456
82 146 18.2648
83 146 18.2648
130 146 28.6944
185 146 40.1606
203 146 40.1606
212 146 40.1606
217 146 40.1606
223 146 22.3214
226 146 40.1606
274 146 66.8896
288 146 66.8896
300 146 66.8896
305 146 200
337 146 11.8203
341 146 9.56938
344 146 66.8896
349 146 200
365 146 200
366 146 200
412 146 200
416 146 66.8896
52 147 15.456
53 147 15.456
58 147 15.456
59 147 15.456
78 147 18.2648
81 147 18.2648
82 147 18.2648
96 147 15.456
129 147 28.6944
130 147 28.6944
172 147 28.6944
203 147 40.1606
212 147 40.1606
217 147 40.1606
226 147 40.1606
274 147 66.8896
288 147 66.8896
327 147 18.2648
337 147 11.8203
412 147 200
422 147 200
426 147 66.8896
36 148 15.456
52 148 15.456
57 148 15.456
58 148 15.456
81 148 18.2648
82 148 18.2648
95 148 15.456
96 148 15.456
130 148 28.6944
203 148 40.1606
212 148 40.1606
226 148 40.1606
288 148 66.8896
331 148 15.456
369 148 200
426 148 66.8896
465 148 200
517 148 28.6944
37 149 15.456
51 149 15.456
52 149 15.456
56 149 15.456
57 149 15.456
81 149 18.2648
93 149 18.2648
123 149 28.6944
130 149 28.6944
203 149 40.1606
212 149 40.1606
226 149 40.1606
288 149 66.8896
313 149 200
315 149 200
331 149 15.456
369 149 200
370 149 200
465 149 200
517 149 28.6944
542 149 28.6944
38 150 15.456
51 150 15.456
56 150 15.456
78 150 18.2648
80 150 18.2648
81 150 18.2648
104 150 18.2648
123 150 28.6944
130 150 28.6944
203 150 40.1606
212 150 40.1606
217 150 40.1606
267 150 40.1606
288 150 66.8896
313 150 200
315 150 200
331 150 15.456
370 150 200
418 150 200
542 150 28.6944
41 151 15.456
42 151 15.456
48 151 18.2648
49 151 15.456
51 151 15.456
55 151 15.456
56 151 15.456
57 151 15.456
76 151 15.456
78 151 18.2648
80 151 18.2648
81 151 18.2648
101 151 18.2648
102 151 18.2648
103 151 18.2648
130 151 28.6944
203 151 40.1606
212 151 40.1606
226 151 40.1606
288 151 66.8896
313 151 200
315 151 200
331 151 15.456
344 151 200
372 151 200
418 151 200
42 152 15.456
43 152 15.456
52 152 15.456
55 152 15.456
81 152 18.2648
99 152 18.2648
130 152 28.6944
203 152 40.1606
212 152 40.1606
217 152 40.1606
258 152 40.1606
260 152 40.1606
288 152 66.8896
313 152 200
315 152 200
331 152 15.456
334 152 13.3958
372 152 200
43 153 15.456
54 153 15.456
86 153 28.6944
87 153 28.6944
88 153 28.6944
92 153 18.2648
93 153 18.2648
94 153 18.2648
95 153 18.2648
130 153 28.6944
185 153 28.6944
186 153 28.6944
187 153 28.6944
212 153 40.1606
217 153 40.1606
258 153 40.1606
260 153 40.1606
289 153 66.8896
313 153 200
315 153 200
331 153 15.456
372 153 200
46 154 15.456
93 154 18.2648
94 154 18.2648
130 154 28.6944
160 154 28.6944
185 154 28.6944
186 154 28.6944
187 154 28.6944
248 154 40.1606
260 154 40.1606
289 154 66.8896
304 154 200
313 154 200
315 154 200
331 154 15.456
337 154 11.8203
344 154 9.56938
372 154 200
405 154 200
482 154 40.1606
540 154 22.3214
47 155 15.456
75 155 18.2648
126 155 22.3214
130 155 28.6944
196 155 40.1606
201 155 28.6944
203 155 28.6944
244 155 200
289 155 66.8896
313 155 200
315 155 200
331 155 15.456
344 155 9.56938
395 155 18.2648
540 155 22.3214
48 156 15.456
55 156 18.2648
73 156 18.2648
74 156 18.2648
75 156 18.2648
130 156 28.6944
304 156 200
313 156 200
315 156 200
331 156 15.456
377 156 200
540 156 22.3214
49 157 15.456
55 157 18.2648
72 157 18.2648
73 157 18.2648
130 157 28.6944
197 157 40.1606
206 157 28.6944
304 157 200
313 157 200
315 157 200
331 157 15.456
344 157 22.3214
376 157 200
377 157 200
49 158 15.456
50 158 15.456
56 158 18.2648
71 158 18.2648
72 158 18.2648
93 158 22.3214
130 158 28.6944
204 158 28.6944
206 158 28.6944
217 158 40.1606
254 158 200
258 158 66.8896
304 158 200
313 158 200
315 158 200
344 158 200
356 158 200
377 158 200
87 159 22.3214
127 159 28.6944
130 159 28.6944
206 159 28.6944
255 159 200
258 159 66.8896
313 159 200
314 159 200
315 159 200
344 159 200
356 159 200
53 160 18.2648
87 160 22.3214
124 160 28.6944
127 160 28.6944
130 160 28.6944
314 160 200
331 160 200
344 160 200
367 160 200
509 160 28.6944
54 161 18.2648
55 161 18.2648
124 161 28.6944
130 161 28.6944
258 161 66.8896
307 161 66.8896
331 161 200
359 161 200
367 161 200
375 161 200
124 162 28.6944
127 162 28.6944
130 162 28.6944
204 162 40.1606
258 162 66.8896
307 162 66.8896
337 162 11.8203
367 162 200
375 162 200
82 163 18.2648
83 163 18.2648
124 163 28.6944
127 163 28.6944
130 163 28.6944
307 163 66.8896
359 163 200
367 163 200
379 163 200
395 163 200
396 163 200
34 164 18.2648
35 164 18.2648
61 164 18.2648
81 164 18.2648
124 164 28.6944
125 164 28.6944
127 164 28.6944
130 164 28.6944
131 164 28.6944
229 164 40.1606
235 164 40.1606
236 164 40.1606
331 164 15.456
334 164 13.3958
340 164 66.8896
359 164 200
367 164 200
379 164 200
395 164 200
34 165 18.2648
35 165 18.2648
36 165 18.2648
61 165 18.2648
125 165 28.6944
127 165 28.6944
130 165 28.6944
131 165 28.6944
235 165 40.1606
314 165 200
331 165 15.456
367 165 200
540 165 22.3214
34 166 18.2648
35 166 18.2648
86 166 22.3214
87 166 22.3214
123 166 28.6944
204 166 40.1606
236 166 40.1606
314 166 200
331 166 15.456
334 166 13.3958
367 166 200
396 166 200
397 166 200
514 166 28.6944
518 166 22.3214
540 166 22.3214
34 167 18.2648
123 167 28.6944
204 167 40.1606
236 167 40.1606
289 167 66.8896
314 167 200
334 167 13.3958
344 167 9.56938
514 167 28.6944
517 167 22.3214
540 167 22.3214
34 168 18.2648
59 168 18.2648
68 168 18.2648
69 168 18.2648
123 168 28.6944
124 168 28.6944
132 168 28.6944
222 168 28.6944
258 168 66.8896
274 168 66.8896
275 168 66.8896
289 168 66.8896
314 168 200
344 168 9.56938
367 168 200
496 168 40.1606
513 168 28.6944
34 169 18.2648
67 169 18.2648
68 169 18.2648
124 169 28.6944
132 169 28.6944
184 169 28.6944
185 169 28.6944
204 169 40.1606
275 169 66.8896
289 169 66.8896
314 169 200
331 169 15.456
357 169 200
367 169 200
496 169 40.1606
513 169 28.6944
540 169 22.3214
57 170 18.2648
58 170 18.2648
67 170 18.2648
85 170 22.3214
86 170 22.3214
161 170 28.6944
162 170 28.6944
184 170 28.6944
185 170 28.6944
187 170 28.6944
275 170 66.8896
289 170 66.8896
314 170 200
331 170 15.456
356 170 200
357 170 200
367 170 200
496 170 40.1606
34 171 18.2648
35 171 18.2648
57 171 18.2648
66 171 18.2648
67 171 18.2648
85 171 22.3214
86 171 22.3214
131 171 28.6944
162 171 28.6944
177 171 28.6944
185 171 28.6944
275 171 66.8896
289 171 66.8896
314 171 200
331 171 15.456
342 171 200
344 171 200
356 171 200
357 171 200
367 171 200
56 172 18.2648
57 172 18.2648
66 172 18.2648
86 172 22.3214
130 172 28.6944
131 172 28.6944
177 172 28.6944
275 172 66.8896
289 172 66.8896
314 172 200
331 172 15.456
332 172 15.456
344 172 200
357 172 200
367 172 200
375 172 200
56 173 18.2648
57 173 18.2648
66 173 18.2648
77 173 22.3214
80 173 22.3214
86 173 22.3214
111 173 28.6944
112 173 28.6944
130 173 28.6944
131 173 28.6944
176 173 28.6944
177 173 28.6944
275 173 66.8896
289 173 66.8896
314 173 200
331 173 15.456
332 173 15.456
357 173 200
375 173 200
516 173 28.6944
541 173 22.3214
56 174 18.2648
65 174 18.2648
66 174 18.2648
77 174 22.3214
80 174 22.3214
86 174 22.3214
105 174 22.3214
111 174 28.6944
112 174 28.6944
130 174 28.6944
131 174 28.6944
177 174 28.6944
275 174 66.8896
289 174 66.8896
314 174 200
332 174 15.456
338 174 40.1606
357 174 200
360 174 66.8896
375 174 200
484 174 28.6944
55 175 18.2648
56 175 18.2648
65 175 18.2648
66 175 18.2648
80 175 22.3214
86 175 22.3214
105 175 22.3214
112 175 28.6944
130 175 28.6944
131 175 28.6944
177 175 28.6944
188 175 22.3214
275 175 66.8896
289 175 66.8896
314 175 200
331 175 15.456
338 175 40.1606
357 175 200
360 175 66.8896
34 176 22.3214
55 176 18.2648
56 176 18.2648
63 176 18.2648
64 176 18.2648
77 176 22.3214
80 176 22.3214
86 176 22.3214
105 176 22.3214
106 176 22.3214
112 176 28.6944
130 176 28.6944
131 176 28.6944
177 176 28.6944
275 176 66.8896
289 176 66.8896
314 176 200
331 176 200
338 176 40.1606
357 176 200
55 177 18.2648
63 177 18.2648
64 177 18.2648
77 177 22.3214
80 177 22.3214
86 177 22.3214
106 177 22.3214
112 177 28.6944
130 177 28.6944
131 177 28.6944
146 177 28.6944
148 177 28.6944
150 177 28.6944
188 177 22.3214
275 177 66.8896
289 177 66.8896
307 177 66.8896
513 177 40.1606
514 177 40.1606
55 178 18.2648
63 178 18.2648
80 178 22.3214
106 178 22.3214
112 178 28.6944
130 178 28.6944
131 178 28.6944
145 178 28.6944
146 178 28.6944
148 178 28.6944
150 178 28.6944
151 178 28.6944
188 178 22.3214
195 178 22.3214
202 178 22.3214
289 178 66.8896
307 178 66.8896
368 178 200
372 178 66.8896
503 178 66.8896
518 178 28.6944
55 179 18.2648
63 179 18.2648
80 179 22.3214
106 179 22.3214
112 179 28.6944
130 179 28.6944
131 179 28.6944
145 179 28.6944
150 179 28.6944
177 179 28.6944
188 179 22.3214
237 179 40.1606
307 179 66.8896
345 179 8.73744
352 179 7.44324
363 179 40.1606
368 179 200
34 180 22.3214
54 180 18.2648
55 180 18.2648
62 180 18.2648
63 180 18.2648
66 180 22.3214
67 180 22.3214
80 180 22.3214
86 180 22.3214
106 180 22.3214
131 180 28.6944
145 180 28.6944
150 180 28.6944
177 180 28.6944
237 180 40.1606
328 180 18.2648
331 180 15.456
334 180 13.3958
344 180 9.56938
345 180 8.73744
352 180 7.44324
357 180 200
375 180 40.1606
514 180 28.6944
54 181 18.2648
62 181 18.2648
63 181 18.2648
67 181 22.3214
80 181 22.3214
131 181 28.6944
266 181 40.1606
314 181 200
328 181 18.2648
331 181 15.456
334 181 13.3958
342 181 10.5764
344 181 9.56938
345 181 9.56938
352 181 7.44324
356 181 200
483 181 40.1606
513 181 28.6944
54 182 18.2648
62 182 18.2648
63 182 18.2648
67 182 22.3214
80 182 22.3214
131 182 28.6944
170 182 40.1606
314 182 200
331 182 15.456
334 182 13.3958
342 182 10.5764
356 182 200
361 182 40.1606
476 182 40.1606
513 182 28.6944
34 183 22.3214
53 183 18.2648
54 183 18.2648
62 183 22.3214
63 183 22.3214
67 183 22.3214
80 183 22.3214
124 183 28.6944
194 183 22.3214
224 183 28.6944
257 183 66.8896
314 183 200
328 183 18.2648
334 183 13.3958
342 183 10.5764
344 183 66.8896
345 183 66.8896
352 183 200
357 183 200
361 183 40.1606
34 184 22.3214
53 184 18.2648
54 184 18.2648
63 184 22.3214
67 184 22.3214
80 184 22.3214
124 184 28.6944
132 184 28.6944
133 184 28.6944
194 184 22.3214
202 184 22.3214
259 184 66.8896
314 184 200
334 184 13.3958
345 184 200
352 184 200
395 184 7.44324
435 184 6.48298
34 185 22.3214
54 185 18.2648
63 185 22.3214
67 185 22.3214
80 185 22.3214
169 185 28.6944
186 185 28.6944
193 185 22.3214
194 185 22.3214
263 185 40.1606
266 185 28.6944
314 185 200
328 185 18.2648
352 185 200
369 185 200
395 185 7.44324
430 185 6.93001
34 186 22.3214
54 186 18.2648
63 186 22.3214
67 186 22.3214
80 186 22.3214
92 186 18.2648
168 186 28.6944
194 186 22.3214
263 186 40.1606
314 186 200
328 186 18.2648
332 186 15.456
352 186 200
359 186 200
426 186 28.6944
427 186 28.6944
445 186 11.8203
34 187 22.3214
54 187 18.2648
63 187 22.3214
67 187 22.3214
72 187 13.3958
73 187 13.3958
80 187 22.3214
93 187 18.2648
123 187 28.6944
137 187 28.6944
138 187 28.6944
193 187 28.6944
218 187 40.1606
263 187 40.1606
314 187 200
332 187 15.456
338 187 11.8203
352 187 200
359 187 200
382 187 200
389 187 28.6944
390 187 28.6944
391 187 28.6944
424 187 40.1606
425 187 28.6944
426 187 28.6944
427 187 28.6944
513 187 28.6944
34 188 22.3214
53 188 18.2648
54 188 18.2648
60 188 18.2648
63 188 22.3214
64 188 22.3214
67 188 22.3214
108 188 22.3214
137 188 28.6944
138 188 28.6944
218 188 40.1606
314 188 200
328 188 18.2648
332 188 15.456
338 188 11.8203
352 188 7.44324
359 188 200
382 188 200
389 188 28.6944
391 188 28.6944
425 188 40.1606
426 188 40.1606
434 188 66.8896
497 188 28.6944
513 188 28.6944
53 189 18.2648
54 189 18.2648
59 189 18.2648
60 189 18.2648
61 189 18.2648
87 189 18.2648
163 189 28.6944
168 189 28.6944
205 189 28.6944
314 189 200
315 189 200
328 189 18.2648
332 189 15.456
338 189 11.8203
352 189 7.44324
357 189 200
424 189 40.1606
429 189 200
438 189 40.1606
471 189 66.8896
504 189 66.8896
513 189 28.6944
34 190 22.3214
35 190 22.3214
53 190 18.2648
59 190 18.2648
60 190 18.2648
61 190 18.2648
82 190 22.3214
99 190 18.2648
163 190 28.6944
168 190 28.6944
193 190 28.6944
290 190 66.8896
314 190 66.8896
316 190 66.8896
328 190 18.2648
332 190 15.456
338 190 11.8203
352 190 7.44324
386 190 66.8896
424 190 66.8896
427 190 40.1606
434 190 66.8896
438 190 40.1606
471 190 66.8896
497 190 28.6944
53 191 18.2648
60 191 18.2648
82 191 22.3214
105 191 22.3214
147 191 28.6944
163 191 28.6944
168 191 28.6944
186 191 28.6944
196 191 28.6944
255 191 200
275 191 66.8896
289 191 66.8896
290 191 66.8896
301 191 66.8896
316 191 66.8896
328 191 18.2648
332 191 15.456
338 191 40.1606
341 191 28.6944
352 191 200
357 191 200
384 191 66.8896
427 191 200
432 191 200
434 191 200
438 191 40.1606
513 191 28.6944
53 192 18.2648
60 192 18.2648
87 192 22.3214
105 192 22.3214
108 192 28.6944
109 192 28.6944
130 192 28.6944
131 192 28.6944
133 192 28.6944
163 192 28.6944
168 192 28.6944
186 192 28.6944
194 192 28.6944
213 192 28.6944
275 192 66.8896
289 192 66.8896
315 192 66.8896
316 192 66.8896
338 192 40.1606
352 192 200
357 192 200
362 192 200
364 192 200
367 192 28.6944
384 192 66.8896
432 192 66.8896
438 192 40.1606
452 192 3.6543
471 192 40.1606
513 192 28.6944
53 193 18.2648
60 193 18.2648
88 193 22.3214
113 193 28.6944
130 193 28.6944
131 193 28.6944
168 193 28.6944
253 193 200
279 193 66.8896
284 193 66.8896
289 193 66.8896
315 193 66.8896
316 193 66.8896
352 193 200
357 193 200
362 193 200
364 193 200
367 193 28.6944
368 193 28.6944
427 193 200
438 193 40.1606
445 193 3.94089
452 193 3.6543
469 193 40.1606
17 194 18.2648
34 194 22.3214
35 194 22.3214
52 194 18.2648
93 194 18.2648
131 194 28.6944
148 194 28.6944
171 194 28.6944
186 194 40.1606
210 194 28.6944
276 194 200
279 194 66.8896
281 194 66.8896
284 194 66.8896
289 194 66.8896
301 194 66.8896
315 194 66.8896
316 194 66.8896
352 194 200
362 194 200
427 194 200
429 194 200
434 194 66.8896
437 194 40.1606
449 194 3.79219
462 194 3.29489
464 194 3.29489
470 194 40.1606
497 194 28.6944
17 195 18.2648
18 195 18.2648
29 195 22.3214
35 195 22.3214
51 195 18.2648
59 195 18.2648
93 195 18.2648
104 195 22.3214
114 195 28.6944
187 195 40.1606
198 195 28.6944
201 195 28.6944
276 195 200
279 195 66.8896
284 195 66.8896
289 195 66.8896
315 195 66.8896
316 195 66.8896
318 195 66.8896
340 195 4.90196
352 195 200
355 195 200
362 195 200
381 195 200
391 195 28.6944
394 195 9.56938
429 195 200
433 195 66.8896
434 195 66.8896
436 195 40.1606
437 195 40.1606
497 195 28.6944
513 195 28.6944
17 196 18.2648
19 196 18.2648
20 196 22.3214
21 196 22.3214
30 196 22.3214
51 196 18.2648
59 196 18.2648
88 196 18.2648
113 196 28.6944
114 196 28.6944
130 196 28.6944
133 196 28.6944
145 196 28.6944
187 196 40.1606
209 196 28.6944
276 196 200
279 196 66.8896
284 196 66.8896
289 196 66.8896
325 196 22.3214
340 196 4.90196
352 196 200
362 196 200
365 196 40.1606
367 196 40.1606
381 196 200
382 196 200
426 196 200
429 196 200
433 196 66.8896
434 196 66.8896
435 196 40.1606
436 196 40.1606
437 196 40.1606
439 196 40.1606
442 196 4.10172
493 196 40.1606
497 196 28.6944
513 196 28.6944
17 197 18.2648
50 197 18.2648
51 197 18.2648
59 197 18.2648
84 197 18.2648
133 197 28.6944
152 197 28.6944
176 197 22.3214
187 197 40.1606
276 197 200
279 197 66.8896
284 197 66.8896
289 197 66.8896
340 197 4.90196
352 197 200
360 197 200
361 197 200
364 197 66.8896
365 197 40.1606
366 197 40.1606
367 197 40.1606
368 197 40.1606
375 197 22.3214
376 197 22.3214
381 197 200
391 197 28.6944
426 197 200
432 197 66.8896
433 197 66.8896
434 197 66.8896
435 197 40.1606
436 197 40.1606
437 197 40.1606
439 197 40.1606
442 197 4.10172
493 197 40.1606
497 197 28.6944
513 197 28.6944
50 198 18.2648
51 198 18.2648
58 198 18.2648
59 198 18.2648
84 198 18.2648
103 198 22.3214
176 198 22.3214
201 198 28.6944
207 198 28.6944
276 198 200
279 198 66.8896
284 198 66.8896
289 198 66.8896
309 198 66.8896
317 198 66.8896
324 198 22.3214
337 198 22.3214
342 198 15.456
352 198 200
360 198 200
361 198 200
364 198 66.8896
366 198 40.1606
367 198 40.1606
368 198 40.1606
369 198 40.1606
426 198 200
430 198 200
432 198 66.8896
433 198 66.8896
434 198 66.8896
435 198 40.1606
436 198 40.1606
437 198 40.1606
439 198 40.1606
484 198 40.1606
488 198 66.8896
493 198 40.1606
497 198 28.6944
513 198 28.6944
31 199 18.2648
32 199 18.2648
50 199 18.2648
51 199 18.2648
58 199 18.2648
59 199 18.2648
84 199 18.2648
103 199 22.3214
104 199 22.3214
201 199 28.6944
276 199 200
279 199 66.8896
284 199 66.8896
289 199 66.8896
309 199 66.8896
330 199 40.1606
337 199 22.3214
342 199 15.456
352 199 200
354 199 200
360 199 200
364 199 66.8896
365 199 40.1606
366 199 40.1606
368 199 40.1606
369 199 40.1606
391 199 28.6944
430 199 66.8896
432 199 66.8896
433 199 66.8896
434 199 66.8896
436 199 40.1606
437 199 40.1606
488 199 66.8896
493 199 40.1606
497 199 28.6944
513 199 28.6944
32 200 18.2648
50 200 18.2648
51 200 18.2648
57 200 18.2648
58 200 18.2648
59 200 18.2648
85 200 18.2648
88 200 18.2648
103 200 22.3214
174 200 22.3214
201 200 28.6944
244 200 40.1606
246 200 40.1606
279 200 66.8896
309 200 66.8896
324 200 28.6944
330 200 40.1606
337 200 22.3214
346 200 40.1606
349 200 28.6944
352 200 200
358 200 200
360 200 200
361 200 200
364 200 66.8896
365 200 40.1606
366 200 40.1606
367 200 40.1606
368 200 40.1606
484 200 40.1606
493 200 40.1606
513 200 28.6944
50 201 18.2648
58 201 18.2648
85 201 18.2648
88 201 18.2648
103 201 22.3214
106 201 22.3214
174 201 22.3214
201 201 28.6944
239 201 40.1606
309 201 66.8896
317 201 66.8896
323 201 28.6944
324 201 28.6944
330 201 40.1606
340 201 200
346 201 40.1606
349 201 28.6944
352 201 200
361 201 200
364 201 66.8896
365 201 40.1606
366 201 40.1606
367 201 40.1606
424 201 66.8896
483 201 40.1606
493 201 40.1606
497 201 28.6944
513 201 28.6944
49 202 18.2648
58 202 18.2648
85 202 18.2648
103 202 22.3214
106 202 22.3214
174 202 22.3214
201 202 28.6944
309 202 66.8896
317 202 66.8896
323 202 28.6944
324 202 28.6944
326 202 66.8896
330 202 40.1606
340 202 200
346 202 40.1606
349 202 28.6944
352 202 22.3214
389 202 40.1606
424 202 66.8896
449 202 200
452 202 66.8896
453 202 66.8896
488 202 66.8896
493 202 40.1606
497 202 28.6944
513 202 28.6944
39 203 18.2648
49 203 18.2648
58 203 18.2648
59 203 18.2648
88 203 18.2648
95 203 18.2648
103 203 22.3214
106 203 22.3214
135 203 22.3214
136 203 22.3214
174 203 22.3214
340 203 200
352 203 200
353 203 200
369 203 40.1606
389 203 40.1606
424 203 66.8896
452 203 66.8896
483 203 40.1606
488 203 66.8896
493 203 40.1606
497 203 28.6944
513 203 28.6944
39 204 18.2648
40 204 18.2648
49 204 18.2648
58 204 18.2648
59 204 18.2648
106 204 22.3214
110 204 22.3214
111 204 22.3214
123 204 22.3214
134 204 22.3214
135 204 22.3214
141 204 22.3214
174 204 22.3214
201 204 28.6944
241 204 40.1606
243 204 40.1606
308 204 200
309 204 200
314 204 40.1606
315 204 40.1606
336 204 40.1606
337 204 40.1606
362 204 40.1606
369 204 22.3214
424 204 66.8896
483 204 40.1606
493 204 40.1606
497 204 28.6944
513 204 28.6944
39 205 18.2648
49 205 18.2648
58 205 18.2648
59 205 18.2648
94 205 18.2648
106 205 22.3214
108 205 22.3214
109 205 22.3214
111 205 22.3214
114 205 66.8896
115 205 66.8896
117 205 22.3214
122 205 22.3214
123 205 22.3214
134 205 22.3214
142 205 22.3214
174 205 22.3214
201 205 28.6944
257 205 40.1606
309 205 200
314 205 40.1606
315 205 40.1606
337 205 40.1606
338 205 40.1606
349 205 15.456
355 205 22.3214
357 205 11.8203
366 205 28.6944
369 205 200
403 205 40.1606
406 205 13.3958
424 205 66.8896
483 205 40.1606
493 205 40.1606
497 205 28.6944
48 206 18.2648
49 206 18.2648
59 206 18.2648
103 206 22.3214
106 206 22.3214
117 206 22.3214
122 206 22.3214
123 206 22.3214
133 206 22.3214
134 206 22.3214
143 206 22.3214
174 206 22.3214
309 206 200
314 206 40.1606
315 206 40.1606
338 206 40.1606
357 206 11.8203
376 206 6.93001
483 206 40.1606
493 206 40.1606
48 207 18.2648
49 207 18.2648
59 207 18.2648
60 207 18.2648
98 207 18.2648
103 207 22.3214
106 207 22.3214
122 207 22.3214
123 207 22.3214
128 207 22.3214
133 207 22.3214
143 207 22.3214
174 207 22.3214
204 207 28.6944
309 207 200
315 207 40.1606
328 207 15.456
338 207 40.1606
345 207 22.3214
371 207 200
401 207 40.1606
469 207 40.1606
483 207 40.1606
489 207 66.8896
494 207 40.1606
48 208 18.2648
49 208 18.2648
59 208 18.2648
60 208 18.2648
98 208 18.2648
106 208 22.3214
122 208 22.3214
123 208 22.3214
130 208 22.3214
133 208 22.3214
143 208 22.3214
148 208 22.3214
174 208 22.3214
203 208 28.6944
204 208 28.6944
239 208 40.1606
253 208 40.1606
259 208 40.1606
309 208 200
312 208 66.8896
315 208 40.1606
318 208 28.6944
322 208 22.3214
328 208 15.456
329 208 15.456
338 208 40.1606
370 208 200
371 208 200
402 208 40.1606
441 208 66.8896
489 208 66.8896
494 208 40.1606
514 208 28.6944
49 209 18.2648
58 209 18.2648
59 209 18.2648
98 209 18.2648
106 209 22.3214
122 209 22.3214
123 209 22.3214
127 209 40.1606
133 209 22.3214
134 209 22.3214
148 209 22.3214
149 209 22.3214
174 209 22.3214
202 209 28.6944
203 209 28.6944
239 209 40.1606
253 209 40.1606
309 209 200
312 209 66.8896
313 209 66.8896
318 209 28.6944
322 209 22.3214
327 209 40.1606
338 209 40.1606
391 209 28.6944
441 209 66.8896
470 209 40.1606
474 209 28.6944
494 209 40.1606
498 209 28.6944
514 209 28.6944
49 210 18.2648
58 210 18.2648
59 210 18.2648
73 210 18.2648
106 210 22.3214
122 210 22.3214
123 210 22.3214
128 210 40.1606
133 210 22.3214
134 210 22.3214
142 210 22.3214
148 210 22.3214
149 210 22.3214
166 210 22.3214
174 210 22.3214
201 210 28.6944
202 210 28.6944
300 210 200
309 210 200
312 210 66.8896
321 210 22.3214
327 210 40.1606
338 210 40.1606
342 210 28.6944
349 210 10.5764
469 210 40.1606
470 210 40.1606
474 210 28.6944
489 210 66.8896
494 210 40.1606
498 210 28.6944
514 210 28.6944
49 211 18.2648
58 211 18.2648
73 211 18.2648
106 211 22.3214
122 211 22.3214
123 211 22.3214
134 211 22.3214
135 211 22.3214
174 211 22.3214
200 211 28.6944
201 211 28.6944
238 211 40.1606
257 211 40.1606
305 211 200
309 211 200
312 211 66.8896
321 211 22.3214
327 211 40.1606
338 211 40.1606
349 211 10.5764
353 211 9.56938
357 211 11.8203
365 211 200
425 211 40.1606
466 211 66.8896
469 211 40.1606
474 211 28.6944
494 211 40.1606
498 211 28.6944
514 211 28.6944
18 212 18.2648
48 212 18.2648
49 212 18.2648
58 212 18.2648
80 212 18.2648
88 212 18.2648
106 212 22.3214
122 212 22.3214
123 212 22.3214
174 212 22.3214
175 212 22.3214
200 212 28.6944
257 212 40.1606
258 212 40.1606
264 212 40.1606
268 212 40.1606
269 212 40.1606
309 212 200
312 212 66.8896
313 212 66.8896
327 212 40.1606
336 212 40.1606
343 212 28.6944
349 212 10.5764
357 212 11.8203
364 212 66.8896
385 212 66.8896
388 212 40.1606
391 212 28.6944
425 212 40.1606
440 212 200
444 212 66.8896
484 212 40.1606
494 212 40.1606
498 212 28.6944
514 212 28.6944
48 213 18.2648
58 213 18.2648
89 213 18.2648
106 213 22.3214
122 213 22.3214
123 213 22.3214
141 213 28.6944
143 213 22.3214
144 213 22.3214
148 213 22.3214
174 213 22.3214
199 213 28.6944
200 213 28.6944
258 213 40.1606
260 213 40.1606
264 213 40.1606
265 213 40.1606
268 213 40.1606
269 213 40.1606
309 213 200
312 213 66.8896
313 213 66.8896
327 213 40.1606
336 213 18.2648
343 213 13.3958
346 213 11.8203
349 213 10.5764
352 213 9.56938
355 213 11.8203
363 213 66.8896
364 213 66.8896
385 213 66.8896
388 213 40.1606
391 213 28.6944
425 213 40.1606
440 213 200
444 213 66.8896
484 213 40.1606
494 213 40.1606
498 213 28.6944
514 213 28.6944
48 214 18.2648
58 214 18.2648
73 214 18.2648
106 214 22.3214
122 214 22.3214
123 214 22.3214
144 214 22.3214
148 214 22.3214
168 214 22.3214
174 214 22.3214
186 214 28.6944
189 214 22.3214
199 214 28.6944
200 214 28.6944
265 214 40.1606
320 214 200
326 214 40.1606
339 214 15.456
344 214 13.3958
346 214 11.8203
349 214 10.5764
352 214 9.56938
355 214 8.73744
360 214 28.6944
364 214 66.8896
385 214 66.8896
388 214 40.1606
391 214 28.6944
393 214 28.6944
420 214 66.8896
425 214 40.1606
440 214 200
444 214 66.8896
452 214 66.8896
454 214 66.8896
473 214 40.1606
484 214 40.1606
494 214 40.1606
514 214 28.6944
48 215 18.2648
57 215 18.2648
58 215 18.2648
71 215 18.2648
73 215 18.2648
88 215 18.2648
94 215 18.2648
106 215 22.3214
122 215 22.3214
123 215 22.3214
148 215 22.3214
149 215 22.3214
168 215 22.3214
174 215 22.3214
175 215 22.3214
188 215 22.3214
189 215 22.3214
199 215 28.6944
265 215 40.1606
320 215 200
326 215 40.1606
338 215 18.2648
339 215 15.456
358 215 28.6944
359 215 28.6944
389 215 40.1606
391 215 28.6944
440 215 200
443 215 66.8896
444 215 66.8896
494 215 40.1606
514 215 28.6944
47 216 18.2648
48 216 18.2648
57 216 18.2648
58 216 18.2648
71 216 18.2648
73 216 18.2648
87 216 18.2648
88 216 18.2648
93 216 18.2648
106 216 22.3214
122 216 22.3214
123 216 22.3214
148 216 22.3214
149 216 22.3214
175 216 22.3214
189 216 22.3214
199 216 28.6944
265 216 40.1606
266 216 40.1606
320 216 200
325 216 40.1606
326 216 40.1606
338 216 15.456
339 216 15.456
342 216 28.6944
351 216 10.5764
389 216 40.1606
430 216 66.8896
440 216 200
443 216 66.8896
473 216 40.1606
489 216 66.8896
514 216 28.6944
47 217 18.2648
48 217 18.2648
57 217 18.2648
58 217 18.2648
71 217 18.2648
106 217 22.3214
123 217 22.3214
143 217 22.3214
175 217 22.3214
199 217 28.6944
221 217 40.1606
230 217 40.1606
265 217 40.1606
266 217 40.1606
305 217 66.8896
309 217 200
314 217 40.1606
315 217 40.1606
320 217 200
325 217 40.1606
338 217 40.1606
339 217 40.1606
342 217 28.6944
343 217 28.6944
346 217 200
349 217 18.2648
369 217 13.3958
430 217 66.8896
440 217 200
443 217 66.8896
473 217 40.1606
489 217 66.8896
494 217 40.1606
498 217 28.6944
514 217 28.6944
47 218 18.2648
48 218 18.2648
57 218 18.2648
58 218 18.2648
82 218 18.2648
92 218 18.2648
106 218 22.3214
123 218 22.3214
126 218 18.2648
142 218 22.3214
175 218 22.3214
194 218 28.6944
199 218 28.6944
200 218 28.6944
203 218 40.1606
223 218 40.1606
230 218 40.1606
265 218 40.1606
309 218 200
320 218 200
325 218 40.1606
338 218 40.1606
339 218 40.1606
346 218 200
349 218 18.2648
443 218 66.8896
473 218 40.1606
489 218 66.8896
494 218 40.1606
498 218 28.6944
514 218 28.6944
47 219 18.2648
57 219 18.2648
58 219 18.2648
91 219 18.2648
123 219 22.3214
148 219 22.3214
175 219 22.3214
185 219 28.6944
194 219 28.6944
199 219 28.6944
223 219 40.1606
230 219 40.1606
265 219 40.1606
320 219 200
325 219 40.1606
339 219 40.1606
349 219 18.2648
385 219 66.8896
405 219 200
443 219 66.8896
473 219 40.1606
489 219 66.8896
494 219 40.1606
498 219 28.6944
514 219 28.6944
47 220 18.2648
57 220 18.2648
58 220 18.2648
81 220 18.2648
88 220 18.2648
104 220 22.3214
111 220 22.3214
123 220 22.3214
134 220 22.3214
148 220 22.3214
149 220 22.3214
175 220 22.3214
199 220 28.6944
203 220 40.1606
223 220 40.1606
230 220 40.1606
265 220 40.1606
266 220 40.1606
325 220 40.1606
350 220 18.2648
443 220 66.8896
473 220 40.1606
514 220 28.6944
47 221 18.2648
57 221 18.2648
58 221 18.2648
73 221 18.2648
85 221 18.2648
87 221 18.2648
103 221 22.3214
104 221 22.3214
123 221 22.3214
148 221 22.3214
149 221 22.3214
175 221 22.3214
199 221 28.6944
203 221 40.1606
204 221 40.1606
230 221 40.1606
265 221 40.1606
266 221 40.1606
305 221 66.8896
325 221 40.1606
351 221 9.56938
443 221 66.8896
447 221 66.8896
473 221 40.1606
498 221 28.6944
514 221 28.6944
47 222 18.2648
57 222 18.2648
58 222 18.2648
73 222 18.2648
79 222 18.2648
87 222 18.2648
100 222 22.3214
103 222 22.3214
104 222 22.3214
118 222 22.3214
123 222 22.3214
148 222 22.3214
149 222 22.3214
175 222 22.3214
199 222 28.6944
204 222 40.1606
227 222 40.1606
230 222 40.1606
265 222 40.1606
266 222 40.1606
305 222 66.8896
325 222 40.1606
326 222 40.1606
342 222 200
347 222 10.5764
351 222 9.56938
387 222 40.1606
443 222 66.8896
447 222 66.8896
451 222 40.1606
467 222 66.8896
468 222 66.8896
473 222 40.1606
498 222 28.6944
47 223 18.2648
48 223 18.2648
58 223 18.2648
73 223 18.2648
74 223 18.2648
79 223 18.2648
103 223 22.3214
104 223 22.3214
118 223 22.3214
123 223 22.3214
175 223 22.3214
199 223 28.6944
204 223 40.1606
227 223 40.1606
230 223 28.6944
265 223 40.1606
325 223 40.1606
342 223 200
347 223 10.5764
351 223 9.56938
447 223 66.8896
452 223 40.1606
473 223 40.1606
498 223 28.6944
504 223 66.8896
47 224 18.2648
48 224 18.2648
58 224 18.2648
74 224 18.2648
103 224 22.3214
104 224 22.3214
117 224 22.3214
118 224 22.3214
123 224 22.3214
124 224 22.3214
175 224 22.3214
204 224 40.1606
210 224 40.1606
227 224 40.1606
265 224 40.1606
325 224 40.1606
347 224 28.6944
350 224 9.56938
351 224 9.56938
380 224 200
388 224 40.1606
425 224 40.1606
427 224 28.6944
473 224 40.1606
498 224 28.6944
48 225 18.2648
58 225 18.2648
75 225 18.2648
103 225 22.3214
104 225 22.3214
109 225 22.3214
118 225 22.3214
175 225 22.3214
204 225 40.1606
227 225 40.1606
229 225 40.1606
264 225 40.1606
265 225 40.1606
325 225 40.1606
346 225 200
347 225 200
351 225 15.456
379 225 200
387 225 40.1606
388 225 40.1606
390 225 40.1606
395 225 22.3214
416 225 200
417 225 200
418 225 200
419 225 66.8896
425 225 28.6944
427 225 28.6944
428 225 28.6944
473 225 40.1606
498 225 28.6944
48 226 18.2648
58 226 18.2648
75 226 18.2648
88 226 18.2648
103 226 22.3214
104 226 22.3214
157 226 22.3214
175 226 22.3214
177 226 22.3214
189 226 22.3214
204 226 28.6944
266 226 40.1606
325 226 40.1606
337 226 40.1606
346 226 200
351 226 28.6944
377 226 66.8896
388 226 40.1606
389 226 40.1606
390 226 40.1606
391 226 40.1606
393 226 28.6944
395 226 22.3214
396 226 22.3214
398 226 18.2648
399 226 18.2648
416 226 200
417 226 200
420 226 66.8896
421 226 40.1606
422 226 40.1606
425 226 28.6944
427 226 28.6944
428 226 28.6944
430 226 28.6944
433 226 6.48298
473 226 40.1606
495 226 40.1606
515 226 28.6944
48 227 18.2648
58 227 18.2648
75 227 18.2648
76 227 18.2648
87 227 18.2648
88 227 18.2648
103 227 22.3214
104 227 22.3214
136 227 22.3214
156 227 22.3214
157 227 22.3214
189 227 22.3214
203 227 40.1606
204 227 28.6944
266 227 40.1606
267 227 40.1606
326 227 40.1606
333 227 22.3214
337 227 40.1606
341 227 200
346 227 200
350 227 28.6944
351 227 28.6944
376 227 66.8896
389 227 40.1606
393 227 22.3214
395 227 22.3214
396 227 18.2648
417 227 66.8896
419 227 66.8896
420 227 66.8896
423 227 40.1606
430 227 28.6944
436 227 6.09013
437 227 6.09013
438 227 6.09013
473 227 40.1606
495 227 40.1606
498 227 28.6944
515 227 28.6944
47 228 18.2648
48 228 18.2648
58 228 18.2648
59 228 18.2648
76 228 18.2648
87 228 18.2648
103 228 22.3214
104 228 22.3214
109 228 22.3214
116 228 22.3214
141 228 22.3214
175 228 22.3214
201 228 40.1606
256 228 40.1606
257 228 40.1606
260 228 40.1606
341 228 200
346 228 200
351 228 28.6944
368 228 13.3958
375 228 66.8896
393 228 28.6944
395 228 22.3214
398 228 18.2648
405 228 5.43183
417 228 66.8896
419 228 66.8896
420 228 40.1606
423 228 40.1606
440 228 6.09013
441 228 6.09013
473 228 40.1606
498 228 28.6944
515 228 28.6944
48 229 18.2648
58 229 18.2648
59 229 18.2648
76 229 18.2648
79 229 18.2648
82 229 18.2648
86 229 18.2648
87 229 18.2648
103 229 22.3214
104 229 22.3214
109 229 22.3214
141 229 22.3214
201 229 40.1606
202 229 40.1606
205 229 28.6944
256 229 40.1606
259 229 40.1606
260 229 40.1606
349 229 28.6944
351 229 28.6944
374 229 66.8896
395 229 22.3214
398 229 6.09013
401 229 5.74218
404 229 5.43183
418 229 40.1606
473 229 40.1606
515 229 28.6944
48 230 18.2648
59 230 18.2648
86 230 18.2648
87 230 18.2648
103 230 22.3214
104 230 22.3214
141 230 22.3214
202 230 40.1606
206 230 40.1606
262 230 40.1606
263 230 40.1606
349 230 28.6944
351 230 40.1606
388 230 40.1606
398 230 6.09013
447 230 3.1903
515 230 28.6944
48 231 18.2648
49 231 18.2648
59 231 18.2648
86 231 18.2648
87 231 18.2648
103 231 22.3214
104 231 22.3214
185 231 28.6944
186 231 28.6944
195 231 28.6944
262 231 40.1606
263 231 40.1606
337 231 40.1606
342 231 40.1606
347 231 66.8896
350 231 40.1606
375 231 66.8896
388 231 40.1606
422 231 40.1606
450 231 3.09215
460 231 2.83086
498 231 28.6944
515 231 28.6944
49 232 18.2648
59 232 18.2648
60 232 18.2648
85 232 18.2648
86 232 18.2648
103 232 22.3214
104 232 22.3214
186 232 28.6944
195 232 28.6944
276 232 40.1606
337 232 40.1606
340 232 200
344 232 40.1606
422 232 40.1606
424 232 40.1606
446 232 3.1903
515 232 28.6944
49 233 18.2648
50 233 18.2648
59 233 18.2648
60 233 18.2648
85 233 18.2648
103 233 22.3214
104 233 22.3214
189 233 22.3214
315 233 40.1606
336 233 40.1606
337 233 40.1606
343 233 40.1606
344 233 40.1606
390 233 66.8896
394 233 40.1606
404 233 66.8896
408 233 200
415 233 66.8896
417 233 66.8896
422 233 40.1606
424 233 40.1606
498 233 28.6944
515 233 28.6944
519 233 22.3214
50 234 18.2648
59 234 18.2648
60 234 18.2648
84 234 18.2648
85 234 18.2648
103 234 22.3214
104 234 22.3214
105 234 22.3214
142 234 28.6944
147 234 28.6944
148 234 28.6944
156 234 28.6944
157 234 28.6944
189 234 22.3214
314 234 40.1606
315 234 40.1606
336 234 40.1606
390 234 66.8896
391 234 66.8896
394 234 40.1606
396 234 40.1606
407 234 200
415 234 66.8896
417 234 66.8896
422 234 40.1606
424 234 40.1606
498 234 28.6944
515 234 28.6944
50 235 18.2648
60 235 18.2648
61 235 18.2648
84 235 18.2648
85 235 18.2648
104 235 22.3214
105 235 22.3214
136 235 28.6944
142 235 28.6944
143 235 28.6944
145 235 28.6944
146 235 28.6944
147 235 28.6944
148 235 28.6944
156 235 28.6944
157 235 28.6944
189 235 22.3214
204 235 40.1606
207 235 28.6944
314 235 40.1606
315 235 40.1606
335 235 10.5764
343 235 22.3214
390 235 66.8896
394 235 40.1606
417 235 66.8896
422 235 40.1606
424 235 40.1606
515 235 28.6944
50 236 18.2648
51 236 18.2648
60 236 18.2648
61 236 18.2648
84 236 18.2648
90 236 22.3214
91 236 22.3214
128 236 28.6944
136 236 28.6944
188 236 22.3214
189 236 22.3214
334 236 10.5764
390 236 66.8896
396 236 40.1606
422 236 40.1606
515 236 28.6944
50 237 18.2648
61 237 18.2648
90 237 22.3214
172 237 18.2648
189 237 22.3214
191 237 22.3214
390 237 40.1606
422 237 40.1606
50 238 18.2648
51 238 18.2648
61 238 18.2648
67 238 22.3214
90 238 22.3214
91 238 22.3214
189 238 22.3214
51 239 18.2648
61 239 18.2648
67 239 22.3214
85 239 22.3214
90 239 22.3214
91 239 22.3214
189 239 22.3214
51 240 18.2648
61 240 18.2648
67 240 22.3214
85 240 22.3214
89 240 22.3214
91 240 22.3214
125 240 22.3214
128 240 22.3214
162 240 22.3214
46 241 15.456
52 241 18.2648
62 241 18.2648
67 241 22.3214
125 241 22.3214
189 241 28.6944
192 241 18.2648
10 242 15.456
62 242 18.2648
189 242 28.6944
17 243 15.456
27 243 15.456
189 243 28.6944
5 244 15.456
10 244 15.456
109 244 18.2648
189 244 28.6944
28 245 15.456
152 245 22.3214
153 245 22.3214
155 245 22.3214
189 245 28.6944
25 246 15.456
28 246 15.456
29 246 15.456
86 246 18.2648
152 246 22.3214
153 246 22.3214
189 246 28.6944
25 247 15.456
69 247 15.456
190 247 28.6944
69 248 15.456
69 249 15.456
72 249 15.456
15 250 13.3958
69 250 15.456
73 250 15.456
15 251 13.3958
33 251 15.456
35 251 15.456
69 251 15.456
316 251 22.3214
15 252 13.3958
43 252 15.456
46 252 15.456
53 252 15.456
15 253 13.3958
51 253 15.456
15 254 13.3958
14 255 13.3958
15 255 13.3958
32 255 15.456
33 255 15.456
304 255 22.3214
3 256 13.3958
12 256 15.456
15 256 13.3958
17 256 13.3958
3 257 13.3958
15 257 13.3958
17 257 13.3958
274 265 18.2648
177 267 18.2648
254 273 15.456
255 273 15.456
250 278 13.3958
230 283 11.8203
230 284 11.8203
231 284 11.8203
198 297 10.5764
199 297 10.5764
199 298 10.5764
200 298 10.5764
205 298 9.56938
206 298 9.56938
451 301 9.56938
188 306 9.56938
189 306 9.56938
189 307 9.56938
28 308 9.56938
557 313 8.03858
558 313 8.03858
161 314 8.73744
552 318 8.03858
152 319 8.03858
153 319 8.03858
160 319 8.03858
163 319 8.03858
164 319 8.03858
152 320 8.03858
153 320 8.03858
154 320 8.03858
161 320 8.03858
162 320 8.03858
163 320 8.03858
553 320 8.03858
554 320 8.03858
583 325 7.44324
586 325 6.93001
563 329 7.44324
575 330 7.44324
78 331 7.44324
123 333 7.44324
134 333 7.44324
135 333 7.44324
136 333 7.44324
135 334 7.44324
136 334 7.44324
578 334 7.44324
580 334 6.93001
581 334 6.93001
581 335 6.93001
65 338 6.93001
109 339 6.93001
603 340 6.48298
55 341 6.93001
602 342 6.48298
292 343 6.48298
607 344 6.48298
611 345 6.09013
618 350 6.09013
27 352 6.48298
28 352 6.48298
81 353 6.09013
80 354 6.09013
81 354 6.09013
86 354 6.48298
89 354 6.48298
90 354 6.48298
91 354 6.48298
92 354 6.48298
94 354 6.09013
95 354 6.09013
96 354 6.09013
97 354 6.09013
611 354 6.09013
612 354 6.09013
80 355 6.09013
81 355 6.09013
82 355 6.09013
85 355 6.48298
89 355 6.48298
91 355 6.48298
92 355 6.48298
94 355 6.09013
95 355 6.09013
606 358 6.09013
607 358 6.09013
609 358 5.74218
619 358 6.09013
18 359 6.09013
610 359 5.74218
619 359 6.09013
622 359 5.74218
492 360 5.74218
614 360 5.74218
621 360 5.74218
622 360 5.74218
613 361 5.74218
615 361 5.74218
618 363 5.74218
53 367 5.74218
622 368 5.74218
623 368 5.74218
624 368 5.74218
499 369 5.43183
626 369 5.74218
637 369 5.43183
629 370 5.74218
632 370 5.43183
32 371 5.43183
634 371 5.43183
4 373 5.43183
5 373 5.43183
632 373 5.43183
635 373 5.43183
41 381 5.15331
42 381 5.15331
43 381 5.15331
24 382 5.15331
43 382 5.15331
44 382 5.15331
591 386 4.90196
591 387 4.90196
590 388 4.90196
191 389 4.90196
192 389 4.90196
589 389 4.90196
189 390 4.90196
589 390 4.90196
189 391 4.90196
190 392 4.90196
590 394 4.90196
591 394 4.90196
592 394 4.90196
593 394 4.90196
593 395 4.90196
594 395 4.67399
595 395 4.67399
596 395 4.67399
597 395 4.67399
598 395 4.67399
609 395 4.67399
610 395 4.67399
616 409 4.46628
617 409 4.46628
618 409 4.46628
619 409 4.46628
620 409 4.46628
620 410 4.46628
622 410 4.27625
623 410 4.27625
600 412 4.27625
603 412 4.27625
599 413 4.27625
189 414 4.27625
598 414 4.27625
186 416 4.27625
599 416 4.27625
600 416 4.27625
187 417 4.27625
188 417 4.27625
603 417 4.10172
606 419 4.27625
608 420 4.10172
609 420 4.10172
603 422 4.10172
604 422 4.10172
602 423 4.10172
603 423 4.10172
601 424 4.10172
583 426 4.10172
584 426 4.10172
585 426 4.10172
586 426 4.10172
590 426 3.94089
591 426 3.94089
580 427 3.94089
582 427 4.10172
604 427 4.10172
605 427 4.10172
579 428 3.94089
584 428 4.10172
604 428 4.10172
607 428 3.94089
608 428 3.94089
609 428 3.94089
583 429 3.94089
602 429 4.10172
606 429 3.94089
607 429 3.94089
624 429 3.94089
579 430 3.94089
582 430 3.94089
583 430 3.94089
602 430 4.10172
606 430 3.94089
614 430 3.94089
615 430 3.94089
616 430 3.94089
617 430 3.94089
352 431 3.94089
580 431 3.94089
581 431 3.94089
582 431 3.94089
601 431 4.10172
605 431 3.94089
606 431 3.94089
584 432 3.94089
587 432 3.6543
604 432 3.94089
605 432 3.94089
621 432 3.94089
622 432 3.94089
623 432 3.94089
603 433 3.94089
604 433 3.94089
605 433 3.94089
607 433 3.94089
603 434 3.94089
604 434 3.94089
606 434 3.94089
607 434 3.79219
591 435 3.79219
606 435 3.79219
595 436 3.79219
588 437 3.79219
590 438 3.79219
591 438 3.79219
592 438 3.79219
630 438 3.79219
631 438 3.79219
592 439 3.79219
593 439 3.79219
594 439 3.79219
625 439 3.79219
630 439 3.79219
631 439 3.79219
298 440 3.79219
596 440 3.79219
629 440 3.79219
630 440 3.79219
599 441 3.79219
600 441 3.79219
628 441 3.79219
629 441 3.79219
632 441 3.6543
602 442 3.6543
603 442 3.6543
604 442 3.6543
606 442 3.79219
625 442 3.79219
626 442 3.79219
627 442 3.79219
628 442 3.79219
631 442 3.6543
634 442 3.6543
606 443 3.79219
607 443 3.79219
608 443 3.6543
609 443 3.6543
610 443 3.6543
612 443 3.6543
619 443 3.79219
620 443 3.79219
621 443 3.79219
622 443 3.79219
623 443 3.79219
624 443 3.79219
625 443 3.79219
629 443 3.79219
630 443 3.6543
607 444 3.79219
624 444 3.79219
627 444 3.79219
559 445 3.79219
560 445 3.6543
577 445 3.6543
578 445 3.6543
583 445 3.6543
560 446 3.6543
561 446 3.6543
562 446 3.6543
563 446 3.6543
571 446 3.6543
572 446 3.6543
574 446 3.6543
575 446 3.6543
576 446 3.6543
577 446 3.6543
580 446 3.6543
581 446 3.6543
582 446 3.6543
583 446 3.6543
561 447 3.6543
562 447 3.6543
563 447 3.6543
564 447 3.6543
565 447 3.6543
566 447 3.6543
567 447 3.6543
568 447 3.6543
569 447 3.6543
570 447 3.6543
571 447 3.6543
575 447 3.6543
576 447 3.6543
584 447 3.6543
445 448 3.6543
584 448 3.6543
364 451 3.6543
186 452 3.52609
182 454 3.52609
182 455 3.52609
183 455 3.52609
273 457 3.52609
591 462 3.40657
576 464 3.40657
577 464 3.40657
125 471 3.29489
378 473 200
378 474 200
