131 3 28.6944
132 3 28.6944
144 3 28.6944
201 3 200
208 3 40.1606
209 3 40.1606
219 3 18.2648
231 3 22.3214
232 3 22.3214
233 3 22.3214
245 3 22.3214
496 3 66.8896
500 3 40.1606
505 3 40.1606
595 3 13.3958
5 4 18.2648
131 4 28.6944
132 4 28.6944
144 4 28.6944
167 4 28.6944
202 4 200
209 4 40.1606
210 4 40.1606
219 4 18.2648
228 4 22.3214
229 4 22.3214
230 4 22.3214
500 4 40.1606
6 5 18.2648
32 5 18.2648
92 5 22.3214
131 5 28.6944
132 5 28.6944
203 5 200
210 5 40.1606
217 5 18.2648
223 5 22.3214
227 5 28.6944
228 5 28.6944
243 5 40.1606
500 5 40.1606
583 5 13.3958
584 5 13.3958
624 5 13.3958
6 6 18.2648
32 6 18.2648
92 6 22.3214
204 6 200
211 6 40.1606
585 6 13.3958
624 6 13.3958
6 7 18.2648
103 7 28.6944
171 7 28.6944
205 7 200
212 7 40.1606
220 7 22.3214
221 7 22.3214
222 7 22.3214
624 7 13.3958
625 7 13.3958
89 8 22.3214
90 8 22.3214
172 8 28.6944
206 8 200
213 8 40.1606
214 8 40.1606
217 8 28.6944
218 8 28.6944
500 8 40.1606
587 8 13.3958
588 8 13.3958
74 9 22.3214
75 9 22.3214
76 9 22.3214
77 9 22.3214
78 9 22.3214
79 9 22.3214
80 9 22.3214
81 9 22.3214
82 9 22.3214
83 9 22.3214
84 9 22.3214
85 9 22.3214
86 9 22.3214
89 9 22.3214
90 9 22.3214
207 9 200
214 9 40.1606
215 9 40.1606
218 9 28.6944
496 9 40.1606
588 9 13.3958
589 9 13.3958
615 9 13.3958
625 9 13.3958
65 10 22.3214
66 10 22.3214
68 10 22.3214
69 10 22.3214
70 10 22.3214
71 10 22.3214
73 10 22.3214
104 10 22.3214
208 10 200
215 10 40.1606
219 10 28.6944
492 10 66.8896
598 10 13.3958
5 11 18.2648
6 11 18.2648
64 11 22.3214
65 11 22.3214
104 11 22.3214
209 11 200
216 11 40.1606
617 11 13.3958
5 12 18.2648
6 12 18.2648
33 12 18.2648
41 12 22.3214
63 12 22.3214
64 12 22.3214
210 12 200
217 12 40.1606
218 12 40.1606
541 12 28.6944
617 12 13.3958
618 12 13.3958
629 12 13.3958
33 13 18.2648
36 13 18.2648
41 13 22.3214
63 13 22.3214
113 13 22.3214
145 13 28.6944
211 13 200
218 13 40.1606
219 13 40.1606
618 13 13.3958
6 14 18.2648
33 14 18.2648
36 14 18.2648
107 14 22.3214
110 14 22.3214
115 14 28.6944
116 14 28.6944
145 14 28.6944
177 14 28.6944
178 14 28.6944
212 14 200
219 14 40.1606
110 15 22.3214
111 15 22.3214
116 15 28.6944
145 15 28.6944
167 15 28.6944
168 15 28.6944
169 15 28.6944
196 15 22.3214
213 15 200
220 15 40.1606
619 15 13.3958
110 16 22.3214
116 16 28.6944
161 16 28.6944
163 16 28.6944
193 16 22.3214
194 16 22.3214
214 16 200
221 16 40.1606
619 16 13.3958
33 17 18.2648
110 17 22.3214
160 17 28.6944
161 17 28.6944
196 17 28.6944
215 17 200
222 17 40.1606
506 17 40.1606
601 17 13.3958
620 17 13.3958
625 17 11.8203
110 18 22.3214
160 18 28.6944
196 18 28.6944
216 18 200
223 18 40.1606
506 18 40.1606
620 18 13.3958
621 18 13.3958
110 19 22.3214
126 19 28.6944
186 19 28.6944
217 19 200
224 19 40.1606
505 19 40.1606
621 19 13.3958
50 20 22.3214
51 20 22.3214
127 20 28.6944
147 20 28.6944
197 20 40.1606
218 20 200
224 20 40.1606
225 20 40.1606
621 20 13.3958
622 20 13.3958
51 21 22.3214
63 21 22.3214
147 21 28.6944
188 21 28.6944
197 21 40.1606
219 21 200
225 21 40.1606
226 21 40.1606
622 21 13.3958
4 22 18.2648
51 22 22.3214
62 22 22.3214
63 22 22.3214
147 22 28.6944
188 22 28.6944
197 22 40.1606
220 22 200
227 22 40.1606
4 23 18.2648
51 23 22.3214
62 23 22.3214
63 23 22.3214
133 23 28.6944
134 23 28.6944
147 23 28.6944
160 23 28.6944
188 23 28.6944
197 23 40.1606
221 23 200
227 23 40.1606
228 23 40.1606
623 23 13.3958
4 24 18.2648
34 24 18.2648
51 24 22.3214
57 24 22.3214
63 24 22.3214
134 24 28.6944
147 24 28.6944
160 24 28.6944
188 24 28.6944
221 24 200
222 24 200
228 24 40.1606
229 24 40.1606
623 24 13.3958
4 25 18.2648
51 25 22.3214
57 25 22.3214
63 25 22.3214
147 25 28.6944
160 25 28.6944
188 25 28.6944
223 25 200
230 25 40.1606
624 25 13.3958
4 26 18.2648
34 26 18.2648
51 26 22.3214
57 26 22.3214
63 26 22.3214
147 26 28.6944
160 26 28.6944
188 26 28.6944
189 26 28.6944
223 26 200
224 26 200
230 26 40.1606
231 26 40.1606
501 26 40.1606
505 26 40.1606
34 27 18.2648
51 27 22.3214
57 27 22.3214
63 27 22.3214
111 27 22.3214
147 27 28.6944
160 27 28.6944
188 27 28.6944
232 27 40.1606
501 27 40.1606
505 27 40.1606
34 28 18.2648
51 28 22.3214
57 28 22.3214
63 28 22.3214
111 28 22.3214
147 28 28.6944
191 28 28.6944
225 28 200
226 28 200
232 28 40.1606
233 28 40.1606
500 28 40.1606
501 28 40.1606
624 28 13.3958
34 29 18.2648
51 29 22.3214
63 29 22.3214
147 29 28.6944
188 29 28.6944
191 29 28.6944
226 29 200
233 29 40.1606
234 29 40.1606
500 29 40.1606
34 30 18.2648
51 30 22.3214
63 30 22.3214
111 30 22.3214
147 30 28.6944
213 30 40.1606
227 30 200
234 30 40.1606
235 30 40.1606
500 30 40.1606
51 31 22.3214
63 31 22.3214
111 31 22.3214
228 31 200
235 31 40.1606
236 31 40.1606
11 32 18.2648
12 32 18.2648
34 32 18.2648
51 32 22.3214
63 32 22.3214
111 32 22.3214
188 32 28.6944
229 32 200
236 32 40.1606
237 32 40.1606
11 33 18.2648
12 33 18.2648
34 33 18.2648
51 33 22.3214
63 33 22.3214
84 33 22.3214
111 33 22.3214
188 33 28.6944
218 33 40.1606
237 33 40.1606
238 33 40.1606
11 34 18.2648
51 34 22.3214
52 34 22.3214
63 34 22.3214
84 34 22.3214
111 34 22.3214
155 34 28.6944
188 34 28.6944
222 34 40.1606
238 34 40.1606
239 34 40.1606
632 34 8.03858
46 35 18.2648
51 35 22.3214
52 35 22.3214
84 35 22.3214
87 35 18.2648
111 35 22.3214
155 35 28.6944
222 35 40.1606
232 35 200
239 35 40.1606
240 35 40.1606
633 35 8.03858
38 36 18.2648
51 36 22.3214
52 36 22.3214
56 36 22.3214
63 36 22.3214
84 36 22.3214
87 36 18.2648
111 36 22.3214
233 36 200
240 36 40.1606
241 36 40.1606
38 37 18.2648
51 37 22.3214
52 37 22.3214
56 37 22.3214
84 37 22.3214
91 37 22.3214
111 37 22.3214
174 37 28.6944
234 37 200
241 37 40.1606
242 37 40.1606
633 37 8.03858
33 38 18.2648
38 38 18.2648
52 38 22.3214
84 38 22.3214
90 38 22.3214
91 38 22.3214
104 38 28.6944
111 38 22.3214
174 38 28.6944
222 38 40.1606
235 38 200
242 38 40.1606
29 39 18.2648
52 39 22.3214
84 39 22.3214
90 39 22.3214
91 39 22.3214
104 39 28.6944
112 39 22.3214
174 39 28.6944
181 39 40.1606
236 39 200
243 39 40.1606
37 40 22.3214
57 40 22.3214
84 40 22.3214
91 40 22.3214
181 40 40.1606
189 40 28.6944
237 40 200
244 40 40.1606
492 40 66.8896
35 41 18.2648
37 41 22.3214
38 41 22.3214
57 41 22.3214
91 41 22.3214
144 41 28.6944
165 41 28.6944
170 41 28.6944
173 41 22.3214
180 41 40.1606
181 41 40.1606
189 41 28.6944
238 41 200
245 41 40.1606
35 42 18.2648
37 42 22.3214
38 42 22.3214
60 42 22.3214
64 42 22.3214
91 42 22.3214
144 42 28.6944
164 42 28.6944
165 42 28.6944
170 42 28.6944
173 42 22.3214
180 42 40.1606
181 42 40.1606
189 42 28.6944
239 42 200
246 42 40.1606
603 42 13.3958
37 43 22.3214
38 43 22.3214
64 43 22.3214
114 43 28.6944
165 43 28.6944
181 43 40.1606
189 43 28.6944
230 43 40.1606
240 43 200
247 43 40.1606
506 43 40.1606
625 43 13.3958
38 44 22.3214
64 44 22.3214
114 44 28.6944
176 44 22.3214
181 44 40.1606
189 44 28.6944
241 44 200
248 44 40.1606
506 44 40.1606
604 44 13.3958
623 44 13.3958
627 44 13.3958
111 45 22.3214
112 45 22.3214
181 45 40.1606
189 45 28.6944
242 45 200
247 45 40.1606
249 45 40.1606
474 45 66.8896
615 45 18.2648
623 45 13.3958
29 46 18.2648
59 46 18.2648
111 46 22.3214
112 46 22.3214
185 46 18.2648
189 46 28.6944
243 46 200
250 46 40.1606
474 46 66.8896
35 47 18.2648
58 47 22.3214
59 47 22.3214
112 47 22.3214
189 47 28.6944
219 47 40.1606
244 47 200
251 47 40.1606
595 47 13.3958
58 48 22.3214
59 48 22.3214
85 48 22.3214
92 48 22.3214
112 48 22.3214
217 48 40.1606
245 48 200
252 48 40.1606
473 48 66.8896
595 48 13.3958
58 49 22.3214
59 49 22.3214
85 49 22.3214
182 49 28.6944
186 49 22.3214
189 49 28.6944
223 49 40.1606
246 49 200
506 49 40.1606
182 50 28.6944
183 50 28.6944
186 50 22.3214
189 50 28.6944
223 50 40.1606
247 50 200
253 50 40.1606
472 50 66.8896
85 51 22.3214
182 51 28.6944
183 51 28.6944
186 51 22.3214
189 51 28.6944
204 51 40.1606
205 51 40.1606
230 51 40.1606
248 51 200
252 51 66.8896
254 51 40.1606
472 51 66.8896
501 51 40.1606
182 52 28.6944
189 52 28.6944
204 52 40.1606
230 52 40.1606
249 52 200
253 52 66.8896
255 52 40.1606
501 52 40.1606
624 52 13.3958
104 53 28.6944
112 53 22.3214
189 53 28.6944
204 53 40.1606
230 53 40.1606
250 53 200
254 53 66.8896
256 53 40.1606
501 53 40.1606
87 54 22.3214
189 54 28.6944
230 54 40.1606
250 54 200
251 54 200
257 54 40.1606
86 55 22.3214
112 55 22.3214
189 55 28.6944
230 55 40.1606
256 55 66.8896
257 55 66.8896
610 55 13.3958
97 56 22.3214
98 56 22.3214
112 56 22.3214
189 56 28.6944
230 56 40.1606
253 56 66.8896
256 56 66.8896
257 56 66.8896
497 56 40.1606
92 57 22.3214
93 57 22.3214
113 57 22.3214
189 57 28.6944
204 57 40.1606
251 57 40.1606
252 57 40.1606
255 57 66.8896
256 57 66.8896
497 57 40.1606
93 58 22.3214
128 58 28.6944
189 58 28.6944
204 58 40.1606
249 58 66.8896
250 58 66.8896
254 58 66.8896
255 58 66.8896
598 58 13.3958
611 58 13.3958
128 59 28.6944
129 59 28.6944
131 59 28.6944
146 59 28.6944
189 59 28.6944
204 59 40.1606
249 59 66.8896
250 59 66.8896
584 59 13.3958
611 59 13.3958
95 60 22.3214
96 60 22.3214
97 60 22.3214
129 60 28.6944
133 60 28.6944
134 60 28.6944
190 60 28.6944
199 60 40.1606
204 60 40.1606
249 60 66.8896
599 60 13.3958
612 60 13.3958
94 61 22.3214
95 61 22.3214
96 61 22.3214
97 61 22.3214
128 61 28.6944
133 61 28.6944
134 61 28.6944
172 61 22.3214
173 61 22.3214
189 61 28.6944
199 61 40.1606
204 61 40.1606
244 61 200
249 61 66.8896
612 61 13.3958
94 62 22.3214
95 62 22.3214
128 62 28.6944
133 62 28.6944
172 62 22.3214
173 62 22.3214
204 62 40.1606
210 62 40.1606
249 62 66.8896
250 62 66.8896
600 62 13.3958
612 62 13.3958
624 62 13.3958
94 63 22.3214
133 63 28.6944
172 63 22.3214
173 63 22.3214
199 63 40.1606
204 63 40.1606
249 63 66.8896
250 63 66.8896
492 63 66.8896
613 63 13.3958
94 64 22.3214
172 64 22.3214
173 64 22.3214
199 64 40.1606
211 64 40.1606
218 64 40.1606
249 64 66.8896
250 64 66.8896
465 64 66.8896
613 64 13.3958
624 64 13.3958
58 65 18.2648
60 65 18.2648
94 65 22.3214
172 65 22.3214
173 65 22.3214
179 65 28.6944
199 65 40.1606
211 65 40.1606
213 65 40.1606
214 65 40.1606
218 65 40.1606
249 65 66.8896
250 65 66.8896
465 65 66.8896
613 65 13.3958
94 66 22.3214
171 66 22.3214
177 66 28.6944
179 66 28.6944
180 66 28.6944
190 66 40.1606
199 66 40.1606
213 66 40.1606
214 66 40.1606
249 66 66.8896
250 66 66.8896
147 67 28.6944
162 67 28.6944
163 67 28.6944
214 67 40.1606
249 67 66.8896
250 67 66.8896
254 67 40.1606
52 68 18.2648
53 68 18.2648
147 68 28.6944
162 68 28.6944
163 68 28.6944
190 68 40.1606
204 68 40.1606
214 68 40.1606
252 68 66.8896
465 68 66.8896
613 68 13.3958
105 69 22.3214
147 69 28.6944
162 69 28.6944
465 69 66.8896
594 69 13.3958
110 70 15.456
162 70 28.6944
210 70 40.1606
256 70 40.1606
603 70 13.3958
604 70 13.3958
636 70 11.8203
106 71 22.3214
112 71 15.456
210 71 40.1606
257 71 40.1606
258 71 40.1606
465 71 66.8896
497 71 40.1606
604 71 13.3958
636 71 11.8203
106 72 22.3214
107 72 22.3214
216 72 40.1606
219 72 28.6944
465 72 66.8896
614 72 13.3958
34 73 13.3958
106 73 22.3214
149 73 28.6944
190 73 28.6944
216 73 40.1606
260 73 40.1606
614 73 13.3958
34 74 13.3958
37 74 15.456
38 74 15.456
107 74 28.6944
149 74 28.6944
190 74 28.6944
216 74 40.1606
254 74 200
259 74 66.8896
261 74 66.8896
465 74 66.8896
106 75 28.6944
107 75 28.6944
110 75 18.2648
117 75 28.6944
118 75 28.6944
162 75 28.6944
190 75 28.6944
216 75 40.1606
217 75 40.1606
260 75 66.8896
465 75 66.8896
625 75 13.3958
10 76 18.2648
106 76 28.6944
107 76 28.6944
113 76 22.3214
118 76 28.6944
162 76 28.6944
190 76 28.6944
217 76 40.1606
465 76 66.8896
501 76 40.1606
502 76 40.1606
602 76 13.3958
9 77 18.2648
10 77 18.2648
37 77 13.3958
93 77 22.3214
94 77 22.3214
107 77 28.6944
162 77 28.6944
190 77 28.6944
501 77 40.1606
542 77 22.3214
614 77 13.3958
634 77 11.8203
5 78 18.2648
9 78 18.2648
10 78 18.2648
35 78 13.3958
94 78 22.3214
107 78 28.6944
108 78 28.6944
128 78 28.6944
148 78 28.6944
162 78 28.6944
190 78 28.6944
501 78 40.1606
538 78 28.6944
542 78 22.3214
614 78 13.3958
615 78 13.3958
635 78 11.8203
3 79 18.2648
10 79 18.2648
107 79 28.6944
108 79 28.6944
148 79 28.6944
162 79 28.6944
190 79 28.6944
231 79 40.1606
234 79 28.6944
615 79 13.3958
635 79 11.8203
3 80 18.2648
4 80 18.2648
107 80 28.6944
108 80 28.6944
135 80 28.6944
148 80 28.6944
162 80 28.6944
190 80 28.6944
222 80 40.1606
231 80 40.1606
235 80 28.6944
615 80 13.3958
635 80 11.8203
3 81 18.2648
4 81 18.2648
35 81 13.3958
79 81 22.3214
91 81 22.3214
92 81 22.3214
107 81 28.6944
108 81 28.6944
135 81 28.6944
136 81 28.6944
148 81 28.6944
162 81 28.6944
190 81 28.6944
240 81 28.6944
465 81 66.8896
497 81 40.1606
615 81 13.3958
3 82 18.2648
4 82 18.2648
35 82 13.3958
67 82 22.3214
68 82 22.3214
107 82 28.6944
108 82 28.6944
136 82 28.6944
148 82 28.6944
174 82 28.6944
190 82 28.6944
207 82 40.1606
210 82 40.1606
211 82 40.1606
237 82 40.1606
240 82 28.6944
465 82 66.8896
497 82 40.1606
608 82 13.3958
615 82 13.3958
616 82 13.3958
3 83 18.2648
4 83 18.2648
9 83 18.2648
38 83 15.456
66 83 22.3214
67 83 22.3214
107 83 28.6944
108 83 28.6944
148 83 28.6944
190 83 28.6944
210 83 40.1606
211 83 40.1606
237 83 40.1606
489 83 200
497 83 40.1606
608 83 13.3958
616 83 13.3958
3 84 18.2648
4 84 18.2648
34 84 18.2648
38 84 15.456
67 84 22.3214
107 84 28.6944
108 84 28.6944
148 84 28.6944
149 84 28.6944
190 84 28.6944
210 84 40.1606
497 84 40.1606
609 84 13.3958
616 84 13.3958
3 85 18.2648
4 85 18.2648
67 85 22.3214
107 85 28.6944
108 85 28.6944
157 85 28.6944
163 85 28.6944
190 85 28.6944
248 85 66.8896
497 85 40.1606
609 85 13.3958
616 85 13.3958
3 86 18.2648
4 86 18.2648
6 86 18.2648
108 86 28.6944
157 86 28.6944
186 86 22.3214
190 86 28.6944
224 86 40.1606
247 86 66.8896
497 86 40.1606
610 86 13.3958
3 87 18.2648
4 87 18.2648
36 87 13.3958
71 87 13.3958
108 87 28.6944
147 87 28.6944
157 87 28.6944
182 87 40.1606
187 87 22.3214
190 87 28.6944
224 87 40.1606
438 87 200
439 87 200
492 87 66.8896
497 87 40.1606
610 87 13.3958
617 87 13.3958
3 88 18.2648
4 88 18.2648
21 88 15.456
36 88 13.3958
79 88 15.456
108 88 28.6944
182 88 40.1606
183 88 40.1606
190 88 28.6944
195 88 40.1606
224 88 40.1606
292 88 66.8896
293 88 66.8896
438 88 200
497 88 40.1606
617 88 13.3958
3 89 18.2648
4 89 18.2648
35 89 13.3958
36 89 13.3958
79 89 15.456
80 89 15.456
108 89 28.6944
190 89 28.6944
250 89 40.1606
292 89 66.8896
293 89 66.8896
438 89 200
611 89 13.3958
617 89 13.3958
3 90 18.2648
4 90 18.2648
20 90 15.456
79 90 15.456
80 90 15.456
114 90 28.6944
190 90 28.6944
293 90 66.8896
449 90 200
450 90 200
586 90 13.3958
612 90 13.3958
3 91 18.2648
4 91 18.2648
19 91 15.456
23 91 15.456
66 91 15.456
79 91 15.456
80 91 15.456
247 91 66.8896
248 91 66.8896
293 91 66.8896
294 91 66.8896
439 91 200
497 91 40.1606
612 91 13.3958
3 92 18.2648
4 92 18.2648
19 92 15.456
36 92 13.3958
80 92 15.456
114 92 28.6944
183 92 40.1606
247 92 66.8896
294 92 66.8896
497 92 40.1606
613 92 13.3958
4 93 18.2648
36 93 13.3958
72 93 15.456
80 93 15.456
108 93 22.3214
114 93 28.6944
205 93 40.1606
206 93 40.1606
247 93 66.8896
294 93 66.8896
295 93 66.8896
613 93 13.3958
4 94 18.2648
24 94 15.456
36 94 13.3958
55 94 22.3214
71 94 15.456
72 94 15.456
79 94 15.456
80 94 15.456
81 94 15.456
114 94 28.6944
205 94 40.1606
247 94 66.8896
295 94 66.8896
497 94 40.1606
4 95 18.2648
23 95 15.456
24 95 15.456
36 95 13.3958
39 95 22.3214
53 95 22.3214
55 95 22.3214
65 95 22.3214
72 95 15.456
114 95 28.6944
171 95 28.6944
176 95 18.2648
191 95 40.1606
205 95 40.1606
247 95 66.8896
295 95 66.8896
296 95 66.8896
316 95 13.3958
497 95 40.1606
4 96 18.2648
23 96 15.456
24 96 15.456
36 96 13.3958
39 96 22.3214
41 96 22.3214
53 96 22.3214
65 96 22.3214
114 96 28.6944
171 96 28.6944
172 96 28.6944
173 96 28.6944
176 96 18.2648
182 96 40.1606
183 96 40.1606
205 96 40.1606
247 96 66.8896
248 96 66.8896
254 96 22.3214
255 96 22.3214
265 96 66.8896
279 96 66.8896
280 96 66.8896
295 96 66.8896
296 96 66.8896
316 96 13.3958
506 96 40.1606
615 96 13.3958
4 97 18.2648
36 97 13.3958
39 97 22.3214
41 97 22.3214
53 97 22.3214
54 97 22.3214
59 97 22.3214
65 97 22.3214
166 97 28.6944
173 97 28.6944
183 97 40.1606
244 97 66.8896
247 97 40.1606
254 97 22.3214
255 97 22.3214
265 97 66.8896
279 97 66.8896
296 97 66.8896
316 97 13.3958
506 97 40.1606
586 97 15.456
4 98 18.2648
36 98 13.3958
39 98 22.3214
41 98 22.3214
53 98 22.3214
54 98 22.3214
59 98 22.3214
107 98 28.6944
113 98 28.6944
180 98 66.8896
205 98 40.1606
247 98 40.1606
255 98 22.3214
279 98 66.8896
296 98 66.8896
297 98 66.8896
317 98 13.3958
587 98 15.456
4 99 18.2648
36 99 13.3958
39 99 22.3214
41 99 22.3214
54 99 22.3214
63 99 22.3214
113 99 28.6944
114 99 28.6944
175 99 28.6944
191 99 40.1606
199 99 28.6944
205 99 40.1606
279 99 66.8896
297 99 66.8896
317 99 13.3958
588 99 15.456
593 99 13.3958
617 99 13.3958
618 99 13.3958
4 100 18.2648
36 100 13.3958
39 100 22.3214
41 100 22.3214
54 100 22.3214
106 100 28.6944
114 100 28.6944
191 100 40.1606
199 100 28.6944
200 100 28.6944
205 100 40.1606
279 100 66.8896
297 100 66.8896
298 100 66.8896
317 100 13.3958
506 100 40.1606
618 100 13.3958
4 101 18.2648
39 101 22.3214
41 101 22.3214
54 101 22.3214
66 101 22.3214
106 101 28.6944
184 101 28.6944
187 101 22.3214
191 101 40.1606
199 101 28.6944
205 101 40.1606
298 101 66.8896
312 101 200
317 101 13.3958
318 101 13.3958
594 101 13.3958
618 101 13.3958
636 101 11.8203
4 102 18.2648
39 102 22.3214
41 102 22.3214
54 102 22.3214
66 102 22.3214
86 102 22.3214
106 102 28.6944
184 102 28.6944
185 102 28.6944
188 102 22.3214
191 102 40.1606
199 102 28.6944
205 102 40.1606
219 102 40.1606
298 102 66.8896
299 102 66.8896
308 102 22.3214
318 102 13.3958
618 102 13.3958
4 103 18.2648
39 103 18.2648
41 103 18.2648
54 103 22.3214
66 103 22.3214
86 103 22.3214
89 103 18.2648
93 103 22.3214
184 103 28.6944
199 103 28.6944
219 103 40.1606
299 103 66.8896
308 103 22.3214
313 103 200
317 103 200
590 103 15.456
4 104 18.2648
39 104 18.2648
41 104 18.2648
54 104 22.3214
66 104 22.3214
86 104 22.3214
93 104 22.3214
116 104 28.6944
184 104 28.6944
191 104 40.1606
215 104 40.1606
280 104 66.8896
299 104 66.8896
303 104 40.1606
308 104 22.3214
318 104 200
619 104 13.3958
4 105 18.2648
29 105 15.456
41 105 18.2648
54 105 22.3214
66 105 22.3214
86 105 22.3214
93 105 22.3214
191 105 40.1606
214 105 40.1606
215 105 40.1606
299 105 66.8896
303 105 40.1606
309 105 40.1606
318 105 200
4 106 18.2648
5 106 18.2648
29 106 15.456
41 106 18.2648
51 106 22.3214
54 106 22.3214
86 106 22.3214
93 106 22.3214
113 106 22.3214
191 106 40.1606
215 106 40.1606
298 106 66.8896
299 106 66.8896
303 106 40.1606
309 106 66.8896
311 106 66.8896
314 106 40.1606
319 106 200
4 107 18.2648
5 107 18.2648
29 107 15.456
41 107 18.2648
54 107 22.3214
60 107 15.456
86 107 22.3214
113 107 22.3214
191 107 40.1606
197 107 40.1606
199 107 40.1606
215 107 40.1606
261 107 66.8896
298 107 66.8896
303 107 40.1606
309 107 66.8896
311 107 66.8896
319 107 200
4 108 18.2648
5 108 18.2648
25 108 15.456
29 108 15.456
51 108 22.3214
54 108 22.3214
60 108 15.456
113 108 22.3214
215 108 40.1606
261 108 66.8896
309 108 66.8896
311 108 66.8896
590 108 13.3958
4 109 18.2648
5 109 18.2648
25 109 15.456
29 109 15.456
38 109 13.3958
54 109 22.3214
70 109 15.456
94 109 22.3214
113 109 22.3214
174 109 22.3214
191 109 28.6944
200 109 40.1606
297 109 66.8896
591 109 13.3958
633 109 13.3958
5 110 18.2648
29 110 15.456
38 110 13.3958
113 110 22.3214
174 110 22.3214
191 110 28.6944
206 110 40.1606
297 110 66.8896
320 110 200
322 110 200
7 111 18.2648
24 111 15.456
25 111 15.456
29 111 15.456
40 111 18.2648
48 111 15.456
66 111 22.3214
191 111 28.6944
206 111 40.1606
255 111 66.8896
297 111 66.8896
7 112 18.2648
25 112 15.456
29 112 15.456
52 112 22.3214
59 112 22.3214
113 112 22.3214
191 112 28.6944
253 112 66.8896
254 112 66.8896
297 112 66.8896
325 112 66.8896
326 112 66.8896
5 113 18.2648
40 113 18.2648
59 113 22.3214
113 113 22.3214
147 113 28.6944
191 113 28.6944
325 113 66.8896
615 113 13.3958
40 114 18.2648
41 114 18.2648
44 114 15.456
55 114 18.2648
58 114 22.3214
88 114 22.3214
148 114 28.6944
173 114 22.3214
174 114 22.3214
191 114 28.6944
232 114 40.1606
615 114 13.3958
26 115 13.3958
40 115 18.2648
62 115 22.3214
173 115 22.3214
174 115 22.3214
191 115 28.6944
232 115 40.1606
236 115 28.6944
605 115 13.3958
616 115 13.3958
26 116 13.3958
29 116 15.456
40 116 18.2648
62 116 22.3214
130 116 28.6944
173 116 22.3214
174 116 22.3214
191 116 28.6944
232 116 40.1606
236 116 28.6944
259 116 40.1606
605 116 13.3958
4 117 13.3958
14 117 18.2648
40 117 18.2648
113 117 28.6944
114 117 28.6944
115 117 28.6944
130 117 28.6944
133 117 28.6944
174 117 22.3214
181 117 28.6944
191 117 28.6944
232 117 40.1606
233 117 40.1606
236 117 28.6944
238 117 28.6944
251 117 40.1606
617 117 13.3958
4 118 13.3958
6 118 13.3958
14 118 18.2648
40 118 18.2648
41 118 18.2648
52 118 15.456
107 118 28.6944
130 118 28.6944
134 118 28.6944
135 118 28.6944
164 118 28.6944
191 118 28.6944
192 118 28.6944
233 118 40.1606
307 118 66.8896
618 118 13.3958
4 119 13.3958
6 119 13.3958
52 119 15.456
130 119 28.6944
134 119 28.6944
135 119 28.6944
163 119 28.6944
164 119 28.6944
191 119 28.6944
194 119 40.1606
248 119 66.8896
280 119 66.8896
307 119 66.8896
618 119 13.3958
4 120 13.3958
70 120 18.2648
71 120 18.2648
101 120 15.456
130 120 28.6944
135 120 28.6944
163 120 28.6944
164 120 28.6944
191 120 28.6944
212 120 40.1606
266 120 66.8896
280 120 66.8896
323 120 15.456
598 120 13.3958
599 120 13.3958
618 120 13.3958
5 121 13.3958
43 121 15.456
44 121 15.456
45 121 15.456
101 121 15.456
135 121 28.6944
163 121 28.6944
164 121 28.6944
191 121 28.6944
212 121 40.1606
233 121 40.1606
252 121 66.8896
280 121 66.8896
323 121 15.456
335 121 200
599 121 13.3958
607 121 13.3958
35 122 18.2648
40 122 18.2648
41 122 18.2648
42 122 18.2648
43 122 15.456
135 122 28.6944
148 122 28.6944
149 122 28.6944
164 122 28.6944
191 122 28.6944
233 122 40.1606
252 122 66.8896
280 122 66.8896
323 122 15.456
335 122 200
336 122 200
600 122 13.3958
36 123 18.2648
40 123 18.2648
41 123 18.2648
70 123 18.2648
148 123 28.6944
191 123 28.6944
192 123 28.6944
212 123 40.1606
225 123 40.1606
233 123 40.1606
248 123 66.8896
253 123 66.8896
280 123 66.8896
336 123 200
463 123 40.1606
608 123 13.3958
8 124 13.3958
9 124 13.3958
40 124 18.2648
41 124 18.2648
70 124 18.2648
148 124 28.6944
191 124 28.6944
192 124 28.6944
225 124 40.1606
248 124 66.8896
280 124 66.8896
324 124 66.8896
337 124 200
453 124 66.8896
463 124 40.1606
8 125 13.3958
9 125 13.3958
10 125 13.3958
57 125 18.2648
150 125 28.6944
164 125 28.6944
250 125 66.8896
280 125 66.8896
305 125 200
324 125 200
337 125 200
602 125 13.3958
609 125 13.3958
9 126 13.3958
15 126 15.456
30 126 15.456
37 126 15.456
59 126 18.2648
60 126 18.2648
150 126 28.6944
163 126 28.6944
233 126 40.1606
280 126 66.8896
301 126 40.1606
323 126 200
338 126 200
9 127 13.3958
17 127 15.456
30 127 15.456
34 127 15.456
37 127 15.456
150 127 28.6944
163 127 28.6944
191 127 40.1606
192 127 40.1606
233 127 40.1606
297 127 66.8896
323 127 200
329 127 11.8203
339 127 200
342 127 200
343 127 200
610 127 13.3958
9 128 13.3958
30 128 15.456
34 128 15.456
36 128 15.456
150 128 28.6944
163 128 28.6944
164 128 28.6944
192 128 40.1606
233 128 40.1606
266 128 66.8896
280 128 66.8896
297 128 66.8896
329 128 11.8203
339 128 200
343 128 200
611 128 13.3958
9 129 13.3958
36 129 15.456
67 129 18.2648
87 129 15.456
99 129 22.3214
100 129 22.3214
150 129 28.6944
266 129 66.8896
280 129 66.8896
305 129 66.8896
329 129 11.8203
344 129 200
419 129 200
420 129 200
12 130 15.456
66 130 18.2648
67 130 18.2648
86 130 15.456
87 130 15.456
150 130 28.6944
164 130 28.6944
280 130 66.8896
323 130 15.456
329 130 11.8203
340 130 200
612 130 13.3958
11 131 15.456
12 131 15.456
32 131 15.456
33 131 15.456
39 131 15.456
66 131 18.2648
67 131 18.2648
150 131 28.6944
164 131 28.6944
307 131 66.8896
323 131 15.456
340 131 200
417 131 200
612 131 13.3958
618 131 13.3958
9 132 15.456
10 132 15.456
11 132 15.456
12 132 15.456
28 132 15.456
32 132 15.456
39 132 15.456
66 132 18.2648
150 132 28.6944
164 132 28.6944
306 132 66.8896
307 132 66.8896
323 132 15.456
340 132 200
9 133 15.456
10 133 15.456
11 133 15.456
22 133 15.456
31 133 15.456
32 133 15.456
39 133 15.456
65 133 15.456
96 133 22.3214
97 133 22.3214
98 133 22.3214
99 133 22.3214
150 133 28.6944
164 133 28.6944
188 133 22.3214
219 133 40.1606
306 133 66.8896
307 133 66.8896
323 133 15.456
341 133 200
351 133 200
618 133 13.3958
9 134 15.456
12 134 15.456
22 134 15.456
29 134 15.456
32 134 15.456
39 134 15.456
63 134 15.456
96 134 22.3214
97 134 22.3214
100 134 22.3214
150 134 28.6944
164 134 28.6944
183 134 40.1606
184 134 40.1606
188 134 22.3214
206 134 40.1606
207 134 40.1606
306 134 200
307 134 200
323 134 15.456
341 134 200
352 134 200
618 134 13.3958
8 135 15.456
29 135 15.456
31 135 15.456
39 135 15.456
63 135 15.456
96 135 22.3214
124 135 18.2648
150 135 28.6944
164 135 28.6944
183 135 40.1606
184 135 40.1606
206 135 40.1606
207 135 40.1606
306 135 200
307 135 200
323 135 15.456
326 135 13.3958
342 135 200
352 135 200
31 136 15.456
38 136 15.456
61 136 15.456
119 136 28.6944
120 136 28.6944
124 136 18.2648
150 136 28.6944
164 136 28.6944
180 136 28.6944
184 136 40.1606
206 136 40.1606
306 136 200
307 136 200
323 136 15.456
342 136 200
352 136 200
31 137 15.456
37 137 15.456
38 137 15.456
65 137 15.456
66 137 15.456
114 137 22.3214
124 137 18.2648
130 137 28.6944
150 137 28.6944
180 137 28.6944
192 137 28.6944
206 137 40.1606
306 137 200
307 137 200
323 137 15.456
346 137 66.8896
353 137 200
418 137 200
609 137 13.3958
31 138 15.456
33 138 15.456
37 138 15.456
60 138 15.456
64 138 15.456
114 138 22.3214
137 138 28.6944
138 138 28.6944
150 138 28.6944
159 138 28.6944
180 138 28.6944
184 138 40.1606
192 138 28.6944
206 138 40.1606
306 138 200
307 138 200
323 138 15.456
343 138 200
353 138 200
614 138 13.3958
619 138 13.3958
36 139 15.456
37 139 15.456
61 139 18.2648
63 139 18.2648
80 139 15.456
114 139 22.3214
137 139 28.6944
138 139 28.6944
150 139 28.6944
159 139 28.6944
180 139 28.6944
192 139 28.6944
206 139 40.1606
306 139 200
307 139 200
323 139 15.456
343 139 200
353 139 200
417 139 200
25 140 15.456
36 140 15.456
62 140 18.2648
85 140 15.456
158 140 28.6944
180 140 28.6944
192 140 28.6944
206 140 40.1606
220 140 40.1606
306 140 200
307 140 200
343 140 200
410 140 200
435 140 66.8896
9 141 15.456
36 141 15.456
37 141 15.456
62 141 18.2648
75 141 15.456
180 141 28.6944
192 141 28.6944
206 141 40.1606
220 141 40.1606
306 141 200
307 141 200
343 141 200
356 141 200
616 141 13.3958
28 142 15.456
29 142 15.456
36 142 15.456
37 142 15.456
61 142 18.2648
62 142 18.2648
115 142 28.6944
180 142 28.6944
192 142 28.6944
201 142 40.1606
206 142 40.1606
323 142 200
342 142 200
357 142 200
509 142 40.1606
624 142 13.3958
28 143 15.456
29 143 15.456
34 143 15.456
35 143 15.456
36 143 15.456
74 143 15.456
93 143 15.456
180 143 28.6944
192 143 28.6944
201 143 40.1606
206 143 40.1606
207 143 40.1606
212 143 22.3214
266 143 66.8896
280 143 66.8896
281 143 66.8896
324 143 200
342 143 200
357 143 200
358 143 200
12 144 15.456
28 144 15.456
33 144 15.456
34 144 15.456
56 144 18.2648
58 144 18.2648
60 144 18.2648
74 144 15.456
87 144 15.456
88 144 15.456
114 144 28.6944
115 144 28.6944
160 144 28.6944
180 144 28.6944
192 144 28.6944
201 144 40.1606
207 144 40.1606
216 144 40.1606
256 144 40.1606
266 144 66.8896
280 144 66.8896
281 144 66.8896
337 144 66.8896
342 144 200
358 144 200
406 144 200
409 144 66.8896
610 144 13.3958
13 145 15.456
17 145 15.456
18 145 15.456
27 145 15.456
28 145 15.456
33 145 15.456
34 145 15.456
56 145 18.2648
58 145 18.2648
84 145 15.456
85 145 15.456
114 145 28.6944
115 145 28.6944
180 145 28.6944
192 145 28.6944
201 145 40.1606
216 145 40.1606
255 145 40.1606
256 145 40.1606
280 145 66.8896
342 145 200
359 145 200
406 145 200
409 145 66.8896
416 145 200
419 145 66.8896
14 146 15.456
17 146 15.456
24 146 15.456
27 146 15.456
32 146 15.456
33 146 15.456
60 146 18.2648
61 146 18.2648
82 146 15.456
83 146 15.456
180 146 28.6944
192 146 28.6944
207 146 40.1606
216 146 40.1606
266 146 66.8896
280 146 66.8896
281 146 66.8896
320 146 18.2648
323 146 15.456
330 146 11.8203
416 146 200
419 146 66.8896
458 146 200
18 147 15.456
24 147 15.456
27 147 15.456
31 147 15.456
32 147 15.456
59 147 18.2648
60 147 18.2648
61 147 18.2648
81 147 15.456
114 147 22.3214
115 147 22.3214
180 147 28.6944
192 147 28.6944
207 147 40.1606
280 147 66.8896
281 147 66.8896
306 147 200
362 147 200
412 147 200
611 147 13.3958
18 148 15.456
19 148 15.456
27 148 15.456
31 148 15.456
35 148 22.3214
69 148 15.456
70 148 15.456
73 148 15.456
74 148 15.456
79 148 15.456
114 148 22.3214
180 148 28.6944
192 148 28.6944
207 148 40.1606
281 148 66.8896
306 148 200
320 148 18.2648
323 148 15.456
363 148 200
411 148 200
412 148 200
19 149 15.456
30 149 15.456
31 149 15.456
71 149 15.456
72 149 15.456
73 149 15.456
74 149 15.456
75 149 18.2648
76 149 18.2648
111 149 22.3214
180 149 28.6944
192 149 28.6944
248 149 66.8896
281 149 66.8896
306 149 200
320 149 18.2648
326 149 13.3958
344 149 7.44324
476 149 40.1606
22 150 15.456
23 150 15.456
31 150 15.456
111 150 22.3214
114 150 22.3214
116 150 22.3214
173 150 22.3214
174 150 22.3214
180 150 28.6944
193 150 28.6944
202 150 40.1606
207 150 40.1606
249 150 66.8896
281 150 66.8896
306 150 200
320 150 18.2648
323 150 15.456
326 150 13.3958
365 150 200
23 151 15.456
24 151 15.456
31 151 15.456
111 151 22.3214
147 151 28.6944
173 151 22.3214
174 151 22.3214
193 151 40.1606
202 151 40.1606
207 151 40.1606
249 151 66.8896
281 151 66.8896
306 151 200
365 151 200
477 151 40.1606
539 151 22.3214
24 152 15.456
31 152 15.456
52 152 15.456
53 152 15.456
111 152 22.3214
174 152 22.3214
189 152 22.3214
192 152 40.1606
239 152 40.1606
281 152 66.8896
306 152 200
323 152 15.456
324 152 15.456
336 152 9.56938
365 152 200
477 152 40.1606
539 152 22.3214
25 153 15.456
26 153 15.456
32 153 15.456
51 153 15.456
111 153 22.3214
186 153 28.6944
281 153 66.8896
306 153 200
324 153 15.456
388 153 18.2648
25 154 15.456
26 154 15.456
32 154 15.456
33 154 15.456
50 154 15.456
111 154 22.3214
116 154 28.6944
175 154 22.3214
186 154 28.6944
306 154 200
320 154 18.2648
324 154 15.456
26 155 15.456
111 155 22.3214
116 155 28.6944
175 155 22.3214
195 155 28.6944
249 155 66.8896
306 155 200
324 155 15.456
370 155 200
30 156 15.456
69 156 22.3214
111 156 22.3214
116 156 28.6944
175 156 22.3214
187 156 28.6944
207 156 40.1606
249 156 66.8896
306 156 200
324 156 15.456
337 156 22.3214
349 156 200
370 156 200
30 157 15.456
31 157 15.456
69 157 22.3214
111 157 22.3214
114 157 28.6944
116 157 28.6944
249 157 66.8896
306 157 200
337 157 200
349 157 200
370 157 200
34 158 15.456
109 158 22.3214
111 158 22.3214
114 158 28.6944
116 158 28.6944
306 158 200
324 158 200
330 158 40.1606
337 158 200
55 159 15.456
60 159 15.456
61 159 15.456
111 159 22.3214
114 159 28.6944
116 159 28.6944
217 159 40.1606
249 159 66.8896
299 159 66.8896
300 159 66.8896
324 159 200
337 159 200
360 159 200
383 159 200
612 159 13.3958
613 159 13.3958
38 160 15.456
39 160 15.456
111 160 22.3214
116 160 28.6944
299 160 66.8896
300 160 66.8896
352 160 200
360 160 200
613 160 13.3958
13 161 18.2648
38 161 15.456
39 161 15.456
111 161 22.3214
116 161 28.6944
193 161 28.6944
226 161 40.1606
360 161 200
12 162 18.2648
13 162 18.2648
38 162 15.456
110 162 22.3214
111 162 22.3214
116 162 28.6944
193 162 28.6944
219 162 40.1606
226 162 40.1606
352 162 200
360 162 200
372 162 200
388 162 200
389 162 200
539 162 22.3214
614 162 13.3958
12 163 18.2648
13 163 18.2648
37 163 15.456
69 163 22.3214
116 163 28.6944
175 163 22.3214
226 163 40.1606
352 163 200
360 163 200
512 163 28.6944
13 164 18.2648
37 164 15.456
108 164 28.6944
175 164 22.3214
226 164 40.1606
308 164 66.8896
511 164 28.6944
13 165 18.2648
36 165 15.456
46 165 15.456
108 165 28.6944
109 165 28.6944
118 165 28.6944
193 165 28.6944
211 165 28.6944
308 165 66.8896
510 165 28.6944
11 166 18.2648
13 166 18.2648
45 166 18.2648
46 166 18.2648
109 166 28.6944
118 166 28.6944
186 166 28.6944
193 166 28.6944
266 166 66.8896
267 166 66.8896
281 166 66.8896
11 167 18.2648
13 167 18.2648
34 167 15.456
44 167 18.2648
45 167 18.2648
67 167 22.3214
68 167 22.3214
149 167 28.6944
172 167 28.6944
173 167 28.6944
175 167 22.3214
193 167 28.6944
267 167 66.8896
281 167 66.8896
13 168 18.2648
34 168 15.456
44 168 18.2648
45 168 18.2648
67 168 22.3214
68 168 22.3214
149 168 28.6944
150 168 28.6944
172 168 28.6944
173 168 28.6944
175 168 22.3214
267 168 66.8896
281 168 66.8896
308 168 66.8896
324 168 15.456
350 168 22.3214
360 168 200
491 168 40.1606
11 169 18.2648
13 169 18.2648
34 169 15.456
44 169 18.2648
45 169 18.2648
68 169 22.3214
116 169 28.6944
117 169 28.6944
149 169 28.6944
150 169 28.6944
165 169 28.6944
175 169 22.3214
267 169 66.8896
281 169 66.8896
308 169 66.8896
324 169 15.456
337 169 200
350 169 200
360 169 200
361 169 200
491 169 40.1606
11 170 18.2648
33 170 15.456
34 170 15.456
44 170 18.2648
59 170 22.3214
62 170 22.3214
68 170 22.3214
89 170 22.3214
116 170 28.6944
165 170 28.6944
175 170 22.3214
281 170 66.8896
324 170 15.456
337 170 200
345 170 200
350 170 200
360 170 200
361 170 200
491 170 40.1606
11 171 18.2648
33 171 15.456
43 171 18.2648
44 171 18.2648
59 171 22.3214
62 171 22.3214
68 171 22.3214
89 171 22.3214
92 171 18.2648
95 171 22.3214
96 171 22.3214
116 171 28.6944
165 171 28.6944
175 171 22.3214
219 171 28.6944
281 171 66.8896
324 171 15.456
330 171 11.8203
345 171 200
350 171 200
353 171 66.8896
360 171 200
513 171 28.6944
11 172 18.2648
33 172 15.456
43 172 18.2648
44 172 18.2648
62 172 22.3214
68 172 22.3214
89 172 22.3214
95 172 22.3214
96 172 22.3214
116 172 28.6944
165 172 28.6944
175 172 22.3214
219 172 28.6944
262 172 66.8896
281 172 66.8896
307 172 200
308 172 200
324 172 15.456
330 172 40.1606
339 172 200
350 172 200
379 172 28.6944
513 172 28.6944
11 173 18.2648
32 173 15.456
43 173 18.2648
44 173 18.2648
62 173 22.3214
68 173 22.3214
89 173 22.3214
96 173 22.3214
116 173 28.6944
165 173 28.6944
175 173 22.3214
281 173 66.8896
307 173 200
308 173 200
324 173 200
331 173 40.1606
350 173 200
368 173 200
11 174 18.2648
32 174 15.456
42 174 18.2648
43 174 18.2648
44 174 18.2648
62 174 22.3214
68 174 22.3214
89 174 22.3214
90 174 22.3214
96 174 22.3214
116 174 28.6944
132 174 28.6944
175 174 22.3214
267 174 66.8896
281 174 66.8896
307 174 200
308 174 200
324 174 200
331 174 40.1606
353 174 66.8896
11 175 18.2648
32 175 15.456
36 175 13.3958
62 175 22.3214
89 175 22.3214
90 175 22.3214
96 175 22.3214
116 175 28.6944
132 175 28.6944
134 175 28.6944
137 175 28.6944
175 175 22.3214
267 175 66.8896
281 175 66.8896
510 175 40.1606
11 176 18.2648
32 176 15.456
41 176 15.456
44 176 22.3214
47 176 22.3214
62 176 22.3214
89 176 22.3214
90 176 22.3214
116 176 28.6944
132 176 28.6944
136 176 28.6944
137 176 28.6944
150 176 28.6944
165 176 28.6944
175 176 22.3214
190 176 22.3214
281 176 66.8896
299 176 66.8896
300 176 66.8896
361 176 200
509 176 40.1606
539 176 18.2648
540 176 18.2648
541 176 18.2648
542 176 18.2648
11 177 18.2648
12 177 18.2648
32 177 15.456
41 177 15.456
44 177 22.3214
47 177 22.3214
62 177 22.3214
90 177 22.3214
116 177 28.6944
117 177 28.6944
132 177 28.6944
136 177 28.6944
137 177 28.6944
165 177 28.6944
175 177 22.3214
299 177 66.8896
300 177 66.8896
337 177 8.73744
361 177 200
509 177 40.1606
12 178 18.2648
41 178 15.456
44 178 22.3214
48 178 22.3214
62 178 22.3214
68 178 22.3214
116 178 28.6944
117 178 28.6944
165 178 28.6944
227 178 40.1606
299 178 66.8896
337 178 9.56938
350 178 200
478 178 40.1606
12 179 18.2648
31 179 15.456
44 179 22.3214
48 179 22.3214
62 179 22.3214
90 179 22.3214
116 179 28.6944
117 179 28.6944
165 179 28.6944
257 179 40.1606
323 179 15.456
324 179 15.456
337 179 9.56938
509 179 40.1606
12 180 18.2648
31 180 15.456
40 180 15.456
43 180 22.3214
44 180 22.3214
48 180 22.3214
62 180 22.3214
90 180 22.3214
116 180 28.6944
117 180 28.6944
181 180 22.3214
307 180 200
308 180 200
324 180 15.456
337 180 9.56938
345 180 200
349 180 200
471 180 40.1606
509 180 40.1606
12 181 18.2648
44 181 22.3214
48 181 22.3214
62 181 22.3214
69 181 22.3214
90 181 22.3214
109 181 28.6944
181 181 22.3214
190 181 22.3214
213 181 28.6944
307 181 200
308 181 200
327 181 13.3958
337 181 9.56938
345 181 200
350 181 22.3214
363 181 11.8203
432 181 6.09013
509 181 40.1606
614 181 13.3958
12 182 18.2648
31 182 15.456
45 182 18.2648
48 182 22.3214
62 182 22.3214
118 182 28.6944
181 182 22.3214
190 182 22.3214
250 182 66.8896
251 182 66.8896
307 182 200
308 182 200
324 182 15.456
345 182 200
350 182 22.3214
387 182 7.44324
427 182 22.3214
12 183 18.2648
31 183 15.456
39 183 15.456
44 183 18.2648
45 183 18.2648
48 183 22.3214
62 183 22.3214
174 183 28.6944
181 183 22.3214
189 183 22.3214
257 183 28.6944
307 183 200
308 183 200
321 183 18.2648
324 183 15.456
345 183 200
424 183 200
12 184 18.2648
31 184 15.456
39 184 15.456
45 184 18.2648
48 184 22.3214
62 184 22.3214
63 184 22.3214
181 184 22.3214
192 184 22.3214
254 184 40.1606
307 184 200
308 184 200
321 184 18.2648
324 184 15.456
345 184 200
421 184 28.6944
425 184 22.3214
12 185 18.2648
31 185 15.456
38 185 15.456
44 185 18.2648
45 185 18.2648
48 185 22.3214
62 185 22.3214
63 185 22.3214
108 185 28.6944
254 185 40.1606
307 185 200
308 185 200
324 185 15.456
345 185 200
352 185 200
375 185 200
384 185 28.6944
385 185 28.6944
411 185 200
419 185 28.6944
420 185 28.6944
421 185 28.6944
491 185 40.1606
613 185 13.3958
12 186 18.2648
38 186 18.2648
43 186 22.3214
44 186 18.2648
45 186 18.2648
48 186 22.3214
123 186 28.6944
124 186 28.6944
208 186 40.1606
307 186 200
308 186 200
324 186 15.456
330 186 11.8203
352 186 200
375 186 200
383 186 28.6944
384 186 28.6944
385 186 28.6944
419 186 28.6944
421 186 40.1606
425 186 22.3214
432 186 40.1606
493 186 40.1606
613 186 13.3958
614 186 13.3958
12 187 18.2648
30 187 15.456
37 187 15.456
38 187 18.2648
39 187 18.2648
40 187 18.2648
46 187 22.3214
124 187 28.6944
307 187 66.8896
308 187 66.8896
324 187 15.456
325 187 15.456
330 187 11.8203
331 187 11.8203
352 187 200
375 187 200
466 187 66.8896
479 187 40.1606
499 187 66.8896
12 188 18.2648
30 188 15.456
37 188 15.456
38 188 18.2648
39 188 18.2648
40 188 18.2648
80 188 18.2648
155 188 28.6944
178 188 18.2648
307 188 66.8896
308 188 66.8896
321 188 18.2648
324 188 15.456
330 188 40.1606
331 188 40.1606
421 188 40.1606
422 188 40.1606
426 188 200
432 188 40.1606
462 188 3.09215
465 188 66.8896
613 188 13.3958
30 189 15.456
37 189 15.456
62 189 22.3214
64 189 22.3214
79 189 18.2648
89 189 22.3214
155 189 28.6944
156 189 28.6944
183 189 22.3214
282 189 66.8896
308 189 66.8896
309 189 66.8896
321 189 18.2648
324 189 15.456
325 189 15.456
330 189 40.1606
331 189 40.1606
350 189 200
361 189 18.2648
432 189 40.1606
433 189 40.1606
455 189 3.29489
509 189 40.1606
610 189 15.456
613 189 13.3958
30 190 15.456
38 190 15.456
89 190 22.3214
92 190 22.3214
93 190 22.3214
116 190 28.6944
117 190 28.6944
151 190 28.6944
153 190 28.6944
155 190 28.6944
156 190 28.6944
267 190 66.8896
281 190 66.8896
282 190 66.8896
308 190 66.8896
325 190 15.456
331 190 40.1606
345 190 200
350 190 200
361 190 18.2648
425 190 200
432 190 40.1606
433 190 40.1606
499 190 66.8896
509 190 40.1606
613 190 13.3958
620 190 13.3958
29 191 15.456
37 191 15.456
93 191 22.3214
97 191 22.3214
116 191 28.6944
135 191 28.6944
155 191 28.6944
156 191 28.6944
192 191 22.3214
244 191 28.6944
276 191 66.8896
281 191 66.8896
308 191 66.8896
345 191 200
350 191 200
356 191 200
358 191 200
361 191 18.2648
385 191 10.5764
419 191 66.8896
425 191 200
432 191 40.1606
613 191 13.3958
620 191 13.3958
12 192 18.2648
29 192 15.456
116 192 28.6944
117 192 28.6944
135 192 28.6944
174 192 28.6944
252 192 200
271 192 66.8896
276 192 66.8896
281 192 66.8896
293 192 66.8896
308 192 66.8896
345 192 200
350 192 200
356 192 200
358 192 200
385 192 10.5764
419 192 66.8896
432 192 40.1606
465 192 40.1606
613 192 13.3958
7 193 18.2648
12 193 18.2648
28 193 15.456
37 193 15.456
88 193 22.3214
174 193 28.6944
271 193 66.8896
276 193 66.8896
281 193 66.8896
282 193 66.8896
303 193 66.8896
308 193 66.8896
311 193 40.1606
345 193 200
348 193 200
422 193 200
425 193 200
428 193 66.8896
429 193 66.8896
432 193 40.1606
465 193 40.1606
493 193 28.6944
510 193 28.6944
613 193 13.3958
620 193 13.3958
7 194 18.2648
28 194 15.456
36 194 15.456
37 194 15.456
88 194 22.3214
98 194 22.3214
186 194 28.6944
271 194 66.8896
276 194 66.8896
281 194 66.8896
282 194 66.8896
303 194 66.8896
308 194 66.8896
345 194 200
348 194 66.8896
361 194 40.1606
375 194 200
422 194 200
425 194 200
428 194 66.8896
429 194 66.8896
432 194 40.1606
461 194 66.8896
493 194 28.6944
7 195 18.2648
36 195 15.456
37 195 15.456
97 195 22.3214
98 195 22.3214
117 195 28.6944
118 195 28.6944
139 195 28.6944
140 195 28.6944
163 195 22.3214
186 195 28.6944
199 195 22.3214
271 195 66.8896
276 195 66.8896
281 195 66.8896
282 195 66.8896
345 195 200
355 195 200
358 195 66.8896
361 195 40.1606
374 195 200
375 195 200
425 195 200
428 195 66.8896
429 195 66.8896
432 195 40.1606
457 195 200
493 195 28.6944
510 195 28.6944
10 196 18.2648
27 196 15.456
36 196 15.456
37 196 15.456
163 196 22.3214
190 196 28.6944
196 196 28.6944
268 196 200
269 196 200
271 196 66.8896
276 196 66.8896
281 196 66.8896
282 196 66.8896
353 196 200
354 196 200
355 196 200
358 196 66.8896
361 196 40.1606
379 196 66.8896
425 196 200
428 196 66.8896
429 196 66.8896
432 196 40.1606
489 196 40.1606
492 196 28.6944
493 196 28.6944
510 196 28.6944
10 197 18.2648
27 197 15.456
36 197 15.456
37 197 15.456
86 197 22.3214
87 197 22.3214
163 197 22.3214
190 197 28.6944
268 197 200
269 197 200
271 197 66.8896
276 197 66.8896
280 197 66.8896
281 197 66.8896
282 197 66.8896
334 197 15.456
345 197 22.3214
348 197 18.2648
358 197 66.8896
361 197 40.1606
362 197 40.1606
386 197 10.5764
419 197 66.8896
428 197 66.8896
429 197 66.8896
432 197 40.1606
447 197 200
489 197 40.1606
510 197 28.6944
10 198 18.2648
27 198 15.456
31 198 13.3958
35 198 15.456
36 198 15.456
86 198 22.3214
160 198 22.3214
163 198 22.3214
189 198 28.6944
190 198 28.6944
268 198 200
271 198 66.8896
276 198 66.8896
282 198 66.8896
301 198 66.8896
323 198 40.1606
334 198 15.456
345 198 22.3214
348 198 18.2648
353 198 200
357 198 66.8896
358 198 66.8896
361 198 40.1606
362 198 40.1606
479 198 40.1606
489 198 40.1606
493 198 28.6944
27 199 15.456
35 199 15.456
36 199 15.456
65 199 18.2648
68 199 18.2648
160 199 22.3214
161 199 22.3214
189 199 28.6944
190 199 28.6944
192 199 28.6944
229 199 40.1606
231 199 40.1606
310 199 66.8896
317 199 200
323 199 40.1606
329 199 22.3214
334 199 15.456
342 199 28.6944
345 199 22.3214
353 199 200
354 199 200
358 199 66.8896
359 199 66.8896
361 199 40.1606
385 199 10.5764
483 199 66.8896
489 199 40.1606
27 200 15.456
35 200 15.456
36 200 15.456
65 200 18.2648
87 200 22.3214
89 200 22.3214
127 200 22.3214
160 200 22.3214
161 200 22.3214
190 200 28.6944
192 200 28.6944
301 200 66.8896
310 200 66.8896
316 200 200
317 200 200
323 200 40.1606
342 200 28.6944
345 200 22.3214
489 200 40.1606
493 200 28.6944
26 201 15.456
36 201 15.456
89 201 22.3214
160 201 22.3214
161 201 22.3214
301 201 66.8896
307 201 40.1606
309 201 66.8896
310 201 66.8896
317 201 200
333 201 200
345 201 200
362 201 40.1606
385 201 28.6944
445 201 200
446 201 200
483 201 66.8896
489 201 40.1606
493 201 28.6944
509 201 40.1606
17 202 18.2648
18 202 18.2648
26 202 15.456
36 202 15.456
68 202 18.2648
119 202 22.3214
120 202 22.3214
160 202 22.3214
161 202 22.3214
308 202 40.1606
345 202 200
355 202 40.1606
362 202 22.3214
388 202 8.03858
489 202 40.1606
493 202 28.6944
17 203 18.2648
18 203 18.2648
36 203 15.456
89 203 22.3214
90 203 22.3214
92 203 18.2648
94 203 22.3214
106 203 22.3214
107 203 22.3214
118 203 22.3214
119 203 22.3214
126 203 22.3214
160 203 22.3214
161 203 22.3214
301 203 66.8896
302 203 66.8896
307 203 40.1606
330 203 40.1606
349 203 200
355 203 40.1606
359 203 66.8896
362 203 22.3214
489 203 40.1606
493 203 28.6944
17 204 18.2648
18 204 18.2648
36 204 18.2648
37 204 18.2648
49 204 18.2648
74 204 18.2648
89 204 22.3214
100 204 22.3214
101 204 22.3214
106 204 22.3214
107 204 22.3214
118 204 22.3214
127 204 22.3214
160 204 22.3214
161 204 22.3214
194 204 28.6944
248 204 40.1606
301 204 200
302 204 200
306 204 40.1606
307 204 40.1606
330 204 40.1606
341 204 6.93001
348 204 200
349 204 200
359 204 66.8896
397 204 40.1606
489 204 40.1606
493 204 28.6944
26 205 18.2648
37 205 18.2648
38 205 18.2648
89 205 22.3214
106 205 22.3214
107 205 22.3214
118 205 22.3214
128 205 22.3214
160 205 22.3214
161 205 22.3214
193 205 28.6944
301 205 200
302 205 200
307 205 40.1606
320 205 15.456
365 205 200
385 205 15.456
463 205 40.1606
489 205 40.1606
493 205 28.6944
26 206 18.2648
37 206 18.2648
38 206 18.2648
89 206 22.3214
106 206 22.3214
107 206 22.3214
117 206 22.3214
118 206 22.3214
128 206 22.3214
160 206 22.3214
161 206 22.3214
192 206 28.6944
193 206 28.6944
229 206 40.1606
250 206 40.1606
301 206 200
302 206 200
307 206 40.1606
308 206 40.1606
320 206 15.456
321 206 15.456
364 206 200
384 206 15.456
463 206 40.1606
26 207 18.2648
37 207 18.2648
38 207 18.2648
79 207 18.2648
80 207 18.2648
89 207 22.3214
106 207 22.3214
107 207 22.3214
117 207 22.3214
118 207 22.3214
128 207 22.3214
133 207 22.3214
134 207 22.3214
151 207 22.3214
160 207 22.3214
161 207 22.3214
191 207 28.6944
192 207 28.6944
229 207 40.1606
244 207 40.1606
301 207 200
302 207 200
305 207 66.8896
314 207 22.3214
319 207 40.1606
363 207 200
396 207 15.456
435 207 66.8896
26 208 18.2648
36 208 18.2648
37 208 18.2648
53 208 18.2648
79 208 18.2648
80 208 18.2648
89 208 22.3214
105 208 22.3214
106 208 22.3214
107 208 22.3214
112 208 40.1606
117 208 22.3214
118 208 22.3214
127 208 22.3214
133 208 22.3214
134 208 22.3214
161 208 22.3214
190 208 28.6944
191 208 28.6944
244 208 40.1606
301 208 200
302 208 200
305 208 66.8896
314 208 22.3214
331 208 40.1606
385 208 28.6944
464 208 40.1606
465 208 40.1606
511 208 28.6944
26 209 18.2648
27 209 18.2648
36 209 18.2648
37 209 18.2648
52 209 18.2648
89 209 22.3214
106 209 22.3214
107 209 22.3214
112 209 40.1606
118 209 22.3214
119 209 22.3214
127 209 22.3214
134 209 22.3214
161 209 22.3214
189 209 28.6944
190 209 28.6944
229 209 40.1606
305 209 66.8896
313 209 22.3214
319 209 40.1606
320 209 40.1606
331 209 40.1606
352 209 10.5764
419 209 40.1606
447 209 66.8896
464 209 40.1606
511 209 28.6944
36 210 18.2648
37 210 18.2648
52 210 18.2648
89 210 22.3214
106 210 22.3214
107 210 22.3214
119 210 22.3214
120 210 22.3214
161 210 22.3214
189 210 28.6944
248 210 40.1606
305 210 66.8896
319 210 40.1606
331 210 40.1606
341 210 10.5764
358 210 200
419 210 40.1606
36 211 18.2648
37 211 18.2648
60 211 18.2648
69 211 18.2648
77 211 18.2648
89 211 22.3214
90 211 22.3214
106 211 22.3214
107 211 22.3214
128 211 22.3214
161 211 22.3214
188 211 28.6944
189 211 28.6944
249 211 40.1606
251 211 200
255 211 40.1606
256 211 40.1606
259 211 40.1606
260 211 40.1606
302 211 200
305 211 66.8896
317 211 40.1606
336 211 22.3214
341 211 10.5764
357 211 200
379 211 66.8896
382 211 40.1606
419 211 40.1606
434 211 200
438 211 66.8896
25 212 15.456
35 212 18.2648
36 212 18.2648
60 212 18.2648
69 212 18.2648
89 212 22.3214
90 212 22.3214
106 212 22.3214
107 212 22.3214
128 212 22.3214
129 212 22.3214
133 212 22.3214
161 212 22.3214
188 212 28.6944
217 212 28.6944
249 212 40.1606
251 212 200
256 212 40.1606
302 212 200
305 212 66.8896
318 212 40.1606
341 212 10.5764
344 212 9.56938
356 212 200
357 212 200
379 212 66.8896
382 212 40.1606
385 212 28.6944
419 212 40.1606
433 212 200
438 212 66.8896
446 212 66.8896
448 212 66.8896
25 213 15.456
35 213 18.2648
53 213 18.2648
69 213 18.2648
89 213 22.3214
90 213 22.3214
106 213 22.3214
107 213 22.3214
129 213 22.3214
133 213 22.3214
134 213 22.3214
154 213 22.3214
161 213 22.3214
174 213 22.3214
176 213 22.3214
188 213 28.6944
256 213 40.1606
312 213 200
318 213 40.1606
331 213 15.456
341 213 10.5764
344 213 9.56938
352 213 10.5764
353 213 10.5764
379 213 66.8896
382 213 40.1606
385 213 28.6944
433 213 200
434 213 200
437 213 66.8896
438 213 66.8896
25 214 15.456
35 214 15.456
36 214 15.456
53 214 18.2648
68 214 18.2648
75 214 18.2648
89 214 22.3214
90 214 22.3214
106 214 22.3214
107 214 22.3214
129 214 22.3214
133 214 22.3214
134 214 22.3214
161 214 22.3214
164 214 22.3214
176 214 22.3214
187 214 28.6944
188 214 28.6944
256 214 40.1606
257 214 40.1606
312 214 200
318 214 40.1606
331 214 15.456
351 214 10.5764
352 214 10.5764
353 214 10.5764
434 214 200
437 214 66.8896
25 215 15.456
35 215 18.2648
36 215 18.2648
52 215 18.2648
53 215 18.2648
68 215 18.2648
71 215 18.2648
74 215 18.2648
75 215 18.2648
89 215 22.3214
90 215 22.3214
106 215 22.3214
107 215 22.3214
129 215 22.3214
134 215 22.3214
161 215 22.3214
164 215 22.3214
176 215 22.3214
188 215 28.6944
192 215 28.6944
256 215 40.1606
257 215 40.1606
312 215 200
318 215 40.1606
331 215 15.456
334 215 40.1606
343 215 15.456
344 215 15.456
383 215 40.1606
423 215 66.8896
434 215 200
437 215 66.8896
24 216 15.456
35 216 18.2648
36 216 18.2648
53 216 18.2648
74 216 18.2648
89 216 22.3214
90 216 22.3214
106 216 22.3214
107 216 22.3214
161 216 22.3214
188 216 28.6944
256 216 40.1606
257 216 40.1606
297 216 66.8896
306 216 40.1606
307 216 40.1606
312 216 200
317 216 40.1606
318 216 40.1606
332 216 40.1606
336 216 13.3958
339 216 200
342 216 66.8896
343 216 66.8896
362 216 13.3958
437 216 66.8896
468 216 40.1606
24 217 15.456
35 217 18.2648
36 217 18.2648
62 217 18.2648
73 217 18.2648
89 217 22.3214
107 217 22.3214
127 217 22.3214
161 217 22.3214
188 217 28.6944
213 217 28.6944
256 217 40.1606
257 217 40.1606
317 217 40.1606
318 217 40.1606
332 217 40.1606
437 217 66.8896
468 217 40.1606
24 218 15.456
35 218 18.2648
36 218 18.2648
62 218 18.2648
65 218 18.2648
72 218 18.2648
73 218 18.2648
107 218 22.3214
133 218 22.3214
134 218 22.3214
161 218 22.3214
173 218 28.6944
182 218 28.6944
188 218 28.6944
213 218 28.6944
256 218 40.1606
257 218 40.1606
317 218 40.1606
318 218 40.1606
332 218 40.1606
399 218 200
437 218 66.8896
468 218 40.1606
24 219 15.456
35 219 18.2648
36 219 18.2648
65 219 18.2648
72 219 18.2648
94 219 22.3214
107 219 22.3214
133 219 22.3214
134 219 22.3214
161 219 22.3214
164 219 22.3214
188 219 28.6944
213 219 28.6944
256 219 40.1606
257 219 40.1606
260 219 28.6944
318 219 40.1606
437 219 66.8896
468 219 40.1606
24 220 15.456
35 220 15.456
36 220 15.456
65 220 18.2648
68 220 18.2648
86 220 22.3214
87 220 22.3214
107 220 22.3214
133 220 22.3214
134 220 22.3214
161 220 22.3214
164 220 22.3214
176 220 22.3214
188 220 28.6944
193 220 40.1606
221 220 28.6944
256 220 40.1606
257 220 40.1606
297 220 66.8896
318 220 40.1606
381 220 40.1606
419 220 40.1606
437 220 200
441 220 66.8896
511 220 28.6944
24 221 15.456
35 221 18.2648
53 221 18.2648
59 221 18.2648
65 221 18.2648
67 221 18.2648
68 221 18.2648
86 221 22.3214
87 221 22.3214
107 221 22.3214
133 221 22.3214
134 221 22.3214
161 221 22.3214
187 221 28.6944
193 221 40.1606
220 221 28.6944
257 221 40.1606
297 221 66.8896
317 221 40.1606
318 221 40.1606
340 221 10.5764
381 221 40.1606
437 221 200
441 221 66.8896
442 221 66.8896
445 221 40.1606
460 221 66.8896
461 221 66.8896
462 221 66.8896
24 222 15.456
25 222 15.456
35 222 18.2648
36 222 18.2648
53 222 18.2648
59 222 18.2648
65 222 18.2648
67 222 18.2648
86 222 22.3214
87 222 22.3214
107 222 22.3214
161 222 22.3214
193 222 40.1606
217 222 40.1606
220 222 28.6944
257 222 40.1606
318 222 40.1606
332 222 40.1606
340 222 10.5764
343 222 9.56938
374 222 200
468 222 40.1606
24 223 15.456
25 223 15.456
36 223 18.2648
53 223 18.2648
59 223 18.2648
70 223 18.2648
86 223 22.3214
87 223 22.3214
101 223 22.3214
107 223 22.3214
108 223 22.3214
161 223 22.3214
186 223 28.6944
217 223 40.1606
220 223 28.6944
256 223 40.1606
257 223 40.1606
317 223 40.1606
318 223 40.1606
340 223 10.5764
343 223 9.56938
373 223 200
382 223 40.1606
384 223 40.1606
419 223 40.1606
421 223 28.6944
422 223 28.6944
468 223 40.1606
24 224 15.456
36 224 18.2648
54 224 18.2648
63 224 18.2648
86 224 22.3214
87 224 22.3214
101 224 22.3214
161 224 22.3214
162 224 22.3214
164 224 22.3214
193 224 28.6944
218 224 40.1606
256 224 40.1606
318 224 40.1606
340 224 28.6944
343 224 28.6944
344 224 28.6944
375 224 200
382 224 40.1606
383 224 40.1606
384 224 40.1606
389 224 22.3214
411 224 200
412 224 66.8896
414 224 66.8896
419 224 28.6944
420 224 28.6944
421 224 28.6944
422 224 28.6944
493 224 28.6944
31 225 22.3214
36 225 18.2648
37 225 18.2648
55 225 18.2648
62 225 18.2648
63 225 18.2648
86 225 22.3214
87 225 22.3214
143 225 22.3214
162 225 22.3214
164 225 22.3214
173 225 28.6944
176 225 22.3214
192 225 28.6944
218 225 40.1606
318 225 40.1606
344 225 28.6944
382 225 40.1606
383 225 40.1606
385 225 28.6944
389 225 22.3214
390 225 22.3214
392 225 18.2648
410 225 200
411 225 66.8896
413 225 66.8896
414 225 66.8896
416 225 66.8896
422 225 28.6944
424 225 28.6944
425 225 15.456
427 225 6.48298
428 225 6.48298
429 225 6.48298
430 225 6.09013
431 225 6.09013
433 225 5.74218
491 225 28.6944
493 225 28.6944
25 226 15.456
36 226 18.2648
37 226 18.2648
55 226 18.2648
68 226 18.2648
69 226 18.2648
86 226 22.3214
87 226 22.3214
121 226 22.3214
142 226 22.3214
143 226 22.3214
162 226 22.3214
164 226 22.3214
176 226 22.3214
192 226 28.6944
193 226 28.6944
198 226 40.1606
257 226 40.1606
258 226 40.1606
318 226 40.1606
330 226 40.1606
333 226 28.6944
339 226 28.6944
343 226 40.1606
344 226 40.1606
361 226 13.3958
369 226 66.8896
387 226 22.3214
390 226 22.3214
393 226 18.2648
411 226 66.8896
413 226 66.8896
417 226 40.1606
418 226 40.1606
428 226 6.48298
429 226 6.48298
430 226 6.09013
433 226 5.74218
435 226 5.74218
468 226 40.1606
493 226 28.6944
25 227 15.456
36 227 18.2648
37 227 18.2648
55 227 18.2648
56 227 18.2648
68 227 18.2648
86 227 22.3214
87 227 22.3214
121 227 22.3214
142 227 22.3214
143 227 22.3214
162 227 22.3214
176 227 22.3214
197 227 40.1606
247 227 40.1606
319 227 40.1606
325 227 22.3214
330 227 40.1606
339 227 200
344 227 40.1606
362 227 13.3958
368 227 66.8896
387 227 22.3214
390 227 22.3214
397 227 5.43183
411 227 66.8896
413 227 66.8896
435 227 5.74218
444 227 3.09215
468 227 40.1606
24 228 15.456
25 228 15.456
36 228 18.2648
37 228 18.2648
55 228 18.2648
67 228 18.2648
68 228 18.2648
86 228 22.3214
87 228 22.3214
126 228 22.3214
161 228 22.3214
162 228 22.3214
176 228 22.3214
190 228 40.1606
191 228 28.6944
194 228 28.6944
196 228 40.1606
247 228 40.1606
248 228 40.1606
249 228 40.1606
251 228 40.1606
342 228 40.1606
344 228 40.1606
387 228 6.48298
390 228 6.09013
393 228 5.74218
397 228 5.43183
439 228 3.1903
468 228 40.1606
489 228 40.1606
493 228 28.6944
24 229 15.456
25 229 15.456
36 229 18.2648
37 229 18.2648
56 229 18.2648
59 229 18.2648
62 229 18.2648
66 229 18.2648
67 229 18.2648
86 229 22.3214
87 229 22.3214
125 229 22.3214
126 229 22.3214
164 229 22.3214
191 229 40.1606
194 229 22.3214
253 229 40.1606
254 229 40.1606
344 229 40.1606
382 229 40.1606
393 229 5.74218
449 229 2.9129
25 230 15.456
37 230 18.2648
67 230 18.2648
69 230 18.2648
86 230 22.3214
87 230 22.3214
125 230 22.3214
126 230 22.3214
164 230 22.3214
183 230 28.6944
253 230 40.1606
254 230 40.1606
309 230 40.1606
330 230 200
341 230 66.8896
382 230 40.1606
417 230 40.1606
419 230 28.6944
512 230 28.6944
37 231 18.2648
38 231 18.2648
57 231 18.2648
69 231 22.3214
86 231 22.3214
87 231 22.3214
173 231 28.6944
174 231 28.6944
183 231 28.6944
267 231 40.1606
330 231 200
337 231 40.1606
416 231 40.1606
418 231 40.1606
419 231 28.6944
512 231 28.6944
26 232 15.456
27 232 15.456
38 232 18.2648
66 232 18.2648
86 232 22.3214
87 232 22.3214
176 232 22.3214
267 232 40.1606
329 232 40.1606
330 232 40.1606
336 232 40.1606
337 232 40.1606
384 232 66.8896
388 232 40.1606
394 232 18.2648
398 232 66.8896
401 232 200
402 232 40.1606
404 232 40.1606
409 232 200
411 232 200
416 232 40.1606
512 232 28.6944
27 233 15.456
37 233 18.2648
38 233 18.2648
65 233 18.2648
66 233 18.2648
86 233 22.3214
87 233 22.3214
134 233 28.6944
144 233 28.6944
176 233 22.3214
306 233 40.1606
307 233 40.1606
384 233 66.8896
388 233 40.1606
390 233 40.1606
394 233 18.2648
409 233 200
411 233 200
416 233 40.1606
418 233 40.1606
512 233 28.6944
27 234 15.456
33 234 22.3214
37 234 18.2648
38 234 18.2648
39 234 18.2648
52 234 18.2648
60 234 28.6944
65 234 18.2648
66 234 18.2648
87 234 22.3214
88 234 22.3214
129 234 22.3214
130 234 22.3214
134 234 28.6944
143 234 28.6944
144 234 28.6944
176 234 22.3214
306 234 40.1606
307 234 40.1606
327 234 10.5764
328 234 10.5764
331 234 40.1606
384 234 40.1606
416 234 40.1606
512 234 28.6944
38 235 18.2648
39 235 18.2648
65 235 18.2648
66 235 18.2648
87 235 22.3214
88 235 22.3214
107 235 22.3214
122 235 28.6944
130 235 22.3214
134 235 28.6944
176 235 22.3214
196 235 28.6944
326 235 10.5764
384 235 40.1606
386 235 40.1606
416 235 40.1606
28 236 15.456
38 236 18.2648
39 236 18.2648
64 236 18.2648
73 236 22.3214
122 236 28.6944
130 236 22.3214
176 236 22.3214
179 236 18.2648
384 236 40.1606
386 236 40.1606
416 236 40.1606
27 237 15.456
39 237 18.2648
72 237 22.3214
73 237 22.3214
102 237 22.3214
176 237 22.3214
27 238 15.456
72 238 22.3214
73 238 22.3214
176 238 22.3214
28 239 15.456
29 239 15.456
48 239 22.3214
49 239 22.3214
52 239 18.2648
64 239 18.2648
67 239 22.3214
73 239 22.3214
74 239 22.3214
28 240 15.456
29 240 15.456
39 240 15.456
40 240 15.456
48 240 22.3214
49 240 22.3214
54 240 18.2648
67 240 22.3214
73 240 22.3214
74 240 22.3214
148 240 22.3214
159 240 22.3214
176 240 22.3214
177 240 22.3214
18 241 15.456
22 241 15.456
109 241 22.3214
176 241 22.3214
177 241 22.3214
179 241 22.3214
23 242 15.456
40 242 15.456
71 242 22.3214
176 242 22.3214
177 242 22.3214
16 243 15.456
23 243 15.456
40 243 15.456
177 243 22.3214
179 243 22.3214
176 244 22.3214
177 244 22.3214
179 244 22.3214
176 245 22.3214
177 245 22.3214
179 245 22.3214
56 246 15.456
65 246 15.456
176 246 22.3214
177 246 22.3214
3 247 15.456
65 247 15.456
176 247 22.3214
177 247 22.3214
612 247 13.3958
46 248 15.456
178 248 22.3214
46 249 15.456
620 249 13.3958
46 250 15.456
50 250 15.456
51 250 15.456
56 250 15.456
620 250 13.3958
46 251 15.456
48 251 15.456
50 251 15.456
56 251 15.456
307 251 22.3214
620 251 13.3958
47 252 15.456
620 252 13.3958
10 253 13.3958
620 253 13.3958
17 254 13.3958
22 254 13.3958
28 254 15.456
60 254 15.456
295 255 22.3214
5 256 13.3958
6 256 13.3958
5 257 13.3958
6 257 13.3958
280 260 18.2648
263 267 15.456
161 269 15.456
161 270 15.456
69 274 13.3958
242 275 13.3958
242 276 13.3958
214 287 11.8203
215 287 11.8203
215 288 11.8203
217 288 11.8203
80 290 11.8203
51 292 10.5764
52 293 10.5764
49 294 10.5764
207 295 10.5764
208 295 10.5764
532 299 9.56938
23 301 9.56938
179 303 9.56938
180 303 9.56938
179 304 9.56938
180 304 9.56938
187 304 9.56938
453 307 8.73744
166 314 8.73744
167 314 8.73744
168 314 8.73744
167 315 8.73744
136 323 8.03858
564 326 7.44324
563 327 7.44324
562 328 7.44324
565 328 7.44324
566 328 7.44324
567 328 7.44324
124 329 7.44324
125 329 7.44324
137 329 7.44324
138 329 7.44324
564 329 7.44324
565 329 7.44324
566 329 7.44324
569 329 7.44324
124 330 7.44324
125 330 7.44324
126 330 7.44324
127 330 7.44324
134 330 7.44324
135 330 7.44324
136 330 7.44324
137 330 7.44324
605 334 6.48298
602 335 6.48298
603 335 6.48298
604 335 6.48298
576 339 6.93001
43 340 6.93001
50 340 6.93001
594 341 6.48298
593 342 6.48298
40 343 6.93001
596 343 6.48298
39 344 6.93001
40 344 6.93001
26 346 6.48298
591 346 6.48298
597 346 6.48298
598 346 6.48298
601 346 6.09013
88 347 6.48298
89 347 6.48298
90 347 6.48298
91 347 6.48298
101 347 6.48298
102 347 6.48298
103 347 6.48298
104 347 6.48298
601 347 6.09013
592 348 6.48298
22 353 6.09013
72 354 6.09013
486 355 6.09013
487 355 6.09013
488 355 6.09013
87 356 6.09013
626 356 5.74218
64 358 6.09013
278 359 5.74218
632 359 5.74218
53 363 5.74218
54 363 5.74218
635 371 5.43183
637 371 5.43183
34 373 5.43183
35 373 5.43183
44 373 5.43183
51 373 5.43183
53 373 5.43183
54 373 5.43183
629 373 6.09013
636 373 5.43183
34 374 5.43183
35 374 5.43183
36 374 5.43183
39 374 5.43183
40 374 5.43183
44 374 5.43183
45 374 5.43183
46 374 5.43183
47 374 5.43183
48 374 5.43183
49 374 5.43183
50 374 5.43183
53 374 5.43183
54 374 5.43183
36 375 5.43183
51 375 5.43183
632 375 5.43183
633 375 5.43183
634 375 5.43183
635 375 5.15331
633 376 5.43183
635 376 5.15331
636 376 5.15331
637 376 5.15331
636 377 5.15331
141 388 4.90196
601 402 4.46628
623 413 4.27625
622 414 4.27625
623 414 4.27625
622 415 4.27625
621 418 4.27625
624 418 4.10172
624 419 4.10172
624 420 4.10172
153 421 4.10172
154 421 4.10172
155 421 4.10172
156 421 4.10172
623 421 4.10172
623 422 4.10172
151 423 4.10172
152 423 4.10172
153 423 4.10172
623 423 4.10172
154 424 4.10172
625 424 4.10172
626 424 4.10172
625 425 4.10172
626 425 4.10172
627 425 4.10172
628 425 4.10172
629 425 4.10172
631 425 4.10172
632 425 4.10172
55 426 4.10172
629 426 4.10172
630 426 4.10172
634 426 4.10172
56 427 4.10172
184 445 3.6543
266 445 3.6543
267 445 3.6543
96 447 3.6543
93 449 3.6543
94 449 3.6543
146 457 3.52609
147 457 3.52609
148 458 3.52609
143 459 3.40657
144 460 3.40657
145 460 3.40657
144 461 3.40657
145 461 3.40657
146 461 3.40657
630 466 3.40657
633 467 3.40657
624 469 3.29489
629 469 3.40657
630 469 3.29489
631 469 3.29489
632 469 3.29489
623 470 3.29489
626 470 3.29489
627 470 3.40657
633 470 3.29489
634 470 3.29489
635 470 3.29489
636 470 3.29489
622 471 3.29489
625 471 3.29489
628 471 3.29489
629 471 3.29489
630 471 3.29489
631 471 3.29489
632 471 3.29489
621 472 3.29489
627 472 3.29489
628 472 3.29489
372 473 200
620 473 3.29489
626 473 3.29489
627 473 3.29489
630 473 3.29489
620 474 3.29489
625 474 3.29489
626 474 3.29489
629 474 3.1903
625 475 3.29489
628 475 3.1903
625 476 3.29489
628 476 3.1903
622 477 3.29489
623 477 3.29489
624 477 3.29489
625 477 3.29489
628 477 3.1903
