10 3 18.2648
14 3 18.2648
44 3 22.3214
45 3 22.3214
176 3 28.6944
204 3 40.1606
624 3 13.3958
637 3 10.5764
10 4 18.2648
14 4 18.2648
97 4 22.3214
100 4 22.3214
176 4 28.6944
198 4 200
205 4 40.1606
10 5 18.2648
14 5 18.2648
100 5 28.6944
131 5 28.6944
176 5 28.6944
199 5 200
206 5 40.1606
491 5 40.1606
625 5 13.3958
14 6 18.2648
95 6 22.3214
100 6 28.6944
131 6 28.6944
132 6 28.6944
200 6 200
206 6 40.1606
207 6 40.1606
491 6 40.1606
626 6 13.3958
627 6 13.3958
635 6 10.5764
10 7 18.2648
14 7 18.2648
20 7 18.2648
95 7 22.3214
100 7 28.6944
101 7 28.6944
131 7 28.6944
132 7 28.6944
165 7 28.6944
166 7 28.6944
181 7 22.3214
182 7 22.3214
201 7 200
207 7 40.1606
208 7 40.1606
626 7 13.3958
627 7 13.3958
630 7 13.3958
14 8 18.2648
113 8 28.6944
132 8 28.6944
152 8 28.6944
153 8 28.6944
155 8 28.6944
156 8 28.6944
157 8 28.6944
158 8 28.6944
160 8 28.6944
161 8 28.6944
201 8 200
202 8 200
208 8 40.1606
209 8 40.1606
627 8 13.3958
628 8 13.3958
14 9 18.2648
27 9 18.2648
148 9 28.6944
149 9 28.6944
150 9 28.6944
175 9 22.3214
185 9 28.6944
203 9 200
209 9 40.1606
210 9 40.1606
628 9 13.3958
14 10 18.2648
27 10 18.2648
148 10 28.6944
174 10 22.3214
185 10 28.6944
192 10 40.1606
204 10 200
210 10 40.1606
211 10 40.1606
629 10 13.3958
14 11 18.2648
27 11 18.2648
30 11 22.3214
97 11 22.3214
186 11 28.6944
188 11 40.1606
192 11 40.1606
204 11 200
205 11 200
211 11 40.1606
212 11 40.1606
502 11 40.1606
11 12 18.2648
14 12 18.2648
30 12 22.3214
43 12 22.3214
44 12 22.3214
97 12 22.3214
205 12 200
212 12 40.1606
213 12 40.1606
628 12 13.3958
11 13 18.2648
14 13 18.2648
43 13 22.3214
44 13 22.3214
97 13 22.3214
169 13 22.3214
177 13 40.1606
206 13 200
213 13 40.1606
214 13 40.1606
501 13 40.1606
629 13 13.3958
11 14 18.2648
30 14 22.3214
43 14 22.3214
44 14 22.3214
97 14 22.3214
133 14 28.6944
168 14 22.3214
188 14 28.6944
207 14 200
214 14 40.1606
215 14 40.1606
501 14 40.1606
629 14 13.3958
11 15 18.2648
30 15 22.3214
31 15 22.3214
43 15 22.3214
44 15 22.3214
97 15 22.3214
133 15 28.6944
208 15 200
215 15 40.1606
216 15 40.1606
501 15 40.1606
625 15 8.03858
11 16 18.2648
30 16 22.3214
31 16 22.3214
37 16 22.3214
38 16 22.3214
43 16 22.3214
44 16 22.3214
97 16 22.3214
119 16 28.6944
133 16 28.6944
186 16 40.1606
188 16 40.1606
209 16 200
216 16 40.1606
217 16 40.1606
626 16 8.03858
11 17 18.2648
31 17 22.3214
38 17 22.3214
43 17 22.3214
44 17 22.3214
97 17 22.3214
119 17 28.6944
120 17 28.6944
133 17 28.6944
141 17 28.6944
147 17 28.6944
186 17 40.1606
210 17 200
217 17 40.1606
218 17 40.1606
597 17 11.8203
11 18 18.2648
31 18 22.3214
44 18 22.3214
95 18 22.3214
97 18 22.3214
133 18 28.6944
141 18 28.6944
147 18 28.6944
211 18 200
218 18 40.1606
219 18 40.1606
629 18 13.3958
11 19 18.2648
30 19 22.3214
31 19 22.3214
44 19 22.3214
95 19 22.3214
97 19 22.3214
133 19 28.6944
141 19 28.6944
147 19 28.6944
148 19 28.6944
212 19 200
219 19 40.1606
220 19 40.1606
11 20 18.2648
31 20 22.3214
44 20 22.3214
95 20 22.3214
97 20 22.3214
133 20 28.6944
147 20 28.6944
148 20 28.6944
177 20 28.6944
213 20 200
220 20 40.1606
11 21 18.2648
31 21 22.3214
44 21 22.3214
95 21 22.3214
97 21 22.3214
133 21 28.6944
148 21 28.6944
177 21 28.6944
214 21 200
221 21 40.1606
480 21 40.1606
615 21 11.8203
11 22 18.2648
16 22 18.2648
31 22 22.3214
44 22 22.3214
95 22 22.3214
97 22 22.3214
133 22 28.6944
148 22 28.6944
177 22 28.6944
215 22 200
222 22 40.1606
496 22 40.1606
564 22 13.3958
616 22 11.8203
11 23 18.2648
27 23 18.2648
31 23 22.3214
44 23 22.3214
95 23 22.3214
97 23 22.3214
133 23 28.6944
148 23 28.6944
177 23 28.6944
216 23 200
223 23 40.1606
496 23 40.1606
565 23 13.3958
616 23 11.8203
11 24 18.2648
27 24 18.2648
29 24 22.3214
44 24 22.3214
95 24 22.3214
177 24 28.6944
202 24 40.1606
217 24 200
224 24 40.1606
496 24 40.1606
29 25 22.3214
31 25 22.3214
66 25 22.3214
95 25 22.3214
177 25 28.6944
218 25 200
225 25 40.1606
496 25 40.1606
605 25 13.3958
24 26 18.2648
25 26 18.2648
31 26 22.3214
66 26 22.3214
95 26 22.3214
142 26 28.6944
148 26 28.6944
177 26 28.6944
219 26 200
226 26 40.1606
617 26 11.8203
16 27 18.2648
17 27 18.2648
31 27 22.3214
66 27 22.3214
67 27 22.3214
95 27 22.3214
142 27 28.6944
177 27 28.6944
207 27 40.1606
220 27 200
227 27 40.1606
12 28 18.2648
16 28 18.2648
17 28 18.2648
31 28 22.3214
44 28 22.3214
66 28 22.3214
67 28 22.3214
87 28 22.3214
95 28 22.3214
142 28 28.6944
177 28 28.6944
221 28 200
228 28 40.1606
11 29 18.2648
31 29 22.3214
66 29 22.3214
67 29 22.3214
74 29 22.3214
87 29 22.3214
177 29 28.6944
212 29 40.1606
222 29 200
229 29 40.1606
575 29 11.8203
618 29 11.8203
7 30 18.2648
16 30 18.2648
38 30 18.2648
66 30 22.3214
67 30 22.3214
73 30 22.3214
74 30 22.3214
87 30 22.3214
98 30 22.3214
173 30 18.2648
223 30 200
230 30 40.1606
572 30 13.3958
576 30 11.8203
16 31 18.2648
38 31 22.3214
66 31 22.3214
67 31 22.3214
73 31 22.3214
74 31 22.3214
87 31 22.3214
98 31 22.3214
161 31 28.6944
177 31 28.6944
224 31 200
231 31 40.1606
491 31 66.8896
16 32 18.2648
33 32 18.2648
37 32 22.3214
66 32 22.3214
70 32 22.3214
74 32 22.3214
98 32 22.3214
161 32 28.6944
177 32 28.6944
212 32 40.1606
225 32 200
232 32 40.1606
630 32 13.3958
15 33 18.2648
16 33 18.2648
17 33 18.2648
33 33 18.2648
37 33 22.3214
66 33 22.3214
70 33 22.3214
74 33 22.3214
150 33 28.6944
177 33 28.6944
212 33 40.1606
226 33 200
233 33 40.1606
16 34 18.2648
17 34 18.2648
45 34 22.3214
66 34 22.3214
74 34 22.3214
130 34 28.6944
159 34 22.3214
169 34 40.1606
177 34 28.6944
227 34 200
234 34 40.1606
17 35 22.3214
66 35 22.3214
74 35 22.3214
130 35 28.6944
152 35 28.6944
159 35 22.3214
169 35 40.1606
177 35 28.6944
228 35 200
235 35 40.1606
603 35 11.8203
628 35 13.3958
74 36 22.3214
88 36 22.3214
134 36 28.6944
151 36 28.6944
152 36 28.6944
159 36 22.3214
169 36 40.1606
177 36 28.6944
229 36 200
235 36 40.1606
236 36 40.1606
603 36 11.8203
7 37 18.2648
38 37 18.2648
39 37 18.2648
88 37 22.3214
152 37 28.6944
161 37 28.6944
162 37 28.6944
169 37 40.1606
177 37 28.6944
230 37 200
236 37 40.1606
31 38 18.2648
37 38 18.2648
38 38 18.2648
39 38 18.2648
67 38 22.3214
88 38 22.3214
96 38 22.3214
161 38 28.6944
177 38 28.6944
231 38 200
237 38 40.1606
502 38 40.1606
12 39 18.2648
37 39 18.2648
38 39 18.2648
67 39 22.3214
96 39 22.3214
98 39 22.3214
177 39 28.6944
232 39 200
238 39 40.1606
501 39 40.1606
630 39 13.3958
12 40 18.2648
37 40 18.2648
67 40 22.3214
75 40 22.3214
88 40 22.3214
96 40 22.3214
98 40 22.3214
166 40 28.6944
232 40 200
233 40 200
239 40 40.1606
501 40 40.1606
580 40 11.8203
11 41 18.2648
62 41 18.2648
67 41 22.3214
75 41 22.3214
88 41 22.3214
96 41 22.3214
98 41 22.3214
233 41 200
234 41 200
240 41 40.1606
469 41 66.8896
501 41 40.1606
610 41 22.3214
11 42 18.2648
75 42 22.3214
88 42 22.3214
96 42 22.3214
98 42 22.3214
209 42 28.6944
234 42 200
241 42 40.1606
630 42 13.3958
67 43 22.3214
75 43 22.3214
88 43 22.3214
96 43 22.3214
98 43 22.3214
170 43 28.6944
178 43 40.1606
235 43 200
242 43 40.1606
487 43 40.1606
613 43 13.3958
625 43 15.456
630 43 13.3958
67 44 22.3214
75 44 22.3214
88 44 22.3214
96 44 22.3214
98 44 22.3214
170 44 28.6944
171 44 28.6944
213 44 40.1606
236 44 200
243 44 40.1606
88 45 22.3214
96 45 22.3214
98 45 22.3214
170 45 28.6944
171 45 28.6944
174 45 22.3214
207 45 40.1606
213 45 40.1606
237 45 200
242 45 40.1606
244 45 40.1606
501 45 40.1606
58 46 18.2648
69 46 22.3214
88 46 22.3214
96 46 22.3214
98 46 22.3214
170 46 28.6944
171 46 28.6944
194 46 40.1606
226 46 28.6944
238 46 200
243 46 40.1606
245 46 40.1606
501 46 40.1606
630 46 13.3958
633 46 11.8203
69 47 22.3214
88 47 22.3214
96 47 22.3214
98 47 22.3214
170 47 28.6944
178 47 28.6944
220 47 40.1606
223 47 40.1606
226 47 28.6944
239 47 200
246 47 40.1606
496 47 40.1606
614 47 13.3958
630 47 13.3958
72 48 28.6944
80 48 22.3214
96 48 22.3214
98 48 22.3214
178 48 28.6944
193 48 40.1606
227 48 28.6944
240 48 200
615 48 13.3958
630 48 13.3958
72 49 28.6944
75 49 22.3214
80 49 22.3214
81 49 22.3214
96 49 22.3214
98 49 22.3214
178 49 28.6944
193 49 40.1606
241 49 200
465 49 66.8896
607 49 11.8203
630 49 13.3958
75 50 22.3214
76 50 22.3214
98 50 22.3214
178 50 28.6944
242 50 200
248 50 40.1606
572 50 13.3958
608 50 11.8203
616 50 13.3958
617 50 13.3958
630 50 13.3958
178 51 28.6944
244 51 40.1606
248 51 40.1606
581 51 11.8203
588 51 13.3958
608 51 11.8203
616 51 13.3958
617 51 13.3958
630 51 13.3958
114 52 28.6944
178 52 28.6944
186 52 28.6944
187 52 28.6944
245 52 40.1606
246 52 40.1606
247 52 40.1606
248 52 40.1606
492 52 40.1606
617 52 13.3958
630 52 13.3958
77 53 22.3214
78 53 22.3214
79 53 22.3214
114 53 28.6944
178 53 28.6944
187 53 28.6944
193 53 40.1606
242 53 40.1606
243 53 40.1606
246 53 40.1606
247 53 66.8896
248 53 66.8896
463 53 66.8896
492 53 40.1606
609 53 11.8203
617 53 13.3958
630 53 13.3958
77 54 22.3214
78 54 22.3214
79 54 22.3214
114 54 28.6944
119 54 28.6944
159 54 22.3214
178 54 28.6944
188 54 40.1606
193 54 40.1606
240 54 66.8896
241 54 66.8896
242 54 66.8896
245 54 66.8896
246 54 66.8896
492 54 40.1606
618 54 13.3958
622 54 11.8203
630 54 13.3958
33 55 18.2648
77 55 22.3214
118 55 28.6944
119 55 28.6944
159 55 22.3214
178 55 28.6944
188 55 40.1606
193 55 40.1606
240 55 66.8896
241 55 66.8896
492 55 40.1606
584 55 11.8203
618 55 13.3958
630 55 13.3958
77 56 22.3214
119 56 28.6944
159 56 22.3214
178 56 28.6944
188 56 40.1606
240 56 66.8896
630 56 13.3958
36 57 18.2648
37 57 18.2648
159 57 22.3214
178 57 28.6944
188 57 40.1606
240 57 66.8896
241 57 66.8896
630 57 13.3958
158 58 22.3214
159 58 22.3214
178 58 28.6944
188 58 40.1606
194 58 40.1606
240 58 66.8896
241 58 66.8896
630 58 13.3958
76 59 22.3214
158 59 22.3214
159 59 22.3214
178 59 28.6944
188 59 40.1606
194 59 40.1606
240 59 66.8896
241 59 66.8896
630 59 13.3958
33 60 18.2648
35 60 18.2648
159 60 22.3214
167 60 28.6944
168 60 28.6944
178 60 28.6944
188 60 40.1606
201 60 40.1606
203 60 40.1606
208 60 40.1606
240 60 66.8896
241 60 66.8896
487 60 66.8896
613 60 13.3958
618 60 13.3958
630 60 13.3958
5 61 13.3958
17 61 18.2648
19 61 18.2648
150 61 28.6944
151 61 28.6944
152 61 28.6944
155 61 28.6944
156 61 28.6944
157 61 28.6944
167 61 28.6944
168 61 28.6944
178 61 28.6944
188 61 40.1606
203 61 40.1606
240 61 66.8896
241 61 66.8896
459 61 66.8896
608 61 13.3958
610 61 13.3958
619 61 13.3958
630 61 13.3958
6 62 13.3958
10 62 18.2648
88 62 22.3214
133 62 28.6944
134 62 28.6944
149 62 28.6944
150 62 28.6944
151 62 28.6944
178 62 28.6944
188 62 40.1606
203 62 40.1606
240 62 66.8896
241 62 66.8896
459 62 66.8896
610 62 13.3958
611 62 13.3958
619 62 13.3958
630 62 13.3958
89 63 22.3214
134 63 28.6944
149 63 28.6944
150 63 28.6944
178 63 28.6944
203 63 40.1606
240 63 66.8896
241 63 66.8896
619 63 13.3958
630 63 13.3958
89 64 22.3214
149 64 28.6944
178 64 28.6944
241 64 66.8896
619 64 13.3958
623 64 11.8203
630 64 13.3958
7 65 11.8203
89 65 22.3214
149 65 28.6944
178 65 28.6944
246 65 40.1606
590 65 13.3958
630 65 13.3958
631 65 13.3958
89 66 22.3214
90 66 22.3214
92 66 22.3214
178 66 28.6944
199 66 40.1606
247 66 40.1606
459 66 66.8896
631 66 13.3958
7 67 11.8203
10 67 13.3958
89 67 22.3214
90 67 22.3214
92 67 22.3214
135 67 28.6944
178 67 28.6944
199 67 40.1606
248 67 40.1606
249 67 40.1606
631 67 13.3958
10 68 13.3958
11 68 13.3958
91 68 22.3214
92 68 22.3214
102 68 28.6944
135 68 28.6944
178 68 28.6944
205 68 40.1606
206 68 40.1606
617 68 13.3958
623 68 11.8203
631 68 13.3958
10 69 13.3958
11 69 13.3958
91 69 22.3214
92 69 22.3214
94 69 22.3214
97 69 22.3214
102 69 28.6944
103 69 28.6944
135 69 28.6944
141 69 22.3214
178 69 28.6944
205 69 40.1606
206 69 40.1606
251 69 40.1606
593 69 13.3958
619 69 13.3958
620 69 13.3958
623 69 11.8203
624 69 11.8203
631 69 13.3958
7 70 13.3958
11 70 13.3958
76 70 22.3214
91 70 28.6944
92 70 28.6944
97 70 22.3214
102 70 28.6944
103 70 28.6944
135 70 28.6944
141 70 22.3214
149 70 28.6944
206 70 40.1606
252 70 66.8896
593 70 13.3958
620 70 13.3958
624 70 11.8203
7 71 13.3958
76 71 22.3214
91 71 28.6944
92 71 28.6944
97 71 22.3214
135 71 28.6944
149 71 28.6944
178 71 28.6944
179 71 28.6944
206 71 40.1606
246 71 200
251 71 66.8896
497 71 40.1606
624 71 11.8203
7 72 13.3958
12 72 13.3958
91 72 28.6944
92 72 28.6944
97 72 22.3214
113 72 28.6944
135 72 28.6944
149 72 28.6944
150 72 28.6944
251 72 66.8896
497 72 40.1606
621 72 13.3958
624 72 11.8203
7 73 13.3958
12 73 13.3958
91 73 28.6944
92 73 28.6944
97 73 22.3214
114 73 28.6944
135 73 28.6944
150 73 28.6944
497 73 40.1606
613 73 13.3958
616 73 11.8203
617 73 11.8203
621 73 13.3958
624 73 11.8203
7 74 13.3958
12 74 13.3958
92 74 28.6944
97 74 22.3214
135 74 28.6944
178 74 28.6944
459 74 66.8896
613 74 13.3958
614 74 13.3958
617 74 11.8203
621 74 13.3958
625 74 11.8203
13 75 15.456
58 75 22.3214
59 75 22.3214
60 75 22.3214
61 75 22.3214
65 75 22.3214
91 75 22.3214
92 75 22.3214
121 75 28.6944
122 75 28.6944
135 75 28.6944
149 75 28.6944
150 75 28.6944
179 75 28.6944
222 75 40.1606
614 75 13.3958
621 75 13.3958
625 75 11.8203
13 76 15.456
48 76 13.3958
49 76 13.3958
92 76 22.3214
121 76 28.6944
122 76 28.6944
135 76 28.6944
160 76 28.6944
179 76 28.6944
212 76 40.1606
622 76 13.3958
625 76 11.8203
47 77 13.3958
92 77 22.3214
135 77 28.6944
150 77 28.6944
179 77 28.6944
212 77 40.1606
231 77 28.6944
622 77 13.3958
8 78 13.3958
47 78 13.3958
48 78 13.3958
52 78 13.3958
56 78 13.3958
92 78 22.3214
99 78 22.3214
135 78 28.6944
150 78 28.6944
179 78 28.6944
200 78 40.1606
201 78 40.1606
228 78 40.1606
231 78 28.6944
594 78 11.8203
619 78 11.8203
622 78 13.3958
8 79 13.3958
10 79 13.3958
45 79 13.3958
47 79 13.3958
48 79 13.3958
56 79 13.3958
92 79 22.3214
135 79 28.6944
150 79 28.6944
179 79 28.6944
199 79 40.1606
200 79 40.1606
228 79 40.1606
231 79 28.6944
622 79 13.3958
626 79 11.8203
8 80 13.3958
10 80 13.3958
52 80 13.3958
56 80 13.3958
92 80 22.3214
99 80 22.3214
144 80 28.6944
150 80 28.6944
179 80 28.6944
199 80 40.1606
228 80 40.1606
622 80 13.3958
623 80 13.3958
8 81 13.3958
10 81 13.3958
52 81 13.3958
56 81 13.3958
92 81 22.3214
99 81 22.3214
144 81 28.6944
150 81 28.6944
171 81 40.1606
179 81 28.6944
239 81 40.1606
240 81 40.1606
595 81 11.8203
623 81 13.3958
8 82 13.3958
10 82 13.3958
22 82 18.2648
52 82 13.3958
56 82 13.3958
92 82 22.3214
134 82 28.6944
144 82 28.6944
171 82 40.1606
175 82 22.3214
179 82 28.6944
214 82 40.1606
239 82 40.1606
589 82 13.3958
590 82 13.3958
596 82 11.8203
621 82 13.3958
8 83 13.3958
10 83 13.3958
43 83 15.456
56 83 13.3958
57 83 13.3958
92 83 22.3214
144 83 28.6944
150 83 28.6944
170 83 40.1606
171 83 40.1606
179 83 28.6944
214 83 40.1606
590 83 13.3958
617 83 13.3958
8 84 13.3958
19 84 18.2648
42 84 13.3958
56 84 13.3958
57 84 13.3958
92 84 22.3214
171 84 40.1606
179 84 28.6944
600 84 11.8203
8 85 13.3958
57 85 13.3958
92 85 22.3214
171 85 40.1606
179 85 28.6944
241 85 40.1606
284 85 66.8896
285 85 66.8896
432 85 200
601 85 11.8203
8 86 13.3958
19 86 18.2648
39 86 13.3958
40 86 13.3958
57 86 13.3958
92 86 22.3214
179 86 28.6944
285 86 66.8896
431 86 200
432 86 200
607 86 13.3958
619 86 13.3958
8 87 13.3958
10 87 13.3958
19 87 18.2648
39 87 13.3958
48 87 15.456
49 87 15.456
92 87 22.3214
145 87 28.6944
179 87 28.6944
239 87 40.1606
285 87 66.8896
286 87 66.8896
431 87 200
450 87 40.1606
8 88 13.3958
10 88 13.3958
18 88 18.2648
92 88 22.3214
171 88 40.1606
179 88 28.6944
197 88 40.1606
238 88 66.8896
239 88 66.8896
285 88 66.8896
286 88 66.8896
442 88 200
443 88 200
488 88 40.1606
620 88 13.3958
624 88 11.8203
8 89 13.3958
10 89 13.3958
18 89 18.2648
46 89 15.456
92 89 22.3214
179 89 28.6944
195 89 40.1606
238 89 66.8896
244 89 22.3214
286 89 66.8896
287 89 66.8896
432 89 200
442 89 200
591 89 13.3958
592 89 13.3958
609 89 13.3958
8 90 13.3958
10 90 13.3958
18 90 18.2648
33 90 22.3214
42 90 15.456
45 90 15.456
162 90 22.3214
179 90 28.6944
195 90 40.1606
238 90 66.8896
244 90 22.3214
286 90 66.8896
287 90 66.8896
8 91 13.3958
10 91 13.3958
18 91 18.2648
33 91 22.3214
41 91 15.456
159 91 22.3214
171 91 40.1606
179 91 28.6944
197 91 40.1606
244 91 22.3214
287 91 66.8896
503 91 40.1606
515 91 18.2648
593 91 13.3958
8 92 13.3958
10 92 13.3958
18 92 18.2648
31 92 22.3214
40 92 15.456
154 92 28.6944
159 92 22.3214
160 92 22.3214
171 92 40.1606
179 92 28.6944
238 92 40.1606
244 92 22.3214
287 92 66.8896
288 92 66.8896
308 92 13.3958
502 92 40.1606
577 92 13.3958
598 92 13.3958
602 92 11.8203
623 92 13.3958
10 93 13.3958
18 93 18.2648
160 93 22.3214
167 93 28.6944
179 93 28.6944
231 93 200
235 93 66.8896
238 93 40.1606
257 93 66.8896
271 93 66.8896
272 93 66.8896
288 93 66.8896
308 93 13.3958
502 93 40.1606
599 93 13.3958
623 93 13.3958
18 94 18.2648
38 94 15.456
89 94 22.3214
90 94 22.3214
100 94 22.3214
179 94 28.6944
235 94 66.8896
238 94 40.1606
271 94 66.8896
272 94 66.8896
288 94 66.8896
289 94 66.8896
308 94 13.3958
309 94 13.3958
502 94 40.1606
624 94 13.3958
9 95 13.3958
18 95 18.2648
32 95 18.2648
90 95 22.3214
98 95 22.3214
100 95 22.3214
179 95 28.6944
188 95 28.6944
195 95 40.1606
271 95 66.8896
288 95 66.8896
289 95 66.8896
309 95 13.3958
624 95 13.3958
9 96 13.3958
11 96 13.3958
18 96 18.2648
32 96 18.2648
47 96 22.3214
69 96 22.3214
90 96 22.3214
179 96 28.6944
180 96 28.6944
188 96 28.6944
195 96 40.1606
271 96 66.8896
289 96 66.8896
309 96 13.3958
502 96 40.1606
624 96 13.3958
18 97 18.2648
32 97 18.2648
47 97 22.3214
69 97 22.3214
90 97 22.3214
172 97 28.6944
173 97 28.6944
179 97 28.6944
195 97 40.1606
271 97 66.8896
289 97 66.8896
290 97 66.8896
309 97 13.3958
502 97 40.1606
615 97 13.3958
624 97 13.3958
18 98 18.2648
32 98 18.2648
69 98 22.3214
76 98 22.3214
77 98 22.3214
100 98 28.6944
172 98 28.6944
173 98 28.6944
179 98 28.6944
180 98 28.6944
195 98 40.1606
209 98 40.1606
271 98 66.8896
290 98 66.8896
310 98 13.3958
604 98 11.8203
605 98 11.8203
10 99 13.3958
18 99 18.2648
32 99 18.2648
69 99 22.3214
76 99 22.3214
77 99 22.3214
100 99 22.3214
172 99 28.6944
179 99 28.6944
195 99 40.1606
209 99 40.1606
291 99 66.8896
300 99 22.3214
310 99 13.3958
311 99 13.3958
599 99 13.3958
605 99 11.8203
3 100 15.456
18 100 18.2648
32 100 18.2648
69 100 22.3214
76 100 22.3214
90 100 22.3214
172 100 28.6944
179 100 28.6944
195 100 40.1606
202 100 40.1606
291 100 66.8896
300 100 22.3214
617 100 13.3958
3 101 15.456
11 101 13.3958
19 101 18.2648
32 101 18.2648
38 101 15.456
69 101 22.3214
76 101 22.3214
77 101 22.3214
90 101 22.3214
98 101 22.3214
195 101 40.1606
204 101 40.1606
205 101 40.1606
291 101 66.8896
292 101 66.8896
300 101 22.3214
306 101 200
310 101 200
605 101 13.3958
11 102 13.3958
19 102 18.2648
32 102 18.2648
69 102 22.3214
72 102 22.3214
77 102 22.3214
90 102 22.3214
98 102 22.3214
100 102 22.3214
180 102 40.1606
195 102 40.1606
204 102 40.1606
205 102 40.1606
271 102 66.8896
272 102 66.8896
291 102 66.8896
292 102 66.8896
295 102 40.1606
296 102 40.1606
310 102 200
311 102 200
594 102 13.3958
595 102 13.3958
11 103 13.3958
13 103 13.3958
69 103 22.3214
72 103 22.3214
77 103 22.3214
98 103 22.3214
100 103 22.3214
180 103 40.1606
205 103 40.1606
291 103 66.8896
292 103 66.8896
295 103 40.1606
296 103 40.1606
301 103 40.1606
311 103 200
596 103 13.3958
3 104 13.3958
69 104 22.3214
72 104 22.3214
77 104 22.3214
98 104 22.3214
100 104 22.3214
190 104 40.1606
205 104 40.1606
253 104 66.8896
291 104 66.8896
301 104 200
304 104 66.8896
3 105 15.456
12 105 13.3958
21 105 18.2648
32 105 15.456
69 105 22.3214
72 105 22.3214
77 105 22.3214
98 105 22.3214
100 105 22.3214
160 105 22.3214
180 105 40.1606
190 105 40.1606
205 105 40.1606
252 105 66.8896
296 105 40.1606
301 105 200
304 105 66.8896
625 105 13.3958
12 106 13.3958
19 106 18.2648
30 106 18.2648
32 106 15.456
34 106 15.456
72 106 22.3214
98 106 22.3214
100 106 22.3214
160 106 22.3214
205 106 40.1606
301 106 200
625 106 13.3958
19 107 18.2648
33 107 15.456
34 107 15.456
39 107 22.3214
70 107 22.3214
78 107 22.3214
98 107 22.3214
100 107 22.3214
180 107 40.1606
205 107 40.1606
289 107 66.8896
312 107 200
314 107 200
620 107 13.3958
18 108 18.2648
19 108 18.2648
33 108 15.456
34 108 15.456
40 108 22.3214
98 108 22.3214
100 108 22.3214
180 108 28.6944
246 108 66.8896
289 108 66.8896
621 108 13.3958
626 108 13.3958
9 109 13.3958
12 109 13.3958
18 109 18.2648
19 109 18.2648
33 109 15.456
98 109 22.3214
100 109 22.3214
134 109 28.6944
160 109 22.3214
180 109 28.6944
245 109 66.8896
289 109 66.8896
600 109 13.3958
605 109 11.8203
609 109 13.3958
12 110 13.3958
18 110 18.2648
19 110 18.2648
52 110 15.456
53 110 15.456
98 110 22.3214
100 110 22.3214
159 110 22.3214
160 110 22.3214
180 110 28.6944
317 110 66.8896
318 110 66.8896
601 110 13.3958
610 110 13.3958
622 110 13.3958
30 111 15.456
43 111 22.3214
90 111 22.3214
98 111 22.3214
159 111 22.3214
160 111 22.3214
163 111 22.3214
180 111 28.6944
18 112 18.2648
19 112 18.2648
46 112 15.456
90 112 22.3214
98 112 22.3214
100 112 22.3214
116 112 28.6944
159 112 22.3214
160 112 22.3214
180 112 28.6944
223 112 40.1606
623 112 13.3958
19 113 18.2648
20 113 18.2648
49 113 15.456
91 113 22.3214
98 113 22.3214
99 113 22.3214
100 113 22.3214
116 113 28.6944
118 113 28.6944
121 113 28.6944
160 113 22.3214
169 113 28.6944
180 113 28.6944
223 113 40.1606
250 113 40.1606
623 113 13.3958
624 113 13.3958
19 114 18.2648
115 114 28.6944
116 114 28.6944
120 114 28.6944
121 114 28.6944
151 114 28.6944
152 114 28.6944
180 114 28.6944
223 114 40.1606
227 114 40.1606
229 114 40.1606
298 114 200
603 114 13.3958
611 114 13.3958
630 114 13.3958
16 115 13.3958
19 115 18.2648
80 115 15.456
116 115 28.6944
120 115 28.6944
121 115 28.6944
151 115 28.6944
180 115 28.6944
183 115 28.6944
223 115 40.1606
227 115 40.1606
229 115 40.1606
604 115 13.3958
612 115 13.3958
624 115 13.3958
9 116 13.3958
15 116 13.3958
19 116 18.2648
121 116 28.6944
151 116 28.6944
180 116 28.6944
223 116 40.1606
239 116 66.8896
281 116 22.3214
584 116 11.8203
612 116 13.3958
624 116 13.3958
12 117 13.3958
19 117 18.2648
71 117 22.3214
121 117 28.6944
151 117 28.6944
180 117 28.6944
223 117 40.1606
257 117 66.8896
272 117 66.8896
298 117 200
315 117 15.456
613 117 13.3958
624 117 13.3958
5 118 13.3958
19 118 18.2648
31 118 15.456
33 118 15.456
44 118 15.456
47 118 15.456
70 118 22.3214
121 118 28.6944
135 118 28.6944
151 118 28.6944
180 118 28.6944
202 118 40.1606
213 118 40.1606
244 118 66.8896
272 118 66.8896
298 118 200
458 118 40.1606
613 118 13.3958
624 118 13.3958
19 119 18.2648
20 119 18.2648
44 119 15.456
47 119 15.456
86 119 15.456
135 119 28.6944
180 119 28.6944
244 119 66.8896
272 119 66.8896
298 119 200
328 119 200
607 119 13.3958
613 119 13.3958
4 120 13.3958
7 120 13.3958
20 120 22.3214
34 120 15.456
86 120 15.456
135 120 28.6944
180 120 28.6944
215 120 40.1606
239 120 200
244 120 66.8896
272 120 66.8896
298 120 200
328 120 200
329 120 200
458 120 40.1606
608 120 13.3958
6 121 13.3958
12 121 15.456
35 121 15.456
137 121 28.6944
180 121 28.6944
202 121 40.1606
215 121 40.1606
239 121 200
241 121 200
244 121 66.8896
272 121 66.8896
298 121 200
329 121 200
458 121 40.1606
608 121 13.3958
11 122 15.456
12 122 15.456
137 122 28.6944
151 122 28.6944
180 122 28.6944
241 122 200
244 122 66.8896
272 122 66.8896
298 122 200
317 122 66.8896
330 122 200
609 122 13.3958
3 123 13.3958
4 123 13.3958
11 123 15.456
12 123 15.456
42 123 15.456
45 123 15.456
137 123 28.6944
151 123 28.6944
180 123 28.6944
181 123 28.6944
223 123 40.1606
272 123 66.8896
298 123 200
317 123 66.8896
330 123 200
5 124 13.3958
11 124 15.456
44 124 15.456
45 124 15.456
65 124 15.456
98 124 15.456
137 124 28.6944
151 124 28.6944
180 124 28.6944
181 124 28.6944
223 124 40.1606
272 124 66.8896
290 124 66.8896
293 124 40.1606
331 124 200
5 125 13.3958
16 125 18.2648
44 125 15.456
64 125 15.456
137 125 28.6944
151 125 28.6944
181 125 40.1606
224 125 40.1606
289 125 66.8896
290 125 66.8896
610 125 13.3958
5 126 13.3958
6 126 13.3958
10 126 15.456
43 126 15.456
44 126 15.456
137 126 28.6944
151 126 28.6944
180 126 40.1606
225 126 40.1606
258 126 66.8896
272 126 66.8896
332 126 200
336 126 200
610 126 13.3958
611 126 13.3958
5 127 13.3958
43 127 15.456
77 127 15.456
99 127 15.456
137 127 28.6944
272 127 66.8896
337 127 200
413 127 200
624 127 13.3958
5 128 13.3958
8 128 15.456
39 128 15.456
42 128 15.456
43 128 15.456
77 128 22.3214
78 128 22.3214
91 128 22.3214
137 128 28.6944
152 128 28.6944
333 128 200
624 128 13.3958
5 129 13.3958
39 129 15.456
42 129 15.456
79 129 22.3214
80 129 22.3214
81 129 22.3214
137 129 28.6944
152 129 28.6944
333 129 200
624 129 13.3958
5 130 13.3958
14 130 15.456
39 130 15.456
42 130 15.456
78 130 22.3214
79 130 22.3214
80 130 22.3214
137 130 28.6944
152 130 28.6944
170 130 28.6944
173 130 40.1606
298 130 200
318 130 13.3958
333 130 200
344 130 200
624 130 13.3958
5 131 15.456
38 131 15.456
39 131 15.456
45 131 15.456
46 131 15.456
79 131 22.3214
119 131 28.6944
137 131 28.6944
152 131 28.6944
170 131 28.6944
172 131 28.6944
196 131 40.1606
197 131 40.1606
298 131 200
315 131 15.456
334 131 200
344 131 200
624 131 13.3958
38 132 15.456
43 132 15.456
44 132 15.456
104 132 28.6944
137 132 28.6944
146 132 28.6944
152 132 28.6944
168 132 28.6944
172 132 28.6944
196 132 40.1606
298 132 200
312 132 18.2648
334 132 200
345 132 200
624 132 13.3958
5 133 15.456
37 133 15.456
38 133 15.456
41 133 15.456
42 133 15.456
59 133 15.456
98 133 22.3214
137 133 28.6944
152 133 28.6944
168 133 28.6944
196 133 40.1606
298 133 200
335 133 200
345 133 200
11 134 15.456
37 134 15.456
40 134 15.456
41 134 15.456
58 134 15.456
95 134 22.3214
98 134 22.3214
105 134 15.456
123 134 28.6944
124 134 28.6944
137 134 28.6944
152 134 28.6944
168 134 28.6944
181 134 28.6944
196 134 40.1606
298 134 200
300 134 200
345 134 200
36 135 15.456
37 135 15.456
40 135 15.456
53 135 15.456
56 135 15.456
63 135 15.456
73 135 15.456
95 135 22.3214
105 135 15.456
123 135 28.6944
124 135 28.6944
137 135 28.6944
152 135 28.6944
168 135 28.6944
181 135 28.6944
196 135 40.1606
298 135 200
316 135 15.456
339 135 66.8896
346 135 200
412 135 200
607 135 13.3958
35 136 15.456
36 136 15.456
39 136 15.456
55 136 15.456
62 136 15.456
94 136 22.3214
95 136 22.3214
100 136 28.6944
145 136 28.6944
146 136 28.6944
152 136 28.6944
168 136 28.6944
181 136 28.6944
298 136 66.8896
300 136 66.8896
316 136 15.456
336 136 200
346 136 200
411 136 200
621 136 13.3958
10 137 15.456
11 137 15.456
34 137 15.456
35 137 15.456
38 137 15.456
39 137 15.456
52 137 15.456
54 137 15.456
94 137 22.3214
100 137 28.6944
145 137 28.6944
146 137 28.6944
168 137 28.6944
181 137 28.6944
196 137 40.1606
210 137 40.1606
254 137 66.8896
300 137 200
336 137 200
346 137 200
410 137 200
622 137 13.3958
3 138 13.3958
9 138 15.456
10 138 15.456
11 138 15.456
34 138 15.456
38 138 15.456
52 138 15.456
100 138 28.6944
168 138 28.6944
181 138 28.6944
190 138 40.1606
196 138 40.1606
210 138 40.1606
253 138 66.8896
300 138 66.8896
336 138 200
403 138 200
429 138 66.8896
608 138 13.3958
615 138 13.3958
622 138 13.3958
8 139 15.456
9 139 15.456
34 139 15.456
37 139 15.456
38 139 15.456
51 139 15.456
52 139 15.456
71 139 15.456
72 139 15.456
100 139 28.6944
163 139 28.6944
168 139 28.6944
181 139 28.6944
190 139 40.1606
191 139 40.1606
196 139 40.1606
214 139 40.1606
298 139 66.8896
336 139 200
349 139 200
403 139 200
424 139 200
619 139 11.8203
622 139 13.3958
7 140 15.456
8 140 15.456
33 140 15.456
34 140 15.456
37 140 15.456
50 140 15.456
51 140 15.456
63 140 15.456
64 140 15.456
65 140 15.456
94 140 22.3214
100 140 28.6944
147 140 28.6944
163 140 28.6944
168 140 28.6944
181 140 28.6944
191 140 40.1606
196 140 40.1606
258 140 66.8896
273 140 66.8896
335 140 200
350 140 200
622 140 13.3958
7 141 15.456
8 141 15.456
33 141 15.456
37 141 15.456
50 141 15.456
61 141 15.456
62 141 15.456
100 141 28.6944
147 141 28.6944
163 141 28.6944
181 141 28.6944
191 141 40.1606
196 141 40.1606
206 141 40.1606
210 141 22.3214
258 141 66.8896
272 141 66.8896
273 141 66.8896
335 141 200
622 141 13.3958
6 142 15.456
7 142 15.456
32 142 15.456
37 142 15.456
40 142 18.2648
59 142 15.456
60 142 15.456
163 142 28.6944
181 142 28.6944
191 142 40.1606
206 142 40.1606
246 142 66.8896
247 142 66.8896
258 142 66.8896
272 142 66.8896
273 142 66.8896
292 142 66.8896
335 142 200
351 142 200
399 142 200
3 143 15.456
5 143 15.456
6 143 15.456
32 143 15.456
37 143 15.456
55 143 13.3958
56 143 13.3958
58 143 15.456
59 143 15.456
94 143 22.3214
95 143 22.3214
100 143 28.6944
163 143 28.6944
181 143 28.6944
191 143 40.1606
206 143 40.1606
246 143 66.8896
258 143 66.8896
272 143 66.8896
273 143 66.8896
335 143 200
352 143 200
399 143 200
409 143 200
413 143 200
505 143 40.1606
540 143 22.3214
5 144 15.456
6 144 15.456
32 144 15.456
37 144 15.456
50 144 15.456
51 144 15.456
52 144 15.456
94 144 22.3214
169 144 28.6944
181 144 28.6944
191 144 40.1606
258 144 66.8896
272 144 66.8896
273 144 66.8896
409 144 200
412 144 200
539 144 22.3214
623 144 13.3958
5 145 15.456
6 145 15.456
49 145 15.456
50 145 15.456
94 145 22.3214
100 145 28.6944
169 145 28.6944
181 145 28.6944
191 145 40.1606
273 145 66.8896
300 145 66.8896
342 145 6.48298
355 145 200
623 145 13.3958
630 145 13.3958
6 146 15.456
7 146 15.456
90 146 15.456
94 146 22.3214
181 146 40.1606
182 146 40.1606
191 146 40.1606
273 146 66.8896
299 146 66.8896
300 146 66.8896
312 146 18.2648
316 146 15.456
356 146 200
405 146 200
623 146 13.3958
7 147 15.456
14 147 18.2648
91 147 15.456
94 147 22.3214
160 147 22.3214
161 147 22.3214
175 147 28.6944
191 147 40.1606
244 147 28.6944
273 147 66.8896
300 147 66.8896
8 148 15.456
14 148 18.2648
29 148 15.456
30 148 15.456
94 148 22.3214
134 148 28.6944
160 148 22.3214
161 148 22.3214
175 148 28.6944
181 148 40.1606
182 148 40.1606
191 148 40.1606
240 148 66.8896
273 148 66.8896
299 148 66.8896
300 148 66.8896
316 148 15.456
358 148 200
7 149 15.456
8 149 15.456
27 149 15.456
28 149 15.456
94 149 22.3214
160 149 22.3214
161 149 22.3214
177 149 28.6944
182 149 40.1606
230 149 40.1606
273 149 66.8896
299 149 66.8896
300 149 66.8896
316 149 15.456
358 149 200
8 150 15.456
26 150 15.456
27 150 15.456
94 150 22.3214
101 150 22.3214
161 150 22.3214
174 150 28.6944
230 150 40.1606
273 150 66.8896
299 150 200
300 150 200
316 150 15.456
358 150 200
392 150 200
628 150 13.3958
25 151 15.456
94 151 22.3214
161 151 22.3214
174 151 28.6944
201 151 28.6944
273 151 66.8896
299 151 200
300 151 200
316 151 15.456
329 151 9.56938
358 151 200
628 151 13.3958
5 152 15.456
35 152 15.456
50 152 22.3214
51 152 22.3214
94 152 22.3214
161 152 22.3214
175 152 28.6944
182 152 40.1606
299 152 200
300 152 200
316 152 15.456
507 152 22.3214
628 152 13.3958
6 153 15.456
34 153 15.456
50 153 22.3214
51 153 22.3214
94 153 22.3214
161 153 22.3214
175 153 28.6944
197 153 40.1606
240 153 66.8896
299 153 200
300 153 200
316 153 15.456
363 153 200
628 153 13.3958
9 154 15.456
94 154 22.3214
101 154 28.6944
240 154 66.8896
299 154 200
300 154 200
342 154 200
363 154 200
32 155 15.456
37 155 15.456
38 155 15.456
94 155 22.3214
95 155 22.3214
299 155 200
300 155 200
330 155 200
342 155 200
363 155 200
617 155 13.3958
618 155 13.3958
14 156 15.456
15 156 15.456
37 156 15.456
94 156 22.3214
102 156 22.3214
207 156 40.1606
298 156 200
299 156 200
317 156 200
323 156 40.1606
330 156 200
14 157 15.456
15 157 15.456
36 157 15.456
101 157 22.3214
102 157 22.3214
292 157 66.8896
323 157 40.1606
330 157 200
13 158 15.456
14 158 15.456
15 158 15.456
94 158 28.6944
102 158 22.3214
291 158 66.8896
292 158 66.8896
345 158 200
353 158 200
376 158 200
619 158 13.3958
620 158 13.3958
13 159 15.456
14 159 15.456
26 159 15.456
101 159 22.3214
102 159 22.3214
216 159 40.1606
292 159 66.8896
513 159 22.3214
620 159 13.3958
13 160 15.456
25 160 15.456
92 160 22.3214
94 160 22.3214
101 160 22.3214
102 160 22.3214
161 160 22.3214
216 160 40.1606
345 160 200
353 160 200
365 160 200
382 160 200
620 160 13.3958
12 161 15.456
13 161 15.456
23 161 15.456
92 161 22.3214
161 161 22.3214
216 161 40.1606
316 161 15.456
326 161 66.8896
382 161 200
11 162 15.456
12 162 15.456
22 162 15.456
23 162 15.456
92 162 22.3214
299 162 200
508 162 28.6944
10 163 15.456
11 163 15.456
21 163 15.456
22 163 15.456
92 163 22.3214
103 163 28.6944
182 163 28.6944
299 163 200
634 163 13.3958
10 164 15.456
21 164 15.456
49 164 22.3214
174 164 28.6944
182 164 28.6944
258 164 66.8896
259 164 66.8896
273 164 66.8896
274 164 66.8896
299 164 200
621 164 13.3958
9 165 15.456
10 165 15.456
21 165 15.456
23 165 18.2648
24 165 18.2648
49 165 22.3214
136 165 28.6944
159 165 28.6944
160 165 28.6944
163 165 18.2648
273 165 66.8896
299 165 200
9 166 15.456
10 166 15.456
21 166 15.456
23 166 18.2648
24 166 18.2648
49 166 22.3214
102 166 22.3214
136 166 28.6944
159 166 28.6944
160 166 28.6944
273 166 66.8896
299 166 200
354 166 200
487 166 40.1606
9 167 15.456
10 167 15.456
20 167 15.456
23 167 18.2648
27 167 22.3214
49 167 22.3214
72 167 22.3214
101 167 22.3214
102 167 22.3214
153 167 28.6944
180 167 28.6944
273 167 66.8896
299 167 200
343 167 200
354 167 200
487 167 40.1606
621 167 13.3958
9 168 15.456
20 168 15.456
23 168 18.2648
43 168 22.3214
72 168 22.3214
79 168 22.3214
101 168 22.3214
102 168 22.3214
152 168 28.6944
153 168 28.6944
208 168 28.6944
273 168 66.8896
299 168 200
330 168 200
343 168 200
354 168 200
362 168 15.456
486 168 40.1606
487 168 40.1606
513 168 22.3214
620 168 13.3958
8 169 15.456
9 169 15.456
19 169 15.456
20 169 15.456
23 169 18.2648
43 169 22.3214
72 169 22.3214
79 169 22.3214
101 169 28.6944
102 169 28.6944
152 169 28.6944
153 169 28.6944
162 169 22.3214
208 169 28.6944
273 169 66.8896
299 169 200
343 169 200
354 169 200
362 169 15.456
510 169 28.6944
620 169 13.3958
8 170 15.456
18 170 15.456
19 170 15.456
23 170 18.2648
43 170 22.3214
72 170 22.3214
79 170 22.3214
101 170 28.6944
102 170 28.6944
153 170 28.6944
273 170 66.8896
299 170 200
317 170 15.456
343 170 200
346 170 66.8896
509 170 28.6944
8 171 15.456
17 171 15.456
18 171 15.456
23 171 18.2648
43 171 22.3214
72 171 22.3214
79 171 22.3214
101 171 28.6944
102 171 28.6944
273 171 66.8896
299 171 200
301 171 200
343 171 200
508 171 28.6944
620 171 13.3958
8 172 15.456
17 172 15.456
18 172 15.456
23 172 18.2648
43 172 22.3214
72 172 22.3214
79 172 22.3214
101 172 28.6944
102 172 28.6944
118 172 28.6944
152 172 28.6944
176 172 22.3214
273 172 66.8896
299 172 200
301 172 200
343 172 200
361 172 200
619 172 13.3958
620 172 13.3958
8 173 15.456
17 173 15.456
23 173 18.2648
43 173 22.3214
72 173 22.3214
80 173 22.3214
101 173 28.6944
118 173 28.6944
120 173 28.6944
122 173 28.6944
123 173 28.6944
124 173 28.6944
152 173 28.6944
161 173 22.3214
171 173 22.3214
177 173 22.3214
259 173 66.8896
273 173 66.8896
274 173 66.8896
298 173 200
299 173 200
317 173 200
326 173 28.6944
540 173 18.2648
541 173 18.2648
626 173 13.3958
7 174 15.456
8 174 15.456
16 174 15.456
17 174 15.456
23 174 18.2648
43 174 22.3214
72 174 22.3214
80 174 22.3214
101 174 28.6944
118 174 28.6944
122 174 28.6944
123 174 28.6944
161 174 22.3214
292 174 66.8896
354 174 200
505 174 40.1606
626 174 13.3958
7 175 15.456
16 175 15.456
17 175 15.456
23 175 18.2648
43 175 22.3214
72 175 22.3214
80 175 22.3214
101 175 28.6944
123 175 28.6944
153 175 28.6944
162 175 22.3214
178 175 22.3214
292 175 66.8896
354 175 200
505 175 40.1606
619 175 13.3958
626 175 13.3958
7 176 15.456
16 176 15.456
23 176 18.2648
43 176 22.3214
80 176 22.3214
101 176 28.6944
102 176 28.6944
152 176 28.6944
153 176 28.6944
292 176 66.8896
343 176 200
626 176 13.3958
6 177 15.456
7 177 15.456
16 177 15.456
23 177 18.2648
43 177 22.3214
73 177 22.3214
80 177 22.3214
101 177 28.6944
102 177 28.6944
152 177 28.6944
153 177 28.6944
200 177 28.6944
206 177 28.6944
248 177 40.1606
316 177 15.456
626 177 13.3958
6 178 15.456
15 178 15.456
23 178 18.2648
43 178 22.3214
73 178 22.3214
80 178 22.3214
102 178 28.6944
162 178 22.3214
168 178 22.3214
178 178 22.3214
301 178 66.8896
505 178 40.1606
619 178 13.3958
626 178 13.3958
6 179 15.456
15 179 15.456
23 179 18.2648
43 179 22.3214
80 179 22.3214
93 179 22.3214
162 179 22.3214
168 179 22.3214
177 179 22.3214
202 179 28.6944
299 179 66.8896
300 179 66.8896
301 179 66.8896
338 179 200
505 179 40.1606
619 179 13.3958
6 180 15.456
7 180 15.456
15 180 15.456
23 180 18.2648
27 180 22.3214
43 180 22.3214
44 180 22.3214
80 180 22.3214
103 180 28.6944
168 180 22.3214
176 180 22.3214
177 180 22.3214
183 180 40.1606
242 180 66.8896
301 180 66.8896
330 180 200
331 180 200
338 180 200
343 180 22.3214
383 180 6.93001
424 180 6.09013
505 180 40.1606
619 180 13.3958
6 181 15.456
7 181 15.456
15 181 15.456
23 181 18.2648
43 181 22.3214
44 181 22.3214
80 181 22.3214
143 181 28.6944
168 181 22.3214
176 181 22.3214
180 181 22.3214
299 181 200
301 181 200
338 181 200
417 181 28.6944
619 181 13.3958
6 182 15.456
7 182 15.456
14 182 15.456
15 182 15.456
23 182 18.2648
24 182 18.2648
27 182 22.3214
28 182 22.3214
43 182 22.3214
44 182 22.3214
80 182 22.3214
143 182 28.6944
168 182 22.3214
180 182 22.3214
299 182 66.8896
301 182 66.8896
338 182 200
618 182 13.3958
619 182 13.3958
6 183 15.456
7 183 15.456
14 183 15.456
23 183 18.2648
24 183 18.2648
44 183 22.3214
80 183 22.3214
92 183 22.3214
143 183 28.6944
162 183 22.3214
299 183 200
301 183 200
317 183 15.456
368 183 200
378 183 28.6944
379 183 28.6944
404 183 200
405 183 200
413 183 40.1606
415 183 40.1606
416 183 28.6944
487 183 40.1606
618 183 13.3958
619 183 13.3958
6 184 15.456
7 184 15.456
14 184 15.456
23 184 18.2648
24 184 18.2648
74 184 22.3214
108 184 28.6944
109 184 28.6944
143 184 28.6944
162 184 22.3214
299 184 200
301 184 200
317 184 15.456
345 184 200
352 184 40.1606
368 184 200
376 184 40.1606
377 184 28.6944
378 184 28.6944
379 184 28.6944
413 184 40.1606
415 184 40.1606
423 184 18.2648
487 184 40.1606
618 184 13.3958
619 184 13.3958
6 185 15.456
13 185 15.456
14 185 15.456
18 185 18.2648
24 185 18.2648
74 185 22.3214
109 185 28.6944
143 185 28.6944
168 185 22.3214
299 185 66.8896
301 185 66.8896
317 185 15.456
345 185 200
368 185 200
618 185 13.3958
619 185 13.3958
6 186 15.456
13 186 15.456
14 186 15.456
18 186 18.2648
19 186 18.2648
74 186 22.3214
138 186 28.6944
143 186 28.6944
162 186 22.3214
168 186 22.3214
299 186 66.8896
301 186 66.8896
317 186 15.456
324 186 40.1606
415 186 40.1606
416 186 40.1606
427 186 40.1606
438 186 3.6543
460 186 66.8896
618 186 13.3958
619 186 13.3958
622 186 11.8203
625 186 13.3958
6 187 15.456
13 187 15.456
14 187 15.456
45 187 22.3214
59 187 18.2648
72 187 22.3214
138 187 28.6944
143 187 28.6944
162 187 22.3214
301 187 66.8896
317 187 15.456
324 187 40.1606
343 187 200
427 187 40.1606
460 187 66.8896
618 187 13.3958
619 187 13.3958
625 187 13.3958
5 188 15.456
6 188 15.456
13 188 15.456
14 188 15.456
72 188 22.3214
73 188 22.3214
76 188 22.3214
102 188 22.3214
138 188 28.6944
143 188 28.6944
162 188 22.3214
168 188 22.3214
274 188 66.8896
286 188 66.8896
301 188 66.8896
317 188 15.456
324 188 40.1606
351 188 200
354 188 40.1606
355 188 40.1606
419 188 200
423 188 40.1606
427 188 40.1606
505 188 40.1606
506 188 40.1606
618 188 13.3958
619 188 13.3958
625 188 13.3958
5 189 15.456
13 189 15.456
14 189 15.456
40 189 15.456
55 189 18.2648
76 189 22.3214
80 189 22.3214
81 189 22.3214
100 189 22.3214
101 189 22.3214
102 189 22.3214
142 189 28.6944
143 189 28.6944
162 189 22.3214
168 189 22.3214
235 189 28.6944
246 189 66.8896
273 189 66.8896
274 189 66.8896
301 189 66.8896
324 189 40.1606
338 189 200
343 189 200
354 189 40.1606
355 189 40.1606
378 189 10.5764
379 189 10.5764
419 189 200
427 189 40.1606
618 189 13.3958
625 189 13.3958
4 190 15.456
5 190 15.456
13 190 15.456
102 190 22.3214
121 190 28.6944
162 190 22.3214
246 190 66.8896
263 190 66.8896
268 190 66.8896
273 190 66.8896
274 190 66.8896
300 190 66.8896
301 190 66.8896
338 190 200
343 190 200
349 190 200
355 190 40.1606
369 190 200
376 190 40.1606
378 190 10.5764
379 190 10.5764
416 190 200
423 190 40.1606
427 190 40.1606
460 190 40.1606
618 190 13.3958
619 190 13.3958
625 190 13.3958
4 191 15.456
13 191 15.456
53 191 18.2648
70 191 22.3214
138 191 28.6944
162 191 22.3214
246 191 66.8896
263 191 66.8896
268 191 66.8896
274 191 66.8896
301 191 66.8896
338 191 200
341 191 66.8896
349 191 200
354 191 40.1606
355 191 40.1606
369 191 200
376 191 40.1606
378 191 10.5764
413 191 200
416 191 200
419 191 200
427 191 40.1606
460 191 40.1606
487 191 40.1606
618 191 13.3958
619 191 13.3958
625 191 13.3958
3 192 15.456
12 192 15.456
13 192 15.456
52 192 22.3214
70 192 22.3214
71 192 22.3214
82 192 22.3214
162 192 22.3214
174 192 28.6944
176 192 28.6944
263 192 66.8896
268 192 66.8896
274 192 66.8896
301 192 66.8896
338 192 200
341 192 66.8896
349 192 200
355 192 40.1606
376 192 40.1606
416 192 200
419 192 200
423 192 66.8896
427 192 40.1606
618 192 13.3958
625 192 13.3958
3 193 15.456
12 193 15.456
13 193 15.456
71 193 22.3214
81 193 22.3214
82 193 22.3214
126 193 28.6944
162 193 22.3214
174 193 28.6944
263 193 66.8896
268 193 66.8896
274 193 66.8896
301 193 66.8896
338 193 200
341 193 66.8896
349 193 200
355 193 40.1606
368 193 200
376 193 40.1606
378 193 28.6944
379 193 10.5764
419 193 200
427 193 40.1606
618 193 13.3958
625 193 13.3958
3 194 15.456
12 194 15.456
13 194 15.456
43 194 18.2648
81 194 22.3214
104 194 22.3214
125 194 28.6944
148 194 22.3214
149 194 22.3214
162 194 22.3214
178 194 28.6944
236 194 40.1606
263 194 66.8896
268 194 66.8896
274 194 66.8896
338 194 200
346 194 200
349 194 200
355 194 40.1606
368 194 200
372 194 66.8896
373 194 66.8896
427 194 40.1606
452 194 66.8896
487 194 40.1606
489 194 40.1606
618 194 13.3958
625 194 13.3958
3 195 15.456
12 195 15.456
13 195 15.456
68 195 22.3214
149 195 22.3214
162 195 22.3214
177 195 28.6944
178 195 28.6944
184 195 28.6944
187 195 28.6944
260 195 200
263 195 66.8896
268 195 66.8896
269 195 66.8896
274 195 66.8896
294 195 66.8896
341 195 66.8896
346 195 200
349 195 200
355 195 40.1606
365 195 18.2648
372 195 66.8896
379 195 10.5764
426 195 40.1606
427 195 40.1606
452 195 66.8896
485 195 40.1606
618 195 13.3958
625 195 13.3958
3 196 15.456
12 196 15.456
68 196 22.3214
149 196 22.3214
177 196 28.6944
178 196 28.6944
187 196 28.6944
226 196 40.1606
260 196 200
261 196 66.8896
263 196 66.8896
264 196 66.8896
268 196 66.8896
269 196 66.8896
274 196 66.8896
294 196 66.8896
316 196 40.1606
327 196 15.456
338 196 22.3214
341 196 18.2648
355 196 40.1606
379 196 10.5764
485 196 40.1606
625 196 13.3958
3 197 15.456
11 197 15.456
12 197 15.456
146 197 22.3214
149 197 22.3214
177 197 28.6944
221 197 28.6944
223 197 28.6944
263 197 66.8896
264 197 66.8896
310 197 200
316 197 40.1606
322 197 22.3214
327 197 15.456
338 197 22.3214
341 197 18.2648
351 197 200
355 197 40.1606
485 197 40.1606
625 197 13.3958
11 198 15.456
12 198 15.456
45 198 18.2648
70 198 22.3214
71 198 22.3214
146 198 22.3214
149 198 22.3214
171 198 28.6944
172 198 28.6944
177 198 28.6944
180 198 28.6944
221 198 28.6944
286 198 66.8896
302 198 66.8896
309 198 200
310 198 200
316 198 40.1606
322 198 22.3214
327 198 15.456
335 198 28.6944
338 198 22.3214
485 198 40.1606
12 199 15.456
70 199 22.3214
146 199 22.3214
177 199 28.6944
180 199 22.3214
302 199 66.8896
309 199 200
310 199 200
326 199 15.456
332 199 40.1606
335 199 28.6944
338 199 22.3214
348 199 40.1606
355 199 22.3214
381 199 8.03858
440 199 66.8896
485 199 40.1606
489 199 28.6944
12 200 15.456
46 200 18.2648
103 200 22.3214
104 200 22.3214
146 200 22.3214
178 200 28.6944
299 200 28.6944
348 200 40.1606
355 200 22.3214
485 200 40.1606
489 200 28.6944
12 201 15.456
13 201 15.456
72 201 18.2648
74 201 18.2648
90 201 22.3214
102 201 22.3214
103 201 22.3214
104 201 22.3214
146 201 22.3214
224 201 28.6944
293 201 66.8896
299 201 40.1606
300 201 40.1606
347 201 40.1606
348 201 40.1606
355 201 22.3214
356 201 22.3214
485 201 40.1606
489 201 28.6944
618 201 13.3958
12 202 15.456
13 202 15.456
72 202 18.2648
75 202 22.3214
76 202 22.3214
89 202 22.3214
90 202 22.3214
102 202 22.3214
111 202 22.3214
146 202 22.3214
147 202 22.3214
293 202 200
294 202 200
299 202 40.1606
300 202 40.1606
323 202 40.1606
338 202 13.3958
341 202 200
342 202 200
352 202 66.8896
355 202 40.1606
485 202 40.1606
489 202 28.6944
618 202 13.3958
625 202 13.3958
12 203 15.456
13 203 15.456
72 203 18.2648
83 203 22.3214
89 203 22.3214
90 203 22.3214
101 203 22.3214
102 203 22.3214
111 203 22.3214
146 203 22.3214
147 203 22.3214
182 203 28.6944
293 203 200
294 203 200
299 203 40.1606
300 203 40.1606
323 203 40.1606
341 203 200
485 203 40.1606
489 203 28.6944
625 203 13.3958
13 204 15.456
57 204 18.2648
69 204 22.3214
71 204 22.3214
89 204 22.3214
90 204 22.3214
101 204 22.3214
112 204 22.3214
146 204 22.3214
147 204 22.3214
181 204 28.6944
220 204 40.1606
294 204 200
300 204 40.1606
312 204 40.1606
313 204 40.1606
358 204 200
378 204 15.456
413 204 66.8896
458 204 40.1606
508 204 28.6944
13 205 15.456
71 205 22.3214
89 205 22.3214
90 205 22.3214
101 205 22.3214
112 205 22.3214
146 205 22.3214
147 205 22.3214
180 205 28.6944
181 205 28.6944
300 205 40.1606
306 205 22.3214
313 205 40.1606
357 205 200
508 205 28.6944
13 206 15.456
59 206 18.2648
71 206 22.3214
89 206 22.3214
90 206 22.3214
101 206 22.3214
102 206 22.3214
112 206 22.3214
118 206 22.3214
136 206 22.3214
146 206 22.3214
147 206 22.3214
179 206 28.6944
180 206 28.6944
220 206 40.1606
235 206 40.1606
294 206 200
297 206 66.8896
306 206 22.3214
389 206 15.456
390 206 15.456
456 206 66.8896
459 206 40.1606
508 206 28.6944
12 207 15.456
13 207 15.456
58 207 18.2648
59 207 18.2648
71 207 22.3214
89 207 22.3214
90 207 22.3214
101 207 22.3214
102 207 22.3214
111 207 22.3214
118 207 22.3214
146 207 22.3214
147 207 22.3214
178 207 28.6944
179 207 28.6944
220 207 40.1606
248 207 40.1606
294 207 200
297 207 66.8896
305 207 22.3214
312 207 40.1606
456 207 66.8896
459 207 40.1606
464 207 28.6944
489 207 28.6944
508 207 28.6944
12 208 15.456
13 208 15.456
30 208 18.2648
71 208 22.3214
89 208 22.3214
90 208 22.3214
102 208 22.3214
103 208 22.3214
111 208 22.3214
118 208 22.3214
146 208 22.3214
147 208 22.3214
177 208 28.6944
178 208 28.6944
220 208 40.1606
288 208 66.8896
297 208 66.8896
312 208 40.1606
345 208 10.5764
352 208 200
508 208 28.6944
12 209 15.456
30 209 18.2648
71 209 22.3214
89 209 22.3214
90 209 22.3214
103 209 22.3214
146 209 22.3214
147 209 22.3214
176 209 28.6944
177 209 28.6944
239 209 40.1606
288 209 66.8896
294 209 200
297 209 66.8896
311 209 40.1606
351 209 66.8896
373 209 66.8896
376 209 40.1606
489 209 28.6944
625 209 13.3958
12 210 15.456
57 210 18.2648
71 210 22.3214
89 210 22.3214
90 210 22.3214
112 210 22.3214
146 210 22.3214
147 210 22.3214
176 210 28.6944
177 210 28.6944
239 210 40.1606
242 210 40.1606
246 210 40.1606
247 210 40.1606
250 210 40.1606
251 210 40.1606
294 210 200
297 210 66.8896
299 210 66.8896
311 210 40.1606
329 210 22.3214
337 210 8.73744
338 210 8.73744
350 210 66.8896
373 210 66.8896
376 210 40.1606
427 210 200
432 210 66.8896
442 210 40.1606
463 210 40.1606
489 210 28.6944
625 210 13.3958
11 211 15.456
12 211 15.456
71 211 22.3214
89 211 22.3214
90 211 22.3214
112 211 22.3214
113 211 22.3214
147 211 22.3214
163 211 22.3214
176 211 28.6944
177 211 28.6944
240 211 40.1606
247 211 40.1606
310 211 40.1606
311 211 40.1606
334 211 9.56938
337 211 13.3958
346 211 28.6944
349 211 66.8896
350 211 66.8896
373 211 66.8896
376 211 40.1606
378 211 40.1606
427 211 200
431 211 66.8896
432 211 66.8896
440 211 40.1606
442 211 40.1606
11 212 15.456
12 212 15.456
71 212 22.3214
89 212 22.3214
90 212 22.3214
113 212 22.3214
118 212 22.3214
139 212 22.3214
140 212 22.3214
147 212 22.3214
162 212 22.3214
163 212 22.3214
176 212 28.6944
247 212 40.1606
305 212 200
310 212 40.1606
311 212 40.1606
323 212 40.1606
324 212 40.1606
334 212 9.56938
344 212 28.6944
345 212 28.6944
346 212 28.6944
427 212 200
431 212 66.8896
11 213 15.456
12 213 15.456
54 213 18.2648
71 213 22.3214
89 213 22.3214
90 213 22.3214
113 213 22.3214
118 213 22.3214
147 213 22.3214
150 213 22.3214
162 213 22.3214
163 213 22.3214
175 213 28.6944
176 213 28.6944
247 213 40.1606
248 213 40.1606
310 213 40.1606
311 213 40.1606
324 213 40.1606
327 213 28.6944
337 213 66.8896
345 213 28.6944
413 213 200
427 213 200
431 213 66.8896
11 214 15.456
12 214 15.456
29 214 18.2648
31 214 18.2648
45 214 18.2648
47 214 18.2648
54 214 18.2648
71 214 22.3214
89 214 22.3214
90 214 22.3214
113 214 22.3214
118 214 22.3214
147 214 22.3214
162 214 22.3214
163 214 22.3214
247 214 40.1606
248 214 40.1606
305 214 200
310 214 40.1606
324 214 40.1606
336 214 18.2648
355 214 13.3958
413 214 200
417 214 66.8896
431 214 66.8896
11 215 15.456
12 215 15.456
29 215 18.2648
30 215 18.2648
53 215 18.2648
71 215 22.3214
90 215 22.3214
94 215 18.2648
147 215 22.3214
176 215 28.6944
247 215 40.1606
248 215 40.1606
298 215 40.1606
299 215 40.1606
310 215 40.1606
334 215 66.8896
335 215 66.8896
430 215 66.8896
463 215 40.1606
489 215 28.6944
11 216 15.456
12 216 15.456
52 216 18.2648
90 216 22.3214
111 216 22.3214
112 216 22.3214
147 216 22.3214
175 216 28.6944
176 216 28.6944
199 216 40.1606
247 216 40.1606
248 216 40.1606
250 216 40.1606
305 216 200
310 216 40.1606
463 216 40.1606
477 216 200
485 216 40.1606
489 216 28.6944
11 217 15.456
12 217 15.456
52 217 18.2648
90 217 22.3214
118 217 22.3214
147 217 22.3214
160 217 28.6944
175 217 28.6944
176 217 28.6944
202 217 28.6944
203 217 28.6944
248 217 40.1606
310 217 40.1606
463 217 40.1606
489 217 28.6944
11 218 15.456
12 218 15.456
75 218 18.2648
90 218 22.3214
118 218 22.3214
147 218 22.3214
150 218 22.3214
163 218 22.3214
175 218 28.6944
199 218 40.1606
202 218 28.6944
248 218 40.1606
251 218 28.6944
310 218 40.1606
11 219 15.456
90 219 22.3214
102 219 22.3214
118 219 22.3214
119 219 22.3214
147 219 22.3214
150 219 22.3214
163 219 22.3214
175 219 28.6944
182 219 40.1606
202 219 28.6944
211 219 28.6944
247 219 40.1606
248 219 40.1606
260 219 40.1606
310 219 40.1606
325 219 40.1606
328 219 40.1606
435 219 200
436 219 200
457 219 40.1606
489 219 28.6944
11 220 15.456
38 220 18.2648
45 220 18.2648
47 220 18.2648
68 220 22.3214
69 220 22.3214
75 220 18.2648
90 220 22.3214
118 220 22.3214
119 220 22.3214
147 220 22.3214
163 220 22.3214
175 220 28.6944
182 220 40.1606
208 220 40.1606
210 220 40.1606
248 220 40.1606
289 220 66.8896
310 220 40.1606
325 220 40.1606
368 220 200
375 220 40.1606
457 220 40.1606
489 220 28.6944
509 220 28.6944
11 221 15.456
38 221 18.2648
46 221 18.2648
68 221 22.3214
69 221 22.3214
90 221 22.3214
118 221 22.3214
147 221 22.3214
163 221 22.3214
175 221 28.6944
182 221 40.1606
207 221 40.1606
208 221 40.1606
210 221 40.1606
248 221 40.1606
310 221 40.1606
325 221 40.1606
367 221 200
489 221 28.6944
11 222 15.456
12 222 15.456
32 222 15.456
36 222 18.2648
37 222 18.2648
45 222 18.2648
68 222 22.3214
69 222 22.3214
84 222 22.3214
90 222 22.3214
91 222 22.3214
147 222 22.3214
150 222 22.3214
163 222 22.3214
175 222 28.6944
189 222 40.1606
202 222 28.6944
205 222 40.1606
208 222 40.1606
210 222 40.1606
247 222 40.1606
248 222 40.1606
310 222 40.1606
333 222 40.1606
337 222 28.6944
376 222 40.1606
378 222 40.1606
406 222 200
413 222 40.1606
414 222 28.6944
415 222 28.6944
416 222 28.6944
448 222 8.03858
489 222 28.6944
12 223 15.456
32 223 15.456
68 223 22.3214
69 223 22.3214
84 223 22.3214
90 223 22.3214
147 223 22.3214
163 223 22.3214
208 223 40.1606
210 223 40.1606
247 223 40.1606
310 223 40.1606
333 223 28.6944
337 223 28.6944
376 223 40.1606
377 223 40.1606
378 223 40.1606
379 223 28.6944
383 223 22.3214
384 223 22.3214
386 223 22.3214
405 223 200
406 223 200
408 223 66.8896
410 223 66.8896
414 223 28.6944
415 223 28.6944
416 223 28.6944
417 223 28.6944
420 223 6.48298
489 223 28.6944
509 223 28.6944
12 224 15.456
26 224 18.2648
42 224 18.2648
68 224 22.3214
69 224 22.3214
147 224 22.3214
161 224 22.3214
163 224 22.3214
208 224 40.1606
310 224 40.1606
322 224 15.456
337 224 28.6944
376 224 40.1606
377 224 40.1606
379 224 28.6944
383 224 22.3214
384 224 22.3214
386 224 22.3214
405 224 200
406 224 200
407 224 200
410 224 66.8896
411 224 40.1606
416 224 28.6944
418 224 28.6944
420 224 6.48298
421 224 6.48298
423 224 6.09013
485 224 40.1606
489 224 28.6944
509 224 28.6944
12 225 15.456
26 225 18.2648
33 225 15.456
34 225 15.456
68 225 22.3214
69 225 22.3214
127 225 22.3214
128 225 22.3214
150 225 22.3214
162 225 22.3214
163 225 22.3214
180 225 28.6944
181 225 28.6944
248 225 40.1606
249 225 40.1606
322 225 15.456
323 225 15.456
326 225 28.6944
332 225 18.2648
337 225 40.1606
381 225 28.6944
405 225 200
407 225 200
411 225 22.3214
412 225 40.1606
422 225 6.48298
423 225 6.09013
425 225 6.09013
427 225 6.09013
428 225 5.74218
429 225 5.74218
430 225 5.74218
463 225 40.1606
489 225 28.6944
509 225 28.6944
12 226 15.456
26 226 18.2648
34 226 15.456
47 226 18.2648
48 226 18.2648
68 226 22.3214
69 226 22.3214
105 226 22.3214
127 226 22.3214
128 226 22.3214
147 226 22.3214
148 226 22.3214
150 226 22.3214
163 226 22.3214
180 226 28.6944
238 226 40.1606
248 226 40.1606
311 226 40.1606
318 226 22.3214
332 226 18.2648
337 226 40.1606
383 226 22.3214
463 226 40.1606
489 226 28.6944
509 226 28.6944
12 227 15.456
47 227 18.2648
68 227 22.3214
69 227 22.3214
75 227 18.2648
128 227 22.3214
145 227 22.3214
147 227 22.3214
148 227 22.3214
163 227 22.3214
179 227 28.6944
180 227 28.6944
183 227 28.6944
238 227 40.1606
239 227 40.1606
242 227 40.1606
335 227 40.1606
337 227 40.1606
386 227 5.74218
485 227 40.1606
489 227 28.6944
12 228 15.456
13 228 15.456
46 228 18.2648
47 228 18.2648
68 228 22.3214
69 228 22.3214
75 228 18.2648
110 228 22.3214
150 228 22.3214
163 228 22.3214
180 228 28.6944
183 228 22.3214
185 228 22.3214
244 228 40.1606
323 228 40.1606
337 228 40.1606
376 228 40.1606
423 228 3.40657
485 228 40.1606
489 228 28.6944
13 229 15.456
46 229 18.2648
68 229 22.3214
69 229 22.3214
150 229 22.3214
244 229 40.1606
245 229 40.1606
301 229 40.1606
323 229 40.1606
333 229 66.8896
376 229 40.1606
411 229 28.6944
413 229 28.6944
485 229 40.1606
489 229 28.6944
509 229 28.6944
5 230 15.456
13 230 15.456
49 230 22.3214
50 230 22.3214
68 230 22.3214
69 230 22.3214
109 230 22.3214
161 230 28.6944
247 230 40.1606
259 230 40.1606
323 230 40.1606
330 230 40.1606
397 230 40.1606
399 230 28.6944
403 230 200
411 230 28.6944
413 230 28.6944
13 231 15.456
14 231 15.456
35 231 18.2648
69 231 22.3214
161 231 28.6944
169 231 22.3214
258 231 40.1606
259 231 40.1606
322 231 40.1606
323 231 200
329 231 40.1606
330 231 40.1606
378 231 40.1606
382 231 40.1606
388 231 22.3214
395 231 40.1606
396 231 40.1606
398 231 40.1606
403 231 200
405 231 200
413 231 28.6944
14 232 15.456
45 232 18.2648
46 232 18.2648
69 232 22.3214
163 232 22.3214
298 232 40.1606
299 232 40.1606
378 232 40.1606
382 232 40.1606
403 232 200
405 232 200
406 232 40.1606
3 233 15.456
14 233 15.456
44 233 18.2648
45 233 18.2648
69 233 22.3214
120 233 28.6944
130 233 28.6944
131 233 28.6944
146 233 22.3214
163 233 22.3214
298 233 40.1606
299 233 40.1606
319 233 10.5764
320 233 10.5764
378 233 40.1606
380 233 40.1606
401 233 200
3 234 15.456
14 234 15.456
29 234 18.2648
30 234 18.2648
31 234 18.2648
44 234 18.2648
45 234 18.2648
69 234 22.3214
70 234 22.3214
97 234 22.3214
115 234 22.3214
120 234 28.6944
121 234 28.6944
130 234 28.6944
131 234 28.6944
163 234 22.3214
178 234 22.3214
318 234 10.5764
319 234 10.5764
378 234 40.1606
380 234 40.1606
3 235 15.456
7 235 15.456
14 235 15.456
15 235 15.456
44 235 18.2648
45 235 18.2648
107 235 28.6944
115 235 22.3214
120 235 28.6944
163 235 22.3214
167 235 22.3214
3 236 15.456
4 236 15.456
14 236 15.456
15 236 15.456
44 236 18.2648
45 236 18.2648
54 236 22.3214
55 236 22.3214
107 236 28.6944
115 236 22.3214
148 236 22.3214
162 236 22.3214
163 236 22.3214
165 236 22.3214
167 236 22.3214
3 237 15.456
4 237 15.456
15 237 15.456
35 237 18.2648
36 237 18.2648
45 237 18.2648
54 237 22.3214
94 237 18.2648
162 237 22.3214
163 237 22.3214
167 237 22.3214
3 238 15.456
15 238 15.456
16 238 15.456
45 238 18.2648
54 238 22.3214
163 238 22.3214
3 239 15.456
4 239 15.456
7 239 15.456
16 239 15.456
27 239 18.2648
31 239 18.2648
43 239 18.2648
48 239 22.3214
54 239 22.3214
55 239 22.3214
135 239 22.3214
145 239 22.3214
163 239 22.3214
4 240 15.456
7 240 15.456
16 240 15.456
27 240 18.2648
30 240 18.2648
48 240 22.3214
54 240 22.3214
55 240 22.3214
134 240 22.3214
163 240 22.3214
167 240 22.3214
4 241 15.456
16 241 15.456
27 241 18.2648
31 241 18.2648
91 241 18.2648
92 241 18.2648
163 241 22.3214
167 241 22.3214
4 242 15.456
5 242 15.456
16 242 15.456
91 242 18.2648
163 242 22.3214
5 243 15.456
16 243 15.456
17 243 15.456
49 243 15.456
50 243 15.456
163 243 22.3214
16 244 15.456
17 244 15.456
163 244 22.3214
163 245 22.3214
626 245 13.3958
123 246 18.2648
163 246 22.3214
164 246 22.3214
43 247 15.456
72 247 15.456
163 247 22.3214
164 247 22.3214
43 248 15.456
618 248 13.3958
36 249 15.456
22 250 13.3958
617 250 13.3958
618 250 13.3958
625 250 13.3958
22 251 13.3958
37 251 15.456
40 251 15.456
298 251 22.3214
617 251 13.3958
618 251 13.3958
625 251 13.3958
21 252 13.3958
22 252 13.3958
25 252 15.456
26 252 13.3958
27 252 13.3958
28 252 13.3958
625 252 13.3958
19 253 13.3958
20 253 13.3958
21 253 13.3958
22 253 13.3958
27 253 13.3958
625 253 13.3958
17 254 15.456
119 254 18.2648
625 254 13.3958
3 255 13.3958
119 255 18.2648
286 255 22.3214
625 255 13.3958
3 256 13.3958
4 256 13.3958
617 256 13.3958
625 256 13.3958
270 261 18.2648
271 261 18.2648
65 264 15.456
252 269 15.456
144 271 15.456
145 271 15.456
30 273 13.3958
44 276 13.3958
228 278 13.3958
229 278 13.3958
82 284 11.8203
198 291 10.5764
198 292 10.5764
199 292 10.5764
39 294 10.5764
35 295 10.5764
54 295 10.5764
55 295 10.5764
20 298 9.56938
18 300 9.56938
189 300 9.56938
190 300 9.56938
157 310 8.73744
158 310 8.73744
157 311 8.73744
158 311 8.73744
159 311 8.73744
164 311 8.73744
165 311 8.73744
166 311 8.73744
167 311 8.73744
141 323 8.03858
142 323 8.03858
142 324 8.03858
143 324 8.03858
563 327 7.44324
583 330 6.93001
105 335 6.93001
591 335 6.48298
578 336 6.93001
577 337 6.93001
577 338 6.93001
582 338 6.48298
579 339 6.93001
580 339 6.93001
581 339 6.93001
583 339 6.48298
584 339 6.48298
582 340 6.48298
583 340 6.48298
91 341 6.93001
92 341 6.93001
91 342 6.93001
92 342 6.93001
93 342 6.93001
94 342 6.93001
99 342 6.93001
100 342 6.93001
102 342 6.93001
103 342 6.93001
104 342 6.48298
105 342 6.48298
106 342 6.48298
107 342 6.48298
91 343 6.93001
92 343 6.93001
93 343 6.93001
94 343 6.93001
95 343 6.48298
102 343 6.93001
103 343 6.93001
104 343 6.48298
105 343 6.48298
620 345 6.09013
621 345 6.09013
622 345 6.09013
184 346 6.48298
409 346 6.48298
624 347 6.09013
625 347 6.09013
629 347 5.74218
183 348 6.48298
623 348 6.09013
624 348 6.09013
626 348 5.74218
627 348 5.74218
628 348 5.74218
625 349 6.09013
606 350 6.09013
592 351 6.09013
605 351 6.09013
597 352 6.09013
596 353 6.09013
597 353 6.09013
603 353 6.09013
604 353 6.09013
607 354 6.09013
617 355 5.74218
615 356 5.74218
616 356 5.74218
617 356 5.74218
616 357 5.74218
619 357 5.74218
619 358 5.74218
615 360 5.74218
621 360 5.74218
622 360 5.74218
614 361 5.74218
615 361 5.74218
621 361 5.74218
622 361 5.74218
625 361 5.43183
626 361 5.43183
621 362 5.74218
622 362 5.74218
625 362 5.43183
626 362 5.43183
61 364 5.74218
62 364 5.74218
63 364 5.74218
58 365 5.43183
61 365 5.74218
62 365 5.74218
63 365 5.74218
64 365 5.74218
41 366 5.74218
634 371 5.43183
636 372 5.43183
497 373 5.43183
498 373 5.43183
499 373 5.43183
636 373 5.43183
500 374 5.15331
501 374 5.15331
502 374 5.15331
260 376 5.15331
263 376 5.15331
259 378 5.15331
260 378 5.15331
259 379 5.15331
260 379 5.15331
14 380 5.15331
49 418 4.10172
95 419 4.10172
96 419 4.10172
325 422 4.10172
326 422 4.10172
184 459 3.40657
181 460 3.40657
181 461 3.40657
182 461 3.40657
98 466 3.6543
97 467 3.6543
102 467 3.40657
104 467 3.29489
104 468 3.29489
105 468 3.29489
106 468 3.29489
101 469 3.29489
100 470 3.29489
101 470 3.29489
102 470 3.29489
100 471 3.29489
101 471 3.29489
102 471 3.29489
103 471 3.29489
100 473 3.29489
