55 3 22.3214
59 3 22.3214
63 3 22.3214
66 3 22.3214
67 3 22.3214
93 3 28.6944
108 3 28.6944
195 3 40.1606
196 3 40.1606
625 3 11.8203
626 3 11.8203
630 3 10.5764
55 4 22.3214
59 4 22.3214
63 4 22.3214
66 4 22.3214
67 4 22.3214
108 4 28.6944
117 4 28.6944
196 4 40.1606
197 4 40.1606
495 4 40.1606
621 4 10.5764
626 4 11.8203
630 4 10.5764
5 5 18.2648
59 5 22.3214
63 5 22.3214
66 5 22.3214
67 5 22.3214
108 5 28.6944
117 5 28.6944
123 5 28.6944
124 5 28.6944
156 5 28.6944
169 5 28.6944
197 5 40.1606
198 5 40.1606
495 5 40.1606
621 5 10.5764
626 5 11.8203
631 5 10.5764
635 5 11.8203
5 6 18.2648
59 6 22.3214
63 6 22.3214
67 6 22.3214
108 6 28.6944
117 6 28.6944
123 6 28.6944
124 6 28.6944
156 6 28.6944
198 6 40.1606
199 6 40.1606
627 6 11.8203
635 6 11.8203
59 7 22.3214
63 7 22.3214
67 7 22.3214
108 7 28.6944
117 7 28.6944
123 7 28.6944
124 7 28.6944
192 7 200
199 7 40.1606
200 7 40.1606
627 7 11.8203
628 7 11.8203
635 7 11.8203
636 7 11.8203
59 8 22.3214
63 8 22.3214
67 8 22.3214
108 8 28.6944
117 8 28.6944
124 8 28.6944
156 8 28.6944
200 8 40.1606
201 8 40.1606
628 8 11.8203
631 8 10.5764
636 8 11.8203
59 9 22.3214
63 9 22.3214
67 9 22.3214
108 9 28.6944
117 9 28.6944
124 9 28.6944
156 9 28.6944
201 9 40.1606
202 9 40.1606
628 9 11.8203
632 9 10.5764
636 9 11.8203
56 10 22.3214
59 10 22.3214
67 10 22.3214
108 10 28.6944
117 10 28.6944
124 10 28.6944
156 10 28.6944
195 10 200
202 10 40.1606
203 10 40.1606
629 10 11.8203
632 10 10.5764
636 10 11.8203
32 11 22.3214
67 11 22.3214
108 11 28.6944
117 11 28.6944
124 11 28.6944
156 11 28.6944
196 11 200
203 11 40.1606
204 11 40.1606
596 11 10.5764
622 11 10.5764
629 11 11.8203
633 11 10.5764
634 11 10.5764
32 12 22.3214
67 12 22.3214
117 12 28.6944
124 12 28.6944
156 12 28.6944
197 12 200
204 12 40.1606
622 12 10.5764
623 12 10.5764
629 12 11.8203
637 12 11.8203
32 13 22.3214
56 13 22.3214
67 13 22.3214
117 13 28.6944
124 13 28.6944
156 13 28.6944
198 13 200
205 13 40.1606
623 13 10.5764
626 13 13.3958
630 13 11.8203
637 13 11.8203
32 14 22.3214
33 14 22.3214
40 14 22.3214
55 14 22.3214
56 14 22.3214
60 14 22.3214
67 14 22.3214
117 14 28.6944
124 14 28.6944
156 14 28.6944
184 14 40.1606
199 14 200
206 14 40.1606
630 14 11.8203
637 14 11.8203
32 15 22.3214
33 15 22.3214
40 15 22.3214
41 15 22.3214
55 15 22.3214
56 15 22.3214
67 15 22.3214
117 15 28.6944
156 15 28.6944
200 15 200
207 15 40.1606
627 15 13.3958
637 15 11.8203
40 16 22.3214
55 16 22.3214
56 16 22.3214
67 16 22.3214
117 16 28.6944
188 16 40.1606
201 16 200
208 16 40.1606
636 16 11.8203
35 17 22.3214
40 17 22.3214
56 17 22.3214
67 17 22.3214
117 17 28.6944
202 17 200
209 17 40.1606
633 17 11.8203
637 17 10.5764
41 18 22.3214
67 18 22.3214
189 18 40.1606
203 18 200
210 18 40.1606
624 18 10.5764
632 18 11.8203
633 18 11.8203
41 19 22.3214
133 19 18.2648
204 19 200
211 19 40.1606
571 19 13.3958
56 20 22.3214
121 20 28.6944
133 20 18.2648
195 20 40.1606
205 20 200
212 20 40.1606
41 21 22.3214
56 21 22.3214
69 21 22.3214
131 21 22.3214
134 21 18.2648
195 21 40.1606
206 21 200
213 21 40.1606
572 21 13.3958
634 21 11.8203
41 22 22.3214
56 22 22.3214
68 22 22.3214
69 22 22.3214
132 22 18.2648
195 22 40.1606
207 22 200
214 22 40.1606
634 22 11.8203
635 22 11.8203
23 23 18.2648
56 23 22.3214
69 23 22.3214
127 23 28.6944
128 23 28.6944
129 23 28.6944
132 23 22.3214
148 23 28.6944
195 23 40.1606
208 23 200
215 23 40.1606
635 23 11.8203
23 24 18.2648
41 24 22.3214
56 24 22.3214
64 24 22.3214
127 24 28.6944
128 24 28.6944
148 24 28.6944
195 24 40.1606
209 24 200
216 24 40.1606
635 24 11.8203
636 24 11.8203
23 25 18.2648
41 25 22.3214
56 25 22.3214
64 25 22.3214
68 25 22.3214
128 25 28.6944
148 25 28.6944
210 25 200
216 25 40.1606
217 25 40.1606
622 25 18.2648
636 25 11.8203
23 26 18.2648
24 26 18.2648
41 26 22.3214
56 26 22.3214
64 26 22.3214
67 26 22.3214
68 26 22.3214
148 26 28.6944
157 26 28.6944
211 26 200
217 26 40.1606
218 26 40.1606
626 26 10.5764
636 26 11.8203
637 26 11.8203
24 27 18.2648
41 27 22.3214
56 27 22.3214
64 27 22.3214
67 27 22.3214
68 27 22.3214
157 27 28.6944
212 27 200
218 27 40.1606
219 27 40.1606
605 27 10.5764
627 27 10.5764
637 27 11.8203
24 28 18.2648
41 28 22.3214
56 28 22.3214
64 28 22.3214
67 28 22.3214
68 28 22.3214
213 28 200
219 28 40.1606
592 28 13.3958
599 28 10.5764
611 28 11.8203
628 28 10.5764
633 28 11.8203
637 28 11.8203
41 29 22.3214
56 29 22.3214
64 29 22.3214
67 29 22.3214
68 29 22.3214
145 29 28.6944
214 29 200
220 29 40.1606
480 29 40.1606
596 29 11.8203
599 29 10.5764
600 29 10.5764
628 29 10.5764
637 29 11.8203
23 30 18.2648
56 30 22.3214
64 30 22.3214
68 30 22.3214
145 30 28.6944
157 30 28.6944
215 30 200
221 30 40.1606
480 30 40.1606
496 30 40.1606
593 30 13.3958
596 30 11.8203
600 30 10.5764
601 30 10.5764
629 30 10.5764
19 31 18.2648
20 31 18.2648
68 31 22.3214
150 31 28.6944
216 31 200
222 31 40.1606
597 31 11.8203
601 31 10.5764
625 31 11.8203
629 31 10.5764
634 31 11.8203
35 32 22.3214
68 32 22.3214
223 32 40.1606
495 32 40.1606
601 32 10.5764
625 32 11.8203
629 32 10.5764
630 32 10.5764
635 32 11.8203
36 33 22.3214
37 33 22.3214
45 33 18.2648
46 33 18.2648
56 33 22.3214
57 33 22.3214
68 33 22.3214
148 33 28.6944
157 33 28.6944
217 33 200
224 33 40.1606
598 33 11.8203
602 33 10.5764
626 33 11.8203
630 33 10.5764
56 34 22.3214
57 34 22.3214
65 34 22.3214
68 34 22.3214
148 34 28.6944
149 34 28.6944
157 34 28.6944
191 34 28.6944
225 34 40.1606
505 34 18.2648
602 34 10.5764
631 34 10.5764
636 34 11.8203
41 35 22.3214
65 35 22.3214
68 35 22.3214
148 35 28.6944
149 35 28.6944
157 35 28.6944
219 35 200
226 35 40.1606
612 35 11.8203
636 35 11.8203
41 36 22.3214
65 36 22.3214
68 36 22.3214
157 36 28.6944
195 36 40.1606
196 36 40.1606
220 36 200
227 36 40.1606
631 36 10.5764
637 36 11.8203
43 37 18.2648
68 37 22.3214
157 37 28.6944
196 37 40.1606
221 37 200
228 37 40.1606
582 37 13.3958
633 37 13.3958
637 37 11.8203
43 38 18.2648
44 38 18.2648
68 38 22.3214
157 38 28.6944
175 38 40.1606
222 38 200
228 38 40.1606
229 38 40.1606
632 38 11.8203
634 38 13.3958
43 39 18.2648
86 39 22.3214
157 39 28.6944
223 39 200
229 39 40.1606
490 39 40.1606
598 39 11.8203
603 39 10.5764
604 39 10.5764
629 39 11.8203
44 40 22.3214
86 40 22.3214
157 40 28.6944
224 40 200
230 40 40.1606
490 40 40.1606
595 40 13.3958
599 40 11.8203
600 40 11.8203
604 40 10.5764
629 40 11.8203
630 40 11.8203
43 41 22.3214
44 41 22.3214
86 41 22.3214
157 41 28.6944
211 41 40.1606
225 41 200
231 41 40.1606
596 41 13.3958
600 41 11.8203
604 41 10.5764
630 41 11.8203
633 41 10.5764
43 42 22.3214
44 42 22.3214
92 42 28.6944
132 42 22.3214
226 42 200
232 42 40.1606
585 42 13.3958
601 42 11.8203
604 42 10.5764
634 42 10.5764
86 43 22.3214
91 43 28.6944
92 43 28.6944
132 43 22.3214
134 43 22.3214
157 43 28.6944
167 43 28.6944
227 43 200
233 43 40.1606
601 43 11.8203
627 43 11.8203
634 43 10.5764
86 44 22.3214
87 44 22.3214
91 44 28.6944
92 44 28.6944
132 44 22.3214
134 44 22.3214
167 44 28.6944
174 44 40.1606
204 44 40.1606
233 44 40.1606
234 44 40.1606
606 44 10.5764
629 44 11.8203
630 44 11.8203
634 44 10.5764
87 45 22.3214
92 45 28.6944
132 45 22.3214
134 45 22.3214
138 45 15.456
168 45 28.6944
174 45 40.1606
207 45 40.1606
229 45 40.1606
232 45 40.1606
233 45 40.1606
630 45 11.8203
632 45 11.8203
87 46 22.3214
132 46 22.3214
134 46 22.3214
157 46 28.6944
207 46 40.1606
226 46 40.1606
227 46 40.1606
230 46 40.1606
231 46 40.1606
232 46 40.1606
607 46 10.5764
87 47 22.3214
132 47 22.3214
226 47 40.1606
87 48 22.3214
132 48 22.3214
157 48 28.6944
225 48 40.1606
226 48 40.1606
608 48 11.8203
630 48 10.5764
631 48 10.5764
635 48 10.5764
87 49 22.3214
132 49 22.3214
225 49 66.8896
226 49 66.8896
608 49 11.8203
609 49 11.8203
627 49 11.8203
631 49 10.5764
57 50 22.3214
87 50 22.3214
131 50 22.3214
132 50 22.3214
217 50 40.1606
225 50 66.8896
628 50 11.8203
636 50 10.5764
57 51 22.3214
145 51 28.6944
146 51 28.6944
225 51 66.8896
226 51 66.8896
629 51 11.8203
57 52 22.3214
108 52 28.6944
126 52 28.6944
127 52 28.6944
128 52 28.6944
185 52 40.1606
225 52 66.8896
226 52 66.8896
57 53 22.3214
58 53 22.3214
126 53 28.6944
127 53 28.6944
169 53 40.1606
185 53 40.1606
225 53 40.1606
226 53 40.1606
57 54 22.3214
58 54 22.3214
61 54 22.3214
185 54 40.1606
225 54 40.1606
226 54 40.1606
57 55 22.3214
58 55 22.3214
61 55 22.3214
158 55 28.6944
185 55 40.1606
194 55 40.1606
226 55 40.1606
632 55 11.8203
633 55 11.8203
637 55 10.5764
41 56 18.2648
57 56 22.3214
58 56 22.3214
61 56 22.3214
158 56 28.6944
225 56 40.1606
226 56 40.1606
613 56 10.5764
633 56 11.8203
634 56 11.8203
637 56 10.5764
41 57 18.2648
58 57 22.3214
61 57 22.3214
65 57 18.2648
73 57 22.3214
89 57 22.3214
110 57 28.6944
112 57 28.6944
634 57 11.8203
41 58 18.2648
58 58 22.3214
61 58 22.3214
73 58 22.3214
89 58 22.3214
110 58 28.6944
112 58 28.6944
158 58 28.6944
180 58 40.1606
609 58 11.8203
635 58 11.8203
58 59 22.3214
61 59 22.3214
69 59 22.3214
73 59 22.3214
114 59 28.6944
158 59 28.6944
187 59 40.1606
232 59 40.1606
496 59 40.1606
612 59 10.5764
635 59 11.8203
636 59 11.8203
61 60 22.3214
69 60 22.3214
114 60 28.6944
158 60 28.6944
187 60 40.1606
191 60 22.3214
232 60 40.1606
233 60 40.1606
613 60 10.5764
636 60 11.8203
36 61 18.2648
37 61 18.2648
38 61 18.2648
61 61 22.3214
69 61 22.3214
86 61 22.3214
114 61 28.6944
125 61 28.6944
126 61 28.6944
158 61 28.6944
187 61 40.1606
234 61 40.1606
609 61 11.8203
613 61 10.5764
614 61 10.5764
636 61 11.8203
637 61 11.8203
16 62 18.2648
17 62 18.2648
18 62 18.2648
22 62 18.2648
24 62 18.2648
61 62 22.3214
69 62 22.3214
110 62 28.6944
114 62 28.6944
119 62 28.6944
126 62 28.6944
158 62 28.6944
187 62 40.1606
188 62 40.1606
235 62 40.1606
605 62 13.3958
610 62 11.8203
614 62 10.5764
637 62 11.8203
10 63 18.2648
61 63 22.3214
69 63 22.3214
110 63 28.6944
114 63 28.6944
119 63 28.6944
126 63 28.6944
158 63 28.6944
188 63 40.1606
236 63 40.1606
611 63 11.8203
614 63 10.5764
615 63 10.5764
637 63 11.8203
61 64 22.3214
69 64 22.3214
114 64 28.6944
119 64 28.6944
126 64 28.6944
158 64 28.6944
237 64 40.1606
611 64 11.8203
612 64 11.8203
615 64 10.5764
616 64 10.5764
637 64 11.8203
61 65 22.3214
65 65 18.2648
69 65 22.3214
95 65 28.6944
110 65 28.6944
119 65 28.6944
126 65 28.6944
158 65 28.6944
237 65 40.1606
491 65 40.1606
499 65 22.3214
612 65 11.8203
616 65 10.5764
61 66 22.3214
65 66 18.2648
68 66 22.3214
69 66 22.3214
95 66 28.6944
110 66 28.6944
126 66 28.6944
158 66 28.6944
236 66 66.8896
490 66 40.1606
604 66 11.8203
613 66 11.8203
616 66 10.5764
624 66 11.8203
7 67 11.8203
61 67 22.3214
65 67 18.2648
69 67 22.3214
110 67 28.6944
126 67 28.6944
158 67 28.6944
236 67 66.8896
490 67 40.1606
613 67 11.8203
625 67 11.8203
61 68 22.3214
62 68 22.3214
65 68 18.2648
69 68 22.3214
110 68 28.6944
126 68 28.6944
158 68 28.6944
194 68 40.1606
205 68 40.1606
565 68 11.8203
613 68 11.8203
617 68 10.5764
618 68 10.5764
626 68 11.8203
62 69 22.3214
65 69 18.2648
69 69 22.3214
110 69 28.6944
158 69 28.6944
194 69 40.1606
205 69 40.1606
490 69 40.1606
614 69 11.8203
62 70 22.3214
69 70 22.3214
110 70 28.6944
114 70 28.6944
158 70 28.6944
182 70 40.1606
62 71 22.3214
69 71 22.3214
114 71 28.6944
181 71 40.1606
628 71 11.8203
10 72 18.2648
62 72 22.3214
65 72 18.2648
69 72 22.3214
120 72 28.6944
180 72 40.1606
181 72 40.1606
211 72 40.1606
212 72 40.1606
619 72 10.5764
626 72 11.8203
9 73 18.2648
62 73 22.3214
69 73 22.3214
120 73 28.6944
150 73 28.6944
158 73 28.6944
212 73 40.1606
627 73 11.8203
9 74 18.2648
62 74 22.3214
69 74 22.3214
120 74 28.6944
127 74 28.6944
150 74 28.6944
158 74 28.6944
212 74 40.1606
628 74 11.8203
630 74 11.8203
47 75 22.3214
58 75 22.3214
62 75 22.3214
69 75 22.3214
120 75 28.6944
150 75 28.6944
194 75 40.1606
224 75 40.1606
619 75 11.8203
622 75 10.5764
46 76 22.3214
62 76 22.3214
69 76 22.3214
150 76 28.6944
197 76 40.1606
620 76 11.8203
626 76 11.8203
633 76 18.2648
49 77 22.3214
62 77 22.3214
69 77 22.3214
197 77 40.1606
616 77 11.8203
623 77 10.5764
62 78 22.3214
69 78 22.3214
121 78 28.6944
128 78 28.6944
197 78 40.1606
616 78 11.8203
62 79 22.3214
69 79 22.3214
224 79 22.3214
618 79 11.8203
8 80 18.2648
62 80 22.3214
69 80 22.3214
159 80 28.6944
619 80 11.8203
624 80 10.5764
637 80 15.456
8 81 18.2648
62 81 22.3214
69 81 22.3214
133 81 22.3214
191 81 40.1606
225 81 28.6944
227 81 28.6944
271 81 66.8896
272 81 66.8896
621 81 11.8203
624 81 10.5764
62 82 22.3214
69 82 22.3214
133 82 22.3214
176 82 40.1606
227 82 28.6944
272 82 66.8896
621 82 11.8203
624 82 10.5764
625 82 10.5764
58 83 22.3214
62 83 22.3214
69 83 22.3214
133 83 22.3214
135 83 22.3214
139 83 28.6944
159 83 28.6944
176 83 40.1606
227 83 28.6944
272 83 66.8896
273 83 66.8896
421 83 200
622 83 11.8203
625 83 10.5764
58 84 22.3214
59 84 22.3214
69 84 22.3214
129 84 28.6944
150 84 28.6944
159 84 28.6944
273 84 66.8896
525 84 18.2648
622 84 11.8203
626 84 10.5764
58 85 22.3214
59 85 22.3214
69 85 22.3214
146 85 28.6944
159 85 28.6944
273 85 66.8896
274 85 66.8896
526 85 18.2648
623 85 11.8203
626 85 10.5764
35 86 22.3214
58 86 22.3214
59 86 22.3214
69 86 22.3214
70 86 22.3214
146 86 28.6944
159 86 28.6944
274 86 66.8896
432 86 200
623 86 11.8203
627 86 10.5764
35 87 22.3214
59 87 22.3214
152 87 28.6944
159 87 28.6944
274 87 66.8896
275 87 66.8896
421 87 200
431 87 200
609 87 18.2648
627 87 10.5764
9 88 18.2648
35 88 22.3214
159 88 28.6944
169 88 28.6944
227 88 28.6944
274 88 66.8896
275 88 66.8896
624 88 11.8203
628 88 10.5764
35 89 22.3214
43 89 22.3214
44 89 22.3214
71 89 22.3214
151 89 28.6944
155 89 18.2648
159 89 28.6944
167 89 28.6944
169 89 28.6944
176 89 40.1606
227 89 28.6944
243 89 66.8896
258 89 66.8896
275 89 66.8896
295 89 13.3958
628 89 10.5764
634 89 18.2648
637 89 15.456
3 90 18.2648
35 90 22.3214
36 90 22.3214
43 90 22.3214
44 90 22.3214
71 90 22.3214
150 90 28.6944
151 90 28.6944
159 90 28.6944
176 90 40.1606
234 90 40.1606
243 90 66.8896
258 90 66.8896
275 90 66.8896
276 90 66.8896
296 90 13.3958
510 90 18.2648
597 90 11.8203
625 90 11.8203
3 91 18.2648
35 91 22.3214
36 91 22.3214
38 91 22.3214
43 91 22.3214
71 91 22.3214
150 91 28.6944
151 91 28.6944
159 91 28.6944
176 91 40.1606
258 91 66.8896
276 91 66.8896
296 91 13.3958
511 91 18.2648
35 92 22.3214
38 92 22.3214
59 92 22.3214
159 92 28.6944
176 92 40.1606
258 92 66.8896
276 92 66.8896
296 92 13.3958
626 92 11.8203
35 93 22.3214
38 93 22.3214
44 93 22.3214
59 93 22.3214
70 93 22.3214
192 93 40.1606
194 93 40.1606
258 93 66.8896
276 93 66.8896
277 93 66.8896
297 93 13.3958
614 93 15.456
630 93 10.5764
35 94 22.3214
38 94 22.3214
44 94 22.3214
70 94 22.3214
159 94 28.6944
184 94 40.1606
186 94 40.1606
258 94 66.8896
277 94 66.8896
297 94 13.3958
627 94 11.8203
631 94 10.5764
38 95 22.3214
44 95 22.3214
70 95 22.3214
159 95 28.6944
186 95 40.1606
187 95 40.1606
258 95 66.8896
278 95 66.8896
588 95 10.5764
618 95 11.8203
627 95 11.8203
631 95 10.5764
38 96 22.3214
70 96 22.3214
159 96 28.6944
160 96 28.6944
187 96 40.1606
278 96 66.8896
279 96 66.8896
298 96 13.3958
589 96 10.5764
619 96 11.8203
628 96 11.8203
632 96 10.5764
38 97 22.3214
67 97 22.3214
70 97 22.3214
134 97 22.3214
159 97 28.6944
187 97 40.1606
258 97 66.8896
279 97 66.8896
288 97 22.3214
619 97 11.8203
620 97 11.8203
38 98 22.3214
67 98 22.3214
70 98 22.3214
159 98 28.6944
171 98 40.1606
187 98 40.1606
239 98 66.8896
258 98 66.8896
279 98 66.8896
288 98 22.3214
593 98 10.5764
67 99 22.3214
70 99 22.3214
159 99 28.6944
171 99 40.1606
187 99 40.1606
279 99 66.8896
283 99 40.1606
299 99 200
18 100 13.3958
19 100 13.3958
67 100 22.3214
70 100 22.3214
159 100 28.6944
238 100 66.8896
278 100 66.8896
279 100 66.8896
289 100 40.1606
299 100 200
4 101 18.2648
34 101 15.456
48 101 13.3958
67 101 22.3214
70 101 22.3214
109 101 28.6944
133 101 22.3214
134 101 22.3214
159 101 28.6944
278 101 66.8896
289 101 40.1606
292 101 66.8896
599 101 10.5764
621 101 11.8203
625 101 11.8203
631 101 11.8203
37 102 13.3958
70 102 22.3214
133 102 22.3214
134 102 22.3214
159 102 28.6944
231 102 40.1606
284 102 200
292 102 66.8896
602 102 10.5764
622 102 11.8203
631 102 11.8203
37 103 13.3958
67 103 22.3214
70 103 22.3214
133 103 22.3214
134 103 22.3214
137 103 22.3214
231 103 40.1606
311 103 28.6944
603 103 10.5764
623 103 11.8203
36 104 13.3958
59 104 22.3214
60 104 22.3214
67 104 22.3214
70 104 22.3214
88 104 22.3214
133 104 22.3214
134 104 22.3214
137 104 22.3214
150 104 28.6944
277 104 66.8896
620 104 13.3958
623 104 11.8203
624 104 11.8203
636 104 10.5764
60 105 22.3214
70 105 22.3214
88 105 22.3214
94 105 28.6944
133 105 22.3214
134 105 22.3214
137 105 22.3214
276 105 66.8896
301 105 200
304 105 66.8896
305 105 66.8896
621 105 13.3958
624 105 11.8203
636 105 10.5764
88 106 22.3214
94 106 28.6944
133 106 22.3214
134 106 22.3214
206 106 40.1606
304 106 66.8896
305 106 66.8896
491 106 40.1606
625 106 11.8203
637 106 10.5764
15 107 13.3958
88 107 22.3214
93 107 28.6944
94 107 28.6944
128 107 28.6944
129 107 28.6944
130 107 28.6944
206 107 40.1606
622 107 13.3958
625 107 11.8203
626 107 11.8203
637 107 10.5764
11 108 18.2648
15 108 13.3958
72 108 22.3214
88 108 22.3214
94 108 28.6944
128 108 28.6944
206 108 40.1606
609 108 10.5764
622 108 13.3958
626 108 11.8203
35 109 22.3214
43 109 13.3958
94 109 28.6944
127 109 28.6944
128 109 28.6944
160 109 28.6944
206 109 40.1606
213 109 40.1606
236 109 40.1606
626 109 11.8203
36 110 22.3214
40 110 22.3214
128 110 28.6944
160 110 28.6944
208 110 40.1606
213 110 40.1606
225 110 40.1606
614 110 10.5764
40 111 22.3214
57 111 13.3958
110 111 28.6944
160 111 28.6944
208 111 40.1606
15 112 13.3958
57 112 13.3958
110 112 28.6944
160 112 28.6944
208 112 40.1606
13 113 15.456
57 113 13.3958
160 113 28.6944
196 113 40.1606
208 113 40.1606
244 113 66.8896
259 113 66.8896
17 114 13.3958
18 114 13.3958
57 114 13.3958
112 114 28.6944
160 114 28.6944
208 114 40.1606
244 114 66.8896
258 114 66.8896
259 114 66.8896
17 115 13.3958
57 115 13.3958
112 115 28.6944
114 115 28.6944
160 115 28.6944
198 115 40.1606
208 115 40.1606
228 115 66.8896
230 115 66.8896
258 115 66.8896
259 115 66.8896
271 115 66.8896
618 115 11.8203
47 116 22.3214
57 116 13.3958
112 116 28.6944
127 116 28.6944
160 116 28.6944
198 116 40.1606
208 116 40.1606
230 116 66.8896
259 116 66.8896
316 116 200
619 116 11.8203
14 117 13.3958
33 117 13.3958
57 117 13.3958
112 117 28.6944
116 117 28.6944
127 117 28.6944
128 117 28.6944
160 117 28.6944
208 117 40.1606
230 117 66.8896
259 117 66.8896
286 117 200
317 117 200
112 118 28.6944
121 118 28.6944
128 118 28.6944
160 118 28.6944
208 118 40.1606
230 118 66.8896
259 118 66.8896
317 118 200
623 118 11.8203
11 119 13.3958
14 119 13.3958
112 119 28.6944
121 119 28.6944
128 119 28.6944
136 119 18.2648
160 119 28.6944
208 119 40.1606
230 119 66.8896
259 119 66.8896
318 119 200
623 119 11.8203
624 119 11.8203
11 120 13.3958
13 120 13.3958
46 120 18.2648
112 120 28.6944
121 120 28.6944
128 120 28.6944
160 120 28.6944
208 120 40.1606
259 120 66.8896
305 120 66.8896
319 120 200
613 120 18.2648
624 120 11.8203
12 121 13.3958
44 121 18.2648
45 121 18.2648
46 121 18.2648
60 121 22.3214
62 121 22.3214
91 121 22.3214
112 121 28.6944
121 121 28.6944
128 121 28.6944
160 121 28.6944
208 121 40.1606
259 121 66.8896
319 121 200
613 121 18.2648
624 121 11.8203
12 122 13.3958
44 122 18.2648
112 122 28.6944
121 122 28.6944
128 122 28.6944
160 122 28.6944
244 122 66.8896
259 122 66.8896
271 122 66.8896
277 122 66.8896
613 122 18.2648
625 122 11.8203
8 123 13.3958
11 123 13.3958
44 123 18.2648
112 123 28.6944
113 123 28.6944
121 123 28.6944
160 123 28.6944
244 123 66.8896
259 123 66.8896
277 123 66.8896
320 123 200
324 123 200
625 123 11.8203
7 124 13.3958
10 124 13.3958
26 124 13.3958
28 124 13.3958
121 124 28.6944
152 124 28.6944
160 124 28.6944
259 124 66.8896
325 124 200
626 124 11.8203
6 125 13.3958
9 125 13.3958
20 125 13.3958
28 125 13.3958
63 125 22.3214
75 125 22.3214
76 125 22.3214
121 125 28.6944
143 125 22.3214
152 125 28.6944
160 125 28.6944
626 125 11.8203
7 126 13.3958
17 126 13.3958
63 126 22.3214
75 126 22.3214
76 126 22.3214
88 126 22.3214
112 126 28.6944
113 126 28.6944
121 126 28.6944
128 126 28.6944
140 126 28.6944
152 126 28.6944
160 126 28.6944
178 126 40.1606
286 126 200
322 126 200
626 126 11.8203
5 127 13.3958
7 127 13.3958
16 127 13.3958
17 127 13.3958
63 127 22.3214
71 127 22.3214
112 127 28.6944
113 127 28.6944
121 127 28.6944
140 127 28.6944
147 127 28.6944
152 127 28.6944
160 127 28.6944
177 127 40.1606
178 127 40.1606
286 127 200
322 127 200
633 127 11.8203
634 127 11.8203
5 128 13.3958
6 128 13.3958
7 128 13.3958
63 128 22.3214
64 128 22.3214
71 128 22.3214
97 128 28.6944
112 128 28.6944
113 128 28.6944
121 128 28.6944
140 128 28.6944
147 128 28.6944
152 128 28.6944
177 128 40.1606
286 128 200
322 128 200
627 128 11.8203
634 128 11.8203
635 128 11.8203
4 129 13.3958
6 129 13.3958
27 129 13.3958
28 129 13.3958
63 129 22.3214
64 129 22.3214
71 129 22.3214
97 129 28.6944
112 129 28.6944
121 129 28.6944
140 129 28.6944
147 129 28.6944
152 129 28.6944
286 129 200
333 129 200
627 129 11.8203
635 129 11.8203
636 129 11.8203
4 130 13.3958
19 130 13.3958
20 130 13.3958
21 130 13.3958
63 130 22.3214
64 130 22.3214
71 130 22.3214
121 130 28.6944
129 130 28.6944
140 130 28.6944
147 130 28.6944
177 130 40.1606
286 130 200
323 130 200
333 130 200
635 130 11.8203
3 131 13.3958
16 131 13.3958
17 131 13.3958
63 131 22.3214
64 131 22.3214
71 131 22.3214
121 131 28.6944
140 131 28.6944
147 131 28.6944
286 131 200
323 131 200
334 131 200
628 131 11.8203
14 132 13.3958
15 132 13.3958
16 132 13.3958
63 132 22.3214
64 132 22.3214
71 132 22.3214
121 132 28.6944
123 132 28.6944
140 132 28.6944
147 132 28.6944
161 132 28.6944
286 132 200
334 132 200
636 132 11.8203
13 133 13.3958
14 133 13.3958
63 133 22.3214
64 133 22.3214
71 133 22.3214
140 133 28.6944
161 133 28.6944
193 133 40.1606
286 133 200
12 134 13.3958
64 134 22.3214
71 134 22.3214
140 134 28.6944
161 134 28.6944
172 134 40.1606
177 134 40.1606
193 134 40.1606
286 134 200
325 134 200
335 134 200
400 134 200
3 135 13.3958
4 135 13.3958
64 135 22.3214
71 135 22.3214
123 135 28.6944
140 135 28.6944
161 135 28.6944
172 135 40.1606
197 135 40.1606
286 135 200
288 135 200
325 135 200
335 135 200
3 136 13.3958
64 136 22.3214
71 136 22.3214
123 136 28.6944
140 136 28.6944
172 136 40.1606
286 136 200
325 136 200
3 137 13.3958
64 137 22.3214
71 137 22.3214
140 137 28.6944
172 137 40.1606
188 137 40.1606
260 137 66.8896
286 137 200
64 138 22.3214
71 138 22.3214
140 138 28.6944
161 138 28.6944
172 138 40.1606
188 138 40.1606
232 138 40.1606
244 138 66.8896
259 138 66.8896
260 138 66.8896
324 138 200
50 139 15.456
53 139 15.456
64 139 22.3214
71 139 22.3214
161 139 28.6944
172 139 40.1606
188 139 40.1606
232 139 40.1606
259 139 66.8896
324 139 200
339 139 200
53 140 15.456
64 140 22.3214
71 140 22.3214
161 140 28.6944
171 140 40.1606
189 140 40.1606
259 140 66.8896
340 140 200
27 141 13.3958
64 141 22.3214
71 141 22.3214
259 141 66.8896
340 141 200
341 141 200
399 141 200
402 141 66.8896
64 142 22.3214
71 142 22.3214
134 142 22.3214
135 142 22.3214
161 142 28.6944
402 142 66.8896
64 143 22.3214
68 143 18.2648
71 143 22.3214
72 143 22.3214
134 143 22.3214
135 143 22.3214
137 143 22.3214
161 143 28.6944
172 143 40.1606
260 143 66.8896
288 143 66.8896
344 143 200
395 143 200
64 144 22.3214
71 144 22.3214
72 144 22.3214
135 144 22.3214
137 144 22.3214
161 144 28.6944
172 144 40.1606
189 144 40.1606
226 144 40.1606
288 144 66.8896
64 145 22.3214
71 145 22.3214
72 145 22.3214
135 145 22.3214
161 145 28.6944
288 145 66.8896
345 145 200
13 146 18.2648
64 146 22.3214
71 146 22.3214
72 146 22.3214
135 146 22.3214
153 146 28.6944
161 146 28.6944
189 146 40.1606
214 146 40.1606
260 146 66.8896
287 146 66.8896
288 146 66.8896
13 147 18.2648
64 147 22.3214
68 147 18.2648
72 147 22.3214
152 147 28.6944
153 147 28.6944
161 147 28.6944
260 147 66.8896
287 147 66.8896
288 147 66.8896
347 147 200
61 148 22.3214
64 148 22.3214
72 148 22.3214
287 148 200
288 148 200
347 148 200
61 149 22.3214
64 149 22.3214
72 149 22.3214
178 149 40.1606
287 149 200
288 149 200
347 149 200
614 149 18.2648
64 150 22.3214
72 150 22.3214
287 150 200
288 150 200
614 150 18.2648
64 151 22.3214
72 151 22.3214
161 151 28.6944
287 151 200
288 151 200
352 151 200
614 151 18.2648
64 152 22.3214
72 152 22.3214
287 152 200
288 152 200
352 152 200
614 152 18.2648
64 153 22.3214
72 153 22.3214
287 153 200
288 153 200
306 153 66.8896
331 153 200
352 153 200
13 154 18.2648
64 154 22.3214
72 154 22.3214
306 154 66.8896
352 154 200
64 155 22.3214
72 155 22.3214
279 155 66.8896
61 156 22.3214
62 156 22.3214
72 156 22.3214
199 156 40.1606
200 156 40.1606
279 156 66.8896
365 156 200
61 157 22.3214
62 157 22.3214
135 157 22.3214
199 157 40.1606
200 157 40.1606
279 157 66.8896
342 157 200
508 157 22.3214
61 158 22.3214
62 158 22.3214
73 158 22.3214
74 158 22.3214
371 158 200
614 158 18.2648
62 159 22.3214
73 159 22.3214
74 159 22.3214
152 159 28.6944
200 159 40.1606
334 159 200
354 159 200
371 159 200
614 159 18.2648
11 160 18.2648
135 160 22.3214
287 160 200
11 161 18.2648
111 161 28.6944
134 161 22.3214
135 161 22.3214
139 161 22.3214
140 161 22.3214
5 162 18.2648
62 162 22.3214
72 162 22.3214
111 162 28.6944
134 162 22.3214
135 162 22.3214
245 162 66.8896
260 162 66.8896
287 162 200
5 163 18.2648
38 163 22.3214
72 163 22.3214
130 163 28.6944
245 163 66.8896
260 163 66.8896
5 164 18.2648
38 164 22.3214
46 164 22.3214
47 164 22.3214
62 164 22.3214
72 164 22.3214
129 164 28.6944
130 164 28.6944
231 164 66.8896
245 164 66.8896
260 164 66.8896
5 165 18.2648
12 165 18.2648
38 165 22.3214
46 165 22.3214
47 165 22.3214
62 165 22.3214
72 165 22.3214
129 165 28.6944
130 165 28.6944
188 165 28.6944
245 165 66.8896
260 165 66.8896
287 165 200
319 165 200
331 165 200
343 165 200
351 165 15.456
5 166 18.2648
38 166 22.3214
46 166 22.3214
47 166 22.3214
72 166 22.3214
130 166 28.6944
135 166 22.3214
260 166 66.8896
287 166 200
319 166 200
5 167 18.2648
38 167 22.3214
47 167 22.3214
72 167 22.3214
260 167 66.8896
319 167 200
5 168 18.2648
38 168 22.3214
41 168 22.3214
47 168 22.3214
72 168 22.3214
73 168 22.3214
260 168 66.8896
5 169 18.2648
38 169 22.3214
41 169 22.3214
47 169 22.3214
72 169 22.3214
73 169 22.3214
91 169 28.6944
152 169 22.3214
260 169 66.8896
312 169 40.1606
5 170 18.2648
39 170 22.3214
41 170 22.3214
47 170 22.3214
72 170 22.3214
73 170 22.3214
96 170 28.6944
97 170 28.6944
136 170 22.3214
260 170 66.8896
312 170 40.1606
5 171 18.2648
41 171 22.3214
47 171 22.3214
72 171 22.3214
73 171 22.3214
96 171 28.6944
97 171 28.6944
136 171 22.3214
260 171 66.8896
287 171 200
545 171 15.456
5 172 18.2648
41 172 22.3214
47 172 22.3214
72 172 22.3214
73 172 22.3214
91 172 22.3214
144 172 22.3214
279 172 66.8896
280 172 66.8896
339 172 40.1606
5 173 18.2648
41 173 22.3214
47 173 22.3214
72 173 22.3214
73 173 22.3214
91 173 22.3214
129 173 28.6944
130 173 28.6944
279 173 66.8896
332 173 200
338 173 40.1606
614 173 18.2648
5 174 18.2648
47 174 22.3214
72 174 22.3214
73 174 22.3214
91 174 22.3214
122 174 28.6944
130 174 28.6944
279 174 66.8896
5 175 18.2648
47 175 22.3214
73 175 22.3214
91 175 22.3214
122 175 28.6944
130 175 28.6944
570 175 15.456
5 176 18.2648
62 176 22.3214
63 176 22.3214
91 176 22.3214
122 176 28.6944
130 176 28.6944
142 176 22.3214
154 176 22.3214
304 176 15.456
5 177 18.2648
74 177 22.3214
75 177 22.3214
122 177 28.6944
143 177 22.3214
151 177 22.3214
152 177 22.3214
614 177 18.2648
5 178 18.2648
48 178 22.3214
119 178 28.6944
122 178 28.6944
136 178 22.3214
143 178 22.3214
155 178 22.3214
289 178 66.8896
319 178 200
414 178 6.09013
40 179 22.3214
48 179 22.3214
61 179 22.3214
122 179 28.6944
136 179 22.3214
143 179 22.3214
155 179 22.3214
289 179 66.8896
319 179 200
370 179 28.6944
409 179 28.6944
40 180 22.3214
48 180 22.3214
61 180 22.3214
62 180 22.3214
122 180 28.6944
136 180 22.3214
143 180 22.3214
287 180 66.8896
289 180 66.8896
406 180 28.6944
6 181 18.2648
40 181 22.3214
48 181 22.3214
80 181 22.3214
81 181 22.3214
122 181 28.6944
287 181 66.8896
289 181 66.8896
368 181 28.6944
369 181 28.6944
404 181 28.6944
405 181 28.6944
406 181 28.6944
407 181 28.6944
423 181 11.8203
483 181 28.6944
6 182 18.2648
40 182 22.3214
41 182 22.3214
48 182 22.3214
80 182 22.3214
122 182 28.6944
143 182 22.3214
287 182 66.8896
289 182 66.8896
334 182 200
341 182 40.1606
368 182 28.6944
369 182 28.6944
403 182 40.1606
404 182 28.6944
406 182 28.6944
18 183 15.456
41 183 22.3214
113 183 28.6944
119 183 28.6944
122 183 28.6944
125 183 28.6944
136 183 22.3214
143 183 22.3214
287 183 66.8896
289 183 66.8896
334 183 200
418 183 40.1606
454 183 40.1606
7 184 18.2648
113 184 28.6944
119 184 28.6944
122 184 28.6944
125 184 28.6944
136 184 22.3214
289 184 66.8896
414 184 40.1606
418 184 40.1606
420 184 40.1606
7 185 18.2648
38 185 22.3214
39 185 22.3214
43 185 22.3214
44 185 22.3214
72 185 22.3214
113 185 28.6944
119 185 28.6944
122 185 28.6944
136 185 22.3214
289 185 66.8896
414 185 66.8896
418 185 40.1606
15 186 18.2648
39 186 22.3214
43 186 22.3214
44 186 22.3214
48 186 22.3214
71 186 22.3214
72 186 22.3214
76 186 22.3214
113 186 28.6944
119 186 28.6944
122 186 28.6944
125 186 28.6944
136 186 22.3214
155 186 22.3214
261 186 66.8896
289 186 66.8896
305 186 15.456
344 186 40.1606
370 186 9.56938
412 186 66.8896
414 186 66.8896
418 186 40.1606
635 186 13.3958
48 187 22.3214
71 187 22.3214
72 187 22.3214
76 187 22.3214
93 187 22.3214
119 187 28.6944
122 187 28.6944
136 187 22.3214
155 187 22.3214
232 187 66.8896
260 187 66.8896
261 187 66.8896
288 187 66.8896
289 187 66.8896
312 187 40.1606
327 187 200
332 187 200
338 187 200
344 187 40.1606
360 187 66.8896
370 187 9.56938
408 187 200
412 187 200
414 187 200
418 187 40.1606
76 188 22.3214
136 188 22.3214
232 188 66.8896
250 188 66.8896
255 188 66.8896
260 188 66.8896
261 188 66.8896
288 188 66.8896
289 188 66.8896
327 188 200
338 188 200
344 188 40.1606
412 188 200
418 188 40.1606
452 188 40.1606
14 189 18.2648
15 189 18.2648
37 189 22.3214
114 189 28.6944
136 189 22.3214
232 189 66.8896
250 189 66.8896
255 189 66.8896
260 189 66.8896
261 189 66.8896
288 189 66.8896
327 189 200
338 189 200
344 189 40.1606
358 189 15.456
362 189 66.8896
366 189 40.1606
412 189 200
414 189 200
418 189 40.1606
37 190 22.3214
49 190 22.3214
50 190 22.3214
131 190 28.6944
136 190 22.3214
232 190 66.8896
250 190 66.8896
255 190 66.8896
260 190 66.8896
261 190 66.8896
288 190 66.8896
289 190 66.8896
291 190 66.8896
327 190 200
330 190 66.8896
338 190 200
344 190 40.1606
362 190 66.8896
366 190 40.1606
408 190 200
412 190 200
414 190 200
418 190 40.1606
49 191 22.3214
50 191 22.3214
71 191 22.3214
74 191 22.3214
100 191 28.6944
121 191 22.3214
136 191 22.3214
250 191 66.8896
255 191 66.8896
260 191 66.8896
261 191 66.8896
289 191 66.8896
327 191 200
338 191 200
344 191 40.1606
357 191 15.456
365 191 40.1606
366 191 40.1606
412 191 66.8896
414 191 66.8896
418 191 40.1606
121 192 22.3214
122 192 22.3214
131 192 28.6944
132 192 28.6944
156 192 28.6944
250 192 66.8896
255 192 66.8896
261 192 66.8896
327 192 200
337 192 200
338 192 200
344 192 40.1606
350 192 22.3214
357 192 15.456
366 192 40.1606
414 192 66.8896
418 192 40.1606
442 192 66.8896
483 192 28.6944
31 193 18.2648
121 193 22.3214
156 193 28.6944
165 193 28.6944
166 193 28.6944
247 193 200
250 193 66.8896
252 193 66.8896
255 193 66.8896
260 193 66.8896
261 193 66.8896
337 193 200
338 193 200
344 193 40.1606
348 193 22.3214
350 193 22.3214
362 193 66.8896
416 193 40.1606
418 193 40.1606
435 193 200
442 193 66.8896
483 193 28.6944
7 194 15.456
31 194 18.2648
120 194 22.3214
155 194 28.6944
247 194 200
250 194 66.8896
255 194 66.8896
261 194 66.8896
344 194 40.1606
369 194 28.6944
418 194 40.1606
442 194 66.8896
31 195 18.2648
118 195 22.3214
120 195 22.3214
155 195 28.6944
250 195 66.8896
255 195 66.8896
261 195 66.8896
304 195 40.1606
330 195 66.8896
344 195 40.1606
31 196 18.2648
34 196 18.2648
118 196 22.3214
119 196 22.3214
149 196 28.6944
150 196 28.6944
155 196 28.6944
290 196 66.8896
344 196 40.1606
10 197 15.456
31 197 18.2648
34 197 18.2648
118 197 22.3214
119 197 22.3214
155 197 28.6944
290 197 66.8896
298 197 22.3214
369 197 28.6944
10 198 15.456
31 198 18.2648
34 198 18.2648
72 198 18.2648
119 198 22.3214
290 198 66.8896
315 198 200
337 198 40.1606
344 198 40.1606
31 199 18.2648
34 199 18.2648
37 199 18.2648
40 199 18.2648
56 199 18.2648
70 199 18.2648
71 199 18.2648
119 199 22.3214
327 199 200
336 199 40.1606
337 199 40.1606
344 199 22.3214
10 200 15.456
31 200 18.2648
34 200 18.2648
37 200 18.2648
40 200 18.2648
55 200 18.2648
56 200 18.2648
69 200 18.2648
70 200 18.2648
79 200 18.2648
119 200 22.3214
155 200 28.6944
286 200 40.1606
310 200 40.1606
311 200 40.1606
344 200 22.3214
484 200 28.6944
10 201 15.456
31 201 18.2648
34 201 18.2648
37 201 18.2648
41 201 18.2648
48 201 18.2648
49 201 18.2648
55 201 18.2648
56 201 18.2648
69 201 18.2648
80 201 18.2648
119 201 22.3214
286 201 40.1606
311 201 40.1606
323 201 15.456
330 201 200
15 202 15.456
31 202 18.2648
34 202 18.2648
48 202 18.2648
55 202 18.2648
56 202 18.2648
69 202 18.2648
119 202 22.3214
159 202 28.6944
160 202 28.6944
203 202 40.1606
281 202 200
286 202 40.1606
300 202 40.1606
347 202 200
484 202 28.6944
637 202 15.456
9 203 15.456
15 203 15.456
31 203 18.2648
34 203 18.2648
55 203 18.2648
56 203 18.2648
68 203 18.2648
69 203 18.2648
119 203 22.3214
159 203 28.6944
281 203 200
286 203 40.1606
300 203 40.1606
346 203 200
347 203 200
484 203 28.6944
18 204 15.456
31 204 18.2648
34 204 18.2648
55 204 18.2648
56 204 18.2648
68 204 18.2648
69 204 18.2648
87 204 18.2648
119 204 22.3214
157 204 28.6944
158 204 28.6944
281 204 200
346 204 200
369 204 28.6944
484 204 28.6944
17 205 15.456
18 205 15.456
34 205 18.2648
55 205 18.2648
56 205 18.2648
62 205 13.3958
68 205 18.2648
69 205 18.2648
80 205 18.2648
87 205 18.2648
119 205 22.3214
121 205 22.3214
157 205 28.6944
158 205 28.6944
281 205 66.8896
311 205 40.1606
369 205 28.6944
448 205 66.8896
452 205 40.1606
484 205 28.6944
16 206 15.456
34 206 18.2648
55 206 18.2648
56 206 18.2648
69 206 18.2648
87 206 18.2648
88 206 18.2648
119 206 22.3214
121 206 22.3214
156 206 28.6944
157 206 28.6944
369 206 28.6944
451 206 40.1606
16 207 15.456
32 207 18.2648
34 207 18.2648
35 207 18.2648
55 207 18.2648
56 207 18.2648
69 207 18.2648
70 207 18.2648
88 207 18.2648
119 207 22.3214
121 207 22.3214
155 207 28.6944
156 207 28.6944
369 207 28.6944
484 207 28.6944
15 208 15.456
32 208 18.2648
34 208 18.2648
35 208 18.2648
55 208 18.2648
56 208 18.2648
71 208 18.2648
119 208 22.3214
121 208 22.3214
154 208 28.6944
155 208 28.6944
223 208 40.1606
231 208 40.1606
281 208 66.8896
286 208 200
298 208 40.1606
363 208 66.8896
366 208 40.1606
369 208 28.6944
422 208 66.8896
456 208 40.1606
14 209 15.456
32 209 18.2648
34 209 18.2648
35 209 18.2648
55 209 18.2648
56 209 18.2648
119 209 22.3214
154 209 28.6944
187 209 28.6944
223 209 40.1606
231 209 40.1606
234 209 22.3214
235 209 22.3214
236 209 22.3214
281 209 66.8896
286 209 200
297 209 40.1606
298 209 40.1606
326 209 13.3958
339 209 66.8896
363 209 66.8896
366 209 40.1606
368 209 28.6944
369 209 28.6944
417 209 200
422 209 66.8896
431 209 66.8896
456 209 40.1606
484 209 28.6944
5 210 15.456
14 210 15.456
32 210 18.2648
34 210 18.2648
35 210 18.2648
55 210 18.2648
56 210 18.2648
119 210 22.3214
150 210 28.6944
154 210 28.6944
187 210 28.6944
231 210 40.1606
297 210 40.1606
298 210 40.1606
363 210 66.8896
366 210 40.1606
368 210 28.6944
369 210 28.6944
484 210 28.6944
4 211 15.456
32 211 18.2648
35 211 18.2648
55 211 18.2648
56 211 18.2648
87 211 18.2648
111 211 22.3214
119 211 22.3214
137 211 22.3214
154 211 28.6944
231 211 40.1606
297 211 40.1606
298 211 40.1606
312 211 40.1606
333 211 66.8896
335 211 66.8896
369 211 28.6944
418 211 200
421 211 66.8896
484 211 28.6944
4 212 15.456
12 212 15.456
32 212 18.2648
35 212 18.2648
55 212 18.2648
56 212 18.2648
87 212 18.2648
88 212 18.2648
119 212 22.3214
121 212 22.3214
136 212 22.3214
137 212 22.3214
141 212 22.3214
152 212 28.6944
153 212 28.6944
177 212 28.6944
232 212 40.1606
292 212 200
297 212 40.1606
309 212 15.456
312 212 40.1606
324 212 15.456
369 212 28.6944
404 212 200
421 212 66.8896
4 213 15.456
7 213 15.456
12 213 15.456
32 213 18.2648
35 213 18.2648
55 213 18.2648
56 213 18.2648
88 213 18.2648
137 213 22.3214
141 213 22.3214
232 213 40.1606
297 213 40.1606
312 213 40.1606
315 213 28.6944
324 213 15.456
344 213 7.44324
369 213 28.6944
421 213 66.8896
456 213 40.1606
484 213 28.6944
3 214 15.456
4 214 15.456
11 214 15.456
12 214 15.456
32 214 18.2648
35 214 18.2648
56 214 18.2648
88 214 18.2648
179 214 28.6944
231 214 40.1606
232 214 40.1606
285 214 40.1606
286 214 40.1606
297 214 40.1606
312 214 40.1606
324 214 15.456
362 214 66.8896
421 214 66.8896
484 214 28.6944
3 215 15.456
32 215 18.2648
35 215 18.2648
56 215 18.2648
81 215 18.2648
153 215 28.6944
179 215 28.6944
184 215 28.6944
185 215 28.6944
232 215 40.1606
292 215 40.1606
297 215 40.1606
298 215 40.1606
312 215 40.1606
421 215 66.8896
484 215 28.6944
3 216 15.456
10 216 15.456
32 216 18.2648
35 216 18.2648
56 216 18.2648
153 216 28.6944
179 216 28.6944
183 216 28.6944
184 216 28.6944
232 216 40.1606
297 216 40.1606
298 216 40.1606
421 216 66.8896
484 216 28.6944
9 217 15.456
32 217 18.2648
35 217 18.2648
38 217 18.2648
56 217 18.2648
88 217 18.2648
153 217 28.6944
162 217 28.6944
179 217 28.6944
182 217 28.6944
183 217 28.6944
232 217 40.1606
298 217 40.1606
421 217 66.8896
450 217 40.1606
484 217 28.6944
5 218 15.456
9 218 15.456
32 218 18.2648
35 218 18.2648
38 218 18.2648
40 218 18.2648
56 218 18.2648
87 218 18.2648
88 218 18.2648
137 218 22.3214
153 218 28.6944
162 218 28.6944
182 218 28.6944
183 218 28.6944
221 218 28.6944
232 218 40.1606
298 218 40.1606
316 218 40.1606
358 218 200
365 218 40.1606
450 218 40.1606
484 218 28.6944
4 219 15.456
32 219 18.2648
35 219 18.2648
38 219 18.2648
56 219 18.2648
88 219 18.2648
120 219 22.3214
162 219 28.6944
183 219 28.6944
221 219 28.6944
232 219 40.1606
298 219 40.1606
313 219 40.1606
316 219 40.1606
365 219 40.1606
484 219 28.6944
4 220 15.456
32 220 18.2648
38 220 18.2648
56 220 18.2648
88 220 18.2648
120 220 22.3214
153 220 28.6944
163 220 28.6944
183 220 28.6944
190 220 40.1606
297 220 40.1606
313 220 40.1606
407 220 28.6944
484 220 28.6944
3 221 15.456
13 221 15.456
32 221 18.2648
38 221 18.2648
49 221 18.2648
56 221 18.2648
87 221 18.2648
88 221 18.2648
120 221 22.3214
153 221 28.6944
163 221 28.6944
183 221 28.6944
192 221 28.6944
232 221 40.1606
297 221 40.1606
366 221 40.1606
368 221 28.6944
397 221 200
404 221 40.1606
405 221 28.6944
407 221 28.6944
408 221 28.6944
412 221 6.09013
484 221 28.6944
3 222 15.456
7 222 15.456
14 222 15.456
32 222 18.2648
38 222 18.2648
49 222 18.2648
56 222 18.2648
57 222 18.2648
120 222 22.3214
153 222 28.6944
163 222 28.6944
183 222 28.6944
190 222 28.6944
192 222 28.6944
231 222 40.1606
297 222 40.1606
325 222 40.1606
366 222 40.1606
368 222 28.6944
369 222 28.6944
373 222 22.3214
374 222 22.3214
376 222 18.2648
396 222 200
397 222 200
405 222 28.6944
407 222 28.6944
408 222 28.6944
412 222 6.09013
480 222 40.1606
484 222 28.6944
6 223 15.456
32 223 18.2648
38 223 18.2648
49 223 18.2648
56 223 18.2648
192 223 28.6944
297 223 40.1606
321 223 200
325 223 40.1606
326 223 40.1606
367 223 28.6944
368 223 28.6944
369 223 28.6944
370 223 28.6944
371 223 28.6944
373 223 22.3214
374 223 22.3214
377 223 18.2648
396 223 200
397 223 200
398 223 200
401 223 28.6944
407 223 28.6944
413 223 6.09013
414 223 6.09013
417 223 6.09013
418 223 5.74218
480 223 40.1606
484 223 28.6944
32 224 18.2648
38 224 18.2648
41 224 18.2648
49 224 18.2648
120 224 22.3214
136 224 22.3214
137 224 22.3214
141 224 22.3214
233 224 40.1606
311 224 40.1606
321 224 200
326 224 40.1606
370 224 28.6944
374 224 22.3214
377 224 18.2648
398 224 200
402 224 28.6944
403 224 28.6944
415 224 6.09013
417 224 6.09013
420 224 6.09013
484 224 28.6944
32 225 18.2648
38 225 18.2648
41 225 18.2648
122 225 22.3214
137 225 22.3214
159 225 28.6944
233 225 40.1606
321 225 200
325 225 40.1606
326 225 40.1606
374 225 22.3214
398 225 28.6944
404 225 28.6944
484 225 28.6944
5 226 15.456
32 226 18.2648
38 226 18.2648
98 226 18.2648
159 226 28.6944
325 226 40.1606
326 226 40.1606
372 226 22.3214
484 226 28.6944
4 227 15.456
5 227 15.456
32 227 18.2648
39 227 18.2648
120 227 18.2648
122 227 22.3214
159 227 28.6944
160 227 28.6944
222 227 40.1606
226 227 28.6944
228 227 28.6944
351 227 9.56938
366 227 40.1606
404 227 28.6944
484 227 28.6944
3 228 15.456
4 228 15.456
32 228 18.2648
39 228 18.2648
41 228 18.2648
47 228 18.2648
79 228 18.2648
120 228 22.3214
122 228 22.3214
160 228 28.6944
161 228 28.6944
228 228 28.6944
288 228 40.1606
322 228 40.1606
366 228 40.1606
404 228 28.6944
484 228 28.6944
3 229 15.456
32 229 18.2648
39 229 18.2648
78 229 18.2648
123 229 22.3214
288 229 40.1606
310 229 40.1606
388 229 28.6944
394 229 200
404 229 28.6944
484 229 28.6944
3 230 15.456
32 230 18.2648
33 230 18.2648
39 230 18.2648
78 230 18.2648
123 230 22.3214
244 230 40.1606
310 230 40.1606
311 230 40.1606
317 230 40.1606
318 230 40.1606
368 230 66.8896
372 230 40.1606
378 230 22.3214
383 230 66.8896
388 230 28.6944
389 230 28.6944
394 230 200
395 230 200
404 230 28.6944
484 230 28.6944
12 231 18.2648
13 231 18.2648
32 231 18.2648
33 231 18.2648
142 231 28.6944
143 231 28.6944
145 231 18.2648
146 231 18.2648
286 231 40.1606
310 231 40.1606
368 231 40.1606
372 231 28.6944
374 231 40.1606
378 231 22.3214
394 231 200
395 231 200
404 231 28.6944
13 232 18.2648
32 232 18.2648
33 232 18.2648
137 232 22.3214
285 232 40.1606
286 232 40.1606
370 232 40.1606
404 232 28.6944
32 233 18.2648
33 233 18.2648
137 233 22.3214
163 233 28.6944
285 233 40.1606
286 233 40.1606
368 233 28.6944
370 233 40.1606
404 233 28.6944
7 234 18.2648
32 234 18.2648
33 234 18.2648
87 234 22.3214
94 234 28.6944
104 234 22.3214
105 234 22.3214
107 234 22.3214
162 234 28.6944
370 234 28.6944
7 235 18.2648
32 235 18.2648
33 235 18.2648
86 235 22.3214
87 235 22.3214
94 235 28.6944
104 235 22.3214
137 235 22.3214
33 236 18.2648
67 236 22.3214
86 236 22.3214
87 236 22.3214
137 236 22.3214
142 236 22.3214
17 237 18.2648
67 237 22.3214
79 237 22.3214
87 237 22.3214
120 237 22.3214
121 237 22.3214
137 237 22.3214
138 237 22.3214
142 237 22.3214
6 238 18.2648
17 238 18.2648
59 238 18.2648
65 238 22.3214
67 238 22.3214
137 238 22.3214
138 238 22.3214
610 238 18.2648
5 239 18.2648
17 239 18.2648
59 239 18.2648
138 239 22.3214
610 239 18.2648
5 240 18.2648
17 240 18.2648
138 240 22.3214
610 240 18.2648
4 241 18.2648
5 241 18.2648
6 241 18.2648
12 241 18.2648
15 241 18.2648
17 241 18.2648
18 241 18.2648
106 241 22.3214
107 241 22.3214
138 241 22.3214
142 241 22.3214
610 241 18.2648
4 242 18.2648
10 242 18.2648
15 242 18.2648
18 242 18.2648
60 242 18.2648
77 242 18.2648
137 242 22.3214
138 242 22.3214
142 242 22.3214
4 243 18.2648
10 243 18.2648
16 243 18.2648
18 243 18.2648
60 243 18.2648
138 243 22.3214
142 243 22.3214
10 244 18.2648
138 244 22.3214
142 244 22.3214
138 245 22.3214
142 245 22.3214
19 246 18.2648
28 246 15.456
29 246 15.456
138 246 22.3214
142 246 22.3214
31 247 15.456
138 247 22.3214
142 247 22.3214
91 248 18.2648
138 248 22.3214
31 249 15.456
89 249 18.2648
138 249 22.3214
637 250 11.8203
637 251 11.8203
637 252 11.8203
637 253 11.8203
637 254 11.8203
637 255 11.8203
637 256 11.8203
637 257 11.8203
637 258 11.8203
269 259 18.2648
637 259 11.8203
637 260 11.8203
194 265 15.456
252 265 15.456
636 267 11.8203
622 269 11.8203
623 269 11.8203
21 270 13.3958
22 270 13.3958
636 271 11.8203
229 274 13.3958
230 274 13.3958
109 277 13.3958
109 278 13.3958
200 286 11.8203
201 286 11.8203
201 287 11.8203
202 287 11.8203
192 294 10.5764
161 304 9.56938
162 304 9.56938
163 304 9.56938
117 305 9.56938
162 305 9.56938
163 305 9.56938
164 305 8.73744
169 305 8.73744
170 305 8.73744
171 305 8.73744
533 307 8.73744
149 316 8.03858
150 316 8.03858
568 320 6.93001
565 321 7.44324
106 330 7.44324
107 330 7.44324
546 330 6.93001
106 331 7.44324
107 331 7.44324
108 331 7.44324
109 331 7.44324
114 331 6.93001
115 331 6.93001
116 331 6.93001
117 331 6.93001
118 331 6.93001
568 331 6.93001
106 332 7.44324
107 332 7.44324
464 333 6.93001
464 334 6.93001
465 334 6.93001
466 334 6.93001
467 334 6.93001
468 334 6.93001
470 334 6.93001
471 334 6.93001
474 334 6.48298
475 334 6.48298
476 334 6.48298
568 336 6.93001
586 339 6.48298
565 340 6.48298
570 340 6.48298
586 340 6.48298
553 341 6.48298
556 341 6.48298
6 346 6.48298
65 350 6.09013
70 350 6.09013
71 350 6.09013
72 350 6.09013
78 350 6.09013
80 350 6.09013
81 350 6.09013
82 350 6.09013
578 350 6.09013
567 351 6.09013
568 351 6.09013
570 351 6.09013
571 351 6.09013
576 351 6.09013
586 351 6.09013
588 351 6.09013
600 351 6.09013
590 352 6.09013
602 352 6.09013
603 352 6.09013
604 352 6.09013
602 353 6.09013
605 353 5.74218
605 354 5.74218
516 355 6.09013
519 355 5.74218
518 356 5.74218
634 358 5.43183
633 359 5.43183
634 359 5.43183
633 360 5.43183
29 363 5.74218
626 367 5.43183
631 367 5.43183
635 368 5.43183
634 369 5.43183
635 369 5.43183
626 370 5.74218
627 370 5.74218
633 370 5.43183
634 370 5.43183
637 370 5.15331
627 371 5.74218
630 371 5.43183
631 371 5.43183
632 371 5.43183
636 371 5.15331
637 371 5.15331
133 372 5.15331
628 372 5.43183
629 372 5.43183
630 372 5.43183
631 372 5.43183
633 372 5.43183
634 372 5.15331
635 372 5.15331
134 373 5.15331
632 373 5.43183
633 373 5.15331
637 373 5.15331
132 374 5.15331
133 374 5.15331
636 376 5.15331
5 379 5.15331
6 379 5.15331
21 379 5.15331
3 380 5.15331
4 380 5.15331
22 380 5.15331
23 380 5.15331
24 380 5.15331
4 381 5.15331
5 381 5.15331
6 381 5.15331
3 382 5.15331
4 382 5.15331
416 382 4.90196
417 382 4.90196
415 384 4.90196
416 384 4.90196
417 384 4.90196
418 384 4.90196
416 385 4.90196
417 385 4.90196
121 387 4.90196
122 387 4.90196
121 388 4.90196
122 388 4.90196
118 389 4.90196
118 390 4.90196
119 390 4.90196
120 390 4.90196
118 391 4.90196
119 391 4.90196
623 424 3.94089
624 424 3.94089
212 425 3.94089
213 425 3.94089
623 425 3.94089
625 427 3.94089
626 427 3.94089
627 427 3.94089
629 428 3.94089
541 432 3.94089
542 432 3.94089
543 432 3.79219
543 433 3.79219
544 433 3.79219
545 433 3.79219
546 433 3.79219
547 433 3.79219
548 433 3.79219
549 433 3.79219
551 433 3.79219
552 433 3.79219
553 433 3.79219
554 433 3.79219
556 433 3.79219
557 433 3.79219
558 433 3.79219
559 433 3.79219
562 433 3.79219
563 433 3.79219
564 433 3.79219
544 434 3.79219
545 434 3.79219
546 434 3.79219
547 434 3.79219
216 442 3.6543
217 442 3.6543
218 442 3.6543
594 443 3.6543
212 445 3.6543
213 445 3.6543
212 446 3.6543
213 446 3.6543
214 446 3.6543
352 453 3.52609
47 454 3.52609
331 454 3.52609
332 454 3.52609
352 454 3.52609
353 458 3.40657
250 463 3.40657
