32 3 22.3214
35 3 22.3214
36 3 22.3214
112 3 28.6944
187 3 40.1606
188 3 40.1606
607 3 11.8203
624 3 9.56938
628 3 8.73744
36 4 22.3214
112 4 28.6944
188 4 40.1606
189 4 40.1606
619 4 10.5764
620 4 10.5764
625 4 9.56938
626 4 9.56938
629 4 8.73744
631 4 8.73744
182 5 200
189 5 40.1606
190 5 40.1606
590 5 11.8203
608 5 11.8203
620 5 10.5764
621 5 10.5764
625 5 9.56938
626 5 9.56938
629 5 8.73744
630 5 8.73744
104 6 18.2648
190 6 40.1606
191 6 40.1606
609 6 11.8203
621 6 10.5764
622 6 10.5764
630 6 8.73744
37 7 22.3214
104 7 18.2648
184 7 200
191 7 40.1606
610 7 11.8203
622 7 10.5764
37 8 22.3214
78 8 22.3214
104 8 18.2648
135 8 28.6944
185 8 200
192 8 40.1606
610 8 11.8203
611 8 11.8203
627 8 9.56938
631 8 8.73744
637 8 9.56938
78 9 22.3214
103 9 22.3214
104 9 22.3214
116 9 28.6944
135 9 28.6944
186 9 200
193 9 40.1606
606 9 10.5764
611 9 11.8203
628 9 9.56938
5 10 18.2648
33 10 22.3214
102 10 22.3214
103 10 22.3214
116 10 28.6944
187 10 200
194 10 40.1606
607 10 10.5764
612 10 11.8203
624 10 10.5764
628 10 9.56938
632 10 8.73744
5 11 18.2648
33 11 22.3214
36 11 22.3214
102 11 22.3214
103 11 22.3214
113 11 28.6944
116 11 28.6944
135 11 28.6944
188 11 200
195 11 40.1606
622 11 40.1606
629 11 9.56938
33 12 22.3214
36 12 22.3214
127 12 28.6944
189 12 200
196 12 40.1606
625 12 10.5764
629 12 9.56938
33 13 22.3214
36 13 22.3214
114 13 28.6944
116 13 28.6944
127 13 28.6944
197 13 40.1606
33 14 22.3214
36 14 22.3214
116 14 28.6944
127 14 28.6944
135 14 28.6944
191 14 200
198 14 40.1606
630 14 9.56938
634 14 8.73744
33 15 22.3214
36 15 22.3214
116 15 28.6944
123 15 28.6944
127 15 28.6944
192 15 200
199 15 40.1606
630 15 9.56938
634 15 8.73744
33 16 22.3214
36 16 22.3214
123 16 28.6944
193 16 200
199 16 40.1606
200 16 40.1606
479 16 40.1606
615 16 10.5764
616 16 10.5764
634 16 8.73744
7 17 18.2648
8 17 18.2648
33 17 22.3214
36 17 22.3214
123 17 28.6944
194 17 200
200 17 40.1606
201 17 40.1606
617 17 10.5764
5 18 18.2648
33 18 22.3214
36 18 22.3214
123 18 28.6944
195 18 200
201 18 40.1606
202 18 40.1606
618 18 10.5764
619 18 10.5764
633 18 9.56938
23 19 22.3214
33 19 22.3214
36 19 22.3214
123 19 28.6944
196 19 200
202 19 40.1606
203 19 40.1606
620 19 10.5764
23 20 22.3214
33 20 22.3214
36 20 22.3214
123 20 28.6944
128 20 28.6944
197 20 200
203 20 40.1606
204 20 40.1606
601 20 11.8203
621 20 10.5764
634 20 9.56938
5 21 18.2648
33 21 22.3214
36 21 22.3214
128 21 28.6944
198 21 200
204 21 40.1606
622 21 10.5764
634 21 9.56938
5 22 18.2648
6 22 18.2648
33 22 22.3214
36 22 22.3214
199 22 200
205 22 40.1606
499 22 22.3214
623 22 10.5764
4 23 18.2648
5 23 18.2648
6 23 18.2648
33 23 22.3214
36 23 22.3214
127 23 28.6944
206 23 40.1606
475 23 40.1606
620 23 11.8203
628 23 28.6944
33 24 22.3214
36 24 22.3214
105 24 18.2648
126 24 28.6944
127 24 28.6944
128 24 28.6944
200 24 200
201 24 200
207 24 40.1606
474 24 40.1606
620 24 11.8203
8 25 18.2648
36 25 22.3214
37 25 22.3214
126 25 28.6944
127 25 28.6944
208 25 40.1606
491 25 40.1606
621 25 11.8203
635 25 9.56938
8 26 18.2648
38 26 22.3214
57 26 22.3214
174 26 28.6944
202 26 200
209 26 40.1606
636 26 9.56938
7 27 18.2648
8 27 18.2648
38 27 22.3214
57 27 22.3214
203 27 200
210 27 40.1606
622 27 11.8203
636 27 9.56938
57 28 22.3214
60 28 18.2648
105 28 18.2648
204 28 200
210 28 40.1606
211 28 40.1606
607 28 11.8203
622 28 11.8203
627 28 10.5764
637 28 9.56938
57 29 22.3214
105 29 18.2648
179 29 40.1606
188 29 40.1606
205 29 200
211 29 40.1606
212 29 40.1606
608 29 11.8203
622 29 11.8203
623 29 11.8203
628 29 10.5764
632 29 10.5764
637 29 9.56938
57 30 22.3214
64 30 22.3214
105 30 18.2648
156 30 40.1606
179 30 40.1606
206 30 200
212 30 40.1606
602 30 10.5764
623 30 11.8203
633 30 10.5764
57 31 22.3214
63 31 22.3214
64 31 22.3214
104 31 18.2648
105 31 18.2648
207 31 200
213 31 40.1606
57 32 22.3214
63 32 22.3214
64 32 22.3214
104 32 18.2648
105 32 18.2648
188 32 40.1606
208 32 200
214 32 40.1606
624 32 11.8203
634 32 10.5764
57 33 22.3214
64 33 22.3214
104 33 18.2648
105 33 18.2648
191 33 40.1606
209 33 200
215 33 40.1606
492 33 15.456
624 33 11.8203
635 33 10.5764
57 34 22.3214
60 34 22.3214
104 34 18.2648
105 34 18.2648
188 34 40.1606
191 34 40.1606
195 34 40.1606
210 34 200
216 34 40.1606
636 34 9.56938
57 35 22.3214
60 35 22.3214
104 35 18.2648
105 35 18.2648
188 35 40.1606
211 35 200
217 35 40.1606
633 35 10.5764
637 35 9.56938
57 36 22.3214
60 36 22.3214
104 36 18.2648
105 36 18.2648
212 36 200
218 36 40.1606
521 36 15.456
626 36 11.8203
637 36 9.56938
57 37 22.3214
60 37 22.3214
104 37 18.2648
105 37 18.2648
156 37 40.1606
188 37 40.1606
219 37 40.1606
626 37 11.8203
634 37 10.5764
24 38 22.3214
57 38 22.3214
60 38 22.3214
104 38 18.2648
105 38 18.2648
150 38 40.1606
156 38 40.1606
188 38 40.1606
191 38 40.1606
219 38 40.1606
635 38 10.5764
24 39 22.3214
57 39 22.3214
60 39 22.3214
104 39 18.2648
105 39 18.2648
129 39 28.6944
130 39 28.6944
136 39 28.6944
150 39 40.1606
156 39 40.1606
191 39 40.1606
219 39 40.1606
220 39 40.1606
24 40 22.3214
57 40 22.3214
60 40 22.3214
82 40 22.3214
105 40 18.2648
136 40 28.6944
217 40 40.1606
218 40 40.1606
24 41 22.3214
60 41 22.3214
102 41 22.3214
103 41 18.2648
105 41 18.2648
150 41 40.1606
212 41 40.1606
213 41 40.1606
217 41 40.1606
218 41 40.1606
24 42 22.3214
29 42 22.3214
60 42 22.3214
102 42 22.3214
211 42 40.1606
212 42 40.1606
24 43 22.3214
28 43 22.3214
29 43 22.3214
60 43 22.3214
102 43 22.3214
105 43 18.2648
150 43 40.1606
211 43 40.1606
28 44 22.3214
29 44 22.3214
60 44 22.3214
105 44 18.2648
150 44 40.1606
211 44 40.1606
28 45 22.3214
29 45 22.3214
33 45 22.3214
42 45 22.3214
43 45 22.3214
60 45 22.3214
105 45 18.2648
150 45 40.1606
165 45 40.1606
211 45 40.1606
28 46 22.3214
29 46 22.3214
34 46 22.3214
41 46 22.3214
42 46 22.3214
43 46 22.3214
60 46 22.3214
105 46 18.2648
136 46 28.6944
167 46 40.1606
168 46 40.1606
211 46 40.1606
28 47 22.3214
29 47 22.3214
34 47 22.3214
37 47 22.3214
60 47 22.3214
105 47 18.2648
136 47 28.6944
168 47 40.1606
211 47 40.1606
212 47 40.1606
525 47 15.456
631 47 11.8203
28 48 22.3214
29 48 22.3214
34 48 22.3214
37 48 22.3214
38 48 22.3214
60 48 22.3214
105 48 18.2648
168 48 40.1606
211 48 40.1606
212 48 40.1606
525 48 15.456
631 48 11.8203
28 49 22.3214
29 49 22.3214
37 49 22.3214
85 49 28.6944
105 49 18.2648
168 49 40.1606
28 50 22.3214
29 50 22.3214
37 50 22.3214
56 50 22.3214
57 50 22.3214
89 50 28.6944
105 50 18.2648
136 50 28.6944
211 50 66.8896
212 50 66.8896
632 50 11.8203
28 51 22.3214
29 51 22.3214
37 51 22.3214
57 51 22.3214
89 51 28.6944
105 51 18.2648
211 51 66.8896
212 51 66.8896
632 51 11.8203
637 51 10.5764
28 52 22.3214
29 52 22.3214
37 52 22.3214
38 52 22.3214
89 52 28.6944
102 52 28.6944
105 52 18.2648
170 52 28.6944
28 53 22.3214
29 53 22.3214
37 53 22.3214
38 53 22.3214
95 53 28.6944
102 53 28.6944
105 53 18.2648
170 53 40.1606
28 54 22.3214
29 54 22.3214
37 54 22.3214
38 54 22.3214
67 54 22.3214
95 54 28.6944
102 54 28.6944
105 54 18.2648
136 54 28.6944
169 54 40.1606
200 54 40.1606
217 54 40.1606
218 54 40.1606
28 55 22.3214
29 55 22.3214
37 55 22.3214
38 55 22.3214
67 55 22.3214
95 55 28.6944
102 55 28.6944
170 55 40.1606
219 55 40.1606
635 55 11.8203
28 56 22.3214
29 56 22.3214
37 56 22.3214
38 56 22.3214
95 56 28.6944
102 56 28.6944
106 56 18.2648
220 56 40.1606
29 57 22.3214
37 57 22.3214
38 57 22.3214
95 57 28.6944
106 57 18.2648
221 57 40.1606
627 57 10.5764
29 58 22.3214
37 58 22.3214
38 58 22.3214
85 58 28.6944
95 58 28.6944
222 58 40.1606
29 59 22.3214
37 59 22.3214
38 59 22.3214
85 59 28.6944
95 59 28.6944
102 59 28.6944
114 59 28.6944
223 59 40.1606
29 60 22.3214
37 60 22.3214
38 60 22.3214
95 60 28.6944
223 60 40.1606
551 60 15.456
29 61 22.3214
37 61 22.3214
38 61 22.3214
95 61 28.6944
222 61 40.1606
223 61 40.1606
551 61 15.456
29 62 22.3214
34 62 28.6944
37 62 22.3214
38 62 22.3214
95 62 28.6944
163 62 28.6944
177 62 40.1606
189 62 40.1606
222 62 66.8896
223 62 66.8896
29 63 22.3214
34 63 28.6944
37 63 22.3214
38 63 22.3214
95 63 28.6944
163 63 28.6944
177 63 40.1606
189 63 40.1606
192 63 28.6944
222 63 66.8896
635 63 9.56938
11 64 18.2648
12 64 18.2648
29 64 22.3214
30 64 22.3214
37 64 22.3214
38 64 22.3214
95 64 28.6944
189 64 40.1606
628 64 11.8203
631 64 10.5764
11 65 18.2648
38 65 22.3214
95 65 28.6944
97 65 28.6944
632 65 10.5764
14 66 22.3214
30 66 22.3214
37 66 22.3214
38 66 22.3214
95 66 28.6944
129 66 28.6944
196 66 40.1606
630 66 11.8203
636 66 13.3958
37 67 22.3214
38 67 22.3214
129 67 28.6944
196 67 40.1606
203 67 18.2648
219 67 40.1606
32 68 22.3214
37 68 22.3214
38 68 22.3214
129 68 28.6944
196 68 40.1606
203 68 18.2648
205 68 18.2648
32 69 22.3214
37 69 22.3214
38 69 22.3214
129 69 28.6944
196 69 40.1606
203 69 18.2648
205 69 18.2648
631 69 11.8203
32 70 22.3214
38 70 22.3214
97 70 28.6944
137 70 28.6944
180 70 40.1606
203 70 18.2648
29 71 22.3214
32 71 22.3214
38 71 22.3214
105 71 18.2648
180 71 40.1606
196 71 40.1606
29 72 22.3214
32 72 22.3214
38 72 22.3214
100 72 28.6944
105 72 18.2648
196 72 40.1606
207 72 66.8896
637 72 10.5764
25 73 22.3214
32 73 22.3214
38 73 22.3214
105 73 18.2648
196 73 40.1606
25 74 22.3214
32 74 22.3214
38 74 22.3214
105 74 18.2648
548 74 15.456
25 75 22.3214
26 75 22.3214
32 75 22.3214
38 75 22.3214
25 76 22.3214
26 76 22.3214
38 76 22.3214
116 76 28.6944
123 76 28.6944
158 76 40.1606
209 76 40.1606
25 77 22.3214
26 77 22.3214
38 77 22.3214
106 77 18.2648
123 77 28.6944
129 77 28.6944
158 77 40.1606
259 77 66.8896
7 78 18.2648
8 78 18.2648
26 78 22.3214
123 78 28.6944
259 78 66.8896
260 78 66.8896
7 79 18.2648
40 79 22.3214
123 79 28.6944
130 79 28.6944
260 79 66.8896
261 79 66.8896
611 79 9.56938
612 79 9.56938
7 80 18.2648
40 80 22.3214
126 80 28.6944
130 80 28.6944
260 80 66.8896
261 80 66.8896
612 80 9.56938
40 81 22.3214
126 81 28.6944
261 81 66.8896
613 81 9.56938
40 82 22.3214
130 82 28.6944
209 82 40.1606
261 82 66.8896
262 82 66.8896
615 82 9.56938
8 83 18.2648
128 83 28.6944
129 83 28.6944
130 83 28.6944
148 83 40.1606
209 83 40.1606
262 83 66.8896
531 83 18.2648
618 83 9.56938
35 84 22.3214
38 84 22.3214
39 84 22.3214
128 84 28.6944
129 84 28.6944
130 84 28.6944
140 84 28.6944
152 84 40.1606
158 84 40.1606
262 84 66.8896
263 84 66.8896
411 84 200
38 85 22.3214
39 85 22.3214
152 85 40.1606
158 85 40.1606
263 85 66.8896
38 86 22.3214
39 86 22.3214
220 86 40.1606
230 86 66.8896
246 86 66.8896
263 86 66.8896
264 86 66.8896
422 86 200
38 87 22.3214
39 87 22.3214
245 87 66.8896
246 87 66.8896
263 87 66.8896
264 87 66.8896
422 87 200
632 87 9.56938
38 88 22.3214
39 88 22.3214
106 88 18.2648
168 88 28.6944
175 88 40.1606
246 88 66.8896
264 88 66.8896
284 88 13.3958
628 88 9.56938
38 89 22.3214
39 89 22.3214
106 89 18.2648
168 89 40.1606
246 89 66.8896
264 89 66.8896
265 89 66.8896
630 89 9.56938
3 90 18.2648
38 90 22.3214
39 90 22.3214
152 90 40.1606
169 90 40.1606
179 90 40.1606
246 90 66.8896
265 90 66.8896
285 90 13.3958
3 91 18.2648
38 91 22.3214
39 91 22.3214
152 91 40.1606
169 91 40.1606
220 91 40.1606
246 91 66.8896
265 91 66.8896
266 91 66.8896
285 91 13.3958
3 92 18.2648
38 92 22.3214
39 92 22.3214
106 92 18.2648
131 92 28.6944
152 92 40.1606
246 92 66.8896
266 92 66.8896
286 92 13.3958
634 92 9.56938
637 92 9.56938
3 93 18.2648
38 93 22.3214
39 93 22.3214
106 93 18.2648
152 93 40.1606
246 93 66.8896
266 93 66.8896
286 93 13.3958
38 94 22.3214
39 94 22.3214
106 94 18.2648
225 94 40.1606
246 94 66.8896
267 94 66.8896
3 95 18.2648
38 95 22.3214
39 95 22.3214
106 95 18.2648
225 95 40.1606
246 95 66.8896
267 95 66.8896
268 95 66.8896
288 95 40.1606
26 96 22.3214
27 96 22.3214
38 96 22.3214
39 96 22.3214
59 96 22.3214
106 96 18.2648
267 96 66.8896
268 96 66.8896
277 96 22.3214
283 96 200
27 97 22.3214
39 97 22.3214
59 97 22.3214
106 97 18.2648
267 97 66.8896
268 97 66.8896
288 97 200
8 98 11.8203
39 98 22.3214
59 98 22.3214
66 98 22.3214
105 98 18.2648
106 98 18.2648
128 98 28.6944
267 98 66.8896
634 98 66.8896
5 99 11.8203
8 99 11.8203
41 99 22.3214
59 99 22.3214
60 99 22.3214
65 99 22.3214
66 99 22.3214
106 99 18.2648
216 99 40.1606
278 99 40.1606
281 99 66.8896
8 100 11.8203
41 100 22.3214
59 100 22.3214
60 100 22.3214
66 100 22.3214
106 100 18.2648
138 100 28.6944
216 100 40.1606
273 100 200
281 100 66.8896
59 101 22.3214
60 101 22.3214
66 101 22.3214
103 101 22.3214
104 101 22.3214
106 101 18.2648
66 102 22.3214
103 102 22.3214
104 102 22.3214
106 102 18.2648
138 102 28.6944
190 102 40.1606
265 102 66.8896
103 103 22.3214
104 103 22.3214
106 103 18.2648
190 103 40.1606
265 103 66.8896
292 103 66.8896
293 103 66.8896
106 104 18.2648
190 104 40.1606
265 104 66.8896
293 104 66.8896
190 105 40.1606
222 105 40.1606
265 105 66.8896
106 106 18.2648
192 106 40.1606
198 106 40.1606
10 107 18.2648
11 107 18.2648
85 107 28.6944
106 107 18.2648
192 107 40.1606
210 107 40.1606
11 108 18.2648
85 108 28.6944
106 108 18.2648
178 108 40.1606
192 108 40.1606
5 109 18.2648
86 109 28.6944
87 109 28.6944
106 109 18.2648
178 109 40.1606
192 109 40.1606
23 110 13.3958
86 110 28.6944
87 110 28.6944
107 110 18.2648
192 110 40.1606
7 111 18.2648
23 111 13.3958
86 111 28.6944
87 111 28.6944
91 111 28.6944
104 111 28.6944
192 111 40.1606
231 111 66.8896
246 111 66.8896
247 111 66.8896
6 112 15.456
7 112 18.2648
8 112 18.2648
9 112 18.2648
20 112 13.3958
86 112 28.6944
87 112 28.6944
104 112 28.6944
107 112 18.2648
181 112 40.1606
182 112 40.1606
192 112 40.1606
217 112 66.8896
231 112 66.8896
246 112 66.8896
3 113 15.456
5 113 15.456
8 113 18.2648
9 113 18.2648
20 113 13.3958
23 113 13.3958
87 113 28.6944
104 113 28.6944
107 113 18.2648
182 113 40.1606
216 113 66.8896
217 113 66.8896
246 113 66.8896
259 113 66.8896
6 114 18.2648
23 114 13.3958
27 114 22.3214
87 114 28.6944
104 114 28.6944
107 114 18.2648
192 114 40.1606
217 114 66.8896
231 114 66.8896
246 114 66.8896
6 115 18.2648
23 115 13.3958
27 115 22.3214
62 115 22.3214
87 115 28.6944
104 115 28.6944
107 115 18.2648
192 115 40.1606
216 115 66.8896
217 115 66.8896
246 115 66.8896
306 115 200
635 115 40.1606
23 116 13.3958
62 116 22.3214
87 116 28.6944
217 116 66.8896
247 116 66.8896
306 116 200
87 117 28.6944
192 117 40.1606
193 117 40.1606
217 117 66.8896
302 117 200
307 117 200
5 118 18.2648
31 118 22.3214
44 118 22.3214
45 118 22.3214
64 118 22.3214
87 118 28.6944
107 118 18.2648
193 118 40.1606
302 118 200
308 118 200
31 119 22.3214
44 119 22.3214
45 119 22.3214
87 119 28.6944
97 119 28.6944
107 119 18.2648
193 119 40.1606
308 119 200
31 120 22.3214
44 120 22.3214
59 120 22.3214
87 120 28.6944
97 120 28.6944
107 120 18.2648
119 120 28.6944
124 120 28.6944
131 120 28.6944
247 120 66.8896
309 120 200
31 121 22.3214
40 121 22.3214
59 121 22.3214
87 121 28.6944
118 121 28.6944
124 121 28.6944
131 121 28.6944
247 121 66.8896
309 121 200
31 122 22.3214
40 122 22.3214
69 122 22.3214
87 122 28.6944
97 122 28.6944
118 122 28.6944
124 122 28.6944
131 122 28.6944
247 122 66.8896
310 122 200
31 123 22.3214
40 123 22.3214
69 123 22.3214
70 123 22.3214
87 123 28.6944
97 123 28.6944
118 123 28.6944
124 123 28.6944
131 123 28.6944
159 123 40.1606
160 123 40.1606
310 123 200
314 123 200
31 124 22.3214
40 124 22.3214
97 124 28.6944
118 124 28.6944
124 124 28.6944
131 124 28.6944
159 124 40.1606
259 124 66.8896
315 124 200
31 125 22.3214
40 125 22.3214
97 125 28.6944
118 125 28.6944
124 125 28.6944
159 125 40.1606
259 125 66.8896
275 125 200
31 126 22.3214
40 126 22.3214
97 126 28.6944
118 126 28.6944
124 126 28.6944
127 126 28.6944
139 126 28.6944
178 126 40.1606
275 126 200
312 126 200
31 127 22.3214
40 127 22.3214
97 127 28.6944
99 127 28.6944
118 127 28.6944
127 127 28.6944
178 127 40.1606
275 127 200
312 127 200
322 127 200
31 128 22.3214
34 128 22.3214
40 128 22.3214
118 128 28.6944
127 128 28.6944
275 128 200
312 128 200
322 128 200
323 128 200
7 129 13.3958
31 129 22.3214
34 129 22.3214
40 129 22.3214
118 129 28.6944
275 129 200
312 129 200
323 129 200
3 130 13.3958
7 130 13.3958
31 130 22.3214
32 130 22.3214
40 130 22.3214
99 130 28.6944
118 130 28.6944
159 130 40.1606
176 130 40.1606
275 130 200
313 130 200
3 131 13.3958
6 131 13.3958
7 131 13.3958
31 131 22.3214
32 131 22.3214
40 131 22.3214
99 131 28.6944
118 131 28.6944
153 131 40.1606
159 131 40.1606
176 131 40.1606
275 131 200
313 131 200
324 131 200
31 132 22.3214
32 132 22.3214
40 132 22.3214
118 132 28.6944
125 132 28.6944
153 132 40.1606
159 132 40.1606
180 132 40.1606
275 132 200
324 132 200
31 133 22.3214
32 133 22.3214
40 133 22.3214
118 133 28.6944
125 133 28.6944
170 133 40.1606
275 133 200
314 133 200
324 133 200
31 134 22.3214
32 134 22.3214
40 134 22.3214
118 134 28.6944
125 134 28.6944
171 134 40.1606
275 134 200
314 134 200
325 134 200
32 135 22.3214
40 135 22.3214
125 135 28.6944
171 135 40.1606
218 135 40.1606
325 135 200
383 135 200
32 136 22.3214
40 136 22.3214
41 136 22.3214
118 136 28.6944
125 136 28.6944
171 136 40.1606
247 136 66.8896
314 136 200
32 137 22.3214
40 137 22.3214
107 137 18.2648
118 137 28.6944
232 137 66.8896
247 137 66.8896
260 137 66.8896
314 137 200
32 138 22.3214
40 138 22.3214
41 138 22.3214
107 138 18.2648
111 138 22.3214
118 138 28.6944
125 138 28.6944
247 138 66.8896
267 138 66.8896
329 138 200
32 139 22.3214
40 139 22.3214
41 139 22.3214
107 139 18.2648
142 139 28.6944
247 139 66.8896
267 139 66.8896
329 139 200
32 140 22.3214
40 140 22.3214
41 140 22.3214
107 140 18.2648
128 140 28.6944
247 140 66.8896
330 140 200
379 140 200
32 141 22.3214
40 141 22.3214
41 141 22.3214
247 141 66.8896
331 141 200
393 141 200
32 142 22.3214
40 142 22.3214
41 142 22.3214
211 142 40.1606
247 142 66.8896
277 142 66.8896
386 142 200
389 142 200
392 142 200
32 143 22.3214
35 143 22.3214
40 143 22.3214
41 143 22.3214
130 143 28.6944
131 143 28.6944
199 143 40.1606
211 143 40.1606
247 143 66.8896
277 143 66.8896
334 143 200
385 143 200
32 144 22.3214
35 144 22.3214
40 144 22.3214
41 144 22.3214
199 144 40.1606
211 144 40.1606
247 144 66.8896
277 144 66.8896
335 144 200
32 145 22.3214
35 145 22.3214
40 145 22.3214
41 145 22.3214
211 145 40.1606
247 145 66.8896
277 145 66.8896
308 145 66.8896
335 145 200
32 146 22.3214
35 146 22.3214
40 146 22.3214
41 146 22.3214
133 146 28.6944
195 146 40.1606
277 146 66.8896
32 147 22.3214
35 147 22.3214
40 147 22.3214
41 147 22.3214
211 147 40.1606
277 147 66.8896
337 147 200
32 148 22.3214
35 148 22.3214
41 148 22.3214
108 148 18.2648
211 148 40.1606
277 148 66.8896
337 148 200
32 149 22.3214
35 149 22.3214
41 149 22.3214
276 149 66.8896
277 149 66.8896
337 149 200
32 150 22.3214
35 150 22.3214
41 150 22.3214
131 150 22.3214
276 150 66.8896
277 150 66.8896
32 151 22.3214
35 151 22.3214
41 151 22.3214
276 151 200
277 151 200
342 151 200
28 152 22.3214
29 152 22.3214
41 152 22.3214
276 152 200
277 152 200
308 152 200
342 152 200
28 153 22.3214
29 153 22.3214
43 153 22.3214
107 153 22.3214
108 153 22.3214
276 153 200
308 153 200
321 153 200
342 153 200
29 154 22.3214
43 154 22.3214
107 154 22.3214
183 154 40.1606
267 154 66.8896
342 154 200
29 155 22.3214
43 155 22.3214
130 155 22.3214
183 155 40.1606
267 155 66.8896
43 156 22.3214
183 156 40.1606
194 156 40.1606
267 156 66.8896
332 156 200
107 157 18.2648
108 157 18.2648
316 157 200
332 157 200
29 158 22.3214
41 158 22.3214
42 158 22.3214
107 158 18.2648
29 159 22.3214
41 159 22.3214
42 159 22.3214
107 159 18.2648
344 159 200
10 160 18.2648
11 160 18.2648
29 160 22.3214
41 160 22.3214
105 160 18.2648
107 160 18.2648
248 160 66.8896
276 160 200
332 160 200
10 161 18.2648
11 161 18.2648
29 161 22.3214
41 161 22.3214
105 161 18.2648
107 161 18.2648
232 161 66.8896
247 161 66.8896
248 161 66.8896
11 162 18.2648
29 162 22.3214
41 162 22.3214
42 162 22.3214
105 162 22.3214
107 162 18.2648
108 162 18.2648
200 162 40.1606
218 162 66.8896
232 162 66.8896
247 162 66.8896
248 162 66.8896
276 162 200
6 163 18.2648
11 163 18.2648
29 163 22.3214
41 163 22.3214
42 163 22.3214
105 163 22.3214
107 163 18.2648
108 163 18.2648
168 163 28.6944
218 163 66.8896
248 163 66.8896
6 164 18.2648
11 164 18.2648
29 164 22.3214
41 164 22.3214
42 164 22.3214
105 164 18.2648
107 164 18.2648
116 164 18.2648
248 164 66.8896
316 164 200
6 165 18.2648
29 165 22.3214
41 165 22.3214
42 165 22.3214
62 165 22.3214
105 165 18.2648
107 165 18.2648
108 165 18.2648
126 165 18.2648
147 165 22.3214
169 165 28.6944
248 165 66.8896
276 165 200
6 166 18.2648
41 166 22.3214
42 166 22.3214
62 166 22.3214
69 166 22.3214
107 166 18.2648
108 166 18.2648
226 166 40.1606
248 166 66.8896
276 166 200
340 166 15.456
6 167 18.2648
41 167 22.3214
42 167 22.3214
62 167 22.3214
68 167 22.3214
69 167 22.3214
107 167 18.2648
108 167 18.2648
127 167 18.2648
248 167 66.8896
6 168 18.2648
41 168 22.3214
42 168 22.3214
62 168 22.3214
68 168 22.3214
69 168 22.3214
108 168 18.2648
248 168 66.8896
6 169 18.2648
41 169 22.3214
42 169 22.3214
62 169 22.3214
108 169 18.2648
248 169 66.8896
6 170 18.2648
41 170 22.3214
42 170 22.3214
62 170 22.3214
233 170 66.8896
248 170 66.8896
6 171 18.2648
41 171 22.3214
42 171 22.3214
62 171 22.3214
108 171 18.2648
182 171 28.6944
248 171 66.8896
322 171 200
328 171 40.1606
6 172 18.2648
41 172 22.3214
42 172 22.3214
62 172 22.3214
106 172 18.2648
108 172 18.2648
127 172 18.2648
267 172 66.8896
268 172 66.8896
322 172 200
328 172 40.1606
331 172 28.6944
29 173 22.3214
30 173 22.3214
44 173 22.3214
62 173 22.3214
65 173 22.3214
108 173 18.2648
116 173 18.2648
127 173 18.2648
267 173 66.8896
268 173 66.8896
4 174 18.2648
30 174 22.3214
44 174 22.3214
65 174 22.3214
108 174 18.2648
116 174 18.2648
126 174 18.2648
137 174 22.3214
267 174 66.8896
268 174 66.8896
340 174 40.1606
4 175 18.2648
44 175 22.3214
62 175 22.3214
65 175 22.3214
108 175 18.2648
116 175 18.2648
4 176 18.2648
65 176 22.3214
108 176 18.2648
116 176 18.2648
4 177 18.2648
28 177 22.3214
65 177 22.3214
108 177 18.2648
403 177 6.09013
406 177 5.74218
4 178 18.2648
28 178 22.3214
64 178 22.3214
65 178 22.3214
108 178 18.2648
278 178 200
309 178 200
403 178 6.09013
406 178 5.74218
4 179 18.2648
5 179 18.2648
50 179 22.3214
51 179 22.3214
65 179 22.3214
309 179 200
400 179 28.6944
4 180 18.2648
5 180 18.2648
50 180 22.3214
51 180 22.3214
65 180 22.3214
87 180 28.6944
116 180 18.2648
133 180 28.6944
187 180 28.6944
276 180 200
359 180 28.6944
397 180 28.6944
398 180 28.6944
415 180 13.3958
562 180 13.3958
5 181 18.2648
65 181 22.3214
116 181 18.2648
187 181 28.6944
276 181 200
324 181 200
330 181 40.1606
358 181 28.6944
359 181 28.6944
360 181 28.6944
396 181 28.6944
397 181 28.6944
398 181 28.6944
412 181 40.1606
413 181 13.3958
562 181 13.3958
65 182 22.3214
108 182 18.2648
116 182 18.2648
276 182 200
278 182 200
324 182 200
330 182 40.1606
359 182 28.6944
398 182 28.6944
410 182 40.1606
7 183 18.2648
45 183 22.3214
65 183 22.3214
88 183 28.6944
94 183 28.6944
108 183 18.2648
116 183 18.2648
276 183 200
278 183 200
296 183 66.8896
406 183 40.1606
410 183 40.1606
7 184 18.2648
8 184 18.2648
39 184 22.3214
40 184 22.3214
45 184 22.3214
65 184 22.3214
94 184 28.6944
108 184 18.2648
116 184 18.2648
276 184 66.8896
278 184 66.8896
406 184 40.1606
410 184 40.1606
39 185 22.3214
40 185 22.3214
45 185 22.3214
88 185 28.6944
94 185 28.6944
95 185 28.6944
108 185 18.2648
116 185 18.2648
146 185 28.6944
249 185 66.8896
278 185 66.8896
333 185 40.1606
359 185 28.6944
398 185 66.8896
410 185 40.1606
40 186 22.3214
45 186 22.3214
63 186 22.3214
166 186 28.6944
233 186 66.8896
248 186 66.8896
277 186 66.8896
278 186 66.8896
330 186 66.8896
333 186 40.1606
410 186 40.1606
45 187 22.3214
109 187 18.2648
219 187 66.8896
248 187 66.8896
277 187 66.8896
322 187 200
330 187 66.8896
333 187 40.1606
334 187 40.1606
349 187 13.3958
445 187 40.1606
15 188 18.2648
36 188 22.3214
61 188 22.3214
129 188 28.6944
219 188 66.8896
243 188 66.8896
248 188 66.8896
277 188 66.8896
317 188 200
359 188 9.56938
445 188 40.1606
14 189 18.2648
15 189 18.2648
39 189 22.3214
43 189 22.3214
109 189 18.2648
120 189 28.6944
151 189 28.6944
219 189 66.8896
237 189 66.8896
243 189 66.8896
248 189 66.8896
272 189 66.8896
277 189 66.8896
317 189 200
348 189 13.3958
357 189 10.5764
405 189 66.8896
406 189 66.8896
407 189 40.1606
408 189 40.1606
409 189 40.1606
445 189 40.1606
479 189 28.6944
91 190 18.2648
92 190 18.2648
108 190 18.2648
109 190 18.2648
120 190 28.6944
219 190 66.8896
237 190 66.8896
243 190 66.8896
248 190 66.8896
272 190 66.8896
277 190 66.8896
280 190 40.1606
317 190 200
333 190 40.1606
347 190 13.3958
356 190 10.5764
357 190 28.6944
360 190 8.73744
361 190 8.73744
398 190 200
405 190 66.8896
406 190 66.8896
407 190 40.1606
408 190 40.1606
409 190 40.1606
410 190 40.1606
479 190 28.6944
91 191 18.2648
92 191 18.2648
108 191 18.2648
109 191 18.2648
120 191 28.6944
133 191 28.6944
134 191 28.6944
197 191 28.6944
219 191 66.8896
237 191 66.8896
243 191 66.8896
248 191 66.8896
272 191 66.8896
277 191 66.8896
317 191 200
330 191 40.1606
331 191 40.1606
332 191 40.1606
333 191 40.1606
347 191 13.3958
356 191 10.5764
398 191 200
405 191 66.8896
406 191 66.8896
407 191 40.1606
408 191 40.1606
409 191 40.1606
410 191 40.1606
479 191 28.6944
39 192 18.2648
48 192 18.2648
92 192 18.2648
109 192 18.2648
120 192 28.6944
140 192 22.3214
237 192 66.8896
238 192 66.8896
243 192 66.8896
248 192 66.8896
317 192 200
326 192 200
327 192 200
330 192 40.1606
331 192 40.1606
332 192 40.1606
333 192 40.1606
334 192 40.1606
340 192 22.3214
347 192 13.3958
356 192 40.1606
360 192 8.73744
398 192 200
399 192 200
405 192 66.8896
406 192 66.8896
407 192 40.1606
408 192 40.1606
409 192 40.1606
410 192 40.1606
434 192 66.8896
479 192 28.6944
88 193 18.2648
89 193 18.2648
92 193 18.2648
120 193 28.6944
237 193 66.8896
238 193 66.8896
243 193 66.8896
248 193 66.8896
270 193 66.8896
325 193 200
326 193 200
327 193 200
329 193 40.1606
330 193 40.1606
331 193 40.1606
333 193 40.1606
334 193 40.1606
340 193 22.3214
360 193 8.73744
399 193 200
401 193 200
405 193 66.8896
406 193 66.8896
407 193 40.1606
408 193 40.1606
409 193 40.1606
434 193 66.8896
479 193 28.6944
88 194 18.2648
89 194 18.2648
92 194 18.2648
235 194 66.8896
237 194 66.8896
238 194 66.8896
240 194 66.8896
243 194 66.8896
248 194 66.8896
270 194 66.8896
326 194 200
329 194 40.1606
330 194 40.1606
331 194 40.1606
333 194 40.1606
334 194 40.1606
359 194 8.73744
360 194 8.73744
401 194 200
434 194 66.8896
479 194 28.6944
44 195 18.2648
88 195 18.2648
89 195 18.2648
92 195 18.2648
119 195 28.6944
126 195 28.6944
127 195 28.6944
131 195 22.3214
184 195 28.6944
238 195 66.8896
243 195 66.8896
287 195 22.3214
325 195 200
329 195 66.8896
330 195 40.1606
331 195 40.1606
332 195 40.1606
333 195 40.1606
334 195 40.1606
359 195 8.73744
360 195 8.73744
88 196 18.2648
89 196 18.2648
92 196 18.2648
127 196 28.6944
131 196 22.3214
140 196 22.3214
194 196 40.1606
287 196 22.3214
325 196 200
326 196 200
330 196 40.1606
331 196 40.1606
332 196 40.1606
333 196 40.1606
88 197 18.2648
89 197 18.2648
92 197 18.2648
278 197 66.8896
279 197 66.8896
287 197 22.3214
326 197 200
376 197 28.6944
18 198 18.2648
34 198 18.2648
35 198 18.2648
36 198 18.2648
43 198 18.2648
89 198 18.2648
92 198 18.2648
317 198 200
18 199 18.2648
33 199 18.2648
34 199 18.2648
44 199 18.2648
89 199 18.2648
92 199 18.2648
201 199 40.1606
274 199 40.1606
317 199 200
320 199 200
326 199 40.1606
449 199 40.1606
10 200 18.2648
18 200 18.2648
29 200 18.2648
33 200 18.2648
45 200 18.2648
89 200 18.2648
92 200 18.2648
274 200 40.1606
298 200 40.1606
299 200 40.1606
326 200 40.1606
334 200 200
360 200 11.8203
449 200 40.1606
611 200 18.2648
10 201 18.2648
18 201 18.2648
33 201 18.2648
45 201 18.2648
46 201 18.2648
89 201 18.2648
136 201 28.6944
137 201 28.6944
268 201 66.8896
273 201 40.1606
274 201 40.1606
299 201 40.1606
320 201 200
18 202 18.2648
32 202 18.2648
33 202 18.2648
46 202 18.2648
89 202 18.2648
137 202 28.6944
273 202 40.1606
274 202 40.1606
288 202 40.1606
440 202 66.8896
18 203 18.2648
28 203 18.2648
32 203 18.2648
33 203 18.2648
46 203 18.2648
53 203 18.2648
89 203 18.2648
135 203 28.6944
136 203 28.6944
288 203 40.1606
337 203 200
359 203 28.6944
611 203 18.2648
18 204 18.2648
28 204 18.2648
32 204 18.2648
33 204 18.2648
46 204 18.2648
53 204 18.2648
76 204 18.2648
89 204 18.2648
125 204 22.3214
135 204 22.3214
174 204 28.6944
336 204 200
359 204 28.6944
449 204 40.1606
480 204 28.6944
611 204 18.2648
18 205 18.2648
32 205 18.2648
33 205 18.2648
45 205 18.2648
54 205 18.2648
89 205 18.2648
174 205 28.6944
286 205 40.1606
359 205 28.6944
441 205 66.8896
445 205 40.1606
611 205 18.2648
18 206 18.2648
26 206 18.2648
33 206 18.2648
45 206 18.2648
54 206 18.2648
89 206 18.2648
133 206 22.3214
273 206 40.1606
286 206 40.1606
359 206 28.6944
441 206 66.8896
445 206 40.1606
611 206 18.2648
18 207 18.2648
34 207 18.2648
54 207 18.2648
89 207 18.2648
132 207 22.3214
173 207 28.6944
187 207 40.1606
273 207 40.1606
18 208 18.2648
35 208 18.2648
36 208 18.2648
89 208 18.2648
90 208 18.2648
131 208 22.3214
132 208 22.3214
207 208 40.1606
214 208 40.1606
215 208 40.1606
269 208 66.8896
273 208 40.1606
356 208 40.1606
359 208 28.6944
413 208 66.8896
611 208 18.2648
18 209 18.2648
46 209 18.2648
47 209 18.2648
89 209 18.2648
90 209 18.2648
93 209 18.2648
126 209 22.3214
131 209 22.3214
168 209 28.6944
207 209 40.1606
215 209 40.1606
216 209 40.1606
219 209 22.3214
269 209 66.8896
273 209 40.1606
286 209 40.1606
353 209 66.8896
356 209 40.1606
357 209 40.1606
359 209 28.6944
413 209 66.8896
611 209 18.2648
18 210 18.2648
40 210 18.2648
44 210 22.3214
47 210 18.2648
53 210 18.2648
89 210 18.2648
90 210 18.2648
93 210 18.2648
127 210 22.3214
131 210 22.3214
215 210 40.1606
269 210 66.8896
285 210 40.1606
286 210 40.1606
353 210 66.8896
357 210 40.1606
359 210 28.6944
408 210 200
425 210 40.1606
18 211 18.2648
19 211 18.2648
47 211 18.2648
53 211 18.2648
80 211 18.2648
89 211 18.2648
90 211 18.2648
93 211 18.2648
127 211 22.3214
280 211 200
285 211 40.1606
286 211 40.1606
323 211 28.6944
324 211 28.6944
359 211 28.6944
408 211 200
412 211 66.8896
611 211 18.2648
18 212 18.2648
19 212 18.2648
48 212 18.2648
54 212 18.2648
80 212 18.2648
89 212 18.2648
90 212 18.2648
93 212 18.2648
130 212 22.3214
156 212 28.6944
216 212 40.1606
280 212 200
285 212 40.1606
412 212 66.8896
611 212 18.2648
18 213 18.2648
39 213 18.2648
45 213 18.2648
47 213 18.2648
54 213 18.2648
82 213 18.2648
89 213 18.2648
90 213 18.2648
93 213 18.2648
110 213 18.2648
130 213 22.3214
194 213 28.6944
216 213 40.1606
217 213 40.1606
285 213 40.1606
300 213 40.1606
412 213 66.8896
450 213 40.1606
611 213 18.2648
18 214 18.2648
19 214 18.2648
39 214 18.2648
47 214 18.2648
54 214 18.2648
55 214 18.2648
89 214 18.2648
90 214 18.2648
93 214 18.2648
130 214 22.3214
216 214 40.1606
217 214 40.1606
285 214 40.1606
306 214 22.3214
313 214 66.8896
412 214 66.8896
450 214 40.1606
611 214 18.2648
18 215 18.2648
19 215 18.2648
25 215 18.2648
47 215 18.2648
89 215 18.2648
90 215 18.2648
93 215 18.2648
101 215 22.3214
130 215 22.3214
159 215 28.6944
165 215 28.6944
216 215 40.1606
285 215 40.1606
301 215 40.1606
480 215 28.6944
611 215 18.2648
18 216 18.2648
19 216 18.2648
45 216 18.2648
89 216 18.2648
90 216 18.2648
122 216 22.3214
130 216 22.3214
159 216 28.6944
164 216 28.6944
216 216 40.1606
285 216 40.1606
18 217 18.2648
19 217 18.2648
54 217 18.2648
89 217 18.2648
90 217 18.2648
93 217 22.3214
122 217 22.3214
130 217 22.3214
141 217 28.6944
159 217 28.6944
163 217 28.6944
216 217 40.1606
217 217 40.1606
231 217 40.1606
280 217 40.1606
285 217 40.1606
18 218 18.2648
19 218 18.2648
54 218 18.2648
89 218 18.2648
90 218 18.2648
93 218 22.3214
130 218 22.3214
141 218 28.6944
162 218 28.6944
175 218 28.6944
216 218 40.1606
217 218 40.1606
231 218 40.1606
285 218 40.1606
418 218 66.8896
443 218 40.1606
18 219 18.2648
19 219 18.2648
33 219 18.2648
54 219 18.2648
68 219 18.2648
90 219 18.2648
93 219 18.2648
110 219 18.2648
142 219 28.6944
162 219 28.6944
163 219 28.6944
217 219 40.1606
285 219 40.1606
302 219 66.8896
305 219 40.1606
314 219 18.2648
419 219 66.8896
443 219 40.1606
18 220 18.2648
19 220 18.2648
54 220 18.2648
55 220 18.2648
90 220 18.2648
93 220 18.2648
110 220 18.2648
129 220 22.3214
142 220 28.6944
163 220 28.6944
285 220 40.1606
302 220 66.8896
311 220 40.1606
18 221 18.2648
19 221 18.2648
54 221 18.2648
55 221 18.2648
90 221 18.2648
93 221 18.2648
110 221 18.2648
129 221 22.3214
142 221 28.6944
163 221 28.6944
285 221 40.1606
399 221 28.6944
11 222 18.2648
18 222 18.2648
19 222 18.2648
54 222 18.2648
55 222 18.2648
90 222 18.2648
93 222 18.2648
110 222 18.2648
129 222 22.3214
132 222 28.6944
150 222 28.6944
163 222 28.6944
285 222 40.1606
356 222 40.1606
357 222 40.1606
358 222 40.1606
359 222 28.6944
388 222 200
389 222 200
391 222 66.8896
397 222 28.6944
398 222 28.6944
399 222 28.6944
400 222 28.6944
611 222 18.2648
18 223 18.2648
19 223 18.2648
90 223 18.2648
93 223 18.2648
123 223 22.3214
142 223 28.6944
149 223 28.6944
163 223 28.6944
215 223 40.1606
216 223 40.1606
285 223 40.1606
310 223 200
357 223 40.1606
358 223 40.1606
359 223 28.6944
365 223 18.2648
367 223 18.2648
368 223 18.2648
388 223 200
389 223 200
391 223 66.8896
393 223 66.8896
398 223 28.6944
399 223 28.6944
400 223 28.6944
402 223 6.09013
403 223 6.09013
406 223 5.74218
480 223 28.6944
611 223 18.2648
11 224 18.2648
19 224 18.2648
90 224 18.2648
110 224 18.2648
123 224 22.3214
285 224 40.1606
310 224 200
315 224 40.1606
357 224 40.1606
358 224 40.1606
359 224 28.6944
362 224 28.6944
364 224 22.3214
365 224 22.3214
367 224 18.2648
368 224 18.2648
388 224 200
390 224 66.8896
393 224 66.8896
394 224 66.8896
402 224 6.09013
403 224 6.09013
404 224 6.09013
406 224 5.74218
407 224 5.74218
409 224 5.43183
611 224 18.2648
10 225 18.2648
11 225 18.2648
90 225 18.2648
110 225 18.2648
118 225 22.3214
123 225 22.3214
148 225 28.6944
217 225 40.1606
218 225 40.1606
299 225 40.1606
310 225 200
313 225 40.1606
315 225 40.1606
333 225 11.8203
361 225 28.6944
364 225 22.3214
365 225 22.3214
368 225 18.2648
388 225 66.8896
390 225 66.8896
394 225 66.8896
407 225 5.74218
409 225 5.43183
411 225 5.43183
480 225 28.6944
611 225 18.2648
66 226 18.2648
90 226 18.2648
93 226 18.2648
109 226 18.2648
110 226 18.2648
136 226 28.6944
139 226 28.6944
147 226 28.6944
185 226 28.6944
310 226 200
313 226 40.1606
315 226 40.1606
333 226 11.8203
365 226 22.3214
390 226 28.6944
480 226 28.6944
611 226 18.2648
65 227 18.2648
66 227 18.2648
90 227 18.2648
93 227 18.2648
110 227 18.2648
136 227 28.6944
138 227 28.6944
146 227 28.6944
315 227 40.1606
611 227 18.2648
37 228 18.2648
65 228 18.2648
66 228 18.2648
90 228 18.2648
110 228 18.2648
123 228 22.3214
138 228 28.6944
139 228 28.6944
206 228 40.1606
208 228 40.1606
210 228 28.6944
212 228 28.6944
314 228 40.1606
340 228 9.56938
611 228 18.2648
8 229 18.2648
44 229 18.2648
66 229 18.2648
67 229 18.2648
90 229 18.2648
91 229 18.2648
110 229 18.2648
123 229 22.3214
139 229 28.6944
140 229 28.6944
142 229 28.6944
145 229 28.6944
212 229 28.6944
385 229 200
395 229 28.6944
480 229 28.6944
611 229 18.2648
43 230 18.2648
90 230 18.2648
91 230 18.2648
94 230 18.2648
110 230 18.2648
123 230 22.3214
212 230 28.6944
374 230 66.8896
379 230 28.6944
385 230 200
386 230 200
395 230 28.6944
611 230 18.2648
43 231 18.2648
53 231 18.2648
93 231 18.2648
94 231 18.2648
110 231 18.2648
123 231 22.3214
229 231 40.1606
306 231 40.1606
359 231 66.8896
364 231 22.3214
369 231 22.3214
374 231 66.8896
380 231 28.6944
385 231 200
386 231 200
395 231 28.6944
480 231 28.6944
611 231 18.2648
43 232 18.2648
93 232 18.2648
94 232 18.2648
116 232 22.3214
118 232 22.3214
123 232 22.3214
273 232 40.1606
298 232 40.1606
359 232 66.8896
364 232 22.3214
365 232 22.3214
369 232 22.3214
375 232 66.8896
376 232 66.8896
379 232 28.6944
387 232 200
388 232 200
395 232 28.6944
611 232 18.2648
104 233 22.3214
118 233 22.3214
119 233 22.3214
121 233 22.3214
123 233 22.3214
154 233 28.6944
272 233 40.1606
273 233 40.1606
364 233 22.3214
395 233 28.6944
611 233 18.2648
110 234 18.2648
113 234 15.456
133 234 22.3214
142 234 22.3214
272 234 40.1606
273 234 40.1606
395 234 28.6944
65 235 22.3214
110 235 18.2648
140 235 22.3214
142 235 22.3214
361 235 28.6944
57 236 22.3214
58 236 22.3214
65 236 22.3214
75 236 22.3214
76 236 22.3214
123 236 22.3214
130 236 22.3214
49 237 22.3214
57 237 22.3214
58 237 22.3214
65 237 22.3214
66 237 22.3214
110 237 18.2648
25 238 18.2648
49 238 22.3214
57 238 22.3214
58 238 22.3214
65 238 22.3214
66 238 22.3214
109 238 18.2648
110 238 18.2648
49 239 22.3214
88 239 22.3214
91 239 18.2648
109 239 18.2648
110 239 18.2648
115 239 18.2648
22 240 18.2648
32 240 18.2648
33 240 18.2648
79 240 22.3214
80 240 22.3214
91 240 18.2648
110 240 18.2648
22 241 18.2648
32 241 18.2648
110 241 18.2648
22 242 18.2648
88 242 18.2648
110 242 18.2648
618 242 18.2648
77 243 18.2648
91 243 18.2648
110 243 18.2648
618 243 18.2648
76 244 18.2648
77 244 18.2648
110 244 18.2648
22 245 18.2648
23 245 18.2648
31 245 18.2648
110 245 18.2648
22 246 18.2648
23 246 18.2648
110 246 18.2648
15 247 15.456
110 247 18.2648
110 248 18.2648
110 249 18.2648
115 249 18.2648
110 250 18.2648
56 251 15.456
110 251 18.2648
53 252 15.456
55 252 15.456
56 252 15.456
110 252 18.2648
53 253 15.456
110 253 18.2648
111 253 18.2648
112 253 18.2648
53 254 15.456
622 254 11.8203
53 255 15.456
50 256 15.456
50 262 15.456
50 263 15.456
252 264 15.456
253 264 15.456
179 266 15.456
231 272 13.3958
232 272 13.3958
204 283 11.8203
205 283 11.8203
211 283 11.8203
58 284 11.8203
67 286 11.8203
68 286 11.8203
38 290 10.5764
197 290 10.5764
168 298 9.56938
167 299 9.56938
168 299 9.56938
169 299 9.56938
175 299 9.56938
176 299 9.56938
10 303 9.56938
145 309 8.73744
146 309 8.73744
155 309 8.73744
156 309 8.73744
543 317 8.03858
556 317 7.44324
557 317 7.44324
542 318 8.03858
543 318 8.03858
546 318 7.44324
63 322 8.03858
62 323 8.03858
63 323 8.03858
114 323 8.03858
115 323 7.44324
116 323 7.44324
114 324 8.03858
115 324 7.44324
116 324 7.44324
117 324 7.44324
118 324 7.44324
121 324 7.44324
122 324 7.44324
123 324 7.44324
124 324 7.44324
125 324 7.44324
126 324 7.44324
33 326 7.44324
558 326 7.44324
572 335 6.93001
92 339 6.93001
93 339 6.93001
94 339 6.93001
93 340 6.93001
94 340 6.93001
95 340 6.48298
583 344 6.48298
584 344 6.48298
585 344 6.48298
589 344 6.09013
588 345 6.09013
589 345 6.09013
605 347 6.09013
605 348 6.09013
610 348 5.74218
611 348 5.74218
614 349 5.74218
613 351 5.74218
582 359 5.74218
584 360 5.74218
586 360 5.74218
51 361 5.74218
52 361 5.74218
583 361 5.74218
584 361 5.74218
31 362 5.74218
32 362 5.74218
39 362 6.09013
44 362 5.74218
31 363 5.74218
32 363 5.74218
35 363 5.74218
41 363 5.74218
42 363 5.74218
43 363 5.74218
44 363 5.74218
45 363 5.74218
46 363 5.74218
47 363 5.74218
615 363 5.74218
31 364 5.74218
32 364 5.74218
33 364 5.74218
483 366 5.74218
484 366 5.74218
485 366 5.74218
489 366 5.43183
494 366 5.43183
499 366 5.43183
612 366 5.74218
485 367 5.74218
486 367 5.43183
487 367 5.43183
488 367 5.43183
492 367 5.43183
493 367 5.43183
494 367 5.43183
495 367 5.43183
496 367 5.43183
497 367 5.43183
498 367 5.43183
499 368 5.43183
613 368 5.74218
616 369 5.43183
617 369 5.43183
622 369 5.43183
90 370 5.43183
616 370 5.43183
637 373 5.15331
631 374 5.15331
632 374 5.15331
613 376 5.15331
614 376 5.15331
620 376 5.15331
621 376 5.15331
634 376 5.15331
599 377 5.15331
600 377 5.15331
603 377 5.15331
606 377 5.15331
607 377 5.15331
610 377 5.15331
599 378 5.15331
603 378 5.15331
604 378 5.15331
607 378 5.15331
611 378 5.15331
618 378 5.15331
10 385 4.90196
28 393 4.67399
637 393 4.67399
619 394 4.90196
623 394 4.90196
624 394 4.90196
628 394 4.67399
636 394 4.67399
623 395 4.90196
624 395 4.90196
627 395 4.67399
628 395 4.67399
632 395 4.67399
635 395 4.67399
636 395 4.67399
629 396 4.67399
633 396 4.67399
557 399 4.67399
559 400 4.46628
560 400 4.46628
561 400 4.46628
558 401 4.46628
561 402 4.46628
562 402 4.46628
560 403 4.46628
561 403 4.46628
562 403 4.46628
564 403 4.46628
564 404 4.46628
344 421 4.10172
39 435 3.94089
40 435 3.94089
38 436 3.79219
213 436 3.79219
39 437 3.79219
40 437 3.94089
211 437 3.79219
36 438 3.79219
37 438 3.79219
211 438 3.79219
212 438 3.79219
37 439 3.79219
36 440 3.79219
41 453 3.6543
315 453 3.52609
316 453 3.52609
432 453 3.52609
433 453 3.52609
434 453 3.52609
435 453 3.52609
436 453 3.52609
41 454 3.6543
315 454 3.52609
316 454 3.52609
435 454 3.52609
436 454 3.52609
437 454 3.52609
431 456 3.52609
432 456 3.52609
433 456 3.52609
433 457 3.52609
434 457 3.52609
435 457 3.52609
313 458 3.52609
314 458 3.52609
435 458 3.52609
436 458 3.40657
437 458 3.40657
436 459 3.40657
315 460 3.52609
4 462 3.94089
281 463 3.40657
282 463 3.40657
422 464 3.40657
11 465 3.52609
12 465 3.52609
10 467 3.40657
11 467 3.40657
6 468 3.40657
94 468 3.29489
95 468 3.29489
316 468 3.29489
9 469 3.40657
10 469 3.40657
5 470 3.29489
6 470 3.40657
3 471 3.29489
201 471 3.29489
356 471 3.29489
357 471 3.29489
3 472 3.29489
4 472 3.29489
5 472 3.29489
6 472 3.29489
3 474 3.29489
4 474 3.29489
