50 3 4.03959
61 3 4.85673
65 3 4.53309
66 3 4.53309
74 3 4.74383
79 3 4.38693
91 3 4.24989
130 3 4.4833
131 3 4.4833
188 3 10.4548
194 3 8.49618
195 3 8.49618
50 4 4.03959
58 4 5.29801
65 4 4.53309
66 4 4.53309
74 4 4.74383
79 4 4.38693
91 4 4.24989
130 4 4.4833
131 4 4.4833
188 4 10.4548
194 4 8.49618
195 4 8.49618
43 5 4.53309
44 5 4.53309
45 5 4.53309
50 5 4.03959
57 5 5.29801
58 5 5.29801
65 5 4.53309
66 5 4.53309
74 5 4.74383
79 5 4.38693
91 5 4.24989
130 5 4.4833
131 5 4.4833
188 5 10.4548
194 5 8.49618
44 6 4.53309
45 6 4.53309
50 6 4.03959
58 6 5.29801
61 6 4.85673
65 6 4.53309
66 6 4.53309
75 6 4.63607
79 6 4.38693
91 6 4.24989
130 6 4.4833
131 6 4.4833
188 6 10.4548
194 6 8.49618
44 7 4.53309
45 7 4.53309
50 7 4.03959
61 7 4.85673
65 7 4.53309
66 7 4.53309
75 7 4.63607
79 7 4.38693
91 7 4.24989
99 7 4.38693
130 7 4.4833
131 7 4.4833
188 7 10.4548
194 7 8.49618
195 7 8.49618
44 8 4.53309
45 8 4.53309
50 8 4.03959
57 8 5.29801
58 8 5.29801
61 8 4.85673
65 8 4.53309
66 8 4.53309
68 8 4.4833
75 8 4.63607
79 8 4.38693
91 8 4.24989
93 8 4.24989
98 8 4.38693
99 8 4.38693
130 8 4.4833
131 8 4.4833
188 8 10.4548
194 8 8.49618
195 8 8.49618
44 9 4.584
45 9 4.584
50 9 4.03959
58 9 5.29801
61 9 4.85673
65 9 4.53309
66 9 4.53309
68 9 4.4833
79 9 4.38693
91 9 4.24989
93 9 4.24989
98 9 4.38693
99 9 4.38693
129 9 4.53309
130 9 4.4833
131 9 4.4833
188 9 10.4548
194 9 8.67679
195 9 8.67679
44 10 4.584
45 10 4.584
50 10 4.03959
58 10 5.29801
65 10 4.53309
66 10 4.53309
79 10 4.38693
91 10 4.29461
93 10 4.74383
98 10 4.38693
127 10 4.53309
128 10 4.53309
129 10 4.53309
130 10 4.4833
131 10 4.4833
188 10 10.4548
194 10 8.67679
195 10 8.67679
44 11 4.584
45 11 4.584
50 11 4.03959
57 11 5.29801
58 11 5.29801
61 11 4.85673
65 11 4.53309
66 11 4.53309
79 11 4.38693
91 11 4.74383
93 11 4.74383
98 11 4.38693
99 11 4.38693
124 11 4.53309
125 11 4.53309
126 11 4.53309
127 11 4.53309
128 11 4.53309
129 11 4.53309
130 11 4.4833
188 11 10.4548
194 11 8.67679
195 11 8.67679
44 12 4.584
45 12 4.584
50 12 4.03959
58 12 5.29801
61 12 4.85673
65 12 4.53309
66 12 4.53309
79 12 4.38693
90 12 4.24989
91 12 4.74383
93 12 4.79962
99 12 4.53309
120 12 4.584
121 12 4.53309
122 12 4.53309
123 12 4.53309
124 12 4.53309
125 12 4.53309
126 12 4.53309
127 12 4.53309
128 12 4.53309
188 12 10.4548
194 12 8.67679
195 12 8.67679
44 13 4.53309
45 13 4.53309
50 13 4.03959
58 13 5.29801
61 13 4.85673
65 13 4.53309
66 13 4.53309
79 13 4.38693
93 13 4.74383
114 13 4.53309
115 13 4.53309
116 13 4.53309
117 13 4.584
118 13 4.584
119 13 4.584
120 13 4.584
121 13 4.53309
122 13 4.53309
123 13 4.53309
124 13 4.53309
188 13 10.4548
194 13 8.67679
195 13 8.67679
44 14 4.53309
45 14 4.53309
50 14 4.03959
51 14 4.03959
58 14 5.29801
61 14 4.85673
65 14 4.53309
66 14 4.53309
79 14 4.38693
93 14 4.79962
102 14 5.43922
111 14 4.4833
112 14 4.4833
113 14 4.4833
114 14 4.53309
115 14 4.53309
116 14 4.53309
117 14 4.584
118 14 4.584
119 14 4.584
120 14 4.584
188 14 10.4548
194 14 8.67679
195 14 8.67679
44 15 4.53309
45 15 4.53309
50 15 4.03959
57 15 5.29801
58 15 5.29801
61 15 4.85673
65 15 4.53309
66 15 4.53309
79 15 4.38693
91 15 4.24989
108 15 4.53309
109 15 4.53309
110 15 4.53309
111 15 4.4833
112 15 4.4833
113 15 4.4833
114 15 4.53309
115 15 4.53309
116 15 4.53309
188 15 10.4548
194 15 8.67679
195 15 8.67679
44 16 4.53309
45 16 4.53309
50 16 4.03959
58 16 5.29801
61 16 4.85673
65 16 4.53309
66 16 4.53309
79 16 4.38693
91 16 4.24989
107 16 4.53309
108 16 4.53309
109 16 4.53309
110 16 4.53309
111 16 4.4833
188 16 10.4548
194 16 8.67679
195 16 8.67679
44 17 4.53309
45 17 4.53309
50 17 4.03959
57 17 5.29801
61 17 4.85673
65 17 4.53309
66 17 4.53309
79 17 4.38693
80 17 4.38693
91 17 4.24989
107 17 4.53309
108 17 4.53309
109 17 4.53309
188 17 10.4548
194 17 8.67679
195 17 8.67679
44 18 4.584
45 18 4.584
50 18 4.03959
57 18 5.29801
58 18 5.29801
61 18 4.85673
65 18 4.53309
66 18 4.53309
79 18 4.38693
91 18 4.24989
107 18 4.53309
108 18 4.53309
188 18 10.4548
194 18 8.67679
195 18 8.67679
44 19 4.584
45 19 4.584
50 19 4.03959
51 19 4.03959
57 19 5.29801
58 19 5.29801
61 19 4.85673
65 19 4.53309
66 19 4.53309
79 19 4.38693
91 19 4.24989
103 19 4.79962
107 19 4.53309
108 19 4.53309
188 19 10.4548
194 19 8.67679
195 19 8.67679
44 20 4.584
50 20 4.03959
51 20 4.03959
58 20 5.29801
61 20 4.85673
65 20 4.53309
66 20 4.53309
79 20 4.38693
91 20 4.24989
101 20 4.79962
103 20 4.79962
107 20 4.53309
108 20 4.53309
188 20 10.4548
194 20 8.67679
195 20 8.67679
44 21 4.584
50 21 4.03959
51 21 4.03959
58 21 5.29801
65 21 4.53309
66 21 4.53309
79 21 4.38693
91 21 4.24989
106 21 4.53309
107 21 4.53309
108 21 4.53309
188 21 10.4548
194 21 8.67679
195 21 8.67679
44 22 4.584
50 22 4.03959
51 22 4.03959
57 22 5.29801
58 22 5.29801
65 22 4.53309
66 22 4.53309
79 22 4.38693
91 22 4.24989
92 22 4.24989
106 22 4.53309
107 22 4.53309
108 22 4.53309
112 22 4.2061
113 22 4.2061
114 22 4.1632
115 22 4.12116
116 22 4.12116
117 22 4.12116
188 22 10.4548
194 22 8.67679
195 22 8.67679
44 23 4.584
45 23 4.584
50 23 4.03959
51 23 4.03959
57 23 5.29801
58 23 5.29801
61 23 4.85673
65 23 4.53309
66 23 4.53309
79 23 4.38693
91 23 4.24989
92 23 4.24989
107 23 4.53309
110 23 4.34028
111 23 4.24989
112 23 4.2061
113 23 4.2061
118 23 4.1632
119 23 4.1632
120 23 4.29461
121 23 4.29461
122 23 4.24989
123 23 4.24989
124 23 4.24989
188 23 10.4548
194 23 8.49618
195 23 8.49618
44 24 4.584
45 24 4.584
50 24 4.03959
51 24 4.03959
57 24 5.29801
58 24 5.29801
61 24 4.85673
65 24 4.53309
66 24 4.53309
79 24 4.38693
91 24 4.24989
118 24 4.1632
119 24 4.1632
120 24 4.29461
121 24 4.29461
122 24 4.24989
123 24 4.24989
124 24 4.24989
125 24 4.24989
188 24 10.4548
194 24 8.49618
195 24 8.49618
44 25 4.584
45 25 4.584
50 25 4.03959
51 25 4.03959
58 25 5.29801
61 25 4.85673
65 25 4.53309
66 25 4.53309
79 25 4.38693
91 25 4.24989
122 25 4.24989
126 25 4.24989
188 25 10.4548
195 25 8.49618
44 26 4.584
45 26 4.584
50 26 4.03959
58 26 5.29801
65 26 4.53309
66 26 4.53309
79 26 4.38693
91 26 4.24989
99 26 4.43459
100 26 4.43459
101 26 4.43459
104 26 4.63607
105 26 4.63607
188 26 10.4548
194 26 8.49618
195 26 8.49618
44 27 4.584
45 27 4.584
50 27 4.03959
57 27 5.29801
58 27 5.29801
65 27 4.53309
66 27 4.53309
79 27 4.38693
91 27 4.24989
120 27 4.29461
128 27 4.38693
129 27 4.38693
188 27 10.4548
194 27 8.49618
195 27 8.49618
36 28 4.4833
44 28 4.584
45 28 4.584
50 28 4.03959
51 28 4.03959
57 28 5.29801
58 28 5.29801
65 28 4.53309
66 28 4.53309
79 28 4.38693
91 28 4.24989
119 28 4.24989
120 28 4.29461
128 28 4.38693
129 28 4.38693
188 28 10.4548
194 28 8.49618
195 28 8.49618
36 29 4.4833
44 29 4.584
45 29 4.584
50 29 4.03959
51 29 4.03959
58 29 5.29801
65 29 4.53309
66 29 4.53309
79 29 4.38693
91 29 4.24989
118 29 4.29461
119 29 4.29461
122 29 4.97512
128 29 4.43459
129 29 4.43459
188 29 10.4548
195 29 8.49618
36 30 4.4833
44 30 4.584
45 30 4.584
50 30 4.03959
51 30 4.03959
58 30 5.29801
65 30 4.53309
66 30 4.53309
79 30 4.38693
91 30 4.24989
118 30 4.29461
119 30 4.29461
122 30 5.03651
129 30 4.43459
130 30 4.43459
188 30 10.4548
195 30 8.49618
44 31 4.584
45 31 4.584
50 31 4.03959
51 31 4.03959
57 31 5.29801
65 31 4.53309
66 31 4.53309
79 31 4.38693
91 31 4.24989
118 31 4.29461
121 31 5.03651
122 31 5.09944
129 31 4.43459
130 31 4.43459
188 31 10.4548
195 31 8.49618
44 32 4.584
45 32 4.584
50 32 4.03959
51 32 4.03959
57 32 5.29801
58 32 5.29801
61 32 4.79962
65 32 4.53309
66 32 4.53309
79 32 4.38693
88 32 4.43459
91 32 4.24989
117 32 4.29461
118 32 4.29461
121 32 5.09944
122 32 5.09944
129 32 4.43459
130 32 4.43459
131 32 4.43459
188 32 10.4548
195 32 8.49618
44 33 4.584
45 33 4.584
50 33 4.03959
51 33 4.03959
58 33 5.29801
61 33 4.79962
65 33 4.53309
66 33 4.53309
79 33 4.38693
91 33 4.24989
117 33 4.29461
121 33 5.16396
122 33 5.16396
129 33 4.4833
130 33 4.4833
131 33 4.4833
188 33 10.4548
195 33 8.49618
44 34 4.584
45 34 4.584
50 34 4.03959
51 34 4.03959
57 34 5.29801
58 34 5.29801
61 34 4.79962
65 34 4.53309
66 34 4.53309
79 34 4.38693
91 34 4.24989
121 34 5.16396
130 34 4.4833
131 34 4.4833
188 34 10.7296
195 34 8.49618
44 35 4.584
45 35 4.584
50 35 4.03959
51 35 4.03959
58 35 5.29801
65 35 4.53309
66 35 4.53309
79 35 4.38693
91 35 4.24989
92 35 4.24989
121 35 5.16396
130 35 4.4833
131 35 4.4833
188 35 10.7296
195 35 8.49618
44 36 4.584
50 36 4.03959
51 36 4.03959
57 36 5.29801
58 36 5.29801
61 36 4.85673
65 36 4.53309
66 36 4.53309
79 36 4.38693
91 36 4.24989
92 36 4.24989
130 36 4.4833
131 36 4.4833
188 36 10.7296
195 36 8.49618
44 37 4.53309
50 37 4.03959
51 37 4.03959
58 37 5.29801
61 37 4.85673
65 37 4.53309
66 37 4.53309
79 37 4.38693
91 37 4.24989
92 37 4.24989
130 37 4.4833
131 37 4.4833
132 37 4.4833
188 37 10.7296
195 37 8.49618
44 38 4.53309
45 38 4.53309
50 38 4.03959
51 38 4.03959
58 38 5.29801
65 38 4.53309
66 38 4.53309
79 38 4.38693
91 38 4.24989
92 38 4.24989
130 38 4.4833
131 38 4.4833
132 38 4.4833
188 38 10.7296
195 38 8.49618
45 39 4.584
50 39 4.03959
51 39 4.03959
58 39 5.29801
61 39 4.85673
65 39 4.53309
66 39 4.53309
79 39 4.38693
91 39 4.24989
92 39 4.24989
130 39 4.4833
131 39 4.4833
132 39 4.4833
188 39 10.7296
195 39 8.49618
50 40 4.03959
51 40 4.03959
57 40 5.29801
65 40 4.53309
66 40 4.53309
79 40 4.38693
82 40 5.09944
91 40 4.24989
92 40 4.24989
130 40 4.4833
131 40 4.4833
132 40 4.4833
188 40 10.7296
195 40 8.49618
43 41 4.53309
44 41 4.53309
50 41 4.03959
51 41 4.03959
57 41 5.29801
58 41 5.29801
65 41 4.53309
66 41 4.53309
79 41 4.38693
82 41 5.09944
91 41 4.24989
92 41 4.24989
130 41 4.4833
131 41 4.4833
132 41 4.4833
188 41 10.7296
195 41 8.49618
44 42 4.584
45 42 4.584
50 42 4.03959
51 42 4.03959
58 42 5.29801
65 42 4.53309
66 42 4.53309
79 42 4.38693
82 42 5.09944
91 42 4.24989
92 42 4.24989
129 42 4.53309
130 42 4.4833
131 42 4.4833
188 42 10.7296
195 42 8.49618
44 43 4.53309
45 43 4.53309
50 43 4.03959
51 43 4.03959
58 43 5.29801
65 43 4.53309
66 43 4.53309
79 43 4.38693
82 43 5.09944
91 43 4.24989
92 43 4.24989
127 43 4.584
128 43 4.53309
129 43 4.53309
130 43 4.4833
131 43 4.4833
188 43 10.7296
195 43 8.49618
44 44 4.53309
45 44 4.53309
50 44 4.03959
51 44 4.03959
58 44 5.29801
65 44 4.53309
66 44 4.53309
79 44 4.38693
82 44 5.09944
91 44 4.24989
92 44 4.24989
123 44 4.53309
124 44 4.584
125 44 4.53309
126 44 4.584
127 44 4.584
128 44 4.53309
129 44 4.53309
130 44 4.4833
188 44 10.7296
195 44 8.49618
44 45 4.53309
45 45 4.53309
50 45 4.03959
51 45 4.03959
57 45 5.29801
58 45 5.29801
65 45 4.53309
66 45 4.53309
79 45 4.38693
91 45 4.24989
92 45 4.24989
120 45 4.584
121 45 4.53309
122 45 4.53309
123 45 4.53309
124 45 4.584
125 45 4.53309
126 45 4.584
127 45 4.584
188 45 10.7296
195 45 8.49618
44 46 4.53309
45 46 4.53309
50 46 4.03959
51 46 4.03959
57 46 5.29801
58 46 5.29801
65 46 4.53309
66 46 4.53309
79 46 4.38693
91 46 4.24989
92 46 4.24989
115 46 4.53309
116 46 4.53309
117 46 4.53309
118 46 4.53309
119 46 4.53309
120 46 4.584
121 46 4.53309
122 46 4.53309
123 46 4.53309
124 46 4.584
188 46 10.7296
195 46 8.49618
44 47 4.53309
45 47 4.53309
50 47 4.03959
51 47 4.03959
58 47 5.29801
65 47 4.53309
66 47 4.53309
79 47 4.38693
82 47 5.03651
90 47 4.24989
91 47 4.24989
111 47 4.4833
112 47 4.43459
113 47 4.43459
114 47 4.43459
115 47 4.53309
116 47 4.53309
117 47 4.53309
118 47 4.53309
119 47 4.53309
120 47 4.584
195 47 8.49618
196 47 8.49618
44 48 4.53309
45 48 4.53309
50 48 4.03959
51 48 4.03959
57 48 5.29801
58 48 5.29801
62 48 4.85673
65 48 4.53309
66 48 4.53309
79 48 4.38693
96 48 5.51268
108 48 4.53309
109 48 4.53309
110 48 4.4833
111 48 4.4833
112 48 4.43459
113 48 4.43459
114 48 4.43459
115 48 4.53309
116 48 4.53309
188 48 10.7296
195 48 8.49618
196 48 8.49618
44 49 4.53309
45 49 4.53309
50 49 4.03959
51 49 4.03959
58 49 5.29801
65 49 4.53309
66 49 4.53309
79 49 4.38693
96 49 5.51268
107 49 4.53309
108 49 4.53309
109 49 4.53309
110 49 4.4833
111 49 4.4833
112 49 4.43459
188 49 10.7296
195 49 8.49618
196 49 8.49618
44 50 4.53309
45 50 4.53309
50 50 4.03959
51 50 4.03959
57 50 5.29801
58 50 5.29801
65 50 4.53309
66 50 4.53309
79 50 4.38693
80 50 4.38693
91 50 4.24989
92 50 4.24989
107 50 4.53309
108 50 4.53309
109 50 4.53309
188 50 10.7296
189 50 10.7296
195 50 8.49618
196 50 8.49618
44 51 4.53309
45 51 4.53309
50 51 4.03959
51 51 4.03959
58 51 5.29801
65 51 4.53309
66 51 4.53309
79 51 4.38693
80 51 4.38693
91 51 4.24989
92 51 4.24989
107 51 4.53309
108 51 4.53309
195 51 8.49618
196 51 8.49618
44 52 4.53309
45 52 4.53309
50 52 4.03959
51 52 4.03959
58 52 5.29801
62 52 4.85673
65 52 4.53309
66 52 4.53309
79 52 4.38693
80 52 4.38693
91 52 4.24989
107 52 4.53309
108 52 4.53309
189 52 10.4548
195 52 8.49618
196 52 8.49618
44 53 4.584
45 53 4.584
50 53 4.03959
51 53 4.03959
57 53 5.29801
58 53 5.29801
62 53 4.85673
65 53 4.53309
66 53 4.53309
79 53 4.38693
80 53 4.38693
91 53 4.24989
101 53 4.97512
107 53 4.53309
108 53 4.53309
195 53 8.49618
196 53 8.49618
44 54 4.584
45 54 4.584
50 54 4.03959
51 54 4.03959
58 54 5.29801
62 54 4.85673
65 54 4.53309
66 54 4.53309
79 54 4.38693
80 54 4.38693
91 54 4.24989
96 54 5.43922
107 54 4.53309
108 54 4.53309
109 54 4.53309
189 54 10.4548
195 54 8.49618
196 54 8.49618
44 55 4.584
45 55 4.584
50 55 4.03959
51 55 4.03959
58 55 5.23013
65 55 4.53309
66 55 4.53309
79 55 4.38693
80 55 4.38693
91 55 4.24989
92 55 4.24989
107 55 4.53309
108 55 4.53309
109 55 4.53309
189 55 10.4548
195 55 8.49618
196 55 8.49618
44 56 4.53309
45 56 4.53309
50 56 4.03959
51 56 4.03959
58 56 5.29801
65 56 4.53309
66 56 4.53309
79 56 4.38693
80 56 4.38693
91 56 4.24989
92 56 4.24989
107 56 4.53309
108 56 4.53309
189 56 10.4548
195 56 8.49618
196 56 8.49618
44 57 4.53309
45 57 4.53309
50 57 4.03959
51 57 4.03959
57 57 5.29801
58 57 5.29801
65 57 4.53309
66 57 4.53309
79 57 4.38693
82 57 4.34028
91 57 4.24989
92 57 4.24989
107 57 4.53309
110 57 4.4833
111 57 4.29461
112 57 4.24989
113 57 4.2061
114 57 4.1632
115 57 4.07997
116 57 4.07997
117 57 4.07997
119 57 4.24989
120 57 4.29461
121 57 4.24989
122 57 4.24989
189 57 10.4548
195 57 8.49618
196 57 8.49618
44 58 4.53309
45 58 4.53309
50 58 4.03959
51 58 4.03959
58 58 5.23013
65 58 4.53309
66 58 4.53309
79 58 4.38693
80 58 4.38693
82 58 5.03651
91 58 4.24989
92 58 4.24989
97 58 5.66572
120 58 4.29461
121 58 4.24989
122 58 4.24989
123 58 4.24989
124 58 4.29461
125 58 4.24989
189 58 10.4548
195 58 8.49618
196 58 8.49618
44 59 4.53309
45 59 4.53309
50 59 4.03959
51 59 4.03959
62 59 4.79962
65 59 4.53309
66 59 4.53309
79 59 4.38693
91 59 4.24989
92 59 4.24989
97 59 5.66572
118 59 4.07997
119 59 4.24989
122 59 4.24989
123 59 4.24989
124 59 4.29461
189 59 10.4548
195 59 8.49618
196 59 8.49618
44 60 4.53309
45 60 4.53309
50 60 4.03959
51 60 4.03959
57 60 5.29801
62 60 4.79962
65 60 4.53309
66 60 4.53309
79 60 4.38693
91 60 4.24989
92 60 4.24989
101 60 4.43459
102 60 4.68933
103 60 4.63607
104 60 4.63607
105 60 4.68933
106 60 4.63607
128 60 4.38693
189 60 10.4548
195 60 8.32293
196 60 8.32293
44 61 4.584
45 61 4.584
50 61 4.03959
51 61 4.03959
57 61 5.29801
58 61 5.29801
62 61 4.79962
65 61 4.53309
66 61 4.53309
79 61 4.38693
91 61 4.24989
92 61 4.24989
128 61 4.38693
129 61 4.38693
189 61 10.4548
196 61 8.32293
44 62 4.584
45 62 4.584
50 62 4.03959
51 62 4.03959
58 62 5.29801
65 62 4.53309
66 62 4.53309
79 62 4.38693
82 62 5.09944
91 62 4.24989
92 62 4.24989
120 62 4.29461
128 62 4.43459
129 62 4.38693
130 62 4.38693
189 62 10.4548
196 62 8.32293
44 63 4.584
45 63 4.584
50 63 4.03959
51 63 4.03959
62 63 4.79962
65 63 4.53309
66 63 4.53309
79 63 4.38693
91 63 4.24989
92 63 4.24989
119 63 4.29461
120 63 4.29461
122 63 4.91521
129 63 4.43459
130 63 4.43459
189 63 10.4548
196 63 8.32293
44 64 4.584
45 64 4.584
50 64 4.03959
51 64 4.03959
62 64 4.79962
65 64 4.53309
66 64 4.53309
79 64 4.38693
91 64 4.24989
92 64 4.24989
119 64 4.29461
122 64 4.97512
129 64 4.43459
130 64 4.43459
131 64 4.43459
189 64 10.7296
196 64 8.32293
44 65 4.584
45 65 4.584
50 65 4.03959
51 65 4.03959
57 65 5.29801
58 65 5.29801
62 65 4.79962
65 65 4.53309
66 65 4.53309
76 65 15.0943
79 65 4.38693
91 65 4.24989
92 65 4.24989
118 65 4.29461
119 65 4.29461
122 65 5.03651
129 65 4.43459
130 65 4.43459
131 65 4.43459
188 65 10.7296
196 65 8.49618
44 66 4.584
45 66 4.584
50 66 4.03959
51 66 4.03959
58 66 5.29801
62 66 4.79962
65 66 4.53309
66 66 4.53309
79 66 4.38693
91 66 4.24989
92 66 4.24989
118 66 4.29461
122 66 5.16396
130 66 4.43459
131 66 4.43459
189 66 11.0193
196 66 8.49618
44 67 4.584
45 67 4.584
50 67 4.03959
51 67 4.03959
58 67 5.29801
65 67 4.53309
66 67 4.53309
79 67 4.38693
91 67 4.24989
92 67 4.24989
118 67 4.29461
122 67 5.16396
130 67 4.43459
131 67 4.43459
132 67 4.43459
188 67 11.0193
196 67 8.49618
44 68 4.584
45 68 4.584
50 68 4.03959
51 68 4.03959
58 68 5.29801
65 68 4.53309
66 68 4.53309
79 68 4.38693
80 68 4.38693
82 68 5.03651
91 68 4.24989
92 68 4.24989
121 68 5.16396
122 68 5.16396
130 68 4.4833
131 68 4.4833
132 68 4.4833
36 69 5.43922
37 69 5.43922
44 69 4.584
45 69 4.584
50 69 4.03959
51 69 4.03959
57 69 5.29801
58 69 5.29801
65 69 4.53309
66 69 4.53309
79 69 4.38693
82 69 5.03651
91 69 4.24989
92 69 4.24989
130 69 4.4833
131 69 4.4833
132 69 4.4833
188 69 11.0193
37 70 5.43922
44 70 4.584
45 70 4.584
50 70 4.03959
51 70 4.03959
58 70 5.29801
62 70 4.79962
65 70 4.53309
66 70 4.53309
79 70 4.38693
91 70 4.24989
92 70 4.24989
130 70 4.4833
131 70 4.4833
132 70 4.4833
188 70 11.0193
44 71 4.584
45 71 4.584
50 71 4.03959
51 71 4.03959
58 71 5.29801
62 71 4.79962
65 71 4.53309
66 71 4.53309
79 71 4.38693
82 71 5.03651
91 71 4.24989
92 71 4.24989
130 71 4.4833
131 71 4.4833
132 71 4.4833
44 72 4.584
45 72 4.584
50 72 4.03959
51 72 4.03959
62 72 4.79962
65 72 4.53309
66 72 4.53309
79 72 4.38693
82 72 5.03651
91 72 4.24989
92 72 4.24989
131 72 4.4833
132 72 4.4833
44 73 4.584
45 73 4.584
50 73 4.03959
51 73 4.03959
57 73 5.29801
58 73 5.29801
62 73 4.79962
65 73 4.53309
66 73 4.53309
79 73 4.38693
80 73 4.38693
91 73 4.24989
92 73 4.24989
131 73 4.4833
132 73 4.4833
44 74 4.584
45 74 4.584
50 74 4.03959
51 74 4.03959
58 74 5.29801
62 74 4.79962
65 74 4.53309
66 74 4.53309
79 74 4.38693
80 74 4.38693
82 74 5.03651
91 74 4.24989
92 74 4.24989
130 74 4.4833
131 74 4.4833
132 74 4.4833
196 74 8.49618
50 75 4.03959
51 75 4.03959
58 75 5.29801
62 75 4.79962
65 75 4.53309
66 75 4.53309
79 75 4.38693
82 75 5.03651
91 75 4.24989
92 75 4.24989
129 75 4.53309
130 75 4.4833
131 75 4.4833
132 75 4.4833
196 75 8.49618
50 76 4.03959
51 76 4.03959
58 76 5.29801
62 76 4.79962
65 76 4.53309
66 76 4.53309
79 76 4.38693
82 76 5.03651
91 76 4.24989
92 76 4.24989
127 76 4.53309
128 76 4.53309
129 76 4.53309
130 76 4.4833
131 76 4.4833
196 76 8.49618
50 77 4.03959
51 77 4.03959
62 77 4.79962
65 77 4.53309
66 77 4.53309
79 77 4.38693
82 77 5.03651
91 77 4.24989
92 77 4.24989
125 77 4.53309
126 77 4.53309
127 77 4.53309
128 77 4.53309
129 77 4.53309
130 77 4.4833
50 78 4.03959
51 78 4.03959
58 78 5.29801
62 78 4.79962
65 78 4.53309
66 78 4.53309
79 78 4.38693
80 78 4.38693
82 78 5.03651
91 78 4.24989
92 78 4.24989
121 78 4.53309
122 78 4.53309
123 78 4.53309
124 78 4.53309
125 78 4.53309
126 78 4.53309
127 78 4.53309
128 78 4.53309
37 79 5.36769
50 79 4.03959
51 79 4.03959
58 79 5.29801
62 79 4.79962
65 79 4.53309
66 79 4.53309
79 79 4.38693
80 79 4.38693
91 79 4.24989
92 79 4.24989
117 79 4.53309
118 79 4.53309
119 79 4.53309
120 79 4.53309
121 79 4.53309
122 79 4.53309
123 79 4.53309
124 79 4.53309
125 79 4.53309
37 80 5.36769
38 80 5.29801
50 80 4.03959
51 80 4.03959
58 80 5.29801
62 80 4.79962
65 80 4.53309
66 80 4.53309
79 80 4.38693
80 80 4.38693
91 80 4.24989
92 80 4.24989
113 80 4.4833
114 80 4.4833
115 80 4.53309
116 80 4.53309
117 80 4.53309
118 80 4.53309
119 80 4.53309
120 80 4.53309
121 80 4.53309
39 81 5.09944
40 81 5.03651
50 81 4.03959
51 81 4.03959
57 81 5.29801
58 81 5.29801
62 81 4.79962
65 81 4.53309
66 81 4.53309
79 81 4.38693
80 81 4.38693
91 81 4.24989
92 81 4.24989
110 81 4.4833
111 81 4.4833
112 81 4.43459
113 81 4.4833
114 81 4.4833
115 81 4.53309
116 81 4.53309
117 81 4.53309
118 81 4.53309
40 82 5.03651
41 82 5.03651
50 82 4.03959
51 82 4.03959
58 82 5.29801
62 82 4.79962
65 82 4.53309
66 82 4.53309
79 82 4.38693
80 82 4.38693
91 82 4.24989
96 82 5.51268
108 82 4.53309
109 82 4.53309
110 82 4.4833
111 82 4.4833
112 82 4.43459
113 82 4.4833
114 82 4.4833
43 83 6.47459
44 83 6.47459
50 83 4.03959
51 83 4.03959
58 83 5.29801
62 83 4.79962
65 83 4.53309
66 83 4.53309
79 83 4.38693
80 83 4.38693
96 83 5.51268
107 83 4.53309
108 83 4.53309
109 83 4.53309
110 83 4.4833
46 84 7.69527
51 84 4.03959
58 84 5.29801
62 84 4.79962
65 84 4.53309
66 84 4.53309
79 84 4.38693
80 84 4.38693
96 84 5.51268
107 84 4.53309
108 84 4.53309
109 84 4.53309
50 85 4.03959
51 85 4.03959
58 85 5.29801
62 85 4.79962
65 85 4.53309
66 85 4.53309
79 85 4.38693
80 85 4.38693
107 85 4.53309
108 85 4.53309
50 86 4.03959
51 86 4.03959
53 86 4.03959
58 86 5.29801
62 86 4.79962
65 86 4.53309
66 86 4.53309
79 86 4.38693
80 86 4.38693
101 86 5.03651
102 86 5.03651
107 86 4.4833
108 86 4.4833
49 87 4.03959
50 87 4.03959
53 87 4.38693
58 87 5.23013
62 87 4.79962
65 87 4.53309
66 87 4.53309
79 87 4.38693
80 87 4.38693
107 87 4.4833
108 87 4.4833
109 87 4.4833
48 88 4.07997
49 88 4.07997
50 88 4.07997
57 88 5.29801
58 88 5.29801
62 88 4.79962
65 88 4.53309
66 88 4.53309
78 88 4.38693
79 88 4.38693
107 88 4.4833
108 88 4.4833
109 88 4.4833
40 89 4.85673
42 89 4.63607
43 89 4.584
44 89 4.53309
45 89 4.43459
46 89 4.24989
47 89 4.12116
48 89 4.07997
57 89 5.23013
58 89 5.23013
62 89 4.85673
65 89 4.53309
66 89 4.53309
78 89 4.38693
79 89 4.38693
107 89 4.53309
108 89 4.53309
109 89 4.4833
39 90 4.91521
40 90 4.85673
41 90 4.74383
42 90 4.63607
43 90 4.584
44 90 4.53309
57 90 5.29801
58 90 5.23013
61 90 4.85673
62 90 4.85673
65 90 4.53309
66 90 4.53309
77 90 4.38693
102 90 4.91521
107 90 4.53309
108 90 4.53309
109 90 4.53309
61 91 4.91521
65 91 4.53309
66 91 4.53309
76 91 4.38693
77 91 4.38693
98 91 4.43459
99 91 4.43459
100 91 4.43459
102 91 4.91521
103 91 4.91521
104 91 4.85673
105 91 4.74383
106 91 4.584
107 91 4.53309
108 91 4.53309
109 91 4.53309
60 92 4.91521
61 92 4.91521
65 92 4.53309
66 92 4.53309
76 92 4.38693
77 92 4.38693
98 92 4.43459
99 92 4.43459
101 92 4.85673
102 92 4.91521
103 92 4.91521
104 92 4.85673
105 92 4.74383
218 92 8.49618
60 93 4.91521
61 93 4.91521
65 93 4.53309
66 93 4.53309
68 93 5.16396
69 93 5.16396
76 93 4.38693
77 93 4.38693
98 93 4.43459
99 93 4.43459
218 93 8.49618
60 94 4.91521
66 94 4.53309
68 94 5.16396
69 94 5.16396
71 94 5.16396
74 94 4.43459
77 94 4.38693
79 94 4.38693
80 94 4.43459
97 94 4.43459
98 94 4.43459
99 94 4.43459
197 94 8.67679
218 94 8.49618
60 95 4.97512
68 95 5.16396
69 95 5.16396
74 95 4.43459
78 95 4.38693
79 95 4.38693
80 95 4.43459
86 95 4.91521
94 95 4.63607
95 95 4.584
96 95 4.53309
97 95 4.4833
98 95 4.43459
99 95 4.43459
171 95 8.86525
218 95 8.49618
76 96 4.43459
77 96 4.43459
78 96 4.43459
88 96 4.97512
89 96 4.97512
90 96 4.91521
91 96 4.91521
92 96 4.79962
93 96 4.63607
94 96 4.63607
95 96 4.584
96 96 4.53309
171 96 8.86525
172 96 8.86525
218 96 8.49618
67 97 4.43459
68 97 4.43459
69 97 4.43459
70 97 4.38693
71 97 4.68933
72 97 4.68933
75 97 4.43459
76 97 4.43459
84 97 5.74548
171 97 8.86525
199 97 8.67679
218 97 8.49618
20 98 33.8983
63 98 4.74383
66 98 4.43459
67 98 4.43459
68 98 4.43459
70 98 4.38693
72 98 4.68933
171 98 8.86525
218 98 8.49618
63 99 4.74383
66 99 4.43459
67 99 4.43459
68 99 4.43459
171 99 8.86525
218 99 8.49618
66 100 4.4833
67 100 4.4833
171 100 8.86525
218 100 8.49618
65 101 4.4833
66 101 4.4833
67 101 4.4833
171 101 8.86525
202 101 8.67679
213 101 9.9453
218 101 8.49618
65 102 4.53309
66 102 4.53309
67 102 4.53309
171 102 8.86525
219 102 8.49618
65 103 4.53309
66 103 4.53309
67 103 4.53309
171 103 8.86525
218 103 8.49618
219 103 8.49618
65 104 4.4833
66 104 4.4833
67 104 4.4833
208 104 8.49618
215 104 9.26784
65 105 4.53309
66 105 4.53309
67 105 4.53309
28 106 4.24989
65 106 4.4833
66 106 4.4833
67 106 4.4833
183 106 8.32293
184 106 8.32293
65 107 4.4833
66 107 4.4833
67 107 4.4833
181 107 8.32293
66 108 4.53309
67 108 4.53309
180 108 8.15661
181 108 8.32293
28 109 4.24989
65 109 4.53309
66 109 4.53309
67 109 4.53309
65 110 4.53309
66 110 4.53309
67 110 4.53309
28 111 4.24989
65 111 4.53309
66 111 4.53309
67 111 4.53309
28 112 4.24989
66 112 4.53309
67 112 4.53309
66 113 4.53309
67 113 4.53309
65 114 4.53309
66 114 4.53309
67 114 4.53309
66 115 4.53309
67 115 4.53309
66 116 4.53309
67 116 4.53309
66 117 4.53309
67 117 4.53309
66 118 4.53309
67 118 4.53309
196 118 7.9968
66 119 4.53309
67 119 4.53309
28 120 4.24989
66 120 4.53309
67 120 4.53309
28 121 4.24989
66 121 4.53309
67 121 4.53309
66 122 4.53309
67 122 4.53309
66 123 4.53309
67 123 4.53309
198 123 8.49618
66 124 4.53309
67 124 4.53309
66 125 4.53309
67 125 4.53309
66 126 4.53309
67 126 4.53309
66 127 4.53309
67 127 4.53309
66 128 4.53309
67 128 4.53309
66 129 4.53309
67 129 4.53309
66 130 4.53309
67 130 4.53309
66 131 4.53309
67 131 4.53309
66 132 4.53309
67 132 4.53309
66 133 4.53309
67 133 4.53309
66 134 4.53309
67 134 4.53309
66 135 4.53309
67 135 4.53309
66 136 4.53309
67 136 4.53309
198 136 8.49618
28 137 33.8983
51 137 33.8983
66 137 4.4833
67 137 4.4833
28 138 33.8983
66 138 4.4833
67 138 4.4833
51 139 33.8983
67 139 4.4833
66 140 4.4833
67 140 4.4833
66 141 4.4833
67 141 4.4833
28 142 33.8983
66 142 4.53309
67 142 4.53309
113 142 67.5676
28 143 33.8983
66 143 4.53309
67 143 4.53309
28 144 33.8983
51 144 33.8983
66 144 4.53309
67 144 4.53309
66 145 4.53309
67 145 4.53309
66 146 4.53309
67 146 4.53309
28 147 33.8983
66 147 4.53309
67 147 4.53309
66 148 4.53309
67 148 4.53309
66 149 4.4833
67 149 4.4833
66 150 4.4833
67 150 4.4833
67 151 4.4833
67 152 4.4833
67 153 4.4833
67 155 4.4833
67 156 4.4833
67 157 4.4833
67 158 4.4833
67 159 4.4833
67 160 4.4833
67 161 4.4833
67 162 4.4833
67 163 4.4833
29 164 4.12116
67 164 4.4833
67 165 4.4833
67 166 4.4833
29 167 4.12116
67 167 4.4833
67 168 4.4833
29 169 4.12116
67 169 4.4833
67 170 4.4833
208 170 50.7614
67 171 4.4833
67 172 4.4833
68 172 4.4833
67 173 4.4833
67 174 4.4833
67 175 4.4833
67 176 4.4833
115 178 67.5676
67 179 4.4833
115 179 67.5676
28 182 4.24989
67 183 4.4833
67 184 4.4833
28 185 4.24989
67 185 4.4833
68 185 4.4833
67 187 4.4833
68 187 4.4833
67 188 4.4833
68 188 4.4833
67 189 4.4833
68 189 4.4833
67 190 4.4833
67 193 4.4833
68 193 4.4833
249 193 57.971
67 194 4.4833
217 194 13.587
219 194 13.587
67 195 4.4833
68 195 4.4833
67 196 4.4833
68 196 4.4833
67 197 4.4833
68 197 4.4833
228 197 9.9453
229 197 9.9453
67 198 4.4833
68 198 4.4833
229 198 9.9453
67 199 4.4833
68 199 4.4833
230 199 9.9453
67 200 4.4833
68 200 4.4833
230 200 9.9453
67 201 4.4833
68 201 4.4833
230 201 9.9453
67 202 4.4833
68 202 4.4833
231 202 9.9453
67 203 4.4833
68 203 4.4833
231 203 9.9453
28 204 4.24989
67 204 4.4833
68 204 4.4833
231 204 9.9453
29 205 4.24989
67 205 4.4833
68 205 4.4833
231 205 9.9453
67 206 4.4833
68 206 4.4833
231 206 9.9453
19 207 101.01
67 207 4.4833
68 207 4.4833
231 207 9.9453
9 208 101.01
15 208 33.8983
16 208 33.8983
18 208 101.01
19 208 101.01
20 208 101.01
28 208 4.2061
29 208 4.2061
67 208 4.4833
68 208 4.4833
231 208 9.9453
9 209 101.01
15 209 33.8983
16 209 33.8983
18 209 101.01
19 209 101.01
20 209 101.01
67 209 4.4833
68 209 4.4833
9 210 134.228
19 210 101.01
20 210 101.01
28 210 4.2061
29 210 4.2061
67 210 4.4833
68 210 4.4833
230 210 9.9453
67 211 4.4833
11 212 134.228
12 212 101.01
17 212 101.01
67 212 4.4833
68 212 4.4833
209 212 11.9904
214 212 9.9453
11 213 101.01
12 213 101.01
67 213 4.4833
68 213 4.4833
214 213 9.9453
219 213 13.587
228 213 9.9453
12 214 101.01
67 214 4.4833
214 214 9.9453
220 214 13.587
228 214 9.9453
33 215 5.16396
41 215 4.34028
42 215 4.34028
227 215 9.9453
67 216 4.4833
68 216 4.4833
67 217 4.4833
68 217 4.4833
225 217 9.9453
67 218 4.4833
68 218 4.4833
67 219 4.4833
68 219 4.4833
67 221 4.4833
67 222 4.4833
68 222 4.4833
190 222 8.32293
216 222 9.9453
67 223 4.4833
68 223 4.4833
190 223 8.32293
216 223 9.9453
67 224 4.4833
68 224 4.4833
123 224 36.9686
216 224 9.9453
67 225 4.4833
68 225 4.4833
123 225 36.9686
95 231 67.5676
189 234 8.49618
216 234 9.9453
98 235 57.971
110 235 57.971
189 235 8.49618
190 235 8.49618
216 235 9.9453
123 236 36.9686
189 236 8.49618
216 236 9.9453
123 237 36.9686
189 237 8.49618
190 237 8.49618
216 237 9.9453
123 238 36.9686
148 238 57.971
189 238 8.49618
67 239 4.4833
148 239 57.971
189 239 8.49618
216 239 9.9453
189 240 8.49618
190 240 8.49618
200 240 8.67679
210 240 50.7614
216 240 9.9453
190 241 8.49618
210 241 50.7614
216 241 9.9453
216 242 9.9453
231 242 50.7614
67 246 4.4833
68 246 4.4833
68 253 4.43459
216 253 10.1937
68 254 4.43459
68 255 4.43459
224 255 9.9453
224 256 9.9453
224 257 9.9453
60 258 4.584
65 258 4.34028
69 258 4.43459
70 258 4.43459
212 258 10.1937
224 258 9.9453
60 259 4.584
63 259 4.34028
64 259 4.34028
212 259 10.1937
66 262 4.63607
71 263 4.34028
67 264 4.63607
216 266 15.0943
220 266 11.325
224 267 9.9453
225 267 9.9453
212 268 10.1937
214 268 13.587
224 268 9.9453
225 268 9.9453
212 269 10.1937
224 269 9.9453
224 270 9.9453
212 271 10.1937
224 271 9.9453
225 271 9.9453
212 272 10.1937
212 276 9.9453
57 279 4.53309
216 279 13.587
217 279 13.1492
218 279 12.7389
219 279 12.7389
220 279 11.9904
224 280 9.9453
225 280 9.9453
57 281 4.53309
214 281 15.0943
224 281 9.9453
225 281 9.9453
57 282 4.53309
212 282 15.0943
214 282 15.0943
224 282 9.9453
224 283 9.9453
225 283 9.9453
224 284 9.9453
225 284 9.9453
71 285 4.584
279 286 13.1492
280 286 13.1492
65 288 4.63607
67 288 4.4833
68 288 4.43459
68 289 4.43459
212 289 9.9453
212 290 9.9453
68 291 4.43459
212 291 9.9453
217 292 13.1492
41 293 4.34028
42 293 4.34028
68 293 4.43459
221 293 11.0193
222 293 10.1937
224 293 9.9453
225 293 9.9453
41 294 4.34028
224 294 9.9453
225 294 9.9453
224 295 9.9453
225 295 9.9453
219 296 9.26784
225 296 9.9453
217 297 9.26784
218 297 9.26784
219 297 9.26784
225 297 9.9453
218 298 9.26784
213 301 8.67679
256 304 9.06207
239 306 8.67679
214 307 8.15661
141 308 8.86525
214 308 8.15661
249 310 8.49618
175 311 7.9968
176 311 7.9968
187 311 8.49618
190 311 7.84314
175 312 7.9968
190 312 7.84314
191 312 7.84314
232 312 8.15661
238 312 9.06207
258 312 8.49618
191 313 7.84314
251 313 8.49618
190 316 7.84314
128 317 7.84314
186 317 7.69527
129 318 7.84314
150 318 8.86525
152 318 8.86525
155 318 7.69527
187 318 7.69527
192 318 7.84314
201 318 9.06207
209 318 7.84314
155 319 7.69527
170 319 7.69527
209 319 7.84314
212 319 7.28332
172 320 7.41565
225 320 7.41565
166 321 7.41565
167 321 7.41565
226 321 7.41565
142 322 7.69527
167 322 7.41565
168 322 7.41565
170 322 7.41565
242 322 7.69527
243 322 7.69527
168 323 7.41565
169 323 7.41565
170 323 7.28332
232 323 7.41565
173 324 7.15564
174 324 7.15564
186 324 7.15564
105 325 7.41565
187 325 7.03235
222 325 8.49618
227 325 7.41565
262 325 7.9968
108 326 6.91324
133 326 6.91324
134 326 7.03235
187 326 7.03235
188 326 7.03235
202 326 7.15564
225 326 7.9968
229 326 7.15564
230 326 7.15564
108 327 6.91324
121 327 7.03235
136 327 6.91324
185 327 7.15564
188 327 7.03235
189 327 7.03235
93 328 7.03235
94 328 7.03235
126 328 7.55287
128 328 7.03235
130 328 6.7981
131 328 6.7981
204 328 7.03235
205 328 7.03235
95 329 7.03235
117 329 6.91324
118 329 6.91324
135 329 6.91324
150 329 6.91324
205 329 7.03235
206 329 7.03235
118 330 6.91324
119 330 6.91324
135 330 6.91324
136 330 6.91324
167 330 6.7981
180 330 7.28332
183 330 6.7981
105 331 6.7981
167 331 6.7981
169 331 6.7981
173 331 6.91324
195 331 6.91324
219 331 7.03235
220 331 7.03235
531 331 7.41565
532 331 7.41565
533 331 7.41565
79 332 7.03235
80 332 7.03235
89 332 6.7981
102 332 7.28332
105 332 6.7981
114 332 7.03235
115 332 7.03235
147 332 6.7981
175 332 6.7981
176 332 6.7981
195 332 6.91324
220 332 7.03235
221 332 7.03235
90 333 6.7981
91 333 6.7981
102 333 7.28332
122 333 7.28332
179 333 6.7981
190 333 6.68673
206 333 6.7981
209 333 6.7981
125 334 6.7981
85 335 6.68673
146 335 6.57895
172 335 6.57895
198 335 7.41565
202 335 6.68673
207 335 6.7981
208 335 6.7981
85 336 6.68673
86 336 6.68673
87 336 6.68673
144 336 7.03235
147 336 6.57895
173 336 6.57895
174 336 6.57895
175 336 6.57895
196 336 7.41565
201 336 6.68673
202 336 6.68673
210 336 6.68673
211 336 6.7981
263 336 7.28332
100 337 6.68673
101 337 6.57895
147 337 6.57895
148 337 6.57895
219 337 6.7981
220 337 6.7981
119 338 6.57895
147 338 6.57895
148 338 6.57895
149 338 6.57895
179 338 6.57895
180 338 6.57895
181 338 6.57895
220 338 6.7981
88 339 6.68673
103 339 6.57895
104 339 6.57895
193 339 6.57895
90 340 6.68673
103 340 6.57895
104 340 6.57895
126 340 6.47459
127 340 6.47459
167 340 6.57895
108 341 6.57895
109 341 6.57895
122 341 7.41565
127 341 6.47459
128 341 6.47459
164 341 6.57895
167 341 6.57895
168 341 6.57895
215 341 6.57895
79 342 6.47459
80 342 6.47459
94 342 6.47459
128 342 6.47459
129 342 6.47459
168 342 6.57895
199 342 6.47459
200 342 6.27549
201 342 6.27549
202 342 6.27549
80 343 6.47459
81 343 6.47459
94 343 6.47459
95 343 6.47459
128 343 6.47459
140 343 6.37349
156 343 7.69527
163 343 6.47459
164 343 6.47459
178 343 6.47459
202 343 6.27549
95 344 6.47459
97 344 6.47459
100 344 6.47459
133 344 6.47459
140 344 6.37349
146 344 6.47459
154 344 7.69527
163 344 6.37349
164 344 6.37349
165 344 6.37349
96 345 6.47459
97 345 6.47459
108 345 6.37349
109 345 6.37349
120 345 6.47459
129 345 7.15564
138 345 6.37349
145 345 6.37349
146 345 6.37349
110 346 6.37349
136 346 6.37349
146 346 6.37349
90 347 6.37349
133 347 6.37349
146 347 6.37349
147 347 6.37349
124 348 6.27549
132 348 6.37349
133 348 6.37349
152 348 6.37349
186 348 6.27549
187 348 6.27549
188 348 6.27549
207 348 6.47459
209 348 6.47459
215 348 6.37349
216 348 6.37349
498 348 7.15564
499 348 6.57895
504 348 6.7981
505 348 6.7981
506 348 6.7981
508 348 6.37349
509 348 6.37349
510 348 6.37349
105 349 6.37349
121 349 6.27549
499 349 6.57895
500 349 6.57895
501 349 6.57895
502 349 6.47459
503 349 6.57895
506 349 6.7981
507 349 6.47459
116 350 7.15564
118 350 7.15564
121 350 6.27549
122 350 6.27549
126 350 7.69527
178 350 6.91324
182 350 6.27549
201 350 6.37349
204 350 6.27549
116 351 7.15564
121 351 6.27549
122 351 6.27549
153 351 6.27549
192 351 6.27549
193 351 6.27549
200 351 6.37349
201 351 6.37349
122 352 6.27549
137 352 6.27549
153 352 6.27549
154 352 6.27549
197 352 6.7981
201 352 6.37349
68 353 4.43459
100 353 6.7981
150 353 6.27549
151 353 6.27549
190 353 6.27549
68 354 4.43459
104 354 6.27549
105 354 6.27549
162 354 7.03235
168 354 6.18047
191 354 6.27549
68 355 4.43459
144 355 6.18047
168 355 6.18047
68 356 4.43459
145 356 6.18047
101 366 5.74548
95 367 6.08828
98 367 5.74548
189 368 5.66572
190 368 5.66572
187 370 5.66572
188 370 5.66572
189 370 5.66572
53 374 4.43459
56 374 4.2061
53 375 4.43459
56 375 4.2061
54 376 4.34028
56 376 4.2061
130 385 5.09944
131 385 5.09944
131 386 5.09944
116 389 5.09944
118 389 4.97512
119 389 4.97512
87 400 4.53309
117 401 4.63607
395 405 4.584
396 405 4.584
422 405 4.53309
182 406 4.68933
184 406 4.68933
173 409 5.58815
187 409 4.4833
188 409 4.53309
189 409 4.4833
190 409 4.53309
191 409 4.53309
83 411 4.38693
84 411 4.38693
169 412 4.43459
178 412 4.91521
180 412 4.91521
184 412 4.38693
185 412 4.38693
186 412 4.38693
187 412 4.38693
190 412 4.29461
169 413 4.43459
170 413 4.43459
171 413 4.43459
172 413 4.43459
185 413 4.38693
186 413 4.38693
187 413 4.38693
188 413 4.34028
189 413 4.34028
67 414 4.4833
171 414 4.43459
172 414 4.43459
173 414 4.38693
71 415 4.2061
71 416 4.2061
72 416 4.2061
104 416 4.24989
105 416 4.24989
424 420 4.24989
81 422 4.4833
86 422 4.12116
90 423 4.38693
131 423 4.1632
132 423 4.1632
91 424 4.38693
93 424 4.38693
131 424 4.1632
154 425 4.12116
155 425 4.12116
156 425 4.12116
157 425 4.07997
153 426 4.1632
154 426 4.12116
155 426 4.12116
156 426 4.12116
507 426 4.07997
508 426 4.07997
509 429 4.03959
606 430 4.03959
137 441 4.03959
137 442 4.03959
134 450 4.03959
134 451 4.03959
135 451 4.03959
134 452 4.03959
135 452 4.03959
136 452 4.03959
