179 3 7.84314
180 3 7.84314
173 4 7.84314
179 4 7.84314
180 4 7.84314
83 5 4.03959
84 5 4.03959
171 5 7.84314
179 5 7.84314
180 5 7.84314
82 6 4.03959
83 6 4.03959
171 6 7.84314
179 6 7.84314
180 6 7.84314
80 7 4.03959
81 7 4.03959
82 7 4.03959
171 7 7.84314
173 7 7.84314
179 7 7.84314
180 7 7.84314
76 8 4.03959
77 8 4.03959
78 8 4.03959
79 8 4.03959
80 8 4.03959
81 8 4.03959
82 8 4.03959
171 8 7.84314
173 8 7.84314
179 8 7.84314
180 8 7.84314
72 9 4.03959
73 9 4.03959
74 9 4.03959
75 9 4.03959
76 9 4.03959
77 9 4.03959
78 9 4.03959
79 9 4.03959
80 9 4.03959
171 9 9.48317
173 9 9.48317
179 9 7.84314
180 9 7.84314
68 10 4.03959
69 10 4.03959
70 10 4.03959
71 10 4.03959
72 10 4.03959
73 10 4.03959
74 10 4.03959
75 10 4.03959
171 10 9.48317
173 10 9.48317
179 10 7.84314
180 10 7.84314
64 11 4.03959
65 11 4.03959
66 11 4.03959
67 11 4.03959
68 11 4.03959
69 11 4.03959
70 11 4.03959
71 11 4.03959
72 11 4.03959
171 11 9.70874
173 11 9.70874
179 11 7.84314
180 11 7.84314
61 12 4.03959
62 12 4.03959
63 12 4.03959
64 12 4.03959
65 12 4.03959
66 12 4.03959
67 12 4.03959
68 12 4.03959
171 12 9.70874
173 12 9.70874
179 12 7.84314
180 12 7.84314
60 13 4.03959
61 13 4.03959
62 13 4.03959
63 13 4.03959
171 13 9.70874
173 13 9.70874
179 13 7.84314
180 13 7.84314
59 14 4.03959
60 14 4.03959
171 14 9.70874
173 14 9.70874
179 14 7.84314
180 14 7.84314
56 15 4.03959
171 15 9.70874
173 15 9.70874
179 15 7.84314
180 15 7.84314
171 16 9.70874
173 16 9.70874
179 16 7.84314
180 16 7.84314
55 17 4.03959
56 17 4.03959
171 17 9.70874
173 17 9.70874
179 17 7.69527
180 17 7.69527
52 18 4.24989
53 18 4.24989
55 18 4.03959
171 18 9.70874
173 18 9.70874
179 18 7.69527
180 18 7.69527
171 19 7.84314
173 19 7.84314
180 19 7.69527
171 20 7.84314
173 20 7.84314
179 20 7.69527
180 20 7.69527
171 21 7.84314
179 21 7.69527
180 21 7.69527
171 22 7.84314
173 22 7.84314
179 22 7.69527
180 22 7.69527
60 23 4.03959
61 23 4.03959
65 23 4.03959
66 23 4.03959
67 23 4.03959
68 23 4.03959
69 23 4.03959
70 23 4.03959
171 23 7.84314
173 23 7.84314
179 23 7.69527
180 23 7.69527
68 24 4.03959
69 24 4.03959
70 24 4.03959
71 24 4.03959
171 24 9.70874
173 24 9.70874
180 24 7.69527
171 25 9.70874
173 25 9.70874
180 25 7.69527
75 26 4.03959
76 26 4.03959
171 26 9.70874
173 26 9.70874
180 26 7.69527
76 27 4.03959
77 27 4.03959
78 27 4.03959
171 27 9.70874
173 27 9.70874
180 27 7.69527
76 28 4.03959
171 28 7.84314
173 28 7.84314
180 28 7.69527
76 29 4.07997
171 29 7.84314
173 29 7.84314
180 29 7.69527
76 30 4.1632
171 30 7.84314
180 30 7.69527
76 31 4.1632
171 31 7.84314
173 31 7.84314
180 31 7.69527
171 32 7.84314
173 32 7.84314
180 32 7.69527
171 33 9.70874
173 33 9.70874
180 33 7.69527
171 34 9.70874
173 34 9.70874
180 34 7.69527
171 35 9.70874
173 35 9.70874
180 35 7.69527
171 36 9.70874
173 36 9.70874
180 36 7.69527
171 37 9.70874
173 37 9.70874
180 37 7.69527
171 38 9.70874
173 38 9.70874
180 38 7.69527
171 39 9.70874
173 39 9.70874
180 39 7.69527
181 39 7.69527
171 40 9.70874
173 40 9.70874
180 40 7.69527
171 41 9.70874
173 41 9.70874
180 41 7.69527
171 42 9.70874
173 42 9.70874
180 42 7.69527
181 42 7.69527
85 43 4.03959
171 43 9.70874
173 43 9.70874
180 43 7.69527
85 44 4.03959
171 44 9.70874
173 44 9.70874
180 44 7.69527
181 44 7.69527
83 45 4.03959
84 45 4.03959
171 45 9.70874
173 45 9.70874
180 45 7.69527
181 45 7.69527
81 46 4.03959
82 46 4.03959
83 46 4.03959
84 46 4.03959
171 46 9.70874
173 46 9.70874
180 46 7.69527
181 46 7.69527
79 47 4.03959
80 47 4.03959
81 47 4.03959
82 47 4.03959
83 47 4.03959
171 47 9.70874
173 47 9.70874
180 47 7.69527
181 47 7.69527
76 48 4.03959
77 48 4.03959
78 48 4.03959
79 48 4.03959
80 48 4.03959
81 48 4.03959
82 48 4.03959
171 48 9.70874
173 48 9.70874
180 48 7.69527
181 48 7.69527
72 49 4.03959
73 49 4.03959
74 49 4.03959
75 49 4.03959
76 49 4.03959
77 49 4.03959
78 49 4.03959
79 49 4.03959
80 49 4.03959
171 49 9.70874
173 49 9.70874
180 49 7.69527
181 49 7.69527
68 50 4.03959
69 50 4.03959
70 50 4.03959
71 50 4.03959
72 50 4.03959
73 50 4.03959
74 50 4.03959
75 50 4.03959
171 50 7.84314
173 50 7.84314
180 50 7.69527
181 50 7.69527
65 51 4.03959
66 51 4.03959
67 51 4.03959
68 51 4.03959
69 51 4.03959
70 51 4.03959
71 51 4.03959
171 51 7.84314
173 51 7.84314
180 51 7.84314
181 51 7.84314
62 52 4.03959
63 52 4.03959
64 52 4.03959
65 52 4.03959
66 52 4.03959
67 52 4.03959
68 52 4.03959
171 52 7.84314
180 52 7.84314
181 52 7.84314
8 53 200
10 53 200
60 53 4.03959
61 53 4.03959
62 53 4.03959
63 53 4.03959
64 53 4.03959
171 53 7.84314
173 53 7.84314
180 53 7.84314
181 53 7.84314
60 54 4.03959
61 54 4.03959
171 54 7.84314
173 54 7.84314
180 54 7.84314
181 54 7.84314
171 55 7.84314
180 55 7.84314
181 55 7.84314
171 56 7.84314
173 56 7.84314
180 56 7.84314
181 56 7.84314
55 57 4.03959
56 57 4.03959
171 57 7.84314
173 57 7.84314
180 57 7.84314
181 57 7.84314
53 58 4.03959
55 58 4.03959
171 58 7.84314
180 58 7.84314
181 58 7.84314
180 59 7.84314
181 59 7.84314
180 60 7.69527
181 60 7.69527
173 61 9.9453
180 61 7.69527
181 61 7.69527
53 62 4.2061
173 62 9.70874
181 62 7.69527
53 63 4.2061
56 63 4.03959
181 63 7.69527
49 64 4.29461
52 64 4.2061
53 64 4.2061
54 64 4.1632
55 64 4.1632
56 64 4.03959
173 64 9.9453
181 64 7.69527
49 65 4.29461
50 65 4.29461
51 65 4.24989
52 65 4.24989
53 65 4.2061
54 65 4.1632
55 65 4.1632
56 65 4.03959
173 65 9.9453
181 65 7.69527
52 66 4.24989
173 66 9.9453
181 66 7.69527
181 67 7.69527
41 68 4.07997
42 68 4.03959
181 68 7.69527
37 69 4.29461
38 69 4.29461
39 69 4.2061
40 69 4.12116
41 69 4.07997
42 69 4.03959
173 69 9.9453
181 69 7.69527
17 70 4.24989
37 70 4.29461
38 70 4.29461
39 70 4.2061
40 70 4.12116
181 70 7.69527
14 71 4.1632
181 71 7.69527
13 72 4.1632
14 72 4.1632
181 73 7.69527
181 74 7.69527
47 75 200
42 78 200
183 78 7.9968
184 78 7.9968
205 78 7.69527
205 79 7.69527
154 80 7.9968
181 80 7.9968
205 80 7.69527
153 81 7.9968
154 81 7.9968
158 81 7.9968
204 81 7.69527
205 81 7.69527
154 82 7.9968
205 82 7.69527
153 83 7.9968
154 83 7.9968
184 83 7.84314
205 83 7.69527
154 84 7.9968
184 84 7.84314
205 84 7.69527
154 85 7.9968
205 85 7.69527
154 86 7.9968
172 86 7.84314
205 86 7.69527
154 87 7.9968
172 87 7.84314
205 87 7.69527
154 88 7.9968
188 88 7.84314
205 88 7.69527
154 89 7.9968
171 89 7.84314
205 89 7.69527
154 90 7.9968
205 90 7.69527
154 91 7.9968
187 91 7.69527
188 91 7.28332
189 91 7.15564
190 91 7.15564
191 91 7.03235
192 91 7.03235
200 91 7.69527
201 91 7.55287
202 91 7.55287
203 91 7.69527
204 91 7.69527
205 91 7.69527
153 92 7.9968
154 92 7.9968
183 92 7.84314
184 92 7.84314
185 92 7.84314
186 92 7.84314
187 92 7.69527
188 92 7.28332
197 92 8.67679
198 92 8.49618
166 93 7.69527
167 93 7.69527
168 93 7.69527
169 93 7.69527
170 93 7.69527
182 93 7.84314
156 94 9.48317
160 94 8.49618
161 94 7.9968
163 94 7.9968
158 95 9.48317
162 95 7.9968
162 96 7.28332
162 97 7.28332
162 98 7.28332
162 99 7.28332
162 100 7.28332
179 100 7.15564
162 101 7.28332
162 102 7.28332
162 103 7.28332
162 104 7.28332
174 108 8.49618
182 112 7.69527
182 113 7.69527
182 114 7.69527
174 115 9.70874
181 115 7.69527
182 115 7.69527
205 131 57.971
42 132 31.2989
42 133 31.2989
42 134 31.2989
42 135 31.2989
42 136 31.2989
71 137 33.8983
108 139 67.5676
42 140 31.2989
42 141 31.2989
42 142 31.2989
42 143 31.2989
42 144 31.2989
42 145 31.2989
42 146 33.8983
61 146 33.8983
42 147 33.8983
61 147 33.8983
61 148 33.8983
61 149 33.8983
109 152 67.5676
204 168 50.7614
200 171 57.971
110 172 67.5676
110 173 67.5676
110 176 67.5676
175 178 7.28332
115 185 36.9686
115 187 36.9686
115 188 36.9686
246 191 57.971
192 192 10.1937
217 193 9.26784
191 194 10.1937
218 195 9.26784
218 196 9.26784
219 196 9.26784
219 197 9.26784
219 198 9.26784
220 198 9.26784
220 199 9.26784
220 200 9.26784
220 201 9.26784
220 202 9.26784
220 203 9.26784
110 204 36.9686
220 204 9.26784
14 205 101.01
110 205 36.9686
220 205 9.26784
3 206 101.01
4 206 101.01
9 206 33.8983
10 206 33.8983
13 206 101.01
14 206 101.01
191 206 9.26784
220 206 9.26784
3 207 101.01
4 207 101.01
10 207 33.8983
13 207 101.01
14 207 101.01
110 207 36.9686
191 207 9.26784
220 207 9.26784
4 208 101.01
14 208 101.01
110 208 36.9686
219 208 9.26784
14 209 101.01
215 209 9.26784
216 209 9.26784
219 209 9.26784
6 210 101.01
73 210 101.01
202 210 9.06207
6 211 101.01
7 211 101.01
202 211 9.06207
207 211 9.26784
217 211 9.26784
6 212 101.01
7 212 101.01
202 212 9.06207
207 212 9.26784
217 212 9.26784
202 213 9.06207
216 213 9.26784
217 213 9.26784
215 214 9.26784
216 214 9.26784
214 215 9.26784
215 215 9.26784
233 215 67.5676
213 216 9.26784
214 216 9.06207
212 217 9.26784
116 219 33.8983
116 220 33.8983
173 220 7.69527
116 221 33.8983
173 221 7.69527
203 221 9.06207
204 221 9.06207
207 221 8.32293
66 222 67.5676
116 222 33.8983
173 222 7.69527
203 222 9.06207
204 222 9.06207
207 222 8.32293
116 223 33.8983
173 223 7.69527
204 223 9.06207
116 224 33.8983
121 224 36.9686
173 224 7.69527
98 225 80.9717
121 225 36.9686
173 225 7.69527
97 226 80.9717
121 226 36.9686
173 226 7.55287
203 226 9.26784
204 226 9.26784
121 227 36.9686
203 227 9.26784
204 227 9.26784
207 227 8.32293
203 228 9.26784
204 228 9.26784
203 229 9.26784
204 229 9.26784
90 230 67.5676
203 230 9.26784
204 232 9.06207
92 233 57.971
92 234 57.971
173 234 7.69527
204 234 9.06207
208 234 9.26784
116 235 33.8983
172 235 7.69527
173 235 7.69527
203 235 9.06207
204 235 9.06207
207 235 9.26784
208 235 9.26784
220 235 33.8983
116 236 33.8983
121 236 36.9686
173 236 7.69527
203 236 9.06207
204 236 9.06207
208 236 9.26784
116 237 33.8983
121 237 36.9686
143 237 50.7614
172 237 7.69527
173 237 7.69527
116 238 33.8983
172 238 7.69527
173 238 7.69527
204 238 9.06207
172 239 7.69527
173 239 7.69527
172 240 7.69527
173 240 7.69527
227 240 45.1467
172 241 7.69527
173 241 7.69527
204 241 9.06207
227 241 45.1467
269 242 40.6504
204 254 10.4548
208 254 9.26784
209 254 9.26784
185 256 7.69527
185 257 7.69527
212 257 9.26784
213 257 9.26784
185 258 7.69527
199 258 9.26784
212 258 9.26784
213 258 9.26784
185 259 7.69527
199 259 9.26784
200 259 9.26784
212 259 9.26784
213 259 9.26784
185 260 7.69527
199 260 9.26784
212 260 9.26784
213 260 9.26784
199 261 9.26784
200 261 9.26784
212 261 9.26784
213 261 9.26784
185 262 7.69527
200 262 9.26784
185 263 7.69527
185 264 7.69527
199 265 9.26784
46 266 21.4362
185 266 7.69527
199 266 9.26784
185 267 7.69527
199 267 9.26784
48 268 21.4362
185 268 7.69527
185 269 7.69527
213 269 9.06207
185 270 7.69527
212 270 9.06207
213 270 9.06207
50 271 18.5185
185 271 7.69527
200 271 9.26784
212 271 9.06207
213 271 9.06207
50 272 18.5185
51 272 18.5185
56 272 18.5185
200 272 9.26784
212 272 9.26784
213 272 9.26784
51 273 18.5185
200 273 9.26784
212 273 9.06207
213 273 9.06207
52 274 17.7148
57 274 17.7148
200 274 9.26784
212 274 9.06207
213 274 9.06207
52 275 16.9779
185 275 7.69527
200 275 9.26784
213 275 9.06207
52 276 16.9779
58 276 16.9779
185 276 7.69527
200 276 9.26784
52 277 16.9779
58 277 16.9779
185 277 7.69527
52 278 16.9779
58 278 16.9779
185 278 7.69527
52 279 16.2999
185 279 7.69527
199 279 9.26784
185 280 7.69527
199 280 9.26784
185 281 7.69527
199 281 9.26784
185 282 7.69527
199 282 9.26784
185 283 7.69527
207 283 10.7296
208 283 10.7296
209 283 10.7296
185 284 7.69527
212 284 9.26784
213 284 9.26784
200 285 9.26784
212 285 9.26784
213 285 9.26784
185 286 7.69527
200 286 9.26784
212 286 9.06207
213 286 9.06207
185 287 7.69527
200 287 9.26784
212 287 9.06207
213 287 9.06207
185 288 7.69527
200 288 9.26784
213 288 9.06207
273 288 12.3533
200 289 9.26784
213 289 9.06207
273 289 12.3533
274 289 12.3533
200 290 9.26784
274 290 12.3533
202 291 9.26784
185 292 7.69527
199 294 9.06207
199 295 9.06207
199 296 9.06207
200 297 9.06207
208 298 9.9453
209 298 9.9453
210 298 9.9453
212 298 9.06207
213 298 9.06207
213 299 9.06207
213 300 9.06207
213 301 9.06207
207 302 11.325
213 302 9.06207
214 302 9.06207
269 302 10.1937
204 303 8.32293
207 303 11.325
213 303 9.06207
214 303 9.06207
204 304 8.32293
205 304 8.32293
258 304 9.26784
205 305 8.32293
234 305 9.06207
259 305 9.26784
199 307 7.9968
107 308 7.84314
122 308 7.84314
199 308 7.9968
152 310 8.67679
153 310 8.67679
222 310 7.9968
245 310 8.32293
246 310 8.32293
246 311 8.32293
176 312 7.69527
116 313 8.86525
214 313 7.84314
227 313 7.9968
215 314 7.84314
118 315 8.86525
187 316 7.55287
199 316 7.28332
247 316 8.15661
153 317 7.84314
154 318 7.28332
238 318 7.69527
119 319 7.28332
156 319 7.28332
168 319 7.69527
238 319 7.69527
239 319 7.69527
247 319 7.84314
155 320 7.28332
156 320 7.28332
157 320 7.28332
169 320 7.69527
172 320 7.15564
218 320 7.55287
229 320 7.41565
247 320 7.84314
248 320 7.84314
172 321 7.15564
194 321 7.28332
219 321 7.55287
225 321 7.9968
226 321 7.9968
240 321 7.69527
139 322 7.69527
172 322 7.15564
173 322 7.15564
204 322 7.28332
240 322 7.69527
241 322 7.69527
138 323 7.69527
139 323 7.69527
141 323 7.69527
173 323 7.03235
205 323 7.28332
114 324 7.15564
171 324 7.03235
206 324 7.28332
211 324 7.15564
171 325 7.03235
110 326 7.03235
166 326 6.91324
175 326 6.91324
103 327 6.91324
104 327 6.91324
167 327 6.91324
200 327 7.41565
104 328 6.91324
105 328 6.91324
129 328 7.55287
132 328 6.91324
133 328 6.91324
167 328 6.91324
173 328 6.91324
174 328 6.91324
132 329 6.91324
133 329 6.91324
148 329 7.03235
149 329 6.91324
191 329 6.68673
192 329 6.68673
146 330 6.91324
150 330 6.91324
195 330 6.08828
207 330 7.03235
144 331 6.7981
145 331 6.7981
179 331 6.7981
210 331 6.68673
211 331 6.68673
212 331 6.68673
77 332 6.57895
144 332 6.7981
145 332 6.7981
211 332 6.68673
228 332 7.15564
229 332 7.15564
65 333 6.27549
116 333 7.03235
117 333 7.03235
159 333 6.37349
160 333 6.47459
199 333 6.68673
200 333 6.68673
217 333 6.68673
124 334 6.18047
146 334 6.68673
148 334 6.68673
218 334 6.68673
251 334 7.28332
129 335 6.47459
148 335 6.68673
149 335 6.47459
151 335 6.37349
152 335 6.27549
157 335 6.47459
166 335 6.37349
251 335 7.28332
252 335 7.28332
74 336 6.47459
152 336 6.27549
166 336 6.37349
55 337 6.57895
74 337 6.47459
95 337 6.37349
105 337 6.37349
123 337 6.27549
166 337 6.27549
167 337 6.27549
203 337 6.91324
205 337 6.57895
206 337 6.57895
213 337 6.57895
215 337 6.57895
67 338 7.03235
72 338 6.57895
74 338 6.47459
75 338 6.47459
77 338 6.18047
106 338 6.37349
107 338 6.27549
108 338 6.27549
167 338 6.27549
168 338 6.27549
184 338 6.37349
65 339 7.03235
77 339 6.18047
92 339 6.27549
108 339 6.27549
109 339 6.27549
164 339 6.68673
167 339 6.27549
168 339 6.27549
192 339 6.47459
60 340 6.27549
61 340 6.27549
62 340 6.27549
99 340 6.47459
100 340 6.27549
102 340 6.47459
104 340 6.27549
186 340 6.27549
187 340 6.27549
194 340 6.47459
61 341 6.27549
62 341 6.27549
68 341 6.18047
88 341 6.18047
89 341 6.18047
107 341 6.18047
108 341 6.18047
124 341 6.18047
153 341 6.08828
184 341 6.47459
187 341 6.27549
69 342 6.18047
87 342 6.27549
88 342 6.18047
89 342 6.18047
107 342 6.18047
108 342 6.18047
124 342 6.18047
187 342 6.27549
89 343 6.18047
90 343 6.18047
107 343 6.18047
108 343 6.18047
143 343 5.91191
161 343 6.08828
185 343 6.27549
552 343 6.68673
45 344 6.08828
55 344 5.9988
72 344 6.08828
73 344 6.08828
143 344 5.91191
145 344 5.91191
149 344 6.08828
150 344 6.08828
162 344 6.08828
175 344 6.08828
185 344 6.37349
202 344 6.18047
203 344 6.18047
204 344 6.18047
212 344 6.37349
551 344 6.68673
552 344 6.68673
553 344 6.68673
556 344 6.18047
45 345 6.08828
56 345 5.9988
63 345 6.47459
68 345 5.9988
70 345 6.08828
73 345 6.08828
84 345 6.18047
85 345 6.18047
120 345 5.9988
137 345 6.68673
139 345 6.68673
143 345 5.91191
144 345 5.91191
151 345 6.08828
152 345 5.9988
153 345 6.08828
175 345 6.08828
204 345 6.18047
56 346 5.9988
57 346 5.9988
69 346 5.9988
92 346 6.47459
153 346 6.08828
168 346 5.91191
187 346 6.08828
189 346 6.08828
190 346 6.08828
56 347 5.9988
57 347 5.9988
91 347 6.47459
95 347 5.9988
156 347 5.9988
157 347 5.91191
161 347 5.91191
169 347 5.9988
179 347 6.27549
187 347 5.9988
188 347 5.9988
190 347 5.9988
50 348 5.91191
62 348 5.9988
84 348 5.91191
95 348 5.9988
96 348 5.9988
107 348 6.18047
116 348 5.9988
166 348 5.9988
188 348 5.9988
50 349 5.91191
51 349 5.91191
109 349 6.18047
118 349 5.82751
148 349 5.82751
149 349 5.82751
159 349 5.91191
177 349 6.18047
178 349 5.91191
188 349 5.9988
189 349 5.9988
204 349 6.08828
252 349 6.47459
253 349 6.47459
50 350 5.91191
51 350 5.91191
52 350 5.91191
103 350 5.82751
104 350 5.82751
116 350 5.9988
119 350 5.82751
149 350 5.82751
150 350 5.82751
151 350 5.82751
175 350 5.91191
177 350 5.91191
180 350 5.91191
181 350 5.91191
191 350 5.91191
192 350 5.9988
67 351 5.82751
68 351 5.82751
81 351 5.9988
82 351 5.9988
83 351 5.9988
119 351 5.74548
120 351 5.74548
151 351 5.82751
152 351 5.74548
170 351 6.18047
182 351 5.91191
202 351 5.9988
203 351 5.9988
68 352 5.74548
83 352 5.9988
88 352 5.82751
120 352 5.74548
121 352 5.74548
156 352 5.91191
157 352 5.91191
168 352 6.18047
169 352 6.18047
175 352 5.91191
202 352 5.9988
203 352 5.9988
42 353 6.18047
53 353 5.82751
69 353 5.74548
117 353 6.18047
120 353 5.74548
121 353 5.74548
122 353 5.66572
148 353 5.82751
157 353 5.91191
158 353 5.91191
171 353 6.18047
53 354 5.82751
54 354 5.82751
69 354 5.74548
70 354 5.74548
71 354 5.74548
72 354 5.74548
77 354 5.91191
95 354 5.74548
122 354 5.66572
148 354 5.82751
172 354 5.91191
55 355 5.82751
70 355 5.74548
75 355 5.91191
76 355 5.91191
96 355 5.74548
97 355 5.74548
99 355 5.74548
102 355 5.74548
142 355 5.74548
43 356 5.91191
76 356 5.91191
91 356 6.47459
96 356 5.74548
97 356 5.74548
98 356 5.74548
138 356 6.08828
142 356 5.74548
143 356 5.74548
170 356 5.82751
174 356 6.27549
178 356 5.74548
196 356 5.82751
197 356 5.82751
42 357 5.91191
44 357 5.91191
60 357 5.74548
97 357 5.74548
98 357 5.74548
139 357 5.74548
143 357 5.74548
178 357 5.74548
179 357 5.74548
198 357 5.82751
43 358 5.91191
44 358 5.91191
45 358 5.91191
59 358 5.66572
97 358 5.66572
98 358 5.74548
138 358 5.66572
154 358 5.74548
155 358 5.74548
158 358 5.66572
179 358 5.74548
180 358 5.66572
181 358 5.66572
182 358 5.58815
183 358 5.66572
59 359 5.66572
60 359 5.66572
110 359 5.66572
111 359 5.66572
127 359 5.66572
137 359 5.66572
138 359 5.66572
61 360 5.66572
63 360 5.66572
65 360 5.66572
66 360 5.58815
74 360 5.66572
100 360 6.7981
103 360 6.08828
104 360 5.82751
118 360 5.66572
121 360 5.66572
127 360 5.66572
138 360 5.66572
139 360 5.66572
185 360 5.66572
51 361 5.91191
56 361 6.37349
61 361 5.66572
63 361 5.66572
73 361 5.66572
75 361 5.58815
76 361 5.58815
88 361 5.66572
89 361 5.66572
97 361 5.66572
106 361 5.66572
108 361 5.66572
109 361 5.66572
117 361 5.66572
51 362 5.91191
63 362 5.66572
64 362 5.66572
77 362 5.58815
97 362 5.66572
106 362 5.66572
117 362 5.66572
118 362 5.66572
54 363 6.37349
93 363 6.91324
94 363 6.91324
103 363 5.58815
106 363 5.66572
118 363 5.66572
124 363 5.51268
92 364 6.68673
93 364 6.68673
102 364 5.51268
103 364 5.58815
170 364 5.51268
192 364 5.9988
67 365 5.9988
77 365 5.9988
102 365 5.51268
131 365 5.74548
132 365 5.74548
133 365 5.74548
134 365 5.66572
140 365 5.58815
145 365 5.58815
146 365 5.58815
147 365 5.58815
148 365 5.51268
150 365 5.51268
163 365 5.51268
164 365 5.51268
173 365 5.51268
186 365 5.58815
188 365 5.51268
189 365 5.51268
190 365 5.51268
196 365 5.51268
197 365 5.43922
199 365 5.43922
213 365 5.82751
517 365 5.9988
528 365 5.74548
529 365 5.66572
530 365 5.66572
531 365 5.58815
50 366 5.66572
51 366 5.66572
61 366 5.58815
62 366 5.58815
71 366 5.51268
84 366 6.27549
85 366 6.27549
88 366 5.51268
89 366 5.51268
94 366 6.68673
100 366 5.51268
156 366 5.74548
182 366 5.58815
518 366 5.91191
519 366 5.91191
520 366 5.91191
523 366 5.66572
524 366 5.74548
526 366 5.74548
527 366 5.74548
528 366 5.74548
529 366 5.66572
530 366 5.66572
531 366 5.58815
83 367 6.18047
84 367 6.27549
89 367 5.51268
90 367 5.51268
94 367 5.51268
152 367 5.58815
154 367 5.74548
156 367 5.74548
158 367 5.74548
159 367 5.51268
180 367 5.51268
183 367 5.58815
520 367 5.91191
521 367 5.74548
524 367 5.74548
79 368 5.51268
81 368 5.74548
83 368 6.18047
89 368 5.51268
90 368 5.51268
124 368 5.43922
125 368 5.43922
169 368 5.43922
170 368 5.43922
177 368 5.51268
179 368 5.51268
51 369 5.51268
81 369 5.51268
89 369 5.51268
90 369 5.51268
106 369 5.58815
125 369 5.43922
138 369 5.51268
139 369 5.51268
171 369 5.43922
179 369 5.51268
180 369 5.51268
65 370 5.58815
81 370 5.51268
89 370 5.51268
107 370 5.58815
180 370 5.51268
185 370 5.03651
31 371 5.58815
63 371 5.58815
64 371 5.58815
69 371 5.66572
81 371 5.43922
122 371 5.43922
137 371 5.51268
167 371 5.43922
195 371 5.43922
63 372 5.58815
67 372 5.66572
133 372 5.43922
134 372 5.43922
141 372 5.43922
142 372 5.43922
152 372 5.43922
154 372 5.43922
158 372 5.43922
167 372 5.43922
168 372 5.43922
169 372 5.36769
171 372 5.29801
114 373 5.36769
129 373 5.82751
133 373 5.43922
134 373 5.43922
135 373 5.58815
142 373 5.43922
152 373 5.43922
477 373 5.36769
114 374 5.36769
115 374 5.36769
119 374 4.97512
204 374 5.43922
325 374 5.43922
125 375 5.29801
111 376 5.36769
75 377 5.36769
194 384 5.16396
56 388 5.29801
59 388 5.23013
60 388 5.23013
56 389 5.29801
54 390 5.29801
162 391 4.85673
164 391 4.85673
165 391 4.79962
162 392 4.85673
161 393 4.85673
162 393 4.85673
163 393 4.85673
162 394 4.79962
92 413 4.29461
90 414 4.29461
91 414 4.29461
92 414 4.29461
93 414 4.29461
95 414 4.29461
96 414 4.29461
77 417 4.2061
80 417 4.24989
81 417 4.24989
73 418 4.34028
75 419 4.2061
76 419 4.2061
77 419 4.2061
316 431 4.03959
194 432 4.03959
54 433 4.24989
152 447 4.03959
152 448 4.03959
143 449 4.03959
150 449 4.03959
151 449 4.03959
134 450 4.03959
143 450 4.03959
150 450 4.03959
134 451 4.03959
135 451 4.03959
136 451 4.03959
142 451 4.03959
143 451 4.03959
145 451 4.03959
146 451 4.03959
134 452 4.03959
143 452 4.03959
