160 3 7.41565
169 3 7.28332
170 3 7.41565
160 4 7.41565
169 4 7.41565
170 4 7.41565
160 5 7.41565
169 5 7.41565
170 5 7.41565
160 6 7.41565
169 6 7.41565
170 6 7.41565
160 7 7.41565
169 7 7.41565
170 7 7.41565
160 8 7.41565
169 8 7.41565
170 8 7.41565
160 9 7.41565
169 9 7.41565
170 9 7.41565
160 10 7.41565
169 10 7.41565
170 10 7.41565
160 11 7.41565
169 11 7.41565
170 11 7.41565
160 12 7.41565
169 12 7.41565
170 12 7.41565
160 13 7.41565
169 13 7.41565
170 13 7.41565
160 14 7.41565
169 14 7.41565
170 14 7.41565
160 15 7.41565
169 15 7.41565
170 15 7.41565
160 16 7.41565
169 16 7.41565
170 16 7.41565
160 17 7.41565
169 17 7.41565
170 17 7.41565
160 18 7.41565
169 18 7.41565
170 18 7.41565
160 19 7.41565
169 19 7.41565
170 19 7.41565
160 20 7.41565
169 20 7.41565
170 20 7.41565
160 21 7.41565
169 21 7.41565
170 21 7.41565
160 22 7.41565
169 22 7.41565
170 22 7.41565
160 23 7.41565
169 23 7.41565
170 23 7.41565
160 24 7.41565
169 24 7.41565
170 24 7.41565
49 25 4.03959
160 25 7.41565
169 25 7.41565
170 25 7.41565
48 26 4.03959
49 26 4.03959
160 26 7.41565
169 26 7.41565
170 26 7.41565
46 27 4.03959
47 27 4.03959
48 27 4.03959
160 27 7.41565
169 27 7.28332
170 27 7.28332
43 28 4.03959
46 28 4.03959
47 28 4.03959
48 28 4.03959
160 28 7.41565
169 28 7.28332
170 28 7.28332
39 29 4.03959
40 29 4.03959
41 29 4.03959
42 29 4.03959
43 29 4.03959
46 29 4.03959
47 29 4.03959
160 29 7.41565
170 29 7.28332
41 30 4.03959
46 30 4.03959
160 30 7.41565
169 30 7.28332
170 30 7.28332
34 31 4.03959
35 31 4.03959
36 31 4.03959
37 31 4.03959
45 31 4.03959
160 31 7.41565
169 31 7.28332
170 31 7.28332
160 32 7.41565
170 32 7.28332
28 33 4.03959
29 33 4.03959
30 33 4.03959
31 33 4.03959
32 33 4.03959
160 33 7.41565
170 33 7.28332
26 34 4.03959
28 34 4.03959
160 34 7.41565
169 34 7.28332
170 34 7.28332
25 35 4.03959
160 35 7.41565
170 35 7.28332
160 36 7.41565
170 36 7.28332
160 37 7.41565
170 37 7.28332
160 38 7.41565
170 38 7.28332
160 39 7.41565
170 39 7.28332
160 40 7.41565
170 40 7.28332
160 41 7.41565
170 41 7.28332
160 42 7.41565
170 42 7.28332
160 43 7.41565
170 43 7.28332
160 44 7.41565
161 44 7.41565
170 44 7.28332
171 44 7.28332
18 45 4.03959
160 45 7.41565
170 45 7.28332
171 45 7.28332
18 46 4.03959
160 46 7.41565
170 46 7.28332
18 47 4.03959
160 47 7.41565
170 47 7.28332
160 48 7.41565
161 48 7.41565
170 48 7.28332
171 48 7.28332
170 49 7.28332
171 49 7.28332
160 50 7.41565
161 50 7.41565
170 50 7.28332
171 50 7.28332
160 51 7.41565
161 51 7.41565
170 51 7.28332
171 51 7.28332
160 52 7.41565
161 52 7.41565
170 52 7.28332
171 52 7.28332
160 53 7.41565
161 53 7.41565
170 53 7.28332
171 53 7.28332
161 54 7.41565
170 54 7.28332
171 54 7.28332
29 55 31.2989
160 55 7.41565
161 55 7.41565
170 55 7.28332
171 55 7.28332
160 56 7.41565
161 56 7.41565
170 56 7.28332
171 56 7.28332
161 57 7.41565
170 57 7.28332
171 57 7.28332
161 58 7.41565
170 58 7.28332
171 58 7.28332
161 59 7.41565
170 59 7.28332
171 59 7.28332
161 60 7.41565
170 60 7.28332
171 60 7.28332
161 61 7.41565
170 61 7.28332
171 61 7.28332
170 62 7.28332
171 62 7.28332
161 63 7.41565
170 63 7.28332
171 63 7.28332
161 64 7.41565
170 64 7.28332
171 64 7.28332
161 65 7.41565
170 65 7.28332
171 65 7.28332
161 66 7.41565
170 66 7.15564
171 66 7.15564
161 67 7.41565
171 67 7.15564
161 68 7.41565
171 68 7.15564
161 69 7.41565
195 69 7.28332
161 70 7.41565
173 70 7.55287
174 70 7.55287
175 70 7.55287
177 70 7.84314
178 70 7.84314
179 70 7.84314
181 70 7.9968
196 70 7.28332
157 71 7.69527
158 71 7.69527
159 71 7.55287
160 71 7.55287
172 71 7.55287
191 71 8.32293
196 71 7.28332
142 72 7.55287
143 72 7.55287
171 72 7.55287
196 72 7.28332
142 73 7.55287
195 73 7.28332
196 73 7.28332
142 74 7.55287
195 74 7.28332
196 74 7.28332
142 75 7.55287
196 75 7.28332
142 76 7.55287
174 76 7.41565
196 76 7.28332
142 77 7.55287
173 77 7.41565
174 77 7.41565
196 77 7.28332
142 78 7.55287
162 78 7.28332
196 78 7.28332
142 79 7.55287
161 79 7.28332
196 79 7.28332
142 80 7.55287
161 80 7.28332
171 80 7.41565
179 80 7.41565
196 80 7.28332
142 81 7.55287
178 81 7.41565
179 81 7.41565
196 81 7.28332
142 82 7.55287
160 82 7.28332
196 82 7.28332
142 83 7.55287
196 83 7.28332
142 84 7.55287
176 84 7.55287
177 84 7.55287
188 84 7.9968
191 84 7.84314
192 84 7.84314
195 84 7.28332
196 84 7.28332
142 85 7.55287
160 85 7.15564
172 85 7.41565
173 85 7.41565
174 85 7.41565
175 85 7.41565
176 85 7.55287
177 85 7.55287
178 85 7.55287
179 85 7.55287
180 85 7.55287
181 85 7.69527
182 85 7.69527
184 85 7.9968
188 85 7.9968
189 85 7.9968
192 85 7.84314
193 85 7.41565
142 86 7.55287
154 86 7.15564
156 86 7.28332
157 86 7.15564
158 86 7.15564
159 86 7.28332
171 86 7.28332
172 86 7.28332
145 87 9.26784
148 87 8.67679
151 87 7.69527
155 87 7.15564
171 87 7.28332
145 88 9.26784
147 88 9.26784
152 88 7.69527
155 88 7.15564
171 88 7.28332
150 90 6.7981
172 90 7.28332
150 91 6.7981
161 91 7.41565
149 92 6.7981
150 92 6.7981
161 92 7.41565
150 93 6.7981
150 94 6.7981
150 95 6.7981
149 96 6.7981
150 96 6.7981
150 97 6.7981
150 98 6.7981
169 101 6.91324
163 102 8.15661
172 106 7.28332
171 107 7.28332
172 107 7.28332
171 108 7.28332
172 108 7.28332
171 109 7.28332
172 109 7.28332
171 110 7.28332
172 113 7.28332
12 128 31.2989
12 129 31.2989
12 130 31.2989
36 130 31.2989
37 130 31.2989
203 130 57.971
12 131 31.2989
36 131 31.2989
37 131 31.2989
12 132 31.2989
36 132 31.2989
37 132 31.2989
172 132 7.28332
11 133 31.2989
36 133 31.2989
37 133 31.2989
36 134 31.2989
37 134 31.2989
36 135 31.2989
66 136 33.8983
12 137 31.2989
66 137 33.8983
12 138 31.2989
12 139 31.2989
36 139 31.2989
37 139 31.2989
105 139 67.5676
106 139 67.5676
12 140 31.2989
36 140 31.2989
37 140 31.2989
12 141 31.2989
36 141 31.2989
37 141 31.2989
12 142 31.2989
36 142 31.2989
37 142 31.2989
12 143 31.2989
36 143 31.2989
37 143 31.2989
36 144 31.2989
37 144 31.2989
37 145 31.2989
37 146 31.2989
108 155 50.7614
36 158 57.971
111 159 33.8983
173 159 7.41565
173 160 7.41565
173 161 7.41565
173 162 7.41565
173 163 7.41565
173 164 7.41565
173 165 7.41565
173 166 7.28332
201 168 50.7614
108 169 50.7614
197 171 57.971
107 172 57.971
107 173 57.971
107 175 57.971
107 176 57.971
111 184 36.9686
111 185 36.9686
111 186 33.8983
111 187 33.8983
111 188 33.8983
173 188 7.41565
107 189 80.9717
111 189 33.8983
196 189 8.86525
207 189 8.67679
107 190 80.9717
185 190 9.70874
199 190 11.6482
208 190 8.67679
305 190 45.1467
184 191 9.70874
209 191 8.67679
243 191 57.971
244 191 67.5676
209 192 8.67679
210 192 8.67679
183 193 9.48317
210 193 8.67679
211 193 8.67679
241 193 67.5676
304 193 45.1467
105 194 45.1467
182 194 9.48317
211 194 8.67679
211 195 8.67679
212 195 8.67679
104 196 45.1467
212 196 8.67679
212 197 8.67679
213 197 8.67679
213 198 8.67679
213 199 8.86525
103 200 57.971
213 200 8.86525
213 201 8.86525
213 202 8.86525
182 203 8.86525
213 203 8.86525
106 204 33.8983
213 204 8.86525
10 205 101.01
11 205 101.01
106 205 33.8983
213 205 8.86525
5 206 23.9521
6 206 23.9521
10 206 101.01
11 206 101.01
106 206 33.8983
213 206 8.86525
10 207 101.01
11 207 101.01
106 207 33.8983
183 207 8.86525
212 207 8.67679
213 207 8.67679
10 208 101.01
11 208 101.01
106 208 33.8983
183 208 8.86525
212 208 8.86525
11 209 101.01
208 209 8.67679
3 210 134.228
4 210 134.228
194 210 8.67679
3 211 134.228
4 211 134.228
194 211 8.67679
199 211 8.86525
200 211 8.86525
210 211 8.67679
242 211 50.7614
3 212 134.228
71 212 80.9717
185 212 8.86525
194 212 8.67679
210 212 8.67679
35 213 50.7614
194 213 8.67679
209 213 8.86525
242 213 50.7614
208 214 8.86525
209 214 8.86525
207 215 8.86525
26 216 134.228
206 216 8.86525
204 217 8.86525
111 219 33.8983
112 219 33.8983
162 219 7.28332
112 220 33.8983
162 220 7.28332
162 221 7.28332
195 221 8.67679
196 221 8.67679
199 221 7.9968
200 221 7.9968
162 222 7.28332
195 222 8.67679
196 222 8.67679
199 222 7.9968
112 223 33.8983
117 223 36.9686
162 223 7.28332
196 223 8.67679
17 224 80.9717
162 224 7.28332
196 224 8.67679
17 225 80.9717
95 225 67.5676
162 225 7.28332
196 225 8.67679
196 226 8.67679
162 227 7.28332
195 227 8.67679
196 227 8.67679
199 227 7.84314
195 228 8.67679
196 228 8.67679
195 229 8.67679
196 229 8.67679
86 230 67.5676
87 230 67.5676
195 230 8.67679
196 230 8.67679
200 230 7.84314
35 231 50.7614
196 231 8.67679
89 233 57.971
101 233 57.971
162 233 7.28332
196 233 8.67679
89 234 57.971
161 234 7.28332
162 234 7.28332
196 234 8.67679
240 234 45.1467
117 235 36.9686
161 235 7.28332
162 235 7.28332
174 235 7.41565
196 235 8.67679
200 235 8.86525
217 235 31.2989
112 236 33.8983
117 236 36.9686
161 236 7.28332
162 236 7.28332
174 236 7.41565
195 236 8.67679
196 236 8.67679
200 236 8.86525
112 237 33.8983
117 237 36.9686
162 237 7.28332
174 237 7.41565
195 237 8.67679
196 237 8.67679
161 238 7.15564
162 238 7.15564
174 238 7.41565
195 238 8.86525
196 238 8.86525
161 239 7.15564
162 239 7.15564
174 239 7.41565
195 239 8.86525
196 239 8.86525
161 240 7.28332
162 240 7.28332
174 240 7.41565
195 240 8.67679
196 240 8.67679
203 240 50.7614
207 240 29.0698
245 240 45.1467
248 240 31.2989
195 241 8.67679
196 241 8.67679
225 241 45.1467
196 242 8.67679
225 242 45.1467
267 242 40.6504
196 255 9.9453
197 255 9.9453
200 255 8.86525
201 255 8.86525
196 256 9.9453
197 256 9.9453
200 256 8.86525
201 256 8.86525
196 257 9.9453
175 258 7.28332
205 259 8.67679
206 259 8.67679
191 260 8.86525
192 260 8.86525
205 260 8.67679
206 260 8.67679
191 261 8.86525
192 261 8.86525
205 261 8.67679
206 261 8.67679
191 262 8.86525
192 262 8.86525
205 262 8.67679
206 262 8.67679
174 263 7.41565
191 263 8.86525
192 263 8.86525
205 263 8.67679
206 263 8.67679
174 264 7.41565
191 264 8.86525
192 264 8.86525
37 265 21.4362
174 265 7.41565
38 266 21.4362
174 266 7.41565
175 266 7.41565
38 267 21.4362
39 267 21.4362
191 267 8.67679
39 268 20.3666
40 268 20.3666
191 268 8.67679
40 269 20.3666
45 269 20.3666
191 269 8.67679
270 269 18.5185
41 270 19.3986
46 270 19.3986
191 270 8.67679
41 271 19.3986
174 271 7.41565
175 271 7.41565
41 272 18.5185
42 272 18.5185
47 272 18.5185
174 272 7.41565
175 272 7.41565
195 272 12.7389
200 272 10.4548
201 272 10.4548
205 272 8.67679
206 272 8.67679
42 273 18.5185
48 273 17.7148
191 273 8.86525
192 273 8.86525
205 273 8.67679
206 273 8.67679
42 274 17.7148
43 274 17.7148
48 274 17.7148
191 274 8.86525
192 274 8.86525
205 274 8.67679
206 274 8.67679
43 275 17.7148
191 275 8.86525
192 275 8.86525
205 275 8.67679
206 275 8.67679
43 276 17.7148
49 276 16.9779
191 276 8.86525
192 276 8.86525
205 276 8.86525
206 276 8.86525
43 277 16.9779
49 277 16.9779
191 277 8.67679
192 277 8.67679
205 277 8.86525
206 277 8.86525
43 278 16.2999
49 278 16.9779
191 278 8.67679
192 278 8.67679
205 278 8.86525
206 278 8.86525
43 279 16.2999
49 279 16.2999
175 279 7.28332
192 279 8.67679
43 280 16.2999
175 280 7.28332
43 281 15.674
175 281 7.28332
175 282 7.28332
191 282 8.67679
175 283 7.28332
191 283 8.67679
175 284 7.28332
191 284 8.67679
175 285 7.28332
191 285 8.67679
175 286 7.28332
195 286 12.7389
198 286 11.0193
199 286 11.0193
200 286 10.4548
201 286 10.4548
202 286 10.1937
175 287 7.28332
205 287 8.86525
206 287 8.86525
175 288 7.28332
191 288 8.67679
192 288 8.67679
205 288 8.86525
206 288 8.86525
270 288 12.3533
175 289 7.28332
192 289 8.67679
205 289 8.86525
206 289 8.86525
175 290 7.28332
192 290 8.67679
205 290 8.86525
206 290 8.86525
175 291 7.28332
192 291 8.67679
205 291 8.67679
206 291 8.67679
269 291 11.6482
270 291 11.6482
175 292 7.28332
192 292 8.67679
205 292 8.67679
206 292 8.67679
270 292 11.6482
175 293 7.28332
192 293 8.67679
206 293 8.67679
175 294 7.28332
192 294 8.67679
193 294 8.67679
175 295 7.28332
194 295 8.67679
196 295 8.32293
197 295 8.32293
175 296 7.28332
175 297 7.28332
191 297 8.67679
175 298 7.28332
191 298 8.67679
175 299 7.28332
191 299 8.67679
175 300 7.28332
191 300 8.67679
192 301 8.67679
199 301 10.1937
200 301 10.1937
201 301 10.1937
194 302 8.86525
195 302 8.86525
196 302 8.86525
200 302 10.1937
201 302 10.1937
202 302 9.70874
205 302 8.86525
206 302 8.86525
205 303 8.86525
206 303 8.86525
205 304 8.86525
206 304 8.86525
205 305 8.67679
206 305 8.67679
218 305 8.86525
224 305 9.06207
205 306 8.67679
206 306 8.67679
218 306 8.86525
219 306 8.86525
265 306 9.48317
192 307 8.86525
206 307 8.67679
195 308 7.84314
196 308 7.84314
206 308 8.67679
253 308 8.86525
196 309 7.84314
253 309 8.86525
254 309 8.86525
196 310 7.84314
197 310 7.84314
228 310 8.67679
232 311 8.67679
233 311 8.67679
189 312 7.69527
190 312 7.69527
108 313 7.41565
207 313 7.9968
108 314 7.41565
136 315 7.84314
139 315 8.15661
141 315 7.9968
142 315 8.15661
192 315 7.69527
193 315 7.69527
214 315 7.55287
239 315 8.15661
240 315 8.15661
93 316 7.41565
165 316 7.15564
215 316 7.55287
165 317 7.15564
165 318 7.15564
215 318 7.55287
219 318 7.55287
94 319 7.41565
100 319 7.41565
166 319 7.15564
205 319 7.41565
207 319 7.41565
213 319 6.91324
219 319 7.55287
220 319 7.41565
221 319 7.41565
222 319 7.28332
100 320 7.41565
212 320 6.91324
140 321 7.28332
189 321 6.91324
241 321 7.69527
177 322 7.03235
189 322 6.91324
141 323 7.15564
142 323 7.15564
142 324 7.15564
231 324 7.28332
104 325 6.7981
143 325 6.91324
156 325 6.7981
232 325 7.28332
240 325 7.28332
241 325 7.28332
143 326 6.7981
144 326 6.7981
156 326 6.7981
157 326 6.7981
160 326 6.68673
209 326 7.03235
210 326 7.03235
220 326 7.03235
221 326 7.03235
241 326 7.28332
143 327 6.68673
144 327 6.68673
160 327 6.68673
183 327 6.91324
210 327 7.03235
211 327 7.03235
217 327 7.03235
218 327 7.03235
221 327 7.03235
232 327 7.15564
233 327 7.15564
160 328 6.68673
161 328 6.68673
217 328 7.03235
233 328 7.15564
234 328 7.15564
124 329 7.28332
125 329 7.28332
160 329 6.68673
161 329 6.68673
181 329 6.91324
194 329 6.7981
195 329 6.7981
107 330 6.7981
125 330 7.28332
128 330 6.7981
161 330 6.68673
196 330 6.7981
202 330 6.7981
208 330 6.7981
99 331 6.68673
158 331 6.57895
159 331 6.57895
159 332 6.57895
160 332 6.57895
188 332 7.03235
87 333 6.57895
94 333 6.57895
126 333 6.47459
127 333 6.47459
154 333 6.47459
163 333 6.47459
164 333 6.47459
171 333 6.37349
82 334 6.68673
86 334 6.57895
87 334 6.57895
101 334 6.57895
118 334 6.47459
127 334 6.47459
140 334 6.47459
154 334 6.47459
189 334 6.27549
193 334 6.37349
87 335 6.57895
117 335 6.47459
118 335 6.47459
154 335 6.47459
155 335 6.47459
161 335 6.47459
162 335 6.47459
189 335 7.03235
117 336 6.47459
118 336 6.47459
134 336 6.47459
171 336 6.37349
180 336 6.18047
69 337 6.08828
70 337 6.08828
118 337 6.37349
135 337 6.37349
136 337 6.37349
137 337 6.37349
180 337 6.18047
181 337 6.18047
183 337 6.18047
184 337 6.18047
197 337 6.57895
127 338 6.91324
130 338 6.27549
137 338 6.37349
151 338 6.57895
167 338 6.37349
197 338 6.57895
199 338 6.27549
200 338 6.18047
57 339 6.18047
130 339 6.27549
131 339 6.27549
159 339 6.08828
168 339 6.37349
200 339 6.18047
201 339 6.18047
202 339 6.18047
219 339 6.57895
220 339 6.57895
57 340 6.18047
77 340 5.9988
130 340 6.27549
131 340 6.27549
207 340 6.18047
221 340 6.57895
222 340 6.47459
44 341 5.82751
100 341 6.08828
101 341 6.08828
145 341 5.9988
146 341 5.9988
189 341 6.18047
207 341 6.18047
208 341 6.18047
244 341 6.91324
44 342 5.82751
102 342 5.9988
103 342 5.91191
104 342 5.82751
105 342 5.82751
106 342 5.91191
131 342 6.27549
133 342 6.08828
152 342 5.9988
208 342 6.18047
209 342 6.18047
244 342 6.91324
245 342 6.91324
65 343 5.82751
78 343 5.91191
107 343 5.82751
133 343 6.08828
134 343 5.9988
137 343 5.91191
143 343 5.9988
152 343 5.9988
160 343 6.08828
161 343 6.08828
137 344 5.91191
138 344 5.91191
152 344 5.9988
153 344 5.9988
171 344 5.9988
195 344 6.18047
52 345 5.74548
53 345 5.74548
56 345 5.74548
62 345 5.82751
76 345 5.91191
148 345 6.57895
153 345 5.91191
186 345 6.08828
195 345 6.18047
202 345 5.9988
203 345 6.08828
204 345 6.08828
205 345 5.9988
52 346 5.74548
76 346 5.91191
87 346 5.91191
88 346 5.91191
106 346 5.74548
115 346 5.82751
152 346 5.91191
153 346 5.91191
154 346 5.91191
171 346 5.9988
188 346 6.08828
45 347 6.7981
46 347 6.7981
53 347 5.74548
54 347 5.74548
57 347 5.74548
89 347 5.82751
90 347 5.82751
91 347 5.82751
153 347 5.82751
154 347 5.82751
73 348 5.74548
78 348 5.91191
80 348 5.9988
91 348 5.82751
120 348 5.9988
122 348 5.9988
154 348 5.82751
173 348 5.91191
174 348 5.82751
180 348 5.91191
181 348 5.91191
182 348 5.91191
38 349 5.82751
39 349 5.82751
40 349 5.82751
69 349 5.82751
79 349 5.9988
80 349 5.9988
81 349 5.91191
82 349 5.82751
83 349 5.82751
84 349 5.82751
86 349 5.66572
89 349 5.82751
94 349 5.36769
149 349 5.74548
174 349 5.82751
175 349 5.82751
183 349 5.91191
39 350 5.82751
40 350 5.82751
47 350 5.66572
68 350 5.74548
69 350 5.74548
85 350 5.82751
89 350 5.74548
90 350 5.74548
107 350 5.66572
138 350 5.66572
141 350 5.66572
171 350 6.27549
175 350 5.82751
560 350 6.47459
47 351 5.66572
48 351 5.66572
68 351 5.74548
69 351 5.74548
89 351 5.74548
107 351 5.66572
147 351 5.58815
175 351 5.74548
177 351 5.74548
178 351 5.58815
69 352 5.74548
70 352 5.74548
71 352 5.74548
86 352 6.08828
89 352 5.74548
90 352 5.74548
122 352 6.27549
123 352 5.91191
147 352 5.58815
156 352 5.58815
190 352 5.82751
562 352 6.37349
563 352 6.37349
564 352 6.27549
565 352 6.18047
566 352 6.08828
567 352 5.9988
568 352 5.9988
569 352 5.9988
51 353 5.58815
52 353 5.58815
58 353 5.66572
89 353 5.74548
127 353 5.51268
142 353 5.51268
147 353 5.58815
166 353 6.27549
172 353 5.58815
191 353 5.74548
192 353 5.74548
193 353 5.74548
201 353 5.9988
202 353 5.9988
22 354 5.58815
33 354 5.58815
45 354 5.51268
48 354 5.58815
51 354 5.58815
52 354 5.58815
61 354 5.91191
62 354 5.66572
64 354 5.66572
65 354 5.66572
67 354 5.74548
120 354 6.27549
121 354 6.18047
127 354 5.51268
130 354 6.08828
134 354 5.58815
135 354 5.58815
136 354 5.58815
161 354 5.66572
162 354 5.66572
172 354 5.58815
193 354 5.74548
194 354 5.74548
33 355 5.58815
45 355 5.51268
46 355 5.58815
47 355 5.58815
64 355 5.66572
65 355 5.66572
66 355 5.66572
102 355 5.51268
120 355 6.27549
125 355 5.51268
127 355 5.51268
128 355 5.51268
137 355 5.58815
138 355 5.51268
161 355 5.66572
162 355 5.66572
170 355 5.58815
176 355 5.58815
177 355 5.66572
33 356 5.58815
47 356 5.58815
65 356 5.66572
70 356 5.51268
71 356 5.51268
72 356 5.51268
75 356 5.51268
126 356 5.51268
154 356 5.43922
167 356 7.03235
175 356 5.66572
177 356 5.58815
178 356 5.58815
34 357 5.51268
59 357 5.51268
75 357 5.51268
76 357 5.51268
97 357 5.43922
141 357 5.43922
142 357 5.43922
146 357 5.43922
155 357 5.51268
174 357 5.58815
178 357 5.58815
63 358 5.51268
64 358 5.51268
75 358 5.51268
76 358 5.51268
143 358 5.43922
151 358 5.51268
152 358 5.51268
175 358 5.58815
244 358 6.08828
245 358 6.08828
246 358 6.08828
26 359 5.51268
76 359 5.51268
90 359 5.43922
132 359 5.43922
133 359 5.36769
144 359 5.43922
163 359 5.51268
164 359 5.43922
175 359 5.51268
176 359 5.51268
193 359 5.58815
27 360 5.51268
28 360 5.51268
83 360 5.36769
84 360 5.36769
100 360 5.36769
130 360 5.43922
132 360 5.43922
133 360 5.36769
134 360 5.36769
145 360 5.43922
161 360 5.51268
163 360 5.51268
164 360 5.43922
166 360 5.43922
167 360 5.43922
168 360 5.43922
178 360 5.51268
179 360 5.43922
191 360 5.58815
29 361 5.43922
45 361 5.36769
60 361 5.43922
62 361 5.43922
85 361 5.36769
101 361 5.29801
102 361 5.29801
134 361 5.36769
135 361 5.36769
136 361 5.36769
160 361 5.43922
168 361 5.43922
180 361 5.43922
181 361 5.43922
190 361 5.58815
191 361 5.58815
192 361 5.58815
45 362 5.29801
53 362 6.47459
61 362 5.43922
62 362 5.43922
67 362 5.36769
101 362 5.29801
102 362 5.29801
150 362 5.66572
151 362 5.43922
153 362 5.66572
161 362 5.51268
191 362 5.58815
192 362 5.58815
45 363 5.29801
62 363 5.43922
65 363 5.36769
68 363 5.36769
74 363 5.58815
83 363 5.36769
101 363 5.29801
102 363 5.29801
103 363 5.29801
131 363 5.36769
132 363 5.36769
141 363 5.43922
142 363 5.43922
143 363 5.43922
157 363 5.43922
29 364 5.36769
46 364 5.29801
47 364 5.29801
49 364 5.29801
102 364 5.29801
103 364 5.29801
157 364 5.36769
158 364 5.43922
181 364 5.29801
40 365 6.18047
47 365 5.29801
48 365 5.29801
55 365 5.43922
57 365 5.58815
61 365 5.36769
74 365 5.36769
106 365 5.03651
132 365 5.36769
158 365 5.36769
212 365 5.82751
213 365 5.82751
53 366 5.43922
54 366 5.43922
61 366 5.36769
71 366 6.08828
75 366 5.29801
76 366 5.29801
77 366 5.29801
81 366 5.29801
82 366 5.29801
125 366 5.29801
155 366 5.36769
69 367 6.08828
76 367 5.29801
77 367 5.29801
82 367 5.29801
120 367 5.29801
125 367 5.29801
126 367 5.29801
155 367 5.29801
156 367 5.36769
164 367 5.29801
184 367 5.36769
185 367 5.36769
35 368 5.23013
77 368 5.29801
105 368 5.23013
120 368 5.29801
122 368 5.29801
125 368 5.29801
126 368 5.29801
139 368 5.51268
164 368 5.29801
165 368 5.23013
166 368 5.29801
167 368 5.23013
168 368 5.16396
185 368 5.36769
186 368 5.36769
18 369 5.23013
35 369 5.23013
76 369 5.29801
77 369 5.29801
78 369 5.29801
120 369 5.29801
121 369 5.29801
138 369 5.51268
139 369 5.51268
140 369 5.29801
142 369 5.29801
143 369 5.23013
165 369 5.23013
167 369 5.23013
169 369 5.23013
35 370 5.23013
36 370 5.23013
81 370 6.37349
85 370 5.66572
91 370 5.23013
109 370 6.47459
110 370 6.47459
120 370 5.23013
144 370 5.23013
37 371 5.23013
41 371 5.16396
89 371 5.23013
91 371 5.23013
99 371 5.23013
101 371 5.16396
102 371 5.16396
120 371 5.23013
121 371 5.23013
37 372 5.16396
42 372 5.16396
50 372 5.23013
51 372 5.23013
52 372 5.16396
66 372 5.23013
83 372 5.82751
87 372 5.23013
88 372 5.23013
98 372 5.23013
102 372 5.16396
103 372 5.16396
121 372 5.23013
122 372 5.23013
37 373 5.16396
38 373 5.16396
39 373 5.16396
53 373 5.16396
67 373 5.23013
76 373 5.23013
77 373 5.23013
86 373 5.16396
88 373 5.23013
89 373 5.23013
97 373 5.16396
98 373 5.16396
38 374 5.16396
40 374 5.09944
54 374 5.16396
55 374 5.16396
85 374 5.23013
86 374 5.16396
94 374 4.53309
95 374 4.53309
98 374 5.16396
104 374 5.16396
46 375 4.4833
86 375 5.16396
98 375 5.16396
99 375 5.16396
105 375 5.16396
154 375 5.09944
204 375 5.36769
72 376 6.08828
81 376 5.09944
82 376 5.09944
169 376 5.58815
179 376 5.36769
181 376 5.29801
182 376 5.09944
81 377 5.09944
112 377 5.23013
113 377 5.23013
114 377 5.23013
115 377 5.23013
116 377 5.23013
117 377 5.16396
121 377 5.16396
122 377 5.16396
123 377 5.16396
124 377 5.16396
128 377 5.09944
129 377 5.16396
130 377 5.16396
131 377 5.16396
132 377 5.16396
133 377 5.16396
137 377 5.16396
138 377 5.29801
146 377 5.09944
147 377 5.09944
148 377 5.09944
149 377 5.03651
157 377 5.09944
158 377 5.09944
172 377 5.09944
173 377 5.09944
174 377 5.09944
175 377 5.03651
176 377 5.09944
177 377 5.09944
182 377 5.09944
183 377 5.09944
184 377 5.03651
185 377 5.03651
186 377 4.97512
202 377 5.36769
529 377 5.58815
530 377 5.58815
531 377 5.43922
535 377 5.29801
538 377 5.43922
539 377 5.36769
540 377 5.36769
541 377 5.29801
542 377 5.29801
543 377 5.29801
544 377 5.29801
25 378 5.23013
47 378 5.09944
66 378 5.09944
67 378 5.09944
72 378 5.09944
168 378 5.09944
530 378 5.58815
531 378 5.43922
532 378 5.36769
533 378 5.36769
535 378 5.29801
536 378 5.36769
537 378 5.51268
540 378 5.36769
541 378 5.29801
543 378 5.29801
61 379 5.66572
62 379 5.66572
64 379 5.36769
66 379 5.09944
67 379 5.09944
68 379 5.09944
72 379 5.09944
73 379 5.09944
137 379 5.16396
140 379 5.09944
142 379 5.29801
168 379 5.09944
169 379 5.09944
170 379 5.09944
533 379 5.36769
56 380 5.29801
60 380 5.66572
67 380 5.09944
68 380 5.09944
90 380 5.03651
105 380 5.03651
136 380 5.29801
153 380 5.03651
154 380 5.03651
162 380 5.29801
56 381 5.29801
58 381 5.29801
67 381 5.03651
68 381 5.03651
84 381 5.03651
97 381 5.16396
98 381 5.16396
105 381 5.03651
106 381 5.03651
120 381 5.03651
129 381 5.09944
154 381 5.03651
155 381 5.03651
156 381 5.03651
162 381 5.29801
164 381 5.03651
165 381 5.03651
25 382 5.03651
67 382 5.03651
68 382 5.03651
85 382 5.03651
86 382 5.03651
87 382 5.03651
96 382 5.16396
103 382 5.03651
106 382 5.03651
120 382 5.09944
121 382 5.09944
139 382 5.09944
140 382 5.09944
164 382 5.03651
165 382 5.03651
166 382 5.03651
172 382 4.53309
58 383 5.09944
86 383 5.03651
102 383 5.03651
165 383 5.03651
166 383 5.03651
170 383 4.53309
171 383 4.53309
181 383 5.09944
39 384 5.09944
40 384 4.97512
58 384 5.03651
102 384 5.03651
103 384 5.03651
118 384 5.03651
120 384 5.03651
124 384 5.03651
130 384 5.03651
138 384 5.03651
151 384 4.97512
152 384 4.97512
170 384 4.53309
182 384 5.09944
192 384 5.16396
111 385 5.58815
114 385 5.09944
115 385 4.97512
116 385 4.97512
117 385 4.97512
124 385 4.97512
135 385 5.03651
137 385 5.16396
141 385 4.97512
142 385 4.97512
152 385 4.97512
153 385 4.97512
154 385 4.97512
593 385 4.97512
600 385 5.03651
601 385 5.03651
42 386 4.97512
108 386 5.66572
109 386 5.58815
114 386 5.09944
115 386 4.97512
116 386 4.97512
117 386 4.97512
122 386 5.03651
124 386 4.97512
134 386 5.03651
135 386 5.03651
140 386 4.97512
193 386 5.09944
321 386 5.16396
322 386 5.16396
376 386 4.97512
473 386 4.97512
487 386 4.91521
93 387 4.91521
94 387 4.91521
95 387 4.91521
122 387 4.97512
191 387 5.09944
322 387 5.16396
323 387 5.16396
94 388 4.91521
68 389 4.97512
90 389 5.03651
91 389 4.97512
105 389 4.85673
106 389 4.85673
51 391 4.85673
180 399 4.68933
311 400 4.68933
32 405 4.53309
26 406 4.43459
146 407 4.43459
147 407 4.43459
143 409 4.38693
144 409 4.38693
145 409 4.43459
143 410 4.38693
144 410 4.38693
145 410 4.38693
63 434 4.07997
64 434 4.07997
65 434 4.07997
67 434 4.03959
43 440 4.03959
