133 3 6.47459
134 3 6.47459
144 3 6.47459
145 3 6.47459
133 4 6.47459
134 4 6.47459
144 4 6.47459
145 4 6.47459
133 5 6.47459
134 5 6.47459
144 5 6.47459
145 5 6.47459
133 6 6.47459
134 6 6.47459
144 6 6.47459
145 6 6.47459
133 7 6.47459
134 7 6.47459
144 7 6.47459
145 7 6.47459
133 8 6.47459
134 8 6.47459
144 8 6.47459
145 8 6.47459
133 9 6.47459
134 9 6.47459
144 9 6.47459
145 9 6.47459
133 10 6.47459
134 10 6.47459
144 10 6.47459
145 10 6.47459
133 11 6.47459
134 11 6.47459
144 11 6.47459
145 11 6.47459
133 12 6.47459
134 12 6.47459
144 12 6.47459
145 12 6.47459
133 13 6.47459
134 13 6.47459
144 13 6.47459
145 13 6.47459
133 14 6.47459
134 14 6.47459
144 14 6.47459
145 14 6.47459
133 15 6.47459
134 15 6.47459
144 15 6.47459
145 15 6.47459
133 16 6.47459
134 16 6.47459
144 16 6.47459
145 16 6.47459
133 17 6.47459
134 17 6.47459
144 17 6.47459
145 17 6.47459
133 18 6.47459
134 18 6.47459
144 18 6.47459
145 18 6.47459
133 19 6.47459
134 19 6.47459
144 19 6.47459
145 19 6.47459
133 20 6.47459
134 20 6.47459
144 20 6.47459
145 20 6.47459
133 21 6.47459
134 21 6.47459
144 21 6.47459
145 21 6.47459
133 22 6.47459
134 22 6.47459
144 22 6.47459
145 22 6.47459
133 23 6.47459
134 23 6.47459
144 23 6.47459
145 23 6.47459
133 24 6.47459
134 24 6.47459
144 24 6.47459
145 24 6.47459
133 25 6.47459
134 25 6.47459
144 25 6.47459
145 25 6.47459
133 26 6.47459
134 26 6.47459
144 26 6.47459
145 26 6.47459
133 27 6.47459
134 27 6.47459
144 27 6.47459
145 27 6.47459
133 28 6.47459
134 28 6.47459
144 28 6.47459
145 28 6.47459
133 29 6.47459
134 29 6.47459
144 29 6.47459
145 29 6.47459
133 30 6.47459
134 30 6.47459
144 30 6.47459
145 30 6.47459
133 31 6.47459
134 31 6.47459
144 31 6.47459
145 31 6.47459
133 32 6.47459
134 32 6.47459
144 32 6.47459
145 32 6.47459
133 33 6.47459
134 33 6.47459
144 33 6.47459
145 33 6.47459
133 34 6.47459
134 34 6.47459
144 34 6.47459
145 34 6.47459
133 35 6.47459
134 35 6.47459
144 35 6.47459
145 35 6.47459
133 36 6.47459
134 36 6.47459
144 36 6.47459
145 36 6.47459
133 37 6.47459
134 37 6.47459
144 37 6.47459
145 37 6.47459
134 38 6.47459
144 38 6.47459
145 38 6.47459
134 39 6.47459
144 39 6.47459
145 39 6.47459
133 40 6.47459
134 40 6.47459
144 40 6.47459
145 40 6.47459
134 41 6.47459
145 41 6.47459
146 41 6.47459
134 42 6.47459
145 42 6.47459
134 43 6.47459
145 43 6.47459
134 44 6.47459
145 44 6.47459
134 45 6.47459
145 45 6.47459
134 46 6.47459
145 46 6.47459
134 47 6.47459
145 47 6.47459
134 48 6.47459
145 48 6.47459
134 49 6.47459
145 49 6.47459
163 49 6.47459
164 49 6.18047
169 49 6.47459
170 49 6.47459
171 49 6.37349
173 49 6.47459
134 50 6.47459
150 50 6.27549
151 50 6.27549
152 50 6.27549
153 50 6.27549
154 50 6.27549
155 50 6.37349
156 50 6.37349
157 50 6.37349
158 50 6.37349
159 50 6.47459
160 50 6.47459
161 50 6.47459
162 50 6.47459
174 50 6.37349
133 51 6.47459
134 51 6.47459
147 51 6.57895
148 51 6.47459
149 51 6.47459
169 51 7.28332
174 51 6.37349
113 52 6.57895
114 52 6.47459
115 52 6.47459
116 52 6.37349
117 52 6.18047
121 52 6.37349
122 52 6.37349
123 52 6.37349
125 52 6.47459
127 52 6.47459
130 52 6.57895
131 52 6.57895
132 52 6.57895
167 52 7.41565
168 52 7.41565
173 52 6.47459
174 52 6.47459
113 53 6.57895
114 53 6.57895
145 53 6.57895
146 53 6.57895
173 53 6.47459
174 53 6.47459
113 54 6.57895
173 54 6.47459
174 54 6.47459
113 55 6.68673
173 55 6.47459
174 55 6.47459
113 56 6.68673
173 56 6.47459
174 56 6.47459
113 57 6.68673
149 57 6.47459
173 57 6.47459
174 57 6.47459
113 58 6.68673
148 58 6.47459
149 58 6.47459
173 58 6.47459
174 58 6.47459
113 59 6.68673
135 59 6.37349
136 59 6.37349
174 59 6.47459
113 60 6.68673
134 60 6.37349
174 60 6.47459
113 61 6.57895
133 61 6.37349
134 61 6.37349
146 61 6.47459
174 61 6.47459
113 62 6.57895
133 62 6.37349
134 62 6.37349
146 62 6.47459
174 62 6.47459
175 62 6.47459
113 63 6.57895
134 63 6.37349
155 63 6.57895
174 63 6.37349
175 63 6.37349
113 64 6.57895
119 64 5.82751
133 64 6.37349
134 64 6.37349
174 64 6.37349
175 64 6.37349
198 64 29.0698
113 65 6.68673
119 65 5.82751
174 65 6.47459
175 65 6.47459
198 65 29.0698
113 66 6.68673
119 66 5.82751
124 66 5.23013
125 66 5.29801
151 66 6.18047
152 66 6.18047
153 66 6.08828
155 66 6.27549
158 66 6.37349
159 66 6.27549
160 66 6.37349
161 66 6.37349
162 66 6.47459
163 66 6.47459
164 66 6.47459
165 66 6.47459
166 66 6.47459
167 66 6.47459
168 66 6.57895
169 66 6.57895
170 66 6.27549
171 66 6.47459
172 66 6.47459
173 66 6.47459
174 66 6.47459
175 66 6.47459
113 67 6.68673
119 67 5.82751
120 67 5.82751
124 67 5.29801
147 67 6.47459
148 67 6.37349
149 67 6.37349
150 67 6.27549
151 67 6.18047
152 67 6.18047
153 67 6.08828
154 67 6.27549
155 67 6.27549
156 67 6.27549
157 67 6.37349
158 67 6.37349
159 67 6.27549
160 67 6.37349
161 67 6.37349
162 67 6.47459
163 67 6.47459
164 67 6.47459
165 67 6.47459
166 67 6.47459
167 67 6.47459
168 67 6.57895
169 67 6.57895
170 67 6.27549
171 67 6.47459
173 67 6.47459
174 67 6.47459
113 68 6.68673
127 68 6.27549
128 68 6.27549
129 68 6.27549
130 68 6.18047
131 68 6.18047
132 68 6.18047
133 68 6.18047
145 68 6.47459
146 68 6.47459
147 68 6.47459
148 68 6.37349
113 69 6.68673
115 69 6.47459
116 69 6.37349
117 69 6.27549
126 69 6.27549
127 69 6.27549
128 69 6.27549
129 69 6.27549
130 69 6.18047
131 69 6.18047
145 69 6.47459
146 69 6.47459
114 70 6.37349
115 70 6.37349
116 70 6.37349
117 70 6.27549
119 70 5.91191
126 70 6.27549
127 70 6.27549
145 70 6.47459
146 70 6.47459
119 71 5.91191
145 71 6.47459
146 71 6.47459
118 72 5.91191
119 72 5.91191
121 72 5.91191
134 72 6.47459
146 72 6.47459
118 73 5.91191
119 73 5.91191
134 73 6.47459
146 73 6.47459
118 74 5.91191
119 74 5.91191
131 74 6.91324
134 74 6.47459
147 74 6.47459
118 75 5.91191
119 75 5.91191
134 75 6.47459
118 76 5.91191
119 76 5.91191
134 76 6.47459
118 77 5.91191
119 77 5.91191
149 77 6.47459
118 78 5.91191
119 78 5.91191
118 79 5.91191
119 79 5.91191
119 80 5.91191
134 80 6.37349
131 82 7.15564
141 83 6.47459
153 83 6.68673
142 85 6.47459
155 86 6.7981
155 87 6.7981
156 87 6.7981
146 88 8.67679
147 88 8.67679
155 88 6.7981
156 88 6.7981
147 89 8.67679
155 89 6.7981
156 89 6.7981
156 90 6.91324
146 91 6.37349
145 92 6.37349
146 92 6.37349
133 93 8.86525
145 93 6.37349
146 93 6.37349
153 93 7.28332
134 94 8.86525
145 94 6.37349
146 94 6.37349
145 95 6.37349
146 95 6.37349
145 96 6.37349
146 96 6.37349
134 97 6.47459
146 97 6.37349
149 97 7.9968
155 97 6.91324
156 97 6.91324
134 98 6.47459
146 98 6.37349
155 98 6.91324
134 99 6.47459
146 99 6.37349
155 99 6.91324
156 99 6.91324
134 100 6.47459
146 100 6.37349
155 100 6.91324
134 101 6.47459
146 101 6.37349
155 101 6.91324
156 101 6.91324
134 102 6.47459
146 102 6.37349
156 102 6.91324
134 103 6.47459
146 103 6.37349
134 104 6.47459
146 104 6.37349
134 105 6.47459
146 105 6.37349
147 105 6.37349
134 106 6.47459
146 106 6.37349
147 106 6.37349
134 107 6.47459
146 107 6.37349
147 107 6.37349
134 108 6.47459
147 108 6.37349
134 109 6.47459
134 110 6.47459
147 110 6.37349
134 111 6.47459
147 111 6.37349
147 112 6.37349
147 113 6.37349
147 114 6.37349
134 117 6.47459
147 117 6.47459
147 118 6.47459
147 120 6.47459
6 121 50.7614
147 121 6.47459
147 122 6.47459
147 123 6.47459
17 124 50.7614
147 124 6.47459
147 125 6.47459
199 125 50.7614
147 126 6.47459
24 127 31.2989
147 127 6.47459
24 128 31.2989
146 128 6.47459
147 128 6.47459
24 129 31.2989
147 129 6.37349
24 130 31.2989
147 130 6.47459
24 131 31.2989
147 131 6.37349
24 132 31.2989
44 132 33.8983
147 132 6.47459
44 133 33.8983
55 133 33.8983
147 133 6.47459
55 134 33.8983
134 134 6.47459
147 134 6.47459
198 134 50.7614
55 135 33.8983
134 135 6.47459
147 135 6.47459
24 136 31.2989
25 136 31.2989
134 136 6.47459
147 136 6.47459
24 137 31.2989
25 137 31.2989
147 137 6.47459
24 138 31.2989
99 138 80.9717
147 138 6.47459
24 139 31.2989
25 139 31.2989
44 139 33.8983
55 139 31.2989
147 139 6.47459
24 140 31.2989
25 140 31.2989
44 140 33.8983
147 140 6.37349
24 141 31.2989
44 141 33.8983
24 142 31.2989
25 142 31.2989
44 142 33.8983
25 143 31.2989
44 143 33.8983
25 144 31.2989
44 144 33.8983
44 145 33.8983
44 146 33.8983
44 147 33.8983
44 148 33.8983
134 148 6.37349
44 149 33.8983
27 150 50.7614
44 150 33.8983
27 151 50.7614
44 151 33.8983
27 152 50.7614
27 153 50.7614
27 154 50.7614
27 155 50.7614
27 156 50.7614
147 157 6.47459
134 158 6.47459
147 158 6.47459
134 160 6.47459
134 161 6.47459
134 162 6.47459
134 163 6.47459
134 164 6.47459
134 165 6.37349
148 165 6.47459
134 166 6.47459
196 166 50.7614
134 167 6.37349
196 167 50.7614
100 169 40.6504
147 169 6.37349
148 169 6.37349
134 170 6.47459
147 170 6.37349
148 170 6.37349
192 170 50.7614
134 171 6.47459
147 171 6.37349
148 171 6.37349
192 171 50.7614
100 172 50.7614
208 172 31.2989
134 173 6.47459
208 173 31.2989
134 174 6.47459
100 175 45.1467
134 175 6.47459
100 176 45.1467
134 176 6.37349
134 177 6.37349
135 177 6.37349
134 178 6.37349
135 178 6.37349
134 179 6.37349
135 179 6.37349
134 180 6.37349
135 180 6.37349
134 181 6.37349
135 181 6.37349
97 182 31.2989
173 182 7.84314
102 183 33.8983
134 183 6.37349
135 183 6.37349
170 183 7.69527
171 183 7.69527
102 184 33.8983
134 184 6.37349
135 184 6.37349
102 185 33.8983
134 185 6.37349
102 186 33.8983
134 186 6.37349
177 186 7.9968
102 187 33.8983
134 187 6.37349
167 187 7.41565
177 187 7.9968
178 187 7.9968
181 187 10.7296
190 187 7.84314
102 188 31.2989
134 188 6.37349
166 188 7.41565
181 188 10.7296
191 188 7.84314
102 189 31.2989
134 189 6.37349
165 189 7.41565
192 189 7.84314
102 190 31.2989
134 190 6.37349
148 190 6.47459
164 190 7.41565
192 190 7.84314
193 190 7.84314
239 190 67.5676
134 191 6.37349
148 191 6.47459
163 191 7.41565
193 191 7.84314
194 191 7.84314
239 191 67.5676
148 192 6.47459
163 192 7.41565
194 192 7.84314
300 192 45.1467
96 193 33.8983
148 193 6.47459
162 193 7.41565
194 193 7.84314
195 193 7.84314
236 193 50.7614
300 193 45.1467
96 194 33.8983
134 194 6.47459
148 194 6.47459
162 194 7.41565
195 194 7.84314
96 195 33.8983
195 195 7.84314
196 195 7.84314
195 196 7.84314
196 196 7.84314
196 197 7.84314
226 197 67.5676
14 198 80.9717
162 198 7.9968
196 198 7.84314
264 198 57.971
162 199 7.9968
196 199 7.84314
226 199 67.5676
162 200 7.9968
196 200 7.84314
197 200 7.84314
264 200 57.971
162 201 7.9968
196 201 7.84314
197 201 7.84314
162 202 7.9968
196 202 7.84314
197 202 7.84314
4 203 101.01
159 203 7.84314
162 203 7.9968
196 203 7.84314
226 203 67.5676
159 204 7.84314
162 204 7.9968
196 204 7.84314
3 205 101.01
4 205 101.01
162 205 7.9968
196 205 7.84314
3 206 101.01
4 206 101.01
97 206 33.8983
135 206 6.37349
162 206 7.9968
195 206 7.84314
196 206 7.84314
253 206 57.971
3 207 101.01
4 207 101.01
135 207 6.37349
160 207 7.84314
195 207 7.84314
196 207 7.84314
3 208 101.01
4 208 101.01
160 208 7.84314
191 208 7.84314
195 208 7.84314
4 209 101.01
161 209 7.84314
168 209 7.9968
190 209 7.84314
191 209 7.84314
226 209 67.5676
64 210 101.01
161 210 7.84314
162 210 7.84314
175 210 7.84314
181 210 7.9968
64 211 101.01
162 211 7.84314
175 211 7.84314
181 211 7.9968
193 211 7.84314
60 212 67.5676
64 212 101.01
165 212 7.9968
175 212 7.84314
181 212 7.9968
192 212 7.84314
193 212 7.84314
213 212 29.0698
26 213 50.7614
168 213 9.9453
175 213 7.84314
181 213 7.9968
192 213 7.84314
226 213 67.5676
191 214 7.84314
226 214 67.5676
190 215 7.84314
20 216 101.01
102 216 31.2989
188 216 7.84314
189 216 7.84314
187 217 7.84314
188 217 7.84314
102 218 33.8983
185 218 7.84314
238 218 50.7614
102 219 33.8983
135 219 6.37349
170 219 7.84314
238 219 50.7614
102 220 33.8983
135 220 6.37349
13 221 80.9717
19 221 80.9717
134 221 6.37349
135 221 6.37349
55 222 67.5676
134 222 6.37349
135 222 6.37349
176 222 7.84314
177 222 7.84314
181 222 7.9968
10 223 80.9717
134 223 6.37349
135 223 6.37349
148 223 6.57895
176 223 7.84314
177 223 7.84314
180 223 7.9968
181 223 7.9968
9 224 80.9717
135 224 6.37349
148 224 6.57895
177 224 7.84314
9 225 80.9717
88 225 57.971
134 225 6.37349
135 225 6.37349
177 225 7.84314
10 226 80.9717
134 226 6.37349
135 226 6.37349
177 226 7.84314
134 227 6.37349
135 227 6.37349
177 227 7.84314
43 228 67.5676
135 228 6.37349
43 229 67.5676
79 229 67.5676
135 229 6.37349
26 230 50.7614
79 230 67.5676
80 230 67.5676
79 231 67.5676
128 232 50.7614
177 232 7.9968
94 233 57.971
177 233 7.9968
82 234 57.971
94 234 57.971
176 234 7.9968
177 234 7.9968
148 235 6.57895
176 235 7.84314
177 235 7.84314
182 235 7.9968
211 235 29.0698
235 235 45.1467
134 236 6.37349
135 236 6.37349
148 236 6.47459
149 236 6.47459
176 236 7.84314
177 236 7.84314
182 236 7.9968
211 236 29.0698
102 237 33.8983
108 237 40.6504
134 237 6.37349
135 237 6.37349
149 237 6.47459
176 237 7.84314
177 237 7.84314
182 237 7.9968
134 238 6.37349
135 238 6.37349
149 238 6.47459
177 238 7.84314
182 238 7.9968
177 239 7.84314
182 239 7.9968
211 239 29.0698
134 240 6.37349
135 240 6.37349
176 240 7.84314
177 240 7.84314
182 240 7.9968
197 240 50.7614
211 240 29.0698
134 241 6.47459
177 241 7.84314
182 241 7.9968
197 241 50.7614
198 241 50.7614
211 241 29.0698
219 241 45.1467
240 241 45.1467
243 241 31.2989
262 241 40.6504
263 241 40.6504
177 242 7.84314
182 242 7.9968
198 242 50.7614
211 242 29.0698
219 242 45.1467
220 242 45.1467
240 242 45.1467
243 242 31.2989
177 243 7.84314
220 243 45.1467
240 243 45.1467
262 243 40.6504
135 253 6.37349
149 257 6.47459
149 258 6.47459
149 259 6.47459
177 259 8.86525
178 259 8.86525
181 259 7.84314
182 259 7.84314
149 260 6.47459
176 260 8.86525
177 260 8.86525
178 260 8.86525
182 260 7.84314
183 260 7.84314
149 261 6.47459
176 261 8.86525
177 261 8.86525
178 261 8.86525
182 261 7.84314
183 261 7.84314
149 262 6.47459
149 263 6.47459
187 263 7.84314
17 264 23.9521
135 264 6.37349
149 264 6.47459
187 264 7.84314
188 264 7.84314
18 265 22.6244
135 265 6.37349
149 265 6.47459
171 265 7.84314
172 265 7.84314
187 265 7.84314
188 265 7.84314
20 266 21.4362
149 266 6.47459
171 266 7.84314
172 266 7.84314
187 266 7.84314
188 266 7.84314
20 267 21.4362
21 267 21.4362
149 267 6.47459
172 267 7.84314
187 267 7.84314
188 267 7.84314
21 268 21.4362
149 268 6.47459
171 268 7.84314
172 268 7.84314
187 268 7.84314
188 268 7.84314
21 269 20.3666
22 269 20.3666
27 269 20.3666
149 269 6.47459
171 269 7.84314
172 269 7.84314
187 269 7.84314
188 269 7.84314
22 270 20.3666
149 270 6.47459
172 270 7.84314
22 271 19.3986
23 271 19.3986
28 271 19.3986
149 271 6.47459
23 272 19.3986
28 272 19.3986
149 272 6.47459
264 272 16.9779
23 273 18.5185
28 273 19.3986
149 273 6.47459
171 273 7.84314
23 274 17.7148
149 274 6.47459
171 274 7.84314
23 275 17.7148
29 275 17.7148
149 275 6.37349
171 275 7.84314
23 276 17.7148
29 276 16.9779
149 276 6.37349
171 276 7.84314
23 277 16.9779
29 277 16.9779
135 277 6.37349
149 277 6.37349
171 277 7.84314
264 277 15.674
23 278 16.2999
29 278 16.9779
149 278 6.37349
178 278 9.9453
179 278 9.9453
180 278 9.70874
181 278 9.48317
182 278 9.06207
183 278 8.86525
184 278 8.86525
185 278 8.32293
187 278 7.84314
23 279 16.2999
29 279 16.2999
135 279 6.37349
149 279 6.47459
187 279 7.84314
188 279 7.84314
23 280 15.674
29 280 15.674
149 280 6.47459
171 280 7.84314
172 280 7.84314
187 280 7.84314
188 280 7.84314
22 281 15.674
23 281 15.674
29 281 15.674
149 281 6.47459
172 281 7.84314
187 281 7.84314
188 281 7.84314
22 282 15.0943
29 282 15.674
149 282 6.37349
172 282 7.84314
187 282 7.84314
188 282 7.84314
21 283 15.0943
22 283 15.0943
28 283 15.0943
149 283 6.37349
172 283 7.84314
187 283 7.84314
188 283 7.84314
21 284 15.0943
22 284 15.0943
149 284 6.37349
172 284 7.84314
187 284 7.84314
188 284 7.84314
21 285 15.0943
149 285 6.37349
172 285 7.84314
187 285 7.84314
188 285 7.84314
149 286 6.37349
172 286 7.84314
149 287 6.37349
174 287 7.84314
149 288 6.37349
149 289 6.37349
171 289 7.84314
188 289 7.84314
149 290 6.37349
171 290 7.84314
149 291 6.37349
171 291 7.84314
149 292 6.37349
171 292 7.84314
149 293 6.37349
171 293 7.84314
149 294 6.37349
176 294 9.70874
177 294 10.1937
178 294 9.9453
179 294 9.9453
180 294 9.9453
181 294 9.70874
182 294 9.26784
183 294 9.26784
184 294 9.06207
149 295 6.47459
174 295 8.15661
186 295 7.84314
187 295 7.84314
188 295 7.84314
149 296 6.47459
187 296 7.84314
188 296 7.84314
149 297 6.47459
172 297 7.84314
187 297 7.84314
188 297 7.84314
149 298 6.47459
172 298 7.84314
187 298 7.84314
188 298 7.84314
260 298 10.7296
261 298 10.7296
149 299 6.47459
172 299 7.84314
187 299 7.84314
188 299 7.84314
261 299 10.7296
262 299 10.7296
149 300 6.47459
172 300 7.84314
187 300 7.84314
188 300 7.84314
149 301 6.37349
172 301 7.84314
187 301 7.84314
188 301 7.84314
149 302 6.47459
172 302 7.84314
187 302 7.84314
188 302 7.84314
149 303 6.47459
172 303 7.84314
173 303 7.84314
149 304 6.47459
174 304 7.84314
175 304 7.84314
176 304 7.84314
177 304 7.9968
178 304 7.9968
149 305 6.47459
188 305 7.84314
149 306 6.47459
171 306 7.84314
149 307 6.47459
171 307 7.84314
172 307 7.84314
149 308 6.47459
171 308 7.84314
149 309 6.47459
171 309 7.84314
172 309 7.84314
149 310 6.47459
171 310 7.84314
172 310 7.84314
135 311 6.37349
149 311 6.47459
173 311 7.84314
176 311 9.26784
177 311 9.26784
178 311 9.26784
179 311 9.48317
180 311 9.48317
181 311 9.48317
182 311 9.26784
183 311 9.06207
184 311 9.06207
185 311 8.49618
149 312 6.47459
174 312 7.84314
175 312 8.15661
176 312 9.26784
187 312 7.84314
188 312 7.84314
187 313 7.84314
188 313 7.84314
158 314 8.32293
172 314 7.84314
187 314 7.84314
188 314 7.84314
172 315 7.84314
187 315 7.84314
188 315 7.84314
201 315 7.9968
209 315 8.49618
254 315 8.86525
172 316 7.84314
187 316 7.84314
188 316 7.84314
201 316 7.9968
202 316 7.9968
254 316 8.86525
187 317 7.84314
188 317 7.84314
187 318 7.84314
188 318 7.84314
240 318 7.9968
240 319 7.9968
241 319 7.9968
174 320 6.91324
211 320 7.84314
212 320 7.84314
241 320 7.9968
175 321 6.91324
212 321 7.84314
213 321 7.84314
122 322 7.69527
175 322 6.91324
216 322 7.69527
217 322 7.69527
218 323 7.69527
167 324 6.7981
167 325 6.91324
168 325 6.91324
187 325 7.41565
199 325 8.32293
203 325 7.55287
204 325 7.55287
205 325 7.55287
206 325 7.28332
73 326 6.47459
105 326 7.41565
182 326 8.67679
187 326 7.41565
188 326 7.41565
189 326 7.28332
227 326 7.28332
56 327 6.57895
73 327 6.47459
114 327 7.15564
115 327 7.15564
166 327 6.7981
191 327 7.28332
192 327 7.28332
223 327 7.28332
73 328 6.47459
164 328 6.7981
165 328 7.28332
167 328 7.28332
170 328 6.68673
194 328 6.7981
195 328 6.68673
224 328 7.28332
225 328 7.28332
170 329 6.68673
191 329 7.28332
195 329 6.68673
57 330 6.47459
115 330 7.69527
119 330 7.03235
137 330 6.37349
119 331 7.03235
137 331 6.37349
88 332 7.15564
138 332 6.37349
171 332 6.57895
195 332 7.69527
196 332 7.69527
200 332 7.03235
201 332 7.03235
66 333 6.7981
68 333 6.7981
70 333 6.57895
89 333 7.15564
102 333 7.41565
138 333 6.37349
180 333 7.03235
185 333 6.47459
187 333 6.27549
200 333 7.03235
203 333 7.28332
64 334 6.47459
70 334 6.57895
108 334 6.47459
132 334 6.91324
183 334 6.27549
185 334 6.47459
190 334 6.7981
193 334 7.69527
64 335 6.47459
71 335 6.47459
74 335 7.15564
225 335 6.7981
64 336 6.47459
168 336 5.9988
66 337 6.47459
110 337 6.27549
150 337 6.27549
163 337 6.08828
164 337 6.08828
66 338 6.27549
71 338 6.27549
110 338 6.27549
150 338 6.27549
163 338 6.08828
164 338 6.08828
255 338 7.15564
71 339 6.27549
110 339 6.27549
123 339 5.9988
213 339 6.37349
67 340 6.27549
110 340 6.18047
124 340 5.9988
213 340 6.37349
214 340 6.37349
224 340 6.47459
111 341 5.9988
219 341 7.28332
224 341 6.47459
225 341 6.47459
110 342 5.91191
111 342 5.91191
126 342 5.9988
127 342 6.18047
187 342 6.27549
197 342 6.27549
199 342 6.18047
200 342 6.18047
224 342 6.47459
225 342 6.47459
110 343 5.91191
111 343 5.91191
112 343 5.91191
126 343 6.18047
186 343 6.27549
188 343 6.27549
191 343 6.91324
197 343 6.27549
201 343 6.18047
214 343 6.37349
215 343 6.47459
217 343 6.91324
110 344 5.91191
127 344 6.18047
130 344 5.82751
157 344 5.9988
192 344 6.91324
196 344 6.18047
197 344 6.27549
201 344 6.18047
216 344 6.47459
130 345 5.82751
196 345 6.18047
89 346 5.9988
130 346 5.82751
131 346 5.82751
167 346 6.27549
169 346 5.9988
170 346 5.91191
176 346 6.27549
89 347 5.9988
93 347 5.9988
130 347 5.82751
131 347 5.82751
170 347 5.91191
185 347 5.9988
59 348 5.91191
89 348 5.9988
174 348 6.47459
178 348 5.91191
185 348 5.9988
126 349 5.82751
165 349 5.74548
178 349 5.91191
124 350 5.82751
127 350 5.82751
128 350 5.82751
129 350 5.9988
130 350 5.9988
134 350 5.82751
165 350 5.74548
53 351 5.74548
62 351 6.18047
90 351 5.91191
91 351 5.82751
122 351 5.82751
132 351 5.74548
133 351 5.74548
165 351 5.74548
187 351 5.9988
41 352 6.18047
44 352 5.74548
45 352 5.74548
91 352 5.82751
92 352 5.82751
105 352 5.74548
106 352 5.74548
122 352 5.74548
160 352 5.43922
165 352 5.74548
166 352 5.74548
188 352 5.9988
190 352 5.9988
42 353 6.18047
44 353 5.74548
45 353 5.74548
80 353 5.51268
93 353 5.82751
122 353 5.74548
123 353 5.74548
124 353 5.74548
125 353 6.27549
129 353 5.66572
130 353 5.66572
131 353 5.66572
132 353 5.66572
160 353 5.43922
162 353 5.43922
163 353 5.74548
166 353 5.74548
167 353 5.74548
188 353 5.9988
79 354 5.51268
122 354 5.74548
123 354 5.74548
130 354 5.66572
131 354 5.66572
160 354 5.43922
161 354 5.43922
79 355 5.58815
142 355 6.37349
159 355 5.43922
66 356 5.82751
67 356 5.74548
69 356 5.74548
79 356 5.51268
80 356 5.51268
95 356 6.08828
96 356 6.08828
99 356 5.51268
100 356 5.51268
126 356 5.58815
149 356 5.36769
150 356 5.36769
151 356 5.36769
155 356 5.74548
81 357 5.51268
83 357 5.43922
85 357 5.36769
90 357 5.82751
91 357 5.82751
100 357 5.51268
135 357 5.51268
150 357 5.36769
151 357 5.36769
170 357 5.66572
83 358 5.43922
84 358 5.36769
89 358 5.82751
90 358 5.82751
91 358 5.51268
93 358 5.51268
94 358 5.51268
116 358 5.91191
117 358 5.91191
120 358 5.74548
121 358 5.74548
122 358 5.51268
124 358 5.51268
135 358 5.51268
136 358 5.51268
170 358 5.66572
171 358 5.66572
173 358 5.43922
85 359 5.36769
93 359 5.51268
94 359 5.51268
97 359 5.16396
124 359 5.51268
125 359 5.43922
136 359 5.51268
137 359 5.51268
158 359 5.43922
171 359 5.66572
173 359 5.43922
174 359 5.36769
175 359 5.36769
176 359 5.36769
197 359 5.74548
198 359 5.74548
199 359 5.74548
200 359 5.74548
92 360 5.51268
93 360 5.51268
174 360 5.36769
175 360 5.36769
176 360 5.36769
179 360 5.66572
227 360 5.9988
92 361 5.43922
95 361 5.36769
118 361 5.66572
119 361 5.66572
158 361 5.43922
159 361 5.36769
160 361 5.36769
182 361 5.36769
185 361 5.91191
190 361 5.58815
191 361 5.58815
227 361 5.9988
228 361 5.9988
95 362 5.23013
100 362 5.91191
101 362 5.91191
105 362 5.43922
108 362 5.16396
109 362 5.09944
159 362 5.36769
160 362 5.36769
161 362 5.36769
182 362 5.36769
183 362 5.36769
187 362 6.18047
190 362 5.58815
52 363 5.58815
53 363 5.58815
56 363 5.23013
57 363 5.23013
58 363 5.23013
59 363 5.23013
64 363 5.51268
88 363 4.68933
102 363 5.91191
106 363 5.43922
108 363 5.16396
109 363 5.09944
54 364 5.43922
56 364 5.23013
57 364 5.23013
60 364 5.23013
61 364 5.16396
62 364 5.16396
63 364 5.16396
65 364 5.58815
66 364 5.58815
92 364 5.43922
93 364 5.23013
95 364 5.23013
107 364 5.16396
117 364 5.09944
120 364 5.91191
123 364 5.58815
126 364 5.23013
152 364 5.51268
62 365 5.16396
70 365 5.09944
71 365 5.09944
95 365 5.29801
96 365 5.16396
117 365 5.09944
126 365 5.23013
163 365 5.66572
71 366 5.09944
98 366 5.03651
99 366 5.03651
105 366 5.43922
117 366 5.09944
128 366 5.23013
140 366 5.43922
164 366 5.66572
167 366 5.29801
168 366 5.29801
175 366 5.66572
176 366 5.51268
98 367 5.03651
99 367 5.03651
112 367 5.51268
113 367 5.51268
117 367 5.03651
146 367 5.16396
154 367 5.43922
155 367 5.29801
156 367 5.29801
165 367 5.58815
167 367 5.29801
168 367 5.29801
173 367 5.58815
178 367 5.51268
180 367 5.51268
43 368 5.36769
113 368 5.51268
116 368 5.03651
117 368 5.03651
154 368 5.43922
157 368 5.23013
161 368 5.58815
173 368 5.58815
26 369 5.03651
40 369 5.03651
59 369 5.09944
72 369 4.91521
114 369 5.43922
116 369 5.03651
117 369 5.03651
139 369 5.36769
140 369 5.36769
42 370 5.23013
117 370 5.03651
118 370 5.03651
137 370 5.36769
143 370 5.09944
144 370 5.51268
42 371 5.03651
107 371 6.08828
117 371 5.03651
118 371 5.03651
119 371 5.03651
127 371 6.57895
134 371 5.9988
138 371 5.43922
141 371 5.03651
145 371 5.51268
149 371 5.23013
166 371 5.23013
167 371 5.23013
168 371 5.23013
171 371 5.23013
172 371 5.23013
42 372 4.91521
43 372 4.91521
77 372 5.16396
114 372 5.29801
115 372 5.03651
118 372 5.03651
133 372 5.74548
141 372 5.03651
142 372 5.03651
143 372 5.03651
152 372 5.03651
593 372 5.91191
594 372 5.91191
29 373 5.16396
37 373 5.29801
38 373 5.23013
41 373 4.85673
94 373 5.58815
112 373 5.03651
138 373 5.36769
141 373 4.97512
142 373 4.97512
143 373 4.97512
32 374 4.97512
34 374 4.97512
38 374 5.23013
40 374 4.85673
41 374 4.85673
98 374 5.09944
101 374 4.85673
114 374 5.29801
133 374 5.9988
138 374 5.29801
139 374 5.23013
142 374 4.97512
146 374 5.29801
592 374 5.91191
593 374 5.66572
594 374 5.66572
35 375 4.97512
40 375 4.85673
41 375 4.79962
47 375 5.03651
61 375 4.97512
99 375 5.03651
101 375 4.85673
137 375 5.29801
139 375 5.29801
142 375 4.97512
147 375 5.29801
162 375 5.03651
594 375 5.91191
595 375 5.66572
596 375 5.58815
597 375 5.43922
598 375 5.43922
599 375 5.43922
600 375 5.36769
40 376 4.79962
48 376 5.03651
51 376 5.03651
95 376 5.09944
122 376 4.91521
142 376 4.91521
169 376 5.09944
170 376 5.09944
40 377 4.79962
52 377 5.03651
118 377 4.74383
158 377 5.23013
161 377 5.03651
162 377 5.03651
174 377 5.03651
39 378 4.79962
40 378 4.79962
65 378 5.09944
79 378 5.23013
85 378 5.03651
107 378 4.68933
118 378 4.74383
132 378 5.23013
137 378 4.79962
162 378 4.97512
163 378 4.97512
174 378 5.03651
175 378 5.03651
83 379 4.68933
87 379 5.23013
88 379 5.23013
107 379 4.68933
108 379 4.68933
125 379 4.79962
127 379 4.79962
132 379 5.23013
133 379 5.23013
135 379 4.97512
137 379 4.79962
138 379 4.79962
164 379 4.97512
76 380 5.23013
77 380 5.09944
78 380 5.23013
83 380 4.63607
88 380 5.23013
92 380 4.85673
93 380 4.85673
94 380 4.74383
107 380 4.68933
108 380 4.68933
124 380 4.79962
125 380 4.79962
136 380 4.79962
138 380 4.79962
139 380 4.79962
140 380 5.03651
227 380 5.23013
75 381 5.09944
77 381 5.23013
82 381 4.63607
83 381 4.63607
84 381 4.63607
94 381 4.74383
96 381 4.68933
97 381 4.68933
125 381 4.79962
143 381 4.85673
75 382 5.09944
83 382 4.63607
96 382 4.68933
133 382 5.91191
141 382 5.09944
144 382 4.79962
145 382 4.79962
225 382 5.16396
226 382 5.16396
227 382 5.16396
101 383 4.85673
102 383 4.85673
112 383 4.91521
115 383 4.63607
116 383 4.63607
142 383 4.85673
145 383 4.79962
156 383 4.85673
225 383 5.16396
226 383 5.16396
22 384 4.63607
44 384 4.74383
48 384 4.74383
71 384 4.85673
81 384 4.85673
102 384 4.85673
105 384 4.63607
107 384 4.91521
108 384 4.97512
116 384 4.63607
140 384 4.68933
22 385 4.63607
48 385 4.74383
68 385 4.79962
84 385 4.91521
105 385 4.63607
109 385 4.97512
112 385 4.91521
126 385 4.68933
140 385 4.68933
162 385 4.85673
163 385 5.03651
22 386 4.63607
47 386 4.74383
88 386 4.584
102 386 4.85673
126 386 4.68933
134 386 5.23013
135 386 5.29801
141 386 4.68933
151 386 5.58815
32 387 4.79962
36 387 4.74383
47 387 4.584
64 387 4.68933
89 387 4.584
90 387 4.584
122 387 5.16396
123 387 5.16396
124 387 5.03651
126 387 4.68933
127 387 4.68933
128 387 4.68933
131 387 4.584
141 387 4.68933
142 387 4.68933
160 387 4.74383
32 388 4.74383
63 388 4.68933
65 388 4.68933
87 388 4.584
89 388 4.584
90 388 4.584
91 388 4.584
131 388 4.584
132 388 4.584
145 388 4.68933
146 388 4.68933
157 388 4.97512
160 388 4.74383
161 388 4.74383
29 389 4.584
76 389 4.68933
90 389 4.584
91 389 4.584
92 389 4.53309
93 389 4.584
95 389 4.85673
101 389 4.584
106 389 4.68933
119 389 4.85673
131 389 4.584
132 389 4.584
160 389 4.74383
161 389 4.74383
29 390 4.584
30 390 4.68933
50 390 4.43459
51 390 4.43459
72 390 4.74383
107 390 4.68933
111 390 4.91521
113 390 4.91521
119 390 4.79962
122 390 4.53309
123 390 4.53309
160 390 4.74383
50 391 4.43459
51 391 4.43459
73 391 4.74383
80 391 5.09944
98 391 4.584
99 391 4.584
100 391 4.584
116 391 4.584
123 391 4.53309
141 391 4.79962
186 391 4.91521
47 392 4.91521
50 392 4.43459
51 392 4.43459
77 392 4.63607
88 392 4.4833
100 392 4.584
101 392 4.584
109 392 4.79962
118 392 4.584
139 392 4.97512
140 392 4.97512
142 392 4.74383
143 392 4.74383
144 392 4.63607
186 392 4.91521
187 392 4.91521
51 393 4.38693
118 393 4.584
119 393 4.584
133 393 4.97512
134 393 4.97512
52 394 4.38693
54 394 4.63607
80 394 5.03651
81 394 5.03651
87 394 4.4833
88 394 4.4833
116 394 4.74383
118 394 4.584
119 394 4.584
17 395 5.16396
23 395 4.79962
55 395 4.63607
57 395 4.63607
64 395 4.53309
87 395 4.4833
116 395 4.74383
117 395 4.584
137 395 4.4833
23 396 4.79962
24 396 4.79962
91 396 4.68933
93 396 4.68933
122 396 4.74383
123 396 4.85673
132 396 4.91521
137 396 4.4833
138 396 4.4833
146 396 4.79962
147 396 4.79962
150 396 4.53309
73 397 4.79962
74 397 4.79962
79 397 4.38693
91 397 4.68933
92 397 4.68933
120 397 4.85673
123 397 4.85673
124 397 4.68933
126 397 4.68933
127 397 4.68933
128 397 4.68933
135 397 4.4833
150 397 4.53309
151 397 4.53309
152 397 4.53309
20 398 4.38693
21 398 4.38693
52 398 4.53309
69 398 4.584
75 398 4.79962
79 398 4.38693
92 398 4.68933
126 398 4.68933
127 398 4.68933
128 398 4.68933
131 398 4.4833
151 398 4.53309
20 399 4.38693
21 399 4.38693
52 399 4.53309
70 399 4.584
79 399 4.38693
93 399 4.584
95 399 4.584
96 399 4.63607
97 399 4.43459
99 399 4.43459
104 399 4.79962
105 399 4.79962
109 399 4.43459
126 399 4.68933
127 399 4.68933
128 399 4.68933
49 400 4.584
54 400 4.53309
73 400 4.38693
79 400 4.38693
95 400 4.584
99 400 4.43459
100 400 4.43459
127 400 4.4833
132 400 4.4833
20 401 4.34028
25 401 4.4833
72 401 4.38693
73 401 4.38693
23 402 4.74383
34 402 4.63607
35 402 4.584
37 402 4.584
46 402 4.63607
47 402 4.584
58 402 4.38693
69 402 4.74383
72 402 4.38693
73 402 4.38693
74 402 4.38693
103 402 4.68933
27 403 4.74383
30 403 4.68933
35 403 4.584
37 403 4.584
47 403 4.63607
48 403 4.584
59 403 4.38693
64 403 4.97512
65 403 4.97512
66 403 4.91521
67 403 4.85673
68 403 4.85673
72 403 4.34028
73 403 4.34028
74 403 4.38693
76 403 4.34028
81 403 4.03959
98 403 4.584
106 403 4.53309
134 403 4.34028
31 404 4.53309
50 404 4.63607
73 404 4.34028
134 404 4.34028
31 405 4.53309
32 405 4.53309
33 405 4.53309
40 405 4.79962
86 405 4.53309
26 406 4.68933
27 406 4.68933
33 406 4.53309
44 406 4.24989
45 406 4.24989
48 406 4.63607
52 406 4.29461
174 406 4.4833
559 406 5.58815
18 407 4.29461
27 407 4.68933
44 407 4.24989
45 407 4.24989
52 407 4.29461
29 408 4.584
45 408 4.24989
52 408 4.29461
53 408 4.29461
112 408 4.2061
171 408 4.4833
172 408 4.4833
173 408 4.4833
45 409 4.24989
77 409 4.584
78 409 4.584
86 409 4.53309
96 409 4.584
108 409 4.74383
109 409 4.74383
112 409 4.2061
117 409 4.68933
118 409 4.68933
123 409 4.584
124 409 4.584
125 409 4.584
126 409 4.584
128 409 4.68933
131 409 4.53309
139 409 4.68933
140 409 4.68933
141 409 4.63607
142 409 4.63607
143 409 4.584
147 409 4.38693
171 409 4.4833
562 409 4.91521
563 409 4.79962
569 409 4.74383
570 409 4.79962
571 409 4.74383
572 409 4.74383
573 409 4.74383
9 410 4.74383
24 410 4.29461
58 410 4.63607
59 410 4.63607
60 410 4.63607
61 410 4.584
62 410 4.584
63 410 4.584
68 410 4.584
69 410 4.584
70 410 4.584
71 410 4.584
73 410 4.584
77 410 4.584
78 410 4.584
79 410 4.584
82 410 4.4833
83 410 4.4833
87 410 4.53309
88 410 4.53309
89 410 4.53309
98 410 4.63607
99 410 4.63607
102 410 4.34028
103 410 4.34028
104 410 4.34028
117 410 4.68933
118 410 4.68933
134 410 4.4833
135 410 4.43459
137 410 4.4833
143 410 4.584
144 410 4.43459
145 410 4.38693
146 410 4.38693
147 410 4.38693
148 410 4.34028
149 410 4.38693
563 410 4.79962
564 410 4.79962
565 410 4.74383
570 410 4.79962
571 410 4.74383
572 410 4.74383
573 410 4.74383
574 410 4.68933
575 410 4.63607
576 410 4.584
577 410 4.53309
578 410 4.4833
579 410 4.43459
580 410 4.43459
581 410 4.38693
4 411 4.79962
10 411 4.74383
24 411 4.29461
94 411 4.38693
566 411 4.74383
567 411 4.63607
569 411 4.74383
576 411 4.584
4 412 4.68933
10 412 4.74383
91 412 4.43459
94 412 4.38693
95 412 4.34028
125 412 4.4833
128 412 4.29461
91 413 4.38693
95 413 4.34028
97 413 4.34028
126 413 4.24989
129 413 4.24989
130 413 4.24989
132 413 4.24989
6 414 4.24989
91 414 4.38693
92 414 4.38693
97 414 4.34028
122 414 4.38693
6 415 4.2061
12 415 4.1632
90 415 4.38693
110 415 4.2061
111 415 4.2061
122 415 4.38693
124 415 4.24989
125 415 4.2061
6 416 4.12116
110 416 4.2061
111 416 4.2061
112 416 4.2061
113 416 4.24989
118 416 4.584
119 416 4.584
120 416 4.4833
122 416 4.34028
124 416 4.2061
125 416 4.2061
134 416 4.4833
136 416 4.584
6 417 4.12116
41 417 4.29461
52 417 4.12116
70 417 4.43459
86 417 4.74383
92 417 4.2061
94 417 4.29461
95 417 4.29461
120 417 4.584
124 417 4.2061
125 417 4.2061
127 417 4.2061
128 417 4.53309
133 417 4.34028
6 418 4.12116
26 418 4.2061
52 418 4.12116
70 418 4.43459
77 418 4.4833
116 418 4.63607
124 418 4.1632
125 418 4.1632
133 418 4.34028
139 418 4.584
150 418 4.79962
155 418 4.38693
6 419 4.07997
66 419 4.68933
67 419 4.68933
68 419 4.63607
71 419 4.38693
78 419 4.584
82 419 4.2061
96 419 4.29461
98 419 4.38693
100 419 4.63607
125 419 4.1632
136 419 4.1632
141 419 4.4833
146 419 4.38693
151 419 4.584
156 419 4.34028
157 419 4.34028
158 419 4.34028
56 420 4.74383
62 420 4.24989
74 420 4.12116
75 420 4.12116
88 420 4.2061
91 420 4.2061
92 420 4.38693
104 420 4.38693
105 420 4.34028
125 420 4.1632
136 420 4.1632
142 420 4.4833
147 420 4.38693
153 420 4.4833
157 420 4.29461
158 420 4.29461
58 421 4.43459
59 421 4.38693
60 421 4.38693
63 421 4.12116
64 421 4.12116
74 421 4.12116
75 421 4.12116
88 421 4.1632
89 421 4.1632
96 421 4.34028
99 421 4.63607
105 421 4.34028
107 421 4.12116
108 421 4.12116
109 421 4.12116
110 421 4.12116
113 421 4.12116
372 421 4.53309
373 421 4.4833
374 421 4.4833
448 421 4.4833
449 421 4.43459
460 421 4.53309
466 421 4.53309
467 421 4.53309
497 421 4.53309
498 421 4.53309
506 421 4.4833
507 421 4.43459
508 421 4.43459
509 421 4.38693
617 421 4.43459
631 421 4.38693
635 421 4.43459
636 421 4.38693
62 422 4.2061
63 422 4.12116
64 422 4.12116
65 422 4.12116
66 422 4.07997
74 422 4.12116
75 422 4.12116
87 422 4.1632
89 422 4.1632
90 422 4.29461
107 422 4.12116
108 422 4.12116
111 422 4.2061
112 422 4.12116
157 422 4.2061
158 422 4.2061
159 422 4.1632
314 422 4.43459
315 422 4.43459
316 422 4.43459
319 422 4.4833
320 422 4.4833
332 422 4.43459
334 422 4.43459
374 422 4.4833
375 422 4.43459
376 422 4.38693
377 422 4.29461
378 422 4.24989
379 422 4.24989
380 422 4.1632
451 422 4.43459
473 422 4.29461
494 422 4.34028
509 422 4.38693
510 422 4.34028
511 422 4.29461
512 422 4.2061
513 422 4.2061
514 422 4.1632
585 422 4.2061
37 423 4.24989
46 423 4.07997
51 423 4.38693
63 423 4.12116
64 423 4.12116
65 423 4.12116
74 423 4.12116
87 423 4.1632
88 423 4.12116
108 423 4.12116
112 423 4.12116
156 423 4.2061
157 423 4.1632
158 423 4.1632
159 423 4.1632
219 423 4.4833
38 424 4.24989
44 424 4.07997
52 424 4.34028
55 424 4.07997
101 424 4.24989
131 424 4.34028
157 424 4.1632
44 425 4.07997
54 425 4.07997
36 426 4.24989
49 426 4.03959
49 427 4.03959
50 427 4.03959
