95 3 5.51268
108 3 5.51268
109 3 5.51268
95 4 5.51268
108 4 5.51268
109 4 5.51268
95 5 5.51268
108 5 5.51268
109 5 5.51268
95 6 5.51268
108 6 5.51268
109 6 5.51268
110 6 5.51268
95 7 5.51268
108 7 5.51268
109 7 5.51268
95 8 5.51268
100 8 6.68673
108 8 5.51268
109 8 5.51268
95 9 5.51268
96 9 5.51268
108 9 5.51268
109 9 5.51268
95 10 5.51268
108 10 5.51268
109 10 5.51268
110 10 5.51268
95 11 5.51268
108 11 5.51268
109 11 5.51268
95 12 5.51268
108 12 5.51268
109 12 5.51268
95 13 5.51268
108 13 5.51268
109 13 5.51268
95 14 5.51268
108 14 5.51268
109 14 5.51268
110 14 5.51268
95 15 5.51268
108 15 5.51268
109 15 5.51268
110 15 5.51268
95 16 5.51268
108 16 5.51268
109 16 5.51268
95 17 5.51268
108 17 5.51268
109 17 5.51268
110 17 5.51268
95 18 5.51268
96 18 5.51268
108 18 5.51268
109 18 5.51268
95 19 5.51268
96 19 5.51268
108 19 5.51268
109 19 5.51268
139 19 5.58815
140 19 5.36769
141 19 5.36769
142 19 5.36769
95 20 5.51268
96 20 5.51268
109 20 5.51268
127 20 5.66572
128 20 5.66572
129 20 5.51268
130 20 5.51268
131 20 5.51268
135 20 5.58815
136 20 5.58815
137 20 5.58815
138 20 5.58815
139 20 5.58815
140 20 5.51268
143 20 5.51268
95 21 5.51268
114 21 5.74548
115 21 5.51268
116 21 5.51268
117 21 5.58815
118 21 5.58815
119 21 5.58815
120 21 5.58815
121 21 5.58815
122 21 5.66572
123 21 5.66572
124 21 5.66572
125 21 5.66572
126 21 5.66572
127 21 5.66572
128 21 5.66572
129 21 5.51268
143 21 5.51268
144 21 5.51268
93 22 5.51268
94 22 5.51268
95 22 5.51268
111 22 5.66572
112 22 5.74548
113 22 5.74548
114 22 5.74548
115 22 5.51268
138 22 5.66572
142 22 5.51268
143 22 5.51268
144 22 5.51268
73 23 5.66572
82 23 5.58815
83 23 5.58815
84 23 5.58815
85 23 5.58815
86 23 5.58815
87 23 5.58815
88 23 5.74548
90 23 5.74548
91 23 5.74548
92 23 5.74548
93 23 5.58815
94 23 5.51268
136 23 6.27549
137 23 6.27549
142 23 5.51268
143 23 5.51268
144 23 5.51268
71 24 5.66572
72 24 5.66572
73 24 5.66572
74 24 5.66572
78 24 5.66572
81 24 5.51268
89 24 5.74548
90 24 5.74548
109 24 5.58815
142 24 5.51268
143 24 5.51268
71 25 5.66572
72 25 5.66572
109 25 5.58815
142 25 5.51268
143 25 5.51268
144 25 5.51268
71 26 5.66572
72 26 5.66572
142 26 5.51268
143 26 5.51268
144 26 5.51268
71 27 5.66572
72 27 5.66572
95 27 5.66572
142 27 5.51268
143 27 5.51268
144 27 5.51268
71 28 5.66572
72 28 5.66572
93 28 5.66572
108 28 5.82751
113 28 5.51268
142 28 5.51268
143 28 5.51268
144 28 5.51268
71 29 5.66572
72 29 5.66572
110 29 5.58815
112 29 5.51268
113 29 5.51268
142 29 5.51268
143 29 5.51268
71 30 5.66572
72 30 5.66572
109 30 5.82751
112 30 5.51268
142 30 5.51268
143 30 5.51268
144 30 5.51268
69 31 5.58815
72 31 5.66572
96 31 5.51268
97 31 5.51268
111 31 5.51268
142 31 5.51268
143 31 5.51268
144 31 5.51268
69 32 5.23013
71 32 5.58815
72 32 5.66572
75 32 5.23013
96 32 5.51268
142 32 5.51268
143 32 5.51268
144 32 5.51268
72 33 5.58815
110 33 5.51268
142 33 5.51268
143 33 5.51268
144 33 5.51268
69 34 5.23013
70 34 5.29801
72 34 5.29801
109 34 5.51268
110 34 5.51268
142 34 5.51268
143 34 5.51268
144 34 5.51268
70 35 5.29801
74 35 4.91521
77 35 4.4833
109 35 5.51268
110 35 5.51268
142 35 5.51268
143 35 5.51268
144 35 5.51268
69 36 5.29801
70 36 5.29801
74 36 4.91521
79 36 4.4833
109 36 5.51268
143 36 5.51268
144 36 5.51268
70 37 5.29801
71 37 5.29801
74 37 4.91521
80 37 4.38693
81 37 4.38693
143 37 5.51268
144 37 5.51268
70 38 5.29801
71 38 5.29801
74 38 4.91521
76 38 4.91521
77 38 5.43922
143 38 5.51268
144 38 5.51268
70 39 5.29801
71 39 5.29801
95 39 5.36769
142 39 5.58815
143 39 5.58815
144 39 5.51268
70 40 5.29801
95 40 5.36769
125 40 5.74548
130 40 5.82751
131 40 5.82751
132 40 5.82751
133 40 5.82751
134 40 5.82751
135 40 5.91191
136 40 5.91191
137 40 5.91191
138 40 5.91191
139 40 5.82751
140 40 5.74548
141 40 5.74548
142 40 5.58815
143 40 5.58815
144 40 5.51268
70 41 5.29801
92 41 5.29801
110 41 5.58815
111 41 5.58815
112 41 5.66572
113 41 5.66572
114 41 5.82751
115 41 5.82751
116 41 5.82751
117 41 5.82751
119 41 5.91191
120 41 5.91191
121 41 5.91191
122 41 5.66572
123 41 5.66572
124 41 5.74548
125 41 5.74548
126 41 5.74548
127 41 5.82751
128 41 5.82751
129 41 5.82751
130 41 5.82751
131 41 5.82751
132 41 5.82751
133 41 5.82751
134 41 5.82751
135 41 5.91191
136 41 5.91191
137 41 5.91191
138 41 5.91191
139 41 5.82751
140 41 5.74548
141 41 5.74548
142 41 5.58815
70 42 5.23013
71 42 5.23013
86 42 5.43922
87 42 5.43922
88 42 5.36769
90 42 5.36769
91 42 5.36769
92 42 5.16396
109 42 5.58815
110 42 5.58815
111 42 5.58815
112 42 5.58815
113 42 5.66572
114 42 5.82751
115 42 5.82751
116 42 5.82751
117 42 5.82751
118 42 5.82751
119 42 5.91191
120 42 5.91191
121 42 5.91191
122 42 5.66572
123 42 5.66572
127 42 5.82751
70 43 5.23013
71 43 5.09944
73 43 4.97512
86 43 5.43922
87 43 5.43922
88 43 5.36769
89 43 5.43922
90 43 5.36769
94 43 5.16396
109 43 5.58815
110 43 5.58815
113 43 5.66572
73 44 4.97512
76 44 6.7981
77 44 6.7981
87 44 5.43922
88 44 5.36769
94 44 5.16396
109 44 5.58815
110 44 5.58815
72 45 4.97512
73 45 4.97512
76 45 6.7981
77 45 6.7981
94 45 5.16396
109 45 5.58815
110 45 5.58815
72 46 4.97512
73 46 4.97512
74 46 4.97512
77 46 6.7981
94 46 5.16396
98 46 7.03235
99 46 7.03235
109 46 5.51268
110 46 5.51268
73 47 4.91521
74 47 4.97512
77 47 6.7981
78 47 6.91324
79 47 6.91324
94 47 5.16396
98 47 7.03235
99 47 7.03235
109 47 5.51268
110 47 5.51268
73 48 4.91521
74 48 4.91521
79 48 6.91324
80 48 6.91324
110 48 5.51268
73 49 4.97512
74 49 4.97512
80 49 6.91324
92 49 5.16396
111 49 5.51268
73 50 4.91521
74 50 4.91521
112 50 5.51268
73 51 4.97512
74 51 4.97512
94 51 5.74548
112 51 5.51268
113 51 5.51268
72 52 4.97512
73 52 4.97512
74 52 4.97512
113 52 5.51268
73 53 4.97512
114 53 5.51268
176 53 31.2989
115 54 5.58815
95 55 5.23013
115 55 5.58815
116 55 5.58815
76 56 5.03651
116 56 5.66572
117 56 5.66572
91 57 5.51268
117 57 5.66572
79 58 5.03651
91 58 5.58815
118 58 5.66572
91 59 5.51268
103 59 5.51268
119 59 5.66572
190 59 29.0698
91 60 5.58815
119 60 5.74548
120 60 5.74548
82 61 5.23013
91 61 5.58815
120 61 5.74548
121 61 5.74548
121 62 5.82751
84 63 5.29801
122 63 5.82751
85 64 5.36769
122 64 5.91191
123 64 5.91191
86 65 5.36769
122 65 5.91191
123 65 5.91191
87 66 5.36769
122 66 5.91191
123 66 5.91191
88 67 5.36769
122 67 5.91191
123 67 5.91191
124 67 5.91191
90 68 5.43922
123 68 5.91191
91 69 5.43922
109 69 5.51268
110 69 5.51268
123 69 5.91191
92 70 5.43922
109 70 5.51268
110 70 5.51268
123 70 5.91191
124 70 5.91191
109 71 5.51268
110 71 5.51268
123 71 5.91191
124 71 5.91191
109 72 5.51268
110 72 5.51268
123 72 5.91191
124 72 5.91191
95 73 5.51268
109 73 5.51268
110 73 5.51268
114 73 7.15564
115 73 7.15564
123 73 5.91191
124 73 5.91191
95 74 5.51268
96 74 5.51268
109 74 5.51268
110 74 5.51268
115 74 7.15564
116 74 7.15564
123 74 5.91191
124 74 5.91191
95 75 5.51268
96 75 5.51268
99 75 7.03235
109 75 5.51268
110 75 5.51268
123 75 5.91191
124 75 5.91191
95 76 5.51268
96 76 5.51268
109 76 5.51268
110 76 5.51268
123 76 5.91191
124 76 5.91191
95 77 5.51268
96 77 5.51268
109 77 5.51268
110 77 5.51268
118 77 6.57895
123 77 5.91191
124 77 5.91191
95 78 5.51268
96 78 5.51268
109 78 5.51268
110 78 5.51268
119 78 6.57895
123 78 5.91191
124 78 5.91191
95 79 5.51268
96 79 5.51268
109 79 5.51268
110 79 5.51268
119 79 6.47459
123 79 5.91191
124 79 5.91191
95 80 5.51268
96 80 5.51268
109 80 5.51268
110 80 5.51268
120 80 6.47459
123 80 5.91191
124 80 5.91191
95 81 5.51268
96 81 5.51268
109 81 5.51268
110 81 5.51268
120 81 6.37349
123 81 5.91191
124 81 5.91191
95 82 5.51268
96 82 5.51268
109 82 5.51268
110 82 5.51268
123 82 5.91191
124 82 5.91191
95 83 5.51268
96 83 5.51268
109 83 5.51268
110 83 5.51268
123 83 5.91191
124 83 5.91191
95 84 5.51268
96 84 5.51268
109 84 5.51268
110 84 5.51268
124 84 5.9988
95 85 5.51268
96 85 5.51268
110 85 5.51268
95 86 5.51268
96 86 5.51268
110 86 5.51268
111 86 5.51268
95 87 5.51268
96 87 5.51268
110 87 5.51268
95 88 5.51268
96 88 5.51268
110 88 5.51268
95 89 5.51268
96 89 5.51268
110 89 5.51268
111 89 5.51268
95 90 5.51268
96 90 5.51268
110 90 5.51268
111 90 5.51268
95 91 5.51268
96 91 5.51268
110 91 5.51268
111 91 5.51268
95 92 5.51268
96 92 5.51268
110 92 5.51268
111 92 5.51268
95 93 5.51268
96 93 5.51268
110 93 5.51268
111 93 5.51268
95 94 5.51268
96 94 5.51268
110 94 5.51268
111 94 5.51268
95 95 5.51268
96 95 5.51268
110 95 5.51268
111 95 5.51268
95 96 5.51268
96 96 5.51268
110 96 5.51268
111 96 5.51268
95 97 5.51268
96 97 5.51268
110 97 5.51268
111 97 5.51268
95 98 5.51268
96 98 5.51268
110 98 5.51268
111 98 5.51268
95 99 5.43922
96 99 5.43922
110 99 5.51268
111 99 5.51268
95 100 5.43922
96 100 5.43922
110 100 5.51268
111 100 5.51268
96 101 5.51268
110 101 5.51268
111 101 5.51268
95 102 5.51268
96 102 5.51268
110 102 5.51268
111 102 5.51268
95 103 5.51268
96 103 5.51268
110 103 5.51268
111 103 5.51268
95 104 5.51268
96 104 5.51268
110 104 5.51268
111 104 5.51268
95 105 5.51268
110 105 5.51268
111 105 5.51268
95 106 5.51268
96 106 5.51268
110 106 5.51268
111 106 5.51268
95 107 5.51268
110 107 5.51268
111 107 5.51268
95 108 5.51268
110 108 5.51268
111 108 5.51268
95 109 5.51268
110 109 5.51268
111 109 5.51268
95 110 5.51268
96 110 5.51268
110 110 5.51268
111 110 5.51268
95 111 5.51268
96 111 5.51268
111 111 5.51268
95 112 5.51268
96 112 5.51268
111 112 5.51268
96 113 5.51268
111 113 5.51268
95 114 5.51268
111 114 5.51268
95 115 5.51268
96 115 5.51268
111 115 5.51268
95 116 5.51268
96 116 5.51268
111 116 5.51268
111 117 5.51268
111 118 5.51268
95 119 5.51268
96 119 5.51268
111 119 5.51268
95 120 5.51268
96 120 5.51268
111 120 5.51268
95 121 5.51268
194 121 50.7614
194 122 50.7614
11 123 29.0698
10 124 29.0698
11 124 29.0698
110 124 5.51268
193 124 57.971
10 125 29.0698
11 125 29.0698
110 125 5.51268
10 126 31.2989
11 126 31.2989
110 126 5.51268
10 127 31.2989
11 127 31.2989
110 127 5.51268
5 128 29.0698
10 128 31.2989
11 128 31.2989
32 128 31.2989
110 128 5.51268
111 128 5.51268
10 129 31.2989
11 129 31.2989
32 129 31.2989
101 129 6.7981
110 129 5.51268
111 129 5.51268
43 130 31.2989
110 130 5.51268
111 130 5.51268
43 131 31.2989
93 131 67.5676
110 131 5.51268
111 131 5.51268
111 132 5.51268
10 133 31.2989
11 133 31.2989
95 133 5.51268
111 133 5.51268
192 133 57.971
10 134 31.2989
11 134 31.2989
95 134 5.51268
110 134 5.51268
111 134 5.51268
192 134 57.971
10 135 31.2989
11 135 31.2989
17 135 50.7614
43 135 31.2989
95 135 5.51268
110 135 5.51268
111 135 5.51268
10 136 31.2989
11 136 31.2989
17 136 50.7614
32 136 31.2989
43 136 31.2989
92 136 67.5676
95 136 5.51268
10 137 29.0698
11 137 29.0698
32 137 31.2989
43 137 31.2989
95 137 5.51268
111 137 5.51268
10 138 31.2989
11 138 31.2989
17 138 50.7614
32 138 31.2989
43 138 31.2989
56 138 80.9717
95 138 5.51268
101 138 6.7981
111 138 5.51268
11 139 31.2989
17 139 50.7614
32 139 31.2989
43 139 31.2989
95 139 5.51268
111 139 5.51268
11 140 31.2989
32 140 31.2989
43 140 31.2989
95 140 5.51268
11 141 31.2989
32 141 31.2989
43 141 31.2989
95 141 5.51268
111 141 5.51268
17 142 50.7614
32 142 31.2989
43 142 31.2989
95 142 5.51268
111 142 5.51268
17 143 50.7614
32 143 31.2989
43 143 31.2989
95 143 5.51268
111 143 5.51268
32 144 31.2989
43 144 31.2989
95 144 5.51268
17 145 50.7614
32 145 31.2989
43 145 31.2989
111 145 5.51268
17 146 50.7614
32 146 31.2989
43 146 31.2989
96 146 5.51268
111 146 5.43922
17 147 50.7614
32 147 31.2989
43 147 31.2989
91 147 33.8983
96 147 5.51268
111 147 5.43922
17 148 50.7614
32 148 31.2989
91 148 33.8983
95 148 5.51268
17 149 50.7614
32 149 31.2989
91 149 33.8983
95 149 5.51268
17 150 50.7614
32 150 31.2989
72 150 134.228
91 150 33.8983
95 150 5.51268
32 151 31.2989
42 151 33.8983
91 151 33.8983
95 151 5.51268
17 152 50.7614
91 152 33.8983
95 152 5.51268
95 153 5.51268
91 154 33.8983
95 154 5.51268
111 154 5.51268
91 155 33.8983
111 155 5.51268
91 156 33.8983
95 156 5.51268
111 156 5.51268
95 157 5.51268
91 158 33.8983
95 158 5.51268
91 159 33.8983
91 160 33.8983
91 161 33.8983
100 161 5.66572
91 162 33.8983
96 162 5.74548
91 163 33.8983
91 164 33.8983
95 164 5.51268
91 165 33.8983
95 165 5.51268
91 166 33.8983
95 166 5.51268
190 166 57.971
95 167 5.51268
91 168 33.8983
95 168 5.51268
91 169 33.8983
95 169 5.51268
186 169 57.971
91 170 33.8983
95 170 5.51268
186 170 57.971
91 171 33.8983
95 171 5.51268
201 171 29.0698
91 172 33.8983
95 172 5.51268
91 173 33.8983
95 173 5.51268
91 174 33.8983
95 174 5.51268
6 175 101.01
29 175 134.228
91 175 33.8983
95 175 5.51268
6 176 101.01
91 176 33.8983
95 176 5.51268
202 176 29.0698
91 177 33.8983
95 177 5.51268
192 177 50.7614
91 178 33.8983
95 178 5.51268
112 178 5.51268
144 178 6.91324
6 179 80.9717
95 179 5.43922
95 180 5.43922
112 180 5.51268
141 180 6.7981
95 181 5.43922
112 181 5.51268
152 181 6.91324
95 182 5.51268
112 182 5.51268
152 182 6.91324
153 182 6.91324
165 182 7.03235
166 182 6.91324
169 182 6.91324
94 183 5.51268
95 183 5.51268
112 183 5.51268
152 183 6.91324
153 183 6.91324
157 183 9.26784
167 183 6.91324
92 184 33.8983
95 184 5.51268
112 184 5.51268
140 184 7.03235
167 184 6.91324
168 184 6.91324
92 185 33.8983
95 185 5.51268
112 185 5.51268
139 185 7.03235
168 185 6.91324
169 185 6.91324
92 186 33.8983
95 186 5.51268
111 186 5.51268
112 186 5.51268
138 186 7.03235
169 186 6.91324
170 186 6.91324
6 187 80.9717
95 187 5.51268
111 187 5.51268
112 187 5.51268
137 187 7.03235
170 187 6.91324
6 188 80.9717
95 188 5.51268
101 188 6.91324
112 188 5.51268
136 188 7.03235
171 188 6.91324
174 188 6.57895
91 189 33.8983
95 189 5.51268
112 189 5.51268
136 189 7.03235
171 189 6.91324
172 189 6.91324
174 189 6.7981
95 190 5.51268
112 190 5.51268
135 190 7.03235
172 190 6.91324
175 190 6.57895
234 190 67.5676
235 190 67.5676
95 191 5.51268
112 191 5.51268
135 191 7.03235
172 191 6.91324
173 191 6.91324
95 192 5.51268
112 192 5.51268
172 192 6.91324
173 192 6.91324
297 192 40.6504
86 193 33.8983
95 193 5.51268
112 193 5.51268
134 193 7.03235
173 193 6.91324
209 193 57.971
231 193 50.7614
232 193 50.7614
95 194 5.43922
112 194 5.51268
134 194 7.03235
173 194 6.91324
174 194 6.91324
95 195 5.51268
134 195 7.03235
173 195 6.91324
174 195 6.91324
95 196 5.43922
112 196 5.51268
134 196 7.03235
173 196 6.91324
174 196 6.91324
6 197 101.01
134 197 7.03235
173 197 6.91324
174 197 6.91324
6 198 101.01
134 198 7.03235
173 198 6.91324
174 198 6.91324
132 199 7.03235
134 199 7.03235
173 199 6.91324
174 199 6.91324
260 199 50.7614
132 200 7.03235
134 200 7.03235
173 200 6.91324
174 200 6.91324
132 201 7.41565
134 201 7.41565
173 201 6.91324
174 201 6.91324
197 201 67.5676
209 201 57.971
132 202 7.41565
134 202 7.03235
173 202 6.91324
174 202 6.91324
209 202 57.971
95 203 5.43922
96 203 5.43922
173 203 6.91324
221 203 67.5676
95 204 5.43922
132 204 7.03235
133 204 7.03235
135 204 7.03235
173 204 6.91324
95 205 5.43922
96 205 5.43922
132 205 6.91324
133 205 7.03235
135 205 7.03235
172 205 6.91324
173 205 6.91324
95 206 5.43922
96 206 5.43922
132 206 6.91324
135 206 7.03235
168 206 7.69527
169 206 7.69527
172 206 6.91324
95 207 5.43922
96 207 5.43922
133 207 6.91324
139 207 7.03235
141 207 7.03235
167 207 7.69527
96 208 5.43922
133 208 6.91324
141 208 7.03235
149 208 6.91324
150 208 6.91324
156 208 7.03235
167 208 6.91324
221 208 67.5676
96 209 5.43922
134 209 6.91324
149 209 6.91324
150 209 6.91324
156 209 7.03235
16 210 45.1467
96 210 5.43922
134 210 6.91324
135 210 6.91324
149 210 6.91324
156 210 7.03235
169 210 6.91324
170 210 6.91324
16 211 45.1467
96 211 5.43922
135 211 6.91324
136 211 6.91324
138 211 7.41565
149 211 6.91324
150 211 6.91324
156 211 7.03235
169 211 6.91324
170 211 6.91324
16 212 45.1467
96 212 5.43922
149 212 6.91324
150 212 6.91324
156 212 7.03235
168 212 6.91324
169 212 6.91324
206 212 29.0698
15 213 45.1467
92 213 33.8983
96 213 5.43922
167 213 7.03235
168 213 6.91324
15 214 45.1467
92 214 33.8983
96 214 5.43922
137 214 6.7981
166 214 6.91324
167 214 6.91324
92 215 33.8983
96 215 5.43922
142 215 6.7981
165 215 6.91324
166 215 6.91324
92 216 33.8983
95 216 5.43922
96 216 5.43922
139 216 6.7981
140 216 6.7981
164 216 6.91324
165 216 6.91324
92 217 33.8983
140 217 6.7981
162 217 6.91324
163 217 6.91324
233 217 45.1467
38 218 67.5676
92 218 33.8983
142 218 6.7981
37 219 67.5676
92 219 33.8983
95 219 5.43922
96 219 5.43922
112 219 5.51268
143 219 6.7981
144 219 6.7981
5 220 80.9717
92 220 33.8983
95 220 5.43922
96 220 5.43922
112 220 5.51268
144 220 6.7981
145 220 6.7981
11 221 80.9717
92 221 33.8983
95 221 5.43922
96 221 5.43922
112 221 5.51268
147 221 6.7981
148 221 6.7981
149 221 6.91324
11 222 80.9717
47 222 67.5676
95 222 5.43922
96 222 5.43922
112 222 5.51268
150 222 6.91324
151 222 6.91324
152 222 6.91324
153 222 6.91324
156 222 7.03235
157 222 7.03235
92 223 33.8983
95 223 5.43922
96 223 5.43922
112 223 5.51268
151 223 6.91324
153 223 6.91324
156 223 7.03235
157 223 7.03235
95 224 5.43922
151 224 6.91324
152 224 6.91324
151 225 6.91324
152 225 6.91324
10 226 67.5676
95 226 5.43922
96 226 5.43922
112 226 5.51268
151 226 6.91324
152 226 6.91324
151 227 7.03235
35 228 67.5676
16 229 50.7614
35 229 67.5676
112 229 5.51268
151 229 7.03235
16 230 50.7614
72 230 57.971
95 230 5.43922
151 230 7.03235
36 231 67.5676
112 231 5.51268
152 231 7.03235
112 232 5.51268
74 233 57.971
95 233 5.43922
151 233 6.91324
152 233 6.91324
74 234 57.971
95 234 5.43922
96 234 5.43922
151 234 7.03235
95 235 5.43922
112 235 5.51268
151 235 6.91324
157 235 7.03235
203 235 31.2989
92 236 31.2989
95 236 5.43922
112 236 5.51268
151 236 6.91324
153 236 6.91324
157 236 7.03235
203 236 31.2989
92 237 31.2989
95 237 5.43922
151 237 6.91324
157 237 7.03235
92 238 31.2989
95 238 5.43922
112 238 5.51268
141 238 50.7614
151 238 6.91324
157 238 7.03235
95 239 5.43922
112 239 5.51268
141 239 50.7614
151 239 6.91324
153 239 6.91324
157 239 7.03235
112 240 5.51268
151 240 6.91324
153 240 6.91324
157 240 7.03235
191 240 50.7614
203 240 31.2989
214 240 45.1467
151 241 6.91324
153 241 6.91324
157 241 7.03235
191 241 45.1467
235 241 40.6504
258 241 40.6504
273 241 40.6504
151 242 6.91324
157 242 7.03235
191 242 45.1467
192 242 45.1467
204 242 31.2989
213 242 45.1467
214 242 45.1467
258 242 40.6504
192 243 45.1467
214 243 45.1467
214 244 45.1467
257 244 40.6504
96 251 5.36769
96 252 5.36769
152 252 6.91324
152 253 6.91324
113 259 5.43922
112 260 5.51268
113 260 5.51268
112 261 5.51268
113 261 5.51268
95 262 5.51268
112 262 5.51268
95 263 5.51268
112 263 5.51268
95 264 5.43922
112 264 5.51268
156 264 6.91324
157 264 6.91324
158 264 6.91324
95 265 5.43922
112 265 5.51268
151 265 7.84314
152 265 7.84314
153 265 7.84314
157 265 6.91324
158 265 6.91324
5 266 21.4362
95 266 5.43922
112 266 5.51268
150 266 7.03235
151 266 7.84314
152 266 7.84314
153 266 7.84314
157 266 6.91324
158 266 6.91324
6 267 21.4362
95 267 5.43922
112 267 5.51268
151 267 7.84314
153 267 7.84314
157 267 6.91324
158 267 6.91324
95 268 5.43922
112 268 5.51268
7 269 20.3666
95 269 5.43922
112 269 5.51268
163 269 6.91324
7 270 19.3986
95 270 5.43922
112 270 5.51268
162 270 6.91324
163 270 6.91324
164 270 6.91324
7 271 19.3986
95 271 5.43922
112 271 5.51268
145 271 7.03235
162 271 6.91324
163 271 6.91324
164 271 6.91324
8 272 19.3986
95 272 5.43922
112 272 5.51268
145 272 7.03235
146 272 7.03235
162 272 6.91324
163 272 6.91324
164 272 6.91324
8 273 18.5185
95 273 5.43922
112 273 5.51268
145 273 7.03235
146 273 7.03235
162 273 6.91324
163 273 6.91324
164 273 6.91324
95 274 5.43922
112 274 5.51268
145 274 7.03235
146 274 7.03235
162 274 6.91324
163 274 6.91324
164 274 6.91324
7 275 17.7148
112 275 5.51268
113 275 5.51268
145 275 6.91324
146 275 6.91324
162 275 6.91324
163 275 6.91324
164 275 6.91324
256 275 16.2999
7 276 17.7148
95 276 5.43922
112 276 5.51268
145 276 6.91324
146 276 6.91324
163 276 6.91324
164 276 6.91324
256 276 16.2999
7 277 16.9779
95 277 5.43922
112 277 5.51268
145 277 6.91324
146 277 6.91324
147 277 6.91324
7 278 16.9779
112 278 5.51268
149 278 6.68673
152 278 6.27549
7 279 16.2999
95 279 5.43922
112 279 5.51268
6 280 16.2999
112 280 5.51268
144 280 6.91324
145 280 6.91324
164 280 7.03235
6 281 16.2999
112 281 5.51268
144 281 6.91324
145 281 6.91324
164 281 7.03235
256 281 14.556
6 282 15.674
112 282 5.51268
144 282 6.91324
145 282 6.91324
164 282 7.03235
256 282 14.556
95 283 5.43922
112 283 5.51268
144 283 6.91324
145 283 6.91324
164 283 7.03235
5 284 14.556
95 284 5.43922
112 284 5.51268
144 284 6.91324
145 284 6.91324
4 285 14.556
95 285 5.43922
112 285 5.51268
145 285 6.91324
4 286 14.556
95 286 5.43922
112 286 5.51268
148 286 8.32293
156 286 8.32293
157 286 8.32293
158 286 7.9968
159 286 7.84314
160 286 7.28332
161 286 7.03235
162 286 7.03235
163 286 7.03235
164 286 6.91324
3 287 14.0548
95 287 5.43922
112 287 5.51268
162 287 7.03235
163 287 6.91324
164 287 6.91324
112 288 5.51268
145 288 6.91324
162 288 6.91324
163 288 6.91324
164 288 6.91324
112 289 5.51268
145 289 6.91324
146 289 6.91324
162 289 6.91324
163 289 6.91324
164 289 6.91324
255 289 12.7389
112 290 5.51268
145 290 6.91324
146 290 6.91324
162 290 6.91324
163 290 6.91324
164 290 6.91324
112 291 5.51268
145 291 6.91324
146 291 6.91324
162 291 6.91324
163 291 6.91324
164 291 6.91324
112 292 5.51268
145 292 6.91324
146 292 6.91324
162 292 6.91324
163 292 6.91324
164 292 6.91324
255 292 11.6482
112 293 5.51268
145 293 6.91324
146 293 6.91324
163 293 6.91324
164 293 6.91324
112 294 5.51268
145 294 6.91324
146 294 6.91324
163 294 6.91324
164 294 6.91324
112 295 5.51268
145 295 6.91324
146 295 6.91324
112 296 5.51268
145 296 6.91324
146 296 6.91324
147 296 6.91324
112 297 5.51268
149 297 6.57895
150 297 6.47459
151 297 6.37349
152 297 6.37349
153 297 6.37349
112 298 5.51268
112 299 5.51268
144 299 6.91324
145 299 6.91324
95 300 5.43922
112 300 5.51268
144 300 6.91324
145 300 6.91324
112 301 5.51268
144 301 6.91324
145 301 6.91324
164 301 6.91324
112 302 5.51268
144 302 6.91324
145 302 6.91324
112 303 5.51268
145 303 6.91324
112 304 5.51268
145 304 6.91324
157 304 8.15661
158 304 7.9968
160 304 7.69527
112 305 5.51268
147 305 6.91324
148 305 7.03235
152 305 7.41565
153 305 7.41565
157 305 8.15661
158 305 7.9968
159 305 7.9968
160 305 7.69527
161 305 7.28332
162 305 6.91324
163 305 6.91324
164 305 6.91324
112 306 5.51268
146 306 6.91324
148 306 7.03235
149 306 6.7981
150 306 6.7981
151 306 6.68673
163 306 6.91324
164 306 6.91324
249 306 9.70874
250 306 9.70874
112 307 5.51268
145 307 6.91324
163 307 6.91324
164 307 6.91324
250 307 9.70874
251 307 9.70874
252 307 9.48317
253 307 9.06207
254 307 9.06207
256 307 9.48317
95 308 5.43922
112 308 5.51268
145 308 6.91324
162 308 6.91324
163 308 6.91324
164 308 6.91324
543 308 9.26784
544 308 9.26784
545 308 9.26784
112 309 5.51268
145 309 6.91324
146 309 6.91324
162 309 6.91324
163 309 6.91324
164 309 6.91324
95 310 5.43922
112 310 5.51268
145 310 6.91324
146 310 6.91324
163 310 6.91324
113 311 5.51268
145 311 6.91324
146 311 6.91324
163 311 6.91324
164 311 6.91324
112 312 5.43922
145 312 6.91324
146 312 6.91324
163 312 6.91324
164 312 6.91324
112 313 5.43922
113 313 5.43922
145 313 6.91324
146 313 6.91324
163 313 6.91324
164 313 6.91324
112 314 5.43922
145 314 6.91324
112 315 5.43922
145 315 6.91324
146 315 6.91324
147 315 6.91324
148 315 6.91324
230 315 8.86525
231 315 8.86525
112 316 5.43922
113 316 5.43922
148 316 6.91324
149 316 6.91324
150 316 6.7981
151 316 6.47459
152 316 6.37349
153 316 6.37349
154 316 6.37349
140 317 8.15661
112 318 5.43922
144 318 6.91324
145 318 6.91324
112 319 5.51268
145 319 6.91324
112 320 5.43922
144 320 6.91324
145 320 6.91324
170 320 8.49618
112 321 5.43922
145 321 6.91324
167 321 9.48317
171 321 8.49618
112 322 5.43922
145 322 6.91324
145 323 6.91324
139 324 8.32293
141 324 8.15661
142 324 8.15661
146 324 6.91324
147 324 6.91324
148 324 6.7981
157 324 7.15564
158 324 7.28332
159 324 7.28332
160 324 7.28332
161 324 7.03235
162 324 7.03235
163 324 6.91324
147 325 6.91324
148 325 6.7981
149 325 6.7981
150 325 6.68673
151 325 6.57895
152 325 6.68673
153 325 6.68673
155 325 6.68673
157 325 7.15564
158 325 7.28332
163 325 6.91324
188 325 7.41565
211 325 7.84314
83 326 6.08828
84 326 6.08828
122 326 7.28332
123 326 7.28332
131 326 7.28332
163 326 6.91324
188 326 7.28332
213 326 7.41565
214 326 7.41565
82 327 6.08828
145 327 6.91324
163 327 6.91324
164 327 6.91324
215 327 7.41565
145 328 6.91324
163 328 6.91324
164 328 6.91324
179 328 7.03235
188 328 7.28332
189 328 7.28332
190 328 7.28332
191 328 7.15564
240 328 7.84314
241 328 7.84314
245 328 7.84314
248 328 7.69527
145 329 6.91324
163 329 6.91324
164 329 6.91324
179 329 7.03235
180 329 7.03235
221 329 7.28332
163 330 6.91324
164 330 6.91324
180 330 7.03235
222 330 7.28332
163 331 6.91324
164 331 6.91324
223 331 7.15564
163 332 6.91324
164 332 6.91324
223 332 7.15564
155 333 6.7981
157 333 6.68673
187 333 7.41565
223 333 7.03235
224 333 7.03235
117 334 6.7981
157 334 6.68673
158 334 6.68673
190 334 6.7981
199 334 6.7981
224 334 7.03235
131 335 6.37349
158 335 6.68673
179 335 6.7981
190 335 6.7981
191 335 6.7981
153 336 6.7981
194 336 6.68673
195 336 6.57895
141 337 5.9988
195 337 6.57895
196 337 6.57895
197 337 6.57895
206 337 7.28332
210 337 6.47459
116 338 6.47459
196 338 6.57895
197 338 6.57895
198 338 6.57895
79 339 6.47459
116 339 6.47459
117 339 6.47459
183 339 6.47459
184 339 6.47459
203 339 5.74548
140 340 5.91191
67 341 6.37349
132 341 6.37349
136 341 5.82751
160 341 6.27549
178 341 6.68673
179 341 6.68673
180 341 6.47459
181 341 6.47459
182 341 6.47459
183 341 6.47459
61 342 6.57895
67 342 6.37349
77 342 6.37349
78 342 6.37349
135 342 5.82751
136 342 5.82751
154 342 7.41565
155 342 7.41565
160 342 6.27549
161 342 6.27549
162 342 6.27549
163 342 6.08828
183 342 6.37349
184 342 6.37349
206 342 6.18047
207 342 6.27549
61 343 6.57895
69 343 6.37349
76 343 6.37349
77 343 6.37349
78 343 6.37349
136 343 5.91191
152 343 6.57895
163 343 6.08828
164 343 6.08828
165 343 6.08828
120 344 5.9988
140 344 6.27549
164 344 6.08828
165 344 6.08828
202 344 6.18047
203 344 6.18047
204 344 6.18047
53 345 6.18047
130 345 6.18047
134 345 5.82751
135 345 5.74548
139 345 6.27549
140 345 6.27549
143 345 5.82751
151 345 6.57895
167 345 5.82751
203 345 6.18047
204 345 6.18047
205 345 6.18047
55 346 6.18047
64 346 6.08828
65 346 6.08828
86 346 6.08828
87 346 6.08828
132 346 5.82751
133 346 5.82751
134 346 5.82751
135 346 6.27549
139 346 6.27549
163 346 5.9988
167 346 5.82751
168 346 5.74548
169 346 5.82751
171 346 6.18047
65 347 6.08828
134 347 5.82751
158 347 7.03235
159 347 6.08828
161 347 5.74548
168 347 5.74548
181 347 6.08828
196 347 6.08828
197 347 6.18047
74 348 5.9988
77 348 5.9988
80 348 6.08828
162 348 5.74548
75 349 5.9988
76 349 5.9988
80 349 6.08828
163 349 5.74548
188 349 6.08828
194 349 6.18047
43 350 6.18047
46 350 5.74548
105 350 5.36769
135 350 5.82751
74 351 5.9988
84 351 5.91191
86 351 6.18047
98 351 5.36769
138 351 5.66572
139 351 5.66572
155 351 5.82751
173 351 5.74548
176 351 5.74548
178 351 5.74548
179 351 5.66572
180 351 5.66572
18 352 5.82751
74 352 5.82751
82 352 5.82751
83 352 5.82751
96 352 5.66572
98 352 5.36769
138 352 5.66572
139 352 5.66572
151 352 5.74548
161 352 5.58815
162 352 5.51268
173 352 5.74548
174 352 5.82751
175 352 5.82751
178 352 5.74548
179 352 5.66572
18 353 5.82751
20 353 5.58815
64 353 5.51268
65 353 5.51268
94 353 5.91191
96 353 5.66572
98 353 5.36769
148 353 6.08828
156 353 5.82751
163 353 5.51268
164 353 5.51268
175 353 5.82751
202 353 5.91191
20 354 5.58815
55 354 5.36769
65 354 5.51268
68 354 5.74548
94 354 5.91191
99 354 5.36769
147 354 6.08828
148 354 6.08828
153 354 5.36769
154 354 5.36769
156 354 5.29801
164 354 5.51268
193 354 5.66572
194 354 5.66572
195 354 5.66572
203 354 5.91191
22 355 5.51268
68 355 5.74548
69 355 5.74548
153 355 5.29801
154 355 5.36769
155 355 5.36769
159 355 5.43922
160 355 5.43922
23 356 5.58815
145 356 5.16396
48 357 5.36769
49 357 5.36769
145 357 5.16396
238 357 6.08828
239 357 6.08828
28 358 5.36769
66 358 5.36769
156 358 5.23013
239 358 6.08828
240 358 6.08828
66 359 5.36769
112 359 5.23013
189 359 5.43922
66 360 5.36769
112 360 5.23013
113 360 5.23013
127 360 5.03651
128 360 5.03651
187 360 5.43922
188 360 5.43922
69 361 5.91191
74 361 5.36769
96 361 5.09944
97 361 5.09944
127 361 5.03651
128 361 5.03651
188 361 5.43922
189 361 5.43922
200 361 5.51268
74 362 5.36769
78 362 4.97512
98 362 5.09944
145 362 5.66572
189 362 5.43922
190 362 5.43922
200 362 5.51268
201 362 5.51268
64 363 4.97512
65 363 4.97512
72 363 5.36769
79 363 4.97512
149 363 5.82751
151 363 5.82751
200 363 5.51268
201 363 5.51268
64 364 4.97512
65 364 4.97512
80 364 4.97512
92 364 5.03651
93 364 5.03651
155 364 5.23013
156 364 5.23013
167 364 5.51268
169 364 5.23013
188 364 5.43922
189 364 5.43922
195 364 5.51268
201 364 5.51268
63 365 4.97512
81 365 4.97512
143 365 5.03651
154 365 5.29801
156 365 5.23013
157 365 5.23013
168 365 5.23013
170 365 5.16396
171 365 5.16396
188 365 5.43922
189 365 5.43922
190 365 5.43922
191 365 5.43922
62 366 4.97512
63 366 4.91521
81 366 5.09944
82 366 4.97512
157 366 5.23013
158 366 5.16396
168 366 5.23013
171 366 5.16396
172 366 5.09944
190 366 5.43922
191 366 5.43922
192 366 5.36769
198 366 4.74383
62 367 4.97512
63 367 4.91521
64 367 4.91521
65 367 4.91521
66 367 4.85673
82 367 5.09944
116 367 5.36769
119 367 5.03651
158 367 5.16396
159 367 5.16396
161 367 5.09944
166 367 5.51268
167 367 5.51268
172 367 5.09944
82 368 5.09944
84 368 4.91521
85 368 4.91521
87 368 4.91521
119 368 5.03651
120 368 5.03651
160 368 5.09944
39 369 4.97512
85 369 4.91521
87 369 4.91521
115 369 5.09944
37 370 4.97512
41 370 4.97512
61 370 4.91521
85 370 4.85673
86 370 4.85673
117 370 4.97512
122 370 5.66572
130 370 5.23013
133 370 4.91521
150 370 4.97512
37 371 4.97512
61 371 4.91521
85 371 4.85673
86 371 4.85673
117 371 4.97512
118 371 4.91521
133 371 4.91521
134 371 4.91521
137 371 4.91521
140 371 5.03651
151 371 4.97512
37 372 4.91521
38 372 4.91521
42 372 4.97512
85 372 4.85673
86 372 4.85673
134 372 4.91521
135 372 4.91521
140 372 5.03651
141 372 5.03651
152 372 4.97512
153 372 4.97512
157 372 5.16396
38 373 4.91521
86 373 4.85673
125 373 5.09944
136 373 4.91521
141 373 5.03651
142 373 5.03651
143 373 5.03651
144 373 4.97512
39 374 4.91521
103 374 4.97512
104 374 4.97512
143 374 5.03651
79 375 4.79962
80 375 4.79962
138 375 4.91521
36 376 4.85673
41 376 4.91521
58 376 4.97512
77 376 5.29801
80 376 4.79962
81 376 4.79962
82 376 4.74383
84 376 4.74383
123 376 4.91521
124 376 4.79962
125 376 4.79962
162 376 4.91521
38 377 4.79962
56 377 4.68933
82 377 4.74383
83 377 4.74383
84 377 4.74383
85 377 4.74383
86 377 4.74383
87 377 4.74383
95 377 4.85673
96 377 4.85673
121 377 5.16396
124 377 4.79962
125 377 4.79962
126 377 4.79962
156 377 4.85673
38 378 4.79962
39 378 4.79962
74 378 4.68933
79 378 5.29801
87 378 4.74383
88 378 4.79962
116 378 4.63607
121 378 5.16396
125 378 4.79962
126 378 4.79962
127 378 4.79962
142 378 4.97512
154 378 4.91521
156 378 4.85673
157 378 4.85673
158 378 4.79962
39 379 4.79962
53 379 4.63607
54 379 4.63607
73 379 4.68933
74 379 4.68933
78 379 5.36769
79 379 5.36769
118 379 4.4833
126 379 4.79962
127 379 4.79962
128 379 4.79962
153 379 5.03651
155 379 4.85673
157 379 4.85673
158 379 4.79962
159 379 4.74383
160 379 4.74383
54 380 4.63607
55 380 4.63607
73 380 4.68933
74 380 4.68933
82 380 4.63607
83 380 4.63607
84 380 4.63607
115 380 4.68933
118 380 4.43459
127 380 4.79962
128 380 4.79962
129 380 4.74383
63 381 4.63607
74 381 4.68933
75 381 4.68933
76 381 4.68933
82 381 4.63607
83 381 4.63607
84 381 4.63607
85 381 4.63607
118 381 4.43459
129 381 4.74383
134 381 4.34028
74 382 4.68933
84 382 4.63607
85 382 4.63607
110 382 5.09944
118 382 4.43459
74 383 4.68933
110 383 5.09944
118 383 4.43459
119 383 4.43459
154 383 4.68933
42 384 4.53309
43 384 4.53309
49 384 4.53309
91 384 4.97512
95 384 4.584
98 384 4.91521
102 384 4.85673
119 384 4.43459
130 384 4.91521
206 384 5.16396
207 384 5.16396
208 384 5.16396
22 385 4.43459
44 385 4.53309
45 385 4.53309
46 385 4.4833
47 385 4.53309
78 385 4.63607
85 385 4.85673
96 385 5.09944
98 385 4.91521
100 385 4.91521
105 385 4.43459
106 385 4.43459
133 385 4.4833
134 385 4.4833
137 385 5.16396
23 386 4.43459
29 386 4.63607
35 386 4.79962
38 386 4.584
47 386 4.53309
77 386 4.63607
78 386 4.63607
79 386 4.63607
80 386 4.53309
82 386 4.4833
85 386 4.85673
88 386 4.4833
100 386 4.91521
105 386 4.43459
106 386 4.43459
107 386 4.43459
111 386 4.74383
115 386 4.38693
116 386 4.38693
144 386 4.584
201 386 5.03651
202 386 5.03651
24 387 4.43459
30 387 4.63607
31 387 4.63607
35 387 4.584
68 387 4.43459
73 387 4.68933
77 387 4.63607
78 387 4.53309
80 387 4.53309
81 387 4.53309
82 387 4.4833
88 387 4.4833
89 387 4.4833
106 387 4.43459
107 387 4.43459
108 387 4.43459
113 387 4.63607
116 387 4.38693
117 387 4.38693
130 387 4.63607
144 387 4.584
166 387 4.79962
202 387 5.03651
203 387 5.03651
32 388 4.4833
36 388 4.584
37 388 4.584
40 388 4.584
41 388 4.63607
57 388 4.43459
69 388 4.4833
72 388 4.68933
73 388 4.68933
76 388 4.63607
77 388 4.53309
89 388 4.4833
90 388 4.4833
128 388 4.38693
130 388 4.63607
131 388 4.63607
133 388 4.4833
166 388 4.79962
167 388 4.74383
168 388 4.74383
169 388 4.74383
203 388 5.03651
204 388 5.03651
205 388 4.97512
206 388 4.91521
37 389 4.4833
38 389 4.4833
42 389 4.63607
70 389 4.4833
73 389 4.68933
76 389 4.63607
77 389 4.63607
90 389 4.4833
91 389 4.4833
116 389 4.34028
128 389 4.38693
129 389 4.63607
131 389 4.63607
133 389 4.4833
134 389 4.43459
135 389 4.43459
136 389 4.38693
137 389 4.38693
147 389 4.91521
169 389 4.74383
170 389 4.74383
24 390 4.29461
69 390 4.38693
115 390 4.38693
116 390 4.38693
117 390 4.38693
120 390 4.4833
134 390 4.43459
135 390 4.43459
136 390 4.38693
137 390 4.38693
138 390 4.34028
147 390 4.91521
152 390 4.91521
153 390 4.584
24 391 4.29461
68 391 4.38693
141 391 4.63607
144 391 4.38693
155 391 4.63607
156 391 4.584
157 391 4.584
161 391 4.63607
66 392 4.38693
69 392 4.38693
114 392 4.38693
115 392 4.34028
116 392 4.34028
142 392 4.63607
144 392 4.38693
145 392 4.38693
146 392 4.38693
26 393 4.34028
35 393 4.2061
38 393 4.43459
62 393 4.4833
84 393 4.38693
109 393 5.03651
116 393 4.34028
117 393 4.34028
118 393 4.29461
145 393 4.38693
146 393 4.38693
36 394 4.24989
38 394 4.43459
39 394 4.43459
64 394 4.4833
65 394 4.29461
113 394 4.584
116 394 4.34028
117 394 4.34028
118 394 4.29461
119 394 4.29461
120 394 4.29461
36 395 4.24989
37 395 4.43459
39 395 4.43459
45 395 4.68933
51 395 4.12116
104 395 4.29461
112 395 4.63607
41 396 4.43459
51 396 4.07997
52 396 4.07997
70 396 4.584
92 396 4.29461
93 396 4.29461
104 396 4.29461
106 396 4.53309
107 396 4.584
110 396 4.584
112 396 4.63607
127 396 4.584
130 396 4.34028
33 397 4.38693
52 397 4.07997
60 397 4.34028
64 397 4.1632
74 397 4.1632
91 397 4.29461
105 397 4.53309
107 397 4.53309
121 397 4.63607
127 397 4.34028
130 397 4.34028
35 398 4.38693
53 398 4.07997
57 398 4.53309
62 398 4.1632
75 398 4.1632
76 398 4.1632
122 398 4.63607
126 398 4.34028
142 398 4.38693
54 399 4.07997
58 399 4.53309
62 399 4.1632
75 399 4.2061
76 399 4.2061
100 399 4.91521
101 399 4.91521
108 399 4.38693
110 399 4.29461
122 399 4.63607
126 399 4.34028
127 399 4.34028
134 399 4.34028
135 399 4.34028
138 399 4.584
141 399 4.38693
38 400 4.03959
58 400 4.53309
62 400 4.12116
96 400 4.34028
97 400 4.29461
98 400 4.29461
108 400 4.38693
109 400 4.38693
110 400 4.29461
111 400 4.24989
112 400 4.24989
126 400 4.34028
141 400 4.38693
38 401 4.03959
39 401 4.03959
77 401 4.1632
93 401 4.79962
99 401 4.2061
106 401 4.34028
112 401 4.24989
113 401 4.24989
114 401 4.24989
118 401 4.24989
121 401 4.63607
130 401 4.29461
38 402 4.03959
56 402 4.4833
91 402 4.63607
96 402 4.34028
99 402 4.2061
100 402 4.2061
102 402 4.38693
103 402 4.4833
114 402 4.24989
115 402 4.24989
116 402 4.24989
117 402 4.24989
131 402 4.29461
57 403 4.43459
60 403 4.12116
61 403 4.12116
76 403 4.2061
106 403 4.2061
107 403 4.2061
58 404 4.43459
61 404 4.12116
76 404 4.2061
93 404 4.4833
94 404 4.43459
34 405 4.1632
61 405 4.07997
62 405 4.12116
64 405 4.07997
88 405 4.24989
94 405 4.43459
98 405 4.12116
99 405 4.12116
123 405 4.24989
124 405 4.24989
126 405 4.29461
129 405 4.2061
61 406 4.07997
62 406 4.07997
63 406 4.07997
64 406 4.07997
65 406 4.03959
67 406 4.2061
85 406 4.12116
86 406 4.2061
89 406 4.24989
90 406 4.24989
99 406 4.12116
100 406 4.12116
101 406 4.07997
102 406 4.07997
124 406 4.24989
125 406 4.24989
129 406 4.2061
130 406 4.2061
59 407 4.12116
62 407 4.07997
63 407 4.07997
80 407 4.4833
82 407 4.91521
85 407 4.12116
86 407 4.2061
87 407 4.2061
90 407 4.12116
91 407 4.12116
92 407 4.12116
95 407 4.4833
101 407 4.07997
102 407 4.07997
103 407 4.07997
104 407 4.07997
115 407 4.1632
116 407 4.1632
131 407 4.2061
132 407 4.2061
63 408 4.03959
75 408 4.03959
76 408 4.03959
78 408 4.2061
91 408 4.12116
92 408 4.12116
93 408 4.03959
104 408 4.07997
105 408 4.07997
113 408 4.34028
116 408 4.1632
76 409 4.03959
92 409 4.12116
93 409 4.12116
53 410 4.07997
54 410 4.07997
57 410 4.2061
58 410 4.2061
91 410 4.03959
36 411 4.1632
57 411 4.2061
66 411 4.03959
74 411 4.03959
81 411 4.24989
82 411 4.24989
84 411 4.03959
87 411 4.12116
92 411 4.1632
96 411 4.2061
97 411 4.2061
98 411 4.2061
101 411 4.24989
102 411 4.24989
119 411 4.4833
122 411 4.24989
123 411 4.24989
61 412 4.03959
82 412 4.24989
85 412 4.03959
88 412 4.12116
90 412 4.1632
92 412 4.1632
93 412 4.1632
95 412 4.2061
98 412 4.2061
100 412 4.2061
102 412 4.24989
120 412 4.29461
123 412 4.24989
125 412 4.12116
126 412 4.07997
86 413 4.03959
89 413 4.1632
114 413 4.03959
118 413 4.24989
123 413 4.24989
125 413 4.12116
126 413 4.07997
127 413 4.07997
128 413 4.07997
129 413 4.07997
200 413 4.38693
201 413 4.38693
202 413 4.38693
66 414 4.03959
67 414 4.03959
115 414 4.03959
116 414 4.03959
119 414 4.1632
130 414 4.07997
131 414 4.07997
132 414 4.07997
55 415 4.03959
116 415 4.03959
117 415 4.03959
120 415 4.07997
131 415 4.07997
132 415 4.07997
133 415 4.07997
55 416 4.03959
117 416 4.03959
118 416 4.03959
121 416 4.07997
132 416 4.07997
133 416 4.07997
198 416 4.34028
199 416 4.34028
565 416 4.24989
85 417 4.07997
93 417 4.24989
113 417 4.4833
114 417 4.38693
118 417 4.03959
119 417 4.03959
120 417 4.03959
199 417 4.24989
200 417 4.24989
419 417 4.24989
420 417 4.24989
421 417 4.24989
65 418 4.03959
76 418 4.2061
77 418 4.2061
128 418 4.03959
129 418 4.03959
130 418 4.03959
196 418 4.24989
27 419 4.12116
69 419 4.91521
76 419 4.2061
77 419 4.2061
85 419 4.07997
86 419 4.07997
93 419 4.12116
196 419 4.24989
197 419 4.24989
198 419 4.24989
27 420 4.12116
78 420 4.2061
79 420 4.12116
81 420 4.07997
85 420 4.07997
86 420 4.07997
91 420 4.12116
108 420 4.03959
109 420 4.03959
166 420 4.24989
167 420 4.24989
196 420 4.24989
197 420 4.24989
86 421 4.07997
89 421 4.12116
91 421 4.12116
96 421 4.68933
97 421 4.68933
108 421 4.03959
109 421 4.03959
89 422 4.12116
97 422 4.68933
109 422 4.03959
407 422 4.2061
408 422 4.1632
89 423 4.12116
107 423 4.03959
410 423 4.1632
62 424 4.24989
63 424 4.24989
55 425 4.03959
62 425 4.24989
63 425 4.24989
104 425 4.63607
15 426 4.03959
61 426 4.24989
77 426 4.12116
115 426 4.12116
116 426 4.03959
87 427 4.03959
113 427 4.07997
114 427 4.07997
255 427 4.12116
87 428 4.03959
88 428 4.03959
256 428 4.03959
16 429 4.03959
69 429 4.03959
88 429 4.03959
113 429 4.07997
114 429 4.07997
115 429 4.07997
253 430 4.03959
254 430 4.03959
66 431 4.03959
108 431 4.03959
109 431 4.03959
146 431 4.03959
147 431 4.03959
148 431 4.03959
254 431 4.03959
359 431 4.03959
360 431 4.03959
145 432 4.12116
148 432 4.03959
146 433 4.03959
78 436 4.03959
87 436 4.03959
74 437 4.12116
77 437 4.03959
72 439 4.12116
74 439 4.12116
60 440 4.12116
71 440 4.12116
72 440 4.03959
68 442 4.07997
70 442 4.07997
68 443 4.07997
69 443 4.07997
70 443 4.07997
62 445 4.03959
628 462 4.03959
