69 3 5.03651
70 3 5.03651
87 3 5.09944
88 3 5.16396
89 3 5.16396
90 3 5.16396
91 3 5.16396
92 3 5.16396
93 3 5.03651
94 3 5.03651
119 3 5.09944
122 3 5.03651
123 3 5.03651
60 4 5.23013
61 4 5.23013
62 4 5.29801
63 4 5.29801
64 4 5.29801
65 4 5.16396
66 4 5.16396
67 4 5.09944
68 4 5.03651
69 4 5.03651
70 4 5.03651
88 4 5.16396
122 4 5.03651
123 4 5.03651
45 5 5.09944
46 5 5.09944
51 5 5.16396
52 5 5.16396
53 5 5.16396
54 5 5.16396
55 5 5.16396
56 5 5.16396
57 5 5.23013
58 5 5.23013
59 5 5.23013
60 5 5.23013
61 5 5.23013
62 5 5.29801
64 5 5.29801
65 5 5.16396
66 5 5.16396
85 5 5.09944
117 5 5.74548
122 5 5.09944
123 5 5.09944
44 6 5.09944
45 6 5.09944
46 6 5.09944
49 6 5.36769
64 6 5.29801
85 6 5.09944
121 6 5.09944
122 6 5.09944
123 6 5.09944
44 7 5.09944
45 7 5.09944
121 7 5.09944
122 7 5.09944
123 7 5.09944
44 8 5.16396
45 8 5.16396
122 8 5.09944
123 8 5.09944
44 9 5.16396
45 9 5.16396
68 9 5.09944
69 9 5.09944
122 9 5.09944
123 9 5.09944
38 10 4.63607
39 10 4.63607
44 10 5.16396
45 10 5.16396
84 10 5.29801
86 10 5.03651
88 10 5.03651
89 10 5.03651
97 10 8.49618
122 10 5.03651
123 10 5.03651
124 10 5.03651
38 11 4.63607
39 11 4.63607
44 11 5.16396
83 11 5.36769
86 11 5.03651
88 11 5.03651
89 11 5.03651
98 11 8.49618
122 11 5.03651
123 11 5.03651
39 12 4.63607
44 12 5.16396
85 12 5.29801
88 12 5.03651
122 12 5.03651
123 12 5.03651
39 13 4.63607
44 13 5.16396
70 13 5.09944
85 13 5.29801
87 13 5.03651
122 13 5.03651
123 13 5.03651
39 14 4.63607
44 14 5.16396
70 14 5.09944
122 14 5.03651
123 14 5.03651
124 14 5.03651
39 15 4.68933
42 15 5.16396
44 15 5.16396
122 15 5.03651
123 15 5.03651
124 15 5.03651
39 16 4.68933
42 16 5.16396
44 16 4.97512
85 16 5.09944
122 16 5.03651
123 16 5.03651
39 17 4.68933
42 17 4.38693
44 17 4.38693
46 17 5.16396
49 17 4.53309
85 17 5.09944
122 17 5.03651
123 17 5.03651
39 18 4.68933
42 18 4.38693
51 18 4.53309
52 18 4.53309
85 18 5.09944
122 18 5.03651
123 18 5.03651
124 18 5.03651
39 19 4.68933
42 19 4.38693
51 19 4.53309
52 19 4.53309
69 19 4.63607
71 19 4.63607
85 19 5.09944
122 19 5.03651
123 19 5.03651
124 19 5.03651
39 20 4.68933
42 20 4.38693
47 20 5.29801
69 20 4.63607
123 20 5.09944
124 20 5.09944
42 21 4.38693
45 21 5.29801
47 21 5.29801
72 21 4.4833
122 21 5.09944
123 21 5.09944
124 21 5.09944
39 22 4.68933
42 22 4.38693
45 22 5.29801
46 22 5.29801
72 22 4.4833
122 22 5.09944
123 22 5.09944
124 22 5.09944
42 23 4.38693
69 23 4.74383
72 23 4.4833
107 23 5.16396
108 23 5.16396
109 23 5.16396
110 23 5.23013
111 23 5.23013
112 23 5.23013
113 23 5.23013
114 23 5.23013
115 23 5.29801
116 23 5.29801
117 23 5.29801
118 23 5.29801
119 23 5.29801
120 23 5.16396
121 23 5.09944
122 23 5.09944
123 23 5.09944
124 23 5.09944
42 24 4.38693
69 24 4.74383
72 24 4.4833
88 24 5.09944
89 24 5.16396
90 24 5.16396
91 24 5.16396
95 24 5.23013
96 24 5.23013
97 24 5.23013
98 24 5.29801
99 24 5.29801
100 24 5.29801
101 24 5.29801
102 24 5.29801
103 24 5.36769
104 24 5.36769
105 24 5.16396
106 24 5.16396
107 24 5.16396
108 24 5.16396
109 24 5.16396
110 24 5.23013
111 24 5.23013
112 24 5.23013
113 24 5.23013
114 24 5.23013
115 24 5.29801
116 24 5.29801
117 24 5.29801
118 24 5.29801
119 24 5.29801
120 24 5.16396
121 24 5.16396
122 24 5.09944
42 25 4.38693
58 25 4.85673
59 25 4.91521
60 25 4.85673
68 25 4.68933
69 25 4.74383
72 25 4.4833
86 25 5.09944
87 25 5.09944
88 25 5.09944
89 25 5.16396
90 25 5.16396
91 25 5.16396
92 25 5.23013
93 25 5.23013
94 25 5.23013
95 25 5.23013
96 25 5.23013
97 25 5.23013
98 25 5.29801
99 25 5.29801
100 25 5.29801
101 25 5.29801
102 25 5.29801
103 25 5.36769
104 25 5.36769
105 25 5.16396
106 25 5.16396
109 25 5.16396
110 25 5.23013
116 25 5.29801
117 25 5.29801
118 25 5.29801
41 26 4.38693
42 26 4.38693
59 26 4.91521
60 26 4.85673
61 26 4.85673
62 26 4.85673
63 26 4.79962
64 26 4.68933
65 26 4.584
66 26 4.584
68 26 4.74383
72 26 4.4833
75 26 6.08828
82 26 5.43922
85 26 5.09944
86 26 5.09944
87 26 5.09944
88 26 5.09944
89 26 5.16396
90 26 5.16396
91 26 5.16396
94 26 5.23013
95 26 5.23013
41 27 4.38693
42 27 4.38693
60 27 4.85673
61 27 4.85673
62 27 4.91521
65 27 4.584
66 27 4.584
85 27 5.09944
86 27 5.09944
41 28 4.43459
42 28 4.43459
60 28 4.91521
61 28 4.91521
69 28 4.74383
85 28 5.09944
86 28 5.09944
41 29 4.43459
42 29 4.43459
49 29 6.37349
50 29 6.37349
63 29 4.91521
69 29 4.74383
85 29 5.09944
86 29 5.09944
41 30 4.43459
42 30 4.43459
50 30 6.37349
51 30 6.37349
62 30 4.91521
63 30 4.91521
69 30 4.74383
73 30 6.37349
85 30 5.03651
86 30 5.03651
41 31 4.43459
42 31 4.43459
51 31 6.37349
68 31 4.63607
69 31 4.74383
85 31 5.03651
86 31 5.03651
41 32 4.43459
42 32 4.43459
65 32 4.63607
66 32 4.584
68 32 4.584
86 32 5.03651
41 33 4.43459
42 33 4.43459
65 33 4.63607
66 33 4.584
68 33 4.43459
87 33 5.03651
41 34 4.43459
42 34 4.43459
68 34 4.43459
88 34 4.97512
88 35 4.97512
89 35 4.97512
89 36 5.03651
90 36 5.03651
90 37 5.03651
91 38 5.09944
92 39 5.09944
92 40 5.09944
93 40 5.09944
80 41 4.74383
93 41 5.16396
94 41 5.16396
76 42 4.97512
80 42 4.74383
94 42 5.16396
95 42 5.16396
67 43 5.43922
73 43 5.51268
77 43 4.97512
95 43 5.23013
52 44 4.68933
67 44 5.43922
73 44 5.51268
77 44 4.97512
78 44 4.97512
96 44 5.23013
75 45 5.29801
96 45 5.23013
97 45 5.29801
54 46 4.68933
97 46 5.29801
98 46 5.29801
98 47 5.29801
99 47 5.29801
71 48 5.29801
73 48 5.29801
99 48 5.36769
100 49 5.36769
100 50 5.43922
101 50 5.43922
172 50 29.0698
69 51 5.16396
90 51 5.03651
101 51 5.43922
102 51 5.43922
61 52 4.91521
101 52 5.43922
102 52 5.43922
103 52 5.43922
62 53 4.91521
101 53 5.43922
102 53 5.43922
103 53 5.43922
101 54 5.43922
102 54 5.43922
64 55 4.97512
84 55 4.85673
85 55 4.85673
101 55 5.43922
102 55 5.43922
103 55 5.43922
66 56 4.97512
84 56 4.85673
85 56 4.91521
101 56 5.43922
102 56 5.43922
103 56 5.43922
186 56 29.0698
102 57 5.43922
103 57 5.43922
186 57 29.0698
86 58 5.16396
87 58 5.16396
97 58 5.9988
102 58 5.43922
103 58 5.43922
69 59 5.03651
86 59 5.23013
87 59 5.23013
102 59 5.43922
103 59 5.43922
69 60 5.03651
70 60 5.03651
86 60 5.23013
87 60 5.23013
92 60 6.7981
102 60 5.51268
103 60 5.51268
69 61 5.03651
70 61 5.03651
74 61 6.68673
86 61 5.23013
87 61 5.23013
93 61 6.7981
102 61 5.51268
103 61 5.51268
69 62 5.03651
70 62 5.03651
74 62 6.57895
86 62 5.23013
87 62 5.23013
94 62 6.7981
102 62 5.51268
103 62 5.51268
69 63 5.03651
70 63 5.03651
86 63 5.23013
87 63 5.23013
102 63 5.43922
103 63 5.43922
69 64 5.03651
70 64 5.03651
76 64 6.57895
86 64 5.23013
87 64 5.23013
96 64 6.27549
102 64 5.43922
103 64 5.43922
69 65 5.03651
70 65 5.03651
86 65 5.23013
87 65 5.23013
102 65 5.43922
103 65 5.43922
69 66 5.03651
70 66 5.03651
86 66 5.23013
87 66 5.23013
97 66 5.91191
102 66 5.43922
103 66 5.43922
69 67 5.03651
70 67 5.03651
86 67 5.23013
87 67 5.23013
98 67 5.91191
102 67 5.43922
103 67 5.43922
69 68 4.97512
70 68 4.97512
86 68 5.23013
87 68 5.23013
98 68 5.91191
99 68 5.91191
102 68 5.43922
103 68 5.43922
69 69 4.97512
70 69 4.97512
86 69 5.23013
87 69 5.23013
99 69 5.82751
102 69 5.43922
103 69 5.43922
69 70 4.97512
70 70 4.97512
86 70 5.23013
87 70 5.23013
101 70 5.51268
102 70 5.51268
103 70 5.51268
69 71 4.97512
70 71 4.97512
85 71 5.09944
86 71 5.09944
87 71 5.09944
102 71 5.51268
103 71 5.51268
69 72 4.97512
70 72 4.97512
85 72 5.09944
86 72 5.09944
102 72 5.51268
103 72 5.51268
69 73 4.97512
70 73 4.97512
85 73 5.03651
86 73 5.03651
87 73 5.03651
69 74 4.97512
70 74 4.97512
85 74 5.03651
86 74 5.03651
87 74 5.03651
69 75 4.97512
70 75 4.97512
85 75 5.03651
86 75 5.03651
87 75 5.03651
69 76 4.97512
70 76 4.97512
85 76 5.03651
86 76 5.03651
87 76 5.03651
69 77 4.97512
70 77 4.97512
85 77 5.03651
86 77 5.03651
87 77 5.03651
69 78 4.97512
70 78 4.97512
85 78 5.03651
86 78 5.03651
87 78 5.03651
69 79 4.97512
70 79 4.97512
85 79 5.03651
86 79 5.03651
87 79 5.03651
69 80 4.97512
70 80 4.97512
86 80 5.03651
87 80 5.03651
69 81 4.97512
70 81 4.97512
86 81 5.03651
87 81 5.03651
69 82 4.97512
70 82 4.97512
86 82 5.03651
87 82 5.03651
69 83 4.97512
70 83 4.97512
86 83 5.03651
87 83 5.03651
236 83 45.1467
69 84 4.97512
70 84 4.97512
86 84 5.03651
87 84 5.03651
69 85 4.97512
70 85 4.97512
86 85 5.03651
87 85 5.03651
69 86 4.97512
70 86 4.97512
86 86 5.03651
87 86 5.03651
69 87 4.97512
70 87 4.97512
86 87 5.03651
87 87 5.03651
69 88 4.97512
70 88 4.97512
86 88 5.03651
87 88 5.03651
69 89 4.97512
70 89 4.97512
86 89 5.03651
87 89 5.03651
69 90 4.97512
70 90 4.97512
86 90 5.03651
87 90 5.03651
69 91 4.97512
70 91 4.97512
86 91 5.03651
87 91 5.03651
69 92 4.97512
70 92 4.97512
86 92 5.03651
87 92 5.03651
69 93 4.97512
70 93 4.97512
86 93 5.03651
87 93 5.03651
69 94 4.97512
70 94 4.97512
86 94 5.03651
87 94 5.03651
69 95 4.97512
70 95 4.97512
86 95 5.03651
87 95 5.03651
69 96 4.97512
70 96 4.97512
86 96 5.03651
87 96 5.03651
69 97 4.97512
70 97 4.97512
86 97 5.03651
87 97 5.03651
69 98 4.97512
70 98 4.97512
86 98 5.03651
87 98 5.03651
69 99 4.97512
70 99 4.97512
86 99 5.03651
87 99 5.03651
69 100 4.97512
70 100 4.97512
86 100 5.03651
87 100 5.03651
69 101 4.97512
70 101 4.97512
86 101 5.03651
87 101 5.03651
69 102 4.97512
70 102 4.97512
86 102 5.03651
87 102 5.03651
69 103 4.97512
70 103 4.97512
86 103 5.03651
87 103 5.03651
69 104 4.97512
70 104 4.97512
86 104 5.03651
87 104 5.03651
69 105 4.97512
70 105 4.97512
86 105 5.03651
87 105 5.03651
69 106 4.97512
70 106 4.97512
86 106 5.03651
87 106 5.03651
69 107 4.97512
70 107 4.97512
86 107 5.03651
87 107 5.03651
69 108 4.97512
70 108 4.97512
86 108 4.97512
87 108 4.97512
69 109 4.97512
70 109 4.97512
86 109 4.97512
87 109 4.97512
69 110 4.97512
70 110 4.97512
86 110 4.97512
87 110 4.97512
69 111 4.97512
70 111 4.97512
86 111 4.97512
87 111 4.97512
238 111 45.1467
69 112 4.97512
70 112 4.97512
86 112 4.97512
87 112 4.97512
69 113 4.91521
70 113 4.91521
86 113 4.97512
87 113 4.97512
69 114 4.91521
70 114 4.91521
87 114 4.97512
190 114 50.7614
70 115 4.91521
87 115 4.97512
190 115 50.7614
70 116 4.91521
87 116 4.97512
69 117 4.91521
70 117 4.91521
86 117 4.97512
87 117 4.97512
70 118 4.91521
87 118 4.97512
70 119 4.91521
87 119 4.97512
69 120 4.91521
70 120 4.91521
87 120 4.97512
3 121 29.0698
70 121 4.91521
87 121 4.97512
191 121 57.971
3 122 29.0698
70 122 4.91521
87 122 4.97512
190 122 57.971
3 123 29.0698
24 123 50.7614
70 123 4.91521
87 123 4.97512
190 123 57.971
3 124 29.0698
70 124 4.91521
87 124 4.97512
190 124 57.971
3 125 29.0698
70 125 4.91521
87 125 4.97512
3 126 29.0698
70 126 4.91521
87 126 4.97512
3 127 29.0698
70 127 4.91521
87 127 4.97512
24 128 31.2989
36 128 31.2989
70 128 4.91521
87 128 4.97512
36 129 31.2989
70 129 4.91521
87 129 5.03651
36 130 31.2989
70 130 4.91521
87 130 5.03651
3 131 29.0698
70 131 4.91521
87 131 5.03651
3 132 29.0698
69 132 4.91521
70 132 4.91521
87 132 5.03651
3 133 29.0698
70 133 4.97512
87 133 5.03651
189 133 50.7614
3 134 29.0698
86 134 5.03651
87 134 5.03651
3 135 29.0698
36 135 31.2989
69 135 4.97512
87 135 5.03651
3 136 29.0698
36 136 31.2989
69 136 4.97512
70 136 4.97512
87 136 4.97512
3 137 29.0698
25 137 31.2989
36 137 31.2989
69 137 4.97512
70 137 4.97512
87 137 4.97512
3 138 29.0698
25 138 31.2989
36 138 31.2989
69 138 4.97512
70 138 4.97512
87 138 4.97512
3 139 29.0698
25 139 31.2989
36 139 31.2989
69 139 4.97512
70 139 4.97512
86 139 4.97512
87 139 4.97512
3 140 29.0698
36 140 31.2989
69 140 4.97512
70 140 4.97512
75 140 6.27549
76 140 6.27549
86 140 4.97512
87 140 4.97512
189 140 45.1467
25 141 31.2989
36 141 31.2989
69 141 4.97512
70 141 4.97512
75 141 6.27549
76 141 6.27549
86 141 4.97512
87 141 4.97512
126 141 57.971
25 142 31.2989
36 142 31.2989
70 142 4.97512
86 142 4.97512
87 142 4.97512
189 142 45.1467
25 143 31.2989
36 143 31.2989
69 143 4.91521
70 143 4.91521
87 143 4.97512
189 143 45.1467
25 144 31.2989
36 144 31.2989
37 144 31.2989
69 144 4.91521
70 144 4.91521
87 144 4.97512
25 145 31.2989
36 145 31.2989
69 145 4.91521
70 145 4.91521
87 145 4.97512
25 146 31.2989
36 146 31.2989
37 146 31.2989
69 146 4.91521
70 146 4.91521
87 146 4.97512
25 147 31.2989
70 147 4.91521
25 148 31.2989
69 148 4.91521
70 148 4.91521
12 149 50.7614
25 149 31.2989
70 149 4.91521
25 150 31.2989
36 150 36.9686
70 150 4.91521
70 151 4.91521
12 152 50.7614
70 152 4.91521
87 152 5.03651
70 153 4.91521
70 154 4.91521
186 154 50.7614
81 155 5.66572
69 156 4.97512
79 156 5.66572
87 156 5.03651
76 157 6.08828
87 157 5.03651
87 158 5.03651
85 159 33.8983
70 161 4.91521
85 161 33.8983
69 162 4.91521
70 162 4.91521
85 162 33.8983
69 163 4.91521
70 163 4.91521
69 164 4.91521
70 164 4.91521
128 164 57.971
69 165 4.97512
70 165 4.97512
85 165 33.8983
128 165 57.971
187 165 50.7614
70 166 4.97512
127 166 57.971
128 166 57.971
187 166 50.7614
69 167 4.97512
128 167 57.971
69 168 4.97512
70 168 4.97512
128 168 57.971
69 169 4.97512
70 169 4.97512
183 169 50.7614
69 170 4.97512
70 170 4.97512
69 171 4.91521
70 171 4.91521
196 171 31.2989
197 171 31.2989
70 173 4.91521
197 175 29.0698
69 176 4.63607
127 176 6.47459
198 176 29.0698
69 177 4.63607
125 177 6.47459
69 178 4.63607
123 178 6.47459
124 178 6.47459
137 178 6.91324
138 178 6.91324
192 178 27.137
69 179 4.68933
122 179 6.47459
136 179 6.91324
137 179 6.91324
150 179 6.47459
69 180 4.74383
121 180 6.47459
136 180 6.91324
137 180 6.91324
151 180 6.47459
187 180 50.7614
69 181 4.74383
120 181 6.47459
121 181 6.47459
136 181 6.91324
137 181 6.91324
151 181 6.47459
152 181 6.47459
69 182 4.85673
87 182 5.03651
119 182 6.47459
120 182 6.47459
152 182 6.57895
153 182 6.47459
186 182 50.7614
69 183 4.85673
119 183 6.47459
153 183 6.47459
154 183 6.47459
69 184 4.85673
118 184 6.37349
154 184 6.47459
155 184 6.47459
69 185 4.85673
117 185 6.37349
118 185 6.37349
155 185 6.47459
69 186 4.85673
117 186 6.37349
156 186 6.47459
69 187 4.85673
116 187 6.37349
117 187 6.37349
156 187 6.47459
157 187 6.47459
69 188 4.85673
116 188 6.37349
157 188 6.47459
257 188 57.971
69 189 4.85673
115 189 6.37349
116 189 6.37349
157 189 6.47459
158 189 6.47459
115 190 6.37349
116 190 6.37349
158 190 6.47459
232 190 57.971
461 190 57.971
462 190 57.971
463 190 57.971
115 191 6.47459
158 191 6.47459
159 191 6.47459
232 191 57.971
80 192 33.8983
114 192 6.47459
115 192 6.47459
158 192 6.47459
159 192 6.47459
80 193 33.8983
114 193 6.47459
115 193 6.47459
159 193 6.47459
181 193 50.7614
228 193 45.1467
229 193 45.1467
257 193 57.971
80 194 33.8983
88 194 4.97512
115 194 6.47459
159 194 6.47459
229 194 45.1467
87 195 4.97512
88 195 4.97512
117 195 6.7981
159 195 6.47459
160 195 6.47459
88 196 4.97512
117 196 6.47459
159 196 6.47459
160 196 6.47459
257 196 57.971
70 197 4.91521
88 197 4.97512
115 197 6.47459
117 197 6.47459
159 197 6.47459
160 197 6.47459
117 198 6.47459
159 198 6.47459
160 198 6.47459
257 198 57.971
117 199 6.47459
159 199 6.47459
160 199 6.47459
206 199 57.971
257 199 57.971
115 200 6.57895
117 200 6.57895
159 200 6.47459
160 200 6.47459
181 200 50.7614
206 200 57.971
115 201 6.57895
117 201 6.57895
159 201 6.47459
181 201 50.7614
206 201 57.971
115 202 6.57895
117 202 6.7981
159 202 6.47459
194 202 57.971
206 202 57.971
70 203 4.91521
114 203 6.7981
115 203 6.57895
117 203 6.7981
158 203 6.47459
159 203 6.47459
206 203 57.971
219 203 57.971
69 204 4.91521
70 204 4.91521
80 204 31.2989
114 204 6.7981
115 204 6.57895
118 204 6.57895
158 204 6.47459
159 204 6.47459
246 204 57.971
69 205 4.91521
70 205 4.91521
80 205 31.2989
87 205 5.03651
114 205 6.47459
116 205 6.47459
118 205 6.57895
158 205 6.47459
69 206 4.97512
70 206 4.97512
80 206 31.2989
87 206 5.03651
115 206 6.47459
116 206 6.47459
118 206 6.47459
152 206 6.47459
154 206 6.47459
158 206 6.47459
246 206 57.971
10 207 45.1467
69 207 4.91521
70 207 4.91521
80 207 31.2989
115 207 6.47459
122 207 6.57895
124 207 6.57895
152 207 6.47459
153 207 6.47459
206 207 57.971
246 207 57.971
10 208 45.1467
69 208 4.91521
70 208 4.91521
116 208 6.47459
124 208 6.57895
127 208 7.69527
133 208 6.47459
140 208 6.57895
152 208 6.47459
153 208 6.47459
181 208 50.7614
206 208 57.971
219 208 57.971
10 209 45.1467
70 209 4.91521
116 209 6.47459
117 209 6.47459
133 209 6.47459
134 209 6.47459
136 209 7.55287
140 209 6.57895
141 209 6.57895
181 209 50.7614
219 209 57.971
10 210 45.1467
70 210 4.91521
117 210 6.47459
118 210 6.47459
133 210 6.47459
140 210 6.57895
141 210 6.57895
155 210 6.47459
156 210 6.47459
181 210 50.7614
10 211 45.1467
70 211 4.91521
117 211 6.47459
119 211 6.47459
121 211 6.7981
133 211 6.47459
140 211 6.57895
141 211 6.57895
154 211 6.47459
155 211 6.47459
156 211 6.47459
181 211 50.7614
201 211 29.0698
10 212 45.1467
69 212 4.91521
70 212 4.91521
118 212 6.47459
119 212 6.47459
133 212 6.47459
134 212 6.47459
136 212 7.41565
140 212 6.57895
141 212 6.57895
154 212 6.47459
155 212 6.47459
10 213 45.1467
69 213 4.91521
70 213 4.91521
119 213 6.47459
120 213 6.47459
122 213 6.47459
153 213 6.47459
154 213 6.47459
202 213 29.0698
219 213 57.971
229 213 50.7614
9 214 45.1467
69 214 4.91521
70 214 4.91521
120 214 6.37349
121 214 6.47459
152 214 6.47459
153 214 6.37349
219 214 57.971
19 215 200
69 215 4.91521
70 215 4.91521
124 215 6.47459
151 215 6.47459
152 215 6.47459
181 215 50.7614
219 215 57.971
69 216 4.91521
70 216 4.91521
121 216 6.37349
122 216 6.37349
123 216 6.47459
125 216 6.47459
149 216 6.47459
150 216 6.47459
151 216 6.47459
181 216 50.7614
230 216 45.1467
69 217 4.91521
70 217 4.91521
86 217 31.2989
122 217 6.37349
123 217 6.37349
148 217 6.57895
149 217 6.47459
181 217 50.7614
219 217 57.971
230 217 45.1467
129 218 6.47459
146 218 6.57895
147 218 6.57895
181 218 50.7614
230 218 45.1467
9 219 67.5676
12 219 45.1467
69 219 4.97512
125 219 6.37349
126 219 6.37349
127 219 6.47459
144 219 6.57895
145 219 6.57895
181 219 50.7614
230 219 45.1467
126 220 6.37349
127 220 6.47459
219 220 67.5676
7 221 67.5676
86 221 31.2989
43 222 67.5676
69 223 4.97512
87 223 31.2989
134 223 6.47459
135 223 6.47459
137 223 7.15564
140 223 6.47459
141 223 6.47459
134 224 6.47459
135 224 6.47459
137 224 6.47459
140 224 6.47459
141 224 6.47459
134 225 6.47459
135 225 6.47459
137 225 6.47459
5 226 67.5676
135 226 6.47459
136 226 6.47459
135 227 6.47459
135 228 6.47459
10 229 45.1467
69 229 4.97512
70 229 4.97512
10 230 45.1467
67 230 4.97512
69 230 4.97512
70 230 4.97512
199 230 29.0698
135 231 6.57895
141 231 6.47459
82 234 57.971
88 235 4.97512
135 235 6.57895
137 235 7.28332
141 235 6.57895
185 235 45.1467
88 236 4.97512
134 236 6.47459
135 236 6.47459
137 236 7.28332
141 236 6.47459
142 236 6.47459
199 236 29.0698
203 236 29.0698
227 236 40.6504
88 237 5.03651
92 237 33.8983
134 237 6.47459
135 237 6.47459
137 237 7.28332
141 237 6.57895
142 237 6.57895
199 237 29.0698
69 238 4.97512
122 238 50.7614
134 238 6.47459
135 238 6.47459
137 238 7.28332
141 238 6.47459
142 238 6.47459
230 238 45.1467
88 239 5.03651
134 239 6.47459
135 239 6.47459
137 239 7.28332
141 239 6.47459
135 240 6.47459
137 240 7.28332
141 240 6.47459
188 240 45.1467
199 240 29.0698
134 241 6.47459
135 241 6.47459
137 241 7.28332
141 241 6.47459
188 241 45.1467
199 241 29.0698
135 242 6.47459
137 242 7.28332
188 242 45.1467
199 242 29.0698
210 242 45.1467
232 242 40.6504
255 242 40.6504
270 242 40.6504
271 242 40.6504
315 242 36.9686
188 243 45.1467
199 243 29.0698
210 243 45.1467
232 243 40.6504
255 243 40.6504
210 244 45.1467
211 244 45.1467
231 244 40.6504
278 244 40.6504
255 246 36.9686
70 250 4.85673
70 251 4.85673
70 252 4.85673
88 253 5.03651
136 253 6.47459
136 254 6.47459
69 255 4.91521
69 256 4.91521
69 257 4.91521
69 259 4.91521
88 259 4.97512
89 259 4.97512
69 260 4.91521
88 260 4.97512
89 260 4.97512
69 261 4.91521
88 261 4.97512
69 262 4.97512
88 262 4.97512
88 263 4.97512
69 264 4.97512
88 264 4.97512
88 265 4.97512
88 266 4.97512
88 267 4.97512
88 268 4.97512
140 268 6.47459
141 268 6.47459
142 268 6.47459
69 269 4.91521
88 269 4.97512
136 269 7.28332
137 269 7.28332
141 269 6.47459
142 269 6.47459
69 270 4.91521
88 270 4.97512
134 270 6.47459
135 270 7.28332
136 270 7.28332
137 270 7.28332
141 270 6.47459
142 270 6.47459
69 271 4.91521
88 271 5.03651
134 271 6.47459
135 271 7.28332
137 271 7.28332
141 271 6.47459
142 271 6.47459
69 272 4.91521
88 272 5.03651
135 272 6.47459
88 273 5.03651
69 274 4.91521
88 274 5.03651
144 274 7.15564
147 274 6.47459
148 274 6.47459
88 275 5.03651
128 275 6.47459
147 275 6.47459
148 275 6.47459
149 275 6.47459
69 276 4.91521
88 276 5.03651
128 276 6.47459
129 276 6.47459
147 276 6.47459
148 276 6.47459
149 276 6.47459
69 277 4.91521
88 277 5.03651
128 277 6.47459
129 277 6.47459
147 277 6.47459
148 277 6.47459
69 278 4.91521
88 278 5.03651
128 278 6.47459
129 278 6.47459
147 278 6.47459
148 278 6.47459
149 278 6.47459
252 278 15.674
69 279 4.91521
88 279 5.03651
128 279 6.47459
129 279 6.47459
147 279 6.47459
148 279 6.47459
252 279 15.674
69 280 4.91521
88 280 5.03651
128 280 6.47459
129 280 6.47459
147 280 6.47459
148 280 6.47459
149 280 6.47459
88 281 5.03651
128 281 6.37349
129 281 6.37349
147 281 6.47459
148 281 6.47459
149 281 6.47459
88 282 5.03651
128 282 6.37349
129 282 6.37349
69 283 4.91521
88 283 5.03651
130 283 6.37349
131 283 6.37349
132 283 6.27549
133 283 6.18047
135 283 6.18047
69 284 4.91521
88 284 5.03651
88 285 4.97512
127 285 6.47459
128 285 6.37349
149 285 6.47459
252 285 13.587
87 286 4.97512
88 286 4.97512
127 286 6.37349
128 286 6.37349
69 287 4.91521
87 287 4.97512
88 287 4.97512
127 287 6.37349
128 287 6.37349
69 288 4.91521
88 288 4.97512
128 288 6.37349
69 289 4.91521
88 289 4.97512
128 289 6.37349
69 290 4.91521
88 290 4.97512
128 290 6.37349
69 291 4.91521
88 291 4.97512
128 291 6.47459
69 292 4.91521
88 292 4.97512
130 292 6.47459
131 292 6.7981
132 292 6.7981
135 292 7.15564
136 292 7.15564
139 292 6.68673
140 292 6.91324
141 292 6.91324
142 292 7.03235
143 292 7.03235
144 292 7.03235
145 292 6.68673
146 292 6.57895
147 292 6.47459
148 292 6.47459
149 292 6.47459
88 293 4.97512
147 293 6.47459
148 293 6.47459
149 293 6.47459
250 293 11.9904
69 294 4.91521
88 294 4.97512
128 294 6.47459
147 294 6.47459
148 294 6.47459
88 295 4.97512
128 295 6.47459
129 295 6.47459
147 295 6.47459
148 295 6.47459
88 296 4.97512
128 296 6.47459
129 296 6.47459
147 296 6.47459
148 296 6.47459
249 296 11.6482
69 297 4.91521
88 297 4.97512
128 297 6.47459
129 297 6.47459
147 297 6.47459
148 297 6.47459
69 298 4.91521
88 298 4.97512
128 298 6.47459
129 298 6.47459
147 298 6.47459
148 298 6.47459
69 299 4.91521
88 299 4.97512
128 299 6.47459
129 299 6.47459
147 299 6.47459
148 299 6.47459
69 300 4.91521
88 300 4.97512
128 300 6.47459
129 300 6.47459
147 300 6.47459
148 300 6.47459
149 300 6.47459
88 301 4.97512
128 301 6.37349
129 301 6.37349
148 301 6.47459
149 301 6.47459
88 302 4.97512
128 302 6.37349
129 302 6.37349
88 303 4.97512
128 303 6.37349
129 303 6.37349
130 303 6.37349
131 303 6.37349
132 303 6.68673
133 303 6.68673
88 304 4.97512
69 305 4.91521
88 305 4.97512
88 306 4.97512
128 306 6.37349
88 307 4.97512
128 307 6.37349
88 308 4.97512
128 308 6.37349
88 309 4.97512
128 309 6.37349
69 310 4.91521
88 310 4.97512
128 310 6.37349
88 311 4.97512
128 311 6.47459
243 311 9.06207
88 312 4.97512
129 312 6.47459
141 312 7.28332
142 312 7.28332
143 312 7.28332
144 312 7.15564
145 312 6.7981
146 312 6.57895
147 312 6.47459
148 312 6.47459
149 312 6.47459
243 312 9.06207
244 312 9.06207
250 312 9.48317
69 313 4.91521
88 313 4.97512
130 313 6.47459
131 313 6.47459
132 313 6.57895
133 313 6.57895
134 313 6.57895
135 313 6.57895
136 313 6.68673
137 313 6.57895
139 313 6.57895
140 313 7.55287
147 313 6.47459
148 313 6.47459
244 313 9.06207
245 313 9.06207
246 313 8.67679
247 313 8.49618
249 313 8.32293
88 314 4.97512
147 314 6.47459
148 314 6.47459
552 314 9.06207
553 314 9.06207
554 314 9.06207
69 315 4.91521
88 315 4.97512
128 315 6.47459
147 315 6.47459
148 315 6.47459
88 316 4.97512
128 316 6.47459
129 316 6.47459
147 316 6.47459
148 316 6.47459
88 317 4.97512
128 317 6.47459
129 317 6.47459
147 317 6.47459
148 317 6.47459
216 317 8.67679
88 318 4.97512
128 318 6.47459
129 318 6.47459
147 318 6.47459
148 318 6.47459
216 318 8.67679
217 318 8.67679
69 319 4.91521
88 319 4.97512
128 319 6.47459
129 319 6.47459
147 319 6.47459
148 319 6.47459
88 320 4.97512
128 320 6.47459
129 320 6.47459
147 320 6.47459
148 320 6.47459
88 321 4.97512
128 321 6.37349
129 321 6.37349
145 321 6.47459
147 321 6.47459
148 321 6.47459
149 321 6.47459
88 322 4.97512
128 322 6.37349
129 322 6.47459
222 322 8.32293
223 322 8.32293
69 323 4.91521
88 323 4.97512
128 323 6.37349
129 323 6.47459
247 323 8.32293
69 324 4.91521
88 324 4.97512
123 324 7.55287
124 324 7.55287
130 324 6.47459
131 324 6.47459
132 324 6.47459
133 324 6.47459
134 324 6.37349
135 324 6.37349
136 324 6.47459
137 324 6.47459
148 324 6.47459
88 325 4.97512
122 325 7.55287
123 325 7.55287
127 326 6.37349
128 326 6.37349
162 326 7.9968
88 327 4.97512
128 327 6.37349
88 328 4.97512
128 328 6.37349
158 328 7.9968
159 328 7.9968
128 329 6.37349
128 330 6.47459
88 331 4.97512
88 332 4.97512
122 332 7.69527
123 332 7.69527
124 332 7.69527
128 332 6.47459
144 332 6.91324
145 332 6.57895
88 333 4.97512
128 333 6.47459
129 333 6.47459
130 333 6.47459
131 333 6.47459
132 333 6.47459
133 333 7.03235
134 333 6.91324
135 333 6.47459
136 333 6.47459
140 333 6.68673
141 333 6.68673
142 333 6.68673
143 333 6.7981
144 333 6.91324
145 333 6.57895
147 333 6.57895
148 333 6.47459
174 333 7.03235
192 333 7.03235
470 333 7.55287
471 333 7.55287
472 333 7.55287
473 333 7.41565
104 334 6.7981
114 334 6.91324
130 334 6.47459
131 334 6.47459
132 334 6.47459
133 334 7.03235
134 334 6.91324
135 334 6.47459
136 334 6.47459
137 334 6.47459
138 334 6.37349
139 334 6.37349
140 334 6.68673
147 334 6.47459
148 334 6.47459
175 334 6.91324
200 334 7.28332
104 335 6.7981
105 335 6.7981
147 335 6.47459
148 335 6.47459
203 335 6.91324
204 335 6.91324
128 336 6.47459
147 336 6.47459
148 336 6.47459
175 336 6.7981
231 336 7.28332
232 336 7.28332
233 336 7.28332
240 336 7.41565
58 337 5.58815
59 337 5.58815
60 337 5.58815
94 337 6.68673
128 337 6.47459
147 337 6.47459
148 337 6.47459
165 337 6.57895
176 337 6.68673
177 337 6.68673
178 337 6.57895
208 337 6.7981
231 337 7.28332
232 337 7.28332
237 337 7.03235
58 338 5.58815
128 338 6.47459
147 338 6.47459
148 338 6.47459
149 338 6.47459
165 338 6.57895
166 338 6.57895
177 338 6.68673
178 338 6.57895
210 338 6.7981
128 339 6.47459
129 339 6.47459
147 339 6.47459
148 339 6.47459
149 339 6.47459
166 339 6.57895
211 339 6.7981
212 339 6.7981
148 340 6.47459
148 341 6.47459
213 341 6.57895
128 342 6.47459
149 342 6.47459
213 342 6.57895
135 343 7.28332
141 343 6.27549
145 343 6.37349
156 343 6.47459
173 343 6.68673
213 343 6.57895
97 344 6.27549
113 344 6.7981
139 344 6.27549
141 344 6.27549
176 344 6.37349
186 344 6.27549
69 345 4.91521
98 345 6.27549
141 345 6.27549
164 345 6.37349
165 345 6.37349
177 345 6.37349
69 346 4.91521
121 346 5.51268
127 346 6.08828
141 346 6.27549
177 346 6.37349
178 346 6.37349
180 346 6.18047
181 346 6.18047
198 346 6.18047
200 346 6.18047
137 347 6.08828
181 347 6.18047
182 347 6.18047
193 347 6.68673
121 348 5.51268
138 348 6.08828
154 348 6.57895
180 348 6.18047
182 348 6.18047
183 348 6.18047
184 348 6.18047
193 348 6.68673
198 348 6.18047
199 348 6.18047
96 349 6.08828
97 349 6.08828
121 349 5.51268
122 349 5.51268
139 349 6.08828
158 349 5.9988
184 349 6.18047
185 349 6.08828
191 349 6.68673
192 349 6.68673
55 350 5.9988
127 350 5.82751
169 350 5.9988
170 350 5.9988
38 352 6.47459
117 352 5.36769
120 352 5.43922
159 352 6.57895
163 352 6.27549
164 352 6.08828
165 352 5.9988
166 352 5.9988
167 352 5.9988
168 352 5.9988
38 353 6.47459
39 353 6.47459
42 353 6.18047
124 353 5.82751
125 353 5.82751
136 353 6.91324
137 353 6.91324
142 353 5.82751
143 353 5.82751
144 353 5.74548
163 353 6.27549
167 353 5.91191
168 353 5.91191
169 353 5.91191
192 353 5.82751
35 354 6.08828
52 354 5.82751
53 354 5.82751
115 354 5.36769
116 354 5.36769
137 354 6.91324
144 354 5.74548
145 354 5.74548
146 354 5.74548
147 354 5.74548
148 354 5.74548
193 354 5.82751
194 354 5.82751
51 355 5.82751
52 355 5.82751
53 355 5.82751
114 355 5.36769
115 355 5.36769
116 355 5.36769
133 355 5.66572
146 355 5.74548
148 355 5.74548
149 355 5.82751
150 355 6.18047
151 355 6.18047
152 355 6.18047
186 355 6.08828
94 356 5.91191
95 356 5.91191
120 356 5.66572
132 356 5.66572
188 356 5.82751
189 356 5.74548
190 356 5.74548
191 356 5.74548
40 357 5.74548
108 357 5.66572
113 357 5.66572
114 357 5.66572
120 357 5.66572
133 357 5.66572
134 357 5.66572
190 357 5.74548
191 357 5.74548
38 358 5.74548
108 358 5.66572
109 358 5.66572
113 358 5.74548
114 358 5.74548
115 358 5.82751
118 358 5.66572
120 358 5.66572
123 358 5.36769
146 358 5.82751
150 358 5.58815
151 358 5.58815
153 358 5.58815
38 359 5.74548
39 359 5.74548
44 359 6.68673
111 359 5.66572
112 359 5.82751
114 359 5.74548
115 359 5.82751
118 359 5.36769
149 359 5.58815
151 359 5.58815
154 359 5.36769
181 359 5.66572
182 359 5.66572
183 359 5.66572
41 360 5.82751
51 360 5.82751
57 360 5.9988
91 360 5.29801
112 360 5.66572
118 360 5.36769
139 360 5.29801
141 360 5.58815
145 360 5.74548
146 360 5.74548
150 360 5.58815
174 360 6.18047
46 361 5.74548
48 361 5.66572
49 361 5.66572
52 361 5.82751
55 361 5.9988
138 361 5.58815
140 361 5.29801
146 361 5.74548
158 361 5.43922
159 361 5.43922
179 361 5.66572
180 361 5.66572
48 362 5.66572
50 362 5.74548
138 362 5.29801
144 362 5.74548
147 362 5.74548
45 363 5.58815
58 363 5.74548
113 363 5.43922
114 363 5.36769
146 363 5.58815
157 363 5.43922
45 364 5.58815
58 364 5.43922
61 364 5.36769
116 364 5.23013
120 364 5.16396
134 364 5.29801
138 364 5.23013
151 364 5.82751
157 364 5.29801
158 364 5.29801
159 364 5.36769
161 364 5.23013
45 365 5.58815
47 365 5.58815
56 365 5.43922
57 365 5.43922
77 365 5.09944
79 365 5.09944
117 365 5.23013
118 365 5.23013
119 365 5.23013
135 365 5.29801
151 365 5.82751
155 365 5.29801
156 365 5.29801
157 365 5.29801
161 365 5.23013
162 365 5.23013
56 366 5.36769
57 366 5.36769
68 366 5.09944
69 366 5.09944
73 366 5.16396
118 366 5.23013
119 366 5.23013
135 366 5.29801
141 366 5.16396
142 366 5.16396
143 366 5.16396
145 366 5.43922
146 366 5.43922
156 366 5.29801
157 366 5.29801
160 366 5.23013
161 366 5.23013
185 366 5.66572
187 366 5.43922
36 367 5.43922
38 367 5.29801
70 367 5.03651
177 367 5.29801
178 367 5.29801
188 367 5.43922
189 367 5.43922
39 368 5.29801
40 368 5.29801
70 368 5.03651
72 368 5.03651
127 368 5.58815
132 368 4.85673
135 368 5.29801
136 368 5.29801
141 368 5.16396
145 368 5.43922
178 368 5.29801
179 368 5.29801
180 368 5.29801
40 369 5.29801
126 369 5.58815
132 369 4.85673
133 369 4.91521
135 369 5.29801
136 369 5.29801
133 370 4.91521
134 370 5.03651
160 370 5.03651
227 370 5.66572
228 370 5.66572
123 371 4.74383
124 371 4.79962
145 371 4.91521
228 371 5.66572
229 371 5.66572
122 372 4.74383
123 372 4.74383
230 372 5.58815
231 372 5.58815
34 373 5.16396
122 373 4.74383
136 373 4.97512
172 373 5.43922
135 374 4.97512
172 374 5.36769
173 374 5.36769
86 375 4.68933
87 375 4.68933
171 375 5.03651
86 376 4.68933
87 376 4.68933
88 376 4.68933
98 376 4.85673
102 376 4.53309
103 376 4.53309
171 376 4.97512
172 376 4.97512
184 376 5.03651
102 377 4.53309
103 377 4.53309
104 377 4.53309
172 377 4.97512
173 377 4.97512
185 377 5.03651
186 377 5.03651
43 378 4.85673
44 378 4.85673
65 378 4.97512
69 378 4.584
70 378 4.584
117 378 4.97512
180 378 5.51268
185 378 5.03651
186 378 5.03651
44 379 4.85673
66 379 4.91521
130 379 4.97512
185 379 5.03651
186 379 5.03651
55 380 5.23013
127 380 4.63607
128 380 4.63607
140 380 5.51268
147 380 4.91521
166 380 5.43922
171 380 4.97512
172 380 4.97512
173 380 4.97512
49 381 4.53309
61 381 4.68933
63 381 4.584
64 381 4.584
121 381 4.63607
132 381 5.16396
134 381 4.74383
135 381 4.74383
140 381 5.43922
147 381 4.97512
148 381 4.91521
149 381 4.85673
150 381 4.68933
172 381 4.97512
173 381 4.97512
174 381 4.97512
31 382 4.43459
119 382 4.74383
120 382 4.74383
131 382 4.97512
133 382 4.91521
135 382 4.74383
136 382 4.68933
148 382 4.74383
150 382 4.68933
151 382 4.63607
152 382 4.63607
153 382 4.63607
175 382 4.97512
176 382 4.91521
182 382 4.4833
51 383 4.584
56 383 4.68933
90 383 4.79962
131 383 4.91521
136 383 4.68933
137 383 4.68933
141 383 5.16396
148 383 4.68933
152 383 4.63607
153 383 4.63607
165 383 5.09944
525 383 5.16396
29 384 4.43459
51 384 4.584
90 384 4.79962
93 384 4.53309
119 384 4.74383
123 384 5.09944
125 384 4.91521
126 384 4.85673
128 384 4.68933
129 384 4.68933
137 384 4.68933
138 384 4.68933
141 384 5.16396
146 384 4.68933
147 384 4.68933
150 384 4.68933
168 384 4.79962
29 385 4.38693
30 385 4.38693
51 385 4.584
56 385 4.68933
90 385 4.79962
91 385 4.74383
93 385 4.53309
94 385 4.53309
103 385 4.74383
106 385 4.53309
120 385 4.79962
127 385 4.79962
129 385 4.68933
130 385 4.63607
146 385 4.63607
147 385 4.63607
51 386 4.584
56 386 4.63607
89 386 4.74383
56 387 4.63607
118 387 4.53309
123 387 4.91521
141 387 4.97512
54 388 4.38693
91 388 4.68933
92 388 4.68933
93 388 4.68933
95 388 4.53309
96 388 4.53309
105 388 4.74383
106 388 4.74383
108 388 4.4833
111 388 4.4833
112 388 4.85673
117 388 4.53309
128 388 4.4833
132 388 4.91521
138 388 4.79962
145 388 4.68933
54 389 4.34028
55 389 4.34028
81 389 4.34028
105 389 4.74383
106 389 4.74383
108 389 4.4833
109 389 4.43459
110 389 4.4833
112 389 4.74383
113 389 4.85673
116 389 4.53309
117 389 4.53309
118 389 4.53309
129 389 4.4833
132 389 4.91521
54 390 4.34028
55 390 4.34028
56 390 4.34028
99 390 4.63607
103 390 4.68933
109 390 4.43459
110 390 4.4833
111 390 4.43459
114 390 4.85673
117 390 4.53309
129 390 4.4833
130 390 4.53309
131 390 4.68933
55 391 4.34028
56 391 4.34028
99 391 4.63607
111 391 4.43459
115 391 4.74383
118 391 4.53309
119 391 4.4833
120 391 4.4833
111 392 4.43459
115 392 4.74383
116 392 4.74383
119 392 4.53309
120 392 4.4833
75 393 4.43459
76 393 4.43459
75 394 4.43459
554 394 4.79962
52 395 4.4833
96 395 4.38693
97 395 4.38693
98 395 4.38693
141 395 4.38693
49 396 4.29461
52 396 4.4833
53 396 4.4833
54 396 4.4833
90 396 4.91521
96 396 4.38693
97 396 4.38693
98 396 4.38693
102 396 4.29461
539 396 4.79962
540 396 4.79962
55 397 4.4833
94 397 4.43459
98 397 4.38693
99 397 4.34028
113 397 4.38693
115 397 4.43459
117 397 4.43459
118 397 4.38693
130 397 4.584
131 397 4.584
134 397 4.38693
135 397 4.38693
145 397 4.4833
53 398 4.38693
54 398 4.38693
98 398 4.38693
99 398 4.34028
100 398 4.34028
101 398 4.29461
102 398 4.29461
109 398 4.38693
111 398 4.38693
118 398 4.38693
119 398 4.38693
120 398 4.38693
127 398 4.43459
131 398 4.584
132 398 4.584
134 398 4.38693
135 398 4.38693
136 398 4.38693
137 398 4.34028
45 399 4.79962
46 399 4.79962
86 399 4.2061
101 399 4.34028
102 399 4.29461
103 399 4.29461
111 399 4.38693
113 399 4.38693
114 399 4.584
129 399 4.584
130 399 4.584
51 400 4.38693
52 400 4.38693
102 400 4.29461
103 400 4.29461
104 400 4.24989
52 401 4.34028
85 401 4.12116
107 401 4.03959
85 402 4.2061
106 402 4.07997
107 402 4.07997
113 402 4.03959
116 402 4.29461
117 402 4.29461
186 403 4.85673
188 403 4.85673
190 403 4.68933
191 403 4.68933
192 403 4.68933
547 403 4.584
79 404 4.53309
88 404 4.1632
108 404 4.03959
130 404 4.2061
131 404 4.2061
71 405 4.24989
79 405 4.53309
90 405 4.29461
91 405 4.38693
92 405 4.38693
101 405 4.1632
102 405 4.1632
103 405 4.1632
184 405 4.63607
185 405 4.63607
69 406 4.24989
71 406 4.24989
79 406 4.4833
86 406 4.12116
87 406 4.12116
92 406 4.38693
119 406 4.03959
185 406 4.584
186 406 4.584
188 406 4.53309
43 407 4.24989
52 407 4.29461
74 407 4.03959
87 407 4.12116
106 407 4.03959
119 407 4.12116
186 407 4.584
187 407 4.584
188 407 4.53309
36 408 4.34028
42 408 4.24989
43 408 4.24989
44 408 4.1632
55 408 4.03959
75 408 4.03959
80 408 4.2061
81 408 4.2061
88 408 4.12116
121 408 4.12116
122 408 4.1632
140 408 4.38693
141 408 4.38693
145 408 4.2061
187 408 4.584
188 408 4.53309
36 409 4.24989
37 409 4.24989
45 409 4.24989
46 409 4.1632
56 409 4.03959
76 409 4.03959
80 409 4.2061
82 409 4.1632
83 409 4.1632
89 409 4.12116
102 409 4.2061
118 409 4.12116
123 409 4.43459
143 409 4.24989
144 409 4.2061
145 409 4.2061
147 409 4.2061
37 410 4.24989
42 410 4.24989
46 410 4.1632
84 410 4.1632
101 410 4.1632
102 410 4.1632
121 410 4.43459
127 410 4.07997
146 410 4.2061
147 410 4.2061
148 410 4.2061
30 411 4.07997
37 411 4.24989
56 411 4.03959
57 411 4.03959
74 411 4.03959
86 411 4.03959
87 411 4.03959
95 411 4.85673
102 411 4.1632
103 411 4.1632
104 411 4.12116
106 411 4.07997
107 411 4.03959
108 411 4.03959
109 411 4.03959
121 411 4.4833
122 411 4.4833
127 411 4.07997
129 411 4.12116
133 411 4.2061
155 411 4.2061
556 411 4.43459
557 411 4.43459
31 412 4.07997
87 412 4.03959
88 412 4.03959
89 412 4.03959
103 412 4.1632
104 412 4.12116
105 412 4.12116
107 412 4.03959
108 412 4.03959
109 412 4.03959
110 412 4.03959
111 412 4.03959
127 412 4.07997
128 412 4.07997
131 412 4.24989
132 412 4.2061
134 412 4.1632
143 412 4.34028
83 413 4.03959
84 413 4.03959
89 413 4.03959
90 413 4.07997
114 413 4.1632
132 413 4.2061
133 413 4.2061
134 413 4.1632
135 413 4.1632
138 413 4.24989
139 413 4.2061
141 413 4.24989
84 414 4.03959
85 414 4.03959
86 414 4.03959
114 414 4.12116
115 414 4.12116
117 414 4.03959
106 415 4.07997
110 415 4.03959
111 415 4.03959
115 415 4.12116
118 415 4.03959
119 415 4.03959
121 415 4.1632
122 415 4.24989
123 415 4.24989
127 415 4.34028
62 416 4.12116
77 416 4.43459
90 416 4.03959
106 416 4.07997
107 416 4.07997
111 416 4.03959
112 416 4.03959
116 416 4.12116
119 416 4.03959
124 416 4.1632
197 416 4.29461
198 416 4.29461
199 416 4.29461
520 416 4.29461
521 416 4.29461
562 416 4.29461
563 416 4.29461
84 417 4.03959
85 417 4.03959
94 417 4.4833
108 417 4.07997
112 417 4.03959
81 418 4.07997
80 419 4.07997
81 419 4.07997
74 420 4.03959
75 420 4.03959
92 420 4.2061
98 420 4.03959
91 421 4.1632
92 421 4.1632
98 421 4.03959
113 421 4.12116
114 421 4.1632
115 421 4.1632
92 422 4.12116
109 422 4.12116
115 422 4.1632
116 422 4.1632
73 423 4.07997
92 423 4.12116
109 423 4.12116
110 423 4.03959
111 423 4.03959
116 423 4.1632
59 424 4.07997
66 424 4.4833
76 424 4.03959
77 424 4.03959
92 424 4.07997
93 424 4.12116
94 424 4.12116
95 424 4.07997
111 424 4.03959
75 425 4.03959
76 425 4.03959
77 425 4.03959
78 425 4.03959
85 425 4.03959
86 425 4.03959
104 425 4.07997
105 425 4.07997
109 425 4.03959
112 425 4.03959
68 426 4.03959
76 426 4.03959
77 426 4.03959
78 426 4.03959
79 426 4.03959
87 426 4.03959
98 426 4.03959
105 426 4.07997
110 426 4.03959
223 426 4.1632
224 426 4.1632
62 427 4.03959
63 427 4.03959
68 427 4.03959
69 427 4.03959
90 429 4.03959
91 429 4.03959
109 429 4.07997
60 430 4.03959
91 430 4.03959
95 430 4.03959
96 430 4.03959
59 431 4.03959
61 431 4.03959
96 431 4.03959
97 431 4.03959
101 431 4.07997
51 432 4.03959
61 432 4.03959
49 433 4.03959
51 433 4.03959
47 437 4.03959
86 437 4.12116
87 437 4.12116
181 437 4.03959
182 437 4.03959
74 438 4.03959
86 438 4.07997
87 438 4.07997
175 438 4.34028
181 438 4.03959
74 439 4.03959
90 439 4.07997
175 439 4.24989
87 440 4.03959
88 440 4.03959
96 440 4.03959
173 441 4.12116
174 441 4.12116
176 443 4.03959
176 444 4.03959
67 457 4.03959
