24 3 4.2061
25 3 4.1632
26 3 4.1632
28 3 4.12116
31 3 4.24989
54 3 4.4833
55 3 4.4833
56 3 4.4833
57 3 4.43459
58 3 4.43459
59 3 4.43459
60 3 4.43459
61 3 4.43459
62 3 4.43459
63 3 4.4833
64 3 4.4833
65 3 4.4833
66 3 4.4833
67 3 4.4833
68 3 4.4833
69 3 4.53309
70 3 4.53309
71 3 4.53309
72 3 4.584
73 3 4.584
24 4 4.2061
25 4 4.24989
27 4 4.2061
32 4 4.24989
53 4 4.4833
54 4 4.4833
55 4 4.4833
56 4 4.4833
24 5 4.29461
27 5 4.24989
32 5 4.2061
53 5 4.4833
54 5 4.4833
27 6 4.24989
32 6 4.2061
53 6 4.4833
54 6 4.4833
32 7 4.2061
53 7 4.4833
54 7 4.4833
27 8 4.29461
53 8 4.4833
54 8 4.4833
53 9 4.4833
54 9 4.4833
54 10 4.4833
42 11 5.74548
43 11 5.74548
20 12 5.9988
57 13 4.53309
21 14 5.9988
59 15 4.53309
45 18 4.1632
61 18 4.63607
45 19 4.1632
62 19 4.63607
45 20 4.1632
63 20 4.63607
64 20 4.63607
64 21 4.68933
43 22 4.43459
65 22 4.68933
44 23 4.43459
65 23 4.68933
66 23 4.68933
31 24 4.43459
66 24 4.68933
67 24 4.68933
67 25 4.68933
68 25 4.74383
68 26 4.74383
69 26 4.74383
37 27 4.43459
69 27 4.74383
70 27 4.74383
36 28 4.43459
70 28 4.79962
71 28 4.79962
36 29 4.43459
71 29 4.79962
71 30 4.79962
72 30 4.85673
59 31 4.4833
72 31 4.85673
73 31 4.85673
74 32 4.85673
74 33 4.85673
75 33 4.91521
74 34 4.91521
75 34 4.91521
56 35 5.03651
63 35 4.85673
74 35 4.91521
75 35 4.91521
74 36 4.91521
75 36 4.91521
54 37 4.63607
74 37 4.91521
75 37 4.91521
65 38 5.66572
67 38 5.58815
74 38 4.91521
75 38 4.91521
56 39 4.68933
68 39 5.66572
74 39 4.91521
75 39 4.91521
35 40 4.38693
36 40 4.38693
50 40 4.24989
55 40 4.68933
56 40 4.68933
60 40 6.57895
74 40 4.91521
75 40 4.91521
35 41 4.38693
36 41 4.38693
55 41 4.74383
56 41 4.74383
62 41 6.47459
74 41 4.91521
75 41 4.91521
35 42 4.38693
36 42 4.38693
55 42 4.74383
56 42 4.74383
70 42 5.36769
74 42 4.91521
75 42 4.91521
35 43 4.38693
36 43 4.38693
42 43 6.18047
55 43 4.74383
56 43 4.74383
64 43 5.9988
74 43 4.91521
75 43 4.91521
35 44 4.38693
36 44 4.38693
43 44 6.18047
55 44 4.74383
56 44 4.74383
64 44 5.91191
65 44 5.91191
71 44 5.36769
74 44 4.91521
75 44 4.91521
35 45 4.38693
36 45 4.38693
44 45 6.18047
55 45 4.74383
56 45 4.74383
65 45 5.91191
75 45 4.91521
76 45 4.91521
35 46 4.38693
36 46 4.38693
45 46 6.08828
55 46 4.74383
56 46 4.74383
66 46 5.91191
74 46 4.91521
75 46 4.91521
35 47 4.38693
36 47 4.38693
55 47 4.74383
56 47 4.74383
74 47 4.91521
75 47 4.91521
76 47 4.91521
167 47 31.2989
168 47 29.0698
35 48 4.38693
36 48 4.38693
55 48 4.74383
56 48 4.74383
65 48 5.9988
68 48 5.58815
74 48 4.91521
75 48 4.91521
165 48 31.2989
166 48 31.2989
35 49 4.38693
36 49 4.38693
55 49 4.74383
56 49 4.74383
69 49 5.43922
74 49 4.91521
75 49 4.91521
35 50 4.38693
36 50 4.38693
55 50 4.74383
56 50 4.74383
70 50 5.43922
74 50 4.91521
75 50 4.91521
76 50 4.91521
35 51 4.38693
36 51 4.38693
55 51 4.74383
56 51 4.74383
57 51 4.74383
65 51 5.9988
70 51 5.36769
71 51 5.36769
74 51 4.91521
75 51 4.91521
76 51 4.91521
35 52 4.38693
36 52 4.38693
55 52 4.74383
56 52 4.74383
57 52 4.74383
71 52 5.29801
75 52 4.91521
76 52 4.91521
35 53 4.38693
36 53 4.38693
54 53 4.74383
56 53 4.74383
57 53 4.74383
71 53 5.29801
72 53 5.29801
75 53 4.91521
76 53 4.91521
35 54 4.38693
36 54 4.38693
54 54 4.68933
56 54 4.74383
65 54 5.9988
72 54 5.29801
75 54 4.91521
76 54 4.91521
182 54 29.0698
35 55 4.38693
36 55 4.38693
54 55 4.4833
56 55 4.4833
74 55 4.97512
75 55 4.91521
76 55 4.91521
182 55 29.0698
35 56 4.38693
36 56 4.38693
54 56 4.4833
55 56 4.4833
65 56 5.9988
75 56 4.97512
76 56 4.97512
35 57 4.38693
36 57 4.38693
54 57 4.4833
55 57 4.4833
75 57 4.97512
35 58 4.38693
36 58 4.38693
54 58 4.4833
55 58 4.4833
35 59 4.38693
36 59 4.38693
54 59 4.4833
55 59 4.4833
35 60 4.38693
36 60 4.38693
54 60 4.4833
55 60 4.4833
35 61 4.38693
36 61 4.38693
54 61 4.4833
55 61 4.4833
35 62 4.38693
36 62 4.38693
54 62 4.4833
55 62 4.4833
35 63 4.38693
36 63 4.38693
53 63 4.4833
54 63 4.4833
55 63 4.4833
35 64 4.38693
36 64 4.38693
54 64 4.4833
55 64 4.4833
35 65 4.38693
36 65 4.38693
54 65 4.4833
55 65 4.4833
35 66 4.38693
36 66 4.38693
54 66 4.4833
55 66 4.4833
35 67 4.38693
36 67 4.38693
54 67 4.4833
55 67 4.4833
35 68 4.38693
54 68 4.4833
55 68 4.4833
35 69 4.38693
36 69 4.38693
54 69 4.4833
55 69 4.4833
35 70 4.38693
54 70 4.4833
55 70 4.4833
35 71 4.38693
54 71 4.4833
55 71 4.4833
35 72 4.38693
36 72 4.38693
54 72 4.4833
55 72 4.4833
35 73 4.38693
54 73 4.4833
55 73 4.4833
35 74 4.38693
54 74 4.4833
55 74 4.4833
35 75 4.38693
54 75 4.4833
55 75 4.4833
35 76 4.38693
54 76 4.4833
55 76 4.4833
35 77 4.38693
54 77 4.4833
55 77 4.4833
35 78 4.38693
54 78 4.4833
55 78 4.4833
35 79 4.38693
54 79 4.4833
55 79 4.4833
35 80 4.38693
54 80 4.4833
55 80 4.4833
35 81 4.38693
54 81 4.4833
55 81 4.4833
133 81 101.01
35 82 4.38693
54 82 4.4833
55 82 4.4833
35 83 4.38693
54 83 4.4833
55 83 4.4833
35 84 4.38693
54 84 4.4833
55 84 4.4833
35 85 4.38693
54 85 4.4833
55 85 4.4833
35 86 4.38693
54 86 4.4833
55 86 4.4833
35 87 4.38693
54 87 4.4833
55 87 4.4833
35 88 4.38693
54 88 4.4833
55 88 4.4833
35 89 4.38693
54 89 4.4833
55 89 4.4833
35 90 4.38693
54 90 4.4833
55 90 4.4833
35 91 4.38693
54 91 4.4833
55 91 4.4833
35 92 4.38693
54 92 4.4833
55 92 4.4833
35 93 4.38693
54 93 4.4833
55 93 4.4833
35 94 4.38693
54 94 4.4833
55 94 4.4833
35 95 4.38693
54 95 4.4833
55 95 4.4833
35 96 4.38693
54 96 4.4833
55 96 4.4833
35 97 4.38693
54 97 4.4833
55 97 4.4833
35 98 4.38693
54 98 4.4833
55 98 4.4833
35 99 4.38693
54 99 4.4833
55 99 4.4833
35 100 4.38693
54 100 4.4833
55 100 4.4833
35 101 4.38693
54 101 4.4833
55 101 4.4833
35 102 4.38693
54 102 4.4833
55 102 4.4833
35 103 4.38693
54 103 4.4833
55 103 4.4833
35 104 4.38693
54 104 4.4833
55 104 4.4833
35 105 4.38693
54 105 4.4833
55 105 4.4833
35 106 4.38693
54 106 4.4833
55 106 4.4833
35 107 4.38693
54 107 4.4833
55 107 4.4833
35 108 4.38693
54 108 4.4833
55 108 4.4833
35 109 4.38693
54 109 4.4833
55 109 4.4833
35 110 4.38693
54 110 4.4833
55 110 4.4833
35 111 4.38693
54 111 4.4833
55 111 4.4833
35 112 4.38693
54 112 4.4833
55 112 4.4833
35 113 4.38693
54 113 4.43459
55 113 4.43459
35 114 4.38693
54 114 4.43459
55 114 4.43459
187 114 50.7614
35 115 4.38693
54 115 4.43459
55 115 4.43459
56 115 4.43459
233 115 45.1467
35 116 4.38693
54 116 4.43459
55 116 4.43459
35 117 4.38693
54 117 4.43459
55 117 4.43459
35 118 4.38693
54 118 4.43459
55 118 4.43459
56 118 4.43459
35 119 4.34028
55 119 4.43459
56 119 4.43459
35 120 4.34028
55 120 4.43459
56 120 4.43459
25 121 50.7614
26 121 50.7614
35 121 4.34028
55 121 4.4833
56 121 4.4833
187 121 50.7614
35 122 4.38693
55 122 4.4833
56 122 4.4833
187 122 50.7614
35 123 4.38693
55 123 4.4833
56 123 4.4833
187 123 50.7614
35 124 4.38693
55 124 4.4833
56 124 4.4833
35 125 4.38693
55 125 4.4833
17 126 31.2989
29 126 31.2989
35 126 4.38693
55 126 4.4833
17 127 31.2989
29 127 31.2989
35 127 4.38693
55 127 4.4833
56 127 4.4833
29 128 31.2989
35 128 4.38693
55 128 4.43459
56 128 4.43459
29 129 31.2989
35 129 4.38693
37 129 4.38693
44 129 5.58815
52 129 4.4833
55 129 4.43459
56 129 4.43459
86 129 50.7614
35 130 4.38693
43 130 5.58815
44 130 5.58815
54 130 4.4833
55 130 4.4833
56 130 4.4833
35 131 4.38693
42 131 5.58815
43 131 5.58815
44 131 5.58815
54 131 4.4833
55 131 4.4833
123 131 67.5676
6 132 50.7614
35 132 4.38693
42 132 5.58815
43 132 5.58815
54 132 4.4833
55 132 4.4833
86 132 57.971
123 132 67.5676
186 132 50.7614
6 133 50.7614
17 133 31.2989
29 133 31.2989
35 133 4.38693
54 133 4.4833
55 133 4.4833
86 133 57.971
186 133 50.7614
6 134 50.7614
17 134 31.2989
29 134 31.2989
35 134 4.38693
54 134 4.4833
55 134 4.4833
85 134 57.971
186 134 50.7614
6 135 50.7614
17 135 31.2989
29 135 31.2989
35 135 4.38693
55 135 4.4833
56 135 4.4833
85 135 57.971
17 136 31.2989
29 136 31.2989
35 136 4.38693
44 136 5.51268
55 136 4.4833
56 136 4.4833
17 137 31.2989
29 137 31.2989
35 137 4.38693
55 137 4.4833
56 137 4.4833
305 137 45.1467
17 138 31.2989
29 138 31.2989
35 138 4.38693
55 138 4.4833
56 138 4.4833
86 138 50.7614
17 139 31.2989
29 139 31.2989
35 139 4.38693
44 139 5.51268
55 139 4.4833
56 139 4.4833
304 139 45.1467
6 140 50.7614
17 140 31.2989
29 140 31.2989
35 140 4.38693
44 140 5.51268
55 140 4.4833
56 140 4.4833
186 140 45.1467
17 141 31.2989
29 141 31.2989
30 141 31.2989
35 141 4.38693
55 141 4.43459
56 141 4.43459
80 141 33.8983
6 142 50.7614
17 142 31.2989
29 142 31.2989
35 142 4.38693
44 142 5.51268
55 142 4.43459
56 142 4.43459
122 142 57.971
185 142 45.1467
186 142 45.1467
17 143 31.2989
29 143 31.2989
35 143 4.38693
55 143 4.43459
56 143 4.43459
6 144 50.7614
17 144 31.2989
29 144 31.2989
35 144 4.38693
55 144 4.43459
56 144 4.43459
87 144 57.971
6 145 50.7614
17 145 31.2989
29 145 31.2989
30 145 31.2989
35 145 4.38693
55 145 4.43459
56 145 4.43459
17 146 31.2989
29 146 31.2989
35 146 4.38693
55 146 4.43459
56 146 4.43459
6 147 50.7614
17 147 31.2989
29 147 31.2989
35 147 4.38693
55 147 4.43459
56 147 4.43459
6 148 50.7614
17 148 31.2989
29 148 31.2989
39 148 4.34028
55 148 4.43459
56 148 4.43459
6 149 50.7614
29 149 31.2989
30 149 31.2989
39 149 4.34028
44 149 5.58815
55 149 4.43459
56 149 4.43459
29 150 31.2989
39 150 4.34028
54 150 4.43459
55 150 4.43459
56 150 4.43459
6 151 50.7614
55 151 4.4833
6 152 50.7614
35 152 4.38693
55 152 4.4833
35 153 4.38693
55 153 4.4833
35 154 4.38693
80 154 31.2989
35 155 4.38693
80 155 31.2989
35 156 4.38693
55 156 4.43459
80 156 31.2989
35 157 4.38693
80 157 31.2989
35 158 4.38693
80 158 31.2989
301 158 40.6504
35 159 4.38693
55 159 4.43459
35 160 4.38693
55 160 4.43459
80 160 31.2989
35 161 4.38693
80 161 31.2989
55 162 4.4833
80 162 31.2989
35 163 4.38693
35 164 4.34028
80 164 31.2989
124 164 57.971
35 165 4.34028
80 165 31.2989
124 165 57.971
35 166 4.38693
55 166 4.4833
124 166 57.971
183 166 45.1467
35 167 4.38693
55 167 4.4833
124 167 57.971
35 168 4.38693
55 168 4.43459
80 168 31.2989
124 168 57.971
55 169 4.43459
180 169 50.7614
192 169 29.0698
55 170 4.43459
113 170 5.82751
114 170 5.82751
115 170 5.82751
116 170 5.74548
192 170 29.0698
193 170 29.0698
109 171 5.91191
110 171 5.91191
111 171 5.82751
192 171 29.0698
80 172 31.2989
106 172 5.91191
107 172 5.9988
108 172 5.91191
192 172 29.0698
104 173 5.9988
105 173 5.9988
106 173 5.91191
103 174 5.9988
104 174 5.9988
117 174 5.91191
56 175 4.4833
101 175 5.9988
102 175 5.9988
103 175 5.9988
117 175 5.91191
118 175 5.91191
120 175 6.27549
193 175 29.0698
100 176 5.91191
101 176 5.9988
116 176 5.91191
117 176 5.91191
122 176 5.9988
132 176 5.91191
184 176 40.6504
56 177 4.4833
99 177 5.91191
100 177 5.91191
116 177 5.91191
117 177 5.91191
118 177 5.91191
132 177 5.9988
133 177 5.91191
56 178 4.4833
98 178 5.91191
99 178 5.91191
103 178 5.9988
117 178 5.91191
118 178 5.91191
120 178 6.27549
133 178 5.9988
134 178 5.91191
187 178 27.137
97 179 5.91191
98 179 5.91191
102 179 5.9988
134 179 5.9988
135 179 5.91191
197 179 29.0698
97 180 5.91191
101 180 5.9988
135 180 5.9988
136 180 5.91191
183 180 45.1467
187 180 27.137
197 180 29.0698
96 181 5.91191
97 181 5.91191
136 181 5.91191
137 181 5.91191
255 181 57.971
95 182 5.91191
96 182 5.91191
136 182 5.9988
137 182 5.91191
138 182 5.9988
183 182 45.1467
255 182 57.971
34 183 4.43459
95 183 5.91191
137 183 5.91191
138 183 5.9988
140 183 5.9988
255 183 57.971
94 184 5.91191
95 184 5.91191
138 184 5.91191
139 184 5.91191
140 184 5.91191
94 185 5.91191
139 185 5.91191
141 185 5.91191
188 185 27.137
93 186 5.91191
94 186 5.91191
139 186 5.91191
140 186 5.91191
93 187 5.91191
139 187 5.91191
140 187 5.91191
92 188 5.91191
93 188 5.91191
140 188 5.91191
141 188 5.91191
142 188 5.91191
255 188 57.971
92 189 5.91191
140 189 5.91191
141 189 5.91191
255 189 57.971
92 190 5.9988
140 190 5.91191
141 190 5.91191
182 190 50.7614
229 190 57.971
461 190 67.5676
462 190 67.5676
92 191 5.9988
141 191 5.91191
142 191 5.91191
229 191 57.971
92 192 5.9988
141 192 5.91191
142 192 5.91191
177 192 50.7614
35 193 4.34028
92 193 5.9988
96 193 5.91191
141 193 5.91191
142 193 5.91191
177 193 50.7614
178 193 50.7614
226 193 45.1467
255 193 57.971
288 193 101.01
35 194 4.34028
141 194 5.91191
142 194 5.91191
177 194 50.7614
223 194 80.9717
226 194 45.1467
35 195 4.34028
91 195 5.9988
141 195 5.91191
142 195 5.91191
177 195 50.7614
35 196 4.34028
141 196 5.91191
142 196 5.91191
177 196 50.7614
255 196 57.971
35 197 4.34028
95 197 5.9988
141 197 5.91191
142 197 5.91191
177 197 50.7614
255 197 57.971
35 198 4.34028
95 198 5.9988
141 198 5.91191
142 198 5.91191
177 198 50.7614
216 198 57.971
35 199 4.34028
92 199 5.91191
95 199 5.9988
141 199 5.91191
142 199 5.91191
177 199 50.7614
203 199 67.5676
216 199 57.971
255 199 57.971
92 200 5.91191
95 200 5.9988
141 200 5.91191
142 200 5.91191
177 200 50.7614
203 200 67.5676
216 200 57.971
92 201 5.91191
96 201 5.9988
141 201 5.91191
142 201 5.91191
177 201 50.7614
203 201 67.5676
216 201 57.971
255 201 57.971
34 202 4.38693
35 202 4.38693
56 202 4.43459
92 202 5.91191
94 202 5.91191
96 202 5.9988
140 202 5.91191
141 202 5.91191
177 202 50.7614
191 202 50.7614
203 202 67.5676
216 202 57.971
34 203 4.38693
35 203 4.38693
92 203 5.91191
93 203 5.91191
94 203 5.91191
96 203 5.9988
140 203 5.91191
141 203 5.91191
177 203 50.7614
203 203 67.5676
216 203 57.971
34 204 4.34028
35 204 4.34028
56 204 4.43459
92 204 5.91191
93 204 5.91191
94 204 5.91191
96 204 5.9988
140 204 5.91191
141 204 5.91191
177 204 50.7614
203 204 67.5676
216 204 57.971
34 205 4.34028
35 205 4.34028
56 205 4.43459
93 205 5.91191
96 205 5.9988
134 205 5.91191
135 205 5.91191
136 205 5.91191
140 205 5.91191
177 205 50.7614
216 205 57.971
34 206 4.34028
35 206 4.34028
56 206 4.43459
93 206 5.91191
94 206 5.91191
98 206 5.51268
99 206 5.51268
100 206 5.51268
101 206 5.9988
103 206 5.9988
133 206 5.91191
134 206 5.91191
138 206 5.91191
141 206 5.91191
177 206 50.7614
191 206 50.7614
216 206 57.971
34 207 4.34028
35 207 4.34028
56 207 4.43459
93 207 5.91191
94 207 5.91191
103 207 5.9988
113 207 5.91191
133 207 5.91191
134 207 5.91191
177 207 50.7614
203 207 67.5676
216 207 57.971
4 208 45.1467
34 208 4.34028
35 208 4.34028
56 208 4.43459
94 208 5.91191
95 208 5.91191
112 208 5.91191
113 208 5.91191
114 208 5.91191
116 208 6.68673
121 208 5.9988
135 208 5.91191
177 208 50.7614
203 208 67.5676
216 208 57.971
34 209 4.34028
95 209 5.91191
97 209 6.37349
109 209 4.79962
112 209 5.91191
113 209 5.91191
116 209 6.68673
121 209 5.9988
136 209 5.91191
137 209 5.91191
177 209 50.7614
216 209 57.971
34 210 4.34028
35 210 4.34028
44 210 67.5676
49 210 80.9717
50 210 80.9717
97 210 6.27549
112 210 5.91191
113 210 5.91191
116 210 6.68673
121 210 5.9988
136 210 5.91191
137 210 5.91191
177 210 50.7614
4 211 45.1467
34 211 4.34028
35 211 4.34028
44 211 67.5676
50 211 80.9717
56 211 4.43459
97 211 6.27549
98 211 6.27549
100 211 6.27549
112 211 5.91191
113 211 5.91191
114 211 5.91191
116 211 6.68673
121 211 5.9988
136 211 5.91191
137 211 5.91191
34 212 4.34028
44 212 67.5676
50 212 80.9717
98 212 6.27549
113 212 5.91191
114 212 5.91191
116 212 6.68673
121 212 5.9988
135 212 5.91191
136 212 5.91191
197 212 29.0698
4 213 45.1467
34 213 4.34028
35 213 4.34028
56 213 4.43459
97 213 6.27549
99 213 6.27549
134 213 5.91191
135 213 5.91191
197 213 29.0698
226 213 45.1467
227 213 45.1467
3 214 45.1467
34 214 4.34028
35 214 4.34028
56 214 4.43459
98 214 5.91191
100 214 5.9988
102 214 5.9988
133 214 5.91191
134 214 5.91191
216 214 57.971
227 214 45.1467
34 215 4.34028
35 215 4.34028
56 215 4.43459
99 215 5.91191
103 215 5.9988
132 215 5.91191
133 215 5.91191
177 215 50.7614
216 215 57.971
34 216 4.34028
35 216 4.34028
56 216 4.43459
100 216 5.91191
101 216 5.91191
102 216 5.9988
104 216 5.9988
105 216 5.9988
131 216 5.91191
132 216 5.91191
216 216 57.971
34 217 4.38693
35 217 4.38693
56 217 4.43459
101 217 5.91191
102 217 5.91191
129 217 5.91191
130 217 5.9988
131 217 5.91191
178 217 50.7614
216 217 57.971
227 217 45.1467
34 218 4.38693
102 218 5.91191
128 218 5.9988
129 218 5.91191
216 218 57.971
227 218 45.1467
6 219 45.1467
34 219 4.38693
35 219 4.38693
55 219 4.43459
56 219 4.43459
126 219 5.9988
127 219 5.9988
178 219 50.7614
227 219 45.1467
34 220 4.38693
105 220 5.91191
106 220 5.91191
124 220 5.9988
125 220 5.9988
34 221 4.38693
80 221 31.2989
106 221 5.91191
107 221 5.91191
108 221 5.91191
216 221 67.5676
34 222 4.38693
35 222 4.38693
110 222 5.82751
111 222 5.91191
55 223 4.4833
56 223 4.4833
80 223 31.2989
114 223 5.91191
115 223 5.91191
121 223 5.91191
34 224 4.38693
56 224 4.4833
114 224 5.91191
115 224 5.91191
121 224 5.91191
114 225 5.91191
115 225 5.91191
116 225 5.91191
121 225 5.91191
115 226 5.91191
116 226 5.91191
56 227 4.43459
115 227 5.91191
116 227 5.91191
195 227 27.137
115 228 5.9988
26 229 67.5676
56 229 4.43459
62 229 67.5676
4 230 45.1467
26 230 67.5676
55 230 4.43459
56 230 4.43459
195 230 29.0698
34 231 4.34028
35 231 4.34028
195 231 29.0698
34 232 4.34028
35 232 4.34028
112 232 50.7614
34 233 4.34028
112 233 50.7614
115 233 5.91191
34 234 4.34028
35 234 4.34028
65 234 57.971
115 234 5.91191
34 235 4.34028
65 235 57.971
34 236 4.34028
56 236 4.4833
115 236 5.91191
181 236 50.7614
195 236 29.0698
56 237 4.4833
80 237 31.2989
86 237 33.8983
115 237 5.91191
122 237 5.91191
195 237 29.0698
199 237 29.0698
224 237 40.6504
274 237 40.6504
34 238 4.38693
56 238 4.4833
80 238 31.2989
114 238 5.91191
115 238 5.91191
122 238 5.91191
195 238 29.0698
55 239 4.4833
56 239 4.4833
114 239 5.91191
115 239 5.91191
121 239 5.91191
122 239 5.91191
133 239 50.7614
227 239 45.1467
55 240 4.43459
56 240 4.43459
114 240 5.91191
115 240 5.91191
122 240 5.91191
133 240 50.7614
195 240 29.0698
34 241 4.38693
56 241 4.43459
114 241 5.82751
115 241 5.82751
122 241 5.91191
184 241 45.1467
195 241 29.0698
207 241 45.1467
56 242 4.43459
184 242 45.1467
195 242 29.0698
207 242 45.1467
229 242 40.6504
56 243 4.43459
184 243 45.1467
185 243 45.1467
195 243 29.0698
207 243 45.1467
229 243 40.6504
252 243 40.6504
268 243 40.6504
313 243 36.9686
56 244 4.43459
185 244 45.1467
195 244 29.0698
207 244 45.1467
229 244 40.6504
252 244 40.6504
256 244 27.137
342 244 36.9686
56 245 4.43459
207 245 45.1467
208 245 45.1467
228 245 40.6504
252 245 40.6504
528 245 25.4453
529 245 25.4453
530 245 25.4453
229 246 40.6504
252 246 40.6504
274 247 40.6504
56 250 4.4833
56 251 4.4833
55 252 4.4833
34 253 4.34028
55 253 4.4833
34 254 4.34028
34 255 4.34028
34 256 4.34028
57 256 4.43459
34 257 4.34028
34 258 4.34028
56 258 4.43459
34 259 4.34028
56 260 4.43459
56 261 4.43459
56 262 4.43459
34 263 4.34028
56 263 4.43459
34 264 4.34028
56 264 4.43459
34 265 4.34028
56 265 4.43459
115 265 5.91191
34 266 4.34028
56 266 4.43459
115 266 5.91191
34 267 4.34028
56 267 4.43459
34 268 4.34028
55 268 4.43459
56 268 4.43459
34 269 4.34028
55 269 4.43459
56 269 4.43459
34 270 4.34028
55 270 4.43459
56 270 4.43459
34 271 4.34028
55 271 4.43459
56 271 4.43459
34 272 4.34028
55 272 4.43459
56 272 4.43459
34 273 4.34028
55 273 4.43459
56 273 4.43459
117 273 6.68673
121 273 5.91191
122 273 5.91191
34 274 4.34028
56 274 4.43459
114 274 5.91191
116 274 5.91191
117 274 6.68673
121 274 5.91191
122 274 5.91191
123 274 5.91191
34 275 4.34028
56 275 4.43459
114 275 5.91191
115 275 5.91191
117 275 6.68673
122 275 5.91191
123 275 5.91191
34 276 4.34028
56 276 4.43459
114 276 5.91191
115 276 5.91191
122 276 5.91191
123 276 5.91191
34 277 4.34028
56 277 4.43459
114 277 5.91191
115 277 5.91191
122 277 5.91191
34 278 4.34028
56 278 4.43459
34 279 4.34028
56 279 4.43459
125 279 6.57895
129 279 5.91191
34 280 4.34028
56 280 4.43459
128 280 5.91191
129 280 5.91191
130 280 5.91191
247 280 15.0943
34 281 4.34028
56 281 4.43459
107 281 5.91191
108 281 5.91191
128 281 5.91191
129 281 5.91191
130 281 5.91191
247 281 15.0943
34 282 4.34028
56 282 4.43459
107 282 5.91191
108 282 5.91191
128 282 5.91191
129 282 5.91191
130 282 5.91191
34 283 4.34028
56 283 4.43459
107 283 5.91191
108 283 5.91191
128 283 5.91191
129 283 5.91191
130 283 5.91191
34 284 4.34028
56 284 4.43459
107 284 5.91191
108 284 5.91191
128 284 5.91191
129 284 5.91191
130 284 5.91191
34 285 4.34028
56 285 4.43459
107 285 5.91191
108 285 5.91191
128 285 5.91191
129 285 5.91191
130 285 5.91191
34 286 4.34028
56 286 4.43459
107 286 5.91191
108 286 5.91191
128 286 5.91191
129 286 5.91191
130 286 5.91191
34 287 4.34028
56 287 4.43459
107 287 5.91191
108 287 5.91191
129 287 5.91191
130 287 5.91191
246 287 13.587
34 288 4.34028
56 288 4.43459
107 288 5.91191
108 288 5.91191
246 288 13.587
34 289 4.34028
56 289 4.43459
108 289 5.91191
109 289 5.91191
110 289 5.82751
111 289 5.9988
112 289 6.27549
113 289 6.27549
115 289 6.27549
605 289 12.7389
606 289 12.7389
56 290 4.43459
34 291 4.34028
56 291 4.43459
107 291 5.82751
130 291 5.9988
34 292 4.34028
56 292 4.43459
106 292 5.91191
107 292 5.91191
130 292 5.9988
34 293 4.34028
55 293 4.43459
56 293 4.43459
106 293 5.91191
107 293 5.91191
130 293 5.9988
34 294 4.34028
55 294 4.43459
56 294 4.43459
106 294 5.91191
107 294 5.91191
130 294 5.9988
34 295 4.34028
55 295 4.43459
56 295 4.43459
106 295 5.91191
107 295 5.91191
130 295 5.9988
34 296 4.34028
55 296 4.43459
56 296 4.43459
106 296 5.91191
107 296 5.91191
130 296 5.91191
34 297 4.34028
55 297 4.43459
56 297 4.43459
107 297 5.91191
244 297 11.6482
34 298 4.34028
56 298 4.43459
107 298 5.91191
113 298 6.37349
122 298 6.7981
123 298 6.7981
126 298 6.27549
34 299 4.34028
56 299 4.43459
109 299 5.91191
110 299 5.91191
111 299 5.91191
115 299 7.69527
120 299 6.91324
121 299 6.91324
122 299 6.7981
123 299 6.7981
124 299 6.7981
125 299 6.47459
126 299 6.27549
127 299 5.9988
128 299 5.91191
129 299 5.91191
130 299 5.91191
34 300 4.34028
56 300 4.43459
108 300 5.91191
110 300 5.91191
111 300 5.91191
112 300 6.27549
128 300 5.91191
129 300 5.91191
130 300 5.91191
243 300 10.7296
55 301 4.43459
56 301 4.43459
107 301 5.91191
128 301 5.91191
129 301 5.91191
130 301 5.91191
243 301 10.7296
244 301 10.7296
245 301 10.7296
55 302 4.43459
56 302 4.43459
107 302 5.91191
108 302 5.91191
128 302 5.91191
129 302 5.91191
130 302 5.91191
55 303 4.43459
56 303 4.43459
107 303 5.91191
108 303 5.91191
128 303 5.91191
129 303 5.91191
130 303 5.91191
33 304 4.34028
55 304 4.43459
56 304 4.43459
107 304 5.91191
108 304 5.91191
128 304 5.91191
129 304 5.91191
130 304 5.91191
33 305 4.34028
55 305 4.43459
56 305 4.43459
107 305 5.91191
108 305 5.91191
128 305 5.91191
129 305 5.91191
130 305 5.91191
55 306 4.43459
56 306 4.43459
107 306 5.91191
108 306 5.91191
128 306 5.91191
129 306 5.91191
130 306 5.91191
55 307 4.43459
56 307 4.43459
107 307 5.91191
108 307 5.91191
128 307 5.91191
129 307 5.91191
130 307 5.91191
55 308 4.43459
56 308 4.43459
107 308 5.91191
108 308 5.91191
128 308 5.91191
129 308 5.91191
130 308 5.91191
55 309 4.43459
56 309 4.43459
107 309 5.82751
108 309 5.91191
129 309 5.91191
130 309 5.91191
55 310 4.43459
56 310 4.43459
107 310 5.82751
108 310 5.91191
55 311 4.43459
56 311 4.43459
107 311 5.82751
108 311 5.91191
109 311 5.91191
110 311 5.82751
111 311 6.08828
112 311 6.18047
113 311 6.18047
114 311 6.18047
115 311 6.18047
55 312 4.43459
56 312 4.43459
111 312 6.08828
112 312 6.18047
114 312 6.18047
115 312 6.18047
130 312 5.91191
238 312 9.48317
55 313 4.43459
56 313 4.43459
130 313 5.91191
55 314 4.43459
56 314 4.43459
106 314 5.91191
107 314 5.91191
33 315 4.34028
55 315 4.43459
56 315 4.43459
106 315 5.91191
107 315 5.91191
33 316 4.34028
55 316 4.43459
56 316 4.43459
107 316 5.91191
33 317 4.34028
55 317 4.43459
56 317 4.43459
106 317 5.91191
107 317 5.91191
130 317 5.91191
55 318 4.43459
56 318 4.43459
107 318 5.91191
130 318 5.91191
235 318 8.67679
236 318 8.49618
241 318 8.49618
55 319 4.43459
56 319 4.43459
107 319 5.91191
233 319 9.48317
236 319 8.49618
237 319 8.49618
238 319 8.32293
239 319 8.32293
242 319 8.49618
243 319 8.49618
244 319 8.49618
33 320 4.34028
55 320 4.43459
56 320 4.43459
107 320 5.91191
126 320 6.27549
33 321 4.34028
55 321 4.43459
56 321 4.43459
108 321 5.91191
111 321 6.08828
113 321 6.08828
114 321 6.08828
115 321 6.08828
116 321 6.08828
122 321 6.7981
123 321 6.7981
124 321 6.57895
125 321 6.47459
126 321 6.27549
127 321 5.9988
128 321 5.91191
129 321 5.91191
130 321 5.91191
564 321 8.32293
565 321 8.32293
566 321 8.32293
55 322 4.43459
56 322 4.43459
109 322 5.91191
110 322 6.08828
111 322 6.08828
112 322 6.08828
113 322 6.08828
114 322 6.08828
115 322 6.08828
116 322 6.08828
117 322 5.9988
118 322 5.9988
119 322 5.91191
120 322 5.91191
128 322 5.91191
129 322 5.91191
55 323 4.43459
56 323 4.43459
107 323 5.91191
128 323 5.91191
129 323 5.91191
130 323 5.91191
55 324 4.43459
56 324 4.43459
107 324 5.82751
128 324 5.91191
129 324 5.91191
206 324 8.15661
207 324 8.15661
55 325 4.43459
56 325 4.43459
107 325 5.82751
108 325 5.82751
128 325 5.91191
129 325 5.91191
207 325 8.15661
55 326 4.43459
107 326 5.82751
108 326 5.82751
128 326 5.91191
129 326 5.91191
55 327 4.43459
56 327 4.43459
107 327 5.82751
108 327 5.82751
128 327 5.91191
129 327 5.91191
55 328 4.43459
56 328 4.43459
107 328 5.82751
108 328 5.82751
128 328 5.91191
129 328 5.91191
130 328 5.91191
55 329 4.43459
56 329 4.43459
107 329 5.82751
108 329 5.82751
128 329 5.91191
129 329 5.91191
212 329 7.69527
213 329 7.69527
33 330 4.34028
55 330 4.43459
56 330 4.43459
107 330 5.82751
108 330 5.82751
128 330 5.91191
129 330 5.91191
130 330 5.91191
213 330 7.69527
33 331 4.34028
56 331 4.43459
107 331 5.82751
108 331 5.82751
126 331 5.91191
129 331 5.91191
130 331 5.91191
239 331 7.69527
240 331 7.69527
33 332 4.34028
56 332 4.43459
107 332 5.82751
108 332 5.82751
33 333 4.34028
56 333 4.43459
103 333 6.7981
104 333 6.7981
107 333 5.82751
108 333 5.82751
122 333 6.18047
124 333 6.18047
33 334 4.34028
56 334 4.43459
102 334 6.7981
104 334 6.7981
108 334 5.91191
109 334 5.91191
110 334 5.91191
111 334 5.91191
112 334 5.9988
113 334 5.9988
114 334 5.9988
115 334 5.9988
116 334 5.9988
117 334 5.9988
129 334 5.91191
227 334 7.55287
33 335 4.34028
56 335 4.43459
102 335 6.7981
142 335 7.41565
148 335 7.28332
33 336 4.34028
56 336 4.43459
106 336 5.91191
107 336 5.91191
143 336 7.41565
144 336 7.41565
33 337 4.34028
56 337 4.43459
106 337 5.91191
107 337 5.91191
144 337 7.41565
33 338 4.34028
56 338 4.43459
106 338 5.91191
107 338 5.91191
110 338 5.58815
33 339 4.34028
56 339 4.43459
106 339 5.91191
107 339 5.91191
33 340 4.34028
56 340 4.43459
100 340 6.7981
107 340 5.91191
33 341 4.34028
56 341 4.43459
133 341 6.68673
56 342 4.43459
102 342 6.68673
103 342 6.57895
104 342 6.57895
107 342 5.91191
154 342 6.47459
478 342 7.28332
479 342 7.28332
480 342 7.28332
33 343 4.34028
56 343 4.43459
102 343 6.57895
103 343 6.57895
106 343 5.91191
107 343 5.91191
121 343 6.08828
122 343 6.08828
124 343 6.08828
125 343 6.18047
126 343 6.18047
127 343 5.9988
158 343 6.47459
159 343 6.47459
222 343 6.91324
482 343 7.28332
33 344 4.34028
56 344 4.43459
93 344 6.47459
94 344 6.47459
107 344 5.91191
108 344 5.91191
109 344 5.91191
110 344 5.91191
111 344 6.18047
112 344 6.18047
113 344 6.27549
114 344 6.27549
115 344 6.18047
116 344 5.82751
117 344 5.82751
121 344 6.08828
122 344 6.08828
123 344 6.08828
124 344 6.08828
128 344 5.9988
129 344 5.91191
159 344 6.47459
186 344 6.68673
187 344 6.57895
189 344 6.37349
33 345 4.34028
82 345 6.27549
83 345 6.27549
108 345 5.82751
109 345 5.82751
110 345 5.91191
111 345 6.18047
112 345 6.18047
113 345 6.27549
114 345 6.27549
115 345 6.18047
116 345 5.82751
117 345 5.82751
118 345 5.66572
122 345 6.08828
123 345 6.08828
128 345 5.91191
129 345 5.91191
165 345 6.37349
189 345 6.37349
190 345 6.37349
221 345 6.91324
222 345 6.91324
56 346 4.43459
83 346 6.27549
118 346 5.66572
128 346 5.91191
129 346 5.91191
159 346 6.27549
191 346 6.37349
221 346 6.7981
222 346 6.7981
223 346 6.7981
226 346 6.7981
227 346 6.68673
230 346 6.7981
231 346 6.7981
232 346 6.7981
56 347 4.43459
93 347 6.27549
99 347 6.91324
107 347 5.82751
128 347 5.91191
129 347 5.91191
159 347 6.27549
160 347 6.27549
194 347 6.27549
195 347 6.27549
221 347 6.7981
222 347 6.7981
229 347 6.7981
56 348 4.43459
70 348 6.18047
71 348 6.18047
102 348 6.57895
107 348 5.82751
128 348 5.91191
129 348 5.91191
148 348 5.9988
161 348 6.18047
162 348 6.08828
163 348 6.08828
195 348 6.27549
196 348 6.27549
197 348 6.18047
56 349 4.43459
107 349 5.82751
128 349 5.91191
129 349 5.91191
130 349 5.91191
148 349 5.9988
149 349 5.9988
162 349 6.08828
198 349 6.18047
213 349 6.18047
27 350 4.97512
56 350 4.43459
107 350 5.82751
108 350 5.82751
128 350 5.91191
129 350 5.91191
130 350 5.91191
148 350 5.9988
149 350 5.9988
198 350 6.18047
199 350 6.18047
200 350 6.18047
25 351 4.97512
104 351 6.27549
107 351 5.91191
128 351 5.91191
129 351 5.91191
149 351 5.9988
200 351 6.08828
60 352 6.18047
128 352 5.91191
129 352 5.91191
133 352 5.51268
200 352 6.08828
60 353 6.18047
107 353 5.82751
129 353 5.91191
130 353 5.91191
200 353 5.9988
107 354 5.82751
109 354 5.82751
136 354 5.91191
56 355 4.38693
87 355 5.74548
88 355 5.74548
115 355 6.47459
125 355 5.82751
138 355 5.91191
156 355 6.08828
187 355 5.91191
199 355 5.9988
200 355 5.9988
72 356 5.74548
88 356 5.74548
118 356 5.9988
120 356 5.66572
121 356 5.66572
159 356 5.74548
200 356 5.91191
72 357 5.74548
73 357 5.74548
121 357 5.66572
146 357 5.74548
160 357 5.74548
73 358 5.74548
121 358 5.66572
147 358 5.74548
160 358 5.74548
161 358 5.74548
184 358 5.66572
96 359 4.97512
115 359 5.66572
163 359 5.66572
164 359 5.66572
165 359 5.66572
183 359 5.58815
185 359 5.66572
96 360 5.16396
116 360 5.66572
165 360 5.66572
166 360 5.66572
177 360 6.18047
178 360 6.18047
74 361 5.58815
128 361 5.91191
129 361 5.91191
138 361 5.58815
163 361 5.66572
166 361 5.66572
167 361 5.58815
168 361 5.58815
177 361 6.18047
182 361 5.51268
183 361 5.51268
67 362 6.08828
70 362 5.58815
71 362 5.58815
72 362 5.58815
97 362 4.97512
98 362 4.97512
100 362 5.16396
117 362 5.66572
139 362 5.58815
149 362 5.51268
168 362 5.58815
175 362 6.18047
183 362 5.51268
95 363 4.97512
96 363 4.97512
150 363 5.51268
151 363 5.51268
152 363 5.51268
95 364 4.97512
96 364 5.09944
98 364 5.09944
101 364 4.97512
211 364 5.74548
89 365 5.43922
126 365 5.36769
145 365 5.74548
146 365 5.74548
148 365 5.51268
88 366 5.58815
96 366 4.91521
119 366 5.29801
144 366 5.74548
145 366 5.74548
146 366 5.74548
148 366 5.43922
149 366 5.43922
150 366 5.36769
151 366 5.29801
152 366 5.36769
91 367 5.29801
94 367 4.91521
95 367 4.91521
98 367 5.29801
99 367 5.29801
100 367 5.29801
101 367 5.29801
114 367 6.37349
115 367 6.37349
120 367 5.29801
121 367 5.29801
122 367 5.29801
123 367 5.29801
149 367 5.43922
175 367 5.29801
176 367 5.29801
22 368 5.43922
91 368 5.23013
100 368 5.29801
115 368 6.27549
116 368 6.37349
122 368 5.29801
123 368 5.29801
124 368 5.29801
125 368 5.29801
126 368 5.29801
154 368 5.36769
168 368 5.58815
173 368 5.29801
176 368 5.29801
177 368 5.29801
67 369 5.36769
80 369 5.43922
88 369 4.79962
89 369 4.79962
110 369 5.36769
126 369 5.29801
127 369 5.29801
129 369 5.58815
130 369 5.58815
133 369 5.23013
169 369 5.58815
177 369 5.29801
67 370 5.36769
88 370 4.79962
89 370 4.79962
103 370 5.66572
110 370 5.09944
113 370 5.16396
127 370 5.29801
134 370 5.23013
135 370 5.23013
169 370 5.58815
171 370 5.29801
172 370 5.23013
173 370 5.23013
8 371 5.51268
65 371 5.03651
66 371 5.03651
81 371 5.36769
82 371 5.43922
88 371 4.79962
99 371 6.18047
109 371 5.09944
172 371 5.23013
173 371 5.23013
174 371 5.23013
74 372 5.36769
78 372 4.91521
79 372 4.97512
109 372 5.09944
110 372 5.09944
111 372 5.09944
126 372 5.09944
140 372 5.36769
174 372 5.23013
4 373 5.16396
65 373 4.97512
79 373 5.03651
87 373 5.16396
92 373 4.79962
94 373 4.79962
97 373 4.79962
124 373 4.97512
127 373 5.03651
143 373 5.16396
144 373 5.16396
4 374 5.16396
81 374 4.91521
86 374 5.16396
87 374 5.16396
88 374 5.16396
89 374 5.03651
91 374 4.79962
92 374 4.79962
97 374 4.79962
127 374 5.03651
128 374 5.03651
162 374 5.16396
163 374 5.09944
164 374 5.16396
165 374 5.09944
60 375 4.85673
80 375 5.03651
83 375 4.74383
84 375 4.74383
85 375 4.74383
91 375 4.79962
92 375 4.79962
126 375 5.03651
128 375 5.03651
131 375 5.23013
133 375 5.16396
134 375 5.09944
136 375 5.09944
138 375 5.43922
139 375 5.51268
155 375 5.58815
156 375 5.58815
61 376 4.85673
83 376 4.74383
84 376 4.74383
85 376 4.74383
91 376 4.74383
111 376 4.74383
115 376 5.03651
116 376 5.03651
126 376 4.79962
127 376 4.79962
134 376 5.09944
160 376 5.16396
161 376 5.16396
16 377 5.03651
61 377 4.85673
77 377 4.97512
91 377 4.74383
113 377 4.74383
115 377 5.03651
127 377 4.74383
136 377 5.09944
154 377 5.58815
161 377 5.09944
17 378 5.03651
98 378 4.79962
113 378 4.68933
119 378 4.68933
122 378 4.79962
123 378 5.03651
109 379 5.03651
112 379 4.68933
113 379 4.68933
120 379 4.74383
121 379 4.79962
124 379 5.03651
127 379 4.74383
144 379 4.79962
204 379 5.29801
87 380 4.74383
88 380 4.68933
109 380 5.03651
112 380 4.68933
113 380 4.68933
122 380 4.79962
123 380 5.03651
11 381 5.03651
88 381 4.68933
89 381 4.68933
112 381 4.68933
133 381 4.74383
135 381 4.91521
136 381 4.97512
137 381 4.91521
139 381 4.74383
140 381 4.74383
12 382 5.03651
22 382 4.79962
23 382 4.79962
90 382 4.68933
91 382 4.68933
93 382 4.68933
94 382 5.03651
97 382 4.63607
112 382 4.584
133 382 4.74383
134 382 4.91521
135 382 4.91521
136 382 4.97512
137 382 4.91521
139 382 4.74383
140 382 4.74383
141 382 4.74383
159 382 4.79962
168 382 4.91521
23 383 4.79962
90 383 4.68933
91 383 4.68933
92 383 4.68933
98 383 4.63607
103 383 4.91521
104 383 4.91521
105 383 4.91521
109 383 4.74383
112 383 4.53309
120 383 4.91521
121 383 4.91521
124 383 4.584
125 383 4.584
138 383 4.85673
139 383 4.74383
140 383 4.74383
157 383 4.79962
169 383 4.91521
170 383 4.91521
91 384 4.63607
103 384 4.91521
113 384 4.53309
117 384 4.53309
118 384 4.53309
125 384 4.584
126 384 4.584
157 384 4.79962
158 384 4.79962
170 384 4.91521
171 384 4.91521
103 385 4.91521
119 385 4.53309
158 385 4.79962
159 385 4.79962
160 385 4.79962
161 385 4.79962
220 385 5.09944
103 386 4.68933
116 386 4.53309
119 386 4.4833
120 386 4.4833
4 387 4.584
36 387 4.29461
106 387 4.38693
109 387 4.74383
110 387 4.79962
114 387 4.43459
119 387 4.4833
214 387 5.09944
215 387 5.09944
4 388 4.584
69 388 4.584
107 388 4.38693
114 388 4.43459
215 388 5.09944
216 388 5.09944
93 389 4.34028
106 389 4.38693
121 389 4.38693
217 389 5.03651
218 389 4.97512
93 390 4.34028
95 390 4.34028
119 390 4.38693
122 390 4.63607
119 391 4.38693
532 392 4.91521
92 393 4.2061
93 393 4.2061
104 393 4.43459
108 393 4.38693
109 393 4.38693
151 393 4.4833
119 394 4.34028
149 394 4.4833
102 395 4.43459
107 395 4.38693
119 395 4.34028
148 395 4.4833
149 395 4.4833
150 395 4.4833
164 395 4.53309
52 396 4.2061
149 396 4.4833
150 396 4.4833
151 396 4.4833
152 396 4.4833
156 396 5.29801
164 396 4.4833
165 396 4.4833
166 396 4.4833
52 397 4.2061
65 397 4.24989
68 397 4.03959
70 397 4.1632
71 397 4.1632
165 397 4.4833
166 397 4.4833
69 398 4.1632
71 398 4.1632
73 398 4.1632
88 398 4.24989
90 398 4.07997
156 398 4.74383
160 398 4.85673
165 398 4.4833
166 398 4.4833
69 399 4.1632
90 399 4.07997
149 399 4.4833
154 399 4.43459
158 399 4.4833
165 399 4.43459
166 399 4.43459
87 400 4.34028
100 400 4.68933
149 400 4.4833
150 400 4.4833
151 400 4.43459
152 400 4.43459
97 401 4.12116
98 401 4.63607
114 401 4.79962
150 401 4.4833
151 401 4.43459
152 401 4.43459
153 401 4.43459
160 401 4.4833
161 401 4.43459
104 402 4.38693
106 402 4.2061
107 402 4.2061
118 402 4.34028
119 402 4.34028
121 402 4.29461
123 402 4.1632
153 402 4.43459
154 402 4.43459
155 402 4.38693
162 402 4.43459
544 402 4.63607
76 403 4.07997
86 403 4.2061
96 403 4.12116
104 403 4.38693
105 403 4.34028
107 403 4.2061
108 403 4.1632
118 403 4.34028
121 403 4.34028
122 403 4.29461
123 403 4.29461
124 403 4.12116
125 403 4.12116
73 404 4.03959
88 404 4.2061
89 404 4.2061
91 404 4.29461
100 404 4.584
101 404 4.4833
102 404 4.4833
103 404 4.4833
106 404 4.2061
108 404 4.1632
109 404 4.1632
121 404 4.29461
125 404 4.12116
126 404 4.12116
127 404 4.12116
141 404 4.4833
55 405 4.2061
93 405 4.43459
102 405 4.4833
108 405 4.1632
109 405 4.12116
110 405 4.12116
114 405 4.4833
120 405 4.29461
121 405 4.29461
122 405 4.29461
126 405 4.12116
145 405 4.29461
89 406 4.2061
92 406 4.43459
95 406 4.34028
96 406 4.29461
99 406 4.12116
100 406 4.38693
109 406 4.12116
110 406 4.12116
111 406 4.12116
119 406 4.1632
120 406 4.1632
126 406 4.07997
145 406 4.24989
58 407 4.03959
70 407 4.2061
73 407 4.12116
74 407 4.12116
97 407 4.24989
99 407 4.07997
100 407 4.07997
111 407 4.12116
119 407 4.12116
54 408 4.03959
70 408 4.2061
81 408 4.63607
140 408 4.43459
141 408 4.38693
143 408 4.24989
54 409 4.03959
92 409 4.53309
114 409 4.38693
58 410 4.1632
64 410 4.63607
92 410 4.34028
96 410 4.03959
98 410 4.03959
109 410 4.24989
110 410 4.24989
114 410 4.38693
115 410 4.38693
117 410 4.12116
118 410 4.12116
571 410 4.43459
55 411 4.03959
58 411 4.1632
59 411 4.1632
77 411 4.38693
78 411 4.34028
79 411 4.34028
80 411 4.29461
97 411 4.03959
103 411 4.12116
110 411 4.24989
118 411 4.12116
121 411 4.03959
122 411 4.03959
71 412 4.12116
72 412 4.12116
75 412 4.43459
78 412 4.34028
79 412 4.34028
80 412 4.29461
81 412 4.29461
85 412 4.03959
92 412 4.34028
106 412 4.1632
65 413 4.12116
69 413 4.38693
70 413 4.12116
72 413 4.12116
81 413 4.29461
82 413 4.24989
85 413 4.03959
86 413 4.03959
99 413 4.03959
101 413 4.12116
102 413 4.12116
116 413 4.1632
117 413 4.1632
118 413 4.1632
65 414 4.12116
86 414 4.03959
88 414 4.03959
114 414 4.2061
86 415 4.03959
87 415 4.03959
88 415 4.03959
106 415 4.07997
121 415 4.07997
82 416 4.2061
83 416 4.1632
84 416 4.12116
97 416 4.63607
98 416 4.63607
110 416 4.12116
577 416 4.34028
578 416 4.34028
78 417 4.07997
85 417 4.03959
86 417 4.03959
96 417 4.63607
103 417 4.03959
128 417 4.2061
84 418 4.1632
100 418 4.584
103 418 4.03959
107 418 4.12116
63 419 4.63607
103 419 4.03959
106 419 4.12116
563 419 4.2061
106 420 4.07997
79 421 4.12116
86 421 4.12116
91 421 4.63607
106 421 4.07997
109 421 4.29461
110 421 4.29461
111 421 4.24989
112 421 4.24989
113 421 4.12116
79 422 4.12116
80 422 4.12116
83 422 4.07997
86 422 4.12116
91 422 4.63607
95 422 4.38693
98 422 4.1632
100 422 4.07997
101 422 4.07997
104 422 4.07997
105 422 4.07997
106 422 4.07997
107 422 4.12116
115 422 4.07997
62 423 4.03959
63 423 4.03959
69 423 4.34028
71 423 4.34028
81 423 4.12116
94 423 4.38693
95 423 4.38693
98 423 4.1632
99 423 4.12116
100 423 4.07997
101 423 4.07997
102 423 4.07997
115 423 4.07997
100 424 4.07997
121 424 4.03959
165 427 4.29461
166 427 4.29461
167 427 4.29461
169 427 4.1632
170 427 4.12116
572 427 4.07997
573 427 4.07997
77 428 4.03959
163 428 4.2061
169 428 4.1632
170 428 4.12116
171 428 4.07997
172 428 4.07997
173 428 4.07997
163 430 4.03959
163 431 4.03959
164 431 4.03959
166 431 4.03959
167 431 4.1632
169 431 4.1632
332 431 4.03959
163 432 4.03959
164 432 4.03959
165 432 4.03959
167 432 4.1632
169 432 4.1632
170 432 4.03959
171 432 4.03959
172 432 4.03959
164 433 4.03959
165 433 4.03959
166 433 4.03959
113 434 4.03959
113 435 4.03959
114 435 4.03959
79 436 4.03959
87 436 4.03959
120 437 4.03959
83 438 4.03959
95 438 4.03959
96 438 4.03959
84 439 4.03959
95 439 4.03959
96 439 4.03959
68 452 4.03959
67 453 4.03959
65 454 4.03959
63 455 4.03959
