120 4 21.4362
121 4 21.4362
117 5 22.6244
118 5 22.6244
119 5 21.4362
116 6 22.6244
117 6 22.6244
116 7 22.6244
519 8 27.137
119 9 22.6244
126 11 21.4362
137 14 22.6244
137 15 22.6244
283 21 50.7614
535 21 27.137
536 21 27.137
545 21 22.6244
546 21 22.6244
547 21 22.6244
547 22 22.6244
551 25 22.6244
183 27 23.9521
184 27 23.9521
153 28 25.4453
182 28 23.9521
183 28 23.9521
184 28 23.9521
153 29 25.4453
553 30 22.6244
564 32 29.0698
555 34 22.6244
557 41 23.9521
517 43 27.137
311 50 45.1467
312 50 45.1467
560 50 23.9521
310 51 45.1467
311 51 45.1467
213 60 40.6504
205 73 40.6504
215 76 40.6504
468 77 31.2989
469 77 31.2989
470 77 31.2989
292 87 36.9686
213 94 45.1467
212 95 45.1467
312 95 45.1467
152 96 23.9521
152 97 23.9521
152 98 23.9521
161 98 45.1467
152 99 22.6244
152 100 22.6244
532 100 25.4453
533 100 25.4453
152 101 22.6244
152 102 22.6244
312 102 45.1467
152 103 23.9521
152 104 23.9521
152 105 23.9521
468 105 31.2989
469 105 31.2989
470 105 31.2989
471 105 29.0698
462 106 31.2989
463 106 33.8983
464 106 33.8983
465 106 36.9686
466 106 36.9686
152 107 23.9521
152 108 23.9521
584 109 33.8983
585 109 33.8983
152 110 23.9521
160 110 45.1467
294 110 33.8983
152 111 23.9521
40 112 57.971
152 112 23.9521
160 112 45.1467
40 113 57.971
152 113 23.9521
40 114 57.971
152 114 23.9521
40 115 57.971
152 115 23.9521
152 116 23.9521
27 117 27.137
152 117 23.9521
26 118 27.137
27 118 27.137
52 118 57.971
152 118 23.9521
26 119 27.137
27 119 27.137
52 119 57.971
152 119 23.9521
20 120 27.137
26 120 27.137
27 120 27.137
152 120 23.9521
20 121 27.137
26 121 27.137
27 121 27.137
152 121 23.9521
20 122 27.137
26 122 27.137
27 122 27.137
52 122 57.971
152 122 23.9521
20 123 27.137
26 123 27.137
27 123 27.137
52 123 57.971
152 123 23.9521
20 124 27.137
26 124 27.137
50 124 57.971
51 124 57.971
152 124 23.9521
20 125 27.137
26 125 27.137
50 125 57.971
152 125 23.9521
20 126 27.137
26 126 27.137
152 126 23.9521
290 126 36.9686
20 127 27.137
26 127 27.137
39 127 57.971
52 127 57.971
152 127 23.9521
289 127 36.9686
20 128 27.137
26 128 27.137
52 128 57.971
152 128 23.9521
20 129 27.137
26 129 27.137
51 129 57.971
52 129 57.971
152 129 23.9521
20 130 27.137
26 130 27.137
51 130 57.971
90 130 50.7614
152 130 23.9521
26 131 27.137
39 131 57.971
50 131 57.971
90 131 50.7614
152 131 23.9521
26 132 27.137
90 132 50.7614
152 132 23.9521
26 133 27.137
54 133 57.971
152 133 23.9521
469 133 27.137
470 133 33.8983
471 133 31.2989
472 133 33.8983
473 133 33.8983
26 134 27.137
53 134 57.971
54 134 57.971
152 134 23.9521
462 134 40.6504
463 134 40.6504
464 134 40.6504
465 134 40.6504
466 134 36.9686
26 135 27.137
152 135 23.9521
215 135 40.6504
26 136 27.137
50 136 57.971
52 136 57.971
53 136 57.971
152 136 23.9521
152 137 23.9521
214 137 40.6504
14 138 67.5676
152 138 23.9521
213 138 45.1467
52 139 57.971
152 139 23.9521
152 140 23.9521
312 140 45.1467
152 141 23.9521
213 141 40.6504
152 142 23.9521
212 142 40.6504
211 143 40.6504
152 144 23.9521
152 145 23.9521
26 146 27.137
54 146 67.5676
152 146 23.9521
20 147 27.137
26 147 27.137
54 147 67.5676
152 147 23.9521
20 148 27.137
26 148 27.137
152 148 23.9521
592 148 29.0698
20 149 27.137
26 149 27.137
152 149 23.9521
417 149 33.8983
418 149 33.8983
20 150 27.137
26 150 27.137
20 151 27.137
26 151 27.137
213 151 40.6504
20 152 27.137
26 152 27.137
143 152 23.9521
144 152 23.9521
213 152 40.6504
20 153 27.137
26 153 27.137
143 153 23.9521
212 153 40.6504
20 154 27.137
26 154 27.137
143 154 23.9521
211 154 45.1467
20 155 27.137
26 155 27.137
143 155 23.9521
210 155 45.1467
20 156 27.137
143 156 23.9521
150 156 23.9521
20 157 27.137
26 157 27.137
92 157 50.7614
93 157 50.7614
143 157 23.9521
150 157 23.9521
151 157 23.9521
508 157 36.9686
511 157 27.137
512 157 27.137
513 157 27.137
514 157 25.4453
20 158 27.137
26 158 27.137
92 158 50.7614
143 158 23.9521
150 158 23.9521
208 158 40.6504
20 159 27.137
26 159 27.137
92 159 50.7614
143 159 23.9521
150 159 23.9521
208 159 40.6504
224 159 50.7614
20 160 27.137
26 160 27.137
143 160 23.9521
150 160 23.9521
469 160 21.4362
470 160 21.4362
471 160 21.4362
20 161 27.137
143 161 23.9521
150 161 22.6244
458 161 36.9686
459 161 36.9686
460 161 36.9686
461 161 33.8983
464 161 31.2989
20 162 27.137
143 162 23.9521
151 162 22.6244
285 162 36.9686
20 163 27.137
26 163 27.137
143 163 23.9521
152 163 22.6244
20 164 27.137
26 164 27.137
143 164 23.9521
209 164 45.1467
20 165 27.137
143 165 23.9521
20 166 27.137
26 166 27.137
143 166 23.9521
20 167 27.137
26 167 27.137
143 167 23.9521
144 167 23.9521
150 167 23.9521
20 168 27.137
26 168 27.137
143 168 23.9521
150 168 23.9521
14 169 27.137
20 169 27.137
26 169 27.137
143 169 23.9521
150 169 23.9521
157 169 23.9521
14 170 27.137
20 170 27.137
27 170 27.137
143 170 23.9521
150 170 23.9521
157 170 23.9521
20 171 27.137
27 171 27.137
143 171 23.9521
150 171 23.9521
157 171 23.9521
20 172 27.137
27 172 27.137
143 172 23.9521
150 172 23.9521
157 172 23.9521
20 173 27.137
54 173 80.9717
143 173 23.9521
150 173 23.9521
157 173 23.9521
210 173 45.1467
20 174 27.137
27 174 27.137
143 174 23.9521
144 174 23.9521
150 174 23.9521
157 174 23.9521
210 174 45.1467
20 175 27.137
27 175 27.137
54 175 80.9717
143 175 23.9521
144 175 23.9521
157 175 23.9521
20 176 27.137
27 176 27.137
20 177 27.137
27 177 27.137
54 177 80.9717
94 177 50.7614
20 178 27.137
27 178 27.137
20 179 27.137
27 179 27.137
20 180 27.137
27 180 27.137
20 181 27.137
27 181 27.137
209 181 50.7614
210 181 50.7614
20 182 27.137
27 182 27.137
94 182 50.7614
209 182 50.7614
13 183 27.137
14 183 27.137
20 183 27.137
27 183 27.137
94 183 50.7614
209 183 50.7614
13 184 27.137
14 184 27.137
27 184 27.137
94 184 50.7614
13 185 27.137
26 185 27.137
27 185 27.137
277 185 36.9686
13 186 27.137
26 186 27.137
27 186 27.137
13 187 27.137
27 187 27.137
149 187 40.6504
413 187 57.971
414 187 57.971
415 187 57.971
523 187 27.137
524 187 27.137
530 187 25.4453
13 188 27.137
27 188 27.137
149 188 45.1467
202 188 45.1467
203 188 45.1467
13 189 27.137
27 189 27.137
149 189 45.1467
13 190 27.137
27 190 27.137
91 190 50.7614
149 190 45.1467
13 191 27.137
27 191 27.137
87 191 50.7614
13 192 27.137
27 192 27.137
13 193 27.137
27 193 27.137
149 193 45.1467
13 194 27.137
14 194 27.137
27 194 27.137
88 194 50.7614
13 195 27.137
14 195 27.137
27 195 27.137
181 195 57.971
13 196 27.137
14 196 27.137
27 196 27.137
181 196 57.971
237 196 50.7614
13 197 27.137
14 197 27.137
27 197 27.137
181 197 57.971
13 198 27.137
14 198 27.137
27 198 27.137
149 198 45.1467
13 199 27.137
14 199 27.137
27 199 27.137
181 199 57.971
13 200 27.137
14 200 27.137
27 200 27.137
181 200 57.971
13 201 27.137
14 201 27.137
27 201 27.137
13 202 27.137
14 202 27.137
27 202 27.137
13 203 27.137
14 203 27.137
27 203 27.137
14 204 27.137
20 204 27.137
27 204 27.137
181 204 57.971
14 205 27.137
27 205 27.137
181 205 57.971
89 206 50.7614
631 207 29.0698
19 208 67.5676
631 208 29.0698
14 209 80.9717
157 209 23.9521
203 209 40.6504
631 209 29.0698
157 210 23.9521
203 210 40.6504
20 211 27.137
21 211 27.137
27 211 27.137
203 211 40.6504
20 212 27.137
21 212 27.137
27 212 27.137
20 213 27.137
27 213 27.137
20 214 27.137
21 214 27.137
27 214 27.137
20 215 27.137
27 215 27.137
195 215 57.971
20 216 27.137
21 216 27.137
27 216 27.137
594 216 29.0698
20 217 27.137
27 217 27.137
524 217 25.4453
594 217 29.0698
20 218 27.137
27 218 27.137
523 218 25.4453
524 218 25.4453
569 218 31.2989
20 219 27.137
21 219 27.137
27 219 27.137
569 219 31.2989
594 219 29.0698
20 220 27.137
21 220 27.137
27 220 27.137
594 220 29.0698
20 221 27.137
21 221 27.137
27 221 27.137
594 221 29.0698
27 222 27.137
154 222 22.6244
594 222 29.0698
36 223 80.9717
569 223 31.2989
594 223 29.0698
569 224 31.2989
594 224 29.0698
43 225 50.7614
154 225 23.9521
532 225 25.4453
569 225 31.2989
594 225 29.0698
43 226 50.7614
154 226 23.9521
158 226 23.9521
66 227 50.7614
154 227 23.9521
154 228 23.9521
20 229 27.137
154 229 23.9521
20 230 27.137
154 230 23.9521
171 230 40.6504
594 230 29.0698
20 231 27.137
77 231 45.1467
115 231 45.1467
154 231 23.9521
171 231 40.6504
569 231 31.2989
594 231 29.0698
20 232 27.137
114 232 45.1467
594 232 29.0698
20 233 27.137
21 233 27.137
41 233 50.7614
109 233 45.1467
154 233 23.9521
594 233 29.0698
16 234 50.7614
17 234 50.7614
20 234 27.137
21 234 27.137
38 234 50.7614
41 234 50.7614
154 234 23.9521
594 234 29.0698
20 235 27.137
21 235 27.137
27 235 27.137
38 235 50.7614
20 236 27.137
21 236 27.137
27 236 27.137
154 236 23.9521
199 236 36.9686
622 236 22.6244
27 237 27.137
84 237 45.1467
154 237 23.9521
622 237 22.6244
623 237 22.6244
624 237 22.6244
83 238 45.1467
84 238 45.1467
100 238 45.1467
154 238 23.9521
575 238 21.4362
622 238 22.6244
623 238 22.6244
83 239 45.1467
87 239 50.7614
100 239 45.1467
154 239 23.9521
536 239 23.9521
87 240 50.7614
99 240 45.1467
100 240 45.1467
103 240 45.1467
103 241 45.1467
180 241 36.9686
623 241 22.6244
624 241 22.6244
153 242 27.137
180 242 36.9686
513 242 22.6244
153 243 27.137
180 243 36.9686
204 243 36.9686
231 243 33.8983
248 243 33.8983
180 244 36.9686
204 244 36.9686
230 244 33.8983
248 244 33.8983
154 245 27.137
180 245 36.9686
230 245 36.9686
258 245 33.8983
180 246 36.9686
21 247 27.137
229 247 36.9686
21 248 27.137
27 248 27.137
588 248 22.6244
589 248 22.6244
624 248 22.6244
592 249 22.6244
624 249 22.6244
492 250 25.4453
594 251 22.6244
624 251 22.6244
490 252 25.4453
594 252 22.6244
551 253 23.9521
568 253 21.4362
550 254 22.6244
624 254 22.6244
624 255 22.6244
625 255 22.6244
550 256 22.6244
550 257 22.6244
565 257 22.6244
563 261 23.9521
562 262 23.9521
563 262 23.9521
564 262 23.9521
170 264 22.6244
78 289 13.587
158 300 11.325
159 300 11.325
193 304 10.7296
192 306 10.4548
191 308 10.1937
613 309 9.48317
614 309 9.26784
190 310 10.1937
611 310 9.48317
612 310 9.48317
613 310 9.48317
614 310 9.26784
44 311 9.9453
45 311 9.9453
189 311 9.9453
190 311 9.9453
191 311 10.1937
192 311 10.1937
193 311 10.4548
194 311 10.1937
190 320 9.48317
182 322 8.86525
182 323 8.67679
181 325 8.49618
180 326 8.49618
179 327 8.32293
180 327 8.32293
178 329 8.15661
177 330 8.15661
178 330 8.15661
177 331 7.9968
177 333 7.9968
178 333 7.9968
165 348 7.41565
168 348 7.03235
171 348 6.91324
160 354 6.57895
158 357 6.47459
159 357 6.47459
156 360 6.91324
149 368 5.9988
150 368 5.9988
151 368 5.9988
155 368 6.18047
149 369 5.9988
150 369 5.9988
151 369 5.9988
52 391 5.09944
50 393 5.09944
51 393 5.09944
50 394 5.03651
51 394 5.03651
52 394 5.03651
127 399 4.85673
128 399 4.85673
132 399 4.85673
140 399 4.91521
141 399 4.91521
142 399 4.91521
124 400 5.09944
126 400 5.03651
127 400 4.85673
128 400 4.85673
129 400 4.85673
130 400 4.85673
131 400 4.85673
122 403 4.68933
121 404 4.68933
120 405 4.68933
119 406 4.68933
114 412 4.53309
113 414 4.53309
106 422 4.29461
92 441 4.43459
91 443 4.1632
90 444 4.07997
104 444 4.03959
105 444 4.03959
106 444 4.03959
84 445 4.03959
85 445 4.03959
89 445 4.03959
90 445 4.03959
96 445 4.03959
97 445 4.03959
98 445 4.03959
99 445 4.03959
100 445 4.03959
101 445 4.03959
102 445 4.03959
103 445 4.03959
104 445 4.03959
105 445 4.03959
106 445 4.03959
85 446 4.03959
86 446 4.03959
89 446 4.03959
90 446 4.03959
91 446 4.03959
92 446 4.03959
93 446 4.03959
94 446 4.03959
95 446 4.03959
96 446 4.03959
97 446 4.03959
98 446 4.03959
99 446 4.03959
100 446 4.03959
101 446 4.03959
102 446 4.03959
103 446 4.03959
85 447 4.03959
86 447 4.03959
87 447 4.03959
90 447 4.03959
79 449 4.07997
77 451 4.07997
