120 4 21.4362
123 6 22.6244
124 6 22.6244
562 7 22.6244
131 8 21.4362
132 8 21.4362
129 9 21.4362
529 9 25.4453
562 9 22.6244
130 10 21.4362
541 14 25.4453
542 14 25.4453
552 14 22.6244
553 14 22.6244
540 15 25.4453
541 15 25.4453
542 15 25.4453
553 15 22.6244
554 15 22.6244
555 17 22.6244
557 18 22.6244
558 18 22.6244
558 19 22.6244
148 21 22.6244
149 21 22.6244
165 21 22.6244
166 21 22.6244
167 21 22.6244
179 21 22.6244
180 21 22.6244
181 21 22.6244
529 21 23.9521
148 22 22.6244
176 22 22.6244
177 22 22.6244
178 22 22.6244
179 22 22.6244
559 22 22.6244
175 23 25.4453
176 23 22.6244
560 24 22.6244
148 26 23.9521
561 26 22.6244
148 27 23.9521
570 27 29.0698
148 28 23.9521
148 29 23.9521
561 29 23.9521
562 29 23.9521
148 31 23.9521
562 31 23.9521
563 31 23.9521
148 32 23.9521
148 33 23.9521
379 33 31.2989
563 33 23.9521
148 34 23.9521
518 34 25.4453
564 36 23.9521
522 37 27.137
523 37 27.137
565 38 23.9521
565 39 23.9521
566 41 23.9521
522 44 25.4453
523 44 25.4453
312 46 45.1467
310 47 45.1467
311 47 45.1467
567 47 23.9521
311 53 40.6504
526 54 25.4453
119 65 80.9717
204 69 36.9686
209 69 36.9686
471 73 31.2989
472 73 31.2989
473 73 31.2989
468 74 45.1467
469 74 40.6504
207 78 40.6504
597 80 29.0698
597 81 29.0698
594 83 31.2989
516 84 25.4453
597 89 29.0698
597 90 29.0698
212 91 45.1467
355 91 31.2989
211 92 45.1467
311 92 45.1467
312 92 45.1467
147 95 22.6244
514 95 25.4453
147 96 22.6244
529 96 25.4453
538 96 25.4453
539 96 25.4453
147 97 22.6244
147 98 22.6244
147 99 22.6244
312 99 40.6504
147 100 22.6244
474 101 29.0698
475 101 29.0698
476 101 25.4453
469 102 31.2989
470 102 31.2989
471 102 31.2989
472 102 29.0698
473 102 29.0698
464 103 33.8983
465 103 33.8983
147 105 23.9521
591 105 29.0698
147 106 23.9521
147 107 23.9521
158 107 45.1467
147 108 23.9521
147 109 23.9521
37 110 57.971
147 111 23.9521
147 112 23.9521
19 114 25.4453
598 114 29.0698
19 115 25.4453
19 116 25.4453
49 116 57.971
157 116 45.1467
19 117 25.4453
49 117 57.971
147 117 23.9521
157 117 45.1467
208 117 40.6504
12 118 25.4453
13 118 25.4453
19 118 25.4453
12 119 25.4453
19 119 25.4453
12 120 25.4453
19 120 25.4453
49 120 57.971
50 120 57.971
12 121 25.4453
18 121 25.4453
19 121 25.4453
49 121 57.971
12 122 25.4453
18 122 25.4453
19 122 25.4453
47 122 57.971
48 122 57.971
12 123 25.4453
18 123 25.4453
47 123 57.971
18 124 25.4453
147 124 23.9521
289 124 36.9686
598 124 29.0698
18 125 25.4453
19 125 25.4453
36 125 57.971
49 125 57.971
147 125 23.9521
18 126 25.4453
49 126 57.971
147 126 23.9521
18 127 25.4453
49 127 57.971
18 128 25.4453
48 128 57.971
156 128 45.1467
18 129 25.4453
47 129 57.971
48 129 57.971
474 130 33.8983
475 130 31.2989
476 130 31.2989
477 130 31.2989
19 131 27.137
51 131 57.971
467 131 33.8983
468 131 33.8983
469 131 33.8983
473 131 33.8983
51 132 57.971
50 134 57.971
212 135 40.6504
19 136 27.137
50 136 57.971
49 137 57.971
148 137 22.6244
311 138 50.7614
312 138 50.7614
211 139 40.6504
209 141 40.6504
87 143 50.7614
148 143 22.6244
51 144 57.971
148 144 22.6244
51 145 57.971
148 145 22.6244
286 145 36.9686
12 146 25.4453
148 146 22.6244
12 147 25.4453
148 147 22.6244
12 148 25.4453
19 148 27.137
12 149 25.4453
13 149 25.4453
19 149 27.137
138 149 23.9521
212 149 40.6504
12 150 25.4453
13 150 25.4453
19 150 27.137
138 150 23.9521
211 150 40.6504
12 151 25.4453
13 151 25.4453
19 151 27.137
138 151 23.9521
211 151 40.6504
12 152 25.4453
13 152 25.4453
19 152 27.137
599 152 29.0698
12 153 25.4453
13 153 25.4453
19 153 27.137
138 153 23.9521
145 153 22.6244
208 153 45.1467
547 153 25.4453
12 154 25.4453
13 154 25.4453
19 154 27.137
138 154 23.9521
145 154 22.6244
146 154 22.6244
513 154 31.2989
514 154 31.2989
515 154 31.2989
516 154 27.137
517 154 27.137
518 154 27.137
519 154 25.4453
12 155 25.4453
13 155 25.4453
19 155 27.137
90 155 50.7614
138 155 23.9521
145 155 22.6244
508 155 29.0698
509 155 29.0698
517 155 27.137
518 155 27.137
12 156 25.4453
13 156 25.4453
19 156 27.137
138 156 23.9521
145 156 22.6244
12 157 25.4453
13 157 25.4453
19 157 27.137
138 157 23.9521
145 157 22.6244
12 158 25.4453
13 158 25.4453
19 158 27.137
138 158 23.9521
145 158 22.6244
467 158 25.4453
468 158 25.4453
472 158 31.2989
473 158 31.2989
474 158 31.2989
599 158 29.0698
12 159 27.137
13 159 27.137
19 159 27.137
138 159 23.9521
461 159 33.8983
462 159 33.8983
463 159 33.8983
12 160 25.4453
13 160 25.4453
19 160 27.137
138 160 23.9521
146 160 22.6244
452 160 200
12 161 25.4453
13 161 25.4453
19 161 27.137
138 161 23.9521
143 161 22.6244
599 161 29.0698
12 162 25.4453
13 162 25.4453
19 162 27.137
138 162 23.9521
527 162 25.4453
599 162 29.0698
12 163 25.4453
13 163 25.4453
19 163 27.137
138 163 23.9521
599 163 29.0698
12 164 25.4453
13 164 25.4453
19 164 27.137
138 164 23.9521
145 164 22.6244
599 164 29.0698
12 165 25.4453
13 165 25.4453
19 165 27.137
50 165 50.7614
138 165 23.9521
145 165 22.6244
599 165 29.0698
12 166 25.4453
13 166 25.4453
19 166 27.137
138 166 23.9521
145 166 22.6244
152 166 22.6244
599 166 29.0698
6 167 25.4453
12 167 25.4453
13 167 25.4453
19 167 27.137
138 167 23.9521
145 167 22.6244
152 167 22.6244
527 167 25.4453
599 167 29.0698
6 168 25.4453
13 168 25.4453
19 168 27.137
138 168 23.9521
145 168 22.6244
152 168 22.6244
599 168 29.0698
13 169 27.137
19 169 27.137
138 169 23.9521
145 169 22.6244
152 169 22.6244
599 169 29.0698
13 170 27.137
19 170 27.137
138 170 23.9521
145 170 22.6244
152 170 22.6244
599 170 29.0698
13 171 27.137
19 171 27.137
138 171 23.9521
145 171 22.6244
152 171 22.6244
599 171 29.0698
13 172 27.137
19 172 27.137
138 172 23.9521
145 172 22.6244
152 172 22.6244
599 172 29.0698
12 173 27.137
13 173 27.137
19 173 27.137
138 173 23.9521
599 173 29.0698
13 174 27.137
19 174 27.137
599 174 29.0698
13 175 27.137
19 175 27.137
599 175 29.0698
13 176 27.137
19 176 27.137
599 176 29.0698
13 177 27.137
19 177 27.137
13 178 25.4453
19 178 27.137
148 178 22.6244
281 178 36.9686
599 178 29.0698
12 179 25.4453
13 179 25.4453
19 179 25.4453
148 179 22.6244
208 179 45.1467
12 180 25.4453
13 180 25.4453
19 180 25.4453
148 180 22.6244
6 181 27.137
13 181 25.4453
19 181 25.4453
92 181 50.7614
148 181 22.6244
6 182 27.137
19 182 25.4453
148 182 22.6244
6 183 27.137
19 183 25.4453
6 184 27.137
19 184 25.4453
535 184 25.4453
5 185 27.137
6 185 27.137
19 185 25.4453
415 185 50.7614
416 185 50.7614
417 185 50.7614
421 185 31.2989
422 185 31.2989
528 185 25.4453
529 185 25.4453
530 185 25.4453
535 185 25.4453
536 185 25.4453
6 186 27.137
19 186 25.4453
415 186 50.7614
416 186 50.7614
6 187 27.137
19 187 25.4453
201 187 40.6504
536 187 25.4453
6 188 27.137
19 188 25.4453
580 188 25.4453
6 189 27.137
19 189 25.4453
6 190 27.137
19 190 25.4453
84 190 50.7614
6 191 27.137
19 191 25.4453
6 192 27.137
19 192 25.4453
6 193 27.137
19 193 25.4453
85 193 50.7614
6 194 27.137
19 194 25.4453
6 195 27.137
19 195 25.4453
6 196 27.137
19 196 25.4453
20 196 25.4453
180 196 50.7614
6 197 27.137
19 197 25.4453
167 197 57.971
6 198 27.137
19 198 25.4453
20 198 25.4453
167 198 57.971
6 199 27.137
19 199 25.4453
20 199 25.4453
180 199 57.971
6 200 27.137
19 200 25.4453
20 200 25.4453
6 201 27.137
19 201 25.4453
20 201 25.4453
6 202 27.137
19 202 25.4453
6 203 27.137
13 203 25.4453
19 203 25.4453
180 203 57.971
6 204 25.4453
13 204 25.4453
19 204 25.4453
13 205 25.4453
529 205 25.4453
13 206 25.4453
13 207 25.4453
152 207 22.6244
13 208 25.4453
152 208 22.6244
13 209 25.4453
13 210 25.4453
19 210 25.4453
13 211 25.4453
19 211 25.4453
154 211 22.6244
13 212 25.4453
19 212 25.4453
13 213 25.4453
19 213 25.4453
202 213 40.6504
13 214 25.4453
19 214 25.4453
600 214 29.0698
13 215 25.4453
202 215 40.6504
529 215 25.4453
600 215 29.0698
13 216 25.4453
202 216 40.6504
529 216 25.4453
530 216 25.4453
575 216 29.0698
600 216 29.0698
13 217 25.4453
19 217 25.4453
529 217 25.4453
530 217 25.4453
537 217 25.4453
575 217 29.0698
600 217 29.0698
13 218 25.4453
19 218 25.4453
20 218 25.4453
575 218 29.0698
600 218 29.0698
13 219 25.4453
19 219 25.4453
20 219 25.4453
600 219 29.0698
13 220 25.4453
19 220 27.137
20 220 27.137
575 220 29.0698
600 220 29.0698
13 221 25.4453
575 221 29.0698
600 221 29.0698
34 222 50.7614
600 222 29.0698
632 222 29.0698
633 222 29.0698
600 223 29.0698
30 224 50.7614
537 224 25.4453
538 224 25.4453
40 225 50.7614
64 225 50.7614
149 225 23.9521
13 226 25.4453
63 226 50.7614
632 226 29.0698
13 227 25.4453
13 228 25.4453
154 228 22.6244
437 228 25.4453
13 229 25.4453
154 229 22.6244
575 229 29.0698
600 229 29.0698
13 230 25.4453
112 230 45.1467
575 230 29.0698
576 230 29.0698
13 231 25.4453
74 231 45.1467
112 231 45.1467
13 232 25.4453
20 232 27.137
37 232 50.7614
601 232 29.0698
13 233 25.4453
20 233 27.137
38 233 50.7614
544 233 23.9521
13 234 25.4453
20 234 27.137
25 234 50.7614
35 234 50.7614
13 235 25.4453
20 235 27.137
197 235 36.9686
543 235 23.9521
601 235 29.0698
631 235 22.6244
632 235 22.6244
13 236 25.4453
19 236 27.137
20 236 27.137
81 236 45.1467
154 236 22.6244
601 236 29.0698
631 236 22.6244
80 237 45.1467
81 237 45.1467
97 237 45.1467
149 237 22.6244
154 237 22.6244
441 237 25.4453
582 237 20.3666
583 237 20.3666
601 237 29.0698
631 237 22.6244
632 237 22.6244
633 237 22.6244
80 238 45.1467
97 238 45.1467
149 238 22.6244
520 238 23.9521
542 238 23.9521
584 238 20.3666
601 238 29.0698
631 238 22.6244
632 238 22.6244
633 238 22.6244
84 239 45.1467
132 239 40.6504
149 239 22.6244
542 239 23.9521
543 239 23.9521
601 239 29.0698
96 240 45.1467
97 240 45.1467
149 240 22.6244
451 240 25.4453
589 240 21.4362
601 240 29.0698
632 240 22.6244
633 240 22.6244
100 241 45.1467
149 241 22.6244
178 241 36.9686
518 241 23.9521
519 241 23.9521
588 241 21.4362
633 241 21.4362
149 242 22.6244
178 242 36.9686
149 243 22.6244
178 243 36.9686
202 243 36.9686
229 243 36.9686
247 243 33.8983
149 244 22.6244
177 244 36.9686
178 244 36.9686
202 244 36.9686
229 244 36.9686
633 244 21.4362
149 245 22.6244
154 245 22.6244
178 245 36.9686
587 245 21.4362
178 246 36.9686
13 247 25.4453
228 247 33.8983
597 247 21.4362
633 247 22.6244
13 248 25.4453
507 248 23.9521
508 248 23.9521
593 248 21.4362
600 248 22.6244
601 248 22.6244
633 248 22.6244
634 248 22.6244
508 249 23.9521
509 249 23.9521
633 249 22.6244
634 249 22.6244
496 250 25.4453
497 250 25.4453
573 250 21.4362
495 251 23.9521
496 251 23.9521
558 251 22.6244
559 251 22.6244
574 251 21.4362
602 251 22.6244
603 251 22.6244
502 252 23.9521
575 252 21.4362
602 252 22.6244
633 252 22.6244
634 252 22.6244
495 253 23.9521
558 253 22.6244
633 253 22.6244
634 253 22.6244
495 254 23.9521
557 254 22.6244
576 254 21.4362
633 254 21.4362
634 254 21.4362
508 255 23.9521
557 255 22.6244
576 255 21.4362
633 255 21.4362
634 255 21.4362
498 256 23.9521
557 256 22.6244
634 256 21.4362
557 257 22.6244
561 257 21.4362
572 257 21.4362
573 257 21.4362
561 258 21.4362
573 258 21.4362
506 259 25.4453
507 259 25.4453
561 259 21.4362
634 259 22.6244
562 260 21.4362
564 262 21.4362
569 262 22.6244
570 262 22.6244
571 262 22.6244
635 263 21.4362
636 263 22.6244
166 264 22.6244
636 265 21.4362
201 283 14.556
591 289 12.3533
592 289 12.3533
65 292 13.1492
66 292 13.1492
604 298 10.7296
148 304 10.7296
599 307 9.70874
185 308 10.1937
184 309 10.1937
185 309 10.1937
183 311 9.9453
603 311 9.26784
604 311 9.26784
183 312 9.70874
607 312 9.26784
182 313 9.70874
50 314 9.70874
51 314 9.70874
634 315 8.86525
635 315 8.86525
636 315 8.86525
180 316 9.48317
606 316 9.48317
611 316 8.86525
612 316 8.86525
633 316 8.86525
634 316 8.86525
635 316 8.86525
24 317 9.26784
25 317 9.26784
180 317 9.48317
181 317 9.48317
182 317 9.48317
183 317 9.48317
184 317 9.48317
185 317 9.48317
186 317 9.26784
24 318 9.26784
25 318 9.26784
181 328 8.15661
171 330 7.9968
170 331 7.9968
171 331 7.9968
168 334 7.69527
167 335 7.69527
168 335 7.69527
164 339 7.41565
165 339 7.41565
164 340 7.41565
165 340 7.41565
164 343 7.41565
165 343 7.41565
166 343 7.41565
150 361 6.47459
151 361 6.47459
152 361 6.47459
153 361 6.47459
154 361 6.37349
155 361 6.37349
156 361 6.37349
157 361 6.37349
161 361 6.18047
142 368 5.91191
142 369 5.91191
138 373 5.66572
139 373 5.66572
140 373 5.66572
142 373 5.66572
128 386 5.23013
126 387 5.23013
127 387 5.23013
128 387 5.23013
129 387 5.23013
130 387 5.29801
131 387 5.29801
133 387 5.36769
134 387 5.36769
135 387 5.36769
137 387 5.29801
139 387 5.36769
127 388 5.23013
128 388 5.23013
129 388 5.23013
382 399 4.79962
383 399 4.79962
292 409 4.4833
90 421 4.29461
91 421 4.29461
247 426 4.12116
110 427 4.2061
111 427 4.1632
112 427 4.1632
95 428 4.1632
96 428 4.1632
97 428 4.1632
100 428 4.1632
103 428 4.12116
108 428 4.2061
109 428 4.2061
111 428 4.1632
112 428 4.1632
113 428 4.1632
114 428 4.1632
115 428 4.07997
94 429 4.1632
95 429 4.1632
96 429 4.1632
97 429 4.1632
98 429 4.1632
99 429 4.1632
100 429 4.1632
101 429 4.12116
102 429 4.12116
103 429 4.12116
104 429 4.12116
105 429 4.12116
91 431 4.03959
89 433 4.03959
87 435 4.03959
151 435 4.03959
81 441 4.03959
