587 4 21.4362
588 4 21.4362
133 5 20.3666
133 6 20.3666
572 6 22.6244
588 6 21.4362
538 7 22.6244
588 7 21.4362
133 9 21.4362
589 9 21.4362
133 10 21.4362
538 10 23.9521
589 10 21.4362
590 10 21.4362
543 12 22.6244
590 12 21.4362
590 13 21.4362
539 14 22.6244
591 15 21.4362
539 16 22.6244
540 16 22.6244
543 16 22.6244
572 16 23.9521
573 16 23.9521
591 16 21.4362
432 17 33.8983
433 17 33.8983
543 17 22.6244
561 17 22.6244
591 18 21.4362
592 18 21.4362
572 19 22.6244
591 19 21.4362
592 19 21.4362
592 20 22.6244
592 22 22.6244
592 23 22.6244
593 23 22.6244
592 24 22.6244
593 24 22.6244
543 25 22.6244
544 25 23.9521
545 25 23.9521
592 25 22.6244
593 25 22.6244
546 27 22.6244
593 27 22.6244
593 28 22.6244
134 29 20.3666
503 29 31.2989
504 29 31.2989
589 29 29.0698
593 29 22.6244
503 30 31.2989
554 32 22.6244
555 32 22.6244
314 34 40.6504
621 34 27.137
312 35 40.6504
313 35 40.6504
314 35 40.6504
621 35 27.137
570 36 22.6244
621 36 27.137
565 37 23.9521
566 37 23.9521
621 37 27.137
467 38 31.2989
621 38 27.137
467 39 31.2989
559 39 23.9521
560 39 23.9521
535 40 23.9521
592 40 25.4453
312 41 45.1467
557 41 23.9521
312 42 45.1467
537 42 23.9521
538 42 23.9521
557 42 23.9521
558 42 23.9521
543 43 22.6244
539 44 23.9521
542 44 22.6244
540 45 23.9521
433 46 33.8983
615 46 29.0698
616 46 29.0698
433 47 33.8983
621 48 27.137
540 49 23.9521
537 50 27.137
540 50 23.9521
567 50 23.9521
621 51 27.137
589 52 29.0698
621 52 27.137
570 56 22.6244
206 58 36.9686
296 60 31.2989
504 60 31.2989
482 61 29.0698
504 61 31.2989
570 61 22.6244
621 62 27.137
541 63 22.6244
621 63 27.137
621 64 27.137
621 65 27.137
615 66 31.2989
621 66 27.137
567 68 23.9521
568 68 23.9521
622 68 27.137
536 69 23.9521
617 69 29.0698
618 69 29.0698
536 70 23.9521
621 75 27.137
622 76 27.137
592 77 27.137
622 77 27.137
622 78 27.137
361 79 27.137
561 81 22.6244
622 81 27.137
535 82 23.9521
622 82 27.137
313 83 40.6504
314 83 40.6504
535 83 23.9521
622 83 27.137
622 84 27.137
622 85 27.137
622 86 27.137
565 87 22.6244
622 87 27.137
532 88 23.9521
533 88 23.9521
622 88 27.137
313 89 40.6504
612 89 29.0698
622 89 27.137
622 90 27.137
482 91 31.2989
483 91 33.8983
485 91 31.2989
486 91 33.8983
505 91 29.0698
622 91 27.137
478 92 31.2989
479 92 33.8983
480 92 31.2989
481 92 31.2989
540 92 22.6244
567 92 22.6244
614 93 27.137
617 93 29.0698
606 94 33.8983
607 94 33.8983
622 95 27.137
595 96 22.6244
622 96 27.137
622 97 27.137
622 98 27.137
153 99 40.6504
468 99 33.8983
593 99 25.4453
611 99 31.2989
612 99 31.2989
622 99 27.137
622 100 27.137
622 101 27.137
152 102 40.6504
622 102 27.137
434 103 33.8983
622 103 27.137
606 104 33.8983
622 104 27.137
606 105 33.8983
607 105 33.8983
622 105 27.137
622 106 27.137
622 107 27.137
622 108 27.137
152 109 45.1467
622 109 27.137
152 110 45.1467
42 111 50.7614
552 111 22.6244
622 111 27.137
572 112 22.6244
622 112 27.137
43 114 50.7614
42 115 50.7614
41 116 50.7614
527 116 29.0698
528 116 29.0698
530 116 23.9521
531 116 23.9521
527 117 29.0698
152 118 40.6504
42 120 50.7614
42 121 50.7614
479 122 29.0698
480 122 29.0698
481 122 29.0698
482 122 29.0698
483 122 29.0698
485 122 33.8983
41 123 50.7614
475 123 36.9686
476 123 36.9686
477 123 36.9686
547 123 22.6244
507 124 31.2989
507 125 31.2989
508 125 31.2989
623 126 27.137
566 127 25.4453
209 128 36.9686
471 129 31.2989
43 131 57.971
313 131 36.9686
314 131 36.9686
315 131 36.9686
352 131 29.0698
353 131 29.0698
43 132 57.971
208 132 36.9686
471 132 33.8983
568 132 22.6244
471 133 33.8983
471 134 33.8983
623 134 27.137
149 135 40.6504
471 135 33.8983
623 135 27.137
623 136 27.137
313 137 45.1467
623 137 27.137
315 138 45.1467
623 138 27.137
471 139 33.8983
603 139 31.2989
421 140 40.6504
422 140 40.6504
471 140 33.8983
472 140 33.8983
623 142 27.137
127 143 20.3666
623 143 27.137
127 144 20.3666
472 144 31.2989
623 144 27.137
594 145 25.4453
623 145 27.137
130 146 20.3666
131 146 20.3666
207 146 40.6504
536 146 25.4453
537 146 25.4453
538 146 25.4453
539 146 23.9521
569 146 23.9521
623 146 27.137
130 147 20.3666
527 147 25.4453
528 147 25.4453
536 147 25.4453
537 147 25.4453
538 147 25.4453
623 147 27.137
130 148 20.3666
588 148 27.137
623 148 27.137
130 149 20.3666
623 149 27.137
83 150 45.1467
130 150 20.3666
588 150 27.137
623 150 27.137
479 151 33.8983
483 151 33.8983
623 151 27.137
128 152 20.3666
477 152 33.8983
623 152 27.137
623 153 27.137
506 154 31.2989
547 154 25.4453
548 154 25.4453
623 154 27.137
130 155 20.3666
506 155 31.2989
546 155 25.4453
547 155 25.4453
563 155 23.9521
623 155 27.137
130 156 20.3666
595 156 23.9521
623 156 27.137
123 157 20.3666
130 157 20.3666
623 157 27.137
123 158 20.3666
130 158 20.3666
469 158 33.8983
547 158 25.4453
548 158 25.4453
623 158 27.137
123 159 20.3666
130 159 20.3666
138 159 20.3666
547 159 25.4453
548 159 25.4453
623 159 27.137
130 160 20.3666
138 160 20.3666
556 160 23.9521
623 160 27.137
130 161 20.3666
138 161 20.3666
435 161 33.8983
623 161 27.137
130 162 20.3666
138 162 20.3666
547 162 23.9521
556 162 23.9521
557 162 23.9521
616 162 29.0698
623 162 27.137
123 163 20.3666
130 163 20.3666
138 163 20.3666
547 163 23.9521
616 163 29.0698
623 163 27.137
130 164 20.3666
138 164 20.3666
414 164 33.8983
588 164 29.0698
616 164 29.0698
623 164 27.137
123 165 20.3666
130 165 20.3666
138 165 20.3666
588 165 29.0698
616 165 29.0698
367 166 29.0698
467 166 33.8983
547 166 23.9521
616 166 29.0698
588 167 29.0698
616 167 29.0698
624 167 27.137
473 168 31.2989
616 168 29.0698
624 168 27.137
367 169 31.2989
368 169 31.2989
473 169 31.2989
588 169 29.0698
616 169 29.0698
624 169 27.137
588 170 29.0698
616 170 29.0698
550 171 23.9521
588 171 29.0698
473 172 33.8983
600 172 22.6244
473 173 33.8983
550 173 23.9521
624 173 27.137
549 174 23.9521
550 174 23.9521
473 175 33.8983
588 175 29.0698
589 175 29.0698
473 177 33.8983
597 177 22.6244
473 178 33.8983
549 178 23.9521
550 178 23.9521
557 178 23.9521
626 178 27.137
315 179 40.6504
473 179 33.8983
557 179 23.9521
558 179 23.9521
624 179 27.137
423 180 50.7614
428 180 29.0698
429 180 29.0698
430 180 29.0698
550 180 23.9521
551 180 23.9521
557 180 23.9521
558 180 23.9521
624 180 27.137
422 181 50.7614
423 181 50.7614
424 181 50.7614
473 181 33.8983
558 181 22.6244
624 181 27.137
422 182 50.7614
423 182 50.7614
607 182 22.6244
608 182 22.6244
609 182 22.6244
624 182 27.137
428 183 57.971
547 183 29.0698
550 183 23.9521
607 183 22.6244
608 183 22.6244
609 183 22.6244
624 183 27.137
547 184 29.0698
550 184 23.9521
551 184 23.9521
624 184 27.137
547 185 29.0698
624 185 27.137
78 186 45.1467
507 186 31.2989
595 186 23.9521
596 186 23.9521
597 186 23.9521
624 186 27.137
507 187 31.2989
589 187 27.137
595 187 23.9521
596 187 23.9521
470 188 31.2989
507 188 31.2989
589 188 27.137
624 188 27.137
470 189 31.2989
507 189 31.2989
589 189 27.137
624 189 27.137
549 190 23.9521
436 191 33.8983
507 191 31.2989
367 192 29.0698
596 192 23.9521
436 193 33.8983
470 193 33.8983
550 193 25.4453
551 193 25.4453
547 194 31.2989
596 194 23.9521
626 194 27.137
596 195 23.9521
470 197 33.8983
507 197 31.2989
596 197 23.9521
597 198 22.6244
507 199 31.2989
550 199 23.9521
507 200 31.2989
550 200 23.9521
597 200 22.6244
549 201 23.9521
550 201 23.9521
597 201 22.6244
550 203 23.9521
138 204 20.3666
596 204 23.9521
138 205 20.3666
589 207 29.0698
140 208 20.3666
550 210 23.9521
550 211 23.9521
625 211 27.137
550 212 23.9521
601 212 22.6244
602 212 22.6244
624 212 27.137
625 212 27.137
550 213 23.9521
551 213 23.9521
559 213 23.9521
601 213 22.6244
602 213 22.6244
624 213 27.137
625 213 27.137
550 214 23.9521
551 214 23.9521
559 214 23.9521
560 214 23.9521
595 214 31.2989
601 214 22.6244
602 214 22.6244
624 214 27.137
625 214 27.137
602 215 22.6244
625 215 27.137
548 216 29.0698
586 216 29.0698
589 216 29.0698
590 216 29.0698
595 216 31.2989
601 216 22.6244
602 216 22.6244
625 216 27.137
433 217 33.8983
505 217 31.2989
548 217 29.0698
589 217 29.0698
601 217 22.6244
602 217 22.6244
625 217 27.137
433 218 33.8983
508 218 29.0698
589 218 29.0698
601 218 22.6244
602 218 22.6244
625 218 27.137
468 219 33.8983
471 219 31.2989
505 219 31.2989
560 219 22.6244
589 219 29.0698
590 219 29.0698
602 219 22.6244
625 219 27.137
25 220 50.7614
468 220 33.8983
505 220 31.2989
589 220 29.0698
590 220 29.0698
625 220 27.137
447 221 25.4453
505 221 31.2989
559 221 22.6244
560 221 22.6244
586 221 29.0698
589 221 29.0698
590 221 29.0698
602 221 22.6244
625 221 27.137
22 222 50.7614
447 222 25.4453
448 222 25.4453
505 222 31.2989
559 222 23.9521
560 222 23.9521
586 222 29.0698
505 223 31.2989
586 223 29.0698
505 224 31.2989
590 224 27.137
450 225 23.9521
451 225 23.9521
586 225 29.0698
590 225 27.137
15 226 50.7614
449 226 23.9521
450 226 23.9521
559 226 23.9521
590 226 27.137
625 226 27.137
14 227 50.7614
449 227 23.9521
450 227 23.9521
601 227 22.6244
602 227 22.6244
603 227 22.6244
625 227 27.137
601 228 22.6244
602 228 22.6244
603 228 22.6244
625 228 27.137
451 229 23.9521
625 229 27.137
451 230 23.9521
452 230 23.9521
569 230 21.4362
570 230 21.4362
625 230 27.137
135 231 20.3666
452 231 23.9521
453 231 23.9521
569 231 21.4362
599 231 21.4362
625 231 27.137
17 232 50.7614
135 232 20.3666
453 232 23.9521
625 232 27.137
135 233 20.3666
453 233 23.9521
568 233 21.4362
569 233 21.4362
625 233 27.137
135 234 20.3666
568 234 21.4362
596 234 20.3666
608 234 19.3986
625 234 27.137
73 235 45.1467
135 235 20.3666
454 235 23.9521
455 235 23.9521
596 235 20.3666
597 235 20.3666
610 235 19.3986
625 235 27.137
73 236 45.1467
90 236 40.6504
135 236 20.3666
454 236 23.9521
455 236 23.9521
567 236 21.4362
568 236 21.4362
596 236 20.3666
612 236 19.3986
613 236 19.3986
614 236 18.5185
625 236 27.137
135 237 20.3666
506 237 29.0698
543 237 20.3666
563 237 20.3666
567 237 21.4362
568 237 21.4362
595 237 20.3666
613 237 19.3986
614 237 18.5185
615 237 18.5185
616 237 18.5185
135 238 20.3666
140 238 21.4362
543 238 20.3666
567 238 21.4362
568 238 21.4362
135 239 20.3666
140 239 21.4362
465 239 23.9521
510 239 33.8983
539 239 21.4362
620 239 19.3986
135 240 20.3666
140 240 21.4362
173 240 33.8983
539 240 21.4362
540 240 21.4362
541 240 21.4362
619 240 19.3986
135 241 20.3666
140 241 21.4362
506 241 31.2989
541 241 21.4362
619 241 19.3986
624 241 20.3666
625 241 20.3666
626 241 20.3666
632 241 19.3986
135 242 20.3666
618 242 20.3666
619 242 20.3666
135 243 20.3666
469 243 31.2989
618 243 20.3666
619 243 20.3666
625 243 19.3986
626 243 19.3986
627 243 19.3986
135 244 20.3666
618 244 20.3666
626 244 19.3986
442 245 23.9521
491 245 29.0698
618 245 20.3666
619 245 20.3666
443 246 23.9521
491 246 29.0698
519 247 21.4362
520 247 21.4362
628 247 20.3666
629 247 20.3666
632 247 20.3666
517 248 22.6244
518 248 22.6244
528 248 21.4362
529 248 21.4362
628 248 20.3666
629 248 20.3666
632 248 20.3666
516 249 22.6244
517 249 22.6244
529 249 21.4362
530 249 21.4362
587 249 21.4362
588 249 21.4362
589 249 21.4362
625 249 19.3986
632 249 20.3666
467 250 23.9521
515 250 22.6244
516 250 22.6244
530 250 21.4362
531 250 20.3666
587 250 21.4362
588 250 21.4362
602 250 19.3986
603 250 19.3986
607 250 19.3986
608 250 19.3986
466 251 23.9521
467 251 23.9521
515 251 22.6244
516 251 22.6244
531 251 21.4362
586 251 21.4362
587 251 21.4362
603 251 19.3986
604 251 19.3986
607 251 19.3986
608 251 19.3986
609 251 19.3986
634 251 20.3666
515 252 22.6244
532 252 21.4362
585 252 21.4362
586 252 20.3666
604 252 19.3986
634 252 20.3666
514 253 22.6244
515 253 22.6244
525 253 22.6244
532 253 21.4362
585 253 21.4362
605 253 19.3986
634 253 20.3666
440 254 23.9521
441 254 23.9521
514 254 22.6244
521 254 21.4362
532 254 21.4362
584 254 20.3666
585 254 20.3666
594 254 20.3666
595 254 20.3666
605 254 19.3986
606 254 19.3986
391 255 27.137
440 255 23.9521
458 255 25.4453
514 255 22.6244
528 255 21.4362
529 255 21.4362
533 255 21.4362
584 255 20.3666
606 255 19.3986
517 256 22.6244
518 256 22.6244
528 256 21.4362
529 256 21.4362
532 256 21.4362
533 256 21.4362
584 256 20.3666
585 256 20.3666
592 256 20.3666
593 256 20.3666
597 256 19.3986
598 256 20.3666
606 256 19.3986
633 256 20.3666
438 257 23.9521
439 257 23.9521
517 257 22.6244
529 257 21.4362
533 257 21.4362
584 257 20.3666
585 257 20.3666
526 258 22.6244
584 258 20.3666
588 258 20.3666
589 258 20.3666
601 258 19.3986
602 258 19.3986
603 258 19.3986
630 258 21.4362
631 258 20.3666
588 259 20.3666
589 259 20.3666
601 259 19.3986
602 259 19.3986
527 260 21.4362
528 260 21.4362
588 260 20.3666
589 260 20.3666
596 260 23.9521
597 260 23.9521
598 260 23.9521
526 261 21.4362
527 261 21.4362
528 261 21.4362
589 262 19.3986
590 262 19.3986
593 262 20.3666
594 262 21.4362
591 263 20.3666
597 263 21.4362
598 263 21.4362
599 263 21.4362
600 263 20.3666
601 263 20.3666
612 263 22.6244
613 263 22.6244
598 264 21.4362
599 264 21.4362
600 264 20.3666
70 265 19.3986
153 266 19.3986
153 267 19.3986
187 272 16.9779
188 273 16.9779
188 274 16.9779
532 286 13.1492
533 286 13.1492
554 290 13.587
557 290 12.7389
184 291 12.3533
180 296 11.6482
584 296 11.325
585 296 11.325
586 296 11.325
587 296 11.0193
177 299 11.0193
529 300 10.7296
530 300 10.7296
19 303 11.0193
20 303 11.0193
20 304 11.0193
21 304 11.0193
33 305 10.7296
40 306 10.4548
41 306 10.4548
42 306 10.4548
50 307 10.4548
61 308 10.4548
62 308 10.4548
63 308 10.4548
67 309 9.9453
68 309 10.1937
69 309 10.1937
70 309 10.1937
71 309 10.1937
77 310 9.9453
78 310 9.9453
79 310 9.9453
80 310 9.9453
87 311 9.70874
90 311 9.9453
91 311 9.9453
92 311 9.9453
97 312 9.70874
98 312 9.70874
100 312 9.70874
108 313 9.48317
111 313 9.9453
112 313 9.9453
113 313 9.9453
118 314 9.48317
119 314 9.48317
120 314 9.48317
121 314 9.48317
129 315 9.26784
130 315 9.26784
131 315 9.26784
132 315 9.48317
133 315 9.48317
134 315 9.48317
635 315 8.67679
636 315 8.67679
140 316 9.06207
596 316 8.67679
598 316 8.67679
159 318 9.06207
105 322 9.26784
108 322 8.49618
108 323 8.49618
109 323 8.49618
84 324 8.49618
70 325 8.86525
71 325 8.86525
56 326 8.86525
64 326 8.32293
45 327 8.86525
46 327 8.86525
55 327 8.86525
28 329 8.32293
29 329 8.32293
152 329 7.9968
19 330 8.15661
151 330 7.9968
152 330 7.9968
148 334 7.69527
147 335 7.55287
146 336 7.55287
147 336 7.55287
146 337 7.55287
145 338 7.41565
144 339 7.41565
143 340 7.28332
142 341 7.28332
141 342 7.15564
140 343 7.15564
141 343 7.15564
142 343 7.15564
143 343 7.15564
144 343 7.15564
141 344 7.15564
142 344 7.15564
143 344 7.15564
144 344 7.03235
146 344 7.03235
147 344 7.03235
148 344 7.03235
149 344 6.91324
125 363 6.18047
126 363 6.18047
127 363 6.18047
128 363 6.18047
129 363 6.18047
131 363 6.08828
132 363 6.08828
133 363 6.08828
135 363 6.08828
121 365 5.9988
122 365 5.9988
121 366 5.91191
120 367 5.91191
119 368 5.91191
120 368 5.91191
117 370 5.82751
118 370 5.82751
115 372 5.74548
114 373 5.66572
113 374 5.58815
114 374 5.58815
113 375 5.58815
121 375 5.58815
112 376 5.58815
113 376 5.58815
111 377 5.58815
109 379 5.58815
106 382 5.36769
105 383 5.36769
104 384 5.36769
105 384 5.36769
119 384 5.29801
104 385 5.29801
105 385 5.29801
103 386 5.23013
102 387 5.23013
103 387 5.23013
100 391 5.09944
101 391 5.09944
102 391 5.09944
103 391 5.09944
107 391 5.23013
108 391 5.23013
109 391 5.23013
110 391 5.16396
111 391 5.09944
112 391 5.09944
113 391 5.09944
99 392 5.09944
100 392 5.09944
101 392 5.09944
102 392 5.09944
103 392 5.09944
104 392 5.09944
105 392 5.09944
106 392 5.09944
107 392 5.23013
384 403 4.63607
385 403 4.63607
264 407 4.584
265 407 4.584
266 407 4.584
267 407 4.584
440 421 4.2061
441 421 4.2061
442 421 4.2061
443 421 4.2061
77 430 4.12116
78 430 4.07997
71 431 4.07997
72 431 4.07997
73 431 4.1632
74 431 4.12116
75 431 4.12116
76 431 4.12116
77 431 4.12116
78 431 4.07997
79 431 4.07997
80 431 4.07997
81 431 4.07997
59 432 4.2061
60 432 4.2061
61 432 4.2061
62 432 4.12116
63 432 4.12116
64 432 4.12116
65 432 4.12116
66 432 4.12116
67 432 4.12116
68 432 4.12116
69 432 4.12116
70 432 4.07997
71 432 4.07997
72 432 4.07997
73 432 4.1632
74 432 4.12116
75 432 4.12116
81 432 4.07997
64 433 4.12116
65 433 4.12116
66 433 4.12116
58 434 4.07997
59 434 4.2061
59 435 4.03959
78 435 4.03959
56 436 4.07997
46 445 4.03959
