114 3 17.7148
114 4 17.7148
631 4 25.4453
111 5 17.7148
114 5 17.7148
532 5 27.137
533 5 27.137
581 5 20.3666
611 5 19.3986
612 5 19.3986
613 5 19.3986
616 5 20.3666
617 5 20.3666
635 5 25.4453
111 6 17.7148
114 6 17.7148
532 6 29.0698
612 6 19.3986
634 6 25.4453
111 7 17.7148
114 7 17.7148
381 7 25.4453
570 7 20.3666
582 7 20.3666
583 7 20.3666
586 7 20.3666
634 7 25.4453
114 8 17.7148
381 8 25.4453
532 8 29.0698
603 8 20.3666
604 8 20.3666
605 8 20.3666
634 8 25.4453
111 9 17.7148
114 9 17.7148
579 9 20.3666
601 9 22.6244
602 9 20.3666
603 9 20.3666
604 9 20.3666
614 9 20.3666
615 9 20.3666
634 9 25.4453
114 10 17.7148
532 10 29.0698
576 10 20.3666
587 10 20.3666
601 10 21.4362
603 10 20.3666
604 10 20.3666
606 10 19.3986
634 10 25.4453
114 11 17.7148
326 11 36.9686
372 11 27.137
402 11 25.4453
532 11 29.0698
575 11 20.3666
600 11 22.6244
601 11 21.4362
618 11 20.3666
634 11 25.4453
111 12 17.7148
114 12 17.7148
375 12 25.4453
376 12 25.4453
489 12 29.0698
602 12 20.3666
614 12 19.3986
634 12 25.4453
114 13 17.7148
372 13 27.137
429 13 31.2989
577 13 20.3666
578 13 20.3666
579 13 20.3666
602 13 20.3666
603 13 20.3666
634 13 25.4453
114 14 17.7148
578 14 21.4362
579 14 20.3666
634 14 25.4453
114 15 17.7148
634 15 25.4453
114 16 17.7148
491 16 29.0698
580 16 20.3666
581 16 20.3666
582 16 20.3666
615 16 19.3986
634 16 25.4453
114 17 17.7148
490 17 29.0698
491 17 29.0698
581 17 20.3666
634 17 25.4453
114 18 17.7148
321 18 36.9686
578 18 25.4453
634 18 25.4453
114 19 17.7148
595 19 20.3666
596 19 20.3666
614 19 20.3666
634 19 25.4453
114 20 17.7148
634 20 25.4453
582 21 20.3666
618 21 20.3666
619 21 20.3666
634 21 25.4453
582 22 20.3666
600 22 19.3986
624 22 19.3986
634 22 25.4453
581 23 20.3666
582 23 20.3666
613 23 20.3666
614 23 20.3666
634 23 25.4453
115 24 17.7148
320 24 36.9686
634 24 25.4453
115 25 17.7148
320 25 36.9686
321 25 36.9686
634 25 25.4453
115 26 17.7148
453 26 31.2989
454 26 31.2989
574 26 20.3666
591 26 20.3666
609 26 19.3986
612 26 19.3986
634 26 25.4453
115 27 17.7148
453 27 31.2989
454 27 31.2989
574 27 20.3666
575 27 20.3666
590 27 20.3666
115 28 17.7148
453 28 31.2989
617 28 19.3986
115 29 17.7148
378 29 25.4453
620 29 20.3666
621 29 20.3666
115 30 17.7148
282 30 31.2989
283 30 31.2989
371 30 27.137
398 30 25.4453
635 30 25.4453
115 31 17.7148
283 31 31.2989
453 31 31.2989
634 31 25.4453
635 31 25.4453
115 32 17.7148
575 32 21.4362
576 32 21.4362
617 32 20.3666
618 32 20.3666
634 32 25.4453
115 33 17.7148
429 33 31.2989
430 33 31.2989
615 33 20.3666
634 33 25.4453
115 34 17.7148
429 34 31.2989
580 34 21.4362
634 34 25.4453
115 35 17.7148
618 35 20.3666
634 35 25.4453
115 36 17.7148
370 36 25.4453
396 36 25.4453
580 36 21.4362
617 36 20.3666
634 36 25.4453
115 37 17.7148
582 37 21.4362
583 37 20.3666
634 37 25.4453
374 38 25.4453
572 38 20.3666
581 38 21.4362
590 38 19.3986
622 38 20.3666
623 38 20.3666
634 38 25.4453
115 39 17.7148
634 39 25.4453
532 40 27.137
533 40 27.137
575 40 19.3986
634 40 25.4453
533 41 27.137
583 41 20.3666
634 41 25.4453
613 42 20.3666
614 42 20.3666
634 42 25.4453
115 43 17.7148
201 43 33.8983
575 43 20.3666
576 43 20.3666
613 43 20.3666
634 43 25.4453
283 44 31.2989
575 44 20.3666
576 44 20.3666
577 44 20.3666
634 44 25.4453
576 45 20.3666
577 45 20.3666
634 45 25.4453
576 46 20.3666
577 46 20.3666
634 46 25.4453
578 47 20.3666
579 47 20.3666
611 47 20.3666
634 47 25.4453
578 48 20.3666
579 48 20.3666
634 48 25.4453
491 49 29.0698
492 49 29.0698
578 49 20.3666
579 49 20.3666
634 49 25.4453
491 50 29.0698
611 50 20.3666
634 50 25.4453
375 51 25.4453
400 51 25.4453
492 51 29.0698
492 53 29.0698
577 53 20.3666
369 54 25.4453
429 54 33.8983
430 54 33.8983
492 54 29.0698
577 54 20.3666
578 54 20.3666
601 54 19.3986
574 55 20.3666
577 55 20.3666
574 56 20.3666
594 56 19.3986
634 56 23.9521
635 56 23.9521
453 57 29.0698
454 57 29.0698
606 57 19.3986
634 57 23.9521
635 57 23.9521
454 58 29.0698
607 58 19.3986
610 58 20.3666
635 58 25.4453
593 59 21.4362
604 59 22.6244
372 60 27.137
373 60 27.137
579 60 21.4362
592 60 21.4362
593 60 21.4362
594 60 20.3666
635 60 25.4453
374 61 27.137
375 61 27.137
454 61 31.2989
575 61 21.4362
591 61 21.4362
592 61 21.4362
598 61 19.3986
635 61 25.4453
326 62 36.9686
635 62 25.4453
580 63 20.3666
581 63 20.3666
635 63 25.4453
454 64 31.2989
571 64 21.4362
581 64 20.3666
635 64 25.4453
277 65 31.2989
635 65 25.4453
370 66 31.2989
373 66 27.137
495 66 31.2989
615 66 19.3986
635 66 25.4453
373 67 27.137
382 67 25.4453
454 67 31.2989
635 67 25.4453
572 68 21.4362
573 68 21.4362
635 68 25.4453
572 69 21.4362
573 69 21.4362
586 69 19.3986
609 69 20.3666
610 69 20.3666
614 69 19.3986
635 69 25.4453
320 70 40.6504
321 70 40.6504
376 70 27.137
572 70 21.4362
573 70 21.4362
582 70 20.3666
613 70 19.3986
614 70 19.3986
635 70 25.4453
377 71 27.137
454 71 31.2989
635 71 25.4453
635 72 25.4453
454 73 31.2989
611 73 20.3666
635 73 25.4453
378 74 27.137
430 74 31.2989
495 74 31.2989
628 74 25.4453
635 74 25.4453
533 75 29.0698
534 75 29.0698
628 75 25.4453
635 75 25.4453
321 76 36.9686
322 76 36.9686
505 76 27.137
533 76 29.0698
534 76 29.0698
609 76 20.3666
635 76 25.4453
322 77 36.9686
495 77 31.2989
496 77 31.2989
533 77 29.0698
571 77 20.3666
628 77 25.4453
635 77 25.4453
277 78 31.2989
278 78 31.2989
495 78 31.2989
570 78 21.4362
571 78 21.4362
628 78 25.4453
571 79 21.4362
628 79 25.4453
570 80 21.4362
571 80 21.4362
492 82 29.0698
493 82 29.0698
614 82 21.4362
635 82 25.4453
636 82 25.4453
492 83 29.0698
493 83 29.0698
602 83 19.3986
614 83 21.4362
615 83 21.4362
635 83 25.4453
636 83 25.4453
492 84 29.0698
493 84 29.0698
615 84 21.4362
635 84 25.4453
492 85 31.2989
635 85 25.4453
635 86 25.4453
574 87 21.4362
594 87 19.3986
595 87 19.3986
635 87 25.4453
595 88 19.3986
604 88 20.3666
635 88 25.4453
454 89 31.2989
455 89 31.2989
570 89 21.4362
635 89 25.4453
454 90 31.2989
455 90 31.2989
570 90 21.4362
571 90 21.4362
635 90 25.4453
570 91 21.4362
571 91 21.4362
572 91 21.4362
596 91 19.3986
635 91 25.4453
364 92 27.137
571 92 21.4362
572 92 21.4362
576 92 21.4362
577 92 21.4362
578 92 21.4362
596 92 19.3986
635 92 25.4453
364 93 27.137
365 93 27.137
576 93 21.4362
577 93 21.4362
605 93 20.3666
635 93 25.4453
430 94 31.2989
431 94 31.2989
495 94 31.2989
496 94 31.2989
607 94 20.3666
613 94 20.3666
618 94 20.3666
619 94 20.3666
635 94 25.4453
430 95 31.2989
613 95 20.3666
615 95 20.3666
618 95 20.3666
635 95 25.4453
600 96 19.3986
636 97 25.4453
430 98 33.8983
636 98 25.4453
496 99 29.0698
636 99 25.4453
569 100 21.4362
570 100 21.4362
618 100 20.3666
636 100 25.4453
568 101 21.4362
569 101 21.4362
575 101 20.3666
576 101 20.3666
635 101 25.4453
636 101 25.4453
569 102 21.4362
635 102 25.4453
636 102 25.4453
496 103 31.2989
455 105 31.2989
496 105 31.2989
569 105 21.4362
614 105 20.3666
496 106 31.2989
570 106 21.4362
589 106 20.3666
455 107 31.2989
570 107 21.4362
589 107 20.3666
615 107 20.3666
616 107 20.3666
363 108 25.4453
455 108 31.2989
496 108 31.2989
570 108 21.4362
571 108 21.4362
635 108 25.4453
636 108 25.4453
455 109 31.2989
496 109 31.2989
534 109 29.0698
635 109 25.4453
388 110 25.4453
495 110 31.2989
496 110 31.2989
536 111 27.137
537 111 27.137
611 111 20.3666
636 111 25.4453
455 112 31.2989
536 112 27.137
537 112 27.137
571 112 21.4362
572 112 21.4362
603 112 19.3986
636 112 25.4453
455 113 31.2989
537 113 27.137
582 113 20.3666
636 113 25.4453
536 114 27.137
537 114 27.137
582 114 20.3666
636 114 25.4453
430 115 33.8983
431 115 33.8983
455 115 31.2989
537 115 27.137
572 115 21.4362
573 115 21.4362
611 115 20.3666
636 115 25.4453
495 116 29.0698
536 116 27.137
537 116 27.137
636 116 25.4453
495 117 29.0698
496 117 29.0698
636 117 25.4453
495 118 31.2989
612 118 21.4362
613 118 21.4362
636 118 25.4453
365 119 27.137
366 119 27.137
495 119 31.2989
537 119 27.137
567 119 20.3666
568 119 20.3666
585 119 20.3666
589 119 19.3986
636 119 25.4453
455 120 31.2989
495 120 31.2989
537 120 27.137
569 120 21.4362
636 120 25.4453
455 121 31.2989
495 121 31.2989
586 121 20.3666
636 121 25.4453
494 122 31.2989
495 122 31.2989
568 122 21.4362
569 122 21.4362
570 122 21.4362
586 122 20.3666
636 122 25.4453
495 123 31.2989
636 123 25.4453
364 124 27.137
495 124 31.2989
496 124 31.2989
570 124 21.4362
571 124 21.4362
636 124 25.4453
101 125 17.7148
364 125 25.4453
495 125 31.2989
496 125 31.2989
537 125 29.0698
570 125 21.4362
571 125 20.3666
578 125 20.3666
636 125 25.4453
101 126 17.7148
495 126 31.2989
496 126 31.2989
537 126 29.0698
636 126 25.4453
637 126 25.4453
321 127 40.6504
365 127 27.137
490 127 29.0698
495 127 31.2989
496 127 31.2989
537 127 29.0698
573 127 20.3666
636 127 25.4453
637 127 25.4453
322 128 40.6504
365 128 27.137
490 128 29.0698
636 128 25.4453
637 128 25.4453
101 129 16.9779
106 129 17.7148
323 129 40.6504
490 129 29.0698
636 129 25.4453
105 130 17.7148
490 130 29.0698
495 130 31.2989
537 130 29.0698
538 130 29.0698
110 131 17.7148
490 131 29.0698
495 131 31.2989
537 131 29.0698
538 131 29.0698
600 131 19.3986
601 131 19.3986
101 132 16.9779
109 132 16.9779
110 132 16.9779
490 132 29.0698
495 132 31.2989
537 132 29.0698
612 132 20.3666
615 132 20.3666
109 133 16.9779
490 133 29.0698
537 133 29.0698
615 133 20.3666
636 133 23.9521
637 133 23.9521
101 134 16.9779
109 134 17.7148
371 134 20.3666
537 134 29.0698
538 134 29.0698
577 134 21.4362
578 134 21.4362
629 134 25.4453
636 134 25.4453
637 134 25.4453
109 135 16.9779
431 135 31.2989
432 135 31.2989
457 135 31.2989
495 135 29.0698
496 135 29.0698
497 135 29.0698
537 135 29.0698
538 135 29.0698
576 135 21.4362
577 135 21.4362
578 135 21.4362
594 135 20.3666
629 135 25.4453
636 135 25.4453
637 135 25.4453
109 136 16.9779
537 136 29.0698
538 136 29.0698
576 136 21.4362
577 136 21.4362
629 136 25.4453
636 136 25.4453
369 137 25.4453
537 137 29.0698
538 137 29.0698
576 137 21.4362
577 137 21.4362
629 137 25.4453
637 137 25.4453
106 138 17.7148
497 138 31.2989
536 138 29.0698
537 138 29.0698
538 138 29.0698
629 138 25.4453
636 138 25.4453
637 138 25.4453
495 139 31.2989
496 139 31.2989
580 139 29.0698
586 139 21.4362
587 139 21.4362
629 139 25.4453
636 139 25.4453
637 139 25.4453
496 140 31.2989
580 140 29.0698
585 140 21.4362
629 140 25.4453
636 140 25.4453
637 140 25.4453
495 141 31.2989
496 141 31.2989
636 141 25.4453
637 141 25.4453
109 142 16.9779
490 142 31.2989
491 142 31.2989
495 142 31.2989
496 142 31.2989
497 142 31.2989
588 142 20.3666
589 142 20.3666
590 142 20.3666
629 142 25.4453
630 142 25.4453
636 142 25.4453
637 142 25.4453
109 143 16.9779
490 143 31.2989
588 143 20.3666
589 143 20.3666
590 143 20.3666
629 143 25.4453
637 143 25.4453
109 144 16.9779
532 144 33.8983
535 144 27.137
536 144 27.137
580 144 29.0698
629 144 25.4453
637 144 25.4453
109 145 16.9779
532 145 33.8983
535 145 29.0698
536 145 29.0698
580 145 29.0698
581 145 29.0698
589 145 20.3666
590 145 20.3666
637 145 25.4453
109 146 16.9779
531 146 33.8983
532 146 33.8983
535 146 29.0698
589 146 21.4362
590 146 21.4362
636 146 25.4453
637 146 25.4453
109 147 16.9779
118 147 17.7148
535 147 29.0698
589 147 20.3666
590 147 20.3666
599 147 20.3666
636 147 25.4453
637 147 25.4453
109 148 17.7148
118 148 17.7148
452 148 31.2989
535 148 29.0698
589 148 20.3666
590 148 20.3666
599 148 20.3666
636 148 25.4453
637 148 25.4453
109 149 17.7148
491 149 36.9686
493 149 31.2989
494 149 29.0698
524 149 80.9717
535 149 29.0698
589 149 21.4362
637 149 25.4453
109 150 17.7148
118 150 17.7148
494 150 29.0698
535 150 29.0698
581 150 27.137
600 150 20.3666
630 150 25.4453
636 150 25.4453
637 150 25.4453
109 151 17.7148
119 151 17.7148
366 151 27.137
581 151 27.137
587 151 20.3666
600 151 20.3666
630 151 25.4453
636 151 25.4453
637 151 25.4453
109 152 17.7148
119 152 17.7148
366 152 27.137
455 152 31.2989
456 152 31.2989
497 152 29.0698
535 152 29.0698
581 152 27.137
587 152 21.4362
588 152 21.4362
589 152 21.4362
600 152 20.3666
630 152 25.4453
636 152 25.4453
637 152 25.4453
109 153 17.7148
118 153 17.7148
119 153 17.7148
455 153 31.2989
482 153 36.9686
535 153 29.0698
581 153 27.137
587 153 21.4362
588 153 21.4362
630 153 25.4453
637 153 25.4453
102 154 17.7148
109 154 17.7148
118 154 17.7148
119 154 17.7148
535 154 29.0698
581 154 27.137
588 154 20.3666
630 154 25.4453
636 154 25.4453
637 154 25.4453
118 155 17.7148
119 155 17.7148
535 155 29.0698
581 155 27.137
588 155 20.3666
589 155 20.3666
630 155 25.4453
636 155 25.4453
637 155 25.4453
394 156 25.4453
432 156 31.2989
581 156 27.137
589 156 20.3666
630 156 25.4453
637 156 25.4453
581 157 27.137
589 157 20.3666
637 157 25.4453
381 158 29.0698
382 158 29.0698
491 158 31.2989
497 158 31.2989
581 158 27.137
630 158 25.4453
636 158 25.4453
637 158 25.4453
456 159 31.2989
491 159 31.2989
497 159 31.2989
581 159 27.137
630 159 25.4453
637 159 25.4453
491 160 31.2989
497 160 31.2989
581 160 27.137
630 160 25.4453
637 160 25.4453
375 161 57.971
382 161 27.137
491 161 31.2989
535 161 29.0698
536 161 29.0698
581 161 27.137
630 161 25.4453
637 161 25.4453
382 162 27.137
383 162 27.137
491 162 31.2989
581 162 27.137
630 162 25.4453
637 162 25.4453
383 163 27.137
432 163 33.8983
497 163 31.2989
581 163 27.137
630 163 25.4453
636 163 25.4453
637 163 25.4453
456 164 31.2989
491 164 31.2989
497 164 31.2989
581 164 27.137
630 164 25.4453
637 164 25.4453
491 165 31.2989
497 165 31.2989
630 165 25.4453
637 165 25.4453
491 166 31.2989
497 166 31.2989
581 166 27.137
600 166 20.3666
630 166 25.4453
637 166 25.4453
383 167 25.4453
456 167 31.2989
491 167 31.2989
497 167 31.2989
535 167 29.0698
536 167 29.0698
630 167 25.4453
636 167 25.4453
637 167 25.4453
491 168 31.2989
497 168 31.2989
498 168 31.2989
581 168 27.137
584 168 29.0698
591 168 20.3666
630 168 25.4453
637 168 25.4453
491 169 31.2989
497 169 31.2989
498 169 31.2989
584 169 29.0698
590 169 20.3666
591 169 20.3666
491 170 31.2989
497 170 31.2989
498 170 31.2989
601 170 20.3666
382 171 27.137
497 171 31.2989
498 171 31.2989
539 171 27.137
600 171 20.3666
601 171 20.3666
602 171 20.3666
382 172 27.137
497 172 31.2989
538 172 27.137
539 172 27.137
592 172 20.3666
593 172 20.3666
601 172 20.3666
602 172 20.3666
636 172 25.4453
637 172 25.4453
382 173 27.137
497 173 31.2989
538 173 27.137
539 173 27.137
591 173 20.3666
592 173 20.3666
593 173 20.3666
602 173 20.3666
630 173 25.4453
275 174 31.2989
382 174 27.137
497 174 31.2989
498 174 31.2989
591 174 20.3666
592 174 20.3666
601 174 20.3666
602 174 20.3666
630 174 25.4453
438 175 50.7614
439 175 50.7614
443 175 50.7614
444 175 50.7614
445 175 50.7614
497 175 31.2989
630 175 25.4453
631 175 25.4453
382 176 27.137
433 176 31.2989
437 176 50.7614
438 176 50.7614
439 176 50.7614
581 176 27.137
582 176 27.137
593 176 20.3666
630 176 25.4453
579 177 27.137
581 177 27.137
582 177 27.137
592 177 20.3666
593 177 20.3666
630 177 25.4453
456 178 31.2989
581 178 27.137
582 178 27.137
630 178 25.4453
582 179 27.137
630 179 25.4453
637 179 23.9521
323 180 40.6504
324 180 36.9686
326 180 36.9686
382 180 25.4453
433 180 31.2989
533 180 33.8983
535 180 29.0698
536 180 29.0698
537 180 29.0698
630 180 25.4453
637 180 25.4453
533 181 33.8983
535 181 29.0698
536 181 29.0698
582 181 27.137
630 181 25.4453
637 181 25.4453
494 182 29.0698
536 182 29.0698
582 182 27.137
591 182 21.4362
630 182 25.4453
637 182 25.4453
494 183 29.0698
495 183 29.0698
536 183 29.0698
582 183 27.137
590 183 21.4362
591 183 21.4362
630 183 25.4453
637 183 25.4453
381 184 27.137
494 184 29.0698
536 184 29.0698
582 184 27.137
590 184 21.4362
602 184 20.3666
630 184 25.4453
631 184 25.4453
637 184 25.4453
381 185 27.137
456 185 31.2989
536 185 29.0698
630 185 25.4453
637 185 25.4453
381 186 27.137
432 186 31.2989
433 186 31.2989
456 186 31.2989
457 186 31.2989
494 186 31.2989
533 186 33.8983
536 186 29.0698
582 186 27.137
592 186 20.3666
593 186 20.3666
601 186 20.3666
630 186 25.4453
637 186 25.4453
432 187 31.2989
433 187 31.2989
494 187 31.2989
593 187 20.3666
601 187 20.3666
630 187 25.4453
637 187 25.4453
456 188 31.2989
457 188 31.2989
536 188 29.0698
593 188 20.3666
630 188 25.4453
637 188 25.4453
432 189 33.8983
433 189 33.8983
456 189 31.2989
582 189 27.137
630 189 25.4453
637 189 25.4453
457 190 31.2989
582 190 27.137
630 190 25.4453
637 190 25.4453
382 191 25.4453
582 191 27.137
630 191 25.4453
631 191 25.4453
637 191 27.137
582 192 27.137
637 192 27.137
115 193 17.7148
456 193 33.8983
457 193 33.8983
495 193 29.0698
536 193 29.0698
582 193 27.137
592 193 20.3666
637 193 27.137
494 194 29.0698
495 194 29.0698
536 194 29.0698
582 194 27.137
592 194 20.3666
432 195 31.2989
433 195 31.2989
494 195 29.0698
495 195 29.0698
536 195 29.0698
582 195 27.137
591 195 20.3666
592 195 20.3666
382 196 25.4453
591 196 20.3666
592 196 20.3666
382 197 25.4453
433 197 31.2989
536 197 29.0698
582 197 27.137
592 197 20.3666
457 198 31.2989
494 198 31.2989
495 198 31.2989
582 198 27.137
637 198 25.4453
119 199 17.7148
457 199 31.2989
536 199 29.0698
582 199 27.137
592 199 20.3666
631 199 25.4453
637 199 25.4453
119 200 17.7148
582 200 27.137
631 200 25.4453
637 200 25.4453
457 201 31.2989
495 201 29.0698
536 201 29.0698
582 201 27.137
590 201 20.3666
631 201 25.4453
637 201 25.4453
433 202 31.2989
457 202 31.2989
495 202 29.0698
582 202 27.137
631 202 25.4453
456 203 31.2989
457 203 31.2989
495 203 29.0698
536 203 29.0698
537 203 29.0698
582 203 27.137
631 203 25.4453
457 204 31.2989
495 204 29.0698
582 204 27.137
603 204 20.3666
631 204 25.4453
457 205 31.2989
495 205 29.0698
536 205 29.0698
592 205 20.3666
603 205 20.3666
631 205 25.4453
457 206 31.2989
582 206 27.137
592 206 20.3666
631 206 25.4453
432 207 31.2989
433 207 31.2989
457 207 31.2989
495 207 29.0698
536 207 29.0698
582 207 27.137
432 208 31.2989
433 208 31.2989
457 208 31.2989
495 208 29.0698
536 208 29.0698
537 208 29.0698
582 208 27.137
637 208 25.4453
433 209 31.2989
457 209 31.2989
495 209 29.0698
536 209 29.0698
592 209 20.3666
593 209 20.3666
594 209 20.3666
603 209 20.3666
637 209 25.4453
457 210 31.2989
492 210 36.9686
495 210 29.0698
591 210 21.4362
592 210 20.3666
593 210 20.3666
594 210 20.3666
603 210 20.3666
604 210 20.3666
433 211 31.2989
457 211 31.2989
592 211 20.3666
593 211 20.3666
594 211 20.3666
603 211 20.3666
383 213 25.4453
453 213 31.2989
582 213 27.137
583 213 27.137
631 213 25.4453
433 214 33.8983
453 214 31.2989
536 214 29.0698
537 214 29.0698
582 214 27.137
583 214 27.137
631 214 25.4453
453 215 31.2989
492 215 36.9686
495 215 29.0698
528 215 31.2989
536 215 27.137
537 215 29.0698
582 215 27.137
631 215 25.4453
394 216 33.8983
453 216 31.2989
457 216 31.2989
492 216 36.9686
495 216 29.0698
528 216 31.2989
582 216 27.137
583 216 27.137
631 216 25.4453
394 217 33.8983
452 217 31.2989
453 217 31.2989
456 217 31.2989
457 217 31.2989
492 217 36.9686
495 217 29.0698
525 217 31.2989
534 217 27.137
540 217 27.137
631 217 25.4453
457 218 31.2989
495 218 29.0698
534 218 27.137
540 218 27.137
603 218 20.3666
631 218 25.4453
469 219 27.137
473 219 22.6244
474 219 22.6244
534 219 27.137
603 219 20.3666
631 219 25.4453
637 219 25.4453
472 220 22.6244
473 220 22.6244
474 220 22.6244
534 220 27.137
586 220 25.4453
602 220 20.3666
603 220 20.3666
604 220 20.3666
626 220 27.137
631 220 25.4453
632 220 25.4453
534 221 27.137
537 221 27.137
540 221 27.137
626 221 27.137
631 221 25.4453
345 222 23.9521
534 222 27.137
577 222 29.0698
626 222 27.137
631 222 25.4453
476 223 21.4362
477 223 21.4362
478 223 21.4362
555 223 29.0698
556 223 29.0698
577 223 29.0698
586 223 25.4453
626 223 27.137
631 223 25.4453
475 224 21.4362
476 224 21.4362
477 224 21.4362
487 224 22.6244
488 224 22.6244
577 224 29.0698
585 224 25.4453
586 224 25.4453
626 224 27.137
629 224 25.4453
631 224 25.4453
632 224 25.4453
637 224 25.4453
475 225 21.4362
476 225 21.4362
477 225 21.4362
562 225 27.137
563 225 27.137
564 225 27.137
603 225 20.3666
631 225 25.4453
637 225 25.4453
477 226 21.4362
477 227 20.3666
478 227 20.3666
354 228 23.9521
394 228 36.9686
473 228 20.3666
478 228 20.3666
479 228 20.3666
620 228 17.7148
479 229 20.3666
480 229 20.3666
616 229 17.7148
619 229 17.7148
620 229 17.7148
621 229 17.7148
115 230 17.7148
116 230 17.7148
394 230 36.9686
419 230 22.6244
479 230 20.3666
480 230 20.3666
539 230 25.4453
616 230 17.7148
619 230 17.7148
620 230 17.7148
115 231 17.7148
116 231 17.7148
121 231 17.7148
354 231 23.9521
434 231 21.4362
480 231 20.3666
481 231 20.3666
615 231 17.7148
619 231 17.7148
115 232 17.7148
354 232 23.9521
415 232 22.6244
423 232 22.6244
480 232 20.3666
481 232 20.3666
482 232 20.3666
619 232 18.5185
116 233 17.7148
351 233 31.2989
413 233 22.6244
415 233 22.6244
416 233 22.6244
614 233 17.7148
618 233 17.7148
619 233 17.7148
116 234 17.7148
313 234 27.137
540 234 29.0698
561 234 29.0698
613 234 17.7148
614 234 17.7148
618 234 17.7148
619 234 17.7148
115 235 17.7148
477 235 29.0698
482 235 20.3666
483 235 20.3666
534 235 29.0698
539 235 29.0698
540 235 29.0698
613 235 17.7148
618 235 17.7148
115 236 17.7148
116 236 17.7148
481 236 20.3666
482 236 20.3666
485 236 19.3986
534 236 29.0698
539 236 29.0698
540 236 29.0698
612 236 17.7148
613 236 17.7148
618 236 17.7148
482 237 20.3666
498 237 31.2989
534 237 29.0698
540 237 29.0698
588 237 17.7148
612 237 17.7148
617 237 17.7148
618 237 17.7148
619 237 17.7148
115 238 17.7148
493 238 21.4362
498 238 31.2989
540 238 29.0698
587 238 17.7148
588 238 17.7148
589 238 17.7148
611 238 17.7148
612 238 17.7148
617 238 17.7148
618 238 17.7148
115 239 17.7148
116 239 17.7148
494 239 21.4362
540 239 29.0698
575 239 20.3666
576 239 20.3666
577 239 20.3666
588 239 17.7148
611 239 17.7148
618 239 17.7148
116 240 17.7148
540 240 29.0698
582 240 18.5185
583 240 18.5185
584 240 17.7148
116 241 17.7148
529 241 31.2989
540 241 29.0698
583 241 18.5185
584 241 17.7148
585 241 17.7148
586 241 17.7148
389 242 22.6244
494 242 27.137
529 242 31.2989
530 242 31.2989
534 242 29.0698
585 242 17.7148
586 242 17.7148
388 243 22.6244
494 243 27.137
529 243 31.2989
534 243 29.0698
387 244 22.6244
388 244 22.6244
467 245 20.3666
468 245 20.3666
483 245 20.3666
484 245 20.3666
519 245 27.137
468 246 20.3666
469 246 20.3666
503 246 27.137
519 246 27.137
520 246 27.137
469 247 20.3666
470 247 20.3666
519 247 27.137
520 247 27.137
521 247 27.137
393 248 27.137
546 248 19.3986
400 249 22.6244
558 249 19.3986
559 249 18.5185
560 249 18.5185
561 249 18.5185
447 250 21.4362
465 250 21.4362
557 250 19.3986
558 250 19.3986
570 250 18.5185
571 250 18.5185
458 251 20.3666
466 251 21.4362
495 251 21.4362
555 251 19.3986
556 251 19.3986
557 251 19.3986
571 251 18.5185
572 251 18.5185
398 252 22.6244
454 252 21.4362
466 252 21.4362
495 252 21.4362
496 252 21.4362
554 252 19.3986
555 252 19.3986
556 252 19.3986
572 252 17.7148
573 252 17.7148
462 253 27.137
463 253 27.137
466 253 21.4362
495 253 21.4362
496 253 21.4362
554 253 19.3986
555 253 19.3986
573 253 17.7148
574 253 17.7148
400 254 22.6244
454 254 20.3666
462 254 25.4453
463 254 25.4453
466 254 21.4362
543 254 19.3986
554 254 19.3986
555 254 19.3986
574 254 17.7148
390 255 57.971
399 255 22.6244
400 255 22.6244
454 255 20.3666
466 255 21.4362
562 255 18.5185
563 255 18.5185
574 255 18.5185
575 255 18.5185
399 256 22.6244
408 256 23.9521
421 256 23.9521
454 256 20.3666
462 256 25.4453
465 256 21.4362
466 256 21.4362
553 256 19.3986
554 256 19.3986
561 256 18.5185
566 256 19.3986
567 256 19.3986
398 257 22.6244
408 257 23.9521
409 257 23.9521
454 257 20.3666
465 257 21.4362
466 257 21.4362
485 257 22.6244
486 257 22.6244
553 257 19.3986
554 257 19.3986
561 257 18.5185
562 257 18.5185
566 257 19.3986
567 257 19.3986
575 257 18.5185
455 258 20.3666
464 258 21.4362
465 258 21.4362
466 258 21.4362
553 258 19.3986
554 258 19.3986
571 258 18.5185
575 258 18.5185
576 258 18.5185
456 259 20.3666
463 259 21.4362
464 259 21.4362
465 259 21.4362
479 259 22.6244
484 259 22.6244
485 259 22.6244
557 259 19.3986
558 259 19.3986
569 259 18.5185
570 259 18.5185
571 259 18.5185
572 259 18.5185
575 259 18.5185
576 259 18.5185
577 259 18.5185
460 260 23.9521
461 260 22.6244
462 260 22.6244
463 260 22.6244
464 260 21.4362
557 260 18.5185
558 260 18.5185
570 260 18.5185
571 260 18.5185
572 260 18.5185
575 260 18.5185
576 260 18.5185
461 261 22.6244
558 262 18.5185
561 262 19.3986
567 262 19.3986
568 262 19.3986
558 263 18.5185
559 264 18.5185
562 264 19.3986
563 264 19.3986
568 264 19.3986
569 264 19.3986
570 264 18.5185
560 265 18.5185
567 265 19.3986
568 265 19.3986
569 265 19.3986
570 265 19.3986
566 266 20.3666
567 266 19.3986
30 267 17.7148
76 269 16.9779
151 271 16.9779
135 272 16.9779
166 276 15.674
168 277 15.0943
170 279 14.556
171 280 14.556
171 281 14.556
171 282 14.0548
479 292 11.9904
549 292 11.6482
598 292 11.6482
599 292 11.6482
574 296 10.7296
575 296 10.7296
576 296 10.7296
619 301 10.1937
620 301 10.1937
516 302 10.1937
608 302 10.7296
609 302 10.7296
610 302 10.4548
611 302 10.4548
612 302 10.4548
600 303 10.4548
601 303 10.1937
602 303 10.1937
603 303 9.9453
604 303 9.9453
602 304 10.1937
603 304 9.9453
604 304 9.9453
154 306 10.1937
155 306 10.1937
534 306 10.7296
535 307 10.7296
153 309 9.70874
637 311 9.9453
120 313 9.70874
122 313 9.70874
123 313 9.70874
124 313 9.70874
127 313 9.70874
128 313 9.70874
129 313 9.70874
131 313 9.9453
132 313 9.9453
133 313 9.9453
135 313 9.9453
136 313 9.9453
137 313 9.9453
138 313 9.9453
142 313 10.1937
143 313 10.1937
144 313 10.1937
146 314 9.26784
147 314 9.06207
148 314 9.06207
22 316 9.48317
28 317 9.26784
33 318 9.06207
34 318 9.06207
144 318 8.86525
145 318 8.86525
38 319 8.86525
39 319 9.06207
40 319 9.06207
41 319 9.06207
42 319 9.06207
44 320 8.86525
45 320 8.86525
110 322 9.06207
111 322 9.06207
112 322 9.06207
113 322 9.06207
114 322 9.06207
119 322 8.49618
118 323 9.26784
121 323 8.49618
122 323 8.49618
123 323 8.49618
124 323 8.49618
125 323 8.49618
126 323 8.49618
127 323 8.49618
128 323 8.67679
129 323 8.67679
130 323 8.67679
131 323 8.86525
132 323 8.86525
133 323 8.86525
134 323 8.86525
135 323 8.86525
136 323 8.86525
137 323 8.67679
137 324 8.67679
138 324 8.67679
88 326 8.32293
89 326 8.49618
90 326 8.49618
91 326 8.67679
92 326 8.67679
94 327 8.32293
95 327 8.32293
96 327 8.32293
97 327 8.32293
101 328 8.15661
102 328 8.32293
103 328 8.32293
104 328 8.32293
610 328 8.67679
611 328 8.49618
612 328 8.32293
613 328 8.15661
614 328 8.15661
615 328 7.9968
107 329 8.15661
108 329 8.15661
109 329 8.15661
612 329 8.32293
613 329 8.15661
614 329 8.15661
615 329 7.9968
616 329 7.84314
617 329 7.84314
618 329 7.69527
619 329 7.69527
620 329 7.69527
621 329 7.55287
116 330 7.9968
117 330 7.9968
118 330 7.9968
35 333 7.69527
36 334 7.69527
125 336 7.69527
126 336 7.69527
100 343 7.41565
102 343 7.41565
112 344 7.03235
115 344 7.03235
116 344 7.03235
117 344 7.03235
118 344 7.03235
119 344 7.03235
39 346 7.03235
17 347 7.28332
18 347 7.28332
44 347 7.03235
45 347 7.03235
46 347 7.03235
47 347 7.03235
21 348 7.03235
22 348 7.15564
23 348 7.15564
24 348 7.15564
25 348 7.15564
26 348 7.15564
50 348 6.7981
115 348 6.7981
26 349 7.15564
27 349 7.03235
28 349 7.03235
29 349 7.03235
30 349 7.03235
31 349 7.03235
32 350 6.91324
33 350 6.91324
34 350 6.91324
35 350 6.91324
36 350 6.91324
62 350 6.7981
63 350 6.7981
36 351 6.91324
37 351 6.7981
38 351 6.7981
39 351 6.7981
40 351 6.7981
41 351 6.7981
42 351 6.68673
69 351 6.7981
70 351 6.91324
71 351 6.91324
72 351 6.91324
41 352 6.7981
42 352 6.68673
43 352 6.68673
44 352 6.68673
45 352 6.68673
46 352 6.68673
50 352 7.03235
51 352 7.03235
74 352 6.68673
75 352 6.68673
76 352 6.68673
47 353 6.57895
48 353 6.57895
49 353 6.57895
53 353 6.7981
54 353 6.68673
55 353 6.68673
56 353 6.57895
79 353 6.57895
80 353 6.57895
81 353 6.57895
102 353 6.68673
103 353 6.68673
104 353 6.68673
105 353 6.68673
106 353 6.68673
108 353 6.68673
56 354 6.57895
57 354 6.68673
58 354 6.68673
59 354 6.57895
60 354 6.57895
61 354 6.57895
85 354 6.57895
86 354 6.57895
87 354 6.57895
109 354 6.47459
110 354 6.47459
61 355 6.57895
62 355 6.57895
63 355 6.57895
64 355 6.57895
65 355 6.57895
66 355 6.47459
91 355 6.47459
94 355 6.68673
65 356 6.57895
66 356 6.47459
67 356 6.47459
68 356 6.57895
69 356 6.57895
70 356 6.57895
71 356 6.57895
100 356 6.57895
101 356 6.57895
103 356 6.68673
71 357 6.57895
72 357 6.47459
73 357 6.47459
74 357 6.47459
75 357 6.47459
76 357 6.47459
77 357 6.57895
106 357 6.37349
107 357 6.37349
108 357 6.37349
554 357 6.08828
78 358 6.57895
555 359 6.08828
556 359 5.9988
557 359 6.08828
558 359 5.9988
93 360 6.37349
97 360 6.27549
100 360 6.27549
84 361 6.37349
85 361 6.57895
86 361 6.57895
87 361 6.57895
88 361 6.57895
89 361 6.47459
90 361 6.47459
91 361 6.47459
92 361 6.37349
93 361 6.37349
94 361 6.37349
95 361 6.37349
96 361 6.27549
97 361 6.27549
74 362 6.57895
75 362 6.57895
76 362 6.57895
77 362 6.57895
78 362 6.47459
79 362 6.47459
80 362 6.47459
81 362 6.37349
82 362 6.37349
83 362 6.37349
84 362 6.37349
85 362 6.57895
87 362 6.57895
65 363 6.27549
67 363 6.47459
68 363 6.47459
69 363 6.47459
70 363 6.47459
71 363 6.37349
72 363 6.37349
73 363 6.37349
54 364 6.27549
55 364 6.47459
57 364 6.37349
58 364 6.37349
59 364 6.37349
60 364 6.37349
62 364 6.37349
63 364 6.37349
65 364 6.27549
66 364 6.18047
67 364 6.47459
68 364 6.47459
44 365 6.27549
47 365 6.18047
50 365 6.27549
51 365 6.37349
52 365 6.37349
54 365 6.27549
55 365 6.47459
56 365 6.47459
59 365 6.37349
60 365 6.37349
31 366 6.27549
32 366 6.27549
35 366 6.37349
36 366 6.47459
37 366 6.37349
39 366 6.37349
40 366 6.27549
41 366 6.27549
42 366 6.27549
43 366 6.27549
44 366 6.27549
45 366 6.18047
46 366 6.18047
47 366 6.18047
48 366 6.18047
49 366 6.37349
29 367 6.27549
30 367 6.27549
31 367 6.27549
32 367 6.27549
33 367 6.27549
34 367 6.47459
39 367 6.37349
14 371 5.91191
15 371 5.91191
14 372 5.91191
15 372 5.91191
20 372 5.74548
14 373 5.91191
78 381 5.43922
79 381 5.66572
81 381 5.66572
84 381 5.58815
85 381 5.58815
86 381 5.51268
87 381 5.51268
88 381 5.43922
89 381 5.43922
90 381 5.43922
75 382 5.43922
76 382 5.43922
77 382 5.43922
78 382 5.43922
71 385 5.29801
69 387 5.29801
68 388 5.29801
67 389 5.23013
65 390 5.23013
66 390 5.16396
65 391 5.23013
59 396 4.97512
53 402 4.79962
337 402 4.63607
50 405 4.68933
51 405 4.68933
63 409 4.584
31 422 4.38693
31 423 4.34028
41 423 4.38693
49 423 4.24989
30 424 4.34028
31 424 4.34028
32 424 4.34028
34 424 4.43459
39 424 4.38693
43 424 4.34028
44 424 4.29461
30 425 4.29461
31 425 4.29461
40 425 4.38693
44 425 4.29461
31 426 4.29461
