175 3 50.7614
335 3 36.9686
395 3 23.9521
522 3 27.137
175 4 50.7614
335 4 36.9686
626 4 20.3666
627 4 18.5185
632 4 17.7148
163 5 50.7614
163 6 50.7614
239 6 40.6504
481 6 29.0698
522 6 27.137
622 6 23.9521
623 6 23.9521
624 6 22.6244
632 6 17.7148
104 7 15.674
479 7 29.0698
480 7 29.0698
569 7 25.4453
621 7 23.9521
622 7 23.9521
631 7 18.5185
632 7 18.5185
104 8 15.674
292 8 31.2989
293 8 31.2989
399 8 23.9521
479 8 29.0698
480 8 29.0698
626 8 17.7148
630 8 18.5185
631 8 18.5185
632 8 18.5185
104 9 15.674
293 9 31.2989
335 9 33.8983
391 9 23.9521
392 9 23.9521
421 9 23.9521
476 9 36.9686
479 9 29.0698
480 9 29.0698
628 9 17.7148
630 9 18.5185
631 9 18.5185
104 10 15.674
335 10 36.9686
336 10 36.9686
392 10 23.9521
403 10 23.9521
421 10 23.9521
476 10 36.9686
480 10 29.0698
569 10 25.4453
621 10 25.4453
627 10 17.7148
628 10 17.7148
104 11 15.674
335 11 36.9686
336 11 36.9686
479 11 29.0698
480 11 29.0698
569 11 25.4453
620 11 25.4453
621 11 25.4453
623 11 25.4453
629 11 18.5185
633 11 18.5185
104 12 15.674
163 12 50.7614
336 12 36.9686
628 12 17.7148
629 12 17.7148
632 12 17.7148
633 12 17.7148
104 13 15.674
163 13 50.7614
294 13 29.0698
295 13 29.0698
480 13 29.0698
569 13 25.4453
104 14 15.674
163 14 50.7614
295 14 29.0698
296 14 29.0698
396 14 23.9521
622 14 23.9521
104 15 15.674
163 15 50.7614
295 15 29.0698
296 15 29.0698
480 15 29.0698
627 15 17.7148
104 16 15.674
390 16 23.9521
391 16 23.9521
419 16 23.9521
453 16 29.0698
454 16 29.0698
480 16 29.0698
626 16 18.5185
104 17 15.674
163 17 50.7614
401 17 23.9521
453 17 29.0698
454 17 29.0698
480 17 29.0698
626 17 18.5185
627 17 18.5185
628 17 18.5185
630 17 16.9779
104 18 15.674
163 18 57.971
395 18 23.9521
480 18 29.0698
625 18 18.5185
626 18 18.5185
627 18 18.5185
628 18 18.5185
104 19 15.674
395 19 23.9521
480 19 29.0698
569 19 25.4453
570 19 25.4453
622 19 23.9521
627 19 18.5185
104 20 15.674
195 20 36.9686
196 20 36.9686
396 20 23.9521
397 20 23.9521
423 20 23.9521
480 20 29.0698
569 20 25.4453
622 20 23.9521
626 20 18.5185
627 20 18.5185
104 21 15.674
196 21 36.9686
480 21 29.0698
569 21 25.4453
622 21 23.9521
626 21 18.5185
104 22 15.674
294 22 29.0698
480 22 29.0698
569 22 25.4453
628 22 18.5185
630 22 18.5185
104 23 15.674
294 23 29.0698
298 23 22.6244
394 23 22.6244
569 23 25.4453
622 23 23.9521
623 23 23.9521
104 24 15.674
294 24 29.0698
295 24 29.0698
394 24 22.6244
395 24 22.6244
398 24 23.9521
407 24 22.6244
569 24 25.4453
622 24 23.9521
628 24 18.5185
629 24 18.5185
104 25 15.674
569 25 25.4453
570 25 25.4453
622 25 23.9521
625 25 18.5185
104 26 15.674
424 26 23.9521
569 26 27.137
570 26 27.137
622 26 23.9521
104 27 15.674
394 27 23.9521
424 27 23.9521
569 27 27.137
570 27 27.137
622 27 23.9521
627 27 17.7148
628 27 18.5185
636 27 16.9779
104 28 15.674
318 28 27.137
394 28 23.9521
569 28 27.137
622 28 23.9521
633 28 17.7148
634 28 17.7148
635 28 17.7148
104 29 15.674
296 29 29.0698
393 29 23.9521
632 29 17.7148
633 29 17.7148
634 29 17.7148
104 30 15.674
625 30 17.7148
628 30 18.5185
629 30 18.5185
104 31 15.674
297 31 29.0698
423 31 23.9521
522 31 27.137
523 31 27.137
569 31 27.137
570 31 27.137
623 31 17.7148
423 32 23.9521
424 32 23.9521
520 32 29.0698
522 32 27.137
523 32 27.137
625 32 17.7148
291 33 29.0698
396 33 22.6244
423 33 23.9521
424 33 23.9521
523 33 27.137
569 33 27.137
570 33 27.137
626 33 17.7148
627 33 17.7148
291 34 29.0698
292 34 29.0698
522 34 27.137
523 34 27.137
624 34 17.7148
625 34 17.7148
626 34 17.7148
631 34 17.7148
632 34 17.7148
292 35 29.0698
293 35 29.0698
315 35 27.137
480 35 29.0698
520 35 33.8983
523 35 27.137
630 35 17.7148
631 35 17.7148
193 36 31.2989
292 36 29.0698
389 36 23.9521
390 36 23.9521
393 36 23.9521
523 36 27.137
630 36 17.7148
239 37 45.1467
426 37 23.9521
570 37 25.4453
626 37 18.5185
627 37 18.5185
105 38 15.674
402 38 25.4453
404 38 25.4453
453 38 29.0698
454 38 29.0698
523 38 27.137
621 38 25.4453
626 38 18.5185
195 39 36.9686
390 39 23.9521
391 39 23.9521
421 39 22.6244
454 39 29.0698
523 39 27.137
621 39 25.4453
633 39 17.7148
105 40 15.674
629 40 20.3666
630 40 20.3666
105 41 15.674
480 41 29.0698
481 41 29.0698
629 41 20.3666
105 42 15.674
214 42 33.8983
300 42 27.137
393 42 23.9521
480 42 27.137
481 42 27.137
570 42 25.4453
632 42 17.7148
634 42 17.7148
635 42 17.7148
636 42 16.9779
105 43 15.674
214 43 33.8983
395 43 23.9521
570 43 25.4453
622 43 18.5185
623 43 18.5185
634 43 17.7148
635 43 17.7148
105 44 15.674
393 44 23.9521
394 44 23.9521
395 44 23.9521
396 44 23.9521
476 44 40.6504
481 44 27.137
619 44 20.3666
620 44 19.3986
621 44 18.5185
622 44 18.5185
623 44 18.5185
624 44 17.7148
634 44 17.7148
105 45 15.674
120 45 80.9717
481 45 27.137
526 45 29.0698
622 45 18.5185
623 45 18.5185
105 46 15.674
119 46 80.9717
120 46 80.9717
526 46 29.0698
623 46 18.5185
624 46 18.5185
635 46 17.7148
636 46 17.7148
287 47 29.0698
481 47 29.0698
520 47 45.1467
526 47 29.0698
527 47 29.0698
570 47 25.4453
623 47 18.5185
635 47 17.7148
636 47 17.7148
192 48 33.8983
424 48 23.9521
425 48 23.9521
481 48 29.0698
527 48 29.0698
622 48 18.5185
623 48 18.5185
192 49 33.8983
193 49 33.8983
393 49 23.9521
394 49 23.9521
398 49 23.9521
401 49 23.9521
404 49 23.9521
480 49 29.0698
481 49 29.0698
526 49 27.137
527 49 27.137
570 49 25.4453
193 50 33.8983
288 50 29.0698
342 50 33.8983
390 50 31.2989
393 50 23.9521
394 50 23.9521
404 50 23.9521
481 50 29.0698
526 50 27.137
527 50 27.137
570 50 25.4453
193 51 33.8983
289 51 29.0698
343 51 33.8983
390 51 31.2989
394 51 23.9521
480 51 29.0698
481 51 29.0698
570 51 25.4453
105 52 15.674
193 52 33.8983
289 52 29.0698
290 52 29.0698
481 52 29.0698
570 52 25.4453
289 53 29.0698
290 53 29.0698
291 53 29.0698
397 53 23.9521
398 53 23.9521
481 53 29.0698
526 53 27.137
527 53 27.137
619 53 18.5185
397 54 23.9521
398 54 23.9521
410 54 23.9521
411 54 23.9521
526 54 27.137
527 54 27.137
632 54 17.7148
317 55 27.137
398 55 23.9521
410 55 23.9521
411 55 23.9521
481 55 29.0698
527 55 27.137
631 55 17.7148
290 56 33.8983
393 56 36.9686
416 56 23.9521
481 56 29.0698
520 56 50.7614
526 56 27.137
527 56 27.137
619 56 18.5185
620 56 18.5185
621 56 18.5185
336 57 36.9686
393 57 36.9686
398 57 23.9521
399 57 23.9521
481 57 29.0698
526 57 27.137
527 57 27.137
571 57 25.4453
620 57 18.5185
621 57 18.5185
336 58 36.9686
399 58 23.9521
400 58 23.9521
481 58 29.0698
520 58 50.7614
527 58 29.0698
567 58 29.0698
569 58 25.4453
570 58 25.4453
571 58 25.4453
620 58 18.5185
189 59 36.9686
190 59 36.9686
193 59 25.4453
335 59 36.9686
336 59 36.9686
425 59 23.9521
526 59 29.0698
567 59 29.0698
569 59 25.4453
570 59 25.4453
620 59 18.5185
621 59 18.5185
622 59 18.5185
628 59 17.7148
633 59 18.5185
454 60 29.0698
455 60 29.0698
481 60 29.0698
570 60 25.4453
621 60 18.5185
622 60 18.5185
392 61 23.9521
481 61 29.0698
536 61 29.0698
570 61 25.4453
621 61 18.5185
622 61 18.5185
637 61 17.7148
481 62 29.0698
570 62 25.4453
288 63 29.0698
289 63 29.0698
294 63 21.4362
289 64 29.0698
294 64 21.4362
336 64 36.9686
426 64 23.9521
481 64 29.0698
570 64 25.4453
289 65 29.0698
290 65 29.0698
294 65 21.4362
336 65 36.9686
337 65 36.9686
390 65 27.137
391 65 27.137
481 65 29.0698
570 65 25.4453
190 66 40.6504
192 66 33.8983
290 66 29.0698
332 66 134.228
336 66 36.9686
337 66 36.9686
338 66 36.9686
624 66 17.7148
625 66 17.7148
136 67 40.6504
193 67 33.8983
290 67 31.2989
330 67 134.228
425 67 22.6244
523 67 27.137
524 67 27.137
570 67 27.137
623 67 18.5185
624 67 17.7148
625 67 17.7148
626 67 17.7148
136 68 40.6504
194 68 33.8983
521 68 29.0698
523 68 27.137
524 68 27.137
570 68 27.137
623 68 18.5185
624 68 17.7148
626 68 17.7148
481 69 29.0698
520 69 33.8983
523 69 29.0698
524 69 27.137
292 70 29.0698
481 70 29.0698
523 70 29.0698
524 70 29.0698
570 70 27.137
618 70 18.5185
619 70 18.5185
398 71 23.9521
399 71 23.9521
409 71 22.6244
523 71 29.0698
570 71 27.137
619 71 18.5185
620 71 18.5185
621 71 18.5185
390 72 23.9521
524 72 29.0698
620 72 18.5185
621 72 18.5185
622 72 18.5185
630 72 17.7148
386 73 31.2989
390 73 23.9521
417 73 31.2989
520 73 36.9686
620 73 18.5185
621 73 18.5185
626 73 19.3986
627 73 19.3986
628 73 18.5185
215 74 31.2989
455 74 29.0698
624 74 19.3986
625 74 19.3986
626 74 19.3986
627 74 19.3986
424 75 23.9521
481 75 29.0698
482 75 29.0698
570 75 27.137
424 76 23.9521
480 76 29.0698
481 76 29.0698
482 76 29.0698
527 76 27.137
570 76 27.137
571 76 27.137
193 77 31.2989
194 77 31.2989
477 77 40.6504
481 77 29.0698
524 77 27.137
570 77 27.137
194 78 31.2989
383 78 25.4453
384 78 23.9521
386 78 23.9521
405 78 22.6244
481 78 29.0698
616 78 18.5185
384 79 23.9521
386 79 23.9521
392 79 16.2999
481 79 29.0698
571 79 25.4453
616 79 18.5185
630 79 18.5185
631 79 18.5185
385 80 23.9521
388 80 21.4362
481 80 29.0698
482 80 29.0698
571 80 25.4453
616 80 18.5185
617 80 18.5185
620 80 17.7148
621 80 17.7148
74 81 67.5676
75 81 67.5676
385 81 23.9521
477 81 40.6504
481 81 29.0698
482 81 29.0698
527 81 27.137
620 81 17.7148
633 81 17.7148
75 82 67.5676
240 82 45.1467
282 82 29.0698
385 82 23.9521
454 82 29.0698
455 82 29.0698
481 82 29.0698
571 82 25.4453
626 82 17.7148
635 82 17.7148
75 83 67.5676
240 83 45.1467
287 83 29.0698
455 83 29.0698
481 83 29.0698
482 83 29.0698
555 83 200
571 83 25.4453
625 83 17.7148
626 83 17.7148
635 83 17.7148
454 84 29.0698
455 84 29.0698
524 84 27.137
571 84 25.4453
618 84 18.5185
422 85 22.6244
482 85 27.137
617 85 18.5185
618 85 18.5185
524 86 27.137
617 86 18.5185
618 86 18.5185
284 87 29.0698
455 87 29.0698
477 87 40.6504
521 87 33.8983
617 87 18.5185
618 87 18.5185
284 88 29.0698
382 88 31.2989
385 88 23.9521
386 88 23.9521
455 88 29.0698
482 88 27.137
527 88 29.0698
528 88 29.0698
634 88 17.7148
313 89 29.0698
382 89 31.2989
386 89 23.9521
419 89 27.137
420 89 27.137
527 89 29.0698
556 89 101.01
619 89 18.5185
620 89 18.5185
527 90 29.0698
528 90 29.0698
571 90 25.4453
619 90 18.5185
278 91 29.0698
455 91 29.0698
527 91 29.0698
528 91 29.0698
33 92 50.7614
279 92 29.0698
284 92 19.3986
398 92 23.9521
527 92 27.137
528 92 27.137
619 92 18.5185
620 92 18.5185
108 93 57.971
279 93 29.0698
398 93 23.9521
482 93 29.0698
621 93 18.5185
71 94 45.1467
279 94 29.0698
422 94 23.9521
423 94 23.9521
477 94 40.6504
482 94 29.0698
528 94 27.137
621 94 18.5185
279 95 29.0698
280 95 29.0698
382 95 23.9521
383 95 23.9521
391 95 23.9521
422 95 23.9521
482 95 29.0698
527 95 27.137
528 95 27.137
621 95 18.5185
622 95 18.5185
383 96 23.9521
455 96 31.2989
482 96 29.0698
524 96 33.8983
527 96 27.137
528 96 27.137
568 96 29.0698
570 96 27.137
571 96 25.4453
619 96 18.5185
635 96 17.7148
636 96 17.7148
410 97 23.9521
421 97 23.9521
455 97 31.2989
482 97 29.0698
518 97 57.971
527 97 29.0698
528 97 29.0698
573 97 25.4453
574 97 25.4453
613 97 25.4453
619 97 18.5185
634 97 17.7148
635 97 17.7148
33 98 50.7614
383 98 25.4453
384 98 25.4453
404 98 40.6504
410 98 23.9521
455 98 31.2989
482 98 29.0698
527 98 29.0698
528 98 29.0698
532 98 29.0698
573 98 25.4453
574 98 25.4453
619 98 19.3986
622 98 18.5185
623 98 18.5185
634 98 17.7148
136 99 40.6504
383 99 25.4453
420 99 23.9521
482 99 29.0698
567 99 25.4453
573 99 25.4453
574 99 25.4453
621 99 18.5185
622 99 18.5185
637 99 16.9779
282 100 29.0698
403 100 40.6504
482 100 29.0698
567 100 25.4453
573 100 25.4453
574 100 25.4453
190 101 33.8983
282 101 29.0698
383 101 29.0698
482 101 29.0698
567 101 25.4453
573 101 27.137
574 101 27.137
419 102 25.4453
420 102 25.4453
482 102 29.0698
567 102 25.4453
573 102 27.137
574 102 27.137
617 102 17.7148
623 102 18.5185
624 102 18.5185
625 102 18.5185
30 103 50.7614
482 103 29.0698
524 103 27.137
567 103 25.4453
573 103 27.137
574 103 27.137
617 103 17.7148
618 103 17.7148
30 104 50.7614
31 104 50.7614
455 104 29.0698
456 104 29.0698
482 104 29.0698
567 104 25.4453
573 104 27.137
574 104 27.137
617 104 18.5185
618 104 18.5185
31 105 50.7614
67 105 57.971
194 105 31.2989
276 105 29.0698
482 105 29.0698
527 105 27.137
573 105 27.137
574 105 27.137
31 106 50.7614
32 106 50.7614
482 106 29.0698
521 106 27.137
526 106 27.137
527 106 27.137
528 106 27.137
573 106 27.137
574 106 27.137
617 106 18.5185
618 106 18.5185
68 107 57.971
383 107 27.137
385 107 23.9521
386 107 23.9521
521 107 27.137
526 107 27.137
527 107 27.137
528 107 27.137
573 107 27.137
574 107 27.137
617 107 19.3986
68 108 67.5676
379 108 40.6504
385 108 23.9521
386 108 23.9521
418 108 23.9521
419 108 23.9521
455 108 31.2989
526 108 27.137
527 108 27.137
573 108 27.137
574 108 27.137
620 108 18.5185
621 108 18.5185
627 108 18.5185
628 108 18.5185
629 108 18.5185
630 108 17.7148
385 109 23.9521
482 109 29.0698
526 109 27.137
527 109 27.137
573 109 27.137
619 109 18.5185
620 109 18.5185
621 109 18.5185
626 109 19.3986
627 109 18.5185
628 109 18.5185
629 109 18.5185
630 109 17.7148
3 110 57.971
30 110 50.7614
31 110 50.7614
188 110 31.2989
277 110 29.0698
338 110 36.9686
481 110 29.0698
482 110 29.0698
521 110 27.137
526 110 27.137
527 110 27.137
573 110 27.137
619 110 18.5185
620 110 18.5185
621 110 18.5185
31 111 50.7614
189 111 31.2989
337 111 36.9686
481 111 29.0698
482 111 29.0698
521 111 27.137
526 111 29.0698
527 111 29.0698
528 111 29.0698
573 111 27.137
574 111 27.137
575 111 27.137
277 112 22.6244
337 112 36.9686
484 112 29.0698
521 112 27.137
526 112 29.0698
527 112 29.0698
573 112 25.4453
574 112 25.4453
622 112 18.5185
277 113 21.4362
336 113 36.9686
337 113 36.9686
383 113 23.9521
384 113 23.9521
484 113 29.0698
521 113 27.137
526 113 29.0698
573 113 25.4453
574 113 25.4453
621 113 18.5185
622 113 18.5185
277 114 22.6244
336 114 36.9686
337 114 36.9686
384 114 23.9521
419 114 23.9521
515 114 40.6504
521 114 27.137
526 114 29.0698
573 114 25.4453
574 114 25.4453
575 114 25.4453
615 114 18.5185
618 114 18.5185
31 115 50.7614
94 115 15.674
191 115 33.8983
192 115 33.8983
274 115 29.0698
384 115 23.9521
385 115 23.9521
484 115 29.0698
521 115 27.137
526 115 29.0698
527 115 29.0698
528 115 29.0698
573 115 27.137
574 115 27.137
93 116 15.674
94 116 15.674
193 116 33.8983
275 116 27.137
384 116 23.9521
385 116 23.9521
405 116 22.6244
484 116 29.0698
515 116 40.6504
521 116 27.137
526 116 29.0698
527 116 29.0698
528 116 29.0698
93 117 15.674
194 117 31.2989
385 117 25.4453
521 117 27.137
526 117 29.0698
527 117 29.0698
568 117 25.4453
573 117 27.137
574 117 27.137
575 117 27.137
612 117 19.3986
613 117 19.3986
614 117 18.5185
32 118 50.7614
92 118 15.674
130 118 50.7614
336 118 36.9686
337 118 36.9686
385 118 25.4453
386 118 25.4453
521 118 27.137
526 118 29.0698
527 118 29.0698
528 118 29.0698
573 118 27.137
574 118 27.137
611 118 19.3986
612 118 19.3986
613 118 19.3986
627 118 18.5185
628 118 18.5185
629 118 18.5185
630 118 17.7148
631 118 16.9779
337 119 36.9686
385 119 25.4453
484 119 31.2989
509 119 200
510 119 200
521 119 27.137
522 119 27.137
526 119 29.0698
527 119 29.0698
528 119 29.0698
574 119 27.137
575 119 27.137
623 119 23.9521
624 119 22.6244
626 119 18.5185
627 119 18.5185
628 119 18.5185
97 120 15.674
98 120 15.674
333 120 134.228
337 120 36.9686
338 120 36.9686
385 120 25.4453
423 120 23.9521
484 120 29.0698
521 120 27.137
526 120 29.0698
568 120 25.4453
573 120 27.137
574 120 27.137
575 120 27.137
627 120 18.5185
628 120 18.5185
634 120 17.7148
635 120 17.7148
97 121 15.674
273 121 29.0698
331 121 134.228
338 121 36.9686
339 121 36.9686
386 121 25.4453
423 121 23.9521
456 121 29.0698
457 121 29.0698
458 121 29.0698
521 121 27.137
522 121 27.137
527 121 29.0698
528 121 29.0698
567 121 25.4453
568 121 25.4453
573 121 27.137
574 121 27.137
613 121 19.3986
627 121 18.5185
628 121 18.5185
634 121 17.7148
97 122 15.674
331 122 134.228
386 122 25.4453
387 122 25.4453
484 122 29.0698
521 122 27.137
522 122 27.137
526 122 29.0698
527 122 29.0698
528 122 29.0698
567 122 25.4453
568 122 25.4453
573 122 27.137
574 122 27.137
575 122 27.137
627 122 18.5185
97 123 15.674
386 123 23.9521
392 123 18.5185
484 123 29.0698
521 123 27.137
526 123 29.0698
527 123 29.0698
528 123 29.0698
567 123 27.137
568 123 27.137
574 123 27.137
575 123 27.137
626 123 18.5185
627 123 18.5185
32 124 50.7614
97 124 15.674
484 124 29.0698
521 124 27.137
522 124 27.137
526 124 29.0698
527 124 29.0698
528 124 29.0698
567 124 25.4453
568 124 25.4453
573 124 27.137
574 124 27.137
575 124 27.137
626 124 18.5185
627 124 18.5185
628 124 18.5185
32 125 50.7614
275 125 29.0698
276 125 29.0698
387 125 23.9521
521 125 27.137
522 125 27.137
526 125 29.0698
527 125 29.0698
528 125 29.0698
567 125 25.4453
568 125 25.4453
574 125 27.137
575 125 27.137
626 125 18.5185
627 125 18.5185
66 126 45.1467
94 126 15.674
389 126 23.9521
455 126 29.0698
456 126 29.0698
457 126 29.0698
484 126 29.0698
512 126 33.8983
521 126 27.137
526 126 29.0698
527 126 29.0698
528 126 29.0698
568 126 25.4453
573 126 27.137
574 126 27.137
575 126 27.137
626 126 19.3986
627 126 18.5185
637 126 19.3986
94 127 15.674
386 127 29.0698
389 127 23.9521
455 127 29.0698
456 127 29.0698
457 127 29.0698
521 127 27.137
522 127 27.137
526 127 29.0698
527 127 29.0698
528 127 29.0698
568 127 25.4453
573 127 27.137
574 127 27.137
575 127 27.137
576 127 25.4453
630 127 18.5185
636 127 19.3986
637 127 19.3986
60 128 134.228
94 128 15.674
389 128 23.9521
390 128 23.9521
513 128 33.8983
521 128 27.137
528 128 29.0698
568 128 25.4453
573 128 27.137
574 128 27.137
575 128 27.137
623 128 25.4453
624 128 23.9521
274 129 27.137
383 129 40.6504
389 129 23.9521
521 129 27.137
526 129 29.0698
527 129 29.0698
528 129 29.0698
637 129 19.3986
97 130 15.0943
424 130 23.9521
521 130 27.137
522 130 27.137
526 130 29.0698
527 130 29.0698
528 130 29.0698
540 130 33.8983
636 130 21.4362
637 130 21.4362
97 131 15.0943
424 131 23.9521
521 131 27.137
522 131 27.137
526 131 29.0698
527 131 29.0698
528 131 29.0698
51 132 101.01
52 132 101.01
61 132 134.228
62 132 134.228
97 132 15.0943
189 132 33.8983
424 132 23.9521
521 132 27.137
522 132 27.137
526 132 29.0698
527 132 29.0698
528 132 29.0698
529 132 27.137
624 132 23.9521
625 132 23.9521
97 133 15.0943
275 133 29.0698
279 133 21.4362
386 133 23.9521
390 133 25.4453
412 133 22.6244
521 133 27.137
522 133 27.137
526 133 29.0698
527 133 29.0698
528 133 29.0698
529 133 27.137
530 133 27.137
624 133 23.9521
625 133 23.9521
66 134 101.01
97 134 15.0943
190 134 33.8983
275 134 29.0698
276 134 29.0698
521 134 27.137
526 134 29.0698
527 134 29.0698
568 134 31.2989
571 134 25.4453
572 134 25.4453
573 134 25.4453
624 134 23.9521
629 134 19.3986
632 134 18.5185
20 135 67.5676
30 135 50.7614
97 135 15.0943
190 135 33.8983
568 135 31.2989
571 135 25.4453
572 135 25.4453
573 135 25.4453
624 135 23.9521
625 135 23.9521
632 135 19.3986
97 136 15.0943
190 136 33.8983
386 136 23.9521
423 136 23.9521
571 136 25.4453
572 136 25.4453
624 136 23.9521
625 136 23.9521
631 136 19.3986
97 137 15.0943
108 137 15.674
484 137 31.2989
485 137 31.2989
571 137 25.4453
572 137 25.4453
624 137 23.9521
625 137 23.9521
631 137 19.3986
97 138 15.0943
108 138 15.674
484 138 31.2989
485 138 31.2989
572 138 25.4453
624 138 23.9521
625 138 23.9521
97 139 15.0943
108 139 15.674
525 139 27.137
526 139 27.137
572 139 25.4453
625 139 23.9521
97 140 15.0943
108 140 15.674
389 140 25.4453
390 140 25.4453
456 140 31.2989
479 140 29.0698
522 140 33.8983
524 140 27.137
525 140 27.137
526 140 27.137
552 140 50.7614
553 140 50.7614
569 140 25.4453
572 140 25.4453
624 140 23.9521
625 140 23.9521
97 141 15.0943
108 141 15.674
277 141 29.0698
385 141 23.9521
390 141 25.4453
391 141 25.4453
522 141 33.8983
525 141 27.137
526 141 27.137
551 141 50.7614
552 141 50.7614
553 141 50.7614
569 141 25.4453
572 141 25.4453
625 141 23.9521
23 142 80.9717
97 142 15.0943
108 142 15.674
189 142 33.8983
277 142 29.0698
278 142 29.0698
386 142 23.9521
395 142 15.0943
521 142 33.8983
522 142 33.8983
552 142 50.7614
553 142 50.7614
572 142 25.4453
625 142 23.9521
97 143 15.0943
108 143 15.674
278 143 29.0698
386 143 23.9521
387 143 23.9521
395 143 15.0943
525 143 29.0698
572 143 25.4453
625 143 23.9521
97 144 15.674
108 144 15.674
190 144 33.8983
241 144 45.1467
386 144 23.9521
387 144 23.9521
394 144 15.0943
398 144 19.3986
419 144 23.9521
420 144 23.9521
482 144 29.0698
483 144 29.0698
484 144 29.0698
525 144 29.0698
572 144 25.4453
625 144 23.9521
97 145 15.0943
108 145 15.674
414 145 33.8983
415 145 31.2989
419 145 23.9521
482 145 29.0698
483 145 29.0698
508 145 33.8983
509 145 33.8983
514 145 67.5676
515 145 67.5676
529 145 27.137
572 145 25.4453
625 145 23.9521
23 146 80.9717
478 146 40.6504
482 146 29.0698
483 146 29.0698
510 146 33.8983
528 146 27.137
529 146 27.137
624 146 23.9521
625 146 23.9521
417 147 23.9521
478 147 40.6504
483 147 29.0698
529 147 27.137
572 147 25.4453
625 147 23.9521
390 148 29.0698
392 148 25.4453
393 148 25.4453
416 148 23.9521
417 148 23.9521
455 148 31.2989
456 148 31.2989
457 148 31.2989
483 148 29.0698
511 148 33.8983
523 148 27.137
529 148 27.137
572 148 25.4453
625 148 23.9521
278 149 19.3986
404 149 23.9521
405 149 23.9521
456 149 31.2989
457 149 31.2989
483 149 29.0698
523 149 27.137
572 149 25.4453
625 149 23.9521
272 150 29.0698
278 150 19.3986
397 150 22.6244
403 150 23.9521
456 150 31.2989
483 150 29.0698
523 150 27.137
572 150 25.4453
625 150 23.9521
272 151 29.0698
273 151 29.0698
274 151 29.0698
403 151 23.9521
414 151 23.9521
456 151 31.2989
457 151 31.2989
483 151 29.0698
523 151 27.137
529 151 27.137
572 151 25.4453
624 151 23.9521
625 151 23.9521
274 152 29.0698
397 152 45.1467
403 152 25.4453
414 152 23.9521
483 152 29.0698
523 152 27.137
528 152 27.137
529 152 27.137
572 152 25.4453
625 152 23.9521
275 153 29.0698
276 153 29.0698
395 153 57.971
396 153 57.971
403 153 25.4453
404 153 25.4453
482 153 29.0698
483 153 29.0698
523 153 27.137
528 153 27.137
529 153 27.137
624 153 23.9521
625 153 23.9521
276 154 29.0698
394 154 57.971
395 154 57.971
403 154 23.9521
404 154 23.9521
482 154 29.0698
483 154 29.0698
523 154 27.137
528 154 27.137
529 154 27.137
572 154 27.137
625 154 23.9521
394 155 57.971
395 155 57.971
404 155 23.9521
405 155 23.9521
483 155 29.0698
513 155 33.8983
514 155 33.8983
523 155 27.137
529 155 27.137
572 155 27.137
625 155 23.9521
116 156 57.971
404 156 23.9521
405 156 23.9521
410 156 17.7148
411 156 17.7148
483 156 29.0698
523 156 27.137
529 156 27.137
572 156 27.137
624 156 23.9521
625 156 23.9521
399 157 36.9686
404 157 22.6244
405 157 22.6244
483 157 29.0698
523 157 27.137
572 157 27.137
625 157 23.9521
274 158 29.0698
458 158 33.8983
483 158 29.0698
522 158 27.137
523 158 27.137
572 158 27.137
625 158 23.9521
405 159 22.6244
410 159 23.9521
456 159 33.8983
483 159 29.0698
514 159 50.7614
523 159 27.137
529 159 27.137
572 159 27.137
575 159 27.137
625 159 23.9521
278 160 29.0698
404 160 22.6244
405 160 22.6244
410 160 23.9521
483 160 29.0698
523 160 27.137
529 160 27.137
572 160 27.137
575 160 27.137
625 160 23.9521
628 160 23.9521
405 161 22.6244
410 161 23.9521
483 161 29.0698
522 161 27.137
523 161 27.137
529 161 27.137
625 161 23.9521
628 161 23.9521
483 162 29.0698
484 162 29.0698
523 162 27.137
529 162 27.137
530 162 27.137
575 162 27.137
625 162 23.9521
273 163 29.0698
483 163 29.0698
484 163 29.0698
522 163 27.137
523 163 27.137
529 163 27.137
572 163 27.137
575 163 27.137
624 163 23.9521
625 163 23.9521
273 164 29.0698
403 164 25.4453
404 164 25.4453
456 164 31.2989
457 164 31.2989
458 164 31.2989
484 164 27.137
487 164 29.0698
517 164 33.8983
523 164 27.137
529 164 27.137
530 164 27.137
575 164 27.137
624 164 23.9521
625 164 23.9521
403 165 23.9521
404 165 23.9521
523 165 27.137
529 165 27.137
575 165 27.137
576 165 27.137
223 166 50.7614
338 166 40.6504
342 166 57.971
346 166 33.8983
403 166 23.9521
404 166 23.9521
410 166 23.9521
487 166 29.0698
519 166 33.8983
523 166 27.137
529 166 27.137
553 166 45.1467
568 166 27.137
575 166 27.137
576 166 27.137
133 167 40.6504
294 167 17.7148
337 167 40.6504
338 167 40.6504
342 167 57.971
346 167 33.8983
404 167 23.9521
410 167 23.9521
484 167 27.137
487 167 29.0698
523 167 27.137
529 167 27.137
530 167 27.137
568 167 27.137
572 167 27.137
575 167 27.137
281 168 57.971
286 168 29.0698
287 168 29.0698
293 168 17.7148
294 168 17.7148
333 168 80.9717
337 168 40.6504
338 168 40.6504
404 168 23.9521
405 168 23.9521
410 168 23.9521
487 168 29.0698
528 168 27.137
529 168 27.137
530 168 27.137
287 169 29.0698
288 169 29.0698
294 169 17.7148
404 169 23.9521
492 169 67.5676
493 169 67.5676
622 169 27.137
625 169 23.9521
287 170 29.0698
288 170 29.0698
294 170 18.5185
404 170 23.9521
410 170 23.9521
523 170 27.137
526 170 27.137
621 170 29.0698
622 170 27.137
624 170 23.9521
625 170 23.9521
626 170 23.9521
288 171 29.0698
404 171 23.9521
483 171 27.137
519 171 36.9686
523 171 27.137
524 171 27.137
526 171 27.137
625 171 23.9521
288 172 29.0698
404 172 23.9521
458 172 29.0698
484 172 29.0698
487 172 29.0698
612 172 200
622 172 29.0698
625 172 23.9521
626 172 23.9521
288 173 29.0698
337 173 36.9686
338 173 36.9686
342 173 25.4453
344 173 25.4453
345 173 21.4362
484 173 29.0698
487 173 29.0698
622 173 29.0698
625 173 23.9521
626 173 23.9521
288 174 29.0698
289 174 29.0698
294 174 19.3986
334 174 67.5676
338 174 36.9686
342 174 27.137
403 174 23.9521
404 174 23.9521
411 174 23.9521
458 174 29.0698
483 174 27.137
569 174 31.2989
572 174 25.4453
573 174 25.4453
574 174 25.4453
626 174 23.9521
289 175 29.0698
334 175 67.5676
338 175 36.9686
339 175 36.9686
342 175 27.137
403 175 22.6244
404 175 22.6244
458 175 29.0698
569 175 31.2989
570 175 27.137
572 175 25.4453
573 175 25.4453
574 175 25.4453
625 175 23.9521
626 175 23.9521
290 176 29.0698
332 176 67.5676
335 176 67.5676
339 176 36.9686
340 176 36.9686
342 176 33.8983
404 176 22.6244
457 176 29.0698
458 176 29.0698
459 176 29.0698
525 176 27.137
526 176 27.137
569 176 31.2989
572 176 25.4453
573 176 25.4453
622 176 29.0698
625 176 23.9521
626 176 23.9521
200 177 33.8983
335 177 67.5676
340 177 36.9686
411 177 23.9521
523 177 29.0698
525 177 27.137
526 177 27.137
527 177 27.137
573 177 25.4453
626 177 23.9521
411 178 23.9521
523 178 29.0698
525 178 27.137
526 178 27.137
527 178 27.137
570 178 27.137
573 178 25.4453
626 178 23.9521
402 179 23.9521
403 179 23.9521
479 179 40.6504
483 179 29.0698
525 179 27.137
526 179 27.137
527 179 27.137
570 179 25.4453
573 179 25.4453
626 179 23.9521
290 180 29.0698
402 180 23.9521
403 180 23.9521
479 180 40.6504
483 180 29.0698
484 180 29.0698
526 180 27.137
573 180 25.4453
53 181 101.01
403 181 23.9521
456 181 29.0698
457 181 29.0698
458 181 29.0698
479 181 40.6504
483 181 29.0698
484 181 29.0698
526 181 27.137
527 181 27.137
573 181 25.4453
626 181 23.9521
403 182 23.9521
404 182 23.9521
411 182 23.9521
456 182 29.0698
457 182 29.0698
458 182 29.0698
479 182 40.6504
483 182 29.0698
484 182 29.0698
526 182 27.137
573 182 25.4453
626 182 23.9521
411 183 23.9521
457 183 29.0698
458 183 29.0698
479 183 40.6504
483 183 31.2989
484 183 31.2989
526 183 27.137
573 183 25.4453
622 183 29.0698
625 183 23.9521
626 183 23.9521
407 184 19.3986
411 184 23.9521
457 184 29.0698
458 184 29.0698
483 184 31.2989
484 184 31.2989
523 184 33.8983
526 184 27.137
573 184 25.4453
626 184 23.9521
63 185 80.9717
404 185 23.9521
411 185 23.9521
479 185 40.6504
483 185 31.2989
484 185 31.2989
523 185 33.8983
526 185 27.137
573 185 25.4453
626 185 23.9521
404 186 23.9521
457 186 31.2989
458 186 31.2989
483 186 31.2989
484 186 31.2989
523 186 33.8983
526 186 27.137
573 186 25.4453
625 186 23.9521
626 186 23.9521
229 187 50.7614
404 187 23.9521
483 187 31.2989
484 187 31.2989
523 187 33.8983
526 187 27.137
527 187 27.137
573 187 25.4453
625 187 23.9521
626 187 23.9521
404 188 23.9521
457 188 31.2989
458 188 31.2989
483 188 31.2989
484 188 31.2989
523 188 33.8983
526 188 27.137
573 188 25.4453
625 188 23.9521
626 188 23.9521
404 189 23.9521
411 189 23.9521
457 189 31.2989
458 189 31.2989
483 189 31.2989
484 189 31.2989
523 189 33.8983
526 189 27.137
573 189 25.4453
626 189 23.9521
411 190 23.9521
457 190 31.2989
458 190 31.2989
483 190 31.2989
484 190 31.2989
523 190 33.8983
526 190 27.137
573 190 25.4453
625 190 23.9521
626 190 23.9521
404 191 23.9521
483 191 29.0698
484 191 29.0698
523 191 33.8983
526 191 27.137
527 191 27.137
573 191 25.4453
623 191 23.9521
626 191 23.9521
288 192 29.0698
403 192 23.9521
404 192 23.9521
457 192 31.2989
458 192 31.2989
483 192 29.0698
484 192 29.0698
523 192 33.8983
526 192 27.137
573 192 25.4453
623 192 23.9521
626 192 23.9521
229 193 50.7614
288 193 29.0698
403 193 23.9521
404 193 23.9521
457 193 31.2989
458 193 31.2989
484 193 29.0698
523 193 33.8983
526 193 27.137
573 193 25.4453
623 193 23.9521
626 193 23.9521
229 194 50.7614
289 194 29.0698
404 194 23.9521
457 194 31.2989
484 194 29.0698
523 194 33.8983
526 194 27.137
573 194 25.4453
623 194 23.9521
625 194 23.9521
626 194 23.9521
404 195 23.9521
457 195 31.2989
458 195 31.2989
484 195 29.0698
523 195 33.8983
526 195 27.137
573 195 25.4453
623 195 23.9521
625 195 23.9521
626 195 23.9521
27 196 101.01
109 196 15.674
405 196 23.9521
457 196 31.2989
484 196 29.0698
485 196 29.0698
526 196 27.137
573 196 25.4453
623 196 25.4453
626 196 23.9521
242 197 40.6504
289 197 31.2989
290 197 31.2989
294 197 20.3666
405 197 23.9521
457 197 31.2989
458 197 31.2989
484 197 29.0698
485 197 29.0698
526 197 27.137
573 197 25.4453
625 197 23.9521
626 197 23.9521
405 198 23.9521
406 198 23.9521
457 198 31.2989
458 198 31.2989
459 198 31.2989
479 198 45.1467
484 198 29.0698
485 198 29.0698
523 198 33.8983
526 198 27.137
527 198 27.137
573 198 25.4453
625 198 23.9521
626 198 23.9521
29 199 101.01
484 199 29.0698
485 199 29.0698
573 199 25.4453
625 199 23.9521
626 199 23.9521
29 200 101.01
405 200 23.9521
406 200 23.9521
484 200 29.0698
485 200 29.0698
526 200 27.137
626 200 23.9521
29 201 101.01
405 201 23.9521
484 201 29.0698
485 201 29.0698
625 201 23.9521
626 201 23.9521
484 202 29.0698
485 202 29.0698
526 202 29.0698
527 202 29.0698
626 202 23.9521
457 203 29.0698
484 203 29.0698
485 203 29.0698
526 203 29.0698
623 203 25.4453
626 203 23.9521
405 204 23.9521
457 204 29.0698
458 204 29.0698
484 204 29.0698
485 204 29.0698
622 204 29.0698
625 204 23.9521
626 204 23.9521
288 205 29.0698
405 205 23.9521
457 205 29.0698
458 205 29.0698
484 205 29.0698
485 205 29.0698
526 205 29.0698
527 205 29.0698
573 205 27.137
625 205 23.9521
626 205 23.9521
288 206 29.0698
405 206 23.9521
457 206 31.2989
458 206 31.2989
484 206 29.0698
485 206 29.0698
523 206 33.8983
526 206 29.0698
527 206 29.0698
570 206 31.2989
573 206 27.137
574 206 27.137
288 207 29.0698
289 207 29.0698
413 207 23.9521
457 207 29.0698
458 207 29.0698
484 207 29.0698
485 207 29.0698
523 207 33.8983
526 207 29.0698
527 207 29.0698
12 208 50.7614
404 208 23.9521
405 208 23.9521
413 208 23.9521
484 208 29.0698
485 208 29.0698
526 208 29.0698
404 209 23.9521
413 209 23.9521
458 209 31.2989
484 209 29.0698
485 209 29.0698
623 209 27.137
626 209 23.9521
404 210 23.9521
413 210 23.9521
480 210 29.0698
623 210 27.137
625 210 25.4453
626 210 23.9521
627 210 23.9521
404 211 23.9521
457 211 31.2989
458 211 31.2989
459 211 31.2989
480 211 29.0698
573 211 25.4453
619 211 25.4453
622 211 27.137
623 211 27.137
625 211 23.9521
626 211 23.9521
627 211 23.9521
457 212 31.2989
458 212 31.2989
459 212 31.2989
480 212 29.0698
526 212 27.137
527 212 27.137
573 212 25.4453
574 212 25.4453
619 212 25.4453
623 212 27.137
626 212 23.9521
414 213 57.971
419 213 31.2989
420 213 31.2989
480 213 29.0698
523 213 27.137
524 213 29.0698
526 213 27.137
527 213 27.137
562 213 27.137
563 213 27.137
573 213 25.4453
574 213 25.4453
619 213 25.4453
626 213 23.9521
369 214 200
387 214 80.9717
389 214 80.9717
402 214 29.0698
414 214 57.971
415 214 57.971
419 214 31.2989
420 214 31.2989
480 214 29.0698
483 214 29.0698
484 214 29.0698
485 214 29.0698
523 214 27.137
524 214 29.0698
526 214 27.137
527 214 27.137
563 214 27.137
573 214 25.4453
574 214 25.4453
619 214 25.4453
626 214 23.9521
629 214 23.9521
381 215 80.9717
387 215 80.9717
415 215 57.971
478 215 29.0698
479 215 29.0698
480 215 29.0698
481 215 29.0698
483 215 29.0698
484 215 29.0698
485 215 29.0698
524 215 29.0698
526 215 27.137
527 215 27.137
563 215 27.137
573 215 25.4453
574 215 25.4453
577 215 25.4453
619 215 25.4453
623 215 31.2989
626 215 23.9521
629 215 23.9521
139 216 33.8983
327 216 33.8983
381 216 80.9717
382 216 80.9717
480 216 29.0698
524 216 27.137
527 216 27.137
560 216 27.137
569 216 27.137
574 216 27.137
577 216 25.4453
588 216 25.4453
619 216 25.4453
629 216 23.9521
154 217 36.9686
502 217 25.4453
503 217 25.4453
507 217 19.3986
508 217 19.3986
509 217 19.3986
510 217 18.5185
524 217 27.137
527 217 27.137
577 217 25.4453
629 217 23.9521
187 218 31.2989
499 218 33.8983
502 218 25.4453
503 218 25.4453
507 218 19.3986
508 218 19.3986
509 218 19.3986
510 218 18.5185
524 218 27.137
527 218 27.137
576 218 25.4453
577 218 25.4453
35 219 45.1467
359 219 31.2989
363 219 22.6244
415 219 31.2989
524 219 27.137
527 219 27.137
571 219 25.4453
574 219 27.137
576 219 25.4453
577 219 25.4453
629 219 23.9521
35 220 45.1467
347 220 22.6244
362 220 22.6244
363 220 22.6244
380 220 23.9521
524 220 27.137
571 220 25.4453
574 220 27.137
593 220 25.4453
594 220 25.4453
619 220 25.4453
629 220 23.9521
347 221 22.6244
363 221 22.6244
378 221 23.9521
513 221 18.5185
514 221 18.5185
515 221 18.5185
524 221 27.137
527 221 27.137
594 221 25.4453
595 221 25.4453
596 221 25.4453
619 221 25.4453
629 221 23.9521
630 221 23.9521
195 222 31.2989
378 222 23.9521
511 222 19.3986
512 222 19.3986
513 222 18.5185
514 222 18.5185
524 222 27.137
527 222 27.137
595 222 25.4453
596 222 25.4453
597 222 25.4453
619 222 25.4453
624 222 23.9521
629 222 23.9521
630 222 23.9521
490 223 18.5185
509 223 20.3666
510 223 20.3666
511 223 19.3986
512 223 19.3986
513 223 18.5185
524 223 27.137
605 223 23.9521
606 223 22.6244
607 223 22.6244
608 223 22.6244
624 223 23.9521
626 223 23.9521
629 223 23.9521
630 223 23.9521
337 224 134.228
338 224 134.228
350 224 22.6244
371 224 22.6244
372 224 22.6244
373 224 22.6244
490 224 18.5185
511 224 19.3986
512 224 19.3986
513 224 19.3986
605 224 23.9521
624 224 23.9521
629 224 23.9521
196 225 31.2989
318 225 80.9717
336 225 134.228
347 225 29.0698
350 225 22.6244
372 225 22.6244
373 225 22.6244
512 225 19.3986
513 225 18.5185
514 225 18.5185
574 225 25.4453
162 226 31.2989
373 226 22.6244
390 226 31.2989
391 226 31.2989
508 226 18.5185
513 226 18.5185
514 226 18.5185
359 227 200
373 227 22.6244
381 227 14.556
391 227 31.2989
394 227 25.4453
415 227 31.2989
416 227 31.2989
465 227 19.3986
490 227 19.3986
508 227 18.5185
509 227 18.5185
514 227 18.5185
515 227 18.5185
325 228 29.0698
346 228 29.0698
370 228 27.137
373 228 22.6244
416 228 31.2989
420 228 23.9521
447 228 19.3986
490 228 19.3986
514 228 18.5185
515 228 18.5185
516 228 18.5185
8 229 45.1467
27 229 45.1467
205 229 31.2989
306 229 36.9686
325 229 29.0698
361 229 101.01
370 229 27.137
373 229 22.6244
405 229 200
406 229 200
416 229 31.2989
446 229 19.3986
447 229 19.3986
463 229 19.3986
464 229 19.3986
465 229 19.3986
490 229 19.3986
491 229 19.3986
515 229 18.5185
516 229 18.5185
517 229 18.5185
299 230 134.228
300 230 134.228
306 230 36.9686
322 230 12.3533
325 230 29.0698
361 230 101.01
370 230 27.137
373 230 22.6244
388 230 45.1467
390 230 33.8983
391 230 33.8983
420 230 23.9521
446 230 19.3986
447 230 19.3986
462 230 20.3666
463 230 19.3986
464 230 19.3986
490 230 19.3986
516 230 18.5185
517 230 18.5185
518 230 18.5185
530 230 22.6244
577 230 25.4453
207 231 31.2989
255 231 27.137
349 231 27.137
373 231 22.6244
451 231 19.3986
463 231 19.3986
516 231 18.5185
517 231 18.5185
518 231 18.5185
519 231 17.7148
624 231 23.9521
255 232 27.137
261 232 17.7148
348 232 23.9521
368 232 29.0698
370 232 29.0698
373 232 22.6244
374 232 22.6244
380 232 14.556
382 232 14.556
415 232 25.4453
441 232 21.4362
442 232 20.3666
443 232 20.3666
451 232 19.3986
517 232 18.5185
518 232 18.5185
548 232 27.137
624 232 23.9521
288 233 31.2989
327 233 23.9521
328 233 23.9521
329 233 23.9521
333 233 17.7148
337 233 101.01
345 233 31.2989
348 233 23.9521
349 233 23.9521
370 233 29.0698
373 233 22.6244
374 233 22.6244
382 233 14.556
389 233 23.9521
415 233 25.4453
439 233 22.6244
440 233 22.6244
443 233 20.3666
527 233 18.5185
577 233 25.4453
601 233 25.4453
604 233 22.6244
624 233 23.9521
288 234 31.2989
328 234 23.9521
329 234 23.9521
333 234 17.7148
337 234 101.01
345 234 31.2989
349 234 22.6244
350 234 22.6244
373 234 22.6244
415 234 25.4453
519 234 18.5185
520 234 18.5185
563 234 29.0698
576 234 25.4453
577 234 25.4453
612 234 23.9521
624 234 23.9521
627 234 23.9521
328 235 23.9521
329 235 23.9521
394 235 31.2989
513 235 23.9521
514 235 23.9521
515 235 23.9521
518 235 18.5185
519 235 18.5185
520 235 18.5185
563 235 29.0698
577 235 25.4453
624 235 23.9521
105 236 15.674
270 236 29.0698
329 236 22.6244
406 236 25.4453
407 236 25.4453
408 236 25.4453
518 236 18.5185
519 236 18.5185
520 236 18.5185
522 236 17.7148
523 236 15.674
524 236 15.674
563 236 29.0698
577 236 25.4453
624 236 23.9521
270 237 29.0698
357 237 22.6244
358 237 22.6244
518 237 18.5185
519 237 18.5185
520 237 18.5185
570 237 27.137
571 237 27.137
577 237 25.4453
624 237 23.9521
105 238 15.674
153 238 33.8983
379 238 22.6244
574 238 25.4453
619 238 27.137
620 238 27.137
105 239 15.674
379 239 22.6244
408 239 21.4362
526 239 18.5185
531 239 19.3986
532 239 19.3986
627 239 19.3986
105 240 15.674
182 240 31.2989
408 240 21.4362
520 240 17.7148
531 240 19.3986
532 240 19.3986
584 240 23.9521
153 241 33.8983
208 241 29.0698
257 241 27.137
266 241 27.137
369 241 22.6244
370 241 22.6244
386 241 22.6244
583 241 23.9521
584 241 23.9521
153 242 33.8983
257 242 27.137
266 242 27.137
270 242 20.3666
271 242 20.3666
399 242 67.5676
406 242 31.2989
413 242 21.4362
414 242 20.3666
415 242 19.3986
416 242 18.5185
546 242 31.2989
563 242 29.0698
564 242 29.0698
570 242 27.137
577 242 27.137
181 243 31.2989
240 243 27.137
241 243 27.137
266 243 27.137
270 243 20.3666
288 243 29.0698
315 243 23.9521
316 243 23.9521
317 243 23.9521
322 243 16.9779
365 243 57.971
374 243 23.9521
375 243 23.9521
406 243 33.8983
411 243 21.4362
412 243 21.4362
413 243 20.3666
532 243 20.3666
533 243 20.3666
563 243 29.0698
564 243 29.0698
570 243 27.137
571 243 27.137
574 243 25.4453
181 244 31.2989
208 244 29.0698
209 244 29.0698
240 244 27.137
241 244 27.137
315 244 23.9521
316 244 23.9521
323 244 16.9779
360 244 22.6244
361 244 22.6244
410 244 21.4362
411 244 21.4362
412 244 21.4362
489 244 16.9779
563 244 29.0698
579 244 25.4453
580 244 27.137
315 245 23.9521
359 245 22.6244
360 245 22.6244
367 245 14.556
368 245 14.556
410 245 21.4362
411 245 21.4362
412 245 21.4362
502 245 18.5185
556 245 25.4453
314 246 23.9521
359 246 22.6244
368 246 14.556
371 246 13.1492
372 246 18.5185
409 246 21.4362
410 246 21.4362
502 246 18.5185
503 246 18.5185
520 246 17.7148
521 246 17.7148
537 246 25.4453
555 246 25.4453
556 246 25.4453
561 246 29.0698
562 246 29.0698
569 246 22.6244
570 246 22.6244
576 246 22.6244
228 247 31.2989
240 247 27.137
268 247 27.137
314 247 23.9521
358 247 22.6244
369 247 15.0943
405 247 27.137
409 247 21.4362
410 247 21.4362
502 247 18.5185
503 247 18.5185
504 247 18.5185
519 247 18.5185
520 247 17.7148
521 247 17.7148
522 247 17.7148
537 247 25.4453
555 247 25.4453
566 247 27.137
569 247 22.6244
576 247 22.6244
228 248 31.2989
268 248 27.137
358 248 22.6244
405 248 27.137
409 248 21.4362
504 248 18.5185
505 248 17.7148
520 248 17.7148
541 248 23.9521
239 249 27.137
259 249 29.0698
325 249 19.3986
361 249 50.7614
367 249 21.4362
406 249 21.4362
494 249 33.8983
504 249 18.5185
505 249 18.5185
540 249 23.9521
541 249 23.9521
581 249 22.6244
582 249 22.6244
583 249 22.6244
357 250 50.7614
406 250 21.4362
416 250 20.3666
418 250 20.3666
420 250 20.3666
424 250 20.3666
425 250 20.3666
588 250 21.4362
589 250 21.4362
595 250 16.9779
322 251 23.9521
357 251 50.7614
359 251 50.7614
367 251 21.4362
406 251 20.3666
414 251 22.6244
425 251 20.3666
479 251 19.3986
498 251 18.5185
499 251 18.5185
610 251 16.2999
611 251 16.2999
612 251 16.2999
613 251 15.674
614 251 15.0943
615 251 15.0943
315 252 50.7614
322 252 23.9521
368 252 22.6244
425 252 20.3666
426 252 20.3666
478 252 19.3986
479 252 19.3986
494 252 18.5185
495 252 21.4362
496 252 21.4362
499 252 18.5185
500 252 18.5185
608 252 16.9779
609 252 16.2999
610 252 16.2999
611 252 16.2999
612 252 16.2999
622 252 16.2999
623 252 16.2999
624 252 16.2999
359 253 40.6504
360 253 40.6504
368 253 22.6244
390 253 23.9521
391 253 23.9521
422 253 21.4362
489 253 18.5185
491 253 18.5185
492 253 18.5185
500 253 18.5185
533 253 19.3986
534 253 19.3986
608 253 16.9779
609 253 16.2999
624 253 16.2999
625 253 15.674
626 253 15.674
325 254 18.5185
331 254 50.7614
337 254 25.4453
360 254 40.6504
367 254 22.6244
390 254 23.9521
421 254 21.4362
422 254 21.4362
423 254 21.4362
487 254 19.3986
489 254 18.5185
490 254 18.5185
492 254 18.5185
493 254 18.5185
500 254 18.5185
501 254 18.5185
533 254 19.3986
534 254 19.3986
605 254 16.9779
606 254 16.9779
607 254 16.9779
608 254 16.2999
626 254 15.674
627 254 15.674
331 255 50.7614
337 255 25.4453
338 255 25.4453
345 255 15.674
360 255 40.6504
361 255 40.6504
367 255 22.6244
379 255 11.9904
380 255 11.9904
400 255 45.1467
417 255 27.137
421 255 21.4362
422 255 21.4362
486 255 19.3986
487 255 19.3986
500 255 18.5185
501 255 18.5185
532 255 19.3986
533 255 19.3986
534 255 19.3986
606 255 16.9779
607 255 16.2999
627 255 15.674
628 255 15.674
361 256 40.6504
366 256 22.6244
367 256 22.6244
379 256 11.9904
380 256 11.9904
381 256 11.9904
405 256 27.137
407 256 23.9521
409 256 21.4362
410 256 21.4362
425 256 20.3666
486 256 19.3986
496 256 22.6244
497 256 22.6244
501 256 18.5185
533 256 19.3986
590 256 16.9779
591 256 16.9779
592 256 16.9779
604 256 16.9779
605 256 16.9779
606 256 16.9779
627 256 15.674
628 256 15.674
629 256 15.674
381 257 11.9904
424 257 20.3666
425 257 20.3666
482 257 80.9717
483 257 80.9717
486 257 19.3986
497 257 22.6244
498 257 19.3986
501 257 18.5185
590 257 16.9779
591 257 16.9779
604 257 16.9779
605 257 16.9779
628 257 15.674
629 257 15.674
634 257 15.674
635 257 15.674
424 258 20.3666
425 258 20.3666
433 258 22.6244
434 258 22.6244
447 258 22.6244
448 258 22.6244
462 258 21.4362
486 258 19.3986
487 258 19.3986
501 258 18.5185
603 258 16.9779
604 258 16.9779
605 258 16.9779
614 258 16.2999
615 258 16.2999
618 258 16.9779
629 258 15.674
412 259 50.7614
422 259 21.4362
423 259 20.3666
424 259 20.3666
433 259 22.6244
434 259 22.6244
447 259 22.6244
448 259 22.6244
473 259 57.971
474 259 57.971
486 259 18.5185
487 259 18.5185
489 259 18.5185
490 259 18.5185
491 259 18.5185
495 259 23.9521
496 259 22.6244
500 259 18.5185
501 259 18.5185
604 259 16.9779
605 259 16.9779
615 259 16.2999
616 259 16.2999
619 259 16.2999
620 259 16.2999
621 259 16.2999
629 259 15.674
630 259 15.674
422 260 21.4362
423 260 20.3666
487 260 18.5185
500 260 18.5185
501 260 18.5185
521 260 20.3666
603 260 16.9779
604 260 16.9779
613 260 16.2999
614 260 16.2999
619 260 16.2999
620 260 16.2999
621 260 16.2999
630 260 15.674
488 261 18.5185
493 261 23.9521
499 261 18.5185
500 261 18.5185
514 261 19.3986
515 261 19.3986
516 261 19.3986
520 261 20.3666
521 261 20.3666
573 261 19.3986
603 261 16.9779
604 261 16.9779
613 261 16.2999
614 261 16.2999
619 261 16.2999
630 261 15.674
631 261 15.674
467 262 21.4362
468 262 21.4362
489 262 18.5185
498 262 18.5185
499 262 18.5185
519 262 20.3666
520 262 20.3666
603 262 16.9779
604 262 16.9779
630 262 15.674
631 262 15.674
490 263 17.7148
494 263 21.4362
496 263 19.3986
497 263 19.3986
498 263 19.3986
499 263 18.5185
603 263 16.9779
604 263 16.9779
608 263 16.2999
609 263 16.2999
610 263 16.2999
622 263 16.9779
623 263 16.2999
624 263 15.674
625 263 15.674
626 263 15.674
630 263 15.674
631 263 15.674
632 263 15.674
494 264 20.3666
495 264 20.3666
496 264 19.3986
497 264 19.3986
608 264 16.2999
609 264 16.2999
625 264 15.674
626 264 15.674
631 264 15.674
609 265 16.2999
631 265 15.674
546 266 19.3986
552 266 19.3986
553 266 19.3986
609 266 16.2999
610 266 16.2999
613 266 16.2999
614 266 16.2999
620 266 15.674
621 266 16.2999
558 267 18.5185
559 267 18.5185
616 267 16.2999
621 267 16.2999
624 267 16.2999
615 268 16.2999
616 268 16.2999
623 268 16.2999
624 268 16.2999
584 269 18.5185
585 269 18.5185
586 269 18.5185
614 269 16.2999
615 269 16.2999
616 269 16.2999
621 269 16.9779
622 269 16.2999
623 269 16.2999
624 269 16.2999
598 270 18.5185
599 270 18.5185
612 270 16.2999
613 270 16.2999
620 270 16.9779
621 270 16.9779
622 270 16.9779
623 270 16.2999
620 271 16.9779
126 279 14.556
152 280 14.0548
523 281 13.587
157 283 13.587
158 283 13.587
159 284 13.1492
593 284 12.7389
594 284 12.7389
160 285 13.1492
161 286 13.1492
481 293 11.0193
124 295 11.325
163 298 11.0193
600 299 10.1937
601 299 10.1937
155 304 9.9453
532 307 9.9453
533 308 9.9453
534 308 9.70874
535 308 9.70874
536 308 9.70874
537 308 9.70874
538 308 9.48317
539 308 9.48317
540 308 9.48317
541 308 9.26784
622 308 9.48317
623 308 9.26784
624 308 9.26784
624 309 9.26784
625 309 9.06207
626 309 8.86525
627 309 8.86525
628 309 8.67679
635 309 9.06207
126 310 9.70874
146 311 9.06207
147 311 9.06207
148 311 9.06207
112 318 8.86525
113 318 8.86525
114 318 8.86525
115 318 8.67679
119 318 8.86525
120 318 8.86525
124 318 9.06207
126 318 9.06207
137 318 8.49618
132 319 8.15661
135 319 8.32293
136 319 8.32293
137 319 8.49618
138 319 8.49618
139 319 8.49618
571 319 8.32293
589 324 7.9968
590 324 7.9968
584 327 7.69527
585 327 7.69527
586 327 7.69527
98 328 7.69527
99 328 7.69527
100 328 7.69527
101 328 7.69527
102 328 7.69527
103 328 7.69527
104 328 7.69527
105 328 7.84314
106 328 7.84314
107 328 7.84314
108 328 7.84314
109 328 7.84314
110 328 7.84314
112 328 7.9968
113 328 7.9968
114 328 7.9968
115 328 7.9968
116 328 7.9968
126 328 7.69527
127 328 7.69527
122 329 7.55287
124 329 7.55287
125 329 7.69527
126 329 7.69527
127 329 7.69527
617 332 7.84314
618 332 7.84314
619 332 7.55287
121 333 7.69527
122 333 7.69527
618 333 7.84314
619 333 7.55287
620 333 7.55287
621 333 7.41565
622 333 7.28332
623 333 7.28332
624 333 7.28332
625 333 7.15564
626 333 7.03235
627 333 7.03235
628 333 7.03235
71 340 7.15564
72 340 7.15564
73 340 7.15564
74 340 7.15564
75 340 7.15564
76 340 7.15564
77 340 7.15564
78 340 7.28332
79 340 7.28332
80 340 7.28332
81 340 7.28332
82 340 7.28332
84 340 7.28332
86 340 6.91324
87 340 6.91324
85 341 7.28332
86 341 6.91324
87 341 6.91324
88 341 6.91324
89 341 6.91324
90 341 6.91324
91 341 6.91324
92 341 6.91324
93 341 7.03235
94 341 7.03235
95 341 7.03235
96 341 7.03235
97 341 7.03235
98 341 7.15564
99 341 7.15564
100 341 7.15564
101 341 7.15564
102 341 7.15564
103 341 7.15564
104 341 7.15564
105 341 7.15564
106 341 6.7981
107 341 6.91324
109 341 6.91324
110 341 6.91324
111 341 7.03235
112 341 7.03235
103 342 7.15564
104 342 7.15564
105 342 7.15564
106 342 6.7981
107 342 6.91324
108 342 6.91324
109 342 6.91324
110 342 6.91324
111 342 7.03235
112 342 7.03235
113 342 7.03235
104 348 6.7981
105 348 6.7981
104 349 6.7981
105 349 6.7981
48 356 6.37349
49 356 6.47459
50 356 6.47459
51 356 6.47459
52 356 6.47459
54 356 6.18047
58 356 6.18047
53 357 6.47459
54 357 6.18047
55 357 6.18047
56 357 6.18047
57 357 6.18047
58 357 6.18047
59 357 6.27549
60 357 6.27549
61 357 6.27549
62 357 6.27549
63 357 6.27549
64 357 6.37349
65 357 6.37349
66 357 6.37349
67 357 6.37349
68 357 6.37349
69 357 6.37349
70 357 6.37349
71 357 6.18047
72 357 6.18047
66 358 6.37349
67 358 6.37349
68 358 6.37349
69 358 6.37349
70 358 6.37349
71 358 6.18047
72 358 6.18047
73 358 6.18047
74 358 6.18047
75 358 6.18047
76 358 6.18047
77 358 6.27549
78 358 6.27549
79 358 6.27549
80 358 6.27549
81 358 6.27549
82 358 6.27549
83 358 6.08828
84 358 6.08828
91 358 6.18047
37 359 6.27549
80 359 6.27549
81 359 6.27549
82 359 6.27549
83 359 6.08828
84 359 6.08828
85 359 6.08828
86 359 6.08828
87 359 6.08828
88 359 6.08828
89 359 6.18047
90 359 6.18047
91 359 6.18047
92 359 6.18047
93 359 6.18047
40 360 6.18047
90 360 6.18047
91 360 6.18047
45 361 6.18047
24 362 6.08828
48 362 6.08828
49 362 6.08828
23 363 6.08828
25 363 6.08828
52 363 5.9988
53 363 5.9988
28 364 5.9988
31 364 5.9988
31 365 5.9988
32 365 5.9988
33 365 5.9988
34 365 5.9988
36 366 5.9988
37 366 5.9988
38 366 5.91191
39 366 5.91191
66 366 5.91191
40 367 5.9988
41 367 5.9988
42 367 5.91191
43 367 5.91191
69 367 5.82751
70 367 5.82751
43 368 5.91191
44 368 5.91191
45 368 5.82751
46 368 5.82751
74 368 5.74548
75 368 5.74548
76 368 5.74548
47 369 5.74548
48 369 5.74548
49 369 5.74548
50 369 5.74548
51 369 5.74548
79 369 5.74548
80 369 5.74548
81 369 5.74548
82 369 5.74548
52 370 5.74548
53 370 5.74548
54 370 5.74548
55 371 5.66572
56 371 5.66572
57 371 5.66572
58 371 5.66572
59 371 5.66572
60 371 5.66572
59 372 5.66572
60 372 5.66572
61 372 5.66572
62 372 5.66572
63 372 5.66572
64 372 5.66572
64 373 5.66572
65 373 5.66572
66 373 5.66572
67 373 5.66572
68 373 5.66572
40 382 5.43922
45 383 5.23013
51 383 5.29801
52 383 5.29801
53 383 5.29801
54 383 5.29801
57 383 5.36769
58 383 5.36769
63 383 5.23013
64 383 5.23013
60 384 5.16396
61 384 5.16396
62 384 5.23013
63 384 5.23013
64 384 5.23013
65 384 5.23013
66 384 5.23013
58 389 5.16396
59 389 5.16396
41 399 4.85673
42 399 4.85673
43 399 4.85673
44 399 4.91521
45 399 4.91521
46 399 4.91521
47 399 4.91521
47 400 4.91521
346 416 4.29461
