176 3 50.7614
415 3 21.4362
508 3 27.137
607 3 23.9521
608 3 23.9521
176 4 50.7614
204 4 31.2989
509 4 27.137
555 4 25.4453
607 4 23.9521
176 5 50.7614
205 5 31.2989
206 5 31.2989
207 5 31.2989
417 5 21.4362
418 5 21.4362
421 5 21.4362
431 5 21.4362
432 5 21.4362
445 5 21.4362
508 5 27.137
509 5 27.137
555 5 25.4453
607 5 23.9521
176 6 50.7614
180 6 31.2989
202 6 45.1467
205 6 33.8983
210 6 25.4453
417 6 21.4362
418 6 21.4362
421 6 21.4362
422 6 21.4362
431 6 21.4362
432 6 21.4362
446 6 21.4362
508 6 27.137
509 6 27.137
555 6 25.4453
607 6 23.9521
608 6 23.9521
176 7 50.7614
180 7 31.2989
202 7 50.7614
203 7 45.1467
210 7 31.2989
309 7 25.4453
310 7 25.4453
314 7 21.4362
450 7 21.4362
479 7 29.0698
508 7 27.137
555 7 25.4453
606 7 23.9521
607 7 23.9521
176 8 50.7614
203 8 45.1467
207 8 33.8983
208 8 33.8983
310 8 25.4453
314 8 21.4362
450 8 21.4362
508 8 27.137
555 8 25.4453
607 8 23.9521
176 9 57.971
177 9 57.971
208 9 33.8983
228 9 31.2989
310 9 27.137
311 9 27.137
314 9 21.4362
450 9 21.4362
451 9 21.4362
508 9 27.137
509 9 27.137
555 9 25.4453
607 9 23.9521
176 10 57.971
177 10 57.971
209 10 33.8983
254 10 40.6504
310 10 27.137
311 10 27.137
416 10 22.6244
417 10 22.6244
450 10 21.4362
508 10 27.137
607 10 23.9521
176 11 57.971
177 11 57.971
253 11 40.6504
254 11 40.6504
308 11 29.0698
311 11 27.137
416 11 22.6244
417 11 22.6244
607 11 23.9521
213 12 31.2989
235 12 36.9686
253 12 40.6504
308 12 33.8983
320 12 27.137
335 12 25.4453
416 12 22.6244
508 12 27.137
509 12 27.137
607 12 23.9521
201 13 31.2989
202 13 31.2989
308 13 36.9686
320 13 27.137
334 13 25.4453
335 13 25.4453
336 13 25.4453
449 13 21.4362
607 13 23.9521
202 14 31.2989
308 14 36.9686
311 14 27.137
312 14 27.137
335 14 25.4453
336 14 25.4453
449 14 21.4362
450 14 21.4362
554 14 25.4453
555 14 25.4453
556 14 25.4453
607 14 23.9521
189 15 45.1467
308 15 36.9686
312 15 27.137
416 15 21.4362
449 15 21.4362
450 15 21.4362
505 15 25.4453
554 15 25.4453
555 15 25.4453
556 15 25.4453
607 15 23.9521
309 16 36.9686
312 16 27.137
313 16 27.137
415 16 21.4362
416 16 21.4362
440 16 21.4362
449 16 21.4362
450 16 21.4362
554 16 25.4453
555 16 25.4453
607 16 23.9521
202 17 31.2989
203 17 31.2989
205 17 27.137
313 17 27.137
416 17 21.4362
555 17 25.4453
556 17 25.4453
607 17 23.9521
202 18 31.2989
203 18 31.2989
206 18 23.9521
306 18 27.137
411 18 21.4362
412 18 21.4362
416 18 21.4362
509 18 25.4453
555 18 25.4453
556 18 25.4453
607 18 23.9521
202 19 31.2989
203 19 31.2989
306 19 27.137
307 19 27.137
412 19 22.6244
413 19 22.6244
416 19 21.4362
452 19 22.6244
555 19 25.4453
607 19 23.9521
307 20 27.137
308 20 27.137
332 20 25.4453
412 20 21.4362
428 20 21.4362
452 20 22.6244
508 20 25.4453
509 20 25.4453
555 20 25.4453
607 20 23.9521
181 21 50.7614
203 21 33.8983
264 21 36.9686
307 21 27.137
308 21 27.137
313 21 20.3666
328 21 36.9686
332 21 25.4453
334 21 25.4453
412 21 21.4362
425 21 25.4453
428 21 21.4362
446 21 21.4362
447 21 21.4362
508 21 27.137
509 21 27.137
555 21 25.4453
607 21 23.9521
203 22 33.8983
204 22 33.8983
308 22 27.137
309 22 27.137
313 22 20.3666
414 22 22.6244
417 22 22.6244
425 22 25.4453
428 22 21.4362
446 22 21.4362
447 22 21.4362
555 22 25.4453
607 22 23.9521
203 23 33.8983
204 23 33.8983
206 23 31.2989
214 23 16.2999
308 23 29.0698
309 23 29.0698
325 23 27.137
414 23 22.6244
416 23 21.4362
479 23 27.137
480 23 27.137
481 23 27.137
555 23 25.4453
607 23 23.9521
204 24 31.2989
214 24 16.2999
416 24 22.6244
419 24 18.5185
452 24 21.4362
479 24 27.137
480 24 27.137
555 24 25.4453
607 24 23.9521
207 25 29.0698
413 25 23.9521
415 25 22.6244
416 25 22.6244
419 25 20.3666
429 25 21.4362
509 25 25.4453
510 25 25.4453
559 25 25.4453
607 25 23.9521
205 26 31.2989
206 26 31.2989
218 26 33.8983
254 26 40.6504
415 26 22.6244
416 26 22.6244
508 26 27.137
509 26 27.137
510 26 27.137
559 26 25.4453
607 26 23.9521
206 27 31.2989
208 27 31.2989
218 27 33.8983
253 27 40.6504
254 27 40.6504
418 27 21.4362
419 27 21.4362
452 27 21.4362
480 27 27.137
508 27 27.137
509 27 27.137
552 27 31.2989
559 27 25.4453
607 27 23.9521
203 28 50.7614
207 28 31.2989
211 28 22.6244
229 28 22.6244
254 28 40.6504
316 28 27.137
415 28 23.9521
418 28 21.4362
419 28 21.4362
420 28 21.4362
451 28 21.4362
452 28 21.4362
508 28 27.137
509 28 27.137
552 28 31.2989
559 28 25.4453
607 28 23.9521
203 29 50.7614
207 29 31.2989
208 29 31.2989
212 29 22.6244
316 29 27.137
480 29 27.137
509 29 27.137
552 29 31.2989
559 29 25.4453
607 29 23.9521
203 30 50.7614
230 30 22.6244
305 30 27.137
509 30 27.137
559 30 25.4453
589 30 25.4453
607 30 23.9521
210 31 29.0698
215 31 29.0698
226 31 31.2989
227 31 31.2989
302 31 27.137
308 31 25.4453
329 31 29.0698
423 31 20.3666
480 31 27.137
508 31 27.137
509 31 27.137
552 31 31.2989
559 31 25.4453
607 31 23.9521
211 32 31.2989
227 32 31.2989
302 32 27.137
420 32 20.3666
422 32 20.3666
428 32 20.3666
449 32 21.4362
450 32 21.4362
480 32 27.137
508 32 27.137
509 32 27.137
556 32 25.4453
559 32 25.4453
560 32 25.4453
607 32 23.9521
211 33 31.2989
216 33 31.2989
217 33 31.2989
302 33 27.137
303 33 27.137
309 33 25.4453
332 33 27.137
413 33 27.137
416 33 22.6244
417 33 22.6244
422 33 20.3666
424 33 21.4362
425 33 21.4362
427 33 20.3666
428 33 20.3666
429 33 20.3666
509 33 27.137
556 33 25.4453
559 33 25.4453
560 33 25.4453
607 33 23.9521
202 34 33.8983
203 34 33.8983
211 34 33.8983
217 34 31.2989
303 34 27.137
317 34 27.137
318 34 27.137
412 34 29.0698
413 34 29.0698
416 34 22.6244
417 34 22.6244
418 34 21.4362
424 34 21.4362
450 34 21.4362
480 34 27.137
509 34 27.137
556 34 25.4453
559 34 25.4453
607 34 23.9521
189 35 50.7614
202 35 33.8983
203 35 33.8983
212 35 33.8983
303 35 27.137
309 35 29.0698
318 35 27.137
412 35 29.0698
413 35 29.0698
417 35 22.6244
432 35 21.4362
480 35 27.137
508 35 27.137
509 35 27.137
559 35 25.4453
560 35 25.4453
607 35 23.9521
608 35 23.9521
189 36 50.7614
203 36 33.8983
208 36 21.4362
303 36 27.137
309 36 29.0698
412 36 31.2989
432 36 22.6244
433 36 21.4362
509 36 27.137
559 36 25.4453
560 36 25.4453
607 36 23.9521
608 36 23.9521
203 37 33.8983
204 37 33.8983
208 37 21.4362
209 37 21.4362
231 37 33.8983
254 37 40.6504
304 37 27.137
411 37 31.2989
420 37 22.6244
421 37 22.6244
508 37 27.137
509 37 27.137
559 37 25.4453
560 37 25.4453
605 37 23.9521
135 38 67.5676
153 38 40.6504
204 38 33.8983
209 38 21.4362
231 38 33.8983
232 38 33.8983
304 38 27.137
305 38 27.137
359 38 33.8983
360 38 33.8983
411 38 50.7614
416 38 29.0698
420 38 22.6244
421 38 22.6244
422 38 22.6244
434 38 22.6244
435 38 21.4362
439 38 21.4362
448 38 21.4362
477 38 33.8983
480 38 29.0698
509 38 27.137
559 38 25.4453
135 39 80.9717
136 39 80.9717
153 39 40.6504
203 39 33.8983
204 39 33.8983
205 39 33.8983
304 39 27.137
305 39 27.137
306 39 27.137
331 39 27.137
361 39 33.8983
416 39 29.0698
420 39 22.6244
421 39 22.6244
434 39 22.6244
435 39 22.6244
441 39 21.4362
509 39 27.137
559 39 25.4453
134 40 67.5676
135 40 67.5676
205 40 33.8983
305 40 27.137
306 40 27.137
307 40 27.137
331 40 27.137
361 40 33.8983
421 40 22.6244
441 40 21.4362
442 40 21.4362
480 40 29.0698
505 40 27.137
509 40 27.137
559 40 25.4453
134 41 80.9717
205 41 33.8983
211 41 33.8983
212 41 33.8983
305 41 29.0698
306 41 27.137
308 41 25.4453
364 41 27.137
421 41 22.6244
423 41 22.6244
447 41 20.3666
480 41 29.0698
508 41 27.137
509 41 27.137
559 41 25.4453
560 41 25.4453
607 41 22.6244
608 41 22.6244
609 41 22.6244
133 42 80.9717
205 42 33.8983
206 42 33.8983
254 42 40.6504
334 42 25.4453
355 42 33.8983
417 42 27.137
422 42 22.6244
423 42 22.6244
509 42 27.137
559 42 25.4453
560 42 25.4453
607 42 22.6244
608 42 22.6244
132 43 80.9717
155 43 36.9686
206 43 33.8983
254 43 40.6504
358 43 33.8983
359 43 33.8983
422 43 22.6244
423 43 21.4362
451 43 21.4362
509 43 27.137
559 43 25.4453
560 43 25.4453
607 43 22.6244
608 43 22.6244
155 44 36.9686
229 44 31.2989
254 44 40.6504
306 44 27.137
321 44 11.325
355 44 33.8983
358 44 33.8983
364 44 16.9779
419 44 27.137
509 44 27.137
510 44 27.137
553 44 25.4453
559 44 25.4453
607 44 23.9521
608 44 23.9521
321 45 11.325
354 45 33.8983
355 45 33.8983
364 45 17.7148
425 45 15.0943
509 45 27.137
553 45 25.4453
555 45 25.4453
559 45 25.4453
560 45 25.4453
607 45 23.9521
608 45 23.9521
321 46 11.325
354 46 33.8983
364 46 17.7148
415 46 21.4362
416 46 21.4362
453 46 21.4362
480 46 27.137
481 46 27.137
509 46 27.137
553 46 25.4453
559 46 27.137
560 46 27.137
565 46 22.6244
569 46 25.4453
607 46 23.9521
304 47 27.137
321 47 11.325
353 47 36.9686
354 47 36.9686
364 47 31.2989
415 47 21.4362
423 47 15.0943
479 47 27.137
480 47 27.137
481 47 27.137
509 47 27.137
510 47 27.137
553 47 25.4453
558 47 27.137
559 47 27.137
560 47 27.137
561 47 25.4453
562 47 25.4453
563 47 22.6244
607 47 23.9521
608 47 23.9521
202 48 31.2989
333 48 25.4453
348 48 80.9717
353 48 36.9686
354 48 36.9686
364 48 31.2989
423 48 21.4362
448 48 21.4362
452 48 21.4362
480 48 27.137
509 48 27.137
553 48 25.4453
558 48 27.137
559 48 27.137
607 48 23.9521
151 49 36.9686
155 49 36.9686
156 49 36.9686
202 49 40.6504
348 49 80.9717
353 49 36.9686
415 49 21.4362
422 49 21.4362
423 49 21.4362
452 49 21.4362
477 49 33.8983
480 49 27.137
509 49 27.137
607 49 23.9521
151 50 36.9686
152 50 36.9686
203 50 40.6504
206 50 31.2989
207 50 31.2989
310 50 19.3986
332 50 25.4453
348 50 80.9717
414 50 21.4362
415 50 21.4362
416 50 21.4362
477 50 33.8983
509 50 27.137
607 50 23.9521
608 50 23.9521
152 51 36.9686
203 51 40.6504
206 51 31.2989
207 51 31.2989
304 51 27.137
305 51 27.137
310 51 20.3666
332 51 27.137
362 51 21.4362
413 51 22.6244
416 51 21.4362
509 51 27.137
510 51 27.137
607 51 23.9521
608 51 23.9521
304 52 27.137
305 52 27.137
310 52 20.3666
362 52 21.4362
413 52 25.4453
450 52 21.4362
451 52 21.4362
480 52 29.0698
509 52 27.137
510 52 27.137
556 52 25.4453
607 52 23.9521
608 52 23.9521
200 53 31.2989
208 53 31.2989
304 53 27.137
305 53 27.137
306 53 27.137
307 53 27.137
310 53 20.3666
353 53 33.8983
354 53 33.8983
361 53 21.4362
509 53 27.137
510 53 27.137
555 53 25.4453
556 53 25.4453
607 53 23.9521
608 53 23.9521
147 54 36.9686
198 54 33.8983
201 54 31.2989
209 54 20.3666
305 54 27.137
306 54 27.137
320 54 25.4453
325 54 57.971
353 54 33.8983
354 54 33.8983
355 54 33.8983
480 54 29.0698
509 54 27.137
553 54 27.137
555 54 25.4453
556 54 25.4453
557 54 25.4453
608 54 23.9521
199 55 33.8983
202 55 31.2989
203 55 31.2989
229 55 31.2989
306 55 27.137
307 55 27.137
329 55 27.137
354 55 33.8983
355 55 33.8983
356 55 33.8983
421 55 21.4362
449 55 21.4362
509 55 27.137
552 55 31.2989
555 55 25.4453
556 55 25.4453
557 55 25.4453
607 55 23.9521
608 55 23.9521
202 56 33.8983
203 56 31.2989
204 56 31.2989
331 56 27.137
334 56 27.137
347 56 134.228
350 56 57.971
354 56 33.8983
355 56 33.8983
356 56 33.8983
413 56 21.4362
421 56 21.4362
422 56 21.4362
433 56 21.4362
447 56 21.4362
509 56 27.137
510 56 27.137
555 56 25.4453
556 56 25.4453
608 56 23.9521
203 57 33.8983
204 57 33.8983
205 57 31.2989
209 57 23.9521
307 57 27.137
347 57 134.228
408 57 31.2989
413 57 21.4362
422 57 21.4362
509 57 27.137
510 57 27.137
556 57 25.4453
583 57 200
608 57 23.9521
147 58 36.9686
150 58 36.9686
206 58 31.2989
210 58 23.9521
234 58 45.1467
254 58 45.1467
305 58 27.137
307 58 27.137
308 58 27.137
408 58 31.2989
413 58 21.4362
417 58 17.7148
438 58 20.3666
443 58 20.3666
447 58 21.4362
448 58 21.4362
509 58 27.137
547 58 40.6504
556 58 25.4453
608 58 23.9521
147 59 36.9686
206 59 33.8983
207 59 31.2989
234 59 45.1467
254 59 45.1467
308 59 27.137
408 59 31.2989
413 59 22.6244
553 59 25.4453
556 59 25.4453
608 59 23.9521
147 60 36.9686
148 60 36.9686
171 60 36.9686
207 60 33.8983
413 60 22.6244
450 60 21.4362
553 60 25.4453
556 60 25.4453
608 60 23.9521
148 61 36.9686
171 61 36.9686
182 61 50.7614
405 61 22.6244
408 61 22.6244
409 61 22.6244
449 61 21.4362
450 61 21.4362
553 61 25.4453
556 61 25.4453
608 61 23.9521
148 62 36.9686
171 62 36.9686
203 62 67.5676
405 62 22.6244
410 62 21.4362
449 62 21.4362
450 62 21.4362
480 62 29.0698
481 62 29.0698
510 62 25.4453
553 62 25.4453
556 62 25.4453
607 62 23.9521
608 62 23.9521
148 63 36.9686
172 63 36.9686
209 63 33.8983
210 63 33.8983
223 63 31.2989
429 63 21.4362
480 63 29.0698
508 63 27.137
509 63 25.4453
510 63 25.4453
511 63 25.4453
553 63 25.4453
556 63 25.4453
608 63 23.9521
148 64 36.9686
149 64 36.9686
205 64 67.5676
210 64 33.8983
223 64 31.2989
224 64 31.2989
227 64 31.2989
228 64 31.2989
300 64 27.137
301 64 27.137
406 64 22.6244
409 64 21.4362
416 64 14.556
428 64 21.4362
429 64 21.4362
505 64 36.9686
509 64 25.4453
510 64 25.4453
553 64 25.4453
556 64 25.4453
559 64 27.137
608 64 23.9521
228 65 31.2989
297 65 27.137
298 65 27.137
301 65 27.137
303 65 27.137
308 65 25.4453
332 65 22.6244
405 65 22.6244
406 65 22.6244
408 65 22.6244
416 65 15.0943
480 65 29.0698
504 65 36.9686
509 65 27.137
510 65 27.137
553 65 25.4453
559 65 27.137
608 65 23.9521
144 66 36.9686
298 66 27.137
303 66 27.137
330 66 22.6244
332 66 22.6244
406 66 22.6244
407 66 22.6244
408 66 22.6244
410 66 19.3986
411 66 18.5185
415 66 15.0943
448 66 23.9521
509 66 27.137
510 66 27.137
553 66 25.4453
556 66 25.4453
608 66 23.9521
144 67 36.9686
145 67 36.9686
172 67 36.9686
202 67 33.8983
203 67 31.2989
205 67 31.2989
301 67 27.137
303 67 27.137
407 67 22.6244
410 67 19.3986
411 67 19.3986
414 67 16.2999
509 67 27.137
510 67 27.137
556 67 25.4453
608 67 23.9521
145 68 36.9686
203 68 33.8983
205 68 31.2989
206 68 31.2989
298 68 36.9686
407 68 22.6244
414 68 16.2999
509 68 25.4453
510 68 25.4453
556 68 25.4453
608 68 23.9521
206 69 31.2989
207 69 31.2989
407 69 22.6244
408 69 22.6244
509 69 27.137
510 69 27.137
559 69 27.137
608 69 23.9521
92 70 67.5676
204 70 40.6504
207 70 31.2989
297 70 29.0698
298 70 29.0698
302 70 27.137
309 70 14.556
408 70 22.6244
480 70 29.0698
481 70 29.0698
510 70 27.137
556 70 25.4453
559 70 27.137
608 70 23.9521
204 71 50.7614
207 71 33.8983
297 71 27.137
302 71 27.137
306 71 20.3666
331 71 27.137
408 71 22.6244
447 71 21.4362
448 71 21.4362
480 71 29.0698
481 71 29.0698
509 71 27.137
510 71 27.137
556 71 25.4453
608 71 23.9521
204 72 50.7614
207 72 33.8983
302 72 25.4453
303 72 25.4453
309 72 14.556
331 72 27.137
429 72 21.4362
447 72 21.4362
448 72 21.4362
480 72 29.0698
481 72 29.0698
509 72 27.137
510 72 27.137
559 72 27.137
608 72 23.9521
90 73 57.971
204 73 50.7614
207 73 33.8983
298 73 29.0698
299 73 29.0698
309 73 14.556
429 73 21.4362
480 73 29.0698
481 73 29.0698
510 73 27.137
556 73 25.4453
608 73 23.9521
204 74 50.7614
254 74 40.6504
255 74 40.6504
298 74 27.137
299 74 27.137
302 74 25.4453
309 74 14.556
407 74 22.6244
408 74 22.6244
409 74 22.6244
480 74 29.0698
481 74 29.0698
509 74 27.137
510 74 27.137
608 74 23.9521
89 75 57.971
254 75 40.6504
255 75 40.6504
299 75 27.137
329 75 27.137
407 75 22.6244
408 75 22.6244
409 75 22.6244
445 75 21.4362
446 75 21.4362
447 75 21.4362
480 75 29.0698
481 75 29.0698
509 75 27.137
510 75 27.137
560 75 25.4453
608 75 23.9521
190 76 50.7614
299 76 27.137
408 76 22.6244
409 76 22.6244
447 76 21.4362
480 76 29.0698
481 76 29.0698
510 76 27.137
553 76 25.4453
559 76 25.4453
560 76 25.4453
608 76 23.9521
90 77 80.9717
142 77 57.971
190 77 50.7614
204 77 33.8983
299 77 27.137
310 77 25.4453
404 77 29.0698
408 77 22.6244
480 77 27.137
481 77 27.137
510 77 27.137
553 77 25.4453
559 77 25.4453
560 77 25.4453
608 77 23.9521
90 78 80.9717
143 78 57.971
148 78 27.137
292 78 27.137
293 78 27.137
299 78 18.5185
329 78 29.0698
330 78 29.0698
404 78 29.0698
480 78 27.137
481 78 27.137
509 78 27.137
510 78 27.137
553 78 25.4453
559 78 27.137
560 78 27.137
607 78 23.9521
608 78 23.9521
83 79 40.6504
293 79 27.137
299 79 18.5185
421 79 21.4362
422 79 21.4362
481 79 27.137
509 79 27.137
510 79 27.137
553 79 25.4453
559 79 27.137
560 79 27.137
83 80 40.6504
202 80 29.0698
204 80 29.0698
293 80 27.137
299 80 18.5185
421 80 21.4362
481 80 27.137
510 80 27.137
553 80 25.4453
559 80 25.4453
560 80 25.4453
84 81 40.6504
135 81 57.971
136 81 57.971
202 81 29.0698
203 81 29.0698
235 81 40.6504
293 81 27.137
294 81 27.137
299 81 27.137
440 81 21.4362
447 81 22.6244
448 81 22.6244
481 81 27.137
510 81 27.137
553 81 25.4453
559 81 25.4453
560 81 25.4453
84 82 45.1467
136 82 57.971
146 82 50.7614
170 82 36.9686
203 82 29.0698
293 82 27.137
294 82 27.137
299 82 27.137
300 82 27.137
413 82 22.6244
421 82 22.6244
422 82 22.6244
439 82 21.4362
440 82 21.4362
447 82 22.6244
448 82 22.6244
481 82 27.137
510 82 27.137
553 82 25.4453
560 82 25.4453
85 83 40.6504
90 83 40.6504
207 83 29.0698
255 83 40.6504
294 83 27.137
300 83 27.137
404 83 22.6244
405 83 22.6244
406 83 22.6244
413 83 22.6244
414 83 22.6244
434 83 21.4362
435 83 21.4362
481 83 27.137
510 83 27.137
548 83 27.137
549 83 27.137
553 83 25.4453
559 83 25.4453
560 83 25.4453
605 83 25.4453
607 83 25.4453
608 83 25.4453
609 83 23.9521
128 84 57.971
169 84 36.9686
294 84 27.137
295 84 27.137
300 84 29.0698
404 84 22.6244
405 84 21.4362
406 84 21.4362
413 84 22.6244
414 84 22.6244
434 84 21.4362
435 84 21.4362
478 84 33.8983
481 84 27.137
506 84 27.137
510 84 27.137
549 84 27.137
550 84 27.137
553 84 25.4453
559 84 25.4453
560 84 25.4453
561 84 25.4453
607 84 25.4453
608 84 25.4453
45 85 50.7614
80 85 40.6504
82 85 40.6504
128 85 57.971
129 85 57.971
169 85 36.9686
208 85 29.0698
294 85 27.137
295 85 27.137
327 85 27.137
430 85 29.0698
434 85 21.4362
435 85 21.4362
446 85 21.4362
481 85 27.137
510 85 27.137
559 85 25.4453
560 85 25.4453
610 85 23.9521
611 85 23.9521
45 86 50.7614
169 86 36.9686
204 86 33.8983
295 86 27.137
327 86 27.137
405 86 22.6244
406 86 22.6244
407 86 22.6244
427 86 22.6244
428 86 22.6244
434 86 22.6244
435 86 22.6244
445 86 21.4362
481 86 29.0698
509 86 27.137
510 86 27.137
550 86 27.137
559 86 25.4453
560 86 25.4453
568 86 23.9521
604 86 23.9521
610 86 23.9521
611 86 25.4453
45 87 50.7614
46 87 50.7614
82 87 40.6504
122 87 57.971
170 87 36.9686
295 87 27.137
296 87 27.137
327 87 27.137
405 87 23.9521
406 87 23.9521
445 87 21.4362
478 87 33.8983
481 87 29.0698
510 87 27.137
555 87 33.8983
556 87 33.8983
559 87 25.4453
560 87 25.4453
561 87 25.4453
564 87 29.0698
604 87 23.9521
610 87 25.4453
611 87 25.4453
45 88 50.7614
82 88 45.1467
83 88 45.1467
122 88 57.971
149 88 36.9686
199 88 31.2989
296 88 27.137
405 88 23.9521
478 88 33.8983
481 88 29.0698
506 88 27.137
510 88 27.137
511 88 27.137
553 88 36.9686
604 88 23.9521
610 88 25.4453
611 88 25.4453
56 89 50.7614
83 89 45.1467
142 89 57.971
146 89 33.8983
199 89 31.2989
294 89 29.0698
297 89 25.4453
444 89 22.6244
445 89 22.6244
478 89 33.8983
481 89 29.0698
506 89 27.137
509 89 27.137
510 89 27.137
604 89 23.9521
605 89 23.9521
610 89 25.4453
611 89 25.4453
44 90 45.1467
81 90 45.1467
84 90 45.1467
142 90 57.971
146 90 36.9686
202 90 31.2989
254 90 40.6504
255 90 40.6504
257 90 40.6504
294 90 33.8983
297 90 27.137
404 90 29.0698
405 90 29.0698
409 90 21.4362
444 90 22.6244
445 90 22.6244
510 90 27.137
604 90 23.9521
605 90 23.9521
610 90 25.4453
611 90 25.4453
44 91 45.1467
45 91 45.1467
115 91 67.5676
147 91 36.9686
255 91 40.6504
297 91 25.4453
298 91 25.4453
409 91 21.4362
410 91 21.4362
445 91 22.6244
510 91 27.137
604 91 23.9521
610 91 25.4453
611 91 25.4453
45 92 50.7614
51 92 50.7614
84 92 45.1467
147 92 36.9686
201 92 31.2989
232 92 27.137
294 92 36.9686
297 92 27.137
327 92 27.137
328 92 27.137
403 92 29.0698
510 92 27.137
555 92 25.4453
556 92 27.137
604 92 23.9521
610 92 25.4453
611 92 25.4453
46 93 50.7614
59 93 50.7614
79 93 45.1467
80 93 45.1467
109 93 67.5676
202 93 31.2989
203 93 31.2989
255 93 40.6504
294 93 36.9686
445 93 22.6244
481 93 27.137
482 93 27.137
510 93 27.137
584 93 33.8983
604 93 23.9521
610 93 25.4453
611 93 25.4453
46 94 50.7614
59 94 50.7614
80 94 45.1467
109 94 67.5676
148 94 36.9686
203 94 31.2989
204 94 31.2989
291 94 27.137
294 94 36.9686
426 94 21.4362
480 94 27.137
481 94 27.137
482 94 27.137
509 94 27.137
510 94 27.137
511 94 27.137
552 94 25.4453
553 94 27.137
558 94 25.4453
559 94 25.4453
560 94 25.4453
584 94 33.8983
604 94 23.9521
605 94 23.9521
610 94 25.4453
611 94 25.4453
42 95 50.7614
142 95 36.9686
143 95 36.9686
149 95 36.9686
204 95 31.2989
229 95 31.2989
291 95 29.0698
294 95 27.137
408 95 21.4362
432 95 21.4362
481 95 27.137
509 95 27.137
510 95 27.137
552 95 25.4453
553 95 25.4453
558 95 25.4453
559 95 25.4453
560 95 25.4453
604 95 23.9521
610 95 23.9521
611 95 23.9521
42 96 50.7614
45 96 50.7614
143 96 36.9686
204 96 31.2989
205 96 31.2989
209 96 22.6244
233 96 33.8983
291 96 29.0698
401 96 40.6504
405 96 23.9521
407 96 22.6244
408 96 21.4362
409 96 21.4362
432 96 21.4362
433 96 21.4362
444 96 21.4362
478 96 33.8983
481 96 27.137
553 96 25.4453
558 96 25.4453
559 96 25.4453
560 96 25.4453
568 96 29.0698
604 96 23.9521
610 96 23.9521
611 96 23.9521
42 97 50.7614
46 97 50.7614
104 97 13.1492
143 97 36.9686
169 97 40.6504
201 97 31.2989
205 97 31.2989
206 97 31.2989
233 97 33.8983
292 97 29.0698
295 97 27.137
304 97 25.4453
328 97 20.3666
400 97 40.6504
401 97 40.6504
407 97 22.6244
408 97 21.4362
427 97 29.0698
432 97 21.4362
433 97 21.4362
443 97 21.4362
478 97 33.8983
481 97 27.137
553 97 25.4453
558 97 25.4453
559 97 25.4453
560 97 25.4453
604 97 23.9521
611 97 23.9521
42 98 50.7614
43 98 50.7614
91 98 14.0548
96 98 12.7389
97 98 12.7389
98 98 12.7389
143 98 36.9686
149 98 36.9686
169 98 40.6504
202 98 31.2989
324 98 27.137
362 98 33.8983
400 98 40.6504
407 98 22.6244
433 98 21.4362
443 98 21.4362
553 98 25.4453
558 98 25.4453
559 98 25.4453
560 98 25.4453
604 98 23.9521
605 98 23.9521
610 98 23.9521
611 98 23.9521
43 99 50.7614
44 99 50.7614
57 99 50.7614
78 99 45.1467
79 99 45.1467
102 99 13.1492
103 99 13.1492
106 99 14.0548
143 99 36.9686
149 99 36.9686
150 99 36.9686
169 99 40.6504
352 99 36.9686
362 99 33.8983
509 99 27.137
510 99 27.137
511 99 27.137
553 99 25.4453
558 99 25.4453
559 99 25.4453
560 99 25.4453
604 99 23.9521
610 99 23.9521
611 99 23.9521
43 100 50.7614
44 100 50.7614
57 100 45.1467
58 100 45.1467
79 100 45.1467
80 100 45.1467
108 100 13.587
109 100 14.0548
143 100 36.9686
169 100 40.6504
170 100 40.6504
183 100 50.7614
292 100 27.137
327 100 27.137
351 100 36.9686
356 100 33.8983
437 100 31.2989
442 100 21.4362
481 100 29.0698
509 100 27.137
510 100 27.137
553 100 25.4453
558 100 25.4453
559 100 25.4453
560 100 25.4453
604 100 23.9521
611 100 23.9521
612 100 23.9521
44 101 50.7614
59 101 45.1467
80 101 45.1467
143 101 36.9686
144 101 36.9686
170 101 40.6504
183 101 50.7614
288 101 36.9686
289 101 36.9686
292 101 25.4453
293 101 25.4453
356 101 33.8983
359 101 27.137
405 101 21.4362
406 101 21.4362
441 101 22.6244
442 101 21.4362
481 101 29.0698
509 101 27.137
513 101 25.4453
543 101 45.1467
548 101 33.8983
552 101 25.4453
553 101 25.4453
560 101 25.4453
604 101 23.9521
611 101 23.9521
44 102 50.7614
59 102 50.7614
90 102 14.0548
144 102 36.9686
199 102 31.2989
200 102 31.2989
288 102 36.9686
292 102 25.4453
297 102 19.3986
355 102 33.8983
356 102 33.8983
359 102 27.137
366 102 16.2999
406 102 21.4362
444 102 21.4362
481 102 29.0698
512 102 25.4453
513 102 25.4453
548 102 33.8983
552 102 25.4453
553 102 25.4453
558 102 25.4453
559 102 25.4453
560 102 25.4453
604 102 23.9521
611 102 23.9521
59 103 45.1467
89 103 14.0548
200 103 33.8983
201 103 31.2989
203 103 31.2989
292 103 20.3666
324 103 27.137
350 103 80.9717
355 103 33.8983
358 103 33.8983
366 103 16.2999
406 103 21.4362
407 103 21.4362
411 103 17.7148
444 103 21.4362
445 103 21.4362
481 103 29.0698
512 103 25.4453
513 103 25.4453
548 103 33.8983
553 103 25.4453
560 103 25.4453
604 103 23.9521
610 103 23.9521
611 103 23.9521
612 103 23.9521
16 104 57.971
42 104 50.7614
43 104 50.7614
49 104 21.4362
59 104 45.1467
143 104 36.9686
144 104 36.9686
201 104 31.2989
203 104 31.2989
204 104 27.137
289 104 27.137
292 104 20.3666
325 104 27.137
350 104 80.9717
354 104 33.8983
355 104 33.8983
406 104 21.4362
407 104 21.4362
411 104 17.7148
444 104 21.4362
481 104 29.0698
513 104 27.137
553 104 25.4453
559 104 25.4453
560 104 25.4453
604 104 23.9521
611 104 23.9521
612 104 23.9521
16 105 57.971
17 105 57.971
43 105 50.7614
44 105 50.7614
144 105 36.9686
201 105 33.8983
289 105 27.137
292 105 21.4362
293 105 20.3666
326 105 27.137
327 105 27.137
349 105 80.9717
354 105 33.8983
355 105 33.8983
406 105 22.6244
407 105 22.6244
428 105 22.6244
429 105 22.6244
481 105 29.0698
512 105 27.137
513 105 27.137
544 105 134.228
553 105 25.4453
558 105 27.137
559 105 25.4453
560 105 25.4453
604 105 23.9521
611 105 23.9521
612 105 23.9521
12 106 50.7614
17 106 57.971
43 106 50.7614
44 106 50.7614
255 106 45.1467
289 106 27.137
292 106 21.4362
293 106 21.4362
304 106 27.137
320 106 50.7614
349 106 80.9717
354 106 36.9686
355 106 36.9686
406 106 22.6244
407 106 22.6244
423 106 21.4362
481 106 29.0698
482 106 29.0698
512 106 29.0698
543 106 134.228
553 106 25.4453
559 106 27.137
560 106 27.137
604 106 23.9521
611 106 23.9521
13 107 50.7614
17 107 57.971
23 107 50.7614
44 107 50.7614
57 107 50.7614
58 107 50.7614
88 107 14.0548
93 107 14.0548
94 107 14.0548
95 107 14.0548
203 107 33.8983
204 107 33.8983
255 107 45.1467
289 107 27.137
290 107 27.137
293 107 21.4362
297 107 20.3666
349 107 80.9717
406 107 23.9521
407 107 22.6244
408 107 22.6244
409 107 21.4362
448 107 22.6244
449 107 22.6244
481 107 31.2989
512 107 29.0698
540 107 200
553 107 25.4453
559 107 27.137
560 107 27.137
561 107 25.4453
604 107 23.9521
611 107 23.9521
612 107 23.9521
23 108 50.7614
58 108 50.7614
80 108 50.7614
94 108 14.0548
95 108 14.0548
139 108 57.971
204 108 33.8983
205 108 33.8983
208 108 31.2989
255 108 45.1467
289 108 29.0698
290 108 29.0698
293 108 21.4362
307 108 27.137
406 108 23.9521
407 108 22.6244
408 108 22.6244
449 108 22.6244
481 108 31.2989
482 108 31.2989
506 108 27.137
540 108 200
553 108 25.4453
558 108 27.137
559 108 27.137
560 108 27.137
561 108 25.4453
604 108 23.9521
605 108 23.9521
611 108 23.9521
23 109 50.7614
43 109 50.7614
61 109 45.1467
169 109 45.1467
204 109 33.8983
205 109 33.8983
206 109 31.2989
255 109 45.1467
290 109 29.0698
293 109 27.137
294 109 27.137
360 109 22.6244
364 109 18.5185
448 109 22.6244
481 109 31.2989
482 109 31.2989
512 109 29.0698
553 109 25.4453
554 109 25.4453
558 109 27.137
559 109 27.137
560 109 27.137
604 109 23.9521
611 109 25.4453
11 110 50.7614
12 110 50.7614
44 110 50.7614
61 110 45.1467
255 110 45.1467
290 110 29.0698
294 110 29.0698
354 110 36.9686
355 110 36.9686
360 110 22.6244
364 110 20.3666
407 110 23.9521
408 110 23.9521
448 110 22.6244
449 110 22.6244
481 110 29.0698
553 110 25.4453
559 110 27.137
560 110 27.137
604 110 23.9521
611 110 25.4453
612 110 25.4453
12 111 50.7614
44 111 50.7614
255 111 45.1467
287 111 27.137
290 111 27.137
301 111 27.137
354 111 36.9686
355 111 33.8983
360 111 22.6244
363 111 20.3666
407 111 22.6244
408 111 22.6244
409 111 22.6244
445 111 27.137
448 111 22.6244
449 111 22.6244
481 111 29.0698
482 111 29.0698
483 111 29.0698
484 111 27.137
512 111 29.0698
513 111 29.0698
538 111 33.8983
553 111 25.4453
559 111 27.137
560 111 27.137
604 111 23.9521
605 111 23.9521
611 111 25.4453
612 111 25.4453
12 112 50.7614
13 112 50.7614
45 112 50.7614
156 112 33.8983
287 112 27.137
288 112 27.137
290 112 27.137
348 112 101.01
350 112 101.01
351 112 57.971
355 112 33.8983
356 112 33.8983
360 112 22.6244
362 112 22.6244
408 112 22.6244
409 112 22.6244
481 112 29.0698
482 112 29.0698
483 112 29.0698
484 112 27.137
512 112 29.0698
553 112 25.4453
558 112 27.137
559 112 27.137
560 112 27.137
561 112 25.4453
604 112 23.9521
611 112 25.4453
612 112 25.4453
21 113 57.971
44 113 50.7614
45 113 50.7614
57 113 50.7614
58 113 45.1467
125 113 57.971
183 113 50.7614
288 113 27.137
291 113 23.9521
296 113 16.9779
297 113 16.9779
348 113 101.01
351 113 57.971
355 113 33.8983
356 113 33.8983
357 113 33.8983
362 113 22.6244
414 113 21.4362
506 113 27.137
512 113 29.0698
553 113 25.4453
554 113 25.4453
559 113 25.4453
560 113 25.4453
604 113 23.9521
611 113 25.4453
612 113 25.4453
45 114 50.7614
46 114 50.7614
60 114 45.1467
183 114 50.7614
201 114 23.9521
288 114 27.137
292 114 25.4453
297 114 16.9779
348 114 101.01
356 114 33.8983
357 114 33.8983
408 114 22.6244
409 114 22.6244
410 114 22.6244
424 114 21.4362
447 114 21.4362
448 114 21.4362
506 114 27.137
539 114 33.8983
553 114 25.4453
559 114 25.4453
560 114 25.4453
604 114 23.9521
611 114 25.4453
612 114 25.4453
12 115 50.7614
60 115 45.1467
136 115 57.971
142 115 40.6504
198 115 33.8983
201 115 31.2989
202 115 23.9521
289 115 27.137
293 115 25.4453
322 115 25.4453
348 115 134.228
408 115 22.6244
409 115 22.6244
410 115 22.6244
416 115 21.4362
506 115 27.137
512 115 29.0698
553 115 25.4453
554 115 25.4453
559 115 27.137
560 115 27.137
561 115 25.4453
604 115 23.9521
605 115 23.9521
611 115 25.4453
612 115 25.4453
12 116 57.971
44 116 50.7614
45 116 50.7614
60 116 50.7614
77 116 45.1467
136 116 57.971
137 116 57.971
144 116 36.9686
255 116 45.1467
289 116 27.137
290 116 27.137
291 116 27.137
411 116 21.4362
451 116 21.4362
506 116 27.137
512 116 29.0698
513 116 29.0698
539 116 33.8983
540 116 33.8983
553 116 25.4453
554 116 25.4453
558 116 27.137
559 116 27.137
560 116 27.137
561 116 25.4453
604 116 23.9521
611 116 25.4453
612 116 25.4453
12 117 57.971
60 117 50.7614
77 117 45.1467
145 117 40.6504
191 117 50.7614
199 117 31.2989
290 117 27.137
291 117 27.137
408 117 22.6244
411 117 21.4362
412 117 21.4362
438 117 40.6504
480 117 29.0698
481 117 29.0698
482 117 27.137
483 117 27.137
484 117 27.137
506 117 27.137
512 117 29.0698
553 117 25.4453
558 117 27.137
559 117 25.4453
560 117 25.4453
605 117 23.9521
611 117 25.4453
612 117 25.4453
12 118 57.971
13 118 57.971
39 118 57.971
44 118 50.7614
60 118 50.7614
77 118 45.1467
93 118 14.556
94 118 14.556
129 118 57.971
191 118 50.7614
291 118 27.137
399 118 22.6244
411 118 21.4362
412 118 21.4362
427 118 21.4362
428 118 21.4362
481 118 29.0698
482 118 29.0698
506 118 27.137
540 118 31.2989
541 118 31.2989
542 118 31.2989
553 118 25.4453
554 118 25.4453
559 118 27.137
560 118 27.137
605 118 23.9521
610 118 25.4453
611 118 25.4453
612 118 25.4453
13 119 57.971
39 119 57.971
44 119 50.7614
45 119 50.7614
78 119 50.7614
94 119 14.556
95 119 14.0548
169 119 36.9686
399 119 22.6244
400 119 22.6244
405 119 33.8983
406 119 33.8983
411 119 22.6244
412 119 21.4362
414 119 21.4362
512 119 29.0698
553 119 25.4453
554 119 25.4453
559 119 27.137
560 119 27.137
561 119 25.4453
14 120 57.971
22 120 57.971
40 120 57.971
45 120 50.7614
78 120 50.7614
122 120 57.971
198 120 33.8983
199 120 33.8983
233 120 50.7614
288 120 27.137
405 120 33.8983
449 120 22.6244
450 120 22.6244
481 120 29.0698
482 120 29.0698
483 120 29.0698
512 120 29.0698
541 120 31.2989
542 120 31.2989
543 120 31.2989
553 120 25.4453
554 120 25.4453
559 120 27.137
560 120 27.137
10 121 57.971
22 121 57.971
40 121 57.971
45 121 50.7614
97 121 14.556
123 121 57.971
136 121 67.5676
199 121 33.8983
201 121 33.8983
202 121 25.4453
233 121 50.7614
255 121 45.1467
288 121 27.137
289 121 27.137
425 121 21.4362
426 121 21.4362
444 121 31.2989
449 121 22.6244
450 121 22.6244
483 121 29.0698
542 121 31.2989
553 121 25.4453
554 121 25.4453
558 121 27.137
559 121 27.137
560 121 27.137
10 122 50.7614
14 122 57.971
22 122 57.971
62 122 45.1467
136 122 67.5676
139 122 33.8983
169 122 36.9686
199 122 33.8983
202 122 25.4453
255 122 45.1467
288 122 27.137
289 122 27.137
322 122 27.137
412 122 22.6244
413 122 22.6244
553 122 25.4453
554 122 25.4453
558 122 27.137
559 122 27.137
560 122 27.137
579 122 45.1467
580 122 45.1467
581 122 45.1467
10 123 57.971
11 123 57.971
14 123 57.971
22 123 57.971
41 123 50.7614
67 123 134.228
99 123 14.0548
140 123 33.8983
170 123 36.9686
199 123 33.8983
200 123 33.8983
207 123 17.7148
255 123 45.1467
289 123 27.137
322 123 27.137
407 123 22.6244
408 123 22.6244
412 123 22.6244
413 123 22.6244
448 123 22.6244
482 123 29.0698
512 123 29.0698
553 123 25.4453
554 123 25.4453
558 123 27.137
559 123 27.137
560 123 27.137
561 123 25.4453
566 123 18.5185
567 123 18.5185
568 123 18.5185
11 124 57.971
41 124 50.7614
100 124 14.556
200 124 33.8983
255 124 45.1467
289 124 27.137
290 124 27.137
294 124 20.3666
303 124 12.7389
322 124 27.137
408 124 21.4362
409 124 21.4362
434 124 23.9521
436 124 23.9521
450 124 23.9521
481 124 29.0698
482 124 29.0698
483 124 29.0698
506 124 27.137
507 124 27.137
537 124 36.9686
553 124 25.4453
554 124 25.4453
558 124 27.137
559 124 27.137
560 124 27.137
561 124 25.4453
562 124 25.4453
606 124 27.137
608 124 23.9521
609 124 23.9521
610 124 23.9521
12 125 57.971
26 125 67.5676
42 125 50.7614
146 125 36.9686
200 125 33.8983
203 125 33.8983
289 125 27.137
290 125 27.137
294 125 20.3666
303 125 13.1492
322 125 27.137
483 125 29.0698
553 125 25.4453
558 125 27.137
559 125 27.137
605 125 27.137
606 125 25.4453
608 125 23.9521
609 125 23.9521
610 125 23.9521
13 126 57.971
26 126 67.5676
34 126 67.5676
63 126 33.8983
168 126 36.9686
201 126 33.8983
290 126 27.137
291 126 27.137
304 126 12.7389
322 126 27.137
408 126 21.4362
482 126 27.137
483 126 27.137
484 126 27.137
512 126 29.0698
538 126 36.9686
549 126 50.7614
550 126 50.7614
608 126 23.9521
609 126 23.9521
10 127 57.971
13 127 57.971
14 127 57.971
41 127 50.7614
138 127 57.971
201 127 33.8983
290 127 27.137
291 127 27.137
301 127 15.0943
408 127 21.4362
409 127 21.4362
430 127 21.4362
449 127 21.4362
608 127 25.4453
609 127 23.9521
10 128 57.971
136 128 57.971
172 128 36.9686
201 128 33.8983
202 128 33.8983
292 128 27.137
408 128 22.6244
409 128 21.4362
411 128 21.4362
608 128 23.9521
609 128 23.9521
10 129 57.971
42 129 50.7614
69 129 134.228
202 129 33.8983
289 129 27.137
292 129 27.137
293 129 27.137
297 129 19.3986
483 129 27.137
512 129 29.0698
513 129 29.0698
608 129 23.9521
609 129 23.9521
10 130 57.971
11 130 57.971
12 130 57.971
42 130 50.7614
202 130 33.8983
203 130 33.8983
256 130 40.6504
289 130 27.137
293 130 27.137
408 130 23.9521
512 130 29.0698
513 130 29.0698
609 130 23.9521
12 131 57.971
35 131 67.5676
43 131 50.7614
139 131 36.9686
203 131 33.8983
289 131 29.0698
412 131 22.6244
413 131 22.6244
436 131 21.4362
554 131 29.0698
556 131 25.4453
557 131 25.4453
558 131 25.4453
559 131 25.4453
609 131 23.9521
13 132 57.971
43 132 50.7614
122 132 57.971
144 132 36.9686
190 132 45.1467
412 132 22.6244
413 132 22.6244
419 132 21.4362
483 132 27.137
506 132 27.137
507 132 27.137
553 132 29.0698
554 132 27.137
556 132 25.4453
557 132 25.4453
558 132 25.4453
580 132 45.1467
609 132 23.9521
13 133 57.971
44 133 50.7614
190 133 45.1467
287 133 36.9686
290 133 29.0698
292 133 27.137
324 133 27.137
408 133 22.6244
413 133 22.6244
483 133 27.137
484 133 27.137
507 133 27.137
554 133 27.137
557 133 25.4453
580 133 45.1467
609 133 23.9521
6 134 134.228
7 134 134.228
93 134 14.0548
100 134 10.1937
139 134 36.9686
200 134 33.8983
288 134 36.9686
292 134 27.137
293 134 27.137
324 134 27.137
408 134 22.6244
409 134 22.6244
482 134 27.137
483 134 27.137
484 134 27.137
554 134 25.4453
557 134 25.4453
580 134 45.1467
581 134 45.1467
609 134 23.9521
7 135 134.228
39 135 67.5676
92 135 14.0548
93 135 14.0548
104 135 14.556
105 135 14.556
139 135 36.9686
200 135 33.8983
201 135 33.8983
288 135 36.9686
289 135 36.9686
292 135 27.137
293 135 27.137
408 135 22.6244
409 135 22.6244
416 135 22.6244
417 135 22.6244
444 135 22.6244
445 135 22.6244
483 135 27.137
484 135 27.137
554 135 25.4453
555 135 25.4453
580 135 45.1467
609 135 23.9521
39 136 67.5676
104 136 14.556
105 136 14.556
139 136 36.9686
140 136 36.9686
169 136 50.7614
200 136 33.8983
201 136 33.8983
289 136 40.6504
293 136 27.137
408 136 21.4362
409 136 21.4362
413 136 17.7148
417 136 22.6244
440 136 21.4362
443 136 22.6244
444 136 22.6244
481 136 29.0698
482 136 29.0698
483 136 29.0698
484 136 29.0698
487 136 45.1467
488 136 45.1467
510 136 27.137
511 136 27.137
512 136 27.137
554 136 25.4453
555 136 25.4453
557 136 25.4453
558 136 25.4453
561 136 25.4453
580 136 45.1467
581 136 45.1467
606 136 23.9521
609 136 23.9521
39 137 67.5676
140 137 36.9686
142 137 36.9686
169 137 50.7614
201 137 33.8983
255 137 40.6504
256 137 40.6504
261 137 23.9521
296 137 27.137
409 137 21.4362
478 137 200
506 137 33.8983
510 137 27.137
511 137 27.137
536 137 33.8983
537 137 33.8983
554 137 25.4453
555 137 25.4453
558 137 25.4453
561 137 25.4453
580 137 45.1467
606 137 23.9521
609 137 23.9521
26 138 80.9717
39 138 67.5676
201 138 33.8983
202 138 33.8983
256 138 40.6504
510 138 27.137
511 138 27.137
537 138 33.8983
554 138 25.4453
555 138 25.4453
609 138 23.9521
202 139 33.8983
256 139 40.6504
322 139 27.137
412 139 25.4453
442 139 21.4362
443 139 21.4362
510 139 27.137
511 139 27.137
538 139 33.8983
554 139 25.4453
558 139 25.4453
609 139 23.9521
37 140 80.9717
145 140 36.9686
184 140 57.971
203 140 31.2989
256 140 45.1467
285 140 27.137
288 140 27.137
317 140 45.1467
322 140 27.137
412 140 25.4453
413 140 25.4453
415 140 22.6244
416 140 21.4362
417 140 21.4362
422 140 18.5185
441 140 21.4362
442 140 21.4362
481 140 29.0698
482 140 29.0698
483 140 29.0698
510 140 29.0698
511 140 29.0698
554 140 25.4453
560 140 25.4453
561 140 25.4453
609 140 23.9521
138 141 67.5676
184 141 57.971
200 141 33.8983
256 141 45.1467
285 141 27.137
286 141 27.137
293 141 17.7148
317 141 45.1467
419 141 21.4362
422 141 21.4362
426 141 23.9521
481 141 29.0698
482 141 29.0698
483 141 29.0698
510 141 29.0698
511 141 29.0698
554 141 25.4453
555 141 25.4453
558 141 25.4453
561 141 25.4453
609 141 23.9521
38 142 80.9717
39 142 80.9717
44 142 57.971
184 142 57.971
200 142 33.8983
201 142 33.8983
256 142 45.1467
286 142 27.137
293 142 17.7148
313 142 134.228
419 142 21.4362
426 142 23.9521
427 142 22.6244
481 142 29.0698
482 142 29.0698
483 142 29.0698
510 142 29.0698
511 142 29.0698
539 142 33.8983
540 142 33.8983
554 142 25.4453
555 142 25.4453
609 142 23.9521
39 143 80.9717
140 143 67.5676
144 143 33.8983
154 143 36.9686
201 143 33.8983
260 143 45.1467
286 143 29.0698
287 143 27.137
293 143 17.7148
294 143 17.7148
313 143 134.228
420 143 22.6244
424 143 23.9521
426 143 23.9521
427 143 22.6244
439 143 21.4362
481 143 29.0698
482 143 29.0698
483 143 29.0698
510 143 29.0698
511 143 29.0698
554 143 25.4453
555 143 25.4453
609 143 23.9521
201 144 33.8983
256 144 50.7614
287 144 29.0698
288 144 27.137
294 144 18.5185
419 144 22.6244
420 144 22.6244
426 144 22.6244
427 144 22.6244
510 144 29.0698
511 144 29.0698
554 144 25.4453
555 144 25.4453
609 144 23.9521
133 145 67.5676
233 145 50.7614
234 145 50.7614
288 145 29.0698
289 145 27.137
300 145 15.674
418 145 45.1467
419 145 22.6244
426 145 22.6244
427 145 22.6244
482 145 29.0698
483 145 29.0698
510 145 27.137
511 145 27.137
554 145 25.4453
555 145 25.4453
558 145 27.137
561 145 25.4453
609 145 23.9521
10 146 50.7614
289 146 29.0698
290 146 27.137
291 146 27.137
299 146 15.674
300 146 15.674
322 146 27.137
323 146 27.137
417 146 45.1467
418 146 45.1467
419 146 45.1467
427 146 22.6244
428 146 22.6244
482 146 27.137
483 146 27.137
510 146 27.137
511 146 27.137
554 146 25.4453
555 146 25.4453
561 146 25.4453
609 146 23.9521
126 147 57.971
260 147 50.7614
290 147 27.137
291 147 27.137
299 147 15.674
300 147 15.674
322 147 27.137
323 147 27.137
416 147 50.7614
417 147 50.7614
427 147 22.6244
428 147 22.6244
511 147 27.137
540 147 33.8983
541 147 33.8983
554 147 25.4453
555 147 25.4453
560 147 25.4453
561 147 25.4453
572 147 31.2989
609 147 23.9521
119 148 67.5676
227 148 31.2989
228 148 31.2989
260 148 50.7614
291 148 27.137
292 148 27.137
300 148 16.2999
301 148 16.2999
322 148 27.137
323 148 27.137
416 148 50.7614
427 148 22.6244
428 148 22.6244
433 148 22.6244
482 148 27.137
483 148 27.137
484 148 27.137
511 148 27.137
541 148 33.8983
542 148 33.8983
554 148 25.4453
557 148 25.4453
558 148 25.4453
561 148 25.4453
609 148 23.9521
119 149 67.5676
136 149 57.971
137 149 57.971
185 149 50.7614
228 149 31.2989
258 149 50.7614
292 149 27.137
428 149 22.6244
429 149 22.6244
433 149 22.6244
434 149 22.6244
510 149 27.137
511 149 27.137
540 149 33.8983
541 149 33.8983
542 149 33.8983
554 149 25.4453
558 149 25.4453
561 149 25.4453
609 149 23.9521
113 150 57.971
137 150 57.971
197 150 33.8983
236 150 33.8983
321 150 27.137
322 150 27.137
421 150 36.9686
422 150 36.9686
428 150 22.6244
433 150 22.6244
434 150 22.6244
482 150 27.137
483 150 27.137
510 150 27.137
511 150 27.137
512 150 27.137
554 150 25.4453
555 150 25.4453
558 150 25.4453
561 150 25.4453
609 150 23.9521
130 151 57.971
140 151 33.8983
236 151 33.8983
288 151 29.0698
289 151 29.0698
321 151 27.137
322 151 27.137
428 151 22.6244
434 151 22.6244
482 151 29.0698
483 151 29.0698
511 151 27.137
542 151 33.8983
554 151 25.4453
555 151 25.4453
609 151 23.9521
29 152 101.01
130 152 57.971
140 152 33.8983
199 152 33.8983
289 152 29.0698
290 152 29.0698
292 152 27.137
293 152 27.137
318 152 36.9686
321 152 27.137
428 152 22.6244
429 152 22.6244
434 152 22.6244
511 152 27.137
554 152 25.4453
555 152 25.4453
561 152 25.4453
609 152 23.9521
29 153 101.01
123 153 67.5676
141 153 33.8983
154 153 33.8983
184 153 57.971
199 153 33.8983
200 153 33.8983
234 153 45.1467
256 153 45.1467
260 153 25.4453
290 153 29.0698
292 153 27.137
293 153 27.137
294 153 27.137
321 153 27.137
428 153 22.6244
429 153 22.6244
434 153 22.6244
482 153 29.0698
483 153 29.0698
484 153 29.0698
511 153 27.137
554 153 25.4453
555 153 25.4453
561 153 25.4453
562 153 25.4453
609 153 23.9521
29 154 101.01
30 154 101.01
123 154 67.5676
142 154 36.9686
143 154 36.9686
200 154 33.8983
207 154 18.5185
237 154 45.1467
256 154 45.1467
263 154 67.5676
293 154 25.4453
428 154 22.6244
429 154 22.6244
434 154 22.6244
435 154 22.6244
482 154 31.2989
510 154 27.137
511 154 27.137
512 154 27.137
541 154 33.8983
542 154 33.8983
543 154 33.8983
554 154 25.4453
555 154 25.4453
558 154 25.4453
561 154 25.4453
604 154 25.4453
609 154 23.9521
610 154 23.9521
30 155 101.01
116 155 67.5676
117 155 67.5676
123 155 67.5676
184 155 57.971
190 155 50.7614
201 155 33.8983
210 155 31.2989
234 155 45.1467
256 155 45.1467
428 155 22.6244
435 155 21.4362
511 155 27.137
541 155 33.8983
542 155 33.8983
543 155 33.8983
544 155 31.2989
545 155 27.137
546 155 27.137
554 155 25.4453
555 155 25.4453
561 155 25.4453
604 155 25.4453
609 155 23.9521
8 156 57.971
43 156 50.7614
123 156 67.5676
237 156 45.1467
263 156 67.5676
295 156 27.137
296 156 16.2999
302 156 12.3533
427 156 22.6244
435 156 21.4362
481 156 31.2989
482 156 31.2989
483 156 31.2989
511 156 27.137
512 156 27.137
546 156 27.137
547 156 25.4453
548 156 25.4453
554 156 25.4453
555 156 25.4453
561 156 25.4453
562 156 25.4453
609 156 23.9521
7 157 57.971
29 157 134.228
237 157 45.1467
287 157 29.0698
288 157 27.137
296 157 16.2999
352 157 36.9686
353 157 36.9686
363 157 33.8983
426 157 22.6244
427 157 22.6244
435 157 21.4362
511 157 27.137
512 157 27.137
515 157 27.137
548 157 25.4453
549 157 25.4453
555 157 25.4453
558 157 25.4453
561 157 25.4453
604 157 25.4453
609 157 23.9521
613 157 23.9521
105 158 67.5676
130 158 57.971
193 158 50.7614
237 158 45.1467
287 158 29.0698
288 158 27.137
290 158 27.137
352 158 36.9686
357 158 22.6244
360 158 50.7614
363 158 31.2989
426 158 22.6244
427 158 22.6244
428 158 22.6244
434 158 22.6244
482 158 31.2989
483 158 31.2989
511 158 27.137
512 158 27.137
515 158 27.137
516 158 27.137
550 158 25.4453
555 158 25.4453
561 158 25.4453
604 158 25.4453
609 158 23.9521
613 158 23.9521
105 159 67.5676
142 159 36.9686
193 159 50.7614
237 159 45.1467
287 159 29.0698
288 159 27.137
290 159 27.137
291 159 27.137
351 159 36.9686
357 159 33.8983
360 159 50.7614
426 159 22.6244
427 159 22.6244
428 159 22.6244
434 159 22.6244
482 159 29.0698
483 159 29.0698
511 159 27.137
512 159 27.137
515 159 27.137
554 159 25.4453
555 159 25.4453
561 159 25.4453
604 159 25.4453
609 159 23.9521
613 159 23.9521
7 160 57.971
25 160 57.971
142 160 36.9686
143 160 36.9686
193 160 50.7614
234 160 45.1467
237 160 45.1467
288 160 29.0698
291 160 40.6504
299 160 33.8983
310 160 16.2999
351 160 67.5676
356 160 33.8983
360 160 50.7614
365 160 33.8983
427 160 22.6244
428 160 22.6244
434 160 22.6244
482 160 29.0698
483 160 29.0698
484 160 29.0698
511 160 27.137
512 160 27.137
515 160 27.137
554 160 25.4453
555 160 25.4453
561 160 25.4453
562 160 25.4453
581 160 45.1467
582 160 40.6504
604 160 25.4453
605 160 25.4453
609 160 23.9521
612 160 23.9521
613 160 23.9521
7 161 57.971
8 161 57.971
9 161 57.971
35 161 67.5676
143 161 36.9686
144 161 36.9686
193 161 50.7614
234 161 45.1467
237 161 45.1467
238 161 45.1467
260 161 31.2989
288 161 36.9686
289 161 29.0698
292 161 40.6504
295 161 57.971
296 161 57.971
299 161 33.8983
302 161 27.137
310 161 16.9779
351 161 80.9717
356 161 33.8983
360 161 50.7614
362 161 50.7614
364 161 33.8983
427 161 22.6244
428 161 22.6244
434 161 22.6244
507 161 27.137
511 161 27.137
512 161 27.137
537 161 31.2989
548 161 67.5676
555 161 25.4453
561 161 25.4453
562 161 25.4453
580 161 45.1467
581 161 45.1467
582 161 40.6504
584 161 33.8983
585 161 31.2989
609 161 23.9521
8 162 57.971
35 162 67.5676
144 162 36.9686
145 162 36.9686
193 162 50.7614
209 162 29.0698
260 162 31.2989
264 162 57.971
289 162 67.5676
292 162 200
296 162 57.971
297 162 36.9686
299 162 33.8983
300 162 29.0698
301 162 27.137
302 162 27.137
303 162 27.137
310 162 16.9779
350 162 80.9717
351 162 80.9717
355 162 36.9686
356 162 36.9686
360 162 50.7614
362 162 50.7614
427 162 22.6244
428 162 22.6244
434 162 22.6244
484 162 29.0698
507 162 27.137
511 162 27.137
512 162 27.137
515 162 27.137
537 162 31.2989
558 162 25.4453
561 162 25.4453
584 162 33.8983
585 162 31.2989
586 162 31.2989
587 162 31.2989
597 162 27.137
8 163 57.971
9 163 57.971
145 163 36.9686
193 163 50.7614
206 163 50.7614
257 163 45.1467
260 163 31.2989
290 163 67.5676
293 163 200
296 163 57.971
297 163 50.7614
302 163 27.137
303 163 27.137
309 163 17.7148
310 163 17.7148
350 163 80.9717
355 163 33.8983
356 163 33.8983
427 163 22.6244
428 163 22.6244
434 163 22.6244
482 163 29.0698
483 163 29.0698
484 163 29.0698
507 163 27.137
511 163 27.137
512 163 27.137
542 163 200
558 163 25.4453
130 164 57.971
193 164 50.7614
237 164 45.1467
238 164 45.1467
261 164 40.6504
302 164 27.137
303 164 27.137
304 164 27.137
310 164 17.7148
350 164 80.9717
427 164 22.6244
428 164 22.6244
434 164 22.6244
435 164 22.6244
482 164 29.0698
483 164 29.0698
484 164 29.0698
511 164 27.137
515 164 27.137
554 164 25.4453
555 164 25.4453
558 164 25.4453
165 165 36.9686
193 165 50.7614
237 165 45.1467
238 165 45.1467
261 165 40.6504
303 165 27.137
304 165 27.137
310 165 17.7148
427 165 22.6244
428 165 22.6244
434 165 21.4362
435 165 21.4362
483 165 29.0698
511 165 27.137
512 165 27.137
555 165 25.4453
558 165 25.4453
184 166 57.971
193 166 50.7614
206 166 45.1467
207 166 45.1467
213 166 33.8983
222 166 36.9686
237 166 45.1467
303 166 27.137
304 166 27.137
310 166 17.7148
435 166 21.4362
482 166 29.0698
483 166 29.0698
511 166 27.137
512 166 27.137
515 166 27.137
609 166 23.9521
610 166 23.9521
30 167 80.9717
69 167 101.01
143 167 36.9686
163 167 36.9686
184 167 57.971
193 167 50.7614
213 167 33.8983
221 167 40.6504
222 167 36.9686
224 167 36.9686
237 167 45.1467
238 167 45.1467
303 167 29.0698
304 167 29.0698
309 167 18.5185
310 167 18.5185
360 167 33.8983
362 167 29.0698
364 167 29.0698
426 167 22.6244
427 167 22.6244
435 167 22.6244
482 167 29.0698
483 167 29.0698
484 167 29.0698
511 167 27.137
512 167 27.137
515 167 27.137
607 167 23.9521
609 167 23.9521
610 167 23.9521
8 168 57.971
143 168 36.9686
144 168 36.9686
159 168 33.8983
193 168 50.7614
213 168 33.8983
224 168 36.9686
303 168 27.137
304 168 27.137
310 168 18.5185
351 168 67.5676
355 168 36.9686
356 168 36.9686
361 168 25.4453
363 168 23.9521
426 168 22.6244
427 168 22.6244
435 168 22.6244
482 168 29.0698
483 168 29.0698
484 168 29.0698
507 168 27.137
511 168 27.137
512 168 27.137
607 168 23.9521
609 168 23.9521
610 168 23.9521
147 169 36.9686
193 169 50.7614
213 169 33.8983
256 169 45.1467
266 169 40.6504
304 169 27.137
305 169 27.137
310 169 18.5185
348 169 200
351 169 67.5676
352 169 67.5676
356 169 36.9686
357 169 36.9686
361 169 25.4453
426 169 22.6244
427 169 22.6244
428 169 22.6244
435 169 22.6244
482 169 29.0698
483 169 29.0698
484 169 29.0698
607 169 23.9521
609 169 23.9521
610 169 23.9521
148 170 36.9686
153 170 36.9686
154 170 36.9686
193 170 50.7614
256 170 45.1467
266 170 40.6504
305 170 27.137
310 170 19.3986
351 170 67.5676
352 170 67.5676
356 170 36.9686
357 170 36.9686
361 170 25.4453
364 170 20.3666
427 170 22.6244
435 170 22.6244
482 170 29.0698
483 170 29.0698
484 170 29.0698
557 170 25.4453
558 170 25.4453
607 170 25.4453
609 170 23.9521
610 170 25.4453
154 171 36.9686
193 171 50.7614
252 171 40.6504
260 171 27.137
266 171 40.6504
305 171 27.137
310 171 19.3986
349 171 134.228
352 171 67.5676
353 171 67.5676
357 171 36.9686
358 171 36.9686
361 171 27.137
364 171 21.4362
435 171 22.6244
482 171 29.0698
483 171 29.0698
484 171 29.0698
554 171 31.2989
555 171 29.0698
557 171 25.4453
558 171 25.4453
559 171 25.4453
585 171 29.0698
607 171 25.4453
609 171 23.9521
610 171 25.4453
11 172 57.971
146 172 36.9686
154 172 36.9686
193 172 50.7614
206 172 57.971
212 172 33.8983
213 172 33.8983
219 172 31.2989
266 172 40.6504
305 172 29.0698
310 172 19.3986
350 172 80.9717
353 172 67.5676
358 172 36.9686
359 172 33.8983
426 172 22.6244
427 172 22.6244
431 172 29.0698
435 172 22.6244
552 172 31.2989
554 172 31.2989
557 172 25.4453
558 172 25.4453
559 172 25.4453
607 172 25.4453
609 172 23.9521
610 172 25.4453
146 173 36.9686
193 173 50.7614
194 173 50.7614
212 173 33.8983
213 173 33.8983
237 173 45.1467
252 173 40.6504
266 173 40.6504
305 173 29.0698
306 173 29.0698
310 173 19.3986
425 173 22.6244
426 173 22.6244
427 173 22.6244
435 173 22.6244
507 173 33.8983
511 173 27.137
554 173 31.2989
557 173 25.4453
558 173 25.4453
559 173 25.4453
607 173 25.4453
609 173 23.9521
610 173 25.4453
4 174 80.9717
9 174 57.971
164 174 57.971
170 174 50.7614
213 174 33.8983
237 174 45.1467
266 174 40.6504
305 174 29.0698
310 174 19.3986
425 174 22.6244
426 174 22.6244
435 174 22.6244
506 174 33.8983
507 174 33.8983
510 174 27.137
511 174 27.137
512 174 27.137
554 174 31.2989
557 174 25.4453
558 174 25.4453
559 174 25.4453
607 174 23.9521
609 174 23.9521
610 174 23.9521
4 175 80.9717
164 175 57.971
220 175 33.8983
266 175 40.6504
305 175 29.0698
306 175 29.0698
310 175 19.3986
425 175 22.6244
426 175 22.6244
435 175 22.6244
511 175 27.137
512 175 27.137
554 175 31.2989
558 175 25.4453
607 175 23.9521
609 175 23.9521
610 175 23.9521
148 176 57.971
154 176 36.9686
228 176 45.1467
252 176 40.6504
266 176 40.6504
305 176 29.0698
306 176 29.0698
310 176 19.3986
426 176 22.6244
427 176 22.6244
435 176 22.6244
481 176 29.0698
482 176 27.137
483 176 27.137
484 176 27.137
511 176 27.137
512 176 27.137
554 176 31.2989
558 176 25.4453
559 176 25.4453
607 176 23.9521
610 176 23.9521
70 177 101.01
75 177 101.01
76 177 101.01
77 177 101.01
78 177 57.971
148 177 57.971
154 177 36.9686
158 177 33.8983
206 177 45.1467
207 177 45.1467
252 177 40.6504
266 177 40.6504
305 177 29.0698
310 177 19.3986
311 177 19.3986
426 177 22.6244
427 177 22.6244
428 177 22.6244
435 177 22.6244
482 177 27.137
483 177 27.137
484 177 27.137
511 177 27.137
512 177 27.137
554 177 31.2989
557 177 25.4453
558 177 25.4453
559 177 25.4453
607 177 23.9521
609 177 23.9521
610 177 23.9521
70 178 101.01
140 178 57.971
154 178 36.9686
207 178 45.1467
224 178 31.2989
252 178 40.6504
266 178 40.6504
305 178 29.0698
310 178 19.3986
427 178 22.6244
431 178 18.5185
435 178 22.6244
482 178 29.0698
483 178 29.0698
484 178 27.137
511 178 27.137
512 178 27.137
558 178 25.4453
610 178 23.9521
133 179 57.971
140 179 57.971
193 179 50.7614
207 179 45.1467
252 179 40.6504
266 179 40.6504
267 179 40.6504
305 179 29.0698
310 179 19.3986
427 179 22.6244
431 179 18.5185
432 179 18.5185
435 179 22.6244
482 179 29.0698
483 179 29.0698
484 179 29.0698
511 179 27.137
512 179 27.137
558 179 25.4453
607 179 23.9521
610 179 23.9521
17 180 57.971
70 180 101.01
90 180 45.1467
126 180 67.5676
133 180 57.971
193 180 50.7614
244 180 50.7614
266 180 40.6504
426 180 22.6244
427 180 22.6244
435 180 22.6244
482 180 29.0698
483 180 29.0698
484 180 29.0698
511 180 27.137
512 180 27.137
558 180 25.4453
607 180 23.9521
610 180 23.9521
17 181 57.971
78 181 80.9717
119 181 67.5676
126 181 67.5676
161 181 50.7614
185 181 57.971
204 181 45.1467
222 181 45.1467
266 181 40.6504
427 181 22.6244
428 181 22.6244
435 181 22.6244
482 181 29.0698
483 181 29.0698
511 181 27.137
512 181 27.137
558 181 25.4453
607 181 23.9521
610 181 23.9521
17 182 57.971
78 182 80.9717
79 182 80.9717
152 182 40.6504
153 182 40.6504
224 182 45.1467
252 182 40.6504
261 182 45.1467
266 182 40.6504
310 182 27.137
427 182 22.6244
428 182 22.6244
435 182 22.6244
482 182 29.0698
483 182 29.0698
484 182 29.0698
511 182 27.137
512 182 27.137
558 182 25.4453
610 182 23.9521
5 183 80.9717
78 183 80.9717
145 183 67.5676
153 183 40.6504
204 183 45.1467
207 183 45.1467
244 183 45.1467
252 183 45.1467
261 183 45.1467
266 183 40.6504
310 183 27.137
427 183 22.6244
428 183 22.6244
435 183 22.6244
482 183 29.0698
483 183 29.0698
511 183 29.0698
512 183 29.0698
558 183 25.4453
610 183 23.9521
5 184 80.9717
78 184 80.9717
109 184 14.0548
137 184 57.971
138 184 57.971
228 184 45.1467
252 184 45.1467
261 184 45.1467
266 184 40.6504
304 184 29.0698
310 184 25.4453
311 184 25.4453
427 184 22.6244
435 184 22.6244
482 184 29.0698
483 184 29.0698
507 184 36.9686
511 184 29.0698
512 184 29.0698
558 184 25.4453
607 184 25.4453
610 184 23.9521
63 185 101.01
130 185 67.5676
144 185 57.971
252 185 45.1467
310 185 16.9779
311 185 16.9779
427 185 22.6244
435 185 22.6244
482 185 31.2989
483 185 31.2989
507 185 36.9686
511 185 29.0698
512 185 29.0698
558 185 25.4453
609 185 23.9521
610 185 23.9521
611 185 23.9521
5 186 80.9717
137 186 67.5676
144 186 67.5676
221 186 33.8983
228 186 45.1467
235 186 40.6504
252 186 45.1467
261 186 45.1467
302 186 29.0698
303 186 29.0698
310 186 16.9779
311 186 16.9779
426 186 22.6244
427 186 22.6244
482 186 31.2989
483 186 31.2989
511 186 29.0698
512 186 29.0698
558 186 25.4453
559 186 25.4453
610 186 23.9521
5 187 101.01
130 187 67.5676
137 187 67.5676
153 187 40.6504
185 187 45.1467
186 187 45.1467
228 187 50.7614
302 187 27.137
303 187 27.137
304 187 27.137
310 187 16.9779
311 187 16.9779
426 187 22.6244
427 187 22.6244
482 187 31.2989
483 187 31.2989
511 187 29.0698
512 187 29.0698
558 187 25.4453
610 187 23.9521
153 188 36.9686
154 188 36.9686
186 188 45.1467
204 188 45.1467
252 188 45.1467
261 188 50.7614
303 188 27.137
304 188 27.137
310 188 16.9779
426 188 22.6244
427 188 22.6244
428 188 22.6244
482 188 29.0698
483 188 29.0698
511 188 29.0698
512 188 29.0698
558 188 25.4453
559 188 25.4453
610 188 23.9521
12 189 80.9717
105 189 67.5676
154 189 36.9686
204 189 45.1467
235 189 45.1467
244 189 50.7614
252 189 45.1467
261 189 50.7614
304 189 27.137
305 189 27.137
310 189 18.5185
426 189 22.6244
427 189 22.6244
435 189 23.9521
482 189 29.0698
483 189 29.0698
511 189 27.137
512 189 27.137
558 189 25.4453
610 189 23.9521
67 190 101.01
78 190 101.01
154 190 36.9686
168 190 50.7614
207 190 50.7614
224 190 33.8983
228 190 50.7614
235 190 45.1467
244 190 50.7614
304 190 27.137
305 190 27.137
310 190 18.5185
427 190 22.6244
428 190 22.6244
435 190 23.9521
482 190 29.0698
483 190 29.0698
484 190 29.0698
511 190 27.137
512 190 27.137
558 190 25.4453
559 190 25.4453
610 190 23.9521
43 191 101.01
67 191 101.01
73 191 101.01
154 191 36.9686
168 191 50.7614
179 191 33.8983
204 191 50.7614
207 191 50.7614
224 191 33.8983
228 191 50.7614
305 191 27.137
310 191 19.3986
427 191 22.6244
428 191 22.6244
482 191 29.0698
483 191 29.0698
484 191 29.0698
511 191 27.137
512 191 27.137
513 191 27.137
558 191 25.4453
610 191 23.9521
43 192 101.01
44 192 101.01
78 192 101.01
84 192 134.228
154 192 36.9686
168 192 50.7614
179 192 33.8983
196 192 33.8983
204 192 50.7614
228 192 50.7614
305 192 27.137
310 192 19.3986
428 192 22.6244
429 192 22.6244
482 192 29.0698
483 192 29.0698
484 192 29.0698
507 192 36.9686
511 192 27.137
512 192 27.137
513 192 27.137
558 192 25.4453
610 192 23.9521
78 193 101.01
84 193 134.228
179 193 33.8983
204 193 50.7614
256 193 40.6504
257 193 40.6504
305 193 27.137
310 193 19.3986
311 193 19.3986
428 193 22.6244
429 193 22.6244
483 193 29.0698
484 193 29.0698
508 193 36.9686
511 193 27.137
512 193 27.137
513 193 27.137
558 193 25.4453
559 193 25.4453
610 193 23.9521
13 194 80.9717
51 194 50.7614
52 194 50.7614
73 194 101.01
78 194 101.01
84 194 134.228
154 194 36.9686
179 194 33.8983
200 194 50.7614
213 194 33.8983
214 194 33.8983
256 194 45.1467
257 194 45.1467
305 194 27.137
306 194 27.137
310 194 19.3986
311 194 19.3986
482 194 29.0698
483 194 29.0698
484 194 27.137
485 194 27.137
512 194 27.137
513 194 27.137
558 194 25.4453
607 194 27.137
610 194 23.9521
13 195 80.9717
46 195 80.9717
51 195 50.7614
52 195 50.7614
73 195 101.01
74 195 101.01
153 195 36.9686
154 195 36.9686
179 195 33.8983
214 195 33.8983
257 195 45.1467
305 195 27.137
306 195 27.137
311 195 19.3986
429 195 22.6244
435 195 22.6244
485 195 27.137
486 195 25.4453
511 195 27.137
512 195 27.137
513 195 27.137
555 195 31.2989
558 195 25.4453
559 195 25.4453
610 195 23.9521
611 195 23.9521
46 196 101.01
51 196 50.7614
52 196 50.7614
53 196 50.7614
70 196 67.5676
220 196 36.9686
257 196 45.1467
267 196 40.6504
311 196 19.3986
428 196 22.6244
429 196 22.6244
435 196 22.6244
436 196 22.6244
512 196 27.137
513 196 27.137
558 196 25.4453
610 196 23.9521
46 197 101.01
53 197 50.7614
75 197 101.01
154 197 36.9686
158 197 36.9686
220 197 40.6504
267 197 40.6504
311 197 27.137
428 197 22.6244
512 197 27.137
513 197 27.137
555 197 31.2989
558 197 25.4453
559 197 25.4453
607 197 29.0698
610 197 23.9521
46 198 101.01
154 198 36.9686
206 198 50.7614
220 198 40.6504
428 198 22.6244
436 198 22.6244
507 198 36.9686
512 198 27.137
513 198 27.137
555 198 31.2989
558 198 25.4453
610 198 23.9521
154 199 36.9686
193 199 50.7614
207 199 50.7614
220 199 40.6504
303 199 29.0698
311 199 27.137
428 199 22.6244
436 199 22.6244
482 199 29.0698
483 199 29.0698
511 199 27.137
512 199 27.137
513 199 27.137
558 199 25.4453
607 199 27.137
610 199 23.9521
17 200 57.971
158 200 36.9686
193 200 50.7614
194 200 50.7614
207 200 50.7614
220 200 40.6504
303 200 29.0698
310 200 17.7148
311 200 17.7148
428 200 22.6244
429 200 22.6244
436 200 22.6244
482 200 29.0698
483 200 29.0698
484 200 29.0698
512 200 27.137
513 200 27.137
555 200 31.2989
558 200 25.4453
559 200 25.4453
610 200 23.9521
10 201 101.01
154 201 36.9686
159 201 36.9686
194 201 50.7614
220 201 40.6504
303 201 29.0698
310 201 17.7148
428 201 22.6244
429 201 22.6244
482 201 29.0698
483 201 29.0698
484 201 29.0698
512 201 27.137
513 201 27.137
555 201 31.2989
558 201 25.4453
559 201 25.4453
607 201 29.0698
610 201 23.9521
154 202 36.9686
159 202 36.9686
207 202 50.7614
220 202 40.6504
303 202 27.137
304 202 27.137
310 202 17.7148
437 202 22.6244
483 202 29.0698
508 202 27.137
512 202 27.137
513 202 27.137
558 202 25.4453
559 202 25.4453
607 202 29.0698
610 202 23.9521
12 203 101.01
22 203 50.7614
154 203 36.9686
207 203 50.7614
220 203 36.9686
303 203 27.137
304 203 27.137
310 203 17.7148
428 203 22.6244
437 203 22.6244
482 203 29.0698
483 203 29.0698
484 203 29.0698
508 203 27.137
512 203 27.137
513 203 27.137
555 203 31.2989
558 203 25.4453
559 203 25.4453
610 203 23.9521
25 204 50.7614
154 204 36.9686
185 204 50.7614
207 204 50.7614
220 204 36.9686
257 204 45.1467
304 204 27.137
310 204 17.7148
427 204 22.6244
428 204 22.6244
437 204 22.6244
483 204 29.0698
484 204 29.0698
508 204 27.137
511 204 27.137
512 204 27.137
513 204 27.137
558 204 25.4453
559 204 25.4453
26 205 50.7614
220 205 36.9686
221 205 36.9686
304 205 27.137
310 205 25.4453
428 205 22.6244
437 205 22.6244
483 205 29.0698
508 205 27.137
512 205 27.137
513 205 27.137
8 206 50.7614
26 206 50.7614
304 206 27.137
310 206 25.4453
427 206 22.6244
428 206 22.6244
432 206 31.2989
437 206 22.6244
483 206 27.137
484 206 27.137
508 206 27.137
8 207 50.7614
26 207 50.7614
304 207 27.137
310 207 27.137
311 207 27.137
427 207 22.6244
428 207 22.6244
437 207 22.6244
438 207 22.6244
483 207 27.137
484 207 27.137
485 207 27.137
507 207 27.137
508 207 27.137
8 208 50.7614
27 208 50.7614
428 208 22.6244
483 208 27.137
484 208 27.137
485 208 27.137
507 208 27.137
508 208 27.137
558 208 25.4453
604 208 31.2989
605 208 31.2989
607 208 29.0698
610 208 23.9521
611 208 23.9521
8 209 50.7614
27 209 50.7614
424 209 29.0698
442 209 29.0698
443 209 29.0698
507 209 27.137
508 209 27.137
554 209 31.2989
555 209 31.2989
558 209 25.4453
559 209 25.4453
597 209 25.4453
598 209 25.4453
603 209 31.2989
607 209 29.0698
610 209 23.9521
611 209 23.9521
612 209 23.9521
613 209 22.6244
614 209 21.4362
619 209 16.2999
622 209 15.0943
3 210 50.7614
8 210 50.7614
12 210 50.7614
27 210 50.7614
397 210 50.7614
398 210 50.7614
424 210 29.0698
436 210 31.2989
437 210 31.2989
438 210 31.2989
442 210 29.0698
507 210 29.0698
508 210 29.0698
512 210 27.137
554 210 31.2989
555 210 31.2989
556 210 27.137
558 210 25.4453
559 210 25.4453
593 210 33.8983
597 210 25.4453
598 210 25.4453
599 210 25.4453
610 210 23.9521
611 210 23.9521
17 211 50.7614
146 211 36.9686
147 211 36.9686
373 211 33.8983
388 211 33.8983
389 211 33.8983
390 211 33.8983
397 211 50.7614
402 211 33.8983
410 211 33.8983
411 211 33.8983
415 211 29.0698
424 211 29.0698
436 211 31.2989
438 211 31.2989
442 211 29.0698
443 211 29.0698
508 211 27.137
511 211 27.137
512 211 27.137
513 211 27.137
555 211 31.2989
556 211 27.137
558 211 25.4453
559 211 25.4453
593 211 33.8983
597 211 25.4453
598 211 25.4453
610 211 23.9521
611 211 23.9521
42 212 50.7614
43 212 50.7614
44 212 45.1467
148 212 36.9686
149 212 33.8983
150 212 33.8983
344 212 33.8983
385 212 50.7614
389 212 33.8983
390 212 33.8983
396 212 50.7614
400 212 33.8983
401 212 33.8983
402 212 33.8983
408 212 40.6504
410 212 33.8983
411 212 33.8983
415 212 29.0698
424 212 29.0698
438 212 31.2989
505 212 40.6504
506 212 29.0698
507 212 29.0698
508 212 27.137
511 212 27.137
512 212 27.137
513 212 27.137
558 212 25.4453
559 212 25.4453
597 212 25.4453
598 212 25.4453
610 212 23.9521
611 212 23.9521
614 212 23.9521
23 213 45.1467
45 213 45.1467
46 213 45.1467
51 213 45.1467
59 213 45.1467
60 213 45.1467
79 213 45.1467
80 213 45.1467
81 213 45.1467
82 213 45.1467
83 213 45.1467
84 213 45.1467
85 213 45.1467
150 213 33.8983
164 213 36.9686
165 213 36.9686
188 213 40.6504
189 213 40.6504
190 213 31.2989
191 213 31.2989
192 213 31.2989
193 213 36.9686
194 213 36.9686
195 213 36.9686
344 213 33.8983
385 213 50.7614
402 213 33.8983
485 213 27.137
508 213 27.137
559 213 25.4453
610 213 23.9521
611 213 23.9521
614 213 23.9521
165 214 36.9686
195 214 36.9686
196 214 36.9686
197 214 31.2989
198 214 31.2989
402 214 33.8983
482 214 29.0698
483 214 27.137
484 214 27.137
485 214 27.137
538 214 22.6244
542 214 18.5185
543 214 18.5185
544 214 17.7148
545 214 17.7148
546 214 16.9779
556 214 27.137
559 214 25.4453
594 214 27.137
611 214 23.9521
614 214 23.9521
627 214 23.9521
628 214 23.9521
47 215 45.1467
59 215 45.1467
198 215 31.2989
199 215 31.2989
293 215 36.9686
522 215 17.7148
525 215 40.6504
526 215 40.6504
527 215 40.6504
533 215 29.0698
534 215 29.0698
535 215 27.137
536 215 23.9521
537 215 22.6244
538 215 22.6244
542 215 18.5185
543 215 18.5185
544 215 17.7148
545 215 17.7148
546 215 16.9779
556 215 25.4453
558 215 25.4453
559 215 25.4453
594 215 27.137
611 215 23.9521
613 215 23.9521
614 215 23.9521
615 215 23.9521
5 216 50.7614
47 216 45.1467
59 216 45.1467
63 216 45.1467
89 216 40.6504
90 216 40.6504
156 216 33.8983
157 216 33.8983
216 216 31.2989
369 216 80.9717
371 216 80.9717
372 216 67.5676
373 216 57.971
374 216 57.971
375 216 45.1467
377 216 33.8983
378 216 31.2989
379 216 29.0698
380 216 27.137
381 216 23.9521
382 216 21.4362
383 216 21.4362
384 216 21.4362
438 216 29.0698
556 216 25.4453
558 216 25.4453
559 216 25.4453
610 216 23.9521
611 216 23.9521
614 216 23.9521
630 216 23.9521
631 216 23.9521
5 217 50.7614
24 217 45.1467
30 217 45.1467
47 217 45.1467
60 217 45.1467
63 217 45.1467
64 217 45.1467
157 217 33.8983
366 217 21.4362
383 217 21.4362
384 217 21.4362
396 217 27.137
397 217 22.6244
556 217 25.4453
559 217 25.4453
610 217 23.9521
611 217 23.9521
614 217 23.9521
631 217 23.9521
5 218 50.7614
25 218 45.1467
205 218 31.2989
206 218 31.2989
207 218 31.2989
366 218 21.4362
367 218 21.4362
383 218 21.4362
384 218 21.4362
386 218 20.3666
396 218 27.137
399 218 21.4362
400 218 21.4362
403 218 9.9453
550 218 16.9779
551 218 16.9779
556 218 25.4453
611 218 23.9521
632 218 23.9521
633 218 23.9521
634 218 23.9521
25 219 45.1467
153 219 33.8983
207 219 31.2989
383 219 21.4362
384 219 20.3666
399 219 21.4362
400 219 21.4362
401 219 21.4362
403 219 9.9453
549 219 16.9779
550 219 16.9779
551 219 16.9779
552 219 16.2999
556 219 25.4453
557 219 25.4453
633 219 23.9521
634 219 23.9521
635 219 22.6244
636 219 22.6244
637 219 21.4362
111 220 36.9686
154 220 33.8983
207 220 31.2989
524 220 16.9779
546 220 18.5185
547 220 17.7148
548 220 17.7148
549 220 16.9779
550 220 16.9779
561 220 17.7148
562 220 17.7148
563 220 17.7148
635 220 22.6244
636 220 22.6244
637 220 21.4362
28 221 40.6504
80 221 40.6504
123 221 33.8983
124 221 33.8983
155 221 33.8983
197 221 29.0698
207 221 31.2989
208 221 31.2989
257 221 27.137
258 221 25.4453
334 221 200
340 221 45.1467
356 221 200
377 221 134.228
378 221 134.228
379 221 101.01
392 221 21.4362
393 221 20.3666
394 221 20.3666
497 221 17.7148
498 221 17.7148
524 221 16.9779
525 221 16.9779
547 221 17.7148
548 221 17.7148
549 221 16.9779
550 221 16.9779
561 221 17.7148
562 221 17.7148
28 222 45.1467
48 222 45.1467
49 222 45.1467
80 222 40.6504
81 222 40.6504
125 222 33.8983
151 222 31.2989
152 222 33.8983
171 222 31.2989
172 222 31.2989
208 222 31.2989
223 222 36.9686
258 222 25.4453
259 222 27.137
267 222 15.0943
286 222 33.8983
334 222 200
335 222 200
350 222 19.3986
354 222 200
366 222 27.137
369 222 21.4362
370 222 21.4362
380 222 101.01
381 222 80.9717
392 222 21.4362
393 222 20.3666
394 222 20.3666
395 222 19.3986
433 222 22.6244
497 222 17.7148
498 222 17.7148
524 222 16.9779
548 222 17.7148
549 222 16.9779
550 222 16.9779
551 222 16.9779
21 223 45.1467
29 223 45.1467
41 223 40.6504
81 223 40.6504
82 223 40.6504
153 223 33.8983
154 223 33.8983
159 223 15.674
162 223 33.8983
163 223 33.8983
172 223 31.2989
173 223 31.2989
208 223 31.2989
260 223 25.4453
316 223 101.01
320 223 45.1467
335 223 134.228
342 223 45.1467
366 223 27.137
369 223 21.4362
394 223 20.3666
395 223 20.3666
411 223 31.2989
434 223 22.6244
485 223 40.6504
489 223 25.4453
496 223 17.7148
497 223 17.7148
524 223 16.9779
544 223 16.2999
545 223 16.9779
550 223 16.9779
551 223 16.2999
21 224 45.1467
29 224 45.1467
41 224 40.6504
110 224 36.9686
154 224 33.8983
261 224 25.4453
298 224 36.9686
316 224 134.228
320 224 45.1467
322 224 36.9686
324 224 36.9686
327 224 23.9521
366 224 27.137
369 224 21.4362
394 224 21.4362
395 224 20.3666
403 224 14.0548
411 224 31.2989
415 224 23.9521
416 224 23.9521
437 224 29.0698
438 224 29.0698
524 224 16.9779
545 224 16.9779
551 224 16.2999
552 224 16.2999
3 225 50.7614
21 225 45.1467
29 225 45.1467
38 225 45.1467
39 225 45.1467
216 225 29.0698
262 225 25.4453
263 225 25.4453
285 225 33.8983
316 225 134.228
327 225 23.9521
335 225 134.228
340 225 36.9686
342 225 36.9686
365 225 27.137
369 225 21.4362
391 225 25.4453
394 225 21.4362
395 225 21.4362
415 225 23.9521
416 225 23.9521
428 225 101.01
438 225 29.0698
439 225 29.0698
443 225 29.0698
448 225 25.4453
472 225 22.6244
495 225 18.5185
496 225 18.5185
524 225 17.7148
525 225 17.7148
545 225 16.9779
546 225 16.9779
551 225 16.9779
552 225 16.2999
553 225 16.2999
9 226 45.1467
10 226 45.1467
21 226 45.1467
30 226 45.1467
39 226 45.1467
42 226 40.6504
208 226 29.0698
217 226 29.0698
264 226 25.4453
316 226 134.228
322 226 36.9686
340 226 36.9686
342 226 29.0698
343 226 29.0698
365 226 27.137
381 226 80.9717
391 226 25.4453
394 226 21.4362
395 226 21.4362
426 226 134.228
427 226 134.228
428 226 134.228
438 226 29.0698
443 226 29.0698
471 226 22.6244
476 226 17.7148
477 226 17.7148
495 226 18.5185
524 226 17.7148
525 226 17.7148
545 226 16.9779
552 226 16.9779
553 226 16.2999
554 226 16.2999
21 227 45.1467
43 227 45.1467
111 227 33.8983
154 227 33.8983
265 227 25.4453
315 227 134.228
316 227 134.228
320 227 36.9686
322 227 36.9686
323 227 36.9686
334 227 101.01
335 227 45.1467
340 227 36.9686
342 227 29.0698
343 227 29.0698
368 227 21.4362
389 227 25.4453
391 227 25.4453
394 227 21.4362
395 227 21.4362
412 227 29.0698
428 227 134.228
443 227 29.0698
475 227 17.7148
476 227 17.7148
493 227 18.5185
494 227 18.5185
495 227 18.5185
524 227 17.7148
525 227 17.7148
552 227 16.9779
553 227 16.2999
554 227 16.2999
555 227 16.2999
614 227 23.9521
21 228 45.1467
157 228 31.2989
163 228 29.0698
218 228 29.0698
219 228 29.0698
268 228 25.4453
269 228 25.4453
298 228 36.9686
316 228 134.228
335 228 45.1467
340 228 29.0698
343 228 22.6244
348 228 19.3986
368 228 21.4362
389 228 27.137
391 228 27.137
394 228 20.3666
395 228 20.3666
408 228 40.6504
412 228 29.0698
426 228 134.228
474 228 17.7148
475 228 17.7148
476 228 17.7148
494 228 18.5185
500 228 17.7148
524 228 17.7148
525 228 17.7148
553 228 16.9779
554 228 16.9779
555 228 16.2999
567 228 18.5185
26 229 45.1467
27 229 45.1467
86 229 40.6504
135 229 31.2989
151 229 31.2989
210 229 29.0698
219 229 29.0698
225 229 27.137
226 229 27.137
227 229 27.137
268 229 25.4453
269 229 25.4453
275 229 25.4453
276 229 25.4453
298 229 36.9686
303 229 22.6244
304 229 22.6244
337 229 15.0943
364 229 31.2989
368 229 21.4362
391 229 27.137
394 229 20.3666
395 229 20.3666
404 229 13.587
479 229 18.5185
480 229 18.5185
481 229 18.5185
490 229 21.4362
494 229 18.5185
554 229 16.9779
555 229 16.2999
556 229 16.2999
584 229 22.6244
585 229 22.6244
41 230 40.6504
83 230 36.9686
86 230 40.6504
151 230 31.2989
193 230 27.137
227 230 27.137
269 230 25.4453
281 230 25.4453
304 230 22.6244
327 230 31.2989
332 230 200
333 230 200
345 230 22.6244
355 230 101.01
364 230 31.2989
368 230 21.4362
389 230 27.137
391 230 27.137
394 230 20.3666
395 230 20.3666
396 230 20.3666
404 230 13.587
412 230 21.4362
439 230 27.137
468 230 20.3666
469 230 19.3986
470 230 18.5185
471 230 17.7148
472 230 17.7148
479 230 18.5185
480 230 18.5185
481 230 18.5185
554 230 16.9779
555 230 16.9779
556 230 16.2999
557 230 16.2999
584 230 22.6244
610 230 29.0698
614 230 23.9521
44 231 29.0698
47 231 45.1467
48 231 45.1467
53 231 200
59 231 40.6504
83 231 36.9686
86 231 40.6504
87 231 40.6504
201 231 29.0698
281 231 25.4453
345 231 22.6244
346 231 22.6244
347 231 22.6244
351 231 16.2999
352 231 16.2999
355 231 101.01
356 231 101.01
359 231 40.6504
360 231 40.6504
363 231 31.2989
364 231 31.2989
367 231 21.4362
368 231 21.4362
369 231 21.4362
381 231 80.9717
388 231 33.8983
391 231 25.4453
394 231 20.3666
395 231 20.3666
396 231 20.3666
411 231 21.4362
412 231 21.4362
442 231 23.9521
466 231 21.4362
467 231 20.3666
468 231 20.3666
469 231 19.3986
470 231 18.5185
471 231 17.7148
472 231 17.7148
473 231 17.7148
555 231 16.9779
556 231 16.2999
583 231 22.6244
597 231 25.4453
598 231 25.4453
599 231 25.4453
614 231 23.9521
59 232 40.6504
60 232 40.6504
83 232 36.9686
86 232 40.6504
103 232 36.9686
162 232 31.2989
163 232 31.2989
184 232 29.0698
202 232 29.0698
311 232 57.971
316 232 31.2989
324 232 50.7614
328 232 31.2989
333 232 200
345 232 22.6244
346 232 22.6244
347 232 22.6244
356 232 101.01
360 232 40.6504
367 232 21.4362
368 232 21.4362
370 232 8.67679
371 232 8.49618
394 232 20.3666
395 232 20.3666
396 232 20.3666
412 232 21.4362
415 232 31.2989
471 232 17.7148
472 232 17.7148
568 232 16.9779
569 232 16.9779
572 232 11.0193
598 232 25.4453
599 232 25.4453
606 232 23.9521
614 232 23.9521
615 232 23.9521
618 232 21.4362
619 232 21.4362
633 232 25.4453
60 233 40.6504
87 233 40.6504
103 233 36.9686
163 233 31.2989
184 233 29.0698
290 233 33.8983
316 233 31.2989
320 233 22.6244
324 233 50.7614
333 233 200
334 233 200
346 233 22.6244
347 233 22.6244
370 233 8.67679
371 233 8.49618
372 233 8.49618
393 233 21.4362
415 233 31.2989
429 233 23.9521
430 233 23.9521
431 233 23.9521
552 233 21.4362
553 233 19.3986
557 233 16.2999
558 233 16.2999
559 233 16.2999
598 233 25.4453
599 233 25.4453
613 233 23.9521
614 233 23.9521
615 233 23.9521
103 234 36.9686
140 234 33.8983
163 234 31.2989
191 234 29.0698
192 234 29.0698
285 234 25.4453
291 234 33.8983
333 234 200
346 234 22.6244
347 234 22.6244
393 234 21.4362
429 234 23.9521
430 234 23.9521
431 234 23.9521
550 234 21.4362
551 234 21.4362
553 234 20.3666
556 234 16.2999
557 234 16.2999
558 234 16.2999
598 234 25.4453
614 234 23.9521
103 235 36.9686
164 235 31.2989
193 235 29.0698
251 235 25.4453
285 235 25.4453
377 235 21.4362
550 235 21.4362
556 235 16.2999
557 235 16.2999
558 235 16.2999
560 235 15.674
561 235 14.0548
562 235 14.0548
563 235 13.587
598 235 25.4453
608 235 31.2989
611 235 23.9521
612 235 23.9521
614 235 23.9521
140 236 33.8983
158 236 31.2989
164 236 31.2989
193 236 29.0698
264 236 25.4453
331 236 22.6244
358 236 29.0698
359 236 29.0698
377 236 21.4362
378 236 21.4362
382 236 16.2999
556 236 16.9779
557 236 16.2999
558 236 16.2999
598 236 25.4453
611 236 23.9521
140 237 33.8983
158 237 31.2989
163 237 31.2989
187 237 29.0698
192 237 29.0698
193 237 29.0698
219 237 27.137
391 237 45.1467
392 237 45.1467
400 237 21.4362
401 237 21.4362
433 237 19.3986
611 237 23.9521
115 238 36.9686
140 238 33.8983
158 238 31.2989
163 238 31.2989
193 238 29.0698
219 238 27.137
220 238 27.137
330 238 22.6244
400 238 21.4362
401 238 21.4362
432 238 19.3986
433 238 19.3986
553 238 17.7148
554 238 16.9779
564 238 16.9779
565 238 16.9779
569 238 16.9779
570 238 16.9779
571 238 16.9779
625 238 21.4362
626 238 21.4362
158 239 31.2989
159 239 31.2989
163 239 31.2989
164 239 31.2989
219 239 27.137
220 239 27.137
271 239 25.4453
279 239 27.137
280 239 27.137
285 239 18.5185
341 239 21.4362
403 239 20.3666
408 239 20.3666
409 239 20.3666
432 239 19.3986
433 239 19.3986
557 239 16.2999
558 239 16.2999
569 239 16.9779
570 239 16.9779
571 239 16.9779
578 239 29.0698
611 239 23.9521
625 239 21.4362
187 240 29.0698
192 240 29.0698
220 240 27.137
248 240 40.6504
252 240 25.4453
253 240 25.4453
271 240 25.4453
280 240 27.137
281 240 27.137
285 240 18.5185
303 240 29.0698
304 240 29.0698
342 240 15.0943
389 240 22.6244
390 240 21.4362
391 240 21.4362
409 240 20.3666
441 240 17.7148
446 240 33.8983
447 240 33.8983
448 240 31.2989
449 240 27.137
456 240 18.5185
558 240 16.2999
570 240 16.9779
571 240 16.9779
578 240 29.0698
583 240 22.6244
584 240 22.6244
598 240 27.137
606 240 25.4453
611 240 23.9521
624 240 21.4362
185 241 29.0698
187 241 29.0698
192 241 29.0698
193 241 29.0698
220 241 27.137
248 241 40.6504
252 241 25.4453
253 241 25.4453
254 241 25.4453
271 241 25.4453
280 241 27.137
284 241 18.5185
285 241 18.5185
303 241 27.137
329 241 31.2989
333 241 22.6244
334 241 22.6244
439 241 18.5185
440 241 17.7148
450 241 19.3986
451 241 18.5185
452 241 18.5185
598 241 27.137
606 241 25.4453
611 241 23.9521
192 242 29.0698
220 242 27.137
253 242 25.4453
254 242 25.4453
276 242 8.49618
285 242 19.3986
304 242 27.137
313 242 27.137
329 242 29.0698
332 242 22.6244
333 242 22.6244
334 242 22.6244
339 242 14.556
340 242 14.556
384 242 57.971
385 242 57.971
386 242 50.7614
387 242 40.6504
394 242 22.6244
395 242 22.6244
396 242 22.6244
397 242 21.4362
430 242 27.137
436 242 19.3986
437 242 19.3986
438 242 18.5185
452 242 18.5185
453 242 17.7148
598 242 27.137
606 242 25.4453
611 242 23.9521
612 242 22.6244
220 243 27.137
253 243 25.4453
254 243 25.4453
304 243 27.137
332 243 22.6244
333 243 22.6244
340 243 14.0548
341 243 14.0548
379 243 21.4362
381 243 20.3666
399 243 19.3986
430 243 27.137
435 243 19.3986
436 243 19.3986
437 243 19.3986
438 243 18.5185
453 243 18.5185
454 243 17.7148
605 243 25.4453
606 243 25.4453
611 243 22.6244
612 243 22.6244
613 243 22.6244
614 243 22.6244
215 244 27.137
220 244 27.137
253 244 25.4453
322 244 57.971
331 244 22.6244
332 244 22.6244
341 244 14.0548
342 244 13.587
378 244 21.4362
380 244 20.3666
381 244 20.3666
388 244 20.3666
389 244 20.3666
434 244 20.3666
435 244 20.3666
436 244 19.3986
455 244 17.7148
517 244 19.3986
537 244 16.2999
613 244 22.6244
614 244 21.4362
615 244 21.4362
192 245 29.0698
198 245 29.0698
240 245 29.0698
253 245 25.4453
282 245 27.137
331 245 22.6244
337 245 21.4362
342 245 13.587
345 245 12.3533
377 245 21.4362
379 245 21.4362
380 245 21.4362
389 245 19.3986
390 245 20.3666
392 245 16.2999
393 245 16.2999
434 245 19.3986
435 245 19.3986
436 245 19.3986
455 245 17.7148
520 245 16.9779
521 245 16.9779
538 245 16.2999
554 245 17.7148
555 245 16.9779
556 245 16.9779
557 245 16.2999
570 245 17.7148
571 245 17.7148
572 245 17.7148
591 245 23.9521
592 245 22.6244
593 245 22.6244
594 245 21.4362
241 246 29.0698
247 246 25.4453
253 246 25.4453
271 246 27.137
272 246 27.137
282 246 27.137
331 246 23.9521
333 246 23.9521
339 246 21.4362
342 246 13.587
343 246 13.1492
378 246 21.4362
379 246 21.4362
385 246 27.137
390 246 20.3666
391 246 19.3986
415 246 21.4362
434 246 19.3986
446 246 33.8983
538 246 16.2999
539 246 16.2999
540 246 16.2999
557 246 16.2999
558 246 16.2999
559 246 16.2999
560 246 15.674
591 246 23.9521
594 246 21.4362
598 246 21.4362
599 246 21.4362
600 246 21.4362
601 246 20.3666
602 246 20.3666
603 246 20.3666
604 246 19.3986
607 246 21.4362
608 246 21.4362
609 246 21.4362
610 246 20.3666
611 246 20.3666
615 246 21.4362
616 246 21.4362
629 246 21.4362
630 246 21.4362
252 247 25.4453
256 247 19.3986
272 247 27.137
273 247 27.137
282 247 27.137
326 247 200
339 247 21.4362
343 247 13.1492
378 247 21.4362
385 247 21.4362
386 247 20.3666
387 247 20.3666
415 247 21.4362
429 247 25.4453
434 247 19.3986
435 247 19.3986
448 247 29.0698
457 247 18.5185
514 247 17.7148
515 247 17.7148
539 247 16.2999
540 247 16.2999
558 247 16.2999
559 247 16.2999
560 247 15.674
607 247 21.4362
608 247 21.4362
615 247 21.4362
616 247 21.4362
273 248 27.137
281 248 25.4453
331 248 50.7614
340 248 21.4362
343 248 17.7148
376 248 25.4453
382 248 16.9779
388 248 20.3666
415 248 21.4362
429 248 19.3986
430 248 19.3986
513 248 17.7148
514 248 17.7148
540 248 16.2999
541 248 16.2999
570 248 17.7148
571 248 17.7148
575 248 22.6244
576 248 22.6244
577 248 22.6244
578 248 21.4362
579 248 20.3666
582 248 21.4362
590 248 23.9521
274 249 27.137
319 249 101.01
328 249 101.01
331 249 50.7614
339 249 22.6244
340 249 22.6244
343 249 17.7148
376 249 57.971
387 249 20.3666
388 249 20.3666
392 249 16.2999
430 249 21.4362
445 249 19.3986
446 249 23.9521
450 249 18.5185
451 249 18.5185
513 249 17.7148
540 249 16.2999
541 249 16.2999
542 249 16.2999
557 249 16.2999
576 249 22.6244
589 249 23.9521
590 249 23.9521
591 249 23.9521
616 249 21.4362
617 249 21.4362
618 249 21.4362
620 249 21.4362
621 249 21.4362
622 249 21.4362
623 249 21.4362
628 249 21.4362
319 250 101.01
328 250 80.9717
331 250 50.7614
339 250 22.6244
340 250 22.6244
343 250 17.7148
344 250 17.7148
377 250 45.1467
430 250 19.3986
439 250 21.4362
441 250 20.3666
442 250 19.3986
443 250 20.3666
444 250 20.3666
447 250 23.9521
448 250 19.3986
451 250 18.5185
452 250 18.5185
628 250 21.4362
629 250 21.4362
630 250 21.4362
632 250 20.3666
633 250 20.3666
634 250 20.3666
635 250 19.3986
328 251 80.9717
331 251 50.7614
332 251 45.1467
334 251 40.6504
339 251 22.6244
340 251 22.6244
344 251 18.5185
379 251 40.6504
388 251 21.4362
389 251 20.3666
393 251 16.2999
429 251 19.3986
442 251 19.3986
451 251 18.5185
452 251 18.5185
511 251 17.7148
512 251 17.7148
332 252 40.6504
337 252 22.6244
339 252 22.6244
340 252 22.6244
342 252 21.4362
348 252 45.1467
354 252 57.971
379 252 40.6504
389 252 20.3666
394 252 16.2999
413 252 21.4362
452 252 18.5185
453 252 18.5185
511 252 17.7148
512 252 17.7148
517 252 40.6504
518 252 36.9686
529 252 16.9779
530 252 18.5185
532 252 16.9779
534 252 16.9779
535 252 16.9779
592 252 21.4362
332 253 40.6504
342 253 21.4362
348 253 45.1467
349 253 45.1467
354 253 50.7614
355 253 25.4453
356 253 25.4453
379 253 40.6504
380 253 40.6504
385 253 134.228
386 253 21.4362
400 253 21.4362
413 253 21.4362
439 253 31.2989
448 253 19.3986
452 253 18.5185
453 253 18.5185
523 253 17.7148
530 253 18.5185
534 253 16.9779
535 253 16.9779
536 253 16.9779
571 253 17.7148
572 253 17.7148
333 254 22.6244
338 254 22.6244
343 254 200
349 254 45.1467
355 254 25.4453
356 254 25.4453
357 254 23.9521
363 254 15.0943
380 254 36.9686
387 254 21.4362
388 254 21.4362
400 254 22.6244
401 254 21.4362
421 254 40.6504
422 254 40.6504
423 254 40.6504
430 254 27.137
440 254 31.2989
448 254 22.6244
449 254 19.3986
520 254 19.3986
523 254 17.7148
524 254 17.7148
526 254 16.9779
527 254 16.9779
536 254 16.9779
571 254 17.7148
572 254 17.7148
573 254 17.7148
343 255 16.2999
356 255 25.4453
357 255 23.9521
364 255 15.0943
365 255 15.0943
381 255 36.9686
388 255 21.4362
400 255 22.6244
401 255 21.4362
424 255 36.9686
431 255 31.2989
433 255 22.6244
434 255 19.3986
446 255 23.9521
447 255 22.6244
448 255 22.6244
449 255 19.3986
520 255 19.3986
521 255 17.7148
523 255 17.7148
524 255 17.7148
527 255 15.0943
536 255 16.9779
537 255 16.9779
560 255 16.2999
571 255 17.7148
572 255 17.7148
381 256 33.8983
382 256 33.8983
386 256 21.4362
387 256 21.4362
401 256 21.4362
403 256 11.325
404 256 11.0193
428 256 200
431 256 31.2989
434 256 19.3986
435 256 19.3986
446 256 23.9521
447 256 23.9521
451 256 18.5185
452 256 19.3986
536 256 16.2999
537 256 16.2999
571 256 17.7148
572 256 17.7148
403 257 11.325
404 257 11.0193
450 257 19.3986
451 257 19.3986
452 257 19.3986
520 257 16.9779
531 257 16.9779
532 257 16.9779
537 257 16.2999
571 257 17.7148
572 257 17.7148
440 258 21.4362
450 258 19.3986
451 258 19.3986
452 258 19.3986
459 258 20.3666
460 258 19.3986
461 258 19.3986
480 258 23.9521
481 258 22.6244
483 258 22.6244
485 258 22.6244
488 258 22.6244
491 258 20.3666
496 258 200
498 258 200
514 258 80.9717
515 258 80.9717
520 258 16.9779
521 258 16.9779
532 258 16.9779
533 258 16.9779
537 258 16.2999
561 258 16.2999
562 258 16.2999
563 258 16.2999
438 259 21.4362
441 259 18.5185
449 259 19.3986
450 259 19.3986
459 259 20.3666
460 259 19.3986
461 259 19.3986
475 259 19.3986
476 259 19.3986
477 259 19.3986
486 259 22.6244
499 259 101.01
500 259 101.01
503 259 45.1467
532 259 16.9779
533 259 17.7148
536 259 16.9779
537 259 16.9779
438 260 21.4362
439 260 21.4362
442 260 18.5185
448 260 19.3986
449 260 19.3986
450 260 19.3986
458 260 21.4362
461 260 19.3986
462 260 19.3986
474 260 20.3666
476 260 19.3986
520 260 16.9779
521 260 16.9779
523 260 16.2999
524 260 16.2999
526 260 16.2999
535 260 16.2999
536 260 16.9779
537 260 16.9779
439 261 21.4362
443 261 18.5185
462 261 19.3986
521 261 16.9779
525 261 16.2999
531 261 18.5185
535 261 16.9779
536 261 16.9779
537 261 16.9779
557 261 18.5185
558 261 18.5185
559 261 17.7148
522 262 16.9779
528 262 21.4362
535 262 16.9779
536 262 16.9779
537 262 16.9779
550 262 18.5185
551 262 18.5185
557 262 18.5185
577 262 18.5185
578 262 17.7148
580 262 17.7148
612 262 20.3666
613 262 18.5185
615 262 17.7148
616 262 17.7148
617 262 17.7148
633 262 200
497 263 18.5185
498 263 18.5185
499 263 18.5185
518 263 31.2989
519 263 29.0698
522 263 16.9779
523 263 16.2999
528 263 21.4362
533 263 17.7148
534 263 16.9779
535 263 16.9779
550 263 18.5185
555 263 18.5185
556 263 18.5185
557 263 18.5185
591 263 17.7148
523 264 16.2999
524 264 16.2999
532 264 17.7148
533 264 17.7148
534 264 16.9779
535 264 16.9779
540 264 16.9779
555 264 18.5185
556 264 18.5185
557 264 18.5185
589 264 17.7148
591 264 17.7148
592 264 17.7148
525 265 16.2999
526 265 16.2999
528 265 20.3666
529 265 20.3666
530 265 19.3986
531 265 18.5185
532 265 17.7148
533 265 17.7148
534 265 17.7148
611 266 17.7148
612 266 17.7148
631 266 200
636 267 200
580 268 17.7148
581 268 17.7148
586 268 17.7148
593 268 16.9779
594 268 16.9779
595 268 16.9779
599 269 16.9779
600 269 16.9779
601 269 16.9779
605 269 16.9779
614 270 16.9779
622 271 16.2999
630 272 16.2999
631 272 16.2999
632 272 16.2999
633 272 16.2999
424 279 13.587
539 285 12.3533
540 285 12.3533
569 286 11.9904
569 287 11.9904
570 287 11.9904
465 288 12.3533
466 288 12.3533
467 288 11.9904
468 288 11.9904
469 288 11.6482
520 302 10.7296
521 302 10.7296
522 302 10.4548
523 302 10.1937
524 302 9.9453
525 302 9.70874
526 302 9.48317
526 303 9.48317
527 303 9.48317
617 304 9.26784
618 305 9.26784
619 305 9.26784
620 305 9.26784
622 306 9.26784
147 315 8.86525
460 320 8.67679
462 320 8.15661
463 320 8.15661
464 320 8.15661
463 321 8.15661
464 321 8.15661
115 323 8.49618
132 324 8.32293
133 324 8.32293
134 324 8.32293
135 324 8.15661
595 324 8.67679
596 324 8.49618
597 324 8.49618
598 324 8.15661
599 324 8.15661
600 324 8.15661
601 324 7.9968
602 324 7.9968
603 324 7.84314
604 324 7.69527
605 324 7.55287
606 324 7.55287
134 325 8.32293
135 325 8.15661
597 325 8.49618
598 325 8.15661
599 325 8.15661
600 325 8.15661
605 325 7.55287
606 325 7.55287
607 325 7.55287
90 334 7.55287
94 334 7.69527
95 334 7.69527
96 334 7.69527
97 334 7.69527
104 335 7.41565
107 335 7.55287
109 335 7.55287
110 335 7.55287
111 335 7.55287
112 335 7.55287
115 335 7.69527
116 335 7.69527
118 335 7.69527
119 335 7.55287
120 335 7.28332
119 336 7.55287
120 336 7.28332
121 336 7.28332
122 336 7.28332
116 341 6.91324
61 348 6.68673
62 348 6.68673
63 348 6.68673
64 348 6.68673
65 348 6.7981
67 348 6.7981
68 348 6.7981
69 348 6.7981
70 348 6.7981
71 348 6.91324
72 348 6.91324
73 348 6.91324
74 348 6.91324
75 348 6.91324
78 349 6.57895
79 349 6.57895
83 349 6.68673
84 349 6.68673
85 349 6.68673
86 349 6.68673
87 349 6.7981
88 349 6.7981
89 349 6.7981
90 349 6.91324
91 349 6.91324
92 349 6.91324
93 349 6.91324
94 349 6.91324
92 350 6.91324
96 350 6.57895
97 350 6.57895
98 350 6.57895
99 350 6.68673
100 350 6.68673
101 350 6.68673
102 350 6.68673
103 350 6.57895
102 351 6.68673
103 351 6.57895
94 358 6.08828
95 358 6.08828
558 360 5.82751
559 360 5.82751
560 361 5.82751
30 366 6.18047
37 367 5.9988
38 367 5.9988
40 367 5.9988
41 367 5.9988
43 367 5.9988
44 367 6.08828
41 368 5.9988
45 368 5.91191
46 368 5.91191
47 368 5.91191
48 368 5.91191
49 368 5.91191
50 368 5.91191
51 368 5.91191
52 368 5.91191
53 368 5.91191
54 368 5.9988
55 368 5.9988
56 368 5.9988
57 368 5.82751
58 368 5.82751
54 369 5.9988
55 369 5.9988
56 369 5.9988
57 369 5.82751
58 369 5.82751
59 369 5.82751
60 369 5.82751
61 369 5.82751
62 369 5.82751
63 369 5.82751
64 369 5.82751
65 369 5.91191
66 369 5.82751
67 369 5.91191
68 369 5.74548
69 369 5.74548
65 370 5.91191
66 370 5.82751
67 370 5.91191
68 370 5.74548
69 370 5.74548
70 370 5.74548
71 370 5.74548
72 370 5.74548
73 370 5.82751
74 370 5.82751
75 370 5.82751
76 370 5.82751
77 370 5.74548
78 370 5.58815
76 371 5.82751
77 371 5.74548
78 371 5.58815
79 371 5.58815
63 381 5.43922
64 381 5.43922
64 382 5.43922
65 382 5.43922
37 398 4.97512
40 398 4.85673
41 398 4.85673
41 399 4.85673
42 399 4.85673
41 400 4.85673
42 400 4.85673
43 400 4.85673
40 401 4.74383
279 419 4.24989
