458 3 29.0698
459 3 29.0698
460 3 29.0698
477 3 25.4453
520 3 19.3986
521 3 19.3986
536 3 27.137
542 3 20.3666
547 3 19.3986
578 3 36.9686
459 4 29.0698
460 4 29.0698
481 4 27.137
506 4 19.3986
512 4 19.3986
535 4 29.0698
539 4 21.4362
595 4 31.2989
481 5 27.137
508 5 19.3986
512 5 19.3986
513 5 19.3986
538 5 22.6244
540 5 19.3986
558 5 36.9686
595 5 31.2989
457 6 29.0698
481 6 27.137
506 6 19.3986
507 6 19.3986
508 6 19.3986
514 6 19.3986
547 6 19.3986
558 6 36.9686
591 6 33.8983
592 6 33.8983
457 7 29.0698
459 7 29.0698
465 7 27.137
507 7 19.3986
508 7 19.3986
514 7 16.2999
532 7 80.9717
542 7 17.7148
558 7 36.9686
579 7 33.8983
591 7 33.8983
592 7 33.8983
459 8 29.0698
507 8 19.3986
508 8 19.3986
519 8 14.0548
579 8 33.8983
591 8 33.8983
458 9 29.0698
461 9 27.137
480 9 27.137
481 9 27.137
507 9 19.3986
508 9 19.3986
509 9 19.3986
513 9 16.9779
518 9 14.556
540 9 19.3986
548 9 16.2999
579 9 33.8983
591 9 33.8983
458 10 29.0698
469 10 27.137
508 10 19.3986
509 10 19.3986
512 10 17.7148
513 10 16.9779
517 10 14.556
518 10 14.556
545 10 18.5185
591 10 33.8983
592 10 33.8983
461 11 27.137
469 11 27.137
482 11 27.137
509 11 19.3986
510 11 18.5185
516 11 15.0943
517 11 15.0943
522 11 15.0943
542 11 19.3986
543 11 19.3986
579 11 33.8983
591 11 33.8983
461 12 27.137
467 12 27.137
468 12 27.137
508 12 19.3986
509 12 19.3986
515 12 15.674
516 12 15.674
542 12 19.3986
543 12 19.3986
567 12 36.9686
568 12 36.9686
579 12 33.8983
456 13 29.0698
508 13 19.3986
509 13 19.3986
514 13 18.5185
515 13 16.2999
523 13 15.0943
537 13 19.3986
543 13 19.3986
567 13 36.9686
462 14 27.137
470 14 27.137
508 14 19.3986
509 14 19.3986
514 14 19.3986
515 14 19.3986
548 14 18.5185
567 14 36.9686
508 15 19.3986
509 15 19.3986
513 15 19.3986
514 15 19.3986
515 15 19.3986
548 15 18.5185
549 15 18.5185
455 16 27.137
459 16 22.6244
468 16 29.0698
507 16 19.3986
508 16 19.3986
509 16 19.3986
512 16 20.3666
513 16 20.3666
521 16 13.1492
548 16 19.3986
549 16 19.3986
454 17 29.0698
455 17 29.0698
459 17 22.6244
508 17 19.3986
509 17 19.3986
510 17 19.3986
520 17 13.1492
540 17 19.3986
454 18 29.0698
455 18 29.0698
463 18 21.4362
477 18 29.0698
478 18 29.0698
508 18 19.3986
509 18 19.3986
510 18 19.3986
519 18 13.587
538 18 19.3986
539 18 19.3986
548 18 19.3986
579 18 33.8983
631 18 29.0698
636 18 31.2989
454 19 29.0698
455 19 29.0698
462 19 21.4362
477 19 29.0698
478 19 29.0698
510 19 19.3986
539 19 19.3986
548 19 19.3986
629 19 29.0698
630 19 29.0698
631 19 29.0698
455 20 29.0698
462 20 21.4362
477 20 29.0698
478 20 29.0698
479 20 27.137
509 20 19.3986
517 20 15.0943
518 20 14.556
455 21 29.0698
456 21 29.0698
461 21 21.4362
465 21 27.137
466 21 29.0698
479 21 27.137
480 21 27.137
481 21 27.137
506 21 19.3986
516 21 15.0943
547 21 19.3986
579 21 36.9686
455 22 29.0698
456 22 29.0698
481 22 27.137
508 22 20.3666
512 22 17.7148
515 22 15.674
516 22 15.0943
547 22 19.3986
558 22 40.6504
456 23 29.0698
457 23 29.0698
463 23 22.6244
471 23 27.137
481 23 27.137
506 23 19.3986
508 23 19.3986
511 23 17.7148
515 23 15.674
525 23 13.587
557 23 40.6504
457 24 29.0698
458 24 29.0698
462 24 22.6244
463 24 22.6244
481 24 27.137
506 24 20.3666
507 24 20.3666
508 24 19.3986
511 24 17.7148
514 24 16.9779
557 24 40.6504
628 24 27.137
221 25 17.7148
456 25 29.0698
457 25 29.0698
458 25 29.0698
462 25 21.4362
463 25 21.4362
482 25 27.137
510 25 19.3986
513 25 17.7148
514 25 16.9779
531 25 19.3986
622 25 31.2989
623 25 31.2989
628 25 27.137
456 26 29.0698
457 26 29.0698
458 26 29.0698
459 26 27.137
462 26 22.6244
481 26 27.137
486 26 22.6244
509 26 19.3986
510 26 19.3986
513 26 17.7148
529 26 20.3666
530 26 20.3666
531 26 19.3986
622 26 31.2989
623 26 31.2989
627 26 27.137
628 26 27.137
456 27 29.0698
457 27 29.0698
462 27 22.6244
481 27 29.0698
485 27 22.6244
508 27 20.3666
528 27 21.4362
529 27 20.3666
622 27 31.2989
458 28 29.0698
461 28 23.9521
481 28 29.0698
512 28 20.3666
513 28 20.3666
514 28 19.3986
457 29 29.0698
461 29 22.6244
480 29 29.0698
481 29 29.0698
510 29 21.4362
511 29 20.3666
512 29 20.3666
513 29 20.3666
514 29 20.3666
521 29 14.556
533 29 21.4362
534 29 21.4362
549 29 19.3986
480 30 29.0698
512 30 20.3666
513 30 20.3666
514 30 20.3666
515 30 19.3986
623 30 29.0698
456 31 29.0698
476 31 27.137
513 31 20.3666
515 31 19.3986
613 31 31.2989
614 31 31.2989
622 31 29.0698
623 31 29.0698
455 32 29.0698
456 32 29.0698
457 32 27.137
483 32 29.0698
513 32 20.3666
514 32 20.3666
515 32 20.3666
548 32 45.1467
612 32 31.2989
613 32 31.2989
622 32 29.0698
623 32 29.0698
454 33 29.0698
455 33 29.0698
456 33 29.0698
457 33 27.137
459 33 27.137
479 33 29.0698
483 33 29.0698
486 33 23.9521
515 33 20.3666
516 33 19.3986
517 33 19.3986
518 33 19.3986
547 33 45.1467
622 33 29.0698
623 33 29.0698
457 34 29.0698
458 34 27.137
459 34 27.137
465 34 20.3666
477 34 29.0698
478 34 29.0698
514 34 20.3666
515 34 20.3666
517 34 19.3986
518 34 19.3986
623 34 29.0698
627 34 29.0698
456 35 29.0698
457 35 29.0698
458 35 29.0698
464 35 20.3666
513 35 21.4362
516 35 19.3986
517 35 19.3986
518 35 19.3986
555 35 19.3986
556 35 19.3986
611 35 29.0698
614 35 29.0698
622 35 29.0698
623 35 29.0698
627 35 29.0698
457 36 29.0698
458 36 29.0698
484 36 29.0698
516 36 19.3986
517 36 19.3986
518 36 19.3986
540 36 19.3986
607 36 31.2989
608 36 31.2989
611 36 29.0698
623 36 29.0698
627 36 29.0698
451 37 57.971
457 37 29.0698
484 37 29.0698
516 37 19.3986
517 37 19.3986
606 37 31.2989
607 37 31.2989
610 37 29.0698
611 37 31.2989
612 37 29.0698
623 37 29.0698
448 38 101.01
484 38 29.0698
485 38 29.0698
604 38 33.8983
606 38 31.2989
607 38 31.2989
610 38 31.2989
611 38 31.2989
622 38 29.0698
623 38 29.0698
464 39 20.3666
484 39 29.0698
553 39 19.3986
554 39 19.3986
609 39 31.2989
623 39 29.0698
457 40 29.0698
461 40 23.9521
472 40 27.137
507 40 20.3666
541 40 19.3986
457 41 29.0698
461 41 23.9521
507 41 20.3666
513 41 21.4362
514 41 20.3666
515 41 20.3666
516 41 19.3986
540 41 19.3986
627 41 29.0698
456 42 29.0698
457 42 29.0698
458 42 29.0698
507 42 20.3666
513 42 20.3666
514 42 20.3666
515 42 20.3666
516 42 19.3986
517 42 19.3986
521 42 17.7148
528 42 11.9904
599 42 31.2989
607 42 31.2989
623 42 29.0698
627 42 29.0698
457 43 29.0698
458 43 29.0698
478 43 29.0698
507 43 20.3666
508 43 20.3666
512 43 21.4362
513 43 20.3666
514 43 20.3666
515 43 20.3666
516 43 19.3986
517 43 19.3986
520 43 17.7148
526 43 11.9904
527 43 11.9904
552 43 18.5185
553 43 18.5185
603 43 31.2989
607 43 31.2989
622 43 29.0698
623 43 29.0698
627 43 29.0698
457 44 29.0698
458 44 29.0698
461 44 25.4453
477 44 29.0698
478 44 29.0698
479 44 29.0698
483 44 27.137
504 44 36.9686
507 44 20.3666
515 44 20.3666
517 44 19.3986
553 44 18.5185
607 44 31.2989
622 44 29.0698
623 44 29.0698
627 44 29.0698
458 45 29.0698
483 45 27.137
510 45 19.3986
607 45 31.2989
623 45 29.0698
627 45 29.0698
460 46 29.0698
461 46 27.137
482 46 29.0698
483 46 29.0698
607 46 31.2989
623 46 29.0698
627 46 29.0698
459 47 29.0698
460 47 29.0698
461 47 29.0698
463 47 25.4453
481 47 29.0698
482 47 29.0698
483 47 29.0698
517 47 20.3666
518 47 19.3986
553 47 19.3986
592 47 36.9686
593 47 36.9686
597 47 31.2989
607 47 31.2989
623 47 29.0698
627 47 29.0698
459 48 29.0698
460 48 29.0698
481 48 29.0698
482 48 29.0698
483 48 29.0698
510 48 19.3986
517 48 20.3666
518 48 19.3986
526 48 15.674
527 48 15.0943
555 48 19.3986
590 48 36.9686
592 48 36.9686
593 48 36.9686
596 48 31.2989
607 48 31.2989
612 48 25.4453
623 48 29.0698
627 48 29.0698
459 49 29.0698
460 49 29.0698
509 49 19.3986
510 49 19.3986
511 49 19.3986
513 49 18.5185
520 49 19.3986
521 49 19.3986
525 49 15.674
607 49 31.2989
623 49 29.0698
624 49 29.0698
465 50 22.6244
477 50 40.6504
482 50 29.0698
483 50 29.0698
509 50 19.3986
510 50 19.3986
519 50 19.3986
520 50 19.3986
521 50 19.3986
524 50 16.9779
622 50 29.0698
623 50 29.0698
465 51 22.6244
476 51 40.6504
482 51 29.0698
510 51 19.3986
518 51 19.3986
519 51 19.3986
520 51 19.3986
523 51 17.7148
553 51 18.5185
593 51 33.8983
456 52 36.9686
459 52 29.0698
462 52 27.137
465 52 22.6244
510 52 19.3986
514 52 19.3986
515 52 19.3986
516 52 19.3986
552 52 18.5185
553 52 18.5185
589 52 33.8983
593 52 33.8983
608 52 31.2989
625 52 29.0698
133 53 45.1467
456 53 40.6504
459 53 29.0698
462 53 27.137
479 53 27.137
487 53 27.137
510 53 19.3986
511 53 19.3986
515 53 19.3986
516 53 19.3986
593 53 33.8983
607 53 31.2989
619 53 29.0698
455 54 40.6504
461 54 27.137
462 54 27.137
478 54 29.0698
479 54 29.0698
486 54 27.137
510 54 19.3986
511 54 19.3986
515 54 19.3986
516 54 19.3986
593 54 33.8983
607 54 31.2989
608 54 31.2989
132 55 45.1467
454 55 40.6504
482 55 27.137
486 55 27.137
502 55 20.3666
503 55 20.3666
507 55 25.4453
552 55 18.5185
589 55 33.8983
593 55 33.8983
594 55 33.8983
607 55 31.2989
132 56 45.1467
133 56 45.1467
428 56 36.9686
450 56 29.0698
451 56 29.0698
458 56 29.0698
459 56 29.0698
479 56 29.0698
481 56 29.0698
482 56 27.137
485 56 29.0698
486 56 29.0698
502 56 20.3666
503 56 20.3666
507 56 25.4453
512 56 19.3986
513 56 19.3986
519 56 15.674
552 56 18.5185
553 56 18.5185
580 56 36.9686
583 56 33.8983
584 56 33.8983
593 56 33.8983
601 56 31.2989
608 56 31.2989
132 57 45.1467
133 57 45.1467
429 57 36.9686
451 57 29.0698
452 57 29.0698
457 57 29.0698
458 57 29.0698
459 57 29.0698
478 57 29.0698
479 57 29.0698
485 57 27.137
486 57 27.137
502 57 20.3666
505 57 19.3986
512 57 20.3666
517 57 16.2999
518 57 16.2999
527 57 18.5185
557 57 18.5185
579 57 36.9686
580 57 36.9686
583 57 33.8983
584 57 33.8983
593 57 33.8983
594 57 33.8983
608 57 31.2989
133 58 45.1467
428 58 36.9686
429 58 36.9686
458 58 29.0698
459 58 29.0698
485 58 29.0698
486 58 29.0698
511 58 20.3666
512 58 20.3666
513 58 19.3986
516 58 17.7148
582 58 33.8983
583 58 33.8983
593 58 33.8983
594 58 33.8983
608 58 31.2989
133 59 45.1467
134 59 45.1467
428 59 36.9686
429 59 36.9686
459 59 29.0698
460 59 29.0698
485 59 29.0698
486 59 29.0698
504 59 20.3666
505 59 20.3666
510 59 21.4362
511 59 20.3666
512 59 20.3666
515 59 19.3986
607 59 31.2989
608 59 31.2989
609 59 31.2989
134 60 45.1467
428 60 40.6504
429 60 40.6504
459 60 29.0698
460 60 29.0698
478 60 27.137
481 60 36.9686
485 60 29.0698
504 60 20.3666
514 60 19.3986
515 60 19.3986
607 60 31.2989
608 60 31.2989
612 60 25.4453
134 61 45.1467
422 61 40.6504
437 61 40.6504
452 61 29.0698
453 61 29.0698
454 61 29.0698
459 61 29.0698
460 61 29.0698
485 61 29.0698
505 61 20.3666
519 61 15.674
520 61 15.674
554 61 18.5185
580 61 36.9686
581 61 36.9686
134 62 45.1467
135 62 45.1467
423 62 40.6504
436 62 40.6504
452 62 29.0698
453 62 29.0698
485 62 29.0698
518 62 16.2999
519 62 15.674
554 62 18.5185
580 62 33.8983
581 62 33.8983
594 62 31.2989
425 63 36.9686
436 63 40.6504
454 63 29.0698
455 63 29.0698
484 63 29.0698
485 63 29.0698
510 63 20.3666
512 63 20.3666
513 63 19.3986
517 63 16.2999
593 63 31.2989
594 63 31.2989
133 64 45.1467
426 64 36.9686
453 64 29.0698
454 64 29.0698
510 64 20.3666
511 64 20.3666
512 64 20.3666
513 64 19.3986
516 64 16.9779
547 64 19.3986
552 64 18.5185
553 64 18.5185
556 64 17.7148
570 64 36.9686
571 64 36.9686
581 64 33.8983
593 64 31.2989
594 64 31.2989
133 65 45.1467
426 65 36.9686
455 65 29.0698
456 65 29.0698
483 65 29.0698
484 65 29.0698
511 65 20.3666
512 65 20.3666
544 65 19.3986
552 65 19.3986
553 65 18.5185
556 65 16.9779
568 65 40.6504
569 65 36.9686
572 65 36.9686
581 65 33.8983
593 65 31.2989
594 65 31.2989
133 66 45.1467
134 66 45.1467
454 66 29.0698
455 66 29.0698
483 66 27.137
484 66 27.137
544 66 19.3986
545 66 19.3986
552 66 19.3986
553 66 18.5185
555 66 18.5185
571 66 36.9686
580 66 33.8983
581 66 33.8983
593 66 31.2989
594 66 31.2989
134 67 45.1467
437 67 40.6504
454 67 29.0698
455 67 29.0698
456 67 29.0698
541 67 22.6244
580 67 36.9686
584 67 33.8983
594 67 31.2989
134 68 50.7614
135 68 50.7614
423 68 40.6504
424 68 40.6504
428 68 27.137
429 68 27.137
482 68 27.137
509 68 20.3666
510 68 20.3666
511 68 20.3666
512 68 19.3986
516 68 16.2999
517 68 16.2999
521 68 13.1492
522 68 13.1492
543 68 20.3666
569 68 36.9686
583 68 33.8983
593 68 31.2989
594 68 31.2989
135 69 50.7614
422 69 40.6504
423 69 40.6504
424 69 40.6504
429 69 27.137
459 69 22.6244
460 69 22.6244
481 69 27.137
482 69 27.137
485 69 29.0698
509 69 20.3666
510 69 20.3666
511 69 20.3666
512 69 19.3986
515 69 16.9779
516 69 16.9779
521 69 13.1492
593 69 31.2989
594 69 31.2989
135 70 50.7614
422 70 40.6504
423 70 40.6504
424 70 40.6504
428 70 27.137
459 70 22.6244
462 70 20.3666
481 70 27.137
482 70 27.137
510 70 20.3666
511 70 20.3666
515 70 17.7148
569 70 40.6504
137 71 50.7614
454 71 29.0698
455 71 29.0698
458 71 22.6244
459 71 22.6244
461 71 21.4362
462 71 20.3666
483 71 27.137
513 71 19.3986
514 71 19.3986
517 71 16.9779
518 71 16.9779
560 71 36.9686
581 71 33.8983
635 71 27.137
454 72 29.0698
455 72 29.0698
461 72 20.3666
513 72 19.3986
514 72 20.3666
559 72 36.9686
560 72 36.9686
581 72 33.8983
634 72 27.137
635 72 27.137
636 72 27.137
133 73 45.1467
437 73 36.9686
454 73 29.0698
455 73 29.0698
484 73 29.0698
513 73 20.3666
557 73 40.6504
561 73 36.9686
581 73 33.8983
634 73 27.137
635 73 27.137
142 74 45.1467
157 74 45.1467
422 74 36.9686
423 74 36.9686
427 74 31.2989
454 74 29.0698
455 74 29.0698
463 74 21.4362
479 74 29.0698
480 74 29.0698
483 74 29.0698
484 74 29.0698
505 74 20.3666
506 74 20.3666
517 74 19.3986
560 74 36.9686
581 74 33.8983
635 74 27.137
636 74 27.137
637 74 27.137
142 75 45.1467
143 75 45.1467
157 75 45.1467
422 75 40.6504
423 75 40.6504
426 75 31.2989
454 75 29.0698
455 75 29.0698
456 75 29.0698
484 75 29.0698
485 75 29.0698
504 75 20.3666
505 75 20.3666
506 75 20.3666
507 75 20.3666
515 75 19.3986
516 75 19.3986
559 75 40.6504
581 75 33.8983
635 75 29.0698
423 76 40.6504
426 76 31.2989
456 76 29.0698
487 76 27.137
505 76 20.3666
506 76 20.3666
511 76 16.9779
514 76 19.3986
515 76 19.3986
526 76 20.3666
527 76 20.3666
528 76 20.3666
581 76 33.8983
143 77 45.1467
423 77 40.6504
455 77 29.0698
456 77 29.0698
457 77 29.0698
487 77 27.137
505 77 20.3666
506 77 20.3666
507 77 20.3666
511 77 16.9779
514 77 19.3986
524 77 20.3666
525 77 20.3666
526 77 20.3666
581 77 33.8983
584 77 31.2989
143 78 45.1467
423 78 40.6504
424 78 36.9686
430 78 27.137
455 78 29.0698
456 78 29.0698
487 78 27.137
506 78 20.3666
507 78 20.3666
522 78 14.0548
583 78 33.8983
131 79 45.1467
144 79 45.1467
423 79 40.6504
424 79 40.6504
435 79 40.6504
436 79 40.6504
457 79 29.0698
458 79 29.0698
459 79 29.0698
482 79 23.9521
506 79 20.3666
507 79 20.3666
512 79 16.9779
570 79 36.9686
582 79 33.8983
131 80 45.1467
144 80 50.7614
435 80 36.9686
457 80 29.0698
458 80 29.0698
459 80 29.0698
487 80 27.137
506 80 20.3666
507 80 20.3666
508 80 20.3666
512 80 16.9779
519 80 15.0943
520 80 14.556
569 80 36.9686
131 81 45.1467
144 81 50.7614
426 81 27.137
436 81 36.9686
448 81 200
457 81 29.0698
458 81 29.0698
459 81 29.0698
486 81 29.0698
487 81 29.0698
505 81 20.3666
506 81 20.3666
507 81 20.3666
508 81 20.3666
518 81 15.0943
519 81 15.674
618 81 29.0698
619 81 29.0698
131 82 45.1467
144 82 50.7614
427 82 36.9686
436 82 40.6504
457 82 29.0698
458 82 29.0698
459 82 29.0698
486 82 29.0698
517 82 15.0943
521 82 19.3986
555 82 19.3986
617 82 29.0698
618 82 29.0698
131 83 45.1467
132 83 45.1467
421 83 36.9686
426 83 36.9686
427 83 36.9686
520 83 20.3666
521 83 20.3666
538 83 18.5185
539 83 18.5185
604 83 31.2989
617 83 29.0698
618 83 29.0698
132 84 45.1467
421 84 36.9686
425 84 36.9686
426 84 36.9686
435 84 40.6504
454 84 29.0698
455 84 29.0698
485 84 29.0698
486 84 29.0698
507 84 21.4362
510 84 19.3986
519 84 20.3666
539 84 18.5185
569 84 36.9686
617 84 31.2989
618 84 31.2989
132 85 45.1467
421 85 36.9686
425 85 36.9686
426 85 36.9686
435 85 40.6504
454 85 29.0698
455 85 29.0698
461 85 22.6244
485 85 27.137
486 85 27.137
487 85 27.137
510 85 19.3986
511 85 19.3986
574 85 18.5185
613 85 31.2989
632 85 29.0698
633 85 29.0698
132 86 50.7614
133 86 50.7614
421 86 40.6504
422 86 36.9686
454 86 29.0698
455 86 29.0698
460 86 22.6244
509 86 20.3666
510 86 19.3986
511 86 19.3986
575 86 18.5185
612 86 31.2989
132 87 45.1467
422 87 36.9686
423 87 40.6504
434 87 40.6504
435 87 40.6504
456 87 29.0698
508 87 21.4362
511 87 19.3986
512 87 19.3986
132 88 50.7614
314 88 67.5676
422 88 36.9686
423 88 36.9686
424 88 36.9686
455 88 29.0698
456 88 29.0698
511 88 20.3666
512 88 20.3666
519 88 15.674
629 88 29.0698
630 88 29.0698
424 89 36.9686
455 89 29.0698
456 89 29.0698
486 89 29.0698
487 89 29.0698
510 89 20.3666
511 89 20.3666
603 89 31.2989
604 89 31.2989
629 89 29.0698
630 89 29.0698
631 89 29.0698
424 90 36.9686
425 90 36.9686
453 90 31.2989
553 90 18.5185
599 90 31.2989
603 90 31.2989
624 90 31.2989
629 90 29.0698
630 90 29.0698
631 90 29.0698
130 91 45.1467
183 91 67.5676
424 91 36.9686
486 91 29.0698
506 91 20.3666
507 91 20.3666
511 91 20.3666
512 91 20.3666
599 91 31.2989
629 91 29.0698
630 91 29.0698
130 92 50.7614
152 92 45.1467
183 92 67.5676
421 92 36.9686
429 92 22.6244
437 92 36.9686
457 92 29.0698
485 92 29.0698
486 92 29.0698
506 92 20.3666
507 92 20.3666
511 92 20.3666
512 92 20.3666
130 93 50.7614
183 93 57.971
421 93 36.9686
422 93 40.6504
437 93 36.9686
457 93 29.0698
506 93 20.3666
507 93 20.3666
510 93 20.3666
511 93 20.3666
558 93 19.3986
559 93 19.3986
130 94 45.1467
182 94 57.971
420 94 40.6504
421 94 40.6504
428 94 23.9521
429 94 23.9521
457 94 29.0698
459 94 29.0698
460 94 27.137
487 94 29.0698
506 94 20.3666
507 94 20.3666
508 94 20.3666
558 94 19.3986
599 94 33.8983
600 94 33.8983
615 94 29.0698
616 94 31.2989
624 94 31.2989
625 94 31.2989
182 95 57.971
420 95 40.6504
423 95 36.9686
440 95 16.2999
456 95 29.0698
457 95 29.0698
458 95 29.0698
459 95 29.0698
506 95 20.3666
507 95 20.3666
508 95 20.3666
521 95 16.2999
624 95 29.0698
625 95 29.0698
128 96 50.7614
182 96 57.971
183 96 57.971
420 96 45.1467
422 96 40.6504
427 96 29.0698
428 96 27.137
436 96 36.9686
458 96 29.0698
459 96 29.0698
460 96 27.137
512 96 20.3666
513 96 20.3666
514 96 20.3666
520 96 16.2999
541 96 18.5185
613 96 29.0698
624 96 29.0698
625 96 29.0698
182 97 57.971
427 97 31.2989
458 97 29.0698
509 97 20.3666
512 97 20.3666
513 97 20.3666
514 97 20.3666
540 97 18.5185
541 97 18.5185
560 97 19.3986
613 97 31.2989
625 97 29.0698
140 98 45.1467
181 98 57.971
182 98 57.971
424 98 40.6504
425 98 36.9686
483 98 29.0698
484 98 29.0698
485 98 29.0698
486 98 27.137
508 98 20.3666
509 98 20.3666
512 98 20.3666
513 98 20.3666
525 98 13.1492
588 98 33.8983
589 98 33.8983
612 98 31.2989
613 98 31.2989
614 98 29.0698
615 98 29.0698
625 98 29.0698
128 99 45.1467
182 99 57.971
308 99 57.971
339 99 67.5676
424 99 40.6504
425 99 36.9686
427 99 33.8983
452 99 50.7614
457 99 29.0698
485 99 29.0698
486 99 29.0698
491 99 57.971
508 99 20.3666
509 99 20.3666
515 99 19.3986
558 99 19.3986
559 99 19.3986
560 99 19.3986
589 99 33.8983
611 99 31.2989
612 99 31.2989
613 99 31.2989
614 99 31.2989
625 99 29.0698
129 100 45.1467
182 100 57.971
423 100 40.6504
424 100 40.6504
427 100 36.9686
457 100 29.0698
490 100 57.971
510 100 20.3666
511 100 20.3666
514 100 17.7148
515 100 17.7148
540 100 19.3986
558 100 20.3666
605 100 31.2989
624 100 29.0698
625 100 29.0698
629 100 29.0698
129 101 45.1467
130 101 45.1467
424 101 40.6504
427 101 36.9686
448 101 67.5676
449 101 67.5676
484 101 29.0698
509 101 20.3666
510 101 20.3666
511 101 20.3666
540 101 19.3986
605 101 31.2989
624 101 29.0698
625 101 29.0698
130 102 45.1467
181 102 67.5676
264 102 50.7614
265 102 50.7614
289 102 50.7614
341 102 57.971
424 102 40.6504
427 102 36.9686
448 102 67.5676
454 102 29.0698
455 102 29.0698
484 102 29.0698
485 102 29.0698
562 102 19.3986
609 102 31.2989
610 102 31.2989
621 102 29.0698
625 102 29.0698
131 103 45.1467
389 103 57.971
450 103 50.7614
454 103 29.0698
455 103 29.0698
484 103 27.137
494 103 200
509 103 21.4362
511 103 20.3666
512 103 19.3986
562 103 19.3986
609 103 31.2989
621 103 29.0698
179 104 57.971
201 104 57.971
308 104 67.5676
318 104 67.5676
455 104 29.0698
484 104 27.137
485 104 27.137
507 104 22.6244
508 104 21.4362
509 104 21.4362
510 104 20.3666
511 104 20.3666
512 104 19.3986
516 104 15.674
517 104 15.674
576 104 36.9686
577 104 36.9686
598 104 31.2989
609 104 31.2989
621 104 29.0698
128 105 45.1467
201 105 57.971
266 105 200
308 105 67.5676
319 105 67.5676
388 105 57.971
452 105 36.9686
455 105 29.0698
456 105 29.0698
484 105 27.137
522 105 14.556
558 105 19.3986
576 105 36.9686
577 105 36.9686
598 105 31.2989
599 105 31.2989
600 105 31.2989
605 105 31.2989
609 105 31.2989
621 105 29.0698
629 105 29.0698
57 106 45.1467
129 106 45.1467
130 106 45.1467
178 106 57.971
319 106 67.5676
350 106 36.9686
388 106 57.971
421 106 36.9686
426 106 45.1467
427 106 36.9686
429 106 36.9686
455 106 29.0698
456 106 29.0698
484 106 27.137
512 106 20.3666
513 106 20.3666
514 106 19.3986
520 106 14.556
521 106 14.556
558 106 19.3986
576 106 36.9686
577 106 36.9686
597 106 33.8983
598 106 31.2989
599 106 31.2989
605 106 31.2989
609 106 31.2989
621 106 29.0698
624 106 29.0698
625 106 29.0698
629 106 29.0698
81 107 45.1467
130 107 45.1467
178 107 57.971
317 107 67.5676
338 107 57.971
345 107 67.5676
350 107 36.9686
437 107 36.9686
483 107 27.137
484 107 27.137
505 107 31.2989
559 107 19.3986
560 107 19.3986
605 107 31.2989
609 107 31.2989
625 107 29.0698
629 107 29.0698
81 108 45.1467
130 108 50.7614
178 108 57.971
345 108 67.5676
346 108 67.5676
436 108 36.9686
437 108 36.9686
453 108 36.9686
511 108 20.3666
546 108 19.3986
558 108 19.3986
559 108 19.3986
560 108 19.3986
605 108 31.2989
609 108 31.2989
610 108 31.2989
625 108 29.0698
629 108 29.0698
636 108 40.6504
53 109 45.1467
179 109 57.971
184 109 57.971
185 109 57.971
345 109 67.5676
346 109 67.5676
387 109 57.971
419 109 50.7614
422 109 36.9686
426 109 50.7614
429 109 36.9686
436 109 36.9686
437 109 36.9686
448 109 57.971
453 109 36.9686
510 109 20.3666
511 109 20.3666
512 109 20.3666
514 109 19.3986
545 109 19.3986
546 109 19.3986
547 109 19.3986
560 109 19.3986
561 109 19.3986
595 109 33.8983
605 109 31.2989
609 109 31.2989
625 109 29.0698
629 109 29.0698
54 110 45.1467
179 110 57.971
185 110 57.971
292 110 57.971
308 110 67.5676
378 110 80.9717
387 110 57.971
400 110 57.971
419 110 50.7614
422 110 36.9686
437 110 36.9686
546 110 19.3986
565 110 36.9686
566 110 36.9686
595 110 33.8983
625 110 29.0698
629 110 29.0698
636 110 27.137
316 111 57.971
334 111 67.5676
335 111 67.5676
377 111 80.9717
378 111 80.9717
417 111 50.7614
422 111 40.6504
437 111 36.9686
485 111 27.137
511 111 20.3666
512 111 20.3666
556 111 20.3666
557 111 20.3666
565 111 36.9686
566 111 36.9686
585 111 33.8983
586 111 33.8983
587 111 33.8983
595 111 33.8983
625 111 29.0698
629 111 29.0698
636 111 27.137
131 112 45.1467
181 112 57.971
186 112 57.971
203 112 57.971
310 112 67.5676
334 112 67.5676
335 112 67.5676
377 112 80.9717
420 112 40.6504
436 112 36.9686
459 112 23.9521
485 112 27.137
498 112 80.9717
499 112 80.9717
511 112 21.4362
512 112 21.4362
516 112 17.7148
517 112 17.7148
556 112 20.3666
557 112 20.3666
564 112 36.9686
565 112 36.9686
584 112 33.8983
585 112 33.8983
586 112 33.8983
591 112 33.8983
625 112 29.0698
629 112 29.0698
53 113 45.1467
131 113 45.1467
181 113 67.5676
203 113 57.971
334 113 67.5676
420 113 40.6504
421 113 40.6504
436 113 36.9686
449 113 67.5676
454 113 29.0698
455 113 29.0698
459 113 22.6244
511 113 20.3666
512 113 20.3666
516 113 17.7148
546 113 20.3666
547 113 19.3986
559 113 19.3986
585 113 33.8983
591 113 33.8983
595 113 33.8983
609 113 31.2989
610 113 31.2989
625 113 29.0698
626 113 29.0698
155 114 50.7614
185 114 67.5676
304 114 57.971
421 114 40.6504
448 114 67.5676
454 114 29.0698
455 114 29.0698
456 114 29.0698
485 114 29.0698
495 114 101.01
511 114 20.3666
512 114 20.3666
515 114 18.5185
519 114 16.2999
523 114 15.0943
524 114 15.0943
545 114 20.3666
546 114 20.3666
595 114 33.8983
596 114 33.8983
609 114 31.2989
610 114 31.2989
625 114 29.0698
185 115 67.5676
194 115 57.971
340 115 67.5676
437 115 36.9686
456 115 29.0698
461 115 23.9521
495 115 101.01
496 115 101.01
513 115 20.3666
514 115 20.3666
518 115 17.7148
519 115 16.9779
522 115 15.0943
523 115 15.0943
544 115 20.3666
545 115 20.3666
582 115 36.9686
595 115 33.8983
609 115 31.2989
71 116 45.1467
130 116 45.1467
185 116 67.5676
210 116 80.9717
340 116 67.5676
350 116 67.5676
352 116 57.971
357 116 80.9717
421 116 40.6504
422 116 40.6504
456 116 27.137
494 116 101.01
495 116 101.01
496 116 101.01
513 116 20.3666
514 116 20.3666
517 116 17.7148
557 116 19.3986
573 116 33.8983
582 116 36.9686
609 116 31.2989
629 116 29.0698
630 116 29.0698
59 117 45.1467
72 117 45.1467
210 117 80.9717
315 117 67.5676
320 117 36.9686
349 117 67.5676
350 117 67.5676
370 117 80.9717
421 117 40.6504
437 117 36.9686
456 117 27.137
457 117 27.137
487 117 29.0698
495 117 101.01
513 117 20.3666
517 117 17.7148
573 117 33.8983
609 117 31.2989
92 118 45.1467
183 118 67.5676
210 118 80.9717
316 118 67.5676
317 118 67.5676
320 118 40.6504
398 118 80.9717
418 118 33.8983
457 118 27.137
458 118 27.137
460 118 25.4453
486 118 29.0698
487 118 29.0698
496 118 101.01
513 118 20.3666
514 118 20.3666
572 118 33.8983
573 118 33.8983
609 118 31.2989
129 119 45.1467
130 119 45.1467
159 119 134.228
210 119 80.9717
317 119 67.5676
320 119 40.6504
398 119 80.9717
454 119 33.8983
457 119 27.137
486 119 29.0698
490 119 101.01
494 119 101.01
495 119 101.01
496 119 101.01
517 119 18.5185
521 119 16.9779
529 119 19.3986
595 119 33.8983
609 119 31.2989
129 120 45.1467
130 120 45.1467
140 120 50.7614
157 120 134.228
187 120 57.971
188 120 57.971
317 120 67.5676
320 120 57.971
327 120 22.6244
398 120 80.9717
415 120 45.1467
419 120 33.8983
437 120 36.9686
486 120 29.0698
487 120 29.0698
490 120 101.01
520 120 19.3986
521 120 16.9779
595 120 33.8983
596 120 33.8983
603 120 31.2989
609 120 31.2989
44 121 45.1467
130 121 45.1467
140 121 50.7614
182 121 57.971
183 121 57.971
208 121 80.9717
317 121 67.5676
318 121 67.5676
402 121 45.1467
415 121 45.1467
416 121 45.1467
440 121 27.137
486 121 29.0698
487 121 29.0698
490 121 101.01
491 121 101.01
519 121 18.5185
562 121 36.9686
595 121 33.8983
596 121 33.8983
603 121 31.2989
130 122 50.7614
140 122 50.7614
183 122 57.971
208 122 80.9717
317 122 67.5676
318 122 67.5676
324 122 31.2989
335 122 57.971
337 122 57.971
376 122 67.5676
395 122 57.971
415 122 45.1467
416 122 40.6504
440 122 29.0698
454 122 29.0698
455 122 29.0698
495 122 101.01
499 122 57.971
518 122 19.3986
519 122 19.3986
561 122 36.9686
562 122 36.9686
563 122 36.9686
595 122 31.2989
596 122 31.2989
130 123 50.7614
163 123 101.01
183 123 57.971
208 123 80.9717
300 123 57.971
318 123 67.5676
319 123 67.5676
324 123 31.2989
325 123 31.2989
327 123 57.971
334 123 67.5676
335 123 57.971
337 123 57.971
376 123 67.5676
377 123 67.5676
436 123 36.9686
440 123 29.0698
453 123 29.0698
492 123 101.01
493 123 101.01
561 123 36.9686
562 123 36.9686
563 123 36.9686
596 123 31.2989
606 123 31.2989
130 124 50.7614
183 124 57.971
210 124 80.9717
310 124 57.971
318 124 67.5676
319 124 67.5676
325 124 31.2989
353 124 8.49618
376 124 67.5676
397 124 57.971
417 124 40.6504
418 124 36.9686
439 124 29.0698
453 124 29.0698
454 124 29.0698
486 124 29.0698
492 124 101.01
493 124 101.01
561 124 36.9686
562 124 36.9686
595 124 31.2989
596 124 31.2989
606 124 31.2989
47 125 40.6504
163 125 101.01
183 125 67.5676
210 125 80.9717
319 125 67.5676
325 125 57.971
375 125 67.5676
376 125 67.5676
417 125 36.9686
418 125 36.9686
439 125 29.0698
445 125 67.5676
453 125 29.0698
454 125 29.0698
583 125 33.8983
595 125 31.2989
596 125 31.2989
131 126 50.7614
163 126 101.01
183 126 67.5676
325 126 57.971
337 126 15.0943
346 126 67.5676
375 126 67.5676
452 126 29.0698
453 126 29.0698
489 126 101.01
492 126 101.01
524 126 19.3986
525 126 19.3986
583 126 33.8983
595 126 33.8983
596 126 33.8983
157 127 101.01
163 127 101.01
188 127 57.971
317 127 67.5676
319 127 67.5676
337 127 15.0943
346 127 67.5676
375 127 67.5676
376 127 67.5676
391 127 57.971
405 127 31.2989
418 127 36.9686
419 127 36.9686
420 127 36.9686
495 127 101.01
496 127 101.01
523 127 19.3986
552 127 40.6504
553 127 40.6504
583 127 33.8983
48 128 45.1467
66 128 40.6504
91 128 45.1467
157 128 101.01
163 128 101.01
181 128 57.971
188 128 57.971
189 128 57.971
319 128 67.5676
320 128 67.5676
375 128 67.5676
379 128 36.9686
396 128 134.228
405 128 31.2989
419 128 36.9686
420 128 36.9686
438 128 36.9686
445 128 22.6244
446 128 22.6244
449 128 45.1467
456 128 23.9521
487 128 101.01
496 128 101.01
497 128 101.01
525 128 19.3986
526 128 19.3986
551 128 40.6504
552 128 40.6504
553 128 40.6504
583 128 33.8983
598 128 33.8983
599 128 33.8983
158 129 101.01
181 129 57.971
189 129 57.971
208 129 80.9717
320 129 67.5676
324 129 40.6504
358 129 67.5676
365 129 6.68673
374 129 67.5676
375 129 67.5676
437 129 36.9686
438 129 36.9686
444 129 22.6244
445 129 22.6244
486 129 101.01
487 129 101.01
525 129 19.3986
526 129 19.3986
550 129 45.1467
583 129 33.8983
597 129 33.8983
85 130 45.1467
127 130 45.1467
128 130 45.1467
181 130 57.971
182 130 57.971
189 130 57.971
208 130 80.9717
305 130 57.971
306 130 57.971
320 130 67.5676
321 130 67.5676
324 130 40.6504
338 130 15.0943
353 130 8.86525
358 130 80.9717
394 130 200
395 130 200
403 130 101.01
437 130 40.6504
438 130 40.6504
443 130 25.4453
444 130 23.9521
456 130 23.9521
486 130 101.01
487 130 101.01
488 130 101.01
525 130 19.3986
526 130 19.3986
582 130 33.8983
583 130 33.8983
53 131 45.1467
66 131 45.1467
67 131 45.1467
85 131 45.1467
127 131 45.1467
128 131 45.1467
161 131 101.01
181 131 57.971
182 131 57.971
208 131 80.9717
209 131 80.9717
306 131 57.971
320 131 67.5676
321 131 67.5676
324 131 40.6504
328 131 29.0698
345 131 57.971
346 131 57.971
357 131 80.9717
373 131 67.5676
394 131 200
406 131 80.9717
415 131 45.1467
441 131 134.228
442 131 80.9717
484 131 134.228
487 131 101.01
488 131 101.01
583 131 33.8983
44 132 45.1467
53 132 45.1467
54 132 45.1467
127 132 45.1467
128 132 45.1467
161 132 101.01
181 132 57.971
208 132 80.9717
306 132 57.971
307 132 57.971
320 132 67.5676
321 132 67.5676
325 132 40.6504
357 132 80.9717
394 132 134.228
397 132 80.9717
414 132 45.1467
415 132 45.1467
419 132 36.9686
436 132 40.6504
440 132 134.228
441 132 134.228
442 132 101.01
460 132 29.0698
484 132 29.0698
519 132 19.3986
542 132 45.1467
54 133 45.1467
128 133 45.1467
162 133 101.01
181 133 57.971
188 133 67.5676
212 133 80.9717
321 133 67.5676
325 133 40.6504
328 133 29.0698
394 133 57.971
397 133 80.9717
405 133 80.9717
419 133 36.9686
439 133 134.228
440 133 134.228
585 133 33.8983
54 134 45.1467
161 134 101.01
181 134 57.971
188 134 57.971
212 134 80.9717
238 134 80.9717
241 134 80.9717
246 134 67.5676
321 134 67.5676
322 134 67.5676
369 134 67.5676
393 134 57.971
394 134 57.971
419 134 40.6504
438 134 134.228
439 134 134.228
577 134 33.8983
45 135 45.1467
127 135 50.7614
181 135 57.971
209 135 80.9717
212 135 80.9717
238 135 80.9717
321 135 67.5676
322 135 67.5676
332 135 11.325
351 135 67.5676
389 135 200
394 135 50.7614
417 135 40.6504
418 135 40.6504
436 135 200
544 135 20.3666
571 135 36.9686
45 136 45.1467
126 136 45.1467
164 136 101.01
181 136 67.5676
187 136 67.5676
238 136 80.9717
304 136 200
321 136 80.9717
322 136 80.9717
325 136 40.6504
362 136 67.5676
366 136 36.9686
367 136 40.6504
394 136 57.971
418 136 40.6504
54 137 45.1467
126 137 45.1467
164 137 101.01
181 137 67.5676
187 137 67.5676
188 137 67.5676
209 137 67.5676
222 137 67.5676
238 137 80.9717
239 137 80.9717
304 137 200
321 137 67.5676
322 137 67.5676
325 137 40.6504
362 137 67.5676
366 137 36.9686
484 137 27.137
544 137 19.3986
71 138 45.1467
78 138 40.6504
176 138 134.228
201 138 57.971
209 138 67.5676
238 138 101.01
239 138 101.01
311 138 45.1467
321 138 67.5676
322 138 67.5676
326 138 40.6504
333 138 21.4362
337 138 16.9779
362 138 67.5676
393 138 200
414 138 67.5676
460 138 29.0698
461 138 29.0698
465 138 29.0698
544 138 19.3986
36 139 40.6504
176 139 134.228
183 139 134.228
188 139 67.5676
209 139 67.5676
210 139 67.5676
238 139 101.01
247 139 80.9717
322 139 67.5676
326 139 40.6504
333 139 21.4362
337 139 16.9779
362 139 67.5676
376 139 67.5676
377 139 67.5676
418 139 40.6504
544 139 19.3986
36 140 40.6504
126 140 45.1467
210 140 67.5676
211 140 67.5676
247 140 80.9717
310 140 50.7614
312 140 50.7614
322 140 67.5676
332 140 21.4362
333 140 21.4362
337 140 16.9779
393 140 200
404 140 33.8983
410 140 17.7148
421 140 33.8983
470 140 29.0698
471 140 29.0698
544 140 19.3986
637 140 27.137
47 141 45.1467
126 141 45.1467
127 141 45.1467
180 141 67.5676
210 141 80.9717
211 141 80.9717
236 141 80.9717
247 141 80.9717
310 141 57.971
312 141 57.971
319 141 200
326 141 36.9686
332 141 22.6244
333 141 22.6244
337 141 16.9779
373 141 80.9717
374 141 67.5676
393 141 200
409 141 17.7148
419 141 40.6504
422 141 31.2989
423 141 31.2989
516 141 57.971
521 141 57.971
522 141 57.971
544 141 19.3986
556 141 36.9686
637 141 27.137
82 142 45.1467
127 142 45.1467
128 142 45.1467
170 142 101.01
210 142 80.9717
211 142 80.9717
223 142 67.5676
236 142 80.9717
237 142 80.9717
311 142 57.971
312 142 57.971
319 142 200
322 142 67.5676
323 142 67.5676
327 142 36.9686
328 142 36.9686
333 142 22.6244
360 142 45.1467
393 142 57.971
394 142 57.971
408 142 17.7148
419 142 40.6504
423 142 31.2989
516 142 57.971
520 142 57.971
521 142 57.971
544 142 19.3986
555 142 36.9686
556 142 36.9686
637 142 27.137
93 143 45.1467
128 143 45.1467
170 143 101.01
210 143 80.9717
211 143 80.9717
223 143 67.5676
236 143 80.9717
237 143 80.9717
247 143 80.9717
311 143 57.971
319 143 200
323 143 67.5676
327 143 36.9686
332 143 23.9521
337 143 20.3666
393 143 57.971
394 143 57.971
419 143 40.6504
420 143 40.6504
533 143 23.9521
535 143 21.4362
536 143 20.3666
537 143 20.3666
543 143 19.3986
544 143 19.3986
637 143 27.137
60 144 45.1467
93 144 45.1467
170 144 101.01
178 144 134.228
179 144 134.228
211 144 80.9717
223 144 67.5676
236 144 80.9717
237 144 80.9717
247 144 80.9717
311 144 57.971
319 144 200
323 144 67.5676
332 144 25.4453
357 144 80.9717
388 144 200
393 144 57.971
420 144 40.6504
421 144 40.6504
463 144 29.0698
544 144 19.3986
631 144 29.0698
126 145 101.01
129 145 50.7614
169 145 101.01
170 145 101.01
211 145 80.9717
223 145 67.5676
236 145 80.9717
237 145 80.9717
247 145 80.9717
311 145 67.5676
317 145 200
320 145 200
323 145 67.5676
327 145 36.9686
332 145 25.4453
335 145 67.5676
352 145 80.9717
368 145 16.9779
392 145 57.971
405 145 101.01
420 145 40.6504
463 145 29.0698
544 145 19.3986
619 145 29.0698
620 145 29.0698
621 145 29.0698
630 145 29.0698
631 145 29.0698
637 145 27.137
49 146 45.1467
61 146 45.1467
169 146 101.01
211 146 80.9717
223 146 67.5676
236 146 80.9717
312 146 67.5676
323 146 67.5676
324 146 67.5676
332 146 200
335 146 20.3666
368 146 16.9779
392 146 67.5676
404 146 101.01
405 146 101.01
417 146 57.971
544 146 19.3986
619 146 29.0698
620 146 29.0698
626 146 29.0698
630 146 29.0698
631 146 29.0698
61 147 45.1467
108 147 45.1467
169 147 101.01
179 147 57.971
211 147 80.9717
223 147 67.5676
236 147 101.01
312 147 67.5676
314 147 67.5676
323 147 80.9717
324 147 80.9717
328 147 36.9686
332 147 200
335 147 20.3666
352 147 80.9717
392 147 67.5676
393 147 67.5676
417 147 57.971
544 147 19.3986
619 147 29.0698
620 147 29.0698
95 148 40.6504
126 148 101.01
127 148 101.01
169 148 101.01
176 148 200
179 148 57.971
211 148 80.9717
223 148 67.5676
236 148 80.9717
240 148 80.9717
312 148 67.5676
319 148 29.0698
324 148 67.5676
328 148 36.9686
329 148 36.9686
339 148 10.7296
352 148 80.9717
355 148 33.8983
357 148 33.8983
367 148 67.5676
392 148 57.971
393 148 57.971
394 148 57.971
461 148 33.8983
544 148 20.3666
545 148 20.3666
614 148 31.2989
615 148 31.2989
620 148 29.0698
81 149 45.1467
82 149 45.1467
123 149 101.01
127 149 101.01
169 149 101.01
175 149 134.228
176 149 134.228
202 149 57.971
211 149 80.9717
223 149 67.5676
237 149 101.01
247 149 80.9717
324 149 67.5676
325 149 67.5676
328 149 36.9686
329 149 36.9686
352 149 80.9717
357 149 33.8983
366 149 80.9717
367 149 80.9717
394 149 57.971
405 149 134.228
406 149 134.228
413 149 134.228
544 149 20.3666
545 149 20.3666
604 149 31.2989
614 149 31.2989
615 149 31.2989
57 150 40.6504
82 150 45.1467
105 150 45.1467
123 150 101.01
124 150 101.01
175 150 134.228
202 150 57.971
211 150 80.9717
223 150 67.5676
237 150 101.01
247 150 80.9717
311 150 134.228
314 150 67.5676
324 150 67.5676
325 150 67.5676
329 150 36.9686
351 150 80.9717
352 150 67.5676
366 150 80.9717
394 150 57.971
411 150 134.228
412 150 134.228
529 150 45.1467
538 150 21.4362
539 150 21.4362
544 150 20.3666
545 150 20.3666
604 150 31.2989
605 150 31.2989
614 150 31.2989
615 150 31.2989
620 150 29.0698
123 151 101.01
124 151 101.01
175 151 134.228
202 151 57.971
211 151 80.9717
237 151 101.01
238 151 101.01
314 151 67.5676
325 151 67.5676
329 151 36.9686
336 151 21.4362
364 151 80.9717
411 151 134.228
455 151 101.01
605 151 31.2989
614 151 31.2989
171 152 134.228
212 152 80.9717
237 152 101.01
238 152 101.01
315 152 67.5676
317 152 57.971
325 152 67.5676
326 152 67.5676
329 152 40.6504
336 152 21.4362
345 152 80.9717
349 152 80.9717
350 152 80.9717
363 152 101.01
389 152 200
410 152 134.228
455 152 101.01
547 152 19.3986
548 152 19.3986
604 152 31.2989
69 153 45.1467
105 153 50.7614
127 153 134.228
128 153 101.01
171 153 134.228
197 153 57.971
238 153 101.01
295 153 80.9717
296 153 80.9717
312 153 200
315 153 67.5676
325 153 67.5676
326 153 67.5676
330 153 40.6504
337 153 21.4362
339 153 21.4362
360 153 29.0698
409 153 134.228
547 153 19.3986
548 153 19.3986
549 153 19.3986
600 153 31.2989
604 153 31.2989
127 154 101.01
128 154 101.01
197 154 57.971
212 154 67.5676
237 154 101.01
303 154 67.5676
315 154 67.5676
318 154 45.1467
326 154 67.5676
327 154 67.5676
330 154 40.6504
333 154 29.0698
337 154 21.4362
339 154 21.4362
347 154 80.9717
352 154 67.5676
353 154 67.5676
359 154 31.2989
360 154 31.2989
391 154 134.228
394 154 50.7614
471 154 29.0698
547 154 19.3986
548 154 19.3986
590 154 33.8983
591 154 33.8983
592 154 33.8983
599 154 31.2989
600 154 31.2989
604 154 31.2989
631 154 29.0698
632 154 29.0698
69 155 45.1467
130 155 101.01
197 155 57.971
212 155 80.9717
213 155 80.9717
225 155 67.5676
237 155 101.01
272 155 200
303 155 67.5676
304 155 67.5676
326 155 67.5676
327 155 67.5676
330 155 40.6504
353 155 67.5676
359 155 31.2989
360 155 31.2989
391 155 101.01
394 155 50.7614
462 155 57.971
471 155 29.0698
472 155 29.0698
547 155 19.3986
548 155 19.3986
590 155 33.8983
591 155 33.8983
592 155 33.8983
600 155 31.2989
603 155 31.2989
604 155 31.2989
605 155 31.2989
629 155 29.0698
630 155 29.0698
631 155 29.0698
632 155 29.0698
633 155 29.0698
634 155 27.137
125 156 101.01
130 156 101.01
131 156 101.01
213 156 80.9717
237 156 101.01
247 156 80.9717
272 156 200
298 156 101.01
304 156 67.5676
326 156 67.5676
327 156 67.5676
345 156 67.5676
353 156 67.5676
359 156 31.2989
390 156 134.228
394 156 50.7614
423 156 36.9686
437 156 40.6504
442 156 27.137
462 156 57.971
463 156 57.971
471 156 29.0698
547 156 19.3986
548 156 19.3986
567 156 36.9686
586 156 33.8983
591 156 33.8983
592 156 33.8983
623 156 29.0698
631 156 29.0698
632 156 29.0698
633 156 29.0698
68 157 45.1467
104 157 50.7614
125 157 101.01
131 157 101.01
213 157 80.9717
237 157 101.01
238 157 101.01
304 157 67.5676
305 157 67.5676
317 157 134.228
327 157 67.5676
331 157 40.6504
344 157 67.5676
353 157 67.5676
358 157 33.8983
368 157 67.5676
394 157 57.971
395 157 57.971
436 157 40.6504
437 157 40.6504
462 157 57.971
463 157 57.971
578 157 36.9686
579 157 36.9686
586 157 33.8983
618 157 29.0698
623 157 29.0698
104 158 50.7614
125 158 101.01
126 158 101.01
213 158 80.9717
258 158 134.228
315 158 67.5676
321 158 33.8983
327 158 67.5676
330 158 36.9686
331 158 36.9686
343 158 67.5676
362 158 25.4453
363 158 25.4453
388 158 200
389 158 200
394 158 57.971
395 158 57.971
436 158 40.6504
461 158 57.971
462 158 57.971
463 158 57.971
476 158 29.0698
537 158 20.3666
538 158 19.3986
539 158 19.3986
540 158 19.3986
546 158 19.3986
547 158 19.3986
548 158 19.3986
578 158 36.9686
579 158 36.9686
586 158 33.8983
587 158 33.8983
626 158 29.0698
627 158 29.0698
126 159 101.01
213 159 80.9717
236 159 80.9717
258 159 134.228
262 159 45.1467
327 159 67.5676
330 159 36.9686
331 159 36.9686
339 159 21.4362
353 159 67.5676
359 159 36.9686
362 159 25.4453
367 159 67.5676
420 159 40.6504
421 159 40.6504
426 159 25.4453
461 159 57.971
462 159 57.971
476 159 29.0698
517 159 57.971
546 159 19.3986
547 159 19.3986
548 159 19.3986
578 159 36.9686
579 159 36.9686
586 159 33.8983
590 159 33.8983
614 159 31.2989
615 159 31.2989
616 159 29.0698
626 159 29.0698
627 159 29.0698
61 160 45.1467
81 160 50.7614
213 160 80.9717
236 160 80.9717
258 160 134.228
262 160 45.1467
311 160 80.9717
312 160 80.9717
317 160 134.228
322 160 67.5676
326 160 67.5676
327 160 67.5676
330 160 36.9686
331 160 36.9686
353 160 80.9717
354 160 80.9717
358 160 36.9686
416 160 80.9717
420 160 40.6504
421 160 40.6504
426 160 36.9686
539 160 19.3986
546 160 19.3986
547 160 19.3986
578 160 36.9686
579 160 36.9686
607 160 31.2989
612 160 31.2989
613 160 31.2989
614 160 31.2989
615 160 31.2989
627 160 29.0698
124 161 101.01
203 161 57.971
213 161 80.9717
236 161 80.9717
258 161 134.228
263 161 45.1467
311 161 80.9717
312 161 80.9717
315 161 80.9717
317 161 80.9717
320 161 67.5676
322 161 67.5676
323 161 200
326 161 67.5676
327 161 67.5676
330 161 36.9686
331 161 36.9686
337 161 57.971
342 161 40.6504
354 161 67.5676
416 161 80.9717
489 161 57.971
547 161 19.3986
566 161 36.9686
567 161 36.9686
568 161 36.9686
607 161 31.2989
627 161 29.0698
47 162 45.1467
48 162 45.1467
66 162 45.1467
123 162 101.01
124 162 101.01
203 162 57.971
212 162 80.9717
213 162 80.9717
236 162 80.9717
237 162 80.9717
258 162 134.228
289 162 134.228
290 162 134.228
311 162 80.9717
320 162 57.971
323 162 200
326 162 80.9717
327 162 80.9717
331 162 36.9686
339 162 67.5676
342 162 40.6504
390 162 134.228
394 162 57.971
427 162 36.9686
428 162 36.9686
517 162 57.971
547 162 19.3986
548 162 19.3986
549 162 19.3986
567 162 36.9686
568 162 36.9686
574 162 36.9686
578 162 36.9686
579 162 36.9686
607 162 31.2989
610 162 31.2989
611 162 31.2989
612 162 31.2989
627 162 29.0698
66 163 45.1467
80 163 50.7614
120 163 101.01
203 163 57.971
212 163 80.9717
237 163 80.9717
258 163 134.228
290 163 134.228
296 163 36.9686
326 163 80.9717
327 163 80.9717
331 163 36.9686
337 163 67.5676
338 163 67.5676
352 163 67.5676
409 163 101.01
445 163 57.971
446 163 57.971
563 163 36.9686
567 163 36.9686
568 163 36.9686
599 163 31.2989
600 163 31.2989
601 163 31.2989
611 163 31.2989
612 163 31.2989
627 163 29.0698
80 164 50.7614
212 164 80.9717
237 164 80.9717
258 164 134.228
290 164 134.228
317 164 57.971
318 164 67.5676
326 164 80.9717
327 164 80.9717
331 164 36.9686
337 164 80.9717
349 164 67.5676
409 164 101.01
420 164 50.7614
537 164 22.6244
538 164 22.6244
539 164 22.6244
540 164 21.4362
548 164 19.3986
549 164 19.3986
550 164 19.3986
557 164 36.9686
563 164 36.9686
567 164 36.9686
593 164 33.8983
599 164 33.8983
600 164 31.2989
611 164 31.2989
627 164 29.0698
72 165 45.1467
91 165 50.7614
235 165 80.9717
258 165 134.228
290 165 134.228
319 165 57.971
323 165 200
331 165 67.5676
360 165 31.2989
394 165 57.971
409 165 101.01
425 165 67.5676
462 165 57.971
548 165 19.3986
549 165 19.3986
557 165 36.9686
563 165 36.9686
567 165 36.9686
611 165 31.2989
626 165 29.0698
627 165 29.0698
59 166 45.1467
123 166 101.01
249 166 80.9717
290 166 134.228
308 166 200
309 166 200
331 166 67.5676
353 166 80.9717
357 166 80.9717
360 166 31.2989
394 166 57.971
395 166 57.971
409 166 101.01
428 166 200
431 166 36.9686
462 166 57.971
472 166 29.0698
557 166 36.9686
586 166 33.8983
587 166 33.8983
588 166 33.8983
596 166 33.8983
597 166 33.8983
611 166 31.2989
612 166 31.2989
627 166 29.0698
41 167 40.6504
118 167 80.9717
123 167 101.01
229 167 134.228
235 167 80.9717
236 167 80.9717
289 167 134.228
290 167 134.228
308 167 200
309 167 200
331 167 67.5676
348 167 33.8983
353 167 80.9717
354 167 80.9717
360 167 67.5676
395 167 57.971
422 167 134.228
461 167 57.971
462 167 57.971
472 167 29.0698
485 167 80.9717
548 167 19.3986
585 167 33.8983
586 167 33.8983
587 167 33.8983
597 167 33.8983
611 167 31.2989
612 167 31.2989
623 167 29.0698
41 168 40.6504
78 168 45.1467
102 168 50.7614
125 168 101.01
236 168 80.9717
297 168 134.228
302 168 200
308 168 200
309 168 200
331 168 200
334 168 67.5676
342 168 80.9717
343 168 80.9717
348 168 33.8983
359 168 67.5676
360 168 67.5676
426 168 200
431 168 36.9686
548 168 19.3986
611 168 31.2989
612 168 31.2989
620 168 29.0698
623 168 29.0698
114 169 57.971
115 169 57.971
125 169 134.228
126 169 134.228
213 169 80.9717
226 169 67.5676
236 169 80.9717
237 169 80.9717
302 169 200
308 169 134.228
309 169 134.228
316 169 33.8983
330 169 200
342 169 80.9717
343 169 80.9717
354 169 80.9717
359 169 80.9717
360 169 80.9717
422 169 134.228
431 169 36.9686
542 169 19.3986
543 169 19.3986
548 169 19.3986
574 169 36.9686
575 169 36.9686
576 169 33.8983
584 169 36.9686
585 169 36.9686
611 169 31.2989
612 169 31.2989
627 169 29.0698
75 170 45.1467
115 170 57.971
125 170 134.228
126 170 134.228
213 170 80.9717
237 170 80.9717
241 170 40.6504
302 170 200
308 170 134.228
309 170 134.228
342 170 80.9717
343 170 80.9717
353 170 80.9717
354 170 80.9717
359 170 80.9717
393 170 67.5676
394 170 67.5676
431 170 36.9686
432 170 36.9686
435 170 27.137
543 170 19.3986
548 170 19.3986
573 170 36.9686
574 170 36.9686
575 170 36.9686
584 170 36.9686
627 170 29.0698
631 170 29.0698
75 171 45.1467
98 171 50.7614
213 171 80.9717
237 171 80.9717
238 171 80.9717
256 171 134.228
302 171 200
309 171 134.228
341 171 80.9717
354 171 80.9717
393 171 67.5676
431 171 36.9686
432 171 36.9686
435 171 27.137
511 171 45.1467
516 171 57.971
517 171 57.971
518 171 57.971
519 171 50.7614
542 171 19.3986
543 171 19.3986
548 171 19.3986
572 171 40.6504
597 171 33.8983
627 171 29.0698
631 171 29.0698
115 172 67.5676
120 172 101.01
213 172 80.9717
238 172 80.9717
256 172 134.228
259 172 101.01
260 172 101.01
302 172 134.228
339 172 80.9717
354 172 80.9717
359 172 80.9717
431 172 36.9686
542 172 19.3986
543 172 19.3986
548 172 19.3986
563 172 40.6504
564 172 40.6504
565 172 36.9686
572 172 40.6504
573 172 36.9686
597 172 33.8983
627 172 29.0698
628 172 29.0698
115 173 67.5676
120 173 101.01
213 173 80.9717
238 173 80.9717
256 173 134.228
260 173 101.01
273 173 101.01
276 173 200
279 173 57.971
354 173 80.9717
359 173 80.9717
392 173 80.9717
393 173 80.9717
431 173 36.9686
461 173 67.5676
529 173 50.7614
542 173 19.3986
563 173 40.6504
564 173 40.6504
605 173 31.2989
611 173 31.2989
612 173 31.2989
627 173 29.0698
628 173 29.0698
96 174 50.7614
210 174 101.01
256 174 134.228
260 174 101.01
273 174 101.01
276 174 200
279 174 57.971
325 174 67.5676
326 174 67.5676
331 174 31.2989
393 174 80.9717
394 174 80.9717
461 174 67.5676
506 174 101.01
510 174 67.5676
517 174 45.1467
518 174 45.1467
529 174 50.7614
562 174 40.6504
572 174 36.9686
605 174 31.2989
611 174 31.2989
612 174 31.2989
628 174 29.0698
116 175 67.5676
117 175 67.5676
234 175 200
256 175 134.228
260 175 101.01
273 175 101.01
276 175 200
279 175 67.5676
288 175 134.228
292 175 45.1467
326 175 67.5676
394 175 80.9717
435 175 50.7614
505 175 101.01
514 175 57.971
515 175 57.971
517 175 45.1467
553 175 40.6504
554 175 40.6504
555 175 40.6504
611 175 31.2989
628 175 29.0698
71 176 45.1467
116 176 67.5676
117 176 67.5676
209 176 101.01
234 176 200
256 176 134.228
260 176 101.01
273 176 101.01
276 176 200
277 176 134.228
279 176 67.5676
288 176 134.228
295 176 67.5676
326 176 67.5676
372 176 200
394 176 67.5676
440 176 80.9717
515 176 57.971
549 176 40.6504
552 176 40.6504
553 176 40.6504
572 176 36.9686
573 176 36.9686
611 176 31.2989
627 176 29.0698
628 176 29.0698
68 177 45.1467
117 177 67.5676
121 177 134.228
205 177 200
209 177 101.01
228 177 134.228
234 177 134.228
253 177 134.228
256 177 134.228
260 177 101.01
273 177 101.01
276 177 200
277 177 134.228
279 177 67.5676
288 177 134.228
295 177 134.228
318 177 200
326 177 67.5676
343 177 22.6244
372 177 200
430 177 36.9686
431 177 36.9686
459 177 67.5676
462 177 57.971
545 177 40.6504
572 177 36.9686
597 177 33.8983
598 177 33.8983
611 177 31.2989
627 177 29.0698
628 177 29.0698
55 178 45.1467
65 178 40.6504
93 178 50.7614
117 178 80.9717
120 178 134.228
121 178 134.228
209 178 101.01
228 178 134.228
234 178 134.228
253 178 101.01
276 178 200
288 178 134.228
293 178 134.228
303 178 134.228
318 178 200
326 178 67.5676
333 178 80.9717
336 178 45.1467
343 178 22.6244
362 178 8.15661
430 178 36.9686
431 178 36.9686
524 178 45.1467
527 178 25.4453
597 178 33.8983
598 178 33.8983
605 178 31.2989
611 178 31.2989
612 178 31.2989
627 178 29.0698
55 179 45.1467
120 179 134.228
228 179 134.228
234 179 134.228
288 179 134.228
293 179 134.228
303 179 134.228
318 179 200
326 179 67.5676
330 179 200
331 179 134.228
333 179 80.9717
336 179 45.1467
346 179 13.587
425 179 67.5676
426 179 67.5676
461 179 57.971
462 179 57.971
514 179 57.971
515 179 57.971
522 179 45.1467
523 179 45.1467
524 179 45.1467
562 179 36.9686
584 179 33.8983
585 179 33.8983
597 179 33.8983
598 179 33.8983
611 179 31.2989
612 179 31.2989
116 180 80.9717
117 180 80.9717
211 180 134.228
228 180 134.228
234 180 134.228
251 180 80.9717
288 180 134.228
293 180 134.228
295 180 134.228
303 180 134.228
318 180 200
326 180 67.5676
330 180 200
346 180 13.587
355 180 80.9717
425 180 67.5676
475 180 27.137
497 180 80.9717
507 180 57.971
508 180 57.971
511 180 200
514 180 57.971
515 180 57.971
518 180 45.1467
562 180 36.9686
585 180 33.8983
591 180 33.8983
597 180 33.8983
598 180 33.8983
611 180 31.2989
612 180 31.2989
621 180 29.0698
632 180 27.137
633 180 27.137
90 181 50.7614
116 181 101.01
117 181 101.01
240 181 101.01
242 181 101.01
251 181 80.9717
303 181 134.228
318 181 200
319 181 200
326 181 80.9717
327 181 80.9717
334 181 33.8983
355 181 80.9717
475 181 27.137
497 181 80.9717
515 181 57.971
518 181 45.1467
552 181 40.6504
597 181 33.8983
598 181 33.8983
611 181 31.2989
621 181 29.0698
28 182 101.01
56 182 45.1467
66 182 45.1467
113 182 134.228
201 182 67.5676
223 182 67.5676
240 182 80.9717
241 182 80.9717
303 182 134.228
306 182 134.228
318 182 200
326 182 80.9717
327 182 80.9717
333 182 29.0698
355 182 80.9717
359 182 36.9686
430 182 36.9686
461 182 67.5676
462 182 67.5676
475 182 27.137
514 182 57.971
515 182 57.971
523 182 57.971
524 182 57.971
585 182 33.8983
597 182 33.8983
598 182 33.8983
621 182 29.0698
632 182 27.137
66 183 45.1467
73 183 45.1467
113 183 134.228
191 183 57.971
223 183 67.5676
240 183 80.9717
241 183 80.9717
312 183 200
326 183 80.9717
327 183 80.9717
332 183 29.0698
333 183 29.0698
345 183 134.228
346 183 134.228
351 183 80.9717
355 183 80.9717
407 183 80.9717
408 183 80.9717
506 183 67.5676
584 183 33.8983
585 183 33.8983
597 183 33.8983
598 183 33.8983
615 183 29.0698
616 183 29.0698
67 184 45.1467
241 184 80.9717
242 184 80.9717
312 184 200
326 184 80.9717
332 184 29.0698
333 184 29.0698
345 184 134.228
358 184 36.9686
359 184 36.9686
372 184 200
373 184 200
406 184 80.9717
407 184 80.9717
416 184 101.01
544 184 19.3986
585 184 33.8983
4 185 80.9717
67 185 45.1467
109 185 50.7614
113 185 134.228
241 185 80.9717
242 185 80.9717
254 185 134.228
260 185 134.228
261 185 134.228
273 185 134.228
312 185 200
313 185 200
325 185 80.9717
326 185 80.9717
332 185 29.0698
333 185 29.0698
352 185 80.9717
353 185 80.9717
354 185 80.9717
358 185 36.9686
372 185 200
373 185 200
407 185 80.9717
416 185 101.01
549 185 20.3666
550 185 20.3666
573 185 36.9686
584 185 33.8983
585 185 33.8983
615 185 29.0698
621 185 29.0698
5 186 80.9717
66 186 45.1467
67 186 45.1467
113 186 134.228
114 186 134.228
202 186 57.971
241 186 80.9717
242 186 80.9717
253 186 134.228
254 186 134.228
273 186 134.228
274 186 134.228
276 186 134.228
279 186 134.228
280 186 134.228
312 186 200
313 186 200
325 186 67.5676
326 186 67.5676
339 186 17.7148
353 186 80.9717
354 186 80.9717
357 186 36.9686
358 186 36.9686
407 186 80.9717
408 186 80.9717
521 186 80.9717
545 186 19.3986
546 186 19.3986
591 186 33.8983
592 186 33.8983
67 187 45.1467
114 187 134.228
242 187 80.9717
244 187 80.9717
254 187 134.228
273 187 200
274 187 134.228
276 187 134.228
280 187 134.228
312 187 200
326 187 67.5676
335 187 22.6244
339 187 17.7148
353 187 80.9717
354 187 80.9717
357 187 40.6504
399 187 101.01
400 187 67.5676
402 187 67.5676
439 187 40.6504
502 187 80.9717
521 187 80.9717
529 187 57.971
546 187 19.3986
573 187 36.9686
591 187 33.8983
67 188 45.1467
202 188 67.5676
236 188 134.228
242 188 80.9717
254 188 134.228
261 188 134.228
273 188 200
274 188 134.228
280 188 134.228
292 188 134.228
302 188 25.4453
318 188 101.01
319 188 101.01
326 188 67.5676
335 188 22.6244
339 188 17.7148
353 188 80.9717
361 188 36.9686
366 188 25.4453
367 188 25.4453
381 188 101.01
388 188 134.228
399 188 101.01
400 188 67.5676
439 188 40.6504
551 188 19.3986
579 188 33.8983
587 188 33.8983
605 188 31.2989
202 189 67.5676
242 189 80.9717
254 189 134.228
261 189 134.228
273 189 200
280 189 134.228
292 189 134.228
324 189 67.5676
326 189 67.5676
339 189 29.0698
342 189 67.5676
348 189 134.228
353 189 80.9717
356 189 80.9717
366 189 134.228
381 189 101.01
403 189 134.228
404 189 101.01
405 189 101.01
406 189 80.9717
407 189 80.9717
408 189 67.5676
521 189 80.9717
543 189 19.3986
544 189 19.3986
192 190 57.971
202 190 67.5676
236 190 134.228
242 190 80.9717
254 190 134.228
261 190 134.228
273 190 200
274 190 200
276 190 134.228
280 190 134.228
292 190 134.228
309 190 134.228
318 190 29.0698
324 190 67.5676
326 190 67.5676
339 190 29.0698
342 190 67.5676
347 190 200
348 190 200
356 190 80.9717
357 190 80.9717
365 190 134.228
404 190 101.01
405 190 101.01
406 190 80.9717
407 190 80.9717
408 190 67.5676
412 190 36.9686
521 190 80.9717
542 190 19.3986
543 190 19.3986
544 190 19.3986
4 191 80.9717
62 191 45.1467
202 191 67.5676
236 191 134.228
253 191 134.228
254 191 134.228
273 191 200
274 191 200
280 191 134.228
283 191 134.228
292 191 134.228
309 191 134.228
311 191 134.228
318 191 29.0698
326 191 67.5676
338 191 29.0698
342 191 67.5676
346 191 200
347 191 200
356 191 80.9717
359 191 50.7614
365 191 200
366 191 200
374 191 200
387 191 134.228
388 191 134.228
542 191 19.3986
543 191 19.3986
62 192 45.1467
63 192 45.1467
113 192 80.9717
115 192 80.9717
202 192 67.5676
236 192 134.228
292 192 200
309 192 134.228
318 192 29.0698
326 192 67.5676
331 192 33.8983
338 192 29.0698
342 192 21.4362
345 192 200
346 192 200
359 192 50.7614
373 192 200
387 192 134.228
388 192 134.228
418 192 33.8983
507 192 33.8983
508 192 33.8983
509 192 33.8983
542 192 19.3986
543 192 19.3986
579 192 36.9686
89 193 80.9717
94 193 101.01
115 193 80.9717
202 193 67.5676
221 193 134.228
223 193 134.228
241 193 80.9717
292 193 200
309 193 134.228
318 193 29.0698
326 193 67.5676
331 193 33.8983
332 193 33.8983
339 193 29.0698
345 193 200
373 193 200
375 193 200
387 193 134.228
388 193 134.228
416 193 80.9717
417 193 80.9717
418 193 33.8983
419 193 31.2989
420 193 31.2989
543 193 19.3986
626 193 22.6244
627 193 22.6244
115 194 80.9717
202 194 67.5676
241 194 101.01
302 194 200
309 194 200
310 194 200
318 194 67.5676
326 194 67.5676
331 194 33.8983
332 194 33.8983
339 194 18.5185
349 194 200
373 194 200
400 194 80.9717
405 194 200
408 194 80.9717
409 194 80.9717
411 194 80.9717
416 194 80.9717
497 194 40.6504
89 195 80.9717
95 195 80.9717
109 195 67.5676
241 195 101.01
244 195 80.9717
309 195 200
318 195 67.5676
319 195 67.5676
325 195 67.5676
326 195 67.5676
331 195 57.971
348 195 200
381 195 134.228
400 195 80.9717
407 195 134.228
408 195 80.9717
409 195 80.9717
410 195 80.9717
543 195 19.3986
544 195 19.3986
95 196 101.01
198 196 57.971
240 196 80.9717
319 196 80.9717
322 196 200
325 196 67.5676
326 196 67.5676
331 196 67.5676
348 196 200
381 196 134.228
408 196 80.9717
409 196 80.9717
410 196 80.9717
542 196 19.3986
543 196 19.3986
80 197 45.1467
240 197 80.9717
245 197 80.9717
287 197 134.228
313 197 134.228
319 197 80.9717
322 197 200
325 197 80.9717
326 197 80.9717
331 197 67.5676
339 197 25.4453
348 197 200
349 197 200
350 197 200
352 197 134.228
364 197 33.8983
472 197 29.0698
80 198 45.1467
241 198 80.9717
270 198 134.228
271 198 134.228
287 198 134.228
319 198 101.01
331 198 67.5676
335 198 36.9686
339 198 25.4453
357 198 4.12116
403 198 67.5676
472 198 29.0698
206 199 101.01
241 199 80.9717
258 199 101.01
259 199 101.01
260 199 101.01
270 199 134.228
271 199 134.228
273 199 134.228
274 199 134.228
280 199 27.137
281 199 27.137
287 199 134.228
288 199 134.228
318 199 101.01
319 199 101.01
331 199 67.5676
335 199 36.9686
338 199 25.4453
339 199 25.4453
367 199 17.7148
373 199 36.9686
546 199 19.3986
201 200 134.228
205 200 101.01
241 200 80.9717
247 200 134.228
258 200 101.01
259 200 101.01
270 200 134.228
271 200 134.228
273 200 134.228
274 200 134.228
287 200 134.228
288 200 134.228
293 200 40.6504
319 200 101.01
331 200 67.5676
335 200 36.9686
339 200 25.4453
352 200 80.9717
363 200 200
371 200 36.9686
436 200 31.2989
437 200 31.2989
57 201 40.6504
81 201 45.1467
163 201 80.9717
205 201 101.01
241 201 80.9717
247 201 134.228
259 201 101.01
271 201 134.228
274 201 134.228
287 201 134.228
288 201 134.228
293 201 40.6504
302 201 134.228
306 201 50.7614
312 201 134.228
313 201 134.228
314 201 134.228
319 201 134.228
325 201 80.9717
331 201 67.5676
335 201 36.9686
339 201 25.4453
352 201 101.01
363 201 200
364 201 200
370 201 36.9686
371 201 36.9686
405 201 6.08828
435 201 31.2989
436 201 31.2989
437 201 31.2989
542 201 19.3986
543 201 19.3986
544 201 19.3986
81 202 45.1467
143 202 45.1467
202 202 101.01
205 202 101.01
210 202 200
222 202 134.228
235 202 134.228
241 202 80.9717
247 202 134.228
258 202 134.228
259 202 134.228
271 202 134.228
273 202 134.228
274 202 134.228
278 202 134.228
287 202 200
288 202 200
302 202 134.228
306 202 50.7614
314 202 134.228
325 202 80.9717
331 202 67.5676
342 202 20.3666
343 202 20.3666
350 202 101.01
351 202 101.01
352 202 101.01
363 202 21.4362
364 202 21.4362
396 202 80.9717
401 202 40.6504
437 202 31.2989
438 202 31.2989
542 202 19.3986
543 202 19.3986
204 203 101.01
205 203 101.01
210 203 200
222 203 134.228
235 203 134.228
241 203 80.9717
247 203 134.228
258 203 134.228
259 203 134.228
270 203 134.228
271 203 134.228
273 203 134.228
274 203 134.228
279 203 101.01
287 203 200
288 203 200
293 203 40.6504
302 203 134.228
309 203 134.228
325 203 80.9717
331 203 67.5676
342 203 20.3666
350 203 101.01
351 203 101.01
352 203 101.01
374 203 13.1492
396 203 80.9717
413 203 31.2989
414 203 31.2989
422 203 18.5185
427 203 33.8983
437 203 31.2989
204 204 101.01
246 204 134.228
247 204 134.228
258 204 134.228
271 204 134.228
274 204 134.228
287 204 200
288 204 200
302 204 134.228
309 204 134.228
312 204 134.228
313 204 134.228
325 204 80.9717
331 204 67.5676
350 204 101.01
351 204 101.01
352 204 101.01
364 204 21.4362
365 204 21.4362
370 204 200
371 204 134.228
373 204 13.587
374 204 13.1492
377 204 40.6504
406 204 9.70874
412 204 31.2989
413 204 31.2989
414 204 31.2989
426 204 33.8983
427 204 33.8983
428 204 33.8983
438 204 31.2989
247 205 134.228
279 205 101.01
287 205 134.228
288 205 134.228
302 205 134.228
312 205 134.228
313 205 134.228
325 205 67.5676
331 205 67.5676
352 205 101.01
364 205 21.4362
370 205 200
371 205 134.228
377 205 40.6504
380 205 31.2989
399 205 40.6504
400 205 40.6504
401 205 40.6504
413 205 31.2989
439 205 33.8983
472 205 29.0698
541 205 20.3666
542 205 20.3666
279 206 101.01
287 206 134.228
288 206 134.228
293 206 40.6504
312 206 134.228
352 206 80.9717
364 206 21.4362
394 206 7.55287
395 206 7.55287
412 206 31.2989
413 206 31.2989
420 206 33.8983
438 206 31.2989
218 207 80.9717
241 207 80.9717
287 207 134.228
298 207 134.228
350 207 101.01
352 207 80.9717
363 207 22.6244
364 207 22.6244
386 207 50.7614
387 207 50.7614
412 207 31.2989
413 207 31.2989
420 207 33.8983
438 207 27.137
439 207 27.137
102 208 50.7614
205 208 80.9717
218 208 80.9717
236 208 101.01
241 208 80.9717
267 208 134.228
287 208 134.228
324 208 67.5676
335 208 67.5676
341 208 31.2989
349 208 134.228
350 208 134.228
352 208 101.01
362 208 22.6244
363 208 22.6244
380 208 200
381 208 200
386 208 50.7614
387 208 50.7614
402 208 16.2999
403 208 16.2999
412 208 33.8983
413 208 33.8983
419 208 33.8983
420 208 33.8983
439 208 27.137
39 209 36.9686
98 209 45.1467
165 209 80.9717
195 209 80.9717
236 209 101.01
241 209 80.9717
266 209 134.228
267 209 134.228
324 209 67.5676
332 209 200
333 209 134.228
335 209 101.01
341 209 31.2989
343 209 31.2989
349 209 134.228
350 209 134.228
351 209 134.228
352 209 101.01
386 209 50.7614
387 209 50.7614
400 209 36.9686
409 209 200
412 209 33.8983
413 209 33.8983
419 209 33.8983
420 209 33.8983
422 209 33.8983
439 209 27.137
440 209 27.137
241 210 80.9717
266 210 134.228
267 210 134.228
324 210 67.5676
332 210 200
333 210 134.228
335 210 101.01
340 210 31.2989
341 210 31.2989
343 210 31.2989
344 210 25.4453
347 210 200
349 210 134.228
350 210 134.228
351 210 134.228
352 210 101.01
386 210 50.7614
387 210 45.1467
397 210 20.3666
412 210 33.8983
413 210 33.8983
439 210 27.137
241 211 80.9717
266 211 134.228
267 211 134.228
324 211 57.971
335 211 101.01
342 211 101.01
343 211 31.2989
349 211 134.228
351 211 101.01
352 211 101.01
357 211 80.9717
358 211 80.9717
361 211 134.228
363 211 134.228
364 211 134.228
369 211 50.7614
371 211 36.9686
372 211 31.2989
375 211 40.6504
378 211 31.2989
60 212 45.1467
171 212 101.01
241 212 80.9717
249 212 134.228
265 212 134.228
266 212 134.228
267 212 134.228
324 212 57.971
361 212 134.228
362 212 134.228
363 212 134.228
367 212 134.228
368 212 134.228
369 212 50.7614
370 212 45.1467
375 212 40.6504
389 212 45.1467
392 212 14.556
393 212 13.587
395 212 13.1492
432 212 29.0698
433 212 29.0698
531 212 16.9779
548 212 19.3986
550 212 17.7148
551 212 17.7148
60 213 45.1467
227 213 134.228
241 213 80.9717
249 213 134.228
250 213 134.228
265 213 134.228
320 213 200
324 213 57.971
331 213 25.4453
332 213 25.4453
339 213 200
340 213 200
341 213 200
362 213 134.228
363 213 134.228
368 213 134.228
369 213 50.7614
370 213 45.1467
371 213 36.9686
379 213 31.2989
389 213 45.1467
390 213 40.6504
392 213 14.556
393 213 13.587
395 213 13.1492
447 213 23.9521
480 213 23.9521
481 213 23.9521
482 213 22.6244
531 213 16.9779
547 213 19.3986
60 214 45.1467
198 214 67.5676
227 214 134.228
233 214 200
249 214 134.228
250 214 134.228
265 214 134.228
282 214 134.228
324 214 57.971
331 214 25.4453
332 214 25.4453
378 214 31.2989
389 214 45.1467
390 214 40.6504
428 214 29.0698
429 214 29.0698
481 214 23.9521
482 214 22.6244
483 214 22.6244
531 214 16.9779
166 215 80.9717
198 215 67.5676
227 215 134.228
233 215 200
241 215 80.9717
264 215 134.228
265 215 134.228
266 215 134.228
282 215 134.228
302 215 101.01
409 215 31.2989
428 215 29.0698
429 215 29.0698
458 215 22.6244
484 215 21.4362
485 215 20.3666
525 215 18.5185
526 215 17.7148
527 215 18.5185
528 215 17.7148
531 215 16.9779
166 216 80.9717
170 216 101.01
222 216 80.9717
227 216 134.228
233 216 200
241 216 80.9717
249 216 134.228
266 216 134.228
282 216 134.228
285 216 50.7614
409 216 31.2989
410 216 31.2989
432 216 22.6244
457 216 22.6244
458 216 22.6244
479 216 23.9521
480 216 23.9521
481 216 23.9521
524 216 18.5185
78 217 45.1467
166 217 80.9717
170 217 101.01
222 217 80.9717
227 217 134.228
233 217 200
241 217 80.9717
249 217 134.228
250 217 134.228
260 217 134.228
427 217 29.0698
428 217 29.0698
457 217 22.6244
458 217 22.6244
480 217 23.9521
481 217 23.9521
486 217 19.3986
517 217 17.7148
518 217 17.7148
519 217 17.7148
520 217 16.9779
558 217 13.587
559 217 13.587
170 218 101.01
219 218 80.9717
227 218 134.228
233 218 200
249 218 134.228
259 218 134.228
260 218 134.228
381 218 134.228
382 218 134.228
387 218 45.1467
388 218 45.1467
393 218 25.4453
409 218 31.2989
427 218 29.0698
457 218 22.6244
458 218 22.6244
481 218 23.9521
482 218 23.9521
511 218 16.9779
512 218 16.9779
517 218 17.7148
518 218 17.7148
526 218 17.7148
537 218 18.5185
538 218 18.5185
539 218 18.5185
540 218 18.5185
551 218 15.674
552 218 15.674
553 218 15.0943
554 218 14.556
555 218 14.556
556 218 14.0548
557 218 13.587
595 218 12.7389
596 218 12.7389
597 218 12.7389
63 219 45.1467
166 219 80.9717
170 219 101.01
227 219 134.228
387 219 45.1467
388 219 45.1467
457 219 22.6244
458 219 22.6244
459 219 22.6244
481 219 23.9521
482 219 23.9521
510 219 16.9779
511 219 16.9779
512 219 16.9779
536 219 19.3986
539 219 18.5185
63 220 45.1467
166 220 80.9717
170 220 101.01
387 220 45.1467
388 220 45.1467
409 220 33.8983
417 220 20.3666
434 220 25.4453
435 220 25.4453
443 220 25.4453
444 220 25.4453
457 220 22.6244
458 220 22.6244
459 220 22.6244
481 220 23.9521
482 220 23.9521
486 220 19.3986
488 220 19.3986
535 220 18.5185
536 220 18.5185
537 220 18.5185
569 220 12.3533
590 220 12.7389
591 220 12.7389
592 220 12.7389
593 220 12.3533
132 221 80.9717
166 221 80.9717
170 221 101.01
398 221 33.8983
409 221 33.8983
410 221 33.8983
413 221 25.4453
416 221 20.3666
417 221 20.3666
429 221 27.137
430 221 27.137
458 221 22.6244
459 221 22.6244
578 221 12.7389
579 221 12.7389
590 221 12.7389
591 221 12.7389
598 221 14.0548
599 221 14.0548
600 221 13.587
601 221 13.587
139 222 45.1467
377 222 50.7614
378 222 50.7614
379 222 50.7614
383 222 33.8983
384 222 45.1467
399 222 33.8983
404 222 33.8983
405 222 33.8983
409 222 31.2989
410 222 31.2989
429 222 27.137
430 222 27.137
533 222 18.5185
534 222 18.5185
535 222 18.5185
568 222 12.3533
600 222 13.587
601 222 13.587
602 222 13.587
603 222 13.587
628 222 13.587
629 222 13.587
188 223 57.971
377 223 50.7614
378 223 50.7614
379 223 50.7614
381 223 45.1467
383 223 33.8983
384 223 45.1467
385 223 45.1467
388 223 29.0698
389 223 29.0698
399 223 33.8983
405 223 33.8983
406 223 33.8983
409 223 31.2989
410 223 31.2989
411 223 31.2989
413 223 25.4453
430 223 27.137
431 223 27.137
436 223 20.3666
483 223 19.3986
484 223 18.5185
485 223 18.5185
486 223 18.5185
491 223 17.7148
535 223 18.5185
603 223 13.587
604 223 13.1492
283 224 50.7614
284 224 50.7614
383 224 33.8983
405 224 33.8983
406 224 33.8983
410 224 31.2989
411 224 25.4453
430 224 27.137
431 224 27.137
433 224 22.6244
434 224 21.4362
435 224 21.4362
481 224 19.3986
482 224 19.3986
483 224 19.3986
484 224 18.5185
526 224 18.5185
527 224 18.5185
528 224 17.7148
529 224 17.7148
530 224 16.9779
629 224 13.587
137 225 45.1467
394 225 40.6504
405 225 33.8983
406 225 33.8983
453 225 22.6244
483 225 19.3986
484 225 18.5185
488 225 16.9779
539 225 16.9779
540 225 16.9779
545 225 14.556
549 225 14.0548
607 225 12.7389
137 226 45.1467
388 226 101.01
393 226 40.6504
394 226 40.6504
395 226 40.6504
400 226 23.9521
405 226 33.8983
413 226 20.3666
414 226 20.3666
453 226 22.6244
487 226 19.3986
491 226 16.2999
492 226 16.2999
539 226 16.9779
393 227 40.6504
394 227 40.6504
413 227 20.3666
431 227 25.4453
465 227 22.6244
466 227 22.6244
467 227 22.6244
496 227 15.674
548 227 14.0548
560 227 14.0548
561 227 13.587
588 227 12.3533
594 227 14.556
595 227 14.556
596 227 14.0548
597 227 13.587
598 227 13.1492
599 227 13.1492
347 228 57.971
349 228 45.1467
350 228 40.6504
422 228 29.0698
432 228 25.4453
435 228 25.4453
466 228 22.6244
467 228 22.6244
470 228 18.5185
563 228 13.1492
564 228 12.7389
598 228 13.1492
599 228 13.1492
600 228 13.1492
138 229 45.1467
346 229 57.971
349 229 45.1467
350 229 40.6504
398 229 36.9686
399 229 36.9686
401 229 33.8983
402 229 27.137
407 229 33.8983
408 229 33.8983
432 229 25.4453
467 229 22.6244
541 229 14.0548
553 229 16.2999
554 229 16.2999
563 229 13.1492
599 229 13.1492
600 229 13.1492
601 229 12.7389
602 229 12.3533
4 230 36.9686
138 230 45.1467
346 230 57.971
349 230 45.1467
397 230 36.9686
398 230 36.9686
399 230 36.9686
402 230 27.137
407 230 33.8983
408 230 33.8983
409 230 33.8983
410 230 31.2989
411 230 17.7148
414 230 21.4362
433 230 25.4453
518 230 16.9779
519 230 16.9779
525 230 16.9779
526 230 16.9779
532 230 16.2999
533 230 16.2999
534 230 16.2999
545 230 14.0548
546 230 14.0548
600 230 12.7389
601 230 12.7389
602 230 12.3533
603 230 12.3533
138 231 45.1467
408 231 33.8983
433 231 25.4453
519 231 16.9779
520 231 16.2999
533 231 16.2999
534 231 16.2999
545 231 14.0548
546 231 14.0548
549 231 14.0548
603 231 12.3533
604 231 11.9904
407 232 33.8983
408 232 33.8983
425 232 27.137
433 232 25.4453
446 232 23.9521
447 232 22.6244
449 232 20.3666
450 232 19.3986
514 232 16.9779
515 232 16.9779
520 232 16.2999
521 232 16.2999
535 232 15.674
536 232 15.674
537 232 15.0943
538 232 15.0943
539 232 15.0943
549 232 14.0548
593 232 11.9904
606 232 11.9904
124 233 45.1467
125 233 45.1467
346 233 50.7614
406 233 33.8983
407 233 33.8983
425 233 27.137
433 233 25.4453
446 233 23.9521
447 233 23.9521
449 233 19.3986
450 233 19.3986
481 233 20.3666
485 233 16.9779
486 233 16.9779
514 233 16.9779
515 233 16.9779
522 233 16.2999
537 233 15.0943
538 233 15.0943
539 233 14.556
540 233 14.556
346 234 50.7614
349 234 36.9686
350 234 36.9686
410 234 200
411 234 200
425 234 27.137
446 234 23.9521
450 234 19.3986
451 234 19.3986
481 234 20.3666
482 234 20.3666
513 234 16.9779
522 234 16.2999
537 234 15.0943
538 234 15.0943
539 234 14.556
540 234 14.556
541 234 14.0548
346 235 50.7614
349 235 36.9686
350 235 36.9686
411 235 200
413 235 31.2989
414 235 31.2989
417 235 23.9521
424 235 27.137
425 235 27.137
426 235 27.137
446 235 23.9521
450 235 19.3986
451 235 19.3986
483 235 19.3986
513 235 16.9779
521 235 16.2999
522 235 16.2999
523 235 16.2999
541 235 14.0548
542 235 13.587
597 235 12.3533
598 235 12.3533
599 235 12.3533
349 236 36.9686
350 236 36.9686
413 236 31.2989
414 236 31.2989
417 236 23.9521
424 236 27.137
425 236 27.137
428 236 14.556
429 236 14.556
434 236 16.2999
436 236 16.2999
446 236 23.9521
451 236 18.5185
522 236 16.2999
523 236 16.2999
524 236 16.2999
598 236 12.3533
630 236 10.4548
631 236 10.4548
632 236 10.1937
633 236 10.1937
634 236 9.9453
635 236 9.70874
424 237 27.137
425 237 27.137
436 237 16.2999
437 237 16.2999
445 237 23.9521
446 237 23.9521
447 237 23.9521
452 237 18.5185
476 237 21.4362
477 237 20.3666
478 237 20.3666
479 237 19.3986
480 237 18.5185
523 237 16.2999
524 237 16.2999
590 237 11.9904
591 237 11.9904
629 237 10.4548
630 237 10.4548
631 237 10.4548
424 238 29.0698
425 238 29.0698
445 238 23.9521
446 238 23.9521
447 238 23.9521
452 238 17.7148
475 238 22.6244
476 238 21.4362
477 238 20.3666
478 238 20.3666
479 238 19.3986
481 238 17.7148
482 238 17.7148
483 238 16.9779
591 238 11.9904
629 238 10.4548
446 239 23.9521
447 239 23.9521
536 239 14.556
537 239 14.556
538 239 14.556
555 239 13.1492
591 239 11.9904
594 239 11.325
350 240 40.6504
353 240 31.2989
354 240 29.0698
458 240 22.6244
459 240 22.6244
460 240 21.4362
505 240 16.9779
506 240 16.9779
510 240 14.556
536 240 14.556
537 240 14.556
538 240 14.556
591 240 11.9904
599 240 11.9904
600 240 11.9904
601 240 11.9904
625 240 10.4548
626 240 10.4548
351 241 40.6504
355 241 29.0698
429 241 27.137
430 241 27.137
431 241 27.137
440 241 25.4453
450 241 22.6244
456 241 23.9521
457 241 22.6244
458 241 22.6244
459 241 22.6244
505 241 16.9779
506 241 16.9779
510 241 15.0943
511 241 14.556
530 241 16.2999
531 241 15.674
532 241 15.0943
533 241 15.0943
534 241 15.0943
624 241 10.4548
625 241 10.4548
626 241 10.4548
637 241 10.7296
352 242 40.6504
356 242 27.137
430 242 27.137
431 242 27.137
432 242 25.4453
437 242 18.5185
449 242 22.6244
450 242 22.6244
504 242 16.9779
505 242 16.9779
506 242 16.9779
510 242 15.0943
511 242 14.556
512 242 14.556
513 242 14.556
533 242 15.0943
534 242 15.0943
535 242 14.556
600 242 12.3533
601 242 11.9904
602 242 11.9904
623 242 10.4548
624 242 10.4548
625 242 10.4548
636 242 10.7296
637 242 10.7296
356 243 27.137
357 243 27.137
449 243 22.6244
450 243 22.6244
483 243 19.3986
504 243 16.9779
505 243 16.9779
508 243 15.674
509 243 15.0943
515 243 16.2999
535 243 14.556
595 243 14.556
596 243 14.556
597 243 14.0548
598 243 13.1492
599 243 12.7389
600 243 12.3533
601 243 12.3533
602 243 11.9904
603 243 11.6482
604 243 11.6482
623 243 10.4548
356 244 27.137
357 244 27.137
450 244 22.6244
451 244 22.6244
504 244 17.7148
505 244 17.7148
514 244 16.2999
515 244 16.2999
527 244 15.0943
528 244 15.0943
529 244 15.0943
600 244 12.3533
601 244 12.3533
602 244 11.9904
603 244 11.6482
604 244 11.6482
605 244 11.325
606 244 11.325
622 244 10.4548
623 244 10.4548
449 245 22.6244
450 245 22.6244
451 245 22.6244
504 245 17.7148
505 245 17.7148
527 245 15.0943
528 245 15.0943
533 245 14.0548
622 245 10.4548
623 245 10.4548
504 246 17.7148
574 246 12.7389
622 246 10.4548
629 246 10.1937
630 246 10.1937
573 247 12.7389
574 247 12.7389
604 247 11.9904
605 247 11.9904
606 247 11.9904
626 247 10.1937
627 247 10.1937
628 247 10.1937
620 248 10.4548
621 248 10.4548
625 248 10.4548
626 248 10.1937
360 249 36.9686
476 249 20.3666
477 249 20.3666
478 249 20.3666
528 249 15.0943
529 249 15.0943
531 249 14.556
532 249 14.0548
583 249 12.3533
584 249 12.3533
606 249 11.6482
607 249 11.6482
608 249 11.6482
365 250 22.6244
366 250 22.6244
367 250 22.6244
476 250 20.3666
477 250 19.3986
478 250 19.3986
528 250 15.0943
583 250 11.9904
584 250 11.9904
601 250 12.7389
602 250 12.7389
606 250 11.6482
607 250 11.6482
608 250 11.6482
620 250 10.4548
367 251 22.6244
368 251 21.4362
477 251 19.3986
478 251 19.3986
487 251 19.3986
488 251 19.3986
489 251 19.3986
490 251 19.3986
533 251 14.556
571 251 12.7389
572 251 12.7389
573 251 12.7389
574 251 12.3533
579 251 12.3533
584 251 11.9904
585 251 11.9904
601 251 12.7389
602 251 12.7389
603 251 12.7389
609 251 11.325
627 251 9.9453
369 252 21.4362
477 252 19.3986
478 252 19.3986
479 252 19.3986
488 252 19.3986
489 252 19.3986
497 252 20.3666
498 252 20.3666
526 252 15.0943
527 252 15.0943
533 252 15.0943
534 252 14.556
571 252 12.7389
572 252 12.7389
585 252 11.9904
625 252 10.1937
626 252 10.1937
365 253 29.0698
478 253 19.3986
479 253 19.3986
480 253 19.3986
493 253 16.2999
494 253 16.2999
526 253 15.0943
527 253 15.0943
530 253 15.674
531 253 15.0943
532 253 15.0943
533 253 15.0943
570 253 12.7389
571 253 12.7389
572 253 12.7389
575 253 11.6482
576 253 11.6482
577 253 11.6482
586 253 11.9904
622 253 10.4548
623 253 10.4548
624 253 10.4548
366 254 31.2989
525 254 15.0943
526 254 15.0943
527 254 15.0943
531 254 15.0943
532 254 15.0943
570 254 12.7389
575 254 11.6482
586 254 11.9904
623 254 10.4548
624 254 10.4548
371 255 20.3666
372 255 20.3666
373 255 20.3666
505 255 16.9779
570 255 12.7389
573 255 11.9904
574 255 11.6482
601 255 12.3533
602 255 12.3533
607 255 11.325
623 255 10.4548
631 255 10.1937
632 255 10.1937
373 256 20.3666
533 256 15.0943
534 256 15.0943
588 256 11.9904
602 256 12.3533
603 256 12.3533
622 256 10.4548
623 256 10.4548
630 256 10.1937
256 257 19.3986
525 257 15.0943
526 257 15.0943
533 257 15.0943
534 257 15.0943
535 257 14.556
574 257 12.3533
577 257 12.7389
578 257 12.3533
579 257 12.3533
580 257 12.3533
581 257 11.9904
588 257 11.9904
589 257 11.9904
621 257 10.4548
622 257 10.4548
623 257 10.4548
628 257 10.1937
525 258 15.0943
526 258 15.0943
527 258 15.0943
573 258 12.3533
588 258 11.9904
621 258 10.4548
622 258 10.4548
526 259 15.0943
531 259 15.0943
532 259 15.0943
571 259 12.7389
572 259 12.3533
573 259 12.3533
574 259 12.3533
580 259 12.3533
581 259 12.3533
621 259 10.4548
532 260 15.0943
533 260 15.0943
572 260 12.3533
573 260 12.3533
574 260 12.3533
580 260 12.3533
581 260 12.3533
621 260 10.4548
532 261 15.0943
533 261 15.0943
534 261 15.0943
572 261 12.7389
580 261 12.3533
581 261 12.3533
582 261 12.3533
621 261 10.4548
626 261 9.70874
532 262 15.0943
533 262 15.0943
534 262 15.0943
578 262 12.3533
579 262 12.3533
581 262 12.3533
582 262 12.3533
621 262 10.4548
380 263 16.9779
532 263 15.0943
533 263 14.556
539 263 14.556
540 263 14.556
541 263 14.556
571 263 12.7389
572 263 12.7389
579 263 12.3533
587 263 9.70874
588 263 9.70874
621 263 10.4548
634 263 9.9453
530 264 15.0943
531 264 14.556
532 264 14.556
539 264 14.556
540 264 14.556
543 264 11.6482
549 264 15.674
571 264 12.7389
572 264 12.7389
634 264 9.9453
635 264 9.70874
636 264 9.70874
637 264 9.48317
532 265 14.556
545 265 11.0193
546 265 11.0193
571 265 12.7389
572 265 12.7389
579 265 12.7389
580 265 12.3533
581 265 12.3533
582 265 12.3533
600 265 11.6482
601 265 11.6482
602 265 11.6482
603 265 11.325
627 265 11.6482
628 265 11.325
630 265 10.4548
631 265 10.4548
636 265 9.70874
527 266 15.0943
528 266 15.0943
529 266 15.0943
530 266 14.556
571 266 12.7389
572 266 12.7389
579 266 12.7389
580 266 12.3533
581 266 12.3533
582 266 12.3533
583 266 11.9904
584 266 11.9904
631 266 10.1937
632 266 10.1937
634 266 9.70874
635 266 9.70874
242 267 15.0943
243 267 16.2999
571 267 12.7389
580 267 12.3533
581 267 12.3533
582 267 12.3533
613 267 14.556
614 267 14.556
615 267 14.556
618 267 11.6482
621 267 10.7296
550 268 200
551 268 200
581 268 12.3533
617 268 11.6482
618 268 11.325
619 268 11.0193
620 268 10.7296
621 268 10.7296
622 268 10.7296
623 268 10.4548
624 268 10.1937
625 268 9.70874
626 268 9.70874
627 268 9.48317
628 268 9.26784
629 268 9.26784
637 268 9.9453
240 269 14.556
527 269 14.0548
570 269 12.7389
571 269 12.7389
572 269 12.7389
622 269 10.7296
623 269 10.4548
624 269 10.1937
625 269 9.70874
626 269 9.70874
627 269 9.48317
628 269 9.26784
629 269 9.26784
630 269 9.26784
637 269 9.9453
239 270 14.0548
526 270 14.0548
527 270 14.0548
570 270 12.7389
571 270 12.7389
572 270 12.7389
575 270 14.0548
576 270 13.587
578 270 12.7389
579 270 12.7389
580 270 12.3533
618 270 11.0193
619 270 10.7296
631 270 10.1937
632 270 10.1937
633 270 10.1937
634 270 10.1937
637 270 9.9453
237 271 14.0548
567 271 19.3986
571 271 12.7389
572 271 12.7389
577 271 13.1492
578 271 12.7389
579 271 12.7389
580 271 12.3533
581 271 12.3533
582 271 11.9904
618 271 10.7296
619 271 10.7296
633 271 10.1937
634 271 10.1937
235 272 14.0548
579 272 12.7389
580 272 12.3533
581 272 12.3533
582 272 11.9904
583 272 11.6482
587 272 9.48317
398 273 15.0943
399 273 15.0943
400 273 14.556
401 273 14.0548
402 273 13.587
402 274 13.587
403 274 13.587
574 274 13.587
575 274 13.1492
576 274 12.7389
577 274 12.7389
578 274 12.3533
631 274 10.1937
632 274 10.1937
577 275 12.7389
578 275 12.3533
579 275 12.3533
580 275 12.3533
630 275 10.1937
631 275 10.1937
228 277 12.7389
622 278 10.4548
637 278 9.9453
605 279 11.9904
636 279 9.9453
637 279 9.9453
593 280 11.9904
594 280 11.9904
637 280 9.9453
145 281 11.0193
626 281 11.0193
630 281 10.1937
631 281 10.1937
637 281 9.70874
49 282 11.9904
157 282 11.0193
627 282 10.7296
628 282 10.4548
629 282 10.1937
630 282 10.1937
631 282 10.1937
634 282 9.9453
635 282 9.9453
174 283 11.0193
623 283 10.4548
624 283 10.4548
629 283 10.1937
633 283 9.9453
634 283 9.9453
181 284 10.7296
182 284 10.7296
183 284 10.7296
623 284 10.4548
624 284 10.4548
73 285 10.7296
624 285 10.1937
625 285 10.1937
150 286 10.4548
174 286 10.4548
214 286 11.325
624 286 10.1937
625 286 10.1937
72 287 10.7296
73 287 10.7296
150 287 10.4548
151 287 10.4548
620 287 11.325
625 287 10.1937
626 287 10.1937
637 287 10.1937
625 288 10.1937
626 288 10.1937
627 288 10.1937
86 289 10.4548
626 289 10.1937
627 289 10.1937
99 290 9.9453
100 290 9.9453
423 290 10.7296
626 290 10.1937
627 290 10.1937
628 290 10.1937
42 291 10.1937
105 291 9.9453
178 291 10.4548
207 291 10.7296
627 291 10.1937
628 291 10.1937
629 291 9.9453
630 291 9.70874
631 291 9.70874
76 292 9.9453
77 292 9.70874
630 292 9.70874
631 292 9.70874
633 292 9.48317
79 293 9.9453
62 294 9.70874
60 295 9.70874
128 295 9.48317
22 300 9.26784
35 300 9.26784
53 300 9.06207
54 300 9.06207
19 301 9.48317
20 301 9.26784
52 301 9.06207
53 301 9.06207
54 301 9.06207
29 302 9.06207
30 302 9.06207
191 302 9.26784
60 303 8.86525
73 303 8.67679
74 303 8.67679
144 303 8.49618
191 303 9.26784
14 304 8.86525
60 304 8.86525
61 304 8.86525
100 304 8.67679
43 305 8.67679
61 305 8.67679
97 305 8.49618
128 305 8.49618
36 306 8.32293
37 306 8.32293
50 306 8.67679
62 306 8.67679
63 306 8.67679
124 306 8.32293
137 306 8.32293
63 307 8.49618
64 307 8.49618
96 307 8.32293
100 307 8.32293
64 308 8.49618
65 308 8.49618
96 308 8.32293
97 308 8.32293
105 308 8.15661
109 308 8.49618
111 308 8.49618
122 308 8.32293
96 309 8.32293
97 309 8.32293
105 309 8.15661
106 309 8.15661
125 309 7.9968
180 310 8.49618
19 311 8.15661
20 311 8.15661
91 311 7.84314
15 312 8.15661
16 312 8.15661
17 312 7.9968
91 312 7.84314
92 312 7.84314
17 313 7.9968
37 313 7.84314
92 313 7.84314
105 313 7.84314
106 313 7.84314
86 314 7.55287
87 314 7.55287
106 314 7.84314
35 315 7.84314
47 315 7.69527
85 315 7.69527
86 315 7.55287
88 315 7.69527
89 315 7.69527
47 316 7.69527
58 316 7.84314
59 316 7.84314
89 316 7.69527
90 316 7.69527
103 316 7.69527
48 318 7.55287
53 318 7.69527
54 318 7.69527
94 318 7.41565
95 318 7.41565
168 318 7.69527
169 318 7.69527
48 319 7.55287
49 319 7.55287
50 319 7.55287
136 319 7.41565
158 319 7.55287
475 319 7.69527
476 319 7.69527
477 319 7.69527
478 319 7.69527
538 319 7.55287
539 319 7.55287
540 319 7.55287
92 320 7.41565
468 320 7.9968
469 320 7.9968
470 320 7.84314
471 320 7.69527
472 320 7.55287
473 320 7.55287
476 320 7.69527
477 320 7.69527
478 320 7.55287
479 320 7.28332
550 320 7.69527
551 320 7.69527
472 321 7.55287
473 321 7.55287
474 321 7.55287
475 321 7.69527
478 321 7.55287
479 321 7.28332
480 321 6.91324
558 321 7.55287
559 321 7.55287
164 322 7.41565
480 322 6.91324
481 322 6.7981
15 323 7.15564
93 323 7.15564
482 323 6.57895
545 323 7.41565
78 324 6.7981
79 324 6.7981
548 324 7.28332
549 324 7.28332
550 324 7.28332
587 324 7.41565
588 324 7.41565
80 325 6.7981
158 325 7.28332
159 325 7.28332
553 325 6.91324
554 325 6.91324
50 326 7.03235
66 326 6.91324
67 326 6.7981
68 326 6.7981
138 326 7.15564
139 326 7.15564
140 326 7.15564
141 326 7.03235
609 326 7.15564
53 327 6.91324
67 327 6.7981
68 327 6.7981
69 327 6.7981
112 327 6.91324
140 327 7.15564
141 327 7.03235
53 328 6.91324
69 328 6.7981
561 328 7.28332
562 328 7.15564
42 329 6.7981
43 329 6.7981
564 329 7.15564
565 329 7.15564
43 330 6.7981
45 330 6.68673
56 330 6.68673
57 330 6.68673
95 330 6.57895
170 330 7.15564
171 330 7.15564
57 331 6.68673
101 331 6.57895
109 331 6.68673
170 331 7.15564
171 331 7.15564
172 331 7.15564
173 331 7.15564
571 331 7.15564
572 331 7.03235
573 331 7.03235
31 332 6.68673
573 332 7.03235
574 332 6.91324
575 332 6.91324
576 332 6.91324
67 333 6.37349
79 333 6.47459
579 333 6.57895
617 333 6.91324
618 333 6.91324
67 334 6.37349
80 334 6.47459
581 334 6.57895
620 334 6.68673
621 334 6.57895
622 334 6.57895
623 334 6.68673
624 334 6.68673
625 334 6.57895
84 335 6.37349
584 335 6.91324
626 335 6.47459
627 335 6.47459
628 335 6.47459
629 335 6.68673
630 335 6.68673
631 335 6.68673
632 335 6.68673
633 335 6.57895
73 336 6.37349
76 336 6.37349
77 336 6.37349
93 336 6.37349
586 336 6.7981
587 336 6.68673
588 336 6.68673
589 336 6.68673
633 336 6.57895
634 336 6.57895
635 336 6.47459
636 336 6.47459
637 336 6.47459
590 337 6.57895
591 337 6.47459
592 337 6.47459
593 337 6.27549
52 338 6.27549
594 338 6.27549
595 338 6.27549
596 338 6.27549
57 339 6.18047
70 339 6.27549
89 339 6.18047
13 340 6.47459
85 340 6.27549
86 340 6.18047
87 340 6.18047
600 340 6.37349
601 340 6.37349
602 340 6.37349
624 340 6.47459
67 341 6.08828
87 341 6.18047
88 341 6.18047
605 341 6.37349
606 341 6.37349
67 342 6.08828
68 342 6.08828
78 342 6.08828
609 342 6.27549
38 343 5.9988
39 343 5.9988
68 343 6.08828
78 343 6.08828
79 343 6.08828
134 343 6.18047
135 343 6.18047
193 343 6.57895
610 343 6.27549
611 343 6.27549
42 344 6.08828
43 344 6.08828
44 344 6.08828
48 344 5.9988
614 344 6.18047
615 344 6.18047
637 344 6.18047
43 345 6.08828
48 345 5.9988
54 345 5.91191
56 345 5.91191
91 345 6.08828
616 345 6.18047
20 346 5.74548
619 346 6.08828
620 346 6.08828
621 346 6.08828
19 347 5.74548
124 347 5.91191
624 347 6.08828
19 348 5.74548
30 348 5.91191
55 348 5.82751
61 348 5.82751
124 348 5.91191
125 348 5.91191
126 348 5.91191
625 348 6.08828
626 348 5.9988
627 348 5.9988
628 348 5.9988
37 349 5.66572
55 349 5.82751
61 349 5.82751
112 349 5.9988
121 349 5.9988
122 349 5.9988
630 349 5.91191
631 349 5.9988
55 350 5.82751
634 350 5.9988
635 350 5.9988
26 351 5.66572
28 351 5.66572
55 351 5.74548
56 351 5.74548
67 351 5.91191
68 351 5.91191
636 351 5.9988
637 351 5.9988
26 352 5.66572
56 352 5.74548
43 354 5.58815
87 354 5.66572
88 354 5.66572
44 355 5.58815
35 356 5.43922
36 356 5.43922
9 357 5.91191
36 357 5.43922
37 357 5.51268
38 357 5.51268
39 357 5.51268
58 357 5.58815
13 358 5.51268
49 358 5.36769
127 358 5.91191
13 359 5.51268
8 360 5.36769
44 360 5.36769
45 360 5.36769
8 361 5.36769
9 361 5.36769
45 361 5.36769
53 361 5.36769
9 362 5.36769
10 362 5.36769
9 363 5.36769
52 364 5.36769
53 364 5.36769
76 364 5.29801
14 366 5.16396
15 366 5.16396
16 366 5.16396
14 367 5.16396
15 367 5.16396
16 367 5.16396
398 367 5.51268
399 367 5.51268
118 368 5.51268
169 368 5.58815
170 368 5.58815
241 368 5.51268
82 370 5.16396
83 370 5.16396
116 370 5.51268
117 370 5.51268
229 370 5.51268
49 372 5.03651
66 372 5.03651
112 373 5.43922
334 373 5.29801
88 375 4.97512
462 376 5.16396
408 377 5.16396
409 377 5.16396
68 378 4.91521
11 383 4.63607
12 383 4.63607
105 383 5.16396
11 384 4.63607
106 384 5.16396
25 385 4.68933
26 385 4.68933
568 385 4.85673
569 385 4.85673
570 385 4.85673
571 385 4.85673
572 385 4.79962
578 385 4.85673
579 385 4.79962
581 385 4.79962
582 385 4.79962
583 385 4.74383
584 385 4.68933
585 385 4.68933
586 385 4.63607
25 386 4.68933
26 386 4.68933
569 386 4.85673
570 386 4.85673
571 386 4.85673
572 386 4.79962
573 386 4.74383
574 386 4.68933
575 386 4.68933
582 386 4.79962
584 386 4.68933
585 386 4.68933
586 386 4.63607
575 387 4.68933
587 387 4.63607
34 389 4.584
55 389 4.584
53 390 4.584
54 390 4.53309
55 390 4.53309
56 390 4.53309
91 390 4.91521
53 391 4.584
54 391 4.53309
55 391 4.53309
92 391 4.91521
54 392 4.53309
93 392 4.91521
94 392 4.85673
498 392 4.68933
272 395 4.74383
273 395 4.74383
4 396 4.34028
63 397 4.43459
63 398 4.43459
64 398 4.43459
40 399 4.38693
502 400 4.4833
58 401 4.38693
250 401 4.584
59 402 4.38693
273 402 4.53309
274 403 4.53309
449 403 4.43459
450 403 4.43459
50 404 4.34028
268 404 4.4833
269 404 4.4833
337 404 4.4833
49 405 4.34028
50 405 4.34028
67 407 4.43459
50 408 4.29461
64 408 4.43459
67 408 4.43459
50 409 4.29461
51 409 4.29461
64 409 4.43459
65 409 4.43459
303 409 4.34028
304 409 4.34028
51 410 4.29461
52 410 4.29461
52 411 4.24989
116 412 4.38693
144 412 4.34028
145 413 4.34028
50 414 4.1632
54 418 4.24989
55 418 4.24989
566 418 4.07997
53 419 4.24989
55 419 4.24989
53 420 4.24989
54 420 4.24989
99 420 4.1632
6 421 4.03959
94 421 4.12116
88 423 4.07997
89 423 4.07997
94 423 4.07997
380 423 4.03959
88 424 4.07997
89 424 4.07997
90 424 4.07997
95 424 4.07997
96 424 4.07997
89 425 4.07997
90 425 4.07997
91 425 4.03959
92 425 4.03959
513 425 4.03959
280 426 4.03959
272 427 4.03959
515 427 4.03959
57 428 4.03959
29 435 4.03959
