585 3 16.9779
586 3 16.9779
594 3 33.8983
607 3 33.8983
608 3 33.8983
538 4 18.5185
541 4 16.9779
585 4 16.9779
586 4 16.9779
594 4 33.8983
607 4 33.8983
476 5 27.137
538 5 18.5185
544 5 16.2999
549 5 14.556
585 5 16.9779
594 5 33.8983
476 6 27.137
477 6 27.137
501 6 25.4453
541 6 16.9779
542 6 16.9779
543 6 16.9779
548 6 14.556
549 6 14.556
476 7 27.137
477 7 27.137
500 7 27.137
501 7 25.4453
540 7 17.7148
548 7 14.556
611 7 31.2989
477 8 27.137
485 8 20.3666
501 8 25.4453
502 8 25.4453
542 8 17.7148
543 8 17.7148
546 8 15.674
547 8 15.674
608 8 31.2989
611 8 31.2989
477 9 27.137
484 9 20.3666
502 9 27.137
503 9 25.4453
541 9 17.7148
542 9 17.7148
543 9 17.7148
544 9 17.7148
546 9 16.9779
608 9 31.2989
611 9 31.2989
477 10 27.137
478 10 27.137
484 10 20.3666
505 10 25.4453
607 10 31.2989
608 10 31.2989
611 10 31.2989
505 11 25.4453
544 11 17.7148
545 11 17.7148
546 11 17.7148
594 11 33.8983
607 11 31.2989
608 11 31.2989
611 11 31.2989
477 12 27.137
478 12 27.137
479 12 27.137
494 12 25.4453
505 12 25.4453
543 12 18.5185
544 12 18.5185
545 12 18.5185
546 12 18.5185
547 12 17.7148
548 12 16.9779
587 12 17.7148
594 12 33.8983
608 12 33.8983
611 12 31.2989
477 13 27.137
478 13 27.137
479 13 27.137
480 13 27.137
505 13 25.4453
544 13 18.5185
545 13 18.5185
546 13 18.5185
547 13 17.7148
569 13 16.9779
607 13 33.8983
479 14 27.137
482 14 22.6244
485 14 19.3986
505 14 25.4453
544 14 18.5185
546 14 18.5185
588 14 16.9779
478 15 27.137
479 15 27.137
485 15 19.3986
505 15 25.4453
546 15 18.5185
547 15 18.5185
588 15 16.9779
478 16 27.137
479 16 27.137
484 16 21.4362
508 16 25.4453
547 16 18.5185
548 16 18.5185
552 16 15.674
553 16 15.674
547 17 18.5185
550 17 16.9779
552 17 16.9779
594 17 16.9779
480 18 27.137
545 18 19.3986
546 18 19.3986
547 18 18.5185
594 18 16.9779
504 19 25.4453
505 19 25.4453
550 19 17.7148
551 19 17.7148
594 19 16.9779
506 20 25.4453
549 20 18.5185
550 20 18.5185
551 20 18.5185
499 21 27.137
500 21 27.137
548 21 18.5185
549 21 18.5185
550 21 18.5185
477 22 27.137
478 22 25.4453
479 22 25.4453
507 22 25.4453
527 22 134.228
550 22 18.5185
592 22 16.9779
593 22 16.9779
478 23 27.137
479 23 27.137
481 23 25.4453
501 23 27.137
502 23 25.4453
541 23 27.137
591 23 16.9779
592 23 16.9779
477 24 27.137
478 24 27.137
479 24 27.137
480 24 25.4453
540 24 27.137
477 25 27.137
478 25 27.137
479 25 27.137
480 25 25.4453
487 25 17.7148
486 26 19.3986
508 26 25.4453
509 26 25.4453
539 26 18.5185
545 26 19.3986
546 26 19.3986
548 26 18.5185
576 26 17.7148
591 26 16.9779
485 27 19.3986
507 27 27.137
508 27 27.137
539 27 18.5185
545 27 19.3986
546 27 19.3986
547 27 18.5185
548 27 18.5185
549 27 17.7148
550 27 17.7148
551 27 16.9779
591 27 16.9779
593 27 16.9779
485 28 19.3986
508 28 27.137
539 28 18.5185
540 28 18.5185
545 28 19.3986
546 28 19.3986
547 28 18.5185
548 28 18.5185
549 28 17.7148
550 28 17.7148
592 28 16.9779
593 28 16.9779
508 29 27.137
553 29 16.2999
592 29 16.9779
593 29 16.9779
477 30 27.137
478 30 27.137
479 30 27.137
543 30 18.5185
479 31 27.137
542 31 17.7148
591 31 16.9779
592 31 16.9779
478 32 27.137
479 32 27.137
480 32 27.137
550 32 18.5185
551 32 17.7148
552 32 17.7148
553 32 17.7148
591 32 17.7148
592 32 17.7148
479 33 27.137
480 33 27.137
542 33 17.7148
543 33 17.7148
544 33 17.7148
549 33 18.5185
550 33 18.5185
551 33 17.7148
552 33 17.7148
591 33 17.7148
630 33 29.0698
480 34 27.137
501 34 27.137
502 34 27.137
507 34 25.4453
542 34 17.7148
543 34 17.7148
551 34 17.7148
629 34 29.0698
630 34 29.0698
635 34 29.0698
479 35 27.137
480 35 27.137
483 35 23.9521
502 35 27.137
506 35 25.4453
507 35 25.4453
542 35 17.7148
543 35 17.7148
555 35 16.9779
556 35 16.9779
635 35 29.0698
555 36 16.9779
590 36 16.9779
591 36 16.9779
482 37 27.137
483 37 27.137
506 37 25.4453
507 37 25.4453
590 37 16.9779
592 37 16.9779
593 37 16.9779
635 37 29.0698
481 38 27.137
482 38 27.137
483 38 27.137
505 38 25.4453
506 38 25.4453
543 38 17.7148
544 38 17.7148
547 38 17.7148
548 38 17.7148
549 38 17.7148
592 38 16.9779
480 39 29.0698
481 39 27.137
482 39 27.137
489 39 18.5185
512 39 20.3666
543 39 17.7148
544 39 17.7148
548 39 17.7148
623 39 31.2989
624 39 31.2989
481 40 29.0698
482 40 29.0698
543 40 17.7148
544 40 17.7148
545 40 17.7148
548 40 17.7148
591 40 16.9779
622 40 31.2989
623 40 31.2989
626 40 29.0698
628 40 31.2989
506 41 27.137
543 41 17.7148
591 41 16.9779
623 41 31.2989
506 42 27.137
533 42 18.5185
534 42 18.5185
545 42 17.7148
546 42 17.7148
590 42 16.9779
591 42 16.9779
481 43 27.137
533 43 18.5185
534 43 18.5185
544 43 18.5185
545 43 18.5185
546 43 17.7148
549 43 16.2999
594 43 17.7148
595 43 17.7148
480 44 29.0698
484 44 27.137
533 44 18.5185
534 44 18.5185
535 44 18.5185
544 44 18.5185
548 44 16.9779
623 44 31.2989
477 45 36.9686
483 45 27.137
484 45 27.137
502 45 27.137
503 45 27.137
510 45 27.137
536 45 17.7148
543 45 19.3986
615 45 31.2989
619 45 31.2989
623 45 31.2989
483 46 27.137
484 46 27.137
535 46 18.5185
536 46 17.7148
542 46 19.3986
543 46 19.3986
547 46 17.7148
549 46 16.9779
555 46 14.0548
592 46 16.9779
623 46 31.2989
624 46 31.2989
472 47 27.137
479 47 27.137
480 47 27.137
509 47 27.137
510 47 27.137
536 47 17.7148
537 47 17.7148
540 47 22.6244
546 47 17.7148
547 47 17.7148
548 47 17.7148
553 47 14.0548
593 47 16.9779
623 47 31.2989
138 48 45.1467
471 48 27.137
472 48 27.137
479 48 27.137
480 48 27.137
481 48 27.137
502 48 27.137
503 48 27.137
509 48 27.137
510 48 27.137
552 48 14.556
619 48 31.2989
623 48 31.2989
624 48 31.2989
479 49 27.137
480 49 27.137
481 49 27.137
502 49 27.137
503 49 27.137
509 49 27.137
510 49 27.137
612 49 31.2989
623 49 31.2989
446 50 36.9686
473 50 27.137
480 50 27.137
509 50 27.137
542 50 18.5185
543 50 18.5185
587 50 15.674
608 50 33.8983
609 50 33.8983
612 50 31.2989
623 50 31.2989
445 51 36.9686
481 51 27.137
482 51 27.137
542 51 18.5185
543 51 18.5185
544 51 18.5185
549 51 17.7148
584 51 16.9779
591 51 16.9779
608 51 33.8983
611 51 31.2989
612 51 31.2989
623 51 31.2989
137 52 40.6504
138 52 40.6504
452 52 36.9686
474 52 27.137
475 52 27.137
481 52 27.137
482 52 27.137
509 52 25.4453
533 52 40.6504
541 52 19.3986
542 52 18.5185
551 52 17.7148
590 52 16.9779
591 52 16.9779
611 52 31.2989
623 52 31.2989
138 53 45.1467
446 53 36.9686
447 53 36.9686
473 53 27.137
474 53 27.137
480 53 27.137
481 53 27.137
509 53 25.4453
579 53 17.7148
580 53 17.7148
446 54 36.9686
475 54 27.137
556 54 13.1492
139 55 45.1467
455 55 33.8983
474 55 29.0698
475 55 29.0698
542 55 17.7148
543 55 17.7148
544 55 17.7148
554 55 13.1492
555 55 13.1492
608 55 33.8983
623 55 31.2989
139 56 45.1467
474 56 27.137
544 56 17.7148
545 56 17.7148
588 56 16.9779
609 56 33.8983
623 56 31.2989
624 56 31.2989
443 57 33.8983
507 57 27.137
508 57 27.137
543 57 17.7148
544 57 17.7148
545 57 17.7148
589 57 16.9779
608 57 33.8983
609 57 33.8983
623 57 31.2989
476 58 27.137
506 58 27.137
507 58 27.137
508 58 27.137
544 58 17.7148
608 58 33.8983
623 58 31.2989
444 59 33.8983
475 59 27.137
476 59 27.137
477 59 27.137
543 59 17.7148
544 59 17.7148
545 59 17.7148
595 59 40.6504
599 59 33.8983
623 59 31.2989
138 60 45.1467
444 60 33.8983
476 60 27.137
477 60 27.137
546 60 17.7148
594 60 40.6504
598 60 33.8983
599 60 33.8983
608 60 33.8983
609 60 33.8983
623 60 31.2989
138 61 45.1467
482 61 21.4362
486 61 17.7148
505 61 25.4453
537 61 17.7148
538 61 17.7148
546 61 17.7148
598 61 33.8983
609 61 33.8983
623 61 31.2989
624 61 31.2989
139 62 45.1467
447 62 25.4453
481 62 21.4362
485 62 17.7148
505 62 25.4453
506 62 25.4453
537 62 17.7148
623 62 31.2989
624 62 31.2989
139 63 45.1467
446 63 25.4453
480 63 21.4362
481 63 21.4362
484 63 18.5185
505 63 25.4453
506 63 25.4453
510 63 19.3986
537 63 17.7148
538 63 17.7148
546 63 17.7148
547 63 17.7148
548 63 17.7148
623 63 31.2989
475 64 27.137
476 64 27.137
480 64 21.4362
536 64 17.7148
537 64 17.7148
538 64 17.7148
547 64 17.7148
548 64 17.7148
140 65 50.7614
445 65 36.9686
475 65 27.137
476 65 27.137
477 65 27.137
482 65 21.4362
537 65 17.7148
538 65 17.7148
547 65 17.7148
548 65 17.7148
476 66 27.137
507 66 27.137
508 66 27.137
537 66 17.7148
538 66 17.7148
539 66 17.7148
609 66 33.8983
476 67 27.137
477 67 27.137
507 67 27.137
508 67 27.137
537 67 17.7148
538 67 17.7148
544 67 17.7148
609 67 33.8983
610 67 33.8983
477 68 27.137
478 68 27.137
511 68 25.4453
538 68 17.7148
539 68 17.7148
543 68 17.7148
544 68 17.7148
551 68 17.7148
552 68 17.7148
596 68 33.8983
609 68 33.8983
444 69 27.137
477 69 27.137
478 69 27.137
503 69 27.137
504 69 27.137
538 69 18.5185
539 69 18.5185
551 69 17.7148
609 69 33.8983
610 69 33.8983
147 70 45.1467
440 70 36.9686
441 70 36.9686
444 70 27.137
477 70 27.137
478 70 27.137
511 70 25.4453
539 70 18.5185
540 70 18.5185
550 70 17.7148
551 70 17.7148
552 70 17.7148
594 70 33.8983
609 70 33.8983
610 70 33.8983
440 71 36.9686
477 71 27.137
478 71 27.137
479 71 27.137
510 71 25.4453
511 71 25.4453
524 71 200
551 71 18.5185
552 71 17.7148
575 71 16.9779
576 71 16.9779
609 71 33.8983
610 71 33.8983
479 72 27.137
480 72 27.137
554 72 17.7148
609 72 33.8983
440 73 36.9686
441 73 36.9686
478 73 27.137
479 73 27.137
481 73 27.137
505 73 25.4453
540 73 18.5185
440 74 40.6504
479 74 27.137
480 74 27.137
481 74 27.137
510 74 25.4453
539 74 18.5185
542 74 17.7148
543 74 17.7148
594 74 16.9779
616 74 16.9779
617 74 16.9779
440 75 40.6504
453 75 36.9686
479 75 27.137
480 75 27.137
481 75 27.137
510 75 25.4453
541 75 18.5185
542 75 18.5185
547 75 14.556
616 75 16.9779
617 75 16.9779
453 76 36.9686
454 76 36.9686
480 76 27.137
510 76 25.4453
542 76 18.5185
543 76 18.5185
454 77 36.9686
504 77 27.137
509 77 25.4453
510 77 25.4453
541 77 18.5185
542 77 18.5185
611 77 17.7148
612 77 17.7148
136 78 45.1467
475 78 27.137
476 78 27.137
509 78 25.4453
510 78 25.4453
540 78 18.5185
543 78 18.5185
544 78 18.5185
136 79 45.1467
443 79 36.9686
475 79 27.137
476 79 27.137
477 79 27.137
543 79 18.5185
593 79 16.9779
137 80 45.1467
438 80 36.9686
442 80 36.9686
443 80 36.9686
453 80 36.9686
476 80 27.137
477 80 27.137
538 80 18.5185
137 81 45.1467
438 81 36.9686
477 81 27.137
538 81 18.5185
539 81 18.5185
544 81 18.5185
545 81 18.5185
137 82 45.1467
439 82 36.9686
477 82 27.137
478 82 27.137
538 82 18.5185
543 82 18.5185
544 82 18.5185
439 83 36.9686
440 83 36.9686
452 83 36.9686
510 83 27.137
511 83 27.137
538 83 18.5185
539 83 18.5185
542 83 18.5185
543 83 18.5185
596 83 17.7148
597 83 17.7148
439 84 36.9686
440 84 36.9686
537 84 18.5185
538 84 18.5185
539 84 18.5185
596 84 17.7148
597 84 17.7148
634 84 29.0698
475 85 27.137
478 85 27.137
509 85 27.137
510 85 27.137
538 85 18.5185
539 85 18.5185
546 85 17.7148
634 85 29.0698
475 86 27.137
509 86 25.4453
510 86 25.4453
538 86 18.5185
539 86 18.5185
546 86 17.7148
547 86 17.7148
548 86 17.7148
590 86 16.9779
441 87 36.9686
538 87 18.5185
539 87 18.5185
545 87 17.7148
546 87 17.7148
547 87 17.7148
548 87 17.7148
563 87 16.9779
578 87 16.9779
590 87 16.9779
634 87 29.0698
455 88 36.9686
481 88 27.137
511 88 25.4453
545 88 17.7148
546 88 17.7148
547 88 17.7148
437 89 36.9686
438 89 36.9686
455 89 36.9686
479 89 27.137
480 89 27.137
481 89 27.137
508 89 25.4453
540 89 18.5185
541 89 17.7148
630 89 31.2989
631 89 31.2989
438 90 36.9686
470 90 57.971
479 90 27.137
480 90 27.137
507 90 25.4453
508 90 25.4453
540 90 17.7148
541 90 17.7148
597 90 18.5185
445 91 29.0698
479 91 27.137
480 91 27.137
542 91 17.7148
543 91 17.7148
576 91 16.9779
577 91 16.9779
600 91 16.9779
444 92 29.0698
542 92 17.7148
577 92 16.9779
618 92 31.2989
619 92 31.2989
190 93 57.971
509 93 25.4453
510 93 25.4453
542 93 17.7148
618 93 31.2989
619 93 31.2989
190 94 57.971
618 94 31.2989
441 95 36.9686
442 95 33.8983
445 95 27.137
539 95 20.3666
540 95 19.3986
543 95 18.5185
544 95 18.5185
549 95 14.556
618 95 31.2989
619 95 31.2989
637 95 29.0698
133 96 45.1467
189 96 57.971
444 96 31.2989
445 96 31.2989
475 96 27.137
476 96 27.137
508 96 25.4453
509 96 25.4453
542 96 18.5185
543 96 18.5185
597 96 16.9779
637 96 29.0698
189 97 57.971
190 97 57.971
597 97 16.9779
600 97 16.9779
632 97 29.0698
637 97 29.0698
134 98 45.1467
189 98 57.971
190 98 57.971
441 98 36.9686
444 98 36.9686
476 98 27.137
477 98 27.137
544 98 18.5185
573 98 8.86525
574 98 8.86525
632 98 29.0698
637 98 29.0698
274 99 45.1467
441 99 36.9686
445 99 36.9686
465 99 57.971
475 99 27.137
476 99 27.137
477 99 27.137
507 99 25.4453
508 99 25.4453
572 99 9.26784
583 99 17.7148
597 99 16.9779
598 99 16.9779
281 100 40.6504
465 100 57.971
507 100 25.4453
508 100 25.4453
543 100 18.5185
544 100 18.5185
570 100 9.48317
581 100 17.7148
582 100 17.7148
583 100 17.7148
589 100 17.7148
598 100 16.9779
599 100 16.9779
600 100 16.9779
628 100 31.2989
629 100 31.2989
508 101 25.4453
541 101 19.3986
542 101 19.3986
543 101 19.3986
579 101 19.3986
599 101 16.9779
604 101 33.8983
628 101 31.2989
629 101 31.2989
630 101 31.2989
637 101 29.0698
133 102 45.1467
403 102 50.7614
444 102 36.9686
477 102 27.137
508 102 25.4453
541 102 19.3986
542 102 19.3986
582 102 17.7148
604 102 33.8983
627 102 31.2989
628 102 31.2989
629 102 31.2989
630 102 31.2989
637 102 29.0698
134 103 45.1467
330 103 67.5676
438 103 33.8983
444 103 36.9686
447 103 29.0698
542 103 19.3986
582 103 17.7148
595 103 17.7148
604 103 33.8983
637 103 29.0698
135 104 45.1467
330 104 67.5676
363 104 67.5676
455 104 33.8983
468 104 50.7614
542 104 19.3986
551 104 15.0943
581 104 17.7148
595 104 17.7148
637 104 29.0698
185 105 57.971
454 105 33.8983
455 105 33.8983
476 105 27.137
479 105 22.6244
480 105 22.6244
543 105 18.5185
544 105 18.5185
549 105 15.0943
616 105 31.2989
625 105 31.2989
637 105 29.0698
186 106 57.971
436 106 36.9686
439 106 33.8983
440 106 33.8983
454 106 33.8983
455 106 33.8983
476 106 27.137
479 106 22.6244
508 106 25.4453
543 106 18.5185
548 106 15.0943
549 106 15.0943
593 106 17.7148
597 106 17.7148
625 106 31.2989
637 106 29.0698
186 107 57.971
191 107 67.5676
357 107 80.9717
439 107 33.8983
455 107 33.8983
475 107 27.137
476 107 27.137
528 107 80.9717
545 107 18.5185
593 107 17.7148
625 107 31.2989
302 108 57.971
358 108 80.9717
439 108 33.8983
455 108 33.8983
464 108 57.971
469 108 50.7614
475 108 27.137
476 108 27.137
509 108 25.4453
528 108 80.9717
581 108 17.7148
614 108 31.2989
615 108 31.2989
625 108 31.2989
637 108 29.0698
193 109 57.971
327 109 57.971
391 109 67.5676
476 109 27.137
477 109 27.137
509 109 25.4453
544 109 18.5185
545 109 18.5185
613 109 31.2989
614 109 31.2989
615 109 31.2989
621 109 31.2989
625 109 31.2989
637 109 29.0698
193 110 57.971
321 110 67.5676
346 110 67.5676
391 110 67.5676
437 110 40.6504
438 110 40.6504
477 110 27.137
509 110 25.4453
517 110 101.01
613 110 31.2989
614 110 31.2989
625 110 31.2989
637 110 29.0698
136 111 45.1467
189 111 57.971
321 111 67.5676
346 111 67.5676
437 111 36.9686
476 111 27.137
477 111 27.137
478 111 27.137
516 111 101.01
517 111 101.01
539 111 27.137
540 111 27.137
547 111 18.5185
548 111 17.7148
625 111 31.2989
637 111 29.0698
476 112 27.137
477 112 27.137
516 112 101.01
517 112 101.01
547 112 18.5185
551 112 17.7148
552 112 15.674
564 112 16.9779
610 112 33.8983
625 112 31.2989
637 112 29.0698
192 113 57.971
193 113 57.971
438 113 36.9686
439 113 36.9686
469 113 50.7614
510 113 27.137
610 113 33.8983
611 113 33.8983
630 113 22.6244
193 114 57.971
434 114 36.9686
435 114 36.9686
438 114 36.9686
469 114 50.7614
478 114 27.137
479 114 27.137
525 114 80.9717
549 114 18.5185
550 114 17.7148
600 114 33.8983
601 114 33.8983
389 115 67.5676
434 115 36.9686
435 115 36.9686
510 115 27.137
548 115 18.5185
549 115 18.5185
600 115 33.8983
601 115 33.8983
610 115 33.8983
611 115 33.8983
637 115 29.0698
144 116 45.1467
326 116 67.5676
331 116 36.9686
362 116 67.5676
510 116 25.4453
552 116 17.7148
599 116 33.8983
600 116 33.8983
625 116 31.2989
626 116 31.2989
637 116 29.0698
134 117 45.1467
144 117 45.1467
362 117 67.5676
411 117 67.5676
474 117 29.0698
511 117 80.9717
610 117 33.8983
611 117 33.8983
625 117 31.2989
635 117 29.0698
134 118 45.1467
166 118 101.01
195 118 57.971
328 118 67.5676
332 118 36.9686
411 118 67.5676
433 118 36.9686
470 118 45.1467
474 118 29.0698
554 118 17.7148
610 118 33.8983
611 118 33.8983
625 118 31.2989
626 118 31.2989
635 118 29.0698
167 119 101.01
190 119 57.971
328 119 67.5676
332 119 57.971
432 119 36.9686
433 119 36.9686
511 119 101.01
512 119 101.01
554 119 17.7148
625 119 31.2989
626 119 31.2989
167 120 101.01
190 120 57.971
328 120 67.5676
329 120 67.5676
510 120 134.228
511 120 134.228
558 120 17.7148
579 120 17.7148
588 120 33.8983
589 120 33.8983
597 120 33.8983
625 120 31.2989
626 120 31.2989
167 121 101.01
329 121 67.5676
336 121 29.0698
346 121 80.9717
389 121 67.5676
433 121 36.9686
454 121 33.8983
458 121 27.137
509 121 134.228
510 121 134.228
578 121 17.7148
587 121 33.8983
588 121 33.8983
625 121 31.2989
635 121 29.0698
190 122 57.971
191 122 57.971
329 122 67.5676
330 122 67.5676
336 122 29.0698
346 122 80.9717
389 122 67.5676
390 122 67.5676
406 122 200
411 122 57.971
474 122 27.137
555 122 20.3666
597 122 33.8983
611 122 31.2989
625 122 31.2989
626 122 31.2989
321 123 57.971
330 123 67.5676
389 123 67.5676
410 123 57.971
411 123 57.971
559 123 17.7148
560 123 17.7148
597 123 33.8983
610 123 31.2989
611 123 31.2989
625 123 31.2989
626 123 31.2989
144 124 45.1467
163 124 101.01
330 124 67.5676
477 124 25.4453
482 124 20.3666
557 124 18.5185
558 124 17.7148
559 124 17.7148
560 124 17.7148
597 124 33.8983
611 124 31.2989
625 124 31.2989
163 125 101.01
336 125 67.5676
395 125 31.2989
434 125 36.9686
435 125 36.9686
437 125 36.9686
472 125 36.9686
477 125 25.4453
478 125 25.4453
509 125 25.4453
558 125 17.7148
611 125 31.2989
630 125 29.0698
164 126 101.01
165 126 101.01
172 126 101.01
195 126 57.971
196 126 57.971
336 126 67.5676
358 126 67.5676
389 126 67.5676
395 126 31.2989
436 126 36.9686
437 126 36.9686
477 126 25.4453
587 126 17.7148
611 126 31.2989
628 126 29.0698
629 126 29.0698
165 127 101.01
166 127 101.01
172 127 101.01
196 127 57.971
331 127 67.5676
389 127 67.5676
406 127 50.7614
455 127 36.9686
456 127 36.9686
610 127 31.2989
611 127 31.2989
166 128 101.01
167 128 101.01
172 128 101.01
189 128 57.971
196 128 57.971
331 128 67.5676
387 128 67.5676
388 128 67.5676
455 128 36.9686
456 128 33.8983
579 128 17.7148
610 128 31.2989
611 128 31.2989
132 129 45.1467
189 129 57.971
331 129 67.5676
332 129 67.5676
336 129 36.9686
563 129 17.7148
610 129 33.8983
611 129 33.8983
132 130 45.1467
168 130 134.228
189 130 57.971
316 130 67.5676
317 130 67.5676
331 130 67.5676
332 130 67.5676
336 130 36.9686
370 130 67.5676
432 130 40.6504
435 130 33.8983
458 130 33.8983
168 131 134.228
188 131 57.971
332 131 67.5676
336 131 36.9686
416 131 101.01
457 131 80.9717
188 132 57.971
332 132 67.5676
333 132 67.5676
383 132 80.9717
407 132 57.971
436 132 36.9686
454 132 200
455 132 134.228
456 132 101.01
580 132 17.7148
188 133 57.971
221 133 67.5676
332 133 67.5676
333 133 67.5676
453 133 200
454 133 200
455 133 134.228
507 133 25.4453
580 133 17.7148
581 133 17.7148
188 134 57.971
221 134 67.5676
247 134 80.9717
332 134 67.5676
333 134 67.5676
406 134 50.7614
407 134 50.7614
408 134 50.7614
418 134 80.9717
433 134 40.6504
434 134 40.6504
435 134 40.6504
452 134 200
453 134 200
507 134 25.4453
529 134 101.01
539 134 200
580 134 17.7148
581 134 17.7148
188 135 57.971
189 135 57.971
247 135 80.9717
332 135 67.5676
333 135 67.5676
337 135 36.9686
363 135 67.5676
408 135 57.971
558 135 40.6504
580 135 17.7148
173 136 101.01
191 136 200
195 136 57.971
248 136 80.9717
333 136 67.5676
337 136 36.9686
374 136 67.5676
558 136 40.6504
580 136 17.7148
173 137 101.01
248 137 80.9717
333 137 67.5676
337 137 36.9686
345 137 20.3666
374 137 67.5676
375 137 67.5676
379 137 36.9686
430 137 45.1467
493 137 25.4453
494 137 25.4453
580 137 17.7148
186 138 134.228
218 138 80.9717
248 138 80.9717
333 138 67.5676
493 138 25.4453
572 138 17.7148
580 138 17.7148
186 139 134.228
219 139 80.9717
333 139 67.5676
338 139 36.9686
345 139 20.3666
374 139 67.5676
389 139 67.5676
396 139 29.0698
580 139 17.7148
219 140 80.9717
257 140 80.9717
320 140 67.5676
321 140 57.971
323 140 57.971
345 140 22.6244
374 140 67.5676
440 140 27.137
580 140 17.7148
246 141 80.9717
321 141 57.971
344 141 22.6244
386 141 67.5676
387 141 67.5676
537 141 45.1467
572 141 17.7148
580 141 17.7148
246 142 80.9717
322 142 57.971
330 142 200
339 142 33.8983
344 142 22.6244
436 142 36.9686
437 142 36.9686
572 142 17.7148
580 142 17.7148
581 142 17.7148
219 143 80.9717
246 143 80.9717
322 143 67.5676
330 143 200
334 143 67.5676
344 143 22.6244
372 143 67.5676
408 143 50.7614
421 143 80.9717
436 143 36.9686
437 143 36.9686
505 143 25.4453
531 143 200
580 143 17.7148
581 143 17.7148
179 144 101.01
219 144 80.9717
246 144 101.01
322 144 57.971
334 144 67.5676
335 144 67.5676
347 144 20.3666
370 144 67.5676
408 144 50.7614
581 144 17.7148
179 145 101.01
186 145 57.971
219 145 80.9717
246 145 101.01
322 145 67.5676
334 145 67.5676
335 145 67.5676
344 145 23.9521
405 145 80.9717
408 145 50.7614
419 145 80.9717
580 145 17.7148
581 145 17.7148
186 146 57.971
245 146 101.01
323 146 67.5676
335 146 67.5676
339 146 36.9686
347 146 20.3666
364 146 67.5676
381 146 16.2999
404 146 101.01
405 146 101.01
408 146 50.7614
418 146 101.01
432 146 57.971
433 146 57.971
550 146 45.1467
581 146 17.7148
582 146 17.7148
245 147 101.01
323 147 67.5676
335 147 67.5676
339 147 36.9686
340 147 36.9686
381 147 16.2999
432 147 57.971
540 147 67.5676
541 147 67.5676
550 147 45.1467
551 147 45.1467
574 147 17.7148
178 148 101.01
246 148 101.01
335 148 67.5676
336 148 67.5676
340 148 36.9686
404 148 101.01
408 148 50.7614
540 148 67.5676
541 148 67.5676
550 148 45.1467
573 148 17.7148
574 148 17.7148
575 148 17.7148
178 149 101.01
246 149 80.9717
257 149 80.9717
336 149 67.5676
340 149 36.9686
408 149 57.971
469 149 57.971
498 149 25.4453
541 149 67.5676
550 149 45.1467
573 149 17.7148
574 149 17.7148
575 149 17.7148
584 149 17.7148
585 149 17.7148
636 149 29.0698
246 150 80.9717
247 150 80.9717
336 150 67.5676
340 150 36.9686
363 150 67.5676
364 150 80.9717
379 150 57.971
408 150 57.971
418 150 134.228
419 150 134.228
550 150 45.1467
574 150 17.7148
575 150 17.7148
584 150 17.7148
585 150 17.7148
636 150 29.0698
220 151 67.5676
247 151 80.9717
336 151 67.5676
340 151 40.6504
363 151 67.5676
408 151 57.971
425 151 101.01
550 151 45.1467
584 151 17.7148
585 151 17.7148
636 151 29.0698
637 151 29.0698
247 152 101.01
326 152 67.5676
336 152 67.5676
337 152 67.5676
340 152 40.6504
361 152 67.5676
362 152 67.5676
376 152 80.9717
403 152 200
572 152 17.7148
573 152 17.7148
574 152 17.7148
584 152 17.7148
585 152 17.7148
630 152 29.0698
636 152 29.0698
136 153 134.228
306 153 67.5676
326 153 67.5676
337 153 67.5676
361 153 67.5676
572 153 17.7148
573 153 17.7148
584 153 17.7148
585 153 17.7148
620 153 31.2989
630 153 29.0698
136 154 134.228
314 154 67.5676
337 154 67.5676
338 154 67.5676
372 154 29.0698
573 154 17.7148
584 154 17.7148
585 154 17.7148
620 154 31.2989
621 154 31.2989
629 154 29.0698
630 154 29.0698
636 154 29.0698
637 154 29.0698
221 155 80.9717
222 155 80.9717
246 155 80.9717
247 155 80.9717
314 155 67.5676
337 155 67.5676
338 155 67.5676
349 155 21.4362
365 155 67.5676
372 155 29.0698
478 155 57.971
479 155 57.971
583 155 17.7148
584 155 17.7148
620 155 31.2989
621 155 31.2989
222 156 80.9717
246 156 80.9717
247 156 80.9717
311 156 200
337 156 67.5676
338 156 67.5676
365 156 67.5676
408 156 50.7614
409 156 50.7614
455 156 33.8983
572 156 17.7148
573 156 17.7148
574 156 17.7148
583 156 17.7148
584 156 17.7148
615 156 31.2989
620 156 31.2989
621 156 31.2989
222 157 80.9717
247 157 80.9717
338 157 67.5676
356 157 67.5676
359 157 40.6504
408 157 50.7614
409 157 50.7614
454 157 33.8983
455 157 33.8983
478 157 57.971
479 157 57.971
483 157 36.9686
572 157 17.7148
573 157 17.7148
574 157 17.7148
583 157 17.7148
584 157 17.7148
605 157 31.2989
606 157 31.2989
607 157 31.2989
615 157 31.2989
222 158 80.9717
338 158 67.5676
339 158 67.5676
342 158 36.9686
355 158 67.5676
356 158 67.5676
365 158 67.5676
408 158 50.7614
409 158 50.7614
478 158 57.971
479 158 57.971
572 158 17.7148
573 158 17.7148
574 158 17.7148
583 158 17.7148
584 158 17.7148
605 158 31.2989
606 158 31.2989
615 158 31.2989
338 159 67.5676
339 159 67.5676
342 159 36.9686
408 159 57.971
409 159 57.971
436 159 36.9686
437 159 36.9686
478 159 57.971
479 159 57.971
584 159 17.7148
615 159 31.2989
221 160 80.9717
222 160 80.9717
245 160 80.9717
268 160 134.228
269 160 134.228
321 160 67.5676
322 160 67.5676
323 160 67.5676
338 160 67.5676
339 160 67.5676
342 160 36.9686
365 160 67.5676
436 160 36.9686
441 160 40.6504
442 160 40.6504
478 160 57.971
534 160 50.7614
536 160 50.7614
573 160 17.7148
574 160 17.7148
606 160 31.2989
132 161 134.228
268 161 134.228
269 161 134.228
323 161 67.5676
328 161 67.5676
338 161 67.5676
339 161 67.5676
342 161 36.9686
354 161 40.6504
366 161 67.5676
400 161 200
574 161 18.5185
585 161 17.7148
586 161 17.7148
601 161 33.8983
605 161 31.2989
606 161 31.2989
132 162 134.228
222 162 80.9717
268 162 200
269 162 200
331 162 67.5676
338 162 67.5676
339 162 67.5676
342 162 36.9686
366 162 67.5676
429 162 101.01
444 162 36.9686
445 162 36.9686
574 162 18.5185
585 162 16.9779
586 162 16.9779
593 162 33.8983
601 162 33.8983
246 163 80.9717
268 163 200
300 163 134.228
334 163 200
338 163 67.5676
339 163 67.5676
342 163 36.9686
350 163 67.5676
364 163 67.5676
445 163 36.9686
460 163 67.5676
574 163 17.7148
586 163 17.7148
593 163 33.8983
630 163 29.0698
631 163 29.0698
632 163 29.0698
129 164 134.228
268 164 200
338 164 67.5676
349 164 67.5676
350 164 67.5676
460 164 67.5676
576 164 17.7148
579 164 15.674
580 164 15.674
589 164 33.8983
630 164 29.0698
631 164 29.0698
239 165 134.228
268 165 200
328 165 80.9717
329 165 80.9717
338 165 67.5676
348 165 67.5676
349 165 67.5676
576 165 17.7148
577 165 17.7148
585 165 17.7148
589 165 33.8983
131 166 134.228
239 166 134.228
408 166 57.971
438 166 101.01
499 166 27.137
585 166 17.7148
622 166 31.2989
626 166 31.2989
239 167 134.228
300 167 200
319 167 200
342 167 200
365 167 80.9717
372 167 31.2989
373 167 31.2989
407 167 57.971
408 167 57.971
438 167 101.01
478 167 50.7614
614 167 31.2989
615 167 31.2989
616 167 31.2989
626 167 31.2989
239 168 134.228
245 168 80.9717
300 168 200
319 168 200
360 168 33.8983
365 168 80.9717
366 168 80.9717
408 168 50.7614
409 168 50.7614
541 168 80.9717
577 168 17.7148
578 168 17.7148
579 168 17.7148
615 168 31.2989
626 168 31.2989
245 169 80.9717
313 169 134.228
319 169 200
342 169 200
354 169 80.9717
360 169 33.8983
372 169 67.5676
409 169 57.971
541 169 80.9717
577 169 17.7148
578 169 17.7148
579 169 17.7148
584 169 17.7148
585 169 17.7148
612 169 33.8983
626 169 31.2989
134 170 134.228
135 170 134.228
221 170 80.9717
222 170 80.9717
246 170 80.9717
319 170 200
320 170 200
354 170 80.9717
355 170 80.9717
371 170 67.5676
372 170 67.5676
409 170 45.1467
541 170 80.9717
578 170 17.7148
579 170 17.7148
601 170 33.8983
602 170 33.8983
612 170 33.8983
626 170 31.2989
246 171 80.9717
247 171 80.9717
319 171 200
366 171 80.9717
372 171 67.5676
452 171 27.137
541 171 80.9717
542 171 80.9717
585 171 17.7148
595 171 33.8983
601 171 33.8983
602 171 33.8983
247 172 80.9717
266 172 134.228
366 172 80.9717
372 172 67.5676
447 172 36.9686
448 172 36.9686
452 172 27.137
475 172 50.7614
585 172 17.7148
595 172 33.8983
613 172 33.8983
626 172 31.2989
128 173 101.01
247 173 80.9717
248 173 80.9717
266 173 134.228
350 173 80.9717
351 173 80.9717
366 173 80.9717
448 173 36.9686
590 173 33.8983
595 173 33.8983
598 173 33.8983
599 173 33.8983
612 173 33.8983
626 173 31.2989
627 173 31.2989
636 173 29.0698
247 174 80.9717
248 174 80.9717
266 174 134.228
283 174 134.228
287 174 101.01
371 174 80.9717
550 174 45.1467
551 174 45.1467
577 174 16.9779
588 174 33.8983
589 174 33.8983
590 174 33.8983
599 174 33.8983
612 174 33.8983
636 174 29.0698
122 175 67.5676
123 175 67.5676
244 175 200
245 175 200
266 175 134.228
283 175 134.228
287 175 101.01
453 175 25.4453
533 175 57.971
534 175 57.971
550 175 45.1467
551 175 45.1467
561 175 40.6504
577 175 16.9779
599 175 33.8983
612 175 33.8983
636 175 29.0698
122 176 67.5676
123 176 67.5676
244 176 200
266 176 134.228
337 176 67.5676
453 176 25.4453
533 176 57.971
554 176 45.1467
555 176 45.1467
599 176 33.8983
123 177 67.5676
238 177 134.228
244 177 200
266 177 134.228
270 177 134.228
283 177 134.228
287 177 134.228
298 177 200
299 177 200
303 177 45.1467
384 177 200
406 177 101.01
407 177 101.01
599 177 33.8983
627 177 31.2989
128 178 101.01
129 178 101.01
238 178 134.228
244 178 200
263 178 134.228
266 178 134.228
270 178 134.228
283 178 134.228
287 178 134.228
298 178 200
345 178 67.5676
384 178 200
447 178 36.9686
533 178 57.971
534 178 57.971
599 178 33.8983
627 178 31.2989
244 179 200
287 179 134.228
290 179 134.228
298 179 200
299 179 200
314 179 134.228
329 179 200
337 179 33.8983
447 179 36.9686
448 179 36.9686
568 179 31.2989
569 179 31.2989
570 179 31.2989
580 179 16.9779
599 179 33.8983
627 179 31.2989
8 180 80.9717
126 180 134.228
238 180 134.228
244 180 200
298 180 200
299 180 200
314 180 134.228
329 180 200
337 180 33.8983
342 180 134.228
344 180 67.5676
447 180 36.9686
542 180 50.7614
612 180 33.8983
613 180 33.8983
627 180 31.2989
126 181 134.228
238 181 134.228
244 181 200
251 181 80.9717
298 181 200
303 181 200
314 181 134.228
329 181 200
337 181 33.8983
367 181 67.5676
497 181 27.137
559 181 40.6504
612 181 33.8983
613 181 33.8983
627 181 31.2989
628 181 31.2989
121 182 80.9717
209 182 67.5676
251 182 80.9717
314 182 134.228
329 182 200
337 182 67.5676
367 182 67.5676
497 182 27.137
498 182 27.137
525 182 57.971
533 182 57.971
558 182 40.6504
559 182 40.6504
560 182 40.6504
620 182 31.2989
627 182 31.2989
628 182 31.2989
314 183 134.228
329 183 200
338 183 67.5676
367 183 67.5676
532 183 57.971
533 183 57.971
534 183 57.971
544 183 45.1467
599 183 33.8983
627 183 31.2989
628 183 31.2989
323 184 134.228
337 184 80.9717
338 184 80.9717
344 184 29.0698
421 184 67.5676
469 184 50.7614
470 184 50.7614
478 184 50.7614
533 184 57.971
581 184 17.7148
599 184 33.8983
612 184 31.2989
613 184 31.2989
627 184 31.2989
628 184 31.2989
250 185 80.9717
251 185 80.9717
323 185 134.228
344 185 29.0698
421 185 67.5676
429 185 101.01
524 185 57.971
579 185 17.7148
580 185 16.9779
581 185 16.9779
587 185 16.9779
599 185 33.8983
613 185 31.2989
209 186 67.5676
250 186 80.9717
251 186 80.9717
264 186 134.228
271 186 134.228
323 186 134.228
336 186 67.5676
337 186 67.5676
344 186 29.0698
364 186 101.01
365 186 101.01
370 186 36.9686
384 186 200
420 186 67.5676
421 186 67.5676
429 186 101.01
599 186 33.8983
612 186 31.2989
613 186 31.2989
620 186 31.2989
121 187 67.5676
251 187 80.9717
264 187 134.228
271 187 134.228
283 187 134.228
284 187 134.228
286 187 134.228
290 187 134.228
323 187 134.228
324 187 134.228
336 187 67.5676
337 187 67.5676
364 187 101.01
365 187 101.01
370 187 36.9686
384 187 200
582 187 16.9779
583 187 16.9779
599 187 33.8983
612 187 31.2989
613 187 31.2989
246 188 134.228
251 188 80.9717
264 188 134.228
284 188 134.228
286 188 134.228
291 188 134.228
323 188 200
337 188 67.5676
364 188 80.9717
365 188 80.9717
369 188 36.9686
370 188 36.9686
599 188 33.8983
620 188 31.2989
209 189 67.5676
246 189 134.228
251 189 80.9717
264 189 134.228
271 189 134.228
284 189 134.228
286 189 134.228
291 189 134.228
303 189 134.228
351 189 16.9779
364 189 80.9717
365 189 80.9717
412 189 101.01
413 189 101.01
588 189 17.7148
599 189 33.8983
209 190 67.5676
251 190 80.9717
264 190 134.228
271 190 134.228
284 190 134.228
291 190 134.228
303 190 134.228
313 190 25.4453
365 190 80.9717
393 190 101.01
400 190 134.228
415 190 134.228
419 190 80.9717
420 190 67.5676
421 190 57.971
422 190 50.7614
578 190 17.7148
579 190 17.7148
580 190 17.7148
588 190 17.7148
121 191 57.971
246 191 134.228
264 191 134.228
271 191 134.228
284 191 134.228
290 191 134.228
291 191 134.228
303 191 134.228
417 191 101.01
418 191 80.9717
419 191 80.9717
420 191 67.5676
421 191 57.971
422 191 50.7614
495 191 27.137
496 191 27.137
537 191 80.9717
579 191 17.7148
246 192 134.228
264 192 134.228
283 192 134.228
284 192 134.228
290 192 134.228
291 192 134.228
303 192 134.228
320 192 134.228
329 192 29.0698
350 192 18.5185
358 192 200
359 192 200
369 192 27.137
377 192 134.228
418 192 80.9717
419 192 80.9717
420 192 67.5676
422 192 50.7614
578 192 17.7148
579 192 17.7148
602 192 33.8983
99 193 80.9717
100 193 80.9717
246 193 134.228
303 193 134.228
320 193 134.228
329 193 29.0698
357 193 200
358 193 200
377 193 134.228
588 193 17.7148
589 193 17.7148
209 194 67.5676
246 194 134.228
303 194 134.228
305 194 134.228
320 194 134.228
329 194 29.0698
337 194 67.5676
343 194 31.2989
356 194 200
357 194 200
384 194 200
399 194 134.228
400 194 134.228
98 195 101.01
209 195 67.5676
250 195 80.9717
320 195 134.228
321 195 134.228
329 195 29.0698
337 195 67.5676
343 195 31.2989
384 195 200
399 195 134.228
400 195 134.228
428 195 101.01
429 195 80.9717
430 195 80.9717
431 195 80.9717
432 195 67.5676
433 195 29.0698
434 195 27.137
579 195 17.7148
580 195 17.7148
98 196 101.01
250 196 80.9717
320 196 134.228
325 196 45.1467
337 196 67.5676
343 196 31.2989
421 196 80.9717
422 196 80.9717
430 196 80.9717
587 196 17.7148
118 197 134.228
249 197 80.9717
333 197 200
336 197 67.5676
337 197 67.5676
359 197 200
420 197 101.01
421 197 80.9717
422 197 80.9717
423 197 80.9717
506 197 36.9686
587 197 17.7148
588 197 17.7148
227 198 134.228
254 198 80.9717
333 198 200
336 198 80.9717
337 198 80.9717
359 198 200
393 198 134.228
422 198 80.9717
250 199 80.9717
336 199 80.9717
250 200 80.9717
269 200 101.01
281 200 134.228
284 200 134.228
297 200 134.228
298 200 134.228
329 200 134.228
330 200 134.228
342 200 67.5676
361 200 200
364 200 67.5676
227 201 101.01
250 201 80.9717
257 201 134.228
269 201 101.01
281 201 134.228
284 201 134.228
298 201 134.228
329 201 134.228
330 201 134.228
342 201 67.5676
227 202 101.01
257 202 134.228
269 202 101.01
281 202 134.228
284 202 134.228
298 202 134.228
342 202 67.5676
454 202 29.0698
455 202 29.0698
220 203 200
257 203 134.228
281 203 134.228
284 203 134.228
298 203 134.228
312 203 134.228
313 203 134.228
317 203 134.228
336 203 21.4362
342 203 67.5676
419 203 33.8983
454 203 29.0698
455 203 29.0698
456 203 29.0698
579 203 17.7148
580 203 17.7148
220 204 200
227 204 101.01
244 204 134.228
245 204 134.228
257 204 134.228
269 204 101.01
281 204 134.228
284 204 134.228
298 204 134.228
312 204 134.228
313 204 134.228
336 204 21.4362
362 204 101.01
363 204 80.9717
418 204 33.8983
455 204 29.0698
456 204 29.0698
578 204 17.7148
579 204 17.7148
227 205 101.01
244 205 134.228
257 205 134.228
269 205 101.01
281 205 134.228
284 205 134.228
298 205 134.228
313 205 134.228
336 205 21.4362
352 205 134.228
353 205 134.228
360 205 200
361 205 101.01
363 205 80.9717
364 205 80.9717
387 205 14.0548
430 205 29.0698
431 205 29.0698
456 205 29.0698
257 206 134.228
298 206 134.228
323 206 134.228
336 206 21.4362
337 206 21.4362
342 206 15.0943
363 206 80.9717
364 206 80.9717
382 206 134.228
385 206 13.1492
386 206 13.1492
430 206 29.0698
582 206 17.7148
298 207 134.228
322 207 134.228
323 207 134.228
363 207 80.9717
364 207 67.5676
382 207 134.228
389 207 40.6504
415 207 36.9686
416 207 36.9686
429 207 29.0698
430 207 29.0698
456 207 29.0698
457 207 29.0698
227 208 134.228
297 208 134.228
298 208 134.228
363 208 67.5676
364 208 67.5676
429 208 31.2989
430 208 31.2989
437 208 31.2989
457 208 29.0698
578 208 16.9779
245 209 101.01
364 209 67.5676
392 209 200
400 209 40.6504
401 209 40.6504
402 209 40.6504
429 209 31.2989
430 209 31.2989
437 209 31.2989
458 209 31.2989
245 210 101.01
277 210 134.228
360 210 200
363 210 67.5676
364 210 67.5676
374 210 22.6244
400 210 40.6504
401 210 40.6504
429 210 31.2989
437 210 31.2989
457 210 29.0698
501 210 25.4453
250 211 80.9717
276 211 134.228
277 211 134.228
334 211 67.5676
335 211 67.5676
343 211 200
344 211 101.01
346 211 67.5676
352 211 31.2989
360 211 200
363 211 67.5676
364 211 67.5676
400 211 40.6504
401 211 40.6504
415 211 33.8983
429 211 31.2989
436 211 31.2989
437 211 31.2989
457 211 31.2989
250 212 80.9717
276 212 134.228
277 212 134.228
297 212 134.228
335 212 67.5676
346 212 67.5676
354 212 31.2989
360 212 200
363 212 67.5676
364 212 67.5676
400 212 45.1467
401 212 45.1467
428 212 31.2989
429 212 31.2989
430 212 31.2989
436 212 31.2989
437 212 31.2989
458 212 31.2989
250 213 80.9717
331 213 200
360 213 200
363 213 67.5676
364 213 67.5676
369 213 200
375 213 101.01
376 213 21.4362
377 213 21.4362
383 213 14.0548
384 213 13.587
385 213 13.587
259 214 134.228
275 214 134.228
331 214 200
371 214 200
373 214 134.228
374 214 101.01
379 214 40.6504
380 214 134.228
381 214 40.6504
237 215 134.228
243 215 134.228
259 215 134.228
275 215 134.228
325 215 101.01
350 215 200
373 215 134.228
374 215 101.01
379 215 40.6504
380 215 134.228
381 215 40.6504
403 215 45.1467
404 215 45.1467
407 215 13.1492
408 215 13.1492
584 215 17.7148
585 215 17.7148
227 216 80.9717
237 216 134.228
243 216 134.228
295 216 67.5676
373 216 200
392 216 25.4453
403 216 45.1467
404 216 45.1467
468 216 22.6244
506 216 20.3666
507 216 20.3666
508 216 20.3666
569 216 15.0943
584 216 17.7148
585 216 17.7148
588 216 15.674
227 217 80.9717
237 217 134.228
243 217 134.228
295 217 67.5676
448 217 25.4453
506 217 20.3666
507 217 20.3666
508 217 20.3666
509 217 19.3986
531 217 16.2999
532 217 16.2999
584 217 17.7148
227 218 80.9717
237 218 134.228
243 218 134.228
259 218 134.228
425 218 31.2989
426 218 31.2989
178 219 101.01
237 219 134.228
243 219 134.228
259 219 134.228
270 219 134.228
480 219 21.4362
481 219 21.4362
482 219 21.4362
505 219 21.4362
506 219 21.4362
560 219 15.674
561 219 14.556
562 219 14.556
563 219 14.0548
564 219 13.587
565 219 13.587
566 219 13.1492
567 219 13.1492
178 220 101.01
237 220 134.228
243 220 134.228
446 220 27.137
447 220 27.137
481 220 21.4362
482 220 21.4362
504 220 21.4362
505 220 21.4362
506 220 21.4362
558 220 16.2999
559 220 16.2999
560 220 15.674
561 220 15.0943
562 220 14.556
563 220 14.0548
612 220 11.325
613 220 11.0193
615 220 11.0193
178 221 101.01
395 221 101.01
401 221 36.9686
402 221 36.9686
481 221 21.4362
482 221 21.4362
505 221 21.4362
506 221 21.4362
507 221 21.4362
610 221 11.325
178 222 101.01
401 222 36.9686
402 222 36.9686
426 222 29.0698
481 222 20.3666
482 222 20.3666
507 222 21.4362
546 222 15.0943
547 222 15.0943
563 222 14.556
575 222 16.2999
576 222 16.2999
577 222 16.2999
607 222 11.6482
402 223 36.9686
407 223 25.4453
455 223 22.6244
456 223 22.6244
464 223 23.9521
465 223 23.9521
481 223 20.3666
482 223 20.3666
506 223 21.4362
507 223 21.4362
508 223 21.4362
546 223 15.0943
547 223 15.0943
549 223 14.556
550 223 14.0548
576 223 16.2999
577 223 16.2999
604 223 11.6482
605 223 11.6482
606 223 11.6482
455 224 22.6244
481 224 20.3666
482 224 20.3666
483 224 20.3666
546 224 15.0943
547 224 15.0943
549 224 14.556
572 224 16.2999
573 224 16.2999
574 224 16.2999
603 224 11.6482
623 224 10.7296
390 225 50.7614
391 225 50.7614
392 225 50.7614
396 225 40.6504
397 225 40.6504
398 225 40.6504
414 225 33.8983
421 225 31.2989
422 225 31.2989
426 225 21.4362
430 225 23.9521
448 225 25.4453
449 225 25.4453
392 226 50.7614
396 226 40.6504
397 226 40.6504
398 226 40.6504
402 226 27.137
421 226 31.2989
426 226 21.4362
427 226 21.4362
428 226 23.9521
430 226 23.9521
449 226 25.4453
450 226 25.4453
514 226 19.3986
515 226 19.3986
516 226 16.2999
522 226 15.674
571 226 16.2999
572 226 16.2999
622 226 10.7296
636 226 10.4548
637 226 10.4548
421 227 31.2989
427 227 21.4362
449 227 25.4453
450 227 25.4453
455 227 19.3986
456 227 18.5185
457 227 18.5185
515 227 19.3986
516 227 16.2999
517 227 16.2999
518 227 15.674
571 227 15.674
572 227 15.674
408 228 36.9686
409 228 36.9686
421 228 31.2989
422 228 31.2989
449 228 25.4453
450 228 25.4453
453 228 19.3986
454 228 19.3986
455 228 19.3986
510 228 18.5185
511 228 18.5185
512 228 19.3986
571 228 15.674
572 228 15.674
573 228 15.674
635 228 10.7296
408 229 36.9686
409 229 36.9686
415 229 23.9521
416 229 23.9521
421 229 31.2989
422 229 31.2989
431 229 29.0698
476 229 21.4362
477 229 21.4362
510 229 18.5185
511 229 18.5185
566 229 14.556
567 229 14.556
568 229 14.556
637 229 10.1937
408 230 36.9686
409 230 36.9686
429 230 29.0698
517 230 16.2999
518 230 16.2999
634 230 10.7296
441 231 25.4453
451 231 23.9521
452 231 23.9521
455 231 20.3666
490 231 20.3666
491 231 20.3666
492 231 20.3666
518 231 16.2999
521 231 16.2999
522 231 16.2999
523 231 16.2999
578 231 14.556
579 231 14.556
580 231 14.556
585 231 12.7389
596 231 11.9904
636 231 10.1937
361 232 36.9686
362 232 36.9686
413 232 33.8983
414 232 33.8983
417 232 27.137
418 232 27.137
440 232 25.4453
441 232 25.4453
490 232 20.3666
491 232 20.3666
492 232 20.3666
495 232 17.7148
575 232 15.0943
579 232 14.556
580 232 14.556
583 232 12.7389
585 232 12.7389
619 232 11.0193
633 232 10.7296
361 233 36.9686
362 233 36.9686
413 233 33.8983
414 233 33.8983
417 233 27.137
418 233 27.137
424 233 31.2989
452 233 23.9521
455 233 20.3666
491 233 20.3666
492 233 20.3666
495 233 17.7148
594 233 11.9904
595 233 12.3533
616 233 11.325
633 233 10.7296
414 234 33.8983
424 234 31.2989
452 234 23.9521
453 234 23.9521
587 234 12.7389
617 234 11.0193
424 235 31.2989
562 235 15.0943
563 235 14.556
564 235 14.556
565 235 14.556
585 235 12.3533
586 235 12.3533
597 235 13.587
598 235 14.0548
633 235 10.4548
634 235 10.4548
444 236 25.4453
453 236 23.9521
468 236 21.4362
469 236 21.4362
472 236 18.5185
551 236 14.556
563 236 14.556
564 236 14.556
565 236 14.556
571 236 14.556
572 236 14.556
573 236 14.556
591 236 12.3533
602 236 12.3533
629 236 11.325
633 236 10.4548
358 237 50.7614
362 237 31.2989
443 237 25.4453
444 237 25.4453
453 237 23.9521
454 237 23.9521
468 237 21.4362
469 237 21.4362
472 237 18.5185
473 237 18.5185
551 237 14.556
572 237 14.556
573 237 14.556
591 237 12.3533
592 237 12.3533
593 237 11.9904
623 237 12.7389
624 237 12.7389
633 237 10.4548
362 238 31.2989
427 238 200
443 238 25.4453
444 238 25.4453
468 238 21.4362
469 238 21.4362
473 238 18.5185
515 238 15.0943
551 238 14.556
556 238 15.0943
557 238 15.0943
558 238 15.0943
573 238 14.556
595 238 11.9904
362 239 31.2989
430 239 29.0698
431 239 29.0698
434 239 22.6244
435 239 22.6244
443 239 27.137
444 239 27.137
454 239 23.9521
468 239 21.4362
469 239 21.4362
510 239 17.7148
511 239 16.9779
514 239 15.0943
550 239 14.556
551 239 14.556
579 239 13.587
580 239 13.1492
581 239 13.1492
582 239 12.7389
583 239 12.7389
584 239 12.3533
585 239 11.9904
586 239 11.6482
587 239 11.6482
362 240 31.2989
363 240 31.2989
430 240 29.0698
431 240 29.0698
434 240 22.6244
443 240 25.4453
444 240 25.4453
454 240 23.9521
468 240 21.4362
469 240 21.4362
513 240 15.674
550 240 14.556
580 240 13.1492
581 240 13.1492
582 240 12.7389
583 240 12.7389
584 240 12.3533
442 241 25.4453
443 241 25.4453
444 241 25.4453
454 241 23.9521
468 241 21.4362
469 241 21.4362
472 241 18.5185
556 241 14.556
559 241 14.556
560 241 14.556
561 241 14.556
582 241 12.7389
443 242 25.4453
444 242 25.4453
467 242 21.4362
468 242 21.4362
469 242 21.4362
506 242 17.7148
507 242 17.7148
549 242 14.556
559 242 14.556
560 242 14.556
561 242 14.556
562 242 14.556
586 242 11.9904
587 242 12.3533
467 243 21.4362
468 243 21.4362
469 243 21.4362
497 243 27.137
498 243 27.137
499 243 25.4453
500 243 25.4453
501 243 23.9521
502 243 22.6244
503 243 21.4362
504 243 19.3986
505 243 17.7148
506 243 17.7148
507 243 17.7148
508 243 17.7148
560 243 14.556
561 243 14.556
562 243 14.556
469 244 21.4362
506 244 17.7148
507 244 17.7148
511 244 15.0943
512 244 15.0943
561 244 14.556
368 245 25.4453
449 246 23.9521
450 246 23.9521
451 246 23.9521
480 246 21.4362
481 246 20.3666
482 246 20.3666
483 246 20.3666
580 246 12.7389
581 246 12.7389
449 247 23.9521
450 247 23.9521
451 247 23.9521
472 247 21.4362
473 247 21.4362
480 247 21.4362
481 247 20.3666
482 247 20.3666
540 247 15.0943
541 247 15.0943
542 247 15.0943
579 247 12.7389
580 247 12.7389
581 247 12.7389
582 247 12.7389
370 248 25.4453
371 248 25.4453
472 248 20.3666
473 248 20.3666
539 248 15.0943
540 248 15.0943
541 248 15.0943
547 248 12.7389
574 248 13.1492
575 248 12.7389
576 248 12.7389
577 248 12.7389
581 248 12.7389
539 249 15.0943
540 249 15.0943
546 249 12.7389
547 249 12.7389
548 249 12.7389
576 249 12.7389
577 249 12.7389
473 250 21.4362
539 250 15.0943
540 250 15.0943
543 250 13.587
544 250 13.587
577 250 12.7389
578 250 12.7389
471 251 21.4362
472 251 21.4362
473 251 21.4362
538 251 15.0943
539 251 15.0943
542 251 14.0548
543 251 13.587
551 251 14.556
504 252 17.7148
538 252 15.0943
539 252 15.0943
568 252 13.1492
569 252 13.1492
570 252 13.1492
480 253 20.3666
539 253 15.0943
568 253 13.1492
569 253 13.1492
576 253 11.325
572 254 11.9904
573 254 11.9904
504 255 17.7148
505 255 17.7148
538 255 15.0943
504 256 17.7148
505 256 17.7148
506 256 17.7148
538 256 15.0943
504 257 17.7148
505 257 17.7148
506 257 17.7148
505 258 17.7148
506 258 17.7148
518 258 16.9779
519 258 17.7148
520 258 17.7148
570 258 12.7389
571 258 12.7389
573 258 12.3533
574 258 12.3533
506 259 16.9779
507 259 16.9779
518 259 16.9779
519 259 17.7148
570 259 12.7389
506 260 16.9779
507 260 16.9779
521 260 16.9779
522 260 17.7148
524 260 17.7148
525 260 17.7148
526 260 16.9779
527 260 17.7148
528 260 17.7148
576 260 12.7389
507 261 16.9779
531 261 11.9904
532 261 11.9904
533 261 11.6482
534 261 11.6482
535 261 11.6482
536 261 11.325
568 261 13.1492
569 261 13.1492
575 261 12.7389
576 261 12.7389
577 261 12.7389
631 261 10.4548
632 261 10.4548
388 262 17.7148
389 262 17.7148
567 262 13.1492
568 262 13.1492
569 262 13.1492
572 262 14.0548
575 262 12.7389
576 262 12.7389
577 262 12.7389
630 262 10.4548
631 262 10.4548
388 263 17.7148
389 263 17.7148
390 263 17.7148
539 263 15.0943
540 263 15.0943
567 263 13.1492
568 263 13.1492
569 263 13.1492
572 263 14.0548
573 263 13.1492
574 263 13.1492
575 263 12.7389
628 263 10.4548
629 263 10.4548
539 264 15.0943
627 264 10.7296
628 264 10.7296
634 264 9.70874
632 265 9.9453
633 265 9.9453
567 266 13.1492
574 266 13.1492
576 266 12.7389
577 266 12.7389
578 266 12.7389
626 266 10.7296
627 266 10.7296
630 266 10.4548
631 266 9.9453
566 267 13.1492
567 267 13.1492
568 267 13.1492
570 267 12.7389
576 267 12.7389
577 267 12.7389
578 267 12.7389
626 267 10.7296
566 268 13.1492
567 268 13.1492
568 268 13.1492
576 268 12.7389
577 268 12.7389
578 268 12.7389
625 268 10.7296
633 268 10.1937
637 268 10.4548
567 269 13.1492
568 269 13.1492
631 269 10.4548
636 269 10.4548
574 270 13.1492
630 270 10.4548
636 270 10.4548
574 271 13.1492
575 271 13.1492
576 271 13.1492
577 271 12.7389
629 271 10.4548
630 271 10.4548
636 271 10.4548
637 271 10.4548
575 272 13.1492
576 272 13.1492
577 272 12.7389
629 272 10.4548
630 272 10.4548
631 272 10.4548
633 272 10.1937
575 273 13.1492
576 273 12.7389
584 273 12.7389
631 273 10.4548
633 273 10.1937
583 274 12.7389
584 274 12.7389
585 274 12.7389
628 274 10.7296
629 274 10.7296
572 275 13.1492
573 275 13.1492
574 275 13.1492
575 275 13.1492
628 275 10.7296
573 276 13.1492
574 276 13.1492
575 276 13.1492
628 276 10.7296
637 276 10.4548
158 277 12.3533
191 277 12.7389
568 277 13.1492
569 277 13.1492
570 277 13.1492
627 277 10.7296
628 277 10.7296
569 278 13.1492
570 278 13.1492
571 278 13.1492
627 278 10.7296
628 278 10.7296
575 279 13.1492
576 279 13.1492
627 279 10.7296
628 279 10.7296
637 279 11.0193
585 280 12.3533
586 280 12.3533
627 280 10.7296
628 280 10.7296
637 280 11.0193
618 281 15.0943
627 281 10.7296
628 281 10.7296
71 282 11.9904
568 282 12.3533
569 282 12.3533
570 282 12.3533
158 284 10.7296
625 284 11.6482
627 284 10.7296
628 284 10.7296
629 284 10.4548
637 284 10.7296
83 285 11.0193
114 285 11.0193
159 285 10.7296
419 285 12.3533
424 285 11.6482
425 285 11.325
619 285 16.9779
628 285 10.7296
629 285 10.4548
631 285 10.4548
632 285 10.1937
634 285 11.325
635 285 11.0193
636 285 10.7296
637 285 10.7296
124 286 10.7296
420 286 12.3533
421 286 11.9904
422 286 11.9904
423 286 11.6482
424 286 11.6482
425 286 11.325
426 286 11.0193
427 286 10.4548
622 286 15.674
623 286 15.0943
629 286 10.4548
635 286 11.0193
637 286 10.7296
36 287 11.0193
80 287 10.7296
425 287 11.325
426 287 11.0193
427 287 10.4548
637 288 10.4548
222 289 11.0193
223 289 11.0193
633 289 11.0193
634 289 11.0193
635 289 10.7296
637 289 10.4548
71 290 10.1937
558 290 11.0193
634 290 11.0193
635 290 10.7296
636 290 10.4548
637 290 10.4548
560 291 10.7296
561 291 11.0193
637 291 10.4548
130 293 9.48317
65 294 9.48317
131 294 9.48317
61 295 9.48317
121 295 9.26784
122 295 9.26784
123 295 9.26784
131 295 9.48317
576 295 10.4548
577 295 10.4548
159 296 9.26784
160 296 9.26784
167 296 9.48317
31 297 9.48317
34 297 9.48317
160 297 9.26784
168 297 9.48317
40 298 9.26784
155 298 9.26784
156 298 9.26784
35 299 9.06207
156 299 9.26784
157 299 9.26784
163 299 9.06207
164 299 9.06207
165 299 9.06207
35 300 8.86525
68 300 8.86525
124 300 8.86525
145 300 8.86525
164 300 9.06207
33 301 8.86525
34 301 8.86525
37 301 9.06207
33 302 8.86525
34 302 8.86525
153 302 8.86525
154 302 8.86525
34 303 8.86525
124 303 8.49618
125 303 8.49618
47 304 8.49618
126 304 8.49618
130 304 8.67679
148 304 8.49618
47 305 8.49618
48 305 8.49618
64 305 8.32293
94 305 8.15661
112 305 8.49618
82 306 8.49618
95 306 8.15661
58 307 8.49618
59 307 8.15661
60 307 8.32293
61 307 8.15661
62 307 8.15661
73 307 8.32293
96 307 8.15661
114 307 8.32293
160 307 8.49618
58 308 8.49618
63 308 8.15661
69 308 8.32293
122 308 8.15661
32 309 7.9968
111 309 8.15661
112 309 8.15661
130 309 8.32293
131 309 8.32293
147 309 8.15661
159 309 8.32293
193 309 8.67679
455 309 8.67679
456 309 8.67679
457 309 8.67679
458 309 8.49618
463 309 8.15661
464 309 8.15661
32 310 7.9968
33 310 7.9968
36 310 8.49618
108 310 8.15661
148 310 8.15661
154 310 7.9968
155 310 7.9968
159 310 8.32293
160 310 8.32293
464 310 8.15661
38 311 8.49618
59 311 8.15661
64 311 7.9968
86 311 7.9968
201 311 8.86525
13 312 7.9968
65 312 7.9968
87 312 7.9968
96 312 7.84314
637 312 8.67679
11 313 7.9968
26 313 7.84314
87 313 7.9968
96 313 7.84314
97 313 7.84314
11 314 7.9968
12 314 7.9968
93 314 7.84314
94 314 7.84314
113 315 7.69527
185 315 8.15661
120 316 7.55287
185 316 8.15661
121 317 7.55287
127 317 7.55287
128 317 7.55287
48 318 7.55287
117 318 7.55287
118 318 7.55287
119 319 7.55287
32 320 7.41565
45 320 7.55287
46 320 7.55287
86 320 7.28332
69 321 7.28332
135 321 7.28332
136 321 7.28332
33 322 7.41565
62 322 7.28332
69 322 7.28332
34 323 7.41565
62 323 7.28332
63 323 7.28332
22 325 7.03235
26 325 7.03235
45 325 7.03235
46 325 7.03235
159 325 7.28332
4 326 7.03235
19 326 6.91324
22 326 7.03235
23 326 7.03235
24 326 7.03235
43 326 6.91324
44 326 7.03235
168 326 7.41565
4 327 7.03235
5 327 7.03235
24 327 7.03235
64 327 6.91324
65 327 6.91324
66 327 6.91324
77 327 6.68673
123 327 6.7981
168 327 7.41565
4 328 7.03235
5 328 7.03235
77 328 6.68673
78 328 6.68673
105 328 6.68673
121 328 6.7981
10 329 6.91324
48 329 6.7981
49 329 6.7981
83 329 6.57895
106 329 6.68673
107 329 6.68673
121 329 6.7981
49 330 6.7981
50 330 6.7981
66 330 6.68673
67 330 6.68673
94 330 6.47459
107 330 6.68673
5 331 6.7981
6 331 6.7981
64 331 6.68673
83 331 6.47459
84 331 6.47459
5 332 6.7981
6 332 6.7981
44 332 6.57895
49 332 6.47459
84 332 6.47459
85 332 6.47459
88 332 6.37349
122 332 6.68673
6 333 6.7981
45 333 6.57895
46 333 6.57895
47 333 6.47459
48 333 6.47459
64 333 6.47459
65 333 6.47459
79 333 6.37349
88 333 6.37349
89 333 6.37349
95 333 6.37349
160 333 6.91324
45 334 6.57895
46 334 6.57895
48 334 6.47459
49 334 6.47459
65 334 6.47459
66 334 6.47459
76 334 6.47459
79 334 6.37349
96 334 6.37349
97 334 6.37349
142 334 6.57895
44 335 6.57895
45 335 6.57895
54 335 6.37349
55 335 6.37349
60 335 6.27549
76 335 6.47459
77 335 6.37349
98 335 6.37349
111 335 6.57895
44 336 6.57895
45 336 6.57895
54 336 6.37349
55 336 6.37349
56 336 6.37349
60 336 6.27549
61 336 6.27549
139 336 6.57895
56 337 6.37349
141 337 6.57895
78 338 6.08828
110 338 6.37349
75 339 6.08828
150 339 6.47459
151 339 6.47459
76 340 6.18047
77 340 6.18047
127 340 6.37349
48 341 6.27549
31 342 5.91191
98 342 6.18047
31 343 5.91191
73 343 6.08828
32 344 5.91191
51 344 5.91191
52 344 5.91191
143 344 6.27549
144 344 6.27549
24 345 5.91191
25 345 5.91191
32 345 5.91191
52 345 5.91191
24 346 5.91191
25 346 5.91191
27 346 5.91191
71 346 5.74548
92 346 5.9988
93 346 5.9988
107 346 5.9988
28 347 5.91191
29 347 5.91191
39 347 6.37349
44 347 5.74548
108 347 5.9988
28 348 5.91191
29 348 5.91191
38 348 6.37349
39 348 6.37349
42 348 5.74548
43 348 5.74548
44 348 5.74548
79 348 5.91191
21 349 5.66572
28 349 5.82751
43 349 5.74548
45 349 5.74548
80 349 5.91191
398 349 6.18047
33 350 5.66572
34 350 5.66572
54 350 5.66572
55 350 5.66572
124 350 5.82751
125 350 5.82751
34 351 5.66572
35 351 5.66572
45 351 5.66572
55 351 5.66572
56 351 5.66572
130 351 5.82751
32 352 5.66572
90 352 5.58815
131 352 5.82751
33 353 5.66572
41 353 5.58815
86 353 5.66572
87 353 5.58815
116 353 5.66572
117 353 5.66572
124 353 5.74548
132 353 5.82751
41 354 5.58815
87 354 5.58815
88 354 5.66572
89 354 5.58815
116 354 5.66572
117 354 5.66572
118 354 5.66572
143 354 6.18047
41 355 5.58815
42 355 5.58815
101 355 5.58815
102 355 5.58815
24 356 5.43922
102 356 5.58815
24 357 5.29801
97 357 5.58815
525 357 6.08828
526 357 5.9988
527 357 5.91191
537 357 5.82751
538 357 5.74548
539 357 5.74548
612 357 5.82751
613 357 5.82751
614 357 5.82751
99 358 5.58815
123 358 5.66572
124 358 5.66572
125 358 5.66572
133 358 5.91191
526 358 5.9988
527 358 5.91191
528 358 5.91191
529 358 5.91191
530 358 5.82751
531 358 5.66572
532 358 5.66572
537 358 5.74548
538 358 5.74548
539 358 5.74548
540 358 5.66572
616 358 5.66572
617 358 5.66572
618 358 5.66572
619 358 5.66572
620 358 5.66572
621 358 5.66572
622 358 5.66572
22 359 5.29801
82 359 5.43922
83 359 5.43922
528 359 5.91191
529 359 5.91191
530 359 5.82751
531 359 5.66572
532 359 5.66572
533 359 5.58815
534 359 5.58815
535 359 5.58815
536 359 5.66572
538 359 5.74548
539 359 5.74548
540 359 5.66572
541 359 5.43922
542 359 5.29801
622 359 5.66572
623 359 5.66572
624 359 5.58815
625 359 5.58815
626 359 5.58815
627 359 5.66572
628 359 5.74548
629 359 5.74548
30 360 5.36769
83 360 5.43922
84 360 5.43922
87 360 5.43922
532 360 5.66572
533 360 5.58815
534 360 5.58815
535 360 5.58815
541 360 5.43922
542 360 5.29801
543 360 5.23013
631 360 5.66572
632 360 5.58815
633 360 5.58815
634 360 5.58815
637 360 5.66572
26 361 5.23013
60 361 5.29801
131 361 5.74548
543 361 5.23013
544 361 5.16396
620 361 5.74548
621 361 5.66572
622 361 5.58815
637 361 5.66572
26 362 5.23013
27 362 5.23013
39 362 5.09944
131 362 5.74548
623 362 5.58815
624 362 5.58815
625 362 5.58815
17 363 5.23013
27 363 5.23013
39 363 5.09944
40 363 5.09944
54 363 5.29801
58 363 5.29801
64 363 5.23013
89 363 5.58815
113 363 5.36769
626 363 5.58815
627 363 5.66572
628 363 5.66572
629 363 5.66572
17 364 5.23013
18 364 5.23013
40 364 5.09944
64 364 5.23013
72 364 5.29801
76 364 5.29801
88 364 5.36769
92 364 5.23013
113 364 5.36769
114 364 5.36769
134 364 5.74548
629 364 5.66572
630 364 5.58815
631 364 5.66572
632 364 5.66572
65 365 5.23013
86 365 5.36769
87 365 5.36769
88 365 5.29801
96 365 5.29801
135 365 5.74548
633 365 5.66572
634 365 5.66572
53 366 5.09944
74 366 5.29801
86 366 5.36769
87 366 5.29801
88 366 5.29801
89 366 5.29801
90 366 5.23013
634 366 5.66572
635 366 5.58815
636 366 5.58815
637 366 5.51268
53 367 5.09944
54 367 5.09944
89 367 5.23013
637 367 5.51268
47 368 5.03651
133 368 5.43922
47 369 5.03651
48 369 5.03651
134 369 5.43922
135 369 5.43922
136 369 5.43922
48 370 5.03651
49 370 5.03651
130 370 5.43922
47 371 4.97512
129 371 5.43922
130 371 5.43922
131 371 5.43922
132 371 5.43922
133 371 5.43922
134 371 5.43922
135 371 5.43922
131 372 5.43922
132 372 5.43922
133 372 5.43922
18 375 4.79962
19 375 4.79962
43 375 4.85673
44 375 4.85673
62 375 5.03651
63 375 5.03651
41 376 4.85673
41 377 4.85673
42 377 4.85673
396 378 5.16396
93 379 4.91521
404 381 5.09944
405 381 5.09944
355 383 5.03651
66 384 4.74383
87 384 4.74383
103 387 5.03651
404 387 4.91521
405 387 4.85673
407 387 4.85673
104 388 5.03651
4 389 4.584
3 390 4.584
94 390 4.85673
152 390 5.29801
3 391 4.584
151 391 5.29801
152 391 5.23013
157 391 4.79962
399 391 4.85673
52 392 4.4833
151 392 5.23013
400 392 4.85673
154 393 4.79962
155 393 4.79962
156 393 4.79962
550 393 4.74383
551 393 4.74383
552 393 4.74383
149 394 4.79962
150 394 4.79962
155 394 4.79962
401 394 4.97512
404 394 4.68933
551 394 4.74383
552 394 4.74383
52 395 4.38693
405 395 4.68933
406 395 4.68933
47 396 4.38693
52 396 4.38693
53 396 4.38693
69 396 4.43459
48 397 4.38693
53 397 4.38693
407 398 4.584
395 403 4.4833
396 403 4.4833
397 403 4.4833
302 404 4.53309
397 404 4.4833
303 405 4.53309
465 405 4.43459
57 406 4.24989
395 406 4.38693
46 407 4.1632
47 407 4.1632
58 407 4.24989
397 407 4.38693
36 408 4.1632
46 408 4.1632
47 408 4.1632
48 408 4.12116
49 408 4.12116
399 408 4.38693
47 409 4.12116
48 409 4.12116
49 409 4.12116
50 409 4.12116
42 410 4.03959
43 410 4.03959
44 410 4.12116
49 410 4.12116
50 410 4.12116
403 410 4.38693
28 411 4.07997
29 411 4.07997
30 411 4.07997
32 411 4.07997
33 411 4.07997
34 411 4.07997
35 411 4.07997
38 411 4.03959
41 411 4.03959
42 411 4.03959
43 411 4.03959
44 411 4.03959
45 411 4.03959
404 411 4.38693
49 414 4.12116
300 414 4.24989
404 415 4.24989
405 415 4.24989
405 416 4.24989
406 416 4.24989
39 417 4.03959
50 418 4.07997
397 418 4.1632
398 418 4.1632
399 418 4.12116
398 419 4.1632
401 419 4.12116
51 420 4.07997
51 421 4.07997
538 421 4.12116
539 421 4.12116
540 421 4.12116
51 422 4.07997
51 423 4.07997
397 423 4.03959
398 423 4.03959
625 423 4.03959
51 424 4.07997
291 424 4.03959
297 424 4.07997
298 424 4.07997
303 424 4.03959
304 424 4.03959
393 424 4.07997
394 424 4.03959
395 424 4.07997
396 424 4.03959
400 424 4.03959
366 425 4.07997
367 425 4.07997
394 425 4.03959
404 425 4.03959
405 425 4.03959
376 426 4.03959
404 426 4.03959
405 426 4.03959
460 426 4.03959
269 427 4.03959
460 427 4.03959
46 428 4.12116
269 428 4.03959
270 428 4.03959
271 428 4.03959
46 429 4.07997
44 430 4.07997
46 430 4.07997
395 430 4.12116
44 431 4.07997
396 431 4.12116
