201 3 11.0193
563 3 21.4362
201 4 11.0193
590 4 40.6504
201 5 11.0193
533 5 22.6244
534 5 22.6244
535 5 22.6244
567 5 21.4362
568 5 21.4362
590 5 40.6504
201 6 11.0193
529 6 22.6244
530 6 25.4453
533 6 22.6244
534 6 22.6244
535 6 22.6244
590 6 40.6504
591 6 40.6504
201 7 11.0193
526 7 22.6244
527 7 22.6244
532 7 22.6244
533 7 22.6244
534 7 22.6244
535 7 22.6244
590 7 40.6504
201 8 11.0193
531 8 22.6244
558 8 21.4362
559 8 21.4362
560 8 21.4362
562 8 20.3666
611 8 36.9686
612 8 36.9686
201 9 11.0193
557 9 21.4362
558 9 21.4362
561 9 20.3666
566 9 21.4362
567 9 21.4362
591 9 40.6504
632 9 12.7389
201 10 11.0193
528 10 21.4362
529 10 22.6244
530 10 22.6244
556 10 22.6244
557 10 21.4362
566 10 21.4362
567 10 21.4362
631 10 13.1492
632 10 13.1492
637 10 11.325
201 11 11.0193
519 11 21.4362
528 11 21.4362
529 11 21.4362
530 11 21.4362
558 11 21.4362
566 11 21.4362
567 11 21.4362
631 11 13.1492
632 11 13.1492
201 12 11.0193
518 12 21.4362
519 12 21.4362
529 12 21.4362
562 12 21.4362
563 12 21.4362
566 12 20.3666
567 12 20.3666
631 12 13.1492
201 13 11.0193
520 13 21.4362
561 13 21.4362
562 13 21.4362
563 13 21.4362
593 13 40.6504
632 13 13.1492
633 13 13.1492
196 14 11.325
201 14 11.0193
519 14 21.4362
520 14 21.4362
560 14 21.4362
567 14 21.4362
591 14 40.6504
592 14 40.6504
604 14 36.9686
632 14 13.1492
201 15 11.0193
521 15 21.4362
530 15 22.6244
558 15 23.9521
559 15 22.6244
561 15 21.4362
565 15 20.3666
566 15 20.3666
567 15 20.3666
590 15 40.6504
591 15 40.6504
633 15 13.1492
634 15 13.1492
201 16 11.0193
522 16 21.4362
529 16 22.6244
530 16 22.6244
633 16 13.1492
634 16 13.1492
196 17 11.325
201 17 11.0193
521 17 21.4362
522 17 21.4362
527 17 22.6244
529 17 22.6244
530 17 22.6244
531 17 22.6244
566 17 21.4362
634 17 13.1492
636 17 12.7389
637 17 12.3533
201 18 11.0193
529 18 22.6244
530 18 22.6244
565 18 20.3666
566 18 20.3666
602 18 36.9686
633 18 13.1492
635 18 13.1492
196 19 11.325
201 19 11.0193
562 19 21.4362
634 19 13.1492
201 20 11.0193
202 20 11.0193
521 20 22.6244
523 20 21.4362
565 20 21.4362
201 21 11.0193
522 21 21.4362
523 21 21.4362
563 21 21.4362
564 21 21.4362
636 21 12.7389
196 22 11.0193
201 22 11.0193
202 22 11.0193
524 22 21.4362
554 22 21.4362
635 22 13.1492
636 22 12.7389
196 23 11.0193
201 23 11.0193
202 23 11.0193
523 23 21.4362
524 23 21.4362
553 23 21.4362
554 23 21.4362
563 23 21.4362
631 23 14.0548
632 23 14.0548
636 23 12.7389
196 24 11.0193
201 24 11.0193
202 24 11.0193
544 24 22.6244
545 24 22.6244
585 24 36.9686
634 24 13.1492
201 25 11.0193
202 25 11.0193
535 25 15.0943
544 25 22.6244
567 25 20.3666
584 25 36.9686
585 25 36.9686
196 26 11.325
201 26 11.0193
202 26 11.0193
487 26 31.2989
524 26 22.6244
525 26 22.6244
534 26 15.674
542 26 22.6244
562 26 20.3666
634 26 13.587
196 27 11.325
201 27 11.0193
202 27 11.0193
525 27 22.6244
533 27 15.674
563 27 20.3666
583 27 40.6504
584 27 40.6504
633 27 13.587
634 27 13.587
196 28 11.325
201 28 11.0193
202 28 11.0193
480 28 31.2989
524 28 22.6244
525 28 22.6244
532 28 16.2999
562 28 20.3666
563 28 20.3666
565 28 20.3666
583 28 40.6504
612 28 33.8983
632 28 13.587
633 28 13.587
634 28 13.587
201 29 11.0193
202 29 11.0193
480 29 31.2989
531 29 16.9779
564 29 20.3666
196 30 11.0193
201 30 11.0193
202 30 11.0193
523 30 22.6244
530 30 16.9779
549 30 22.6244
560 30 21.4362
583 30 40.6504
196 31 11.0193
201 31 11.0193
202 31 11.0193
473 31 31.2989
523 31 21.4362
524 31 21.4362
525 31 21.4362
526 31 21.4362
582 31 40.6504
196 32 11.0193
201 32 11.0193
202 32 11.0193
476 32 31.2989
523 32 21.4362
524 32 21.4362
525 32 21.4362
196 33 11.0193
201 33 11.0193
202 33 11.0193
476 33 31.2989
562 33 21.4362
637 33 13.587
196 34 11.325
201 34 11.0193
202 34 11.0193
582 34 40.6504
635 34 13.587
636 34 13.587
637 34 13.587
196 35 11.325
201 35 11.0193
202 35 11.0193
526 35 21.4362
554 35 21.4362
582 35 40.6504
628 35 13.587
629 35 13.587
196 36 11.325
198 36 11.325
201 36 11.0193
202 36 11.0193
525 36 21.4362
526 36 21.4362
527 36 21.4362
552 36 21.4362
553 36 21.4362
558 36 21.4362
560 36 21.4362
561 36 21.4362
582 36 40.6504
583 36 40.6504
628 36 13.587
196 37 11.0193
201 37 11.0193
202 37 11.0193
524 37 22.6244
527 37 21.4362
551 37 40.6504
557 37 21.4362
558 37 21.4362
559 37 21.4362
567 37 21.4362
568 37 21.4362
569 37 21.4362
582 37 40.6504
583 37 40.6504
628 37 13.587
635 37 13.587
636 37 13.587
196 38 11.0193
201 38 11.0193
202 38 11.0193
525 38 22.6244
526 38 21.4362
527 38 21.4362
550 38 45.1467
557 38 21.4362
559 38 21.4362
582 38 40.6504
627 38 13.587
628 38 13.587
630 38 13.587
635 38 13.587
636 38 13.587
196 39 11.0193
201 39 11.0193
202 39 11.0193
528 39 21.4362
529 39 21.4362
548 39 45.1467
629 39 13.587
630 39 13.587
634 39 13.587
196 40 11.0193
198 40 11.0193
201 40 11.0193
202 40 11.0193
474 40 31.2989
479 40 31.2989
528 40 21.4362
547 40 50.7614
583 40 40.6504
629 40 13.587
630 40 13.587
201 41 11.0193
202 41 11.0193
479 41 31.2989
528 41 21.4362
529 41 21.4362
560 41 21.4362
568 41 20.3666
569 41 20.3666
584 41 40.6504
629 41 13.587
630 41 13.587
196 42 12.7389
201 42 11.0193
202 42 11.0193
527 42 22.6244
528 42 22.6244
529 42 22.6244
583 42 40.6504
584 42 40.6504
628 42 13.587
629 42 13.587
630 42 13.587
631 42 13.587
196 43 12.7389
198 43 12.7389
201 43 11.0193
202 43 11.0193
529 43 22.6244
568 43 20.3666
584 43 40.6504
585 43 40.6504
627 43 14.0548
198 44 12.7389
202 44 11.0193
528 44 22.6244
529 44 22.6244
530 44 22.6244
586 44 40.6504
196 45 12.7389
198 45 12.7389
202 45 11.0193
472 45 31.2989
528 45 22.6244
529 45 22.6244
562 45 21.4362
586 45 40.6504
587 45 40.6504
631 45 13.587
202 46 11.0193
478 46 25.4453
491 46 31.2989
562 46 21.4362
566 46 21.4362
567 46 21.4362
587 46 45.1467
588 46 45.1467
631 46 13.587
632 46 13.1492
198 47 11.0193
202 47 11.0193
477 47 25.4453
524 47 21.4362
567 47 21.4362
568 47 21.4362
632 47 13.1492
634 47 13.1492
143 48 36.9686
196 48 11.0193
202 48 11.0193
473 48 31.2989
529 48 18.5185
567 48 21.4362
568 48 21.4362
589 48 45.1467
592 48 40.6504
155 49 36.9686
196 49 11.0193
202 49 11.0193
524 49 21.4362
525 49 21.4362
590 49 40.6504
591 49 40.6504
592 49 40.6504
635 49 13.1492
202 50 11.0193
474 50 31.2989
634 50 13.1492
635 50 13.1492
139 51 36.9686
196 51 11.0193
198 51 11.0193
202 51 11.0193
473 51 31.2989
525 51 21.4362
566 51 21.4362
567 51 21.4362
592 51 40.6504
593 51 40.6504
202 52 11.0193
525 52 21.4362
526 52 21.4362
567 52 21.4362
568 52 21.4362
592 52 40.6504
631 52 13.587
202 53 11.0193
473 53 31.2989
474 53 31.2989
525 53 21.4362
526 53 21.4362
566 53 21.4362
567 53 21.4362
568 53 21.4362
592 53 40.6504
196 54 11.0193
202 54 11.0193
488 54 31.2989
592 54 40.6504
149 55 36.9686
150 55 36.9686
202 55 11.0193
527 55 21.4362
135 56 36.9686
136 56 36.9686
202 56 11.0193
565 56 21.4362
566 56 21.4362
567 56 21.4362
637 56 13.587
202 57 11.0193
524 57 21.4362
527 57 21.4362
529 57 21.4362
565 57 21.4362
566 57 21.4362
591 57 40.6504
592 57 40.6504
202 58 11.0193
476 58 31.2989
489 58 29.0698
524 58 21.4362
528 58 22.6244
529 58 22.6244
532 58 18.5185
591 58 40.6504
202 59 11.0193
476 59 31.2989
488 59 29.0698
489 59 29.0698
202 60 11.0193
203 60 11.0193
471 60 31.2989
564 60 21.4362
202 61 11.0193
203 61 11.0193
470 61 31.2989
471 61 31.2989
472 61 31.2989
527 61 22.6244
564 61 21.4362
592 61 40.6504
198 62 13.1492
202 62 11.0193
531 62 20.3666
564 62 21.4362
202 63 11.0193
203 63 11.0193
472 63 31.2989
527 63 22.6244
528 63 22.6244
531 63 20.3666
617 63 33.8983
202 64 11.0193
563 64 21.4362
593 64 36.9686
616 64 33.8983
635 64 13.587
637 64 13.1492
198 65 13.1492
202 65 11.0193
203 65 11.0193
465 65 101.01
484 65 31.2989
562 65 23.9521
566 65 21.4362
567 65 21.4362
636 65 13.1492
202 66 11.0193
203 66 11.0193
566 66 21.4362
567 66 21.4362
593 66 36.9686
202 67 11.0193
203 67 11.0193
474 67 33.8983
527 67 22.6244
592 67 40.6504
593 67 40.6504
637 67 13.587
202 68 11.0193
203 68 11.0193
490 68 31.2989
592 68 40.6504
637 68 13.587
202 69 11.0193
203 69 11.0193
490 69 31.2989
531 69 17.7148
565 69 21.4362
566 69 21.4362
202 70 11.0193
203 70 11.0193
470 70 31.2989
524 70 21.4362
525 70 21.4362
526 70 21.4362
603 70 36.9686
604 70 36.9686
202 71 11.0193
203 71 11.0193
525 71 21.4362
526 71 21.4362
603 71 36.9686
604 71 36.9686
626 71 33.8983
627 71 33.8983
146 72 36.9686
202 72 11.0193
203 72 11.0193
524 72 21.4362
525 72 21.4362
564 72 21.4362
565 72 21.4362
202 73 11.0193
203 73 11.0193
472 73 31.2989
525 73 21.4362
526 73 21.4362
532 73 17.7148
564 73 21.4362
565 73 21.4362
637 73 14.0548
202 74 11.0193
203 74 11.0193
477 74 31.2989
526 74 21.4362
527 74 21.4362
586 74 40.6504
202 75 11.0193
203 75 11.0193
525 75 21.4362
526 75 21.4362
527 75 21.4362
564 75 21.4362
565 75 21.4362
585 75 40.6504
586 75 40.6504
202 76 11.0193
203 76 11.0193
527 76 21.4362
564 76 21.4362
565 76 21.4362
585 76 40.6504
202 77 11.0193
203 77 11.0193
475 77 31.2989
526 77 21.4362
585 77 40.6504
202 78 11.0193
203 78 11.0193
584 78 40.6504
202 79 11.0193
203 79 11.0193
202 80 11.0193
203 80 11.0193
562 80 21.4362
563 80 21.4362
584 80 40.6504
203 81 11.0193
524 81 21.4362
525 81 21.4362
526 81 21.4362
562 81 21.4362
563 81 21.4362
583 81 40.6504
203 82 11.0193
562 82 21.4362
583 82 40.6504
584 82 40.6504
203 83 11.0193
567 83 20.3666
583 83 40.6504
203 84 11.0193
478 84 33.8983
481 84 25.4453
567 84 20.3666
583 84 40.6504
203 85 11.0193
477 85 33.8983
478 85 33.8983
481 85 25.4453
530 85 17.7148
562 85 21.4362
563 85 21.4362
584 85 40.6504
477 86 33.8983
563 86 21.4362
584 86 40.6504
525 87 22.6244
526 87 22.6244
525 88 22.6244
526 88 22.6244
490 89 31.2989
525 89 22.6244
562 89 21.4362
567 89 21.4362
568 89 21.4362
586 89 45.1467
588 90 45.1467
38 92 36.9686
566 92 21.4362
567 92 21.4362
58 93 36.9686
470 93 31.2989
567 93 21.4362
154 94 36.9686
154 95 36.9686
203 95 11.0193
562 95 20.3666
566 95 21.4362
203 96 11.0193
558 96 22.6244
559 96 22.6244
560 96 21.4362
561 96 20.3666
566 96 21.4362
62 97 36.9686
153 97 40.6504
203 97 11.0193
487 97 31.2989
544 97 22.6244
545 97 22.6244
557 97 23.9521
558 97 22.6244
79 98 40.6504
153 98 40.6504
203 98 11.0193
53 99 36.9686
203 99 11.0193
466 99 31.2989
467 99 31.2989
560 99 23.9521
44 100 36.9686
52 100 36.9686
53 100 36.9686
77 100 40.6504
203 100 11.0193
514 100 40.6504
522 100 22.6244
36 101 36.9686
203 101 11.0193
567 101 20.3666
594 101 36.9686
81 102 36.9686
203 102 11.0193
49 103 36.9686
80 103 36.9686
151 103 36.9686
197 103 11.325
203 103 11.0193
73 104 40.6504
203 104 11.0193
465 104 29.0698
519 104 22.6244
531 104 21.4362
621 104 33.8983
622 104 33.8983
73 105 40.6504
157 105 40.6504
203 105 11.0193
525 105 21.4362
526 105 21.4362
203 106 11.0193
508 106 50.7614
524 106 21.4362
525 106 21.4362
621 106 33.8983
622 106 33.8983
93 107 36.9686
155 107 40.6504
203 107 11.0193
464 107 31.2989
465 107 31.2989
468 107 25.4453
29 108 36.9686
39 108 33.8983
92 108 36.9686
203 108 11.0193
465 108 31.2989
29 109 36.9686
203 109 11.0193
489 109 31.2989
522 109 22.6244
523 109 22.6244
43 110 36.9686
44 110 36.9686
203 110 11.0193
343 110 57.971
609 110 33.8983
203 111 11.0193
409 111 57.971
513 111 45.1467
514 111 45.1467
524 111 22.6244
569 111 50.7614
570 111 50.7614
571 111 50.7614
608 111 33.8983
609 111 33.8983
631 111 33.8983
136 112 36.9686
203 112 11.0193
491 112 31.2989
528 112 21.4362
529 112 21.4362
630 112 33.8983
631 112 33.8983
40 113 36.9686
41 113 36.9686
68 113 36.9686
155 113 40.6504
203 113 11.0193
435 113 45.1467
491 113 31.2989
526 113 22.6244
529 113 21.4362
570 113 50.7614
629 113 33.8983
630 113 33.8983
631 113 33.8983
203 114 11.0193
491 114 31.2989
528 114 21.4362
529 114 21.4362
530 114 21.4362
86 115 36.9686
203 115 11.0193
517 115 36.9686
203 116 11.0193
204 116 11.0193
514 116 45.1467
627 116 33.8983
628 116 33.8983
203 117 11.0193
466 117 31.2989
540 117 21.4362
541 117 21.4362
617 117 33.8983
618 117 33.8983
43 118 36.9686
44 118 36.9686
203 118 11.0193
204 118 11.0193
544 118 21.4362
617 118 33.8983
618 118 33.8983
627 118 33.8983
21 119 36.9686
44 119 36.9686
203 119 11.0193
204 119 11.0193
490 119 31.2989
505 119 50.7614
506 119 50.7614
593 119 40.6504
594 119 40.6504
616 119 33.8983
617 119 33.8983
21 120 36.9686
204 120 11.0193
490 120 31.2989
505 120 50.7614
593 120 40.6504
49 121 33.8983
203 121 11.0193
204 121 11.0193
627 121 33.8983
64 122 36.9686
95 122 36.9686
203 122 11.0193
204 122 11.0193
347 122 57.971
494 122 31.2989
495 122 31.2989
627 122 33.8983
29 123 33.8983
33 123 36.9686
71 123 33.8983
85 123 36.9686
204 123 11.0193
604 123 36.9686
21 124 36.9686
204 124 11.0193
505 124 50.7614
506 124 50.7614
605 124 36.9686
606 124 36.9686
25 125 36.9686
64 125 36.9686
82 125 36.9686
83 125 36.9686
348 125 57.971
605 125 36.9686
82 126 36.9686
134 126 36.9686
204 126 11.0193
348 126 57.971
465 126 33.8983
466 126 33.8983
470 126 25.4453
627 126 33.8983
82 127 36.9686
204 127 11.0193
348 127 57.971
466 127 33.8983
511 127 50.7614
12 128 33.8983
63 128 33.8983
96 128 36.9686
204 128 11.0193
12 129 33.8983
23 129 40.6504
24 129 40.6504
63 129 33.8983
197 129 11.0193
353 129 33.8983
636 129 31.2989
63 130 33.8983
197 130 11.0193
467 130 31.2989
468 130 31.2989
469 130 31.2989
514 130 45.1467
515 130 45.1467
533 130 21.4362
636 130 31.2989
18 131 33.8983
51 131 36.9686
197 131 11.0193
469 131 31.2989
636 131 31.2989
468 132 31.2989
469 132 31.2989
470 132 31.2989
615 132 33.8983
80 133 40.6504
615 133 33.8983
34 134 36.9686
71 134 36.9686
197 134 10.7296
552 134 21.4362
16 135 33.8983
197 135 10.7296
552 135 21.4362
615 135 33.8983
19 136 33.8983
197 136 10.7296
615 136 33.8983
28 137 33.8983
45 137 33.8983
197 137 10.7296
615 137 33.8983
45 138 33.8983
197 138 10.7296
595 138 36.9686
615 138 33.8983
22 139 33.8983
67 139 36.9686
197 139 10.7296
460 139 67.5676
594 139 36.9686
595 139 36.9686
22 140 36.9686
66 140 36.9686
92 140 40.6504
197 140 11.0193
547 140 21.4362
617 140 33.8983
22 141 36.9686
197 141 11.0193
22 142 36.9686
197 142 11.0193
22 143 36.9686
50 143 36.9686
197 143 10.7296
197 144 10.7296
66 145 36.9686
197 145 10.7296
197 146 11.0193
33 147 33.8983
197 147 11.0193
395 147 67.5676
197 148 11.0193
581 148 50.7614
24 149 36.9686
197 149 11.0193
24 150 36.9686
39 150 33.8983
197 150 11.0193
353 150 67.5676
354 150 67.5676
197 151 11.0193
25 152 36.9686
65 152 36.9686
66 152 36.9686
197 152 11.0193
474 152 33.8983
475 152 33.8983
25 153 36.9686
65 153 36.9686
197 153 11.0193
197 154 11.0193
354 154 67.5676
478 154 33.8983
571 154 50.7614
25 155 36.9686
197 155 11.0193
508 155 50.7614
569 155 50.7614
25 156 36.9686
197 156 11.0193
480 156 33.8983
25 157 36.9686
26 157 36.9686
60 157 36.9686
197 157 11.0193
354 157 67.5676
479 157 31.2989
480 157 31.2989
637 157 31.2989
26 158 36.9686
43 158 40.6504
60 158 36.9686
197 158 11.0193
281 158 134.228
354 158 67.5676
636 158 31.2989
637 158 31.2989
26 159 36.9686
60 159 36.9686
197 159 11.0193
281 159 134.228
637 159 31.2989
26 160 36.9686
69 160 36.9686
197 160 11.0193
281 160 134.228
366 160 57.971
545 160 21.4362
632 160 31.2989
637 160 31.2989
26 161 36.9686
197 161 11.0193
569 161 50.7614
623 161 33.8983
631 161 31.2989
632 161 31.2989
27 162 36.9686
80 162 36.9686
197 162 11.0193
623 162 33.8983
631 162 31.2989
632 162 31.2989
22 163 33.8983
80 163 36.9686
197 163 11.0193
482 163 31.2989
483 163 31.2989
618 163 33.8983
22 164 33.8983
27 164 36.9686
40 164 36.9686
52 164 36.9686
197 164 11.0193
610 164 33.8983
618 164 33.8983
77 165 40.6504
197 165 11.0193
390 165 67.5676
618 165 33.8983
619 165 33.8983
59 166 36.9686
197 166 11.0193
425 166 200
618 166 33.8983
28 167 36.9686
68 167 40.6504
197 167 11.0193
198 167 11.0193
428 167 80.9717
28 168 36.9686
63 168 36.9686
67 168 40.6504
197 168 11.0193
28 169 36.9686
63 169 36.9686
197 169 11.0193
594 169 36.9686
595 169 36.9686
598 169 36.9686
28 170 36.9686
197 170 11.0193
595 170 36.9686
598 170 36.9686
631 170 33.8983
632 170 33.8983
633 170 33.8983
634 170 31.2989
28 171 36.9686
197 171 11.0193
598 171 36.9686
28 172 36.9686
58 172 36.9686
197 172 11.0193
625 172 33.8983
197 173 11.0193
198 173 11.0193
618 173 33.8983
619 173 33.8983
620 173 33.8983
629 173 33.8983
630 173 33.8983
69 174 36.9686
195 174 11.0193
481 174 31.2989
577 174 50.7614
618 174 33.8983
69 175 36.9686
193 175 10.7296
629 175 33.8983
192 176 10.7296
606 176 36.9686
607 176 36.9686
629 176 33.8983
58 177 36.9686
191 177 10.7296
192 177 10.7296
606 177 36.9686
607 177 36.9686
616 177 33.8983
629 177 33.8983
58 178 36.9686
191 178 10.7296
192 178 10.7296
606 178 36.9686
607 178 36.9686
616 178 33.8983
629 178 33.8983
630 178 33.8983
191 179 10.7296
629 179 33.8983
630 179 33.8983
191 180 10.7296
616 180 33.8983
53 181 36.9686
191 181 10.7296
616 181 33.8983
53 182 36.9686
57 182 36.9686
190 182 10.7296
191 182 10.7296
444 182 57.971
616 182 33.8983
9 183 31.2989
20 183 31.2989
32 183 33.8983
53 183 36.9686
190 183 10.4548
191 183 10.4548
630 183 31.2989
14 184 31.2989
20 184 31.2989
32 184 33.8983
190 184 10.4548
191 184 10.4548
629 184 31.2989
630 184 31.2989
14 185 31.2989
20 185 31.2989
30 185 33.8983
32 185 33.8983
64 185 40.6504
190 185 10.4548
191 185 10.4548
382 185 80.9717
383 185 80.9717
388 185 40.6504
14 186 31.2989
20 186 31.2989
32 186 33.8983
190 186 10.4548
191 186 10.4548
382 186 80.9717
383 186 80.9717
387 186 40.6504
616 186 33.8983
629 186 33.8983
630 186 33.8983
20 187 31.2989
32 187 33.8983
190 187 10.4548
191 187 10.4548
382 187 80.9717
383 187 80.9717
616 187 33.8983
629 187 33.8983
630 187 33.8983
6 188 31.2989
16 188 31.2989
30 188 33.8983
32 188 33.8983
37 188 33.8983
74 188 36.9686
190 188 10.4548
382 188 80.9717
383 188 80.9717
440 188 67.5676
441 188 67.5676
442 188 57.971
443 188 57.971
444 188 50.7614
445 188 50.7614
629 188 33.8983
630 188 33.8983
6 189 31.2989
16 189 31.2989
37 189 33.8983
74 189 36.9686
438 189 134.228
439 189 80.9717
440 189 67.5676
441 189 67.5676
442 189 57.971
443 189 57.971
519 189 57.971
629 189 33.8983
16 190 31.2989
17 190 31.2989
37 190 33.8983
73 190 36.9686
74 190 36.9686
441 190 67.5676
442 190 57.971
443 190 57.971
445 190 50.7614
16 191 31.2989
37 191 33.8983
50 191 36.9686
74 191 36.9686
200 191 10.7296
16 192 31.2989
37 192 33.8983
50 192 36.9686
547 192 21.4362
548 192 21.4362
17 193 31.2989
50 193 36.9686
206 193 11.0193
401 193 200
450 193 80.9717
451 193 80.9717
452 193 80.9717
453 193 67.5676
546 193 21.4362
547 193 21.4362
548 193 21.4362
16 194 31.2989
17 194 31.2989
38 194 33.8983
50 194 36.9686
74 194 36.9686
191 194 10.7296
206 194 11.0193
418 194 101.01
444 194 67.5676
449 194 101.01
450 194 80.9717
451 194 80.9717
452 194 80.9717
453 194 67.5676
547 194 21.4362
16 195 31.2989
17 195 31.2989
191 195 10.7296
206 195 11.0193
442 195 80.9717
443 195 67.5676
444 195 67.5676
445 195 67.5676
16 196 31.2989
38 196 33.8983
206 196 11.0193
16 197 31.2989
17 197 31.2989
38 197 33.8983
50 197 33.8983
17 198 31.2989
38 198 33.8983
50 198 33.8983
38 199 33.8983
42 199 33.8983
50 199 33.8983
69 199 36.9686
193 199 10.4548
260 199 80.9717
25 200 31.2989
32 200 33.8983
38 200 33.8983
42 200 33.8983
69 200 36.9686
294 200 134.228
493 200 25.4453
494 200 25.4453
495 200 25.4453
32 201 33.8983
42 201 33.8983
294 201 134.228
494 201 25.4453
495 201 25.4453
50 202 33.8983
495 202 25.4453
496 202 25.4453
50 203 33.8983
206 203 11.0193
294 203 134.228
465 203 25.4453
466 203 25.4453
481 203 27.137
33 204 33.8983
50 204 33.8983
198 204 10.7296
206 204 11.0193
294 204 134.228
465 204 25.4453
472 204 27.137
480 204 27.137
481 204 27.137
496 204 25.4453
6 205 31.2989
33 205 33.8983
198 205 10.7296
6 206 31.2989
86 206 40.6504
198 206 10.7296
465 206 23.9521
548 206 21.4362
549 206 21.4362
8 207 31.2989
14 207 31.2989
41 207 33.8983
198 207 10.7296
8 208 31.2989
9 208 31.2989
14 208 31.2989
19 208 31.2989
41 208 33.8983
198 208 10.7296
381 208 67.5676
425 208 40.6504
426 208 40.6504
465 208 23.9521
472 208 27.137
8 209 31.2989
9 209 31.2989
14 209 31.2989
41 209 33.8983
198 209 10.7296
381 209 67.5676
472 209 27.137
473 209 27.137
9 210 31.2989
22 210 31.2989
41 210 33.8983
75 210 36.9686
198 210 10.7296
381 210 67.5676
398 210 134.228
464 210 25.4453
472 210 27.137
33 211 33.8983
34 211 33.8983
198 211 10.7296
397 211 134.228
398 211 134.228
464 211 25.4453
471 211 27.137
472 211 27.137
495 211 25.4453
498 211 25.4453
6 212 31.2989
34 212 33.8983
41 212 33.8983
75 212 36.9686
198 212 11.0193
381 212 67.5676
425 212 36.9686
426 212 36.9686
441 212 27.137
463 212 25.4453
464 212 25.4453
495 212 25.4453
6 213 31.2989
41 213 33.8983
198 213 11.0193
6 214 31.2989
24 214 31.2989
25 214 31.2989
41 214 33.8983
198 214 11.0193
386 214 134.228
393 214 101.01
395 214 101.01
6 215 31.2989
25 215 31.2989
41 215 33.8983
198 215 11.0193
386 215 134.228
387 215 134.228
388 215 134.228
394 215 101.01
395 215 101.01
398 215 25.4453
429 215 33.8983
430 215 33.8983
6 216 31.2989
41 216 33.8983
198 216 11.0193
394 216 101.01
395 216 101.01
430 216 33.8983
522 216 17.7148
523 216 17.7148
524 216 17.7148
525 216 16.9779
41 217 33.8983
63 217 36.9686
66 217 36.9686
519 217 18.5185
520 217 18.5185
521 217 18.5185
540 217 16.2999
541 217 16.2999
542 217 16.2999
574 217 16.9779
575 217 16.2999
576 217 16.2999
577 217 15.674
578 217 15.674
6 218 31.2989
198 218 10.7296
554 218 16.9779
555 218 16.9779
576 218 16.2999
577 218 15.674
578 218 15.674
579 218 15.674
6 219 31.2989
43 219 36.9686
198 219 10.7296
459 219 27.137
460 219 27.137
6 220 31.2989
476 220 23.9521
477 220 23.9521
542 220 16.2999
543 220 15.674
544 220 15.674
545 220 15.674
571 220 16.9779
572 220 16.9779
629 220 11.325
9 221 31.2989
198 221 10.7296
543 221 15.674
544 221 15.674
545 221 15.674
569 221 17.7148
570 221 16.9779
571 221 16.9779
626 221 11.6482
627 221 11.325
6 222 31.2989
9 222 31.2989
27 222 33.8983
37 222 33.8983
50 222 33.8983
70 222 36.9686
426 222 36.9686
427 222 36.9686
544 222 15.674
545 222 15.674
6 223 31.2989
37 223 33.8983
70 223 36.9686
198 223 10.7296
460 223 25.4453
481 223 22.6244
544 223 15.674
545 223 15.674
623 223 11.6482
6 224 31.2989
37 224 33.8983
198 224 10.7296
441 224 31.2989
460 224 25.4453
544 224 15.674
545 224 15.674
6 225 31.2989
37 225 33.8983
198 225 10.7296
545 225 15.674
6 226 31.2989
414 226 40.6504
415 226 40.6504
421 226 36.9686
444 226 27.137
460 226 25.4453
543 226 15.674
544 226 15.674
545 226 15.674
546 226 15.674
571 226 17.7148
572 226 17.7148
573 226 17.7148
414 227 40.6504
421 227 36.9686
422 227 36.9686
454 227 27.137
457 227 22.6244
493 227 20.3666
519 227 16.9779
544 227 15.674
545 227 15.674
546 227 15.674
6 228 31.2989
50 228 33.8983
454 228 27.137
457 228 22.6244
493 228 20.3666
494 228 20.3666
545 228 15.674
546 228 15.674
547 228 15.0943
588 228 15.674
6 229 31.2989
457 229 22.6244
460 229 25.4453
461 229 25.4453
479 229 21.4362
493 229 20.3666
494 229 20.3666
589 229 15.674
590 229 15.0943
6 230 31.2989
428 230 36.9686
436 230 31.2989
454 230 27.137
493 230 20.3666
494 230 20.3666
587 230 15.674
588 230 15.674
589 230 15.674
590 230 15.0943
591 230 15.0943
592 230 15.0943
6 231 31.2989
9 231 31.2989
436 231 31.2989
437 231 31.2989
454 231 27.137
493 231 20.3666
494 231 20.3666
589 231 15.674
590 231 15.0943
591 231 15.0943
6 232 31.2989
435 232 31.2989
436 232 31.2989
454 232 27.137
465 232 23.9521
466 232 23.9521
494 232 20.3666
495 232 20.3666
583 232 15.674
584 232 15.674
6 233 31.2989
465 233 23.9521
466 233 23.9521
493 233 20.3666
494 233 20.3666
495 233 20.3666
500 233 19.3986
537 233 16.2999
538 233 16.2999
582 233 15.674
583 233 15.674
584 233 15.674
6 234 31.2989
9 234 31.2989
498 234 19.3986
499 234 19.3986
611 234 11.6482
612 234 11.6482
613 234 11.6482
6 235 31.2989
382 235 33.8983
443 235 29.0698
444 235 29.0698
447 235 29.0698
481 235 21.4362
482 235 21.4362
483 235 21.4362
485 235 18.5185
486 235 18.5185
497 235 19.3986
498 235 19.3986
503 235 16.2999
504 235 16.2999
537 235 16.2999
538 235 16.2999
6 236 31.2989
381 236 33.8983
442 236 29.0698
443 236 29.0698
444 236 29.0698
447 236 29.0698
448 236 29.0698
457 236 27.137
458 236 27.137
558 236 15.674
559 236 15.674
6 237 31.2989
9 237 31.2989
457 237 27.137
458 237 27.137
557 237 15.674
558 237 15.674
559 237 15.674
581 237 15.674
582 237 15.674
609 237 11.9904
610 237 11.9904
611 237 11.9904
612 237 11.9904
616 237 11.9904
617 237 11.9904
6 238 31.2989
9 238 31.2989
42 238 33.8983
504 238 17.7148
558 238 15.0943
581 238 15.674
610 238 11.9904
615 238 11.9904
616 238 11.9904
617 238 11.9904
6 239 31.2989
500 239 18.5185
501 239 18.5185
558 239 15.0943
559 239 15.0943
563 239 13.587
579 239 15.674
580 239 15.674
581 239 15.674
582 239 15.674
486 240 20.3666
501 240 18.5185
502 240 18.5185
559 240 15.674
579 240 15.674
580 240 15.674
581 240 15.674
486 241 20.3666
589 241 14.0548
613 241 11.9904
614 241 11.9904
622 241 11.6482
623 241 11.6482
501 242 18.5185
502 242 18.5185
526 242 16.2999
527 242 16.2999
528 242 16.2999
585 242 15.674
586 242 15.674
623 242 11.6482
467 243 23.9521
468 243 23.9521
486 243 20.3666
487 243 20.3666
502 243 18.5185
503 243 18.5185
526 243 16.2999
527 243 16.2999
530 243 15.674
531 243 14.0548
532 243 14.0548
384 244 25.4453
466 244 23.9521
467 244 23.9521
468 244 23.9521
472 244 18.5185
486 244 20.3666
525 244 16.2999
526 244 16.2999
527 244 16.2999
532 244 14.0548
533 244 14.0548
466 245 23.9521
467 245 23.9521
485 245 20.3666
486 245 20.3666
525 245 16.2999
526 245 16.2999
485 246 20.3666
486 246 20.3666
503 246 18.5185
526 246 16.2999
598 246 11.9904
599 246 11.9904
600 246 12.3533
485 247 21.4362
486 247 21.4362
502 247 18.5185
503 247 18.5185
504 247 18.5185
525 247 16.2999
526 247 16.2999
533 247 15.674
485 248 21.4362
486 248 21.4362
503 248 18.5185
504 248 18.5185
525 248 16.2999
526 248 16.2999
602 248 12.3533
603 248 12.3533
604 248 12.3533
605 248 11.9904
207 249 11.0193
485 249 21.4362
486 249 21.4362
503 249 18.5185
504 249 18.5185
524 249 16.2999
525 249 16.2999
526 249 16.2999
531 249 15.674
603 249 12.3533
604 249 12.3533
524 250 16.2999
525 250 16.2999
526 250 16.2999
534 250 15.674
598 250 13.1492
599 250 13.1492
524 251 16.2999
525 251 16.2999
526 251 16.2999
525 252 16.2999
526 252 16.2999
535 252 15.674
495 253 19.3986
496 253 19.3986
535 253 15.674
590 253 12.7389
591 253 12.7389
592 253 12.7389
593 253 12.3533
496 254 19.3986
497 254 19.3986
498 254 18.5185
590 254 12.7389
591 254 12.7389
592 254 12.7389
593 254 12.3533
594 254 11.9904
497 255 19.3986
498 255 18.5185
499 255 18.5185
536 255 15.674
590 255 12.7389
591 255 12.7389
531 256 16.2999
544 256 15.674
545 256 15.674
546 256 15.674
547 256 15.0943
590 256 12.7389
591 256 12.3533
397 257 18.5185
530 257 16.2999
531 257 16.2999
532 257 16.2999
543 257 15.674
544 257 15.674
545 257 15.674
593 257 12.3533
594 257 11.6482
526 258 16.2999
531 258 16.2999
589 258 12.3533
590 258 12.3533
532 261 15.674
533 261 15.674
534 261 15.674
576 261 16.2999
577 261 15.674
578 261 15.674
579 261 15.674
587 261 13.1492
530 262 16.2999
531 262 16.2999
532 262 15.674
533 262 15.674
578 262 15.674
579 262 15.674
587 262 13.1492
531 263 16.2999
532 263 15.674
543 265 15.674
599 267 12.3533
600 267 12.3533
603 267 11.9904
587 268 12.7389
588 268 12.7389
586 269 12.7389
587 269 12.7389
588 269 12.7389
154 270 14.0548
225 270 14.0548
587 270 12.7389
588 270 12.7389
588 271 12.7389
587 272 12.7389
588 272 12.7389
589 272 12.7389
221 273 13.1492
588 273 12.7389
589 273 12.7389
588 274 12.7389
589 274 12.7389
589 275 12.7389
609 275 12.3533
610 275 12.3533
611 275 12.3533
589 276 12.7389
590 276 12.7389
608 276 12.3533
609 276 12.3533
610 276 12.3533
611 276 12.3533
120 277 12.7389
589 277 12.7389
590 277 12.7389
609 277 12.3533
121 278 12.7389
590 278 12.3533
591 278 12.3533
592 278 12.3533
620 278 11.0193
621 278 10.1937
623 278 9.9453
624 278 9.9453
208 279 11.6482
591 279 12.3533
592 279 12.3533
222 280 11.6482
422 280 14.556
423 280 14.0548
425 280 13.1492
426 280 12.7389
427 280 12.3533
428 280 12.3533
173 281 11.6482
423 281 14.0548
424 281 13.587
425 281 13.1492
426 281 12.7389
427 281 12.3533
428 281 12.3533
429 281 12.3533
603 281 11.9904
604 281 11.9904
127 282 11.6482
174 282 11.6482
604 282 11.9904
605 282 11.9904
117 283 11.6482
157 283 11.325
91 284 11.6482
114 284 11.6482
114 285 11.6482
608 285 11.6482
154 287 10.7296
76 288 11.325
217 288 11.0193
218 288 11.0193
627 289 11.325
628 289 11.325
68 290 10.1937
68 291 10.1937
69 292 10.1937
146 292 9.9453
70 293 10.1937
71 293 10.1937
78 293 10.1937
146 293 9.9453
147 293 9.9453
204 293 9.9453
205 293 9.9453
58 294 10.1937
168 294 9.70874
51 295 10.1937
59 295 10.1937
140 295 9.70874
169 295 9.70874
46 296 9.9453
165 296 9.70874
166 296 9.70874
105 297 9.26784
106 297 9.26784
166 297 9.70874
167 297 9.70874
190 297 9.48317
191 297 9.48317
33 298 9.70874
34 298 9.70874
70 298 9.48317
71 298 9.48317
100 298 9.48317
141 298 9.48317
142 298 9.48317
198 298 9.26784
447 298 10.4548
448 298 10.4548
453 298 8.86525
28 299 9.70874
70 299 9.48317
71 299 9.48317
454 299 8.86525
455 299 8.86525
575 299 9.9453
576 299 9.9453
577 299 9.9453
69 300 9.48317
86 300 9.06207
18 302 9.26784
19 302 9.26784
132 302 9.06207
137 302 9.06207
205 302 9.26784
129 303 8.86525
138 303 9.06207
77 304 8.67679
112 304 8.49618
131 304 8.86525
70 305 8.49618
129 306 8.67679
109 307 8.32293
84 308 8.32293
20 309 8.32293
21 309 8.32293
181 309 8.32293
187 309 8.49618
188 309 8.49618
632 309 8.67679
30 311 8.15661
78 311 7.9968
60 313 7.84314
76 313 7.84314
50 314 7.69527
75 314 7.84314
76 314 7.84314
51 315 7.69527
71 315 7.55287
123 315 8.32293
125 315 7.69527
126 315 7.55287
132 315 7.55287
139 315 7.69527
140 315 7.69527
49 316 7.69527
70 316 7.55287
71 316 7.55287
120 316 7.55287
126 316 7.55287
127 316 7.55287
128 316 7.41565
70 317 7.55287
129 317 7.41565
70 318 7.55287
74 318 7.41565
80 318 7.28332
81 318 7.28332
17 319 7.55287
42 319 7.41565
81 319 7.28332
107 319 7.41565
17 320 7.55287
78 320 7.28332
79 320 7.28332
123 320 7.41565
124 320 7.41565
147 320 7.28332
79 321 7.28332
114 321 7.15564
124 321 7.41565
125 321 7.41565
144 321 7.15564
158 321 7.28332
113 322 7.15564
114 322 7.15564
115 322 7.15564
144 322 7.15564
145 322 7.15564
145 323 7.15564
146 323 7.15564
48 324 7.03235
49 324 7.03235
121 324 6.7981
193 324 7.41565
42 325 6.91324
49 325 7.03235
119 325 6.7981
120 325 6.7981
38 326 6.91324
39 326 6.91324
54 326 6.91324
80 326 7.03235
81 326 7.03235
100 326 6.91324
39 327 6.91324
40 327 6.91324
55 327 6.91324
100 327 6.91324
101 327 6.91324
52 328 6.91324
77 328 6.91324
78 328 6.91324
79 328 6.91324
100 328 6.91324
77 329 6.91324
100 329 6.7981
101 329 6.7981
29 330 6.57895
192 330 7.41565
132 332 6.57895
132 333 6.57895
133 333 6.57895
496 333 7.69527
90 334 6.37349
91 334 6.37349
157 334 6.68673
499 334 7.41565
500 334 7.15564
508 334 6.7981
509 334 6.68673
510 334 6.68673
23 335 6.27549
24 335 6.27549
82 335 6.27549
90 335 6.37349
91 335 6.37349
92 335 6.37349
93 335 6.37349
94 335 6.37349
95 335 6.37349
96 335 6.37349
500 335 7.15564
501 335 7.03235
502 335 7.03235
503 335 6.91324
504 335 6.7981
505 335 6.7981
506 335 6.7981
507 335 6.7981
508 335 6.7981
509 335 6.68673
510 335 6.68673
511 335 6.47459
20 336 6.27549
21 336 6.27549
24 336 6.27549
45 336 6.18047
82 336 6.27549
83 336 6.27549
96 336 6.37349
503 336 6.91324
504 336 6.7981
505 336 6.7981
506 336 6.7981
507 336 6.7981
508 336 6.7981
509 336 6.68673
510 336 6.68673
511 336 6.47459
512 336 6.47459
20 337 6.27549
21 337 6.27549
22 337 6.27549
61 337 6.27549
78 337 6.27549
123 337 6.18047
160 337 6.57895
61 338 6.27549
62 338 6.27549
76 338 6.27549
77 338 6.27549
78 338 6.27549
79 338 6.27549
120 338 6.18047
124 338 6.18047
161 338 6.57895
89 339 6.18047
122 339 6.18047
46 340 6.08828
97 340 5.9988
98 340 5.9988
122 340 6.18047
123 340 6.18047
28 341 6.08828
40 341 5.82751
41 341 5.82751
43 341 5.82751
98 341 5.9988
99 341 5.9988
102 341 5.9988
117 341 6.18047
118 341 6.18047
131 341 6.27549
132 341 6.27549
40 342 5.82751
41 342 5.82751
42 342 5.82751
43 342 5.82751
99 342 5.9988
100 342 5.9988
132 342 6.27549
133 342 6.18047
155 342 6.27549
156 342 6.27549
38 343 6.08828
43 343 5.82751
65 343 5.9988
38 344 5.82751
65 344 5.9988
66 344 5.9988
124 344 5.91191
135 344 6.18047
136 344 6.18047
54 345 5.82751
54 346 5.82751
55 346 5.82751
79 346 5.74548
80 346 5.74548
28 347 5.82751
55 347 5.82751
79 347 5.74548
80 347 5.74548
81 347 5.74548
82 347 5.74548
160 347 6.18047
161 347 6.18047
56 348 5.82751
26 349 5.51268
25 350 5.51268
26 350 5.51268
27 350 5.51268
76 350 5.58815
120 350 5.82751
66 351 5.58815
67 351 5.58815
76 351 5.58815
140 351 5.91191
160 351 6.08828
47 352 5.58815
55 352 5.43922
66 352 5.58815
67 352 5.58815
77 352 5.58815
123 352 5.74548
124 352 5.74548
140 352 5.91191
141 352 5.91191
48 353 5.58815
55 353 5.43922
128 353 5.74548
35 354 5.36769
31 355 5.36769
32 355 5.36769
35 355 5.36769
36 355 5.36769
62 355 5.43922
67 355 5.43922
68 355 5.43922
31 356 5.36769
32 356 5.36769
33 356 5.36769
54 356 5.29801
55 356 5.29801
62 356 5.43922
68 356 5.43922
20 357 5.16396
24 357 5.16396
19 358 5.16396
91 358 5.36769
19 359 5.16396
88 359 5.36769
89 359 5.36769
90 359 5.36769
18 360 5.16396
19 360 5.16396
89 360 5.36769
90 360 5.36769
47 361 5.23013
54 361 5.23013
58 361 5.36769
25 362 5.16396
47 362 5.23013
48 362 5.23013
49 362 5.23013
54 362 5.16396
55 362 5.23013
57 362 5.23013
17 363 5.09944
49 363 5.23013
50 363 5.23013
53 363 5.16396
55 363 5.16396
57 363 5.23013
59 363 5.36769
88 363 5.16396
21 364 5.09944
22 364 5.09944
54 364 5.09944
55 364 5.16396
22 365 5.09944
54 365 5.09944
55 365 5.09944
84 365 5.16396
53 366 5.09944
54 366 5.09944
55 366 5.09944
62 366 5.03651
68 366 5.09944
121 366 5.74548
41 367 5.09944
77 367 5.09944
99 367 5.16396
17 368 4.91521
42 368 5.09944
102 368 5.16396
129 368 5.23013
130 368 5.23013
17 369 4.91521
18 369 4.91521
79 369 5.09944
115 369 5.09944
116 369 5.09944
117 369 5.09944
123 369 5.16396
124 369 5.16396
130 369 5.23013
131 369 5.23013
126 370 5.16396
127 370 5.23013
128 370 5.23013
129 371 5.23013
145 371 5.51268
62 372 4.85673
59 373 4.79962
96 373 4.97512
59 374 4.79962
60 374 4.85673
97 374 4.97512
60 375 4.79962
61 375 4.79962
68 375 4.85673
39 376 4.74383
69 376 4.85673
129 376 5.23013
130 377 5.23013
27 378 4.584
28 378 4.584
42 378 4.4833
7 379 4.584
27 379 4.584
28 379 4.584
4 380 4.4833
5 380 4.53309
7 380 4.53309
100 380 4.85673
4 381 4.4833
5 381 4.53309
6 381 4.53309
7 381 4.53309
80 381 4.63607
5 382 4.4833
6 382 4.4833
81 382 4.63607
82 382 4.63607
28 383 4.79962
41 383 4.4833
110 383 4.79962
128 383 5.09944
129 383 5.09944
28 384 4.74383
39 384 4.43459
41 384 4.43459
72 384 4.63607
88 384 4.68933
18 385 4.38693
19 385 4.38693
20 385 4.38693
39 385 4.4833
41 385 4.43459
42 385 4.43459
73 385 4.63607
19 386 4.38693
20 386 4.38693
29 386 4.584
38 386 4.4833
39 386 4.43459
40 386 4.43459
41 386 4.43459
42 386 4.43459
74 386 4.63607
19 387 4.38693
20 387 4.43459
29 387 4.53309
40 387 4.43459
29 388 4.53309
39 388 4.43459
40 388 4.43459
50 388 4.4833
8 389 4.38693
9 389 4.43459
10 389 4.43459
11 389 4.43459
16 389 4.34028
17 389 4.34028
18 389 4.34028
29 389 4.43459
40 389 4.43459
51 389 4.4833
8 390 4.38693
9 390 4.43459
10 390 4.43459
11 390 4.43459
15 390 4.29461
16 390 4.34028
17 390 4.34028
40 390 4.43459
116 390 5.03651
9 391 4.43459
10 391 4.43459
116 392 5.03651
83 393 4.4833
84 393 4.38693
90 393 4.4833
26 394 4.29461
84 394 4.38693
85 394 4.38693
86 394 4.34028
88 394 4.34028
91 394 4.4833
92 395 4.4833
73 396 4.38693
74 396 4.38693
75 396 4.38693
79 396 4.38693
80 396 4.38693
81 396 4.38693
82 396 4.38693
83 396 4.38693
93 396 4.4833
78 397 4.34028
94 397 4.43459
54 399 4.29461
94 402 4.4833
94 403 4.4833
95 403 4.4833
94 404 4.4833
95 404 4.4833
95 405 4.4833
96 405 4.4833
12 410 4.07997
13 411 4.07997
21 413 4.38693
4 414 4.12116
146 419 4.2061
147 419 4.2061
148 419 4.2061
637 420 4.03959
77 421 4.24989
623 421 4.07997
624 421 4.03959
625 421 4.03959
626 421 4.03959
627 421 4.03959
628 421 4.03959
629 421 4.03959
630 421 4.03959
631 421 4.03959
632 421 4.03959
633 421 4.03959
634 421 4.03959
635 421 4.03959
636 421 4.03959
637 421 4.03959
75 422 4.24989
76 422 4.24989
78 422 4.2061
624 422 4.03959
625 422 4.03959
626 422 4.03959
627 422 4.03959
628 422 4.03959
629 422 4.03959
630 422 4.03959
631 422 4.03959
632 422 4.03959
633 422 4.03959
634 422 4.03959
635 422 4.03959
636 422 4.03959
637 422 4.03959
72 425 4.03959
73 425 4.03959
74 425 4.03959
146 425 4.07997
147 425 4.07997
73 426 4.03959
74 426 4.03959
75 426 4.03959
58 433 4.03959
58 434 4.03959
53 436 4.1632
