162 3 7.9968
556 3 19.3986
557 3 19.3986
558 3 19.3986
559 3 19.3986
601 3 18.5185
609 3 17.7148
610 3 18.5185
162 4 7.9968
557 4 19.3986
558 4 19.3986
605 4 17.7148
609 4 18.5185
162 5 7.84314
508 5 29.0698
509 5 29.0698
599 5 18.5185
600 5 18.5185
601 5 18.5185
604 5 17.7148
605 5 17.7148
610 5 18.5185
611 5 18.5185
140 6 33.8983
162 6 7.9968
499 6 27.137
500 6 27.137
501 6 27.137
560 6 19.3986
561 6 18.5185
593 6 18.5185
598 6 19.3986
599 6 18.5185
601 6 18.5185
139 7 33.8983
140 7 33.8983
162 7 7.9968
163 7 7.9968
558 7 19.3986
559 7 19.3986
560 7 19.3986
592 7 18.5185
593 7 18.5185
601 7 18.5185
603 7 18.5185
604 7 17.7148
142 8 33.8983
162 8 7.9968
163 8 7.9968
560 8 19.3986
591 8 18.5185
599 8 18.5185
600 8 18.5185
601 8 18.5185
610 8 18.5185
611 8 18.5185
612 8 18.5185
613 8 17.7148
162 9 7.9968
163 9 7.9968
559 9 19.3986
560 9 19.3986
598 9 18.5185
599 9 18.5185
600 9 18.5185
601 9 18.5185
610 9 18.5185
611 9 18.5185
125 10 36.9686
162 10 7.9968
163 10 7.9968
559 10 19.3986
560 10 19.3986
561 10 19.3986
562 10 19.3986
563 10 18.5185
588 10 17.7148
600 10 18.5185
125 11 36.9686
162 11 7.9968
163 11 7.9968
492 11 29.0698
493 11 29.0698
560 11 19.3986
561 11 19.3986
562 11 19.3986
120 12 33.8983
162 12 7.9968
163 12 7.9968
496 12 27.137
512 12 27.137
561 12 19.3986
562 12 19.3986
563 12 18.5185
564 12 18.5185
606 12 18.5185
607 12 17.7148
611 12 17.7148
612 12 17.7148
162 13 7.9968
163 13 7.9968
496 13 27.137
604 13 18.5185
605 13 18.5185
606 13 18.5185
611 13 17.7148
612 13 17.7148
149 14 36.9686
154 14 7.9968
162 14 7.9968
163 14 7.9968
588 14 18.5185
589 14 18.5185
604 14 18.5185
605 14 18.5185
606 14 18.5185
149 15 36.9686
162 15 7.9968
163 15 7.9968
562 15 20.3666
563 15 19.3986
564 15 19.3986
565 15 18.5185
566 15 18.5185
611 15 18.5185
162 16 7.9968
163 16 7.9968
496 16 29.0698
561 16 20.3666
562 16 20.3666
563 16 19.3986
564 16 19.3986
565 16 18.5185
566 16 18.5185
610 16 18.5185
154 17 7.9968
162 17 7.9968
163 17 7.9968
562 17 20.3666
563 17 19.3986
606 17 18.5185
607 17 18.5185
137 18 33.8983
162 18 7.9968
163 18 7.9968
604 18 18.5185
162 19 7.9968
163 19 7.9968
503 19 29.0698
504 19 29.0698
556 19 19.3986
603 19 18.5185
604 19 18.5185
609 19 17.7148
610 19 17.7148
611 19 17.7148
155 20 7.9968
162 20 7.9968
163 20 7.9968
491 20 29.0698
557 20 19.3986
558 20 19.3986
578 20 17.7148
579 20 17.7148
609 20 18.5185
610 20 17.7148
617 20 36.9686
118 21 36.9686
119 21 36.9686
135 21 36.9686
154 21 7.9968
155 21 7.9968
162 21 7.9968
163 21 7.9968
493 21 29.0698
494 21 27.137
499 21 27.137
607 21 36.9686
616 21 36.9686
618 21 36.9686
135 22 36.9686
143 22 36.9686
154 22 7.9968
155 22 7.9968
162 22 7.9968
163 22 7.9968
499 22 27.137
500 22 27.137
513 22 27.137
563 22 19.3986
564 22 19.3986
606 22 36.9686
607 22 36.9686
618 22 36.9686
143 23 33.8983
154 23 7.9968
155 23 7.9968
162 23 7.9968
163 23 7.9968
495 23 27.137
510 23 27.137
558 23 19.3986
559 23 19.3986
560 23 19.3986
562 23 19.3986
618 23 36.9686
155 24 7.9968
162 24 7.9968
163 24 7.9968
509 24 27.137
510 24 27.137
557 24 19.3986
558 24 18.5185
559 24 18.5185
609 24 18.5185
142 25 36.9686
151 25 36.9686
155 25 7.9968
162 25 7.9968
163 25 7.9968
608 25 18.5185
609 25 18.5185
151 26 36.9686
155 26 7.9968
162 26 7.9968
163 26 7.9968
513 26 27.137
560 26 19.3986
580 26 17.7148
607 26 18.5185
608 26 18.5185
148 27 33.8983
155 27 7.9968
162 27 7.9968
163 27 7.9968
559 27 18.5185
607 27 19.3986
609 27 19.3986
141 28 33.8983
154 28 7.9968
155 28 7.9968
162 28 7.9968
163 28 7.9968
556 28 19.3986
565 28 15.674
608 28 36.9686
609 28 36.9686
155 29 7.9968
162 29 7.9968
163 29 7.9968
556 29 19.3986
557 29 19.3986
560 29 19.3986
561 29 19.3986
610 29 36.9686
155 30 7.9968
162 30 7.9968
163 30 7.9968
492 30 29.0698
557 30 19.3986
608 30 36.9686
609 30 36.9686
610 30 36.9686
132 31 33.8983
133 31 33.8983
151 31 36.9686
155 31 7.9968
162 31 7.9968
163 31 7.9968
512 31 27.137
561 31 19.3986
562 31 19.3986
607 31 19.3986
610 31 36.9686
611 31 36.9686
132 32 33.8983
150 32 36.9686
155 32 7.9968
162 32 7.9968
163 32 7.9968
558 32 19.3986
561 32 19.3986
562 32 19.3986
611 32 40.6504
612 32 40.6504
145 33 36.9686
146 33 36.9686
150 33 36.9686
155 33 7.9968
162 33 7.9968
163 33 7.9968
558 33 19.3986
559 33 19.3986
563 33 19.3986
564 33 19.3986
611 33 40.6504
613 33 40.6504
128 34 36.9686
155 34 7.9968
163 34 7.9968
558 34 19.3986
563 34 19.3986
603 34 18.5185
604 34 18.5185
612 34 40.6504
117 35 33.8983
128 35 36.9686
155 35 7.9968
162 35 7.9968
163 35 7.9968
494 35 29.0698
614 35 40.6504
615 35 36.9686
155 36 7.9968
163 36 7.9968
509 36 29.0698
510 36 29.0698
560 36 19.3986
561 36 19.3986
564 36 19.3986
565 36 19.3986
592 36 18.5185
605 36 18.5185
606 36 18.5185
615 36 40.6504
617 36 36.9686
155 37 7.9968
163 37 7.9968
493 37 29.0698
561 37 19.3986
562 37 19.3986
564 37 19.3986
565 37 19.3986
591 37 18.5185
592 37 18.5185
604 37 18.5185
605 37 18.5185
606 37 18.5185
616 37 36.9686
617 37 36.9686
155 38 7.9968
163 38 7.9968
561 38 19.3986
566 38 19.3986
590 38 18.5185
618 38 36.9686
124 39 33.8983
139 39 36.9686
140 39 36.9686
150 39 33.8983
155 39 7.9968
163 39 7.9968
164 39 7.9968
488 39 29.0698
489 39 29.0698
500 39 29.0698
562 39 19.3986
563 39 19.3986
566 39 19.3986
618 39 36.9686
619 39 36.9686
123 40 33.8983
124 40 33.8983
139 40 36.9686
140 40 36.9686
150 40 33.8983
155 40 7.9968
163 40 7.9968
562 40 19.3986
563 40 19.3986
604 40 19.3986
605 40 18.5185
607 40 18.5185
608 40 18.5185
618 40 36.9686
155 41 7.9968
163 41 7.9968
164 41 7.9968
608 41 18.5185
609 41 18.5185
618 41 36.9686
149 42 33.8983
155 42 7.9968
163 42 7.9968
164 42 7.9968
495 42 29.0698
496 42 29.0698
600 42 22.6244
608 42 18.5185
609 42 18.5185
148 43 33.8983
149 43 33.8983
155 43 7.9968
163 43 7.9968
164 43 7.9968
495 43 29.0698
496 43 29.0698
565 43 19.3986
566 43 19.3986
617 43 36.9686
138 44 33.8983
155 44 7.9968
163 44 7.9968
164 44 7.9968
490 44 29.0698
491 44 29.0698
566 44 19.3986
567 44 19.3986
617 44 36.9686
155 45 7.9968
163 45 7.9968
164 45 7.9968
490 45 29.0698
491 45 29.0698
492 45 29.0698
566 45 19.3986
606 45 18.5185
608 45 17.7148
609 45 17.7148
617 45 36.9686
146 46 33.8983
154 46 7.9968
155 46 7.9968
163 46 7.9968
164 46 7.9968
490 46 29.0698
491 46 29.0698
509 46 27.137
605 46 18.5185
606 46 18.5185
608 46 17.7148
616 46 36.9686
617 46 36.9686
146 47 33.8983
154 47 7.9968
155 47 7.9968
163 47 7.9968
164 47 7.9968
558 47 19.3986
559 47 19.3986
617 47 36.9686
146 48 33.8983
155 48 7.9968
163 48 7.9968
164 48 7.9968
559 48 19.3986
560 48 19.3986
564 48 20.3666
565 48 20.3666
566 48 20.3666
567 48 19.3986
583 48 18.5185
584 48 18.5185
606 48 18.5185
607 48 18.5185
618 48 36.9686
146 49 33.8983
154 49 7.9968
155 49 7.9968
163 49 7.9968
164 49 7.9968
506 49 27.137
559 49 19.3986
560 49 19.3986
570 49 19.3986
571 49 18.5185
606 49 18.5185
607 49 18.5185
618 49 36.9686
117 50 33.8983
154 50 7.9968
155 50 7.9968
163 50 7.9968
164 50 7.9968
493 50 29.0698
559 50 19.3986
568 50 19.3986
569 50 18.5185
570 50 19.3986
571 50 18.5185
605 50 18.5185
606 50 18.5185
607 50 18.5185
618 50 36.9686
117 51 33.8983
154 51 7.9968
155 51 7.9968
163 51 7.9968
164 51 7.9968
493 51 29.0698
494 51 29.0698
512 51 27.137
559 51 19.3986
560 51 19.3986
618 51 36.9686
117 52 33.8983
154 52 7.9968
155 52 7.9968
163 52 7.9968
164 52 7.9968
489 52 29.0698
495 52 29.0698
512 52 27.137
560 52 19.3986
561 52 18.5185
607 52 18.5185
618 52 36.9686
144 53 33.8983
154 53 7.9968
155 53 7.9968
163 53 7.9968
164 53 7.9968
488 53 29.0698
560 53 18.5185
561 53 18.5185
562 53 18.5185
563 53 18.5185
603 53 18.5185
606 53 17.7148
607 53 17.7148
618 53 36.9686
636 53 31.2989
154 54 7.9968
155 54 7.9968
163 54 7.9968
164 54 7.9968
559 54 19.3986
560 54 18.5185
561 54 18.5185
562 54 18.5185
618 54 36.9686
154 55 7.9968
155 55 7.9968
163 55 7.9968
164 55 7.9968
562 55 18.5185
605 55 18.5185
606 55 18.5185
617 55 36.9686
618 55 36.9686
155 56 7.9968
163 56 7.9968
164 56 7.9968
561 56 18.5185
562 56 18.5185
605 56 18.5185
632 56 33.8983
633 56 33.8983
136 57 36.9686
143 57 33.8983
155 57 7.9968
163 57 7.9968
164 57 7.9968
632 57 33.8983
633 57 33.8983
136 58 36.9686
137 58 36.9686
154 58 7.9968
155 58 7.9968
163 58 7.9968
164 58 7.9968
491 58 29.0698
492 58 29.0698
603 58 18.5185
609 58 17.7148
632 58 33.8983
155 59 7.9968
163 59 7.9968
164 59 7.9968
491 59 29.0698
492 59 29.0698
493 59 29.0698
497 59 29.0698
559 59 19.3986
602 59 18.5185
603 59 18.5185
632 59 33.8983
633 59 33.8983
114 60 33.8983
154 60 7.9968
155 60 7.9968
163 60 7.9968
164 60 7.9968
489 60 31.2989
558 60 19.3986
559 60 19.3986
560 60 19.3986
577 60 12.7389
578 60 12.3533
603 60 18.5185
604 60 18.5185
609 60 17.7148
155 61 7.9968
163 61 7.9968
164 61 7.9968
558 61 19.3986
559 61 19.3986
564 61 19.3986
576 61 12.7389
603 61 18.5185
604 61 18.5185
609 61 17.7148
155 62 7.9968
163 62 7.9968
164 62 7.9968
563 62 19.3986
564 62 19.3986
575 62 12.7389
604 62 18.5185
609 62 17.7148
125 63 33.8983
143 63 33.8983
155 63 7.84314
163 63 7.9968
164 63 7.9968
563 63 19.3986
564 63 19.3986
61 64 33.8983
155 64 7.84314
163 64 7.9968
164 64 7.9968
560 64 18.5185
564 64 19.3986
604 64 18.5185
119 65 33.8983
155 65 7.9968
163 65 7.9968
164 65 7.9968
497 65 29.0698
564 65 19.3986
565 65 19.3986
604 65 18.5185
605 65 18.5185
623 65 33.8983
63 66 33.8983
154 66 7.9968
155 66 7.9968
163 66 7.9968
164 66 7.9968
509 66 27.137
564 66 19.3986
604 66 18.5185
623 66 33.8983
155 67 7.9968
163 67 7.9968
164 67 7.9968
557 67 20.3666
558 67 19.3986
559 67 19.3986
560 67 19.3986
604 67 18.5185
155 68 7.9968
163 68 7.9968
164 68 7.9968
557 68 20.3666
558 68 19.3986
559 68 19.3986
560 68 19.3986
604 68 18.5185
155 69 7.9968
163 69 7.9968
164 69 7.9968
558 69 19.3986
559 69 19.3986
603 69 18.5185
604 69 18.5185
605 69 18.5185
609 69 36.9686
610 69 36.9686
155 70 7.9968
163 70 7.9968
164 70 7.9968
487 70 29.0698
497 70 29.0698
498 70 29.0698
553 70 29.0698
561 70 19.3986
608 70 36.9686
23 71 31.2989
60 71 33.8983
120 71 36.9686
155 71 7.9968
163 71 7.9968
164 71 7.9968
323 71 33.8983
324 71 33.8983
325 71 33.8983
497 71 29.0698
511 71 27.137
595 71 17.7148
608 71 36.9686
60 72 33.8983
155 72 7.9968
163 72 7.9968
164 72 7.9968
285 72 36.9686
286 72 36.9686
318 72 36.9686
319 72 36.9686
489 72 27.137
490 72 27.137
608 72 36.9686
144 73 33.8983
155 73 7.9968
163 73 7.9968
164 73 7.9968
285 73 36.9686
316 73 40.6504
317 73 36.9686
561 73 19.3986
562 73 19.3986
563 73 19.3986
564 73 18.5185
608 73 36.9686
618 73 36.9686
29 74 33.8983
155 74 7.9968
163 74 7.9968
164 74 7.9968
314 74 40.6504
315 74 40.6504
488 74 27.137
497 74 29.0698
510 74 27.137
511 74 27.137
523 74 40.6504
562 74 19.3986
563 74 19.3986
570 74 19.3986
571 74 19.3986
619 74 36.9686
23 75 31.2989
33 75 33.8983
36 75 33.8983
55 75 33.8983
155 75 7.9968
163 75 7.9968
164 75 7.9968
487 75 27.137
488 75 27.137
511 75 27.137
512 75 27.137
556 75 19.3986
581 75 19.3986
582 75 18.5185
17 76 33.8983
41 76 33.8983
42 76 33.8983
60 76 33.8983
148 76 36.9686
155 76 7.9968
163 76 7.9968
164 76 7.9968
495 76 29.0698
496 76 29.0698
512 76 27.137
581 76 19.3986
582 76 18.5185
608 76 36.9686
609 76 36.9686
41 77 33.8983
49 77 33.8983
63 77 33.8983
148 77 36.9686
155 77 7.9968
163 77 7.9968
164 77 7.9968
578 77 20.3666
579 77 19.3986
580 77 19.3986
609 77 36.9686
610 77 36.9686
19 78 33.8983
23 78 33.8983
47 78 33.8983
132 78 33.8983
147 78 36.9686
155 78 7.9968
163 78 7.9968
164 78 7.9968
532 78 40.6504
555 78 19.3986
556 78 19.3986
557 78 19.3986
610 78 36.9686
611 78 36.9686
39 79 33.8983
40 79 33.8983
132 79 33.8983
155 79 7.9968
163 79 7.9968
164 79 7.9968
488 79 29.0698
489 79 29.0698
555 79 19.3986
556 79 19.3986
557 79 19.3986
598 79 19.3986
39 80 33.8983
67 80 33.8983
155 80 7.9968
163 80 7.9968
164 80 7.9968
488 80 29.0698
489 80 29.0698
613 80 36.9686
19 81 33.8983
20 81 33.8983
24 81 33.8983
30 81 33.8983
66 81 33.8983
67 81 33.8983
155 81 7.9968
163 81 7.9968
164 81 7.9968
609 81 18.5185
612 81 40.6504
613 81 40.6504
614 81 40.6504
19 82 33.8983
144 82 36.9686
145 82 36.9686
155 82 7.9968
163 82 7.9968
164 82 7.9968
490 82 29.0698
555 82 19.3986
556 82 18.5185
615 82 36.9686
19 83 33.8983
44 83 33.8983
65 83 33.8983
144 83 36.9686
155 83 7.9968
163 83 7.84314
164 83 7.84314
556 83 18.5185
557 83 18.5185
558 83 18.5185
615 83 40.6504
143 84 36.9686
144 84 36.9686
151 84 36.9686
155 84 7.9968
164 84 7.9968
510 84 27.137
607 84 18.5185
608 84 18.5185
23 85 33.8983
34 85 33.8983
35 85 33.8983
63 85 33.8983
143 85 36.9686
144 85 36.9686
150 85 36.9686
155 85 7.9968
163 85 7.9968
164 85 7.9968
189 85 45.1467
34 86 33.8983
117 86 36.9686
150 86 36.9686
155 86 7.9968
164 86 7.9968
485 86 27.137
486 86 27.137
557 86 20.3666
565 86 19.3986
566 86 19.3986
567 86 18.5185
568 86 18.5185
9 87 33.8983
15 87 33.8983
34 87 33.8983
117 87 36.9686
150 87 36.9686
155 87 7.9968
163 87 7.9968
164 87 7.9968
485 87 27.137
556 87 20.3666
564 87 19.3986
565 87 19.3986
566 87 19.3986
567 87 18.5185
16 88 33.8983
57 88 33.8983
66 88 33.8983
150 88 36.9686
155 88 7.9968
164 88 7.9968
481 88 29.0698
552 88 19.3986
577 88 19.3986
26 89 33.8983
52 89 33.8983
57 89 33.8983
65 89 33.8983
150 89 33.8983
155 89 7.9968
164 89 7.9968
531 89 40.6504
557 89 20.3666
559 89 19.3986
12 90 33.8983
13 90 33.8983
26 90 33.8983
46 90 33.8983
52 90 33.8983
57 90 33.8983
65 90 33.8983
142 90 36.9686
143 90 36.9686
155 90 7.9968
164 90 7.9968
165 90 7.9968
530 90 40.6504
531 90 40.6504
559 90 19.3986
607 90 18.5185
32 91 33.8983
45 91 33.8983
56 91 33.8983
57 91 33.8983
64 91 33.8983
142 91 36.9686
155 91 7.9968
164 91 7.9968
165 91 7.9968
482 91 29.0698
483 91 29.0698
525 91 45.1467
531 91 40.6504
539 91 45.1467
620 91 33.8983
32 92 33.8983
45 92 33.8983
56 92 33.8983
57 92 33.8983
77 92 33.8983
124 92 33.8983
125 92 33.8983
155 92 7.9968
164 92 7.9968
165 92 7.9968
328 92 67.5676
554 92 19.3986
606 92 18.5185
27 93 33.8983
41 93 31.2989
56 93 33.8983
61 93 33.8983
114 93 36.9686
124 93 33.8983
148 93 36.9686
155 93 7.9968
164 93 7.9968
165 93 7.9968
213 93 50.7614
326 93 67.5676
555 93 19.3986
556 93 19.3986
5 94 33.8983
15 94 31.2989
27 94 33.8983
47 94 33.8983
51 94 33.8983
56 94 33.8983
78 94 33.8983
147 94 36.9686
155 94 7.9968
164 94 7.9968
165 94 7.9968
213 94 50.7614
487 94 22.6244
555 94 19.3986
558 94 18.5185
561 94 16.9779
8 95 33.8983
14 95 31.2989
18 95 31.2989
30 95 33.8983
37 95 33.8983
50 95 33.8983
56 95 33.8983
77 95 33.8983
78 95 33.8983
127 95 36.9686
155 95 7.9968
164 95 7.9968
165 95 7.9968
482 95 31.2989
483 95 31.2989
486 95 22.6244
487 95 22.6244
556 95 19.3986
557 95 19.3986
558 95 19.3986
7 96 33.8983
8 96 33.8983
18 96 31.2989
23 96 33.8983
30 96 33.8983
37 96 33.8983
68 96 33.8983
76 96 33.8983
77 96 33.8983
145 96 36.9686
155 96 7.84314
164 96 7.9968
165 96 7.9968
481 96 31.2989
482 96 31.2989
483 96 31.2989
579 96 21.4362
608 96 18.5185
609 96 18.5185
17 97 31.2989
53 97 33.8983
68 97 33.8983
76 97 33.8983
155 97 7.84314
164 97 7.9968
165 97 7.9968
510 97 29.0698
559 97 19.3986
562 97 19.3986
563 97 19.3986
577 97 21.4362
608 97 18.5185
5 98 33.8983
23 98 31.2989
24 98 31.2989
76 98 33.8983
155 98 7.84314
164 98 7.9968
165 98 7.9968
559 98 21.4362
562 98 19.3986
563 98 19.3986
564 98 19.3986
23 99 31.2989
58 99 33.8983
73 99 33.8983
74 99 33.8983
114 99 36.9686
149 99 36.9686
155 99 7.84314
164 99 7.9968
165 99 7.9968
485 99 31.2989
488 99 23.9521
529 99 40.6504
562 99 19.3986
563 99 19.3986
23 100 31.2989
57 100 33.8983
58 100 33.8983
59 100 33.8983
125 100 33.8983
149 100 36.9686
155 100 7.9968
164 100 7.9968
165 100 7.9968
484 100 31.2989
507 100 29.0698
611 100 18.5185
22 101 31.2989
23 101 31.2989
70 101 33.8983
124 101 33.8983
125 101 33.8983
145 101 36.9686
146 101 36.9686
155 101 7.9968
164 101 7.9968
165 101 7.9968
440 101 45.1467
577 101 18.5185
578 101 18.5185
583 101 17.7148
584 101 17.7148
604 101 18.5185
605 101 18.5185
10 102 31.2989
82 102 33.8983
83 102 33.8983
145 102 36.9686
146 102 36.9686
155 102 7.9968
164 102 7.9968
165 102 7.9968
348 102 50.7614
512 102 29.0698
513 102 29.0698
530 102 40.6504
561 102 19.3986
562 102 19.3986
604 102 18.5185
4 103 31.2989
70 103 33.8983
76 103 33.8983
77 103 33.8983
114 103 36.9686
155 103 7.9968
164 103 7.9968
165 103 7.9968
571 103 18.5185
586 103 17.7148
587 103 18.5185
29 104 33.8983
33 104 33.8983
51 104 33.8983
52 104 33.8983
70 104 33.8983
76 104 33.8983
114 104 36.9686
155 104 7.9968
164 104 7.9968
165 104 7.9968
489 104 22.6244
586 104 18.5185
587 104 18.5185
21 105 31.2989
51 105 33.8983
61 105 33.8983
69 105 33.8983
155 105 7.9968
164 105 7.9968
165 105 7.9968
484 105 29.0698
531 105 45.1467
603 105 17.7148
10 106 33.8983
20 106 31.2989
21 106 31.2989
31 106 33.8983
48 106 33.8983
69 106 33.8983
86 106 36.9686
155 106 7.9968
164 106 7.9968
165 106 7.9968
211 106 45.1467
428 106 50.7614
429 106 50.7614
483 106 29.0698
484 106 29.0698
485 106 29.0698
19 107 31.2989
20 107 31.2989
25 107 33.8983
47 107 33.8983
48 107 33.8983
63 107 31.2989
64 107 31.2989
68 107 33.8983
85 107 36.9686
155 107 7.84314
164 107 7.9968
165 107 7.9968
330 107 45.1467
484 107 29.0698
561 107 18.5185
626 107 33.8983
30 108 33.8983
63 108 31.2989
155 108 7.84314
164 108 7.9968
165 108 7.9968
13 109 31.2989
47 109 33.8983
63 109 31.2989
112 109 36.9686
155 109 7.84314
164 109 7.9968
165 109 7.9968
18 110 31.2989
30 110 33.8983
60 110 33.8983
61 110 33.8983
83 110 33.8983
149 110 36.9686
150 110 36.9686
155 110 7.84314
164 110 7.9968
165 110 7.9968
370 110 57.971
603 110 17.7148
604 110 17.7148
18 111 31.2989
30 111 33.8983
54 111 33.8983
80 111 33.8983
81 111 33.8983
82 111 33.8983
155 111 7.84314
164 111 7.9968
165 111 7.9968
360 111 67.5676
484 111 29.0698
521 111 45.1467
529 111 50.7614
566 111 18.5185
573 111 18.5185
602 111 17.7148
603 111 17.7148
619 111 36.9686
53 112 33.8983
54 112 33.8983
67 112 33.8983
124 112 33.8983
155 112 7.84314
164 112 7.9968
165 112 7.9968
371 112 57.971
383 112 50.7614
532 112 40.6504
28 113 33.8983
29 113 33.8983
54 113 33.8983
87 113 33.8983
155 113 7.84314
164 113 8.15661
165 113 8.15661
207 113 40.6504
208 113 40.6504
332 113 57.971
333 113 57.971
442 113 40.6504
532 113 40.6504
5 114 33.8983
19 114 33.8983
28 114 33.8983
29 114 33.8983
35 114 33.8983
37 114 33.8983
43 114 33.8983
46 114 33.8983
67 114 33.8983
70 114 33.8983
86 114 33.8983
87 114 33.8983
149 114 36.9686
150 114 36.9686
155 114 7.84314
165 114 8.15661
633 114 33.8983
634 114 33.8983
45 115 33.8983
46 115 33.8983
53 115 33.8983
66 115 33.8983
67 115 33.8983
84 115 33.8983
85 115 33.8983
123 115 33.8983
149 115 36.9686
150 115 36.9686
155 115 7.84314
165 115 8.15661
202 115 45.1467
633 115 33.8983
634 115 33.8983
17 116 33.8983
45 116 33.8983
52 116 33.8983
53 116 33.8983
61 116 33.8983
66 116 33.8983
67 116 33.8983
82 116 33.8983
83 116 33.8983
84 116 33.8983
123 116 33.8983
155 116 7.84314
165 116 8.15661
202 116 45.1467
352 116 57.971
483 116 29.0698
484 116 29.0698
485 116 29.0698
633 116 33.8983
634 116 33.8983
16 117 33.8983
17 117 33.8983
44 117 33.8983
45 117 33.8983
52 117 33.8983
65 117 33.8983
81 117 33.8983
82 117 33.8983
155 117 7.84314
165 117 8.15661
484 117 29.0698
485 117 29.0698
488 117 25.4453
520 117 50.7614
521 117 50.7614
560 117 18.5185
567 117 19.3986
5 118 33.8983
16 118 33.8983
24 118 33.8983
44 118 33.8983
45 118 33.8983
52 118 33.8983
79 118 36.9686
155 118 7.9968
165 118 8.15661
528 118 45.1467
3 119 33.8983
44 119 33.8983
45 119 33.8983
49 119 33.8983
77 119 36.9686
78 119 36.9686
118 119 33.8983
155 119 7.9968
165 119 8.15661
353 119 57.971
19 120 33.8983
20 120 33.8983
40 120 33.8983
41 120 33.8983
49 120 33.8983
67 120 36.9686
74 120 33.8983
155 120 7.9968
165 120 8.15661
486 120 29.0698
624 120 33.8983
13 121 33.8983
40 121 33.8983
49 121 33.8983
150 121 33.8983
155 121 7.9968
165 121 8.15661
487 121 29.0698
9 122 33.8983
42 122 33.8983
58 122 33.8983
155 122 7.9968
165 122 8.15661
486 122 29.0698
487 122 29.0698
488 122 29.0698
9 123 33.8983
12 123 31.2989
20 123 33.8983
64 123 33.8983
65 123 33.8983
72 123 33.8983
85 123 33.8983
86 123 33.8983
90 123 36.9686
155 123 7.9968
165 123 8.15661
531 123 45.1467
532 123 45.1467
579 123 18.5185
591 123 18.5185
9 124 33.8983
12 124 31.2989
32 124 33.8983
40 124 33.8983
50 124 33.8983
51 124 33.8983
54 124 33.8983
64 124 33.8983
90 124 36.9686
99 124 33.8983
154 124 7.9968
155 124 7.9968
204 124 45.1467
359 124 50.7614
579 124 18.5185
9 125 33.8983
40 125 33.8983
50 125 33.8983
51 125 33.8983
60 125 33.8983
82 125 36.9686
97 125 33.8983
98 125 31.2989
99 125 33.8983
154 125 7.9968
155 125 7.9968
521 125 45.1467
522 125 45.1467
591 125 18.5185
20 126 33.8983
43 126 33.8983
59 126 33.8983
60 126 33.8983
154 126 7.9968
155 126 7.9968
436 126 101.01
522 126 45.1467
6 127 33.8983
7 127 33.8983
8 127 33.8983
24 127 31.2989
59 127 33.8983
95 127 36.9686
96 127 33.8983
154 127 7.9968
155 127 7.9968
7 128 33.8983
24 128 31.2989
27 128 33.8983
94 128 36.9686
95 128 36.9686
154 128 7.9968
155 128 7.9968
165 128 8.15661
341 128 57.971
52 129 31.2989
78 129 33.8983
79 129 33.8983
90 129 36.9686
94 129 36.9686
154 129 7.9968
155 129 7.9968
165 129 8.15661
166 129 8.15661
341 129 57.971
354 129 67.5676
499 129 27.137
583 129 19.3986
612 129 40.6504
613 129 40.6504
614 129 40.6504
615 129 40.6504
616 129 36.9686
17 130 31.2989
29 130 33.8983
42 130 33.8983
43 130 33.8983
49 130 36.9686
67 130 33.8983
77 130 33.8983
78 130 33.8983
90 130 36.9686
155 130 7.9968
165 130 8.15661
166 130 8.15661
33 131 33.8983
34 131 33.8983
42 131 33.8983
48 131 36.9686
72 131 33.8983
73 131 33.8983
155 131 7.9968
165 131 8.15661
212 131 45.1467
592 131 18.5185
42 132 33.8983
52 132 33.8983
154 132 7.9968
155 132 7.9968
592 132 18.5185
619 132 36.9686
26 133 33.8983
31 133 33.8983
66 133 33.8983
116 133 36.9686
155 133 7.9968
582 133 18.5185
592 133 18.5185
21 134 31.2989
26 134 33.8983
31 134 33.8983
59 134 33.8983
94 134 36.9686
95 134 36.9686
154 134 7.9968
155 134 7.9968
356 134 57.971
592 134 18.5185
20 135 31.2989
21 135 31.2989
30 135 33.8983
49 135 36.9686
86 135 36.9686
87 135 36.9686
88 135 36.9686
89 135 36.9686
93 135 36.9686
94 135 36.9686
154 135 7.9968
155 135 7.9968
620 135 36.9686
18 136 33.8983
44 136 33.8983
48 136 36.9686
49 136 36.9686
55 136 33.8983
58 136 33.8983
59 136 33.8983
62 136 33.8983
154 136 7.9968
155 136 7.9968
17 137 33.8983
18 137 33.8983
31 137 33.8983
48 137 36.9686
62 137 33.8983
69 137 33.8983
70 137 33.8983
155 137 7.9968
165 137 8.15661
166 137 8.15661
31 138 33.8983
33 138 33.8983
40 138 33.8983
155 138 7.9968
166 138 8.15661
361 138 57.971
362 138 57.971
18 139 33.8983
33 139 33.8983
44 139 33.8983
155 139 7.9968
18 140 33.8983
25 140 33.8983
154 140 7.9968
155 140 7.9968
166 140 8.15661
345 140 57.971
18 141 33.8983
86 141 33.8983
96 141 31.2989
154 141 7.9968
155 141 7.9968
166 141 8.15661
3 142 31.2989
56 142 31.2989
57 142 31.2989
155 142 7.9968
166 142 8.15661
3 143 31.2989
14 143 33.8983
23 143 33.8983
48 143 33.8983
54 143 40.6504
68 143 33.8983
89 143 33.8983
90 143 33.8983
91 143 33.8983
92 143 36.9686
155 143 7.9968
331 143 57.971
26 144 31.2989
48 144 33.8983
63 144 33.8983
88 144 33.8983
89 144 33.8983
90 144 33.8983
155 144 7.9968
166 144 8.15661
325 144 57.971
326 144 57.971
388 144 67.5676
389 144 67.5676
493 144 29.0698
494 144 29.0698
3 145 31.2989
26 145 31.2989
31 145 33.8983
48 145 33.8983
85 145 36.9686
86 145 36.9686
87 145 33.8983
154 145 7.9968
155 145 7.9968
166 145 8.15661
3 146 31.2989
19 146 33.8983
35 146 33.8983
42 146 33.8983
83 146 36.9686
84 146 36.9686
85 146 36.9686
154 146 7.9968
155 146 7.9968
166 146 8.15661
497 146 29.0698
3 147 31.2989
17 147 33.8983
35 147 33.8983
41 147 33.8983
42 147 33.8983
83 147 36.9686
155 147 7.84314
3 148 31.2989
27 148 33.8983
46 148 33.8983
53 148 33.8983
77 148 36.9686
78 148 36.9686
155 148 7.84314
335 148 57.971
336 148 57.971
337 148 57.971
500 148 27.137
3 149 31.2989
42 149 33.8983
53 149 33.8983
82 149 36.9686
155 149 7.84314
499 149 27.137
500 149 27.137
589 149 50.7614
590 149 50.7614
4 150 31.2989
14 150 31.2989
41 150 33.8983
42 150 33.8983
68 150 36.9686
154 150 7.84314
155 150 7.84314
166 150 8.15661
589 150 50.7614
590 150 50.7614
4 151 31.2989
14 151 31.2989
28 151 33.8983
41 151 33.8983
67 151 36.9686
72 151 36.9686
73 151 36.9686
76 151 36.9686
154 151 7.84314
155 151 7.84314
166 151 8.15661
4 152 33.8983
5 152 33.8983
28 152 33.8983
41 152 33.8983
52 152 33.8983
154 152 7.84314
155 152 7.84314
166 152 8.15661
351 152 57.971
5 153 33.8983
41 153 33.8983
51 153 33.8983
90 153 36.9686
91 153 36.9686
94 153 33.8983
154 153 7.84314
155 153 7.84314
166 153 8.15661
5 154 33.8983
40 154 33.8983
65 154 36.9686
140 154 33.8983
154 154 7.84314
155 154 7.84314
166 154 8.15661
3 155 33.8983
5 155 33.8983
33 155 33.8983
40 155 33.8983
65 155 36.9686
154 155 7.84314
155 155 7.84314
166 155 8.15661
3 156 33.8983
5 156 33.8983
20 156 33.8983
21 156 33.8983
36 156 33.8983
40 156 33.8983
64 156 36.9686
65 156 36.9686
66 156 36.9686
73 156 36.9686
155 156 7.9968
166 156 8.15661
20 157 33.8983
36 157 33.8983
40 157 33.8983
54 157 33.8983
61 157 36.9686
62 157 36.9686
155 157 7.9968
166 157 8.15661
6 158 33.8983
47 158 33.8983
60 158 36.9686
61 158 36.9686
149 158 7.84314
150 158 7.9968
152 158 7.9968
153 158 7.9968
155 158 7.9968
166 158 8.15661
235 158 57.971
389 158 80.9717
6 159 33.8983
16 159 31.2989
47 159 33.8983
50 159 33.8983
51 159 33.8983
147 159 7.84314
148 159 7.84314
166 159 8.15661
389 159 80.9717
6 160 33.8983
7 160 33.8983
16 160 31.2989
36 160 33.8983
40 160 33.8983
50 160 33.8983
65 160 36.9686
147 160 7.84314
151 160 7.9968
152 160 7.9968
166 160 8.15661
6 161 31.2989
7 161 31.2989
40 161 33.8983
45 161 33.8983
72 161 36.9686
146 161 7.84314
147 161 7.84314
151 161 7.9968
155 161 7.9968
166 161 8.15661
6 162 33.8983
7 162 33.8983
31 162 31.2989
40 162 33.8983
72 162 36.9686
73 162 36.9686
146 162 7.84314
149 162 7.9968
155 162 7.9968
166 162 8.15661
6 163 33.8983
7 163 33.8983
31 163 31.2989
36 163 33.8983
40 163 33.8983
87 163 45.1467
145 163 7.84314
146 163 7.84314
155 163 7.9968
166 163 8.15661
628 163 33.8983
629 163 33.8983
6 164 31.2989
7 164 31.2989
31 164 31.2989
36 164 33.8983
40 164 33.8983
145 164 7.84314
160 164 7.9968
166 164 8.15661
619 164 36.9686
628 164 33.8983
40 165 33.8983
145 165 7.84314
160 165 7.9968
166 165 8.15661
619 165 36.9686
620 165 36.9686
625 165 33.8983
7 166 31.2989
54 166 33.8983
56 166 36.9686
57 166 40.6504
66 166 36.9686
82 166 36.9686
144 166 7.84314
145 166 7.84314
160 166 7.9968
166 166 8.15661
620 166 36.9686
621 166 36.9686
625 166 33.8983
53 167 33.8983
76 167 36.9686
77 167 36.9686
82 167 36.9686
144 167 7.84314
145 167 7.84314
160 167 7.9968
166 167 8.15661
500 167 29.0698
501 167 29.0698
590 167 18.5185
595 167 18.5185
52 168 33.8983
76 168 36.9686
144 168 7.84314
145 168 7.84314
160 168 7.9968
166 168 8.15661
590 168 18.5185
8 169 31.2989
51 169 33.8983
52 169 33.8983
75 169 36.9686
76 169 36.9686
144 169 7.84314
145 169 7.84314
160 169 7.9968
166 169 8.15661
72 170 36.9686
73 170 36.9686
144 170 7.84314
145 170 7.84314
160 170 7.9968
161 170 7.9968
166 170 8.15661
39 171 33.8983
51 171 33.8983
71 171 36.9686
72 171 36.9686
115 171 45.1467
144 171 7.84314
145 171 7.84314
161 171 7.9968
166 171 8.15661
634 171 33.8983
635 171 33.8983
34 172 33.8983
46 172 33.8983
115 172 45.1467
144 172 7.84314
145 172 7.84314
166 172 8.15661
634 172 33.8983
635 172 33.8983
636 172 33.8983
34 173 33.8983
46 173 33.8983
115 173 45.1467
144 173 7.84314
166 173 8.15661
634 173 33.8983
39 174 33.8983
58 174 36.9686
59 174 36.9686
63 174 36.9686
67 174 36.9686
79 174 40.6504
144 174 7.84314
145 174 7.84314
166 174 8.15661
589 174 18.5185
630 174 33.8983
634 174 33.8983
39 175 33.8983
53 175 33.8983
144 175 7.9968
166 175 8.15661
199 175 50.7614
609 175 36.9686
610 175 36.9686
611 175 36.9686
634 175 33.8983
9 176 31.2989
34 176 33.8983
39 176 33.8983
43 176 33.8983
47 176 33.8983
144 176 7.9968
147 176 7.84314
166 176 8.15661
8 177 31.2989
9 177 31.2989
81 177 36.9686
144 177 7.9968
147 177 7.84314
316 177 200
317 177 200
6 178 29.0698
9 178 31.2989
19 178 31.2989
147 178 7.84314
167 178 7.9968
586 178 18.5185
6 179 29.0698
9 179 31.2989
19 179 31.2989
47 179 33.8983
48 179 33.8983
52 179 36.9686
55 179 36.9686
147 179 7.84314
159 179 7.9968
166 179 7.9968
167 179 7.9968
9 180 31.2989
19 180 31.2989
52 180 36.9686
73 180 36.9686
110 180 45.1467
144 180 7.84314
147 180 7.84314
158 180 7.9968
159 180 7.9968
388 180 67.5676
6 181 29.0698
9 181 31.2989
19 181 31.2989
72 181 36.9686
73 181 36.9686
144 181 7.84314
157 181 7.9968
158 181 7.9968
167 181 7.9968
265 181 101.01
269 181 67.5676
6 182 29.0698
9 182 31.2989
14 182 29.0698
15 182 29.0698
72 182 36.9686
144 182 7.84314
156 182 7.9968
166 182 7.9968
167 182 7.9968
453 182 57.971
454 182 57.971
8 183 31.2989
9 183 31.2989
14 183 29.0698
30 183 33.8983
57 183 33.8983
58 183 33.8983
144 183 7.84314
145 183 7.84314
157 183 7.9968
166 183 7.9968
167 183 7.9968
14 184 29.0698
15 184 29.0698
57 184 33.8983
58 184 33.8983
145 184 7.84314
157 184 7.9968
166 184 7.9968
167 184 7.9968
14 185 29.0698
15 185 29.0698
57 185 33.8983
58 185 33.8983
145 185 7.84314
157 185 7.9968
166 185 7.9968
167 185 7.9968
449 185 80.9717
450 185 67.5676
451 185 57.971
452 185 57.971
453 185 50.7614
454 185 50.7614
14 186 31.2989
29 186 31.2989
30 186 31.2989
57 186 33.8983
71 186 36.9686
72 186 36.9686
145 186 7.84314
157 186 7.9968
166 186 7.9968
167 186 7.9968
448 186 101.01
449 186 80.9717
450 186 67.5676
451 186 57.971
452 186 57.971
453 186 50.7614
29 187 31.2989
145 187 7.84314
146 187 7.84314
157 187 7.9968
167 187 7.9968
448 187 101.01
450 187 67.5676
451 187 57.971
452 187 57.971
15 188 31.2989
29 188 31.2989
146 188 7.84314
157 188 7.9968
166 188 7.9968
167 188 7.9968
585 188 18.5185
15 189 31.2989
29 189 31.2989
42 189 33.8983
51 189 33.8983
57 189 33.8983
58 189 33.8983
157 189 7.9968
166 189 7.9968
167 189 7.9968
585 189 18.5185
15 190 31.2989
20 190 31.2989
51 190 33.8983
58 190 33.8983
148 190 7.69527
157 190 7.9968
166 190 7.9968
167 190 7.9968
9 191 29.0698
15 191 31.2989
20 191 31.2989
29 191 31.2989
51 191 33.8983
57 191 33.8983
58 191 33.8983
148 191 7.55287
157 191 7.9968
167 191 7.9968
458 191 101.01
459 191 80.9717
460 191 80.9717
461 191 80.9717
462 191 80.9717
546 191 200
564 191 29.0698
595 191 18.5185
20 192 31.2989
29 192 31.2989
58 192 33.8983
148 192 7.55287
149 192 7.55287
167 192 7.9968
458 192 101.01
459 192 80.9717
460 192 80.9717
461 192 80.9717
20 193 31.2989
29 193 31.2989
30 193 31.2989
149 193 7.55287
157 193 7.9968
167 193 7.9968
460 193 80.9717
15 194 31.2989
20 194 31.2989
29 194 31.2989
30 194 31.2989
41 194 33.8983
52 194 33.8983
149 194 7.55287
157 194 7.9968
167 194 7.9968
20 195 31.2989
24 195 31.2989
41 195 33.8983
51 195 33.8983
52 195 33.8983
167 195 7.9968
9 196 29.0698
12 196 31.2989
20 196 31.2989
24 196 31.2989
167 196 7.9968
493 196 23.9521
499 196 45.1467
512 196 23.9521
513 196 23.9521
514 196 23.9521
515 196 23.9521
9 197 29.0698
29 197 31.2989
30 197 31.2989
57 197 33.8983
58 197 33.8983
167 197 7.9968
517 197 23.9521
518 197 22.6244
519 197 22.6244
520 197 22.6244
6 198 29.0698
9 198 29.0698
20 198 31.2989
29 198 31.2989
30 198 31.2989
42 198 33.8983
155 198 7.9968
156 198 7.9968
167 198 7.9968
520 198 22.6244
6 199 29.0698
9 199 29.0698
20 199 31.2989
29 199 31.2989
155 199 7.9968
156 199 7.9968
167 199 7.9968
587 199 18.5185
6 200 29.0698
9 200 29.0698
10 200 29.0698
20 200 31.2989
155 200 7.9968
156 200 7.9968
167 200 7.9968
377 200 101.01
6 201 29.0698
9 201 29.0698
10 201 29.0698
20 201 31.2989
24 201 31.2989
71 201 36.9686
72 201 36.9686
155 201 7.9968
156 201 7.9968
167 201 7.9968
432 201 101.01
433 201 101.01
486 201 22.6244
487 201 22.6244
493 201 23.9521
502 201 25.4453
503 201 25.4453
518 201 22.6244
521 201 22.6244
6 202 29.0698
24 202 31.2989
58 202 33.8983
71 202 36.9686
155 202 7.9968
156 202 7.9968
167 202 7.9968
434 202 101.01
435 202 101.01
486 202 22.6244
487 202 22.6244
6 203 29.0698
19 203 31.2989
58 203 33.8983
155 203 7.9968
156 203 7.9968
167 203 7.9968
452 203 36.9686
453 203 36.9686
454 203 33.8983
455 203 33.8983
456 203 31.2989
486 203 22.6244
519 203 22.6244
10 204 31.2989
16 204 31.2989
19 204 31.2989
155 204 7.9968
156 204 7.9968
167 204 8.15661
268 204 134.228
269 204 134.228
270 204 134.228
486 204 22.6244
519 204 22.6244
522 204 22.6244
19 205 31.2989
81 205 36.9686
155 205 7.9968
156 205 7.9968
167 205 8.15661
384 205 134.228
386 205 134.228
522 205 22.6244
19 206 31.2989
42 206 33.8983
58 206 33.8983
81 206 36.9686
155 206 7.9968
156 206 7.9968
167 206 8.15661
486 206 22.6244
10 207 31.2989
11 207 31.2989
16 207 31.2989
19 207 31.2989
155 207 7.9968
156 207 7.9968
167 207 8.15661
493 207 23.9521
520 207 22.6244
594 207 18.5185
10 208 31.2989
16 208 31.2989
19 208 31.2989
24 208 31.2989
155 208 7.9968
156 208 7.9968
167 208 8.15661
403 208 134.228
493 208 23.9521
520 208 22.6244
10 209 31.2989
19 209 31.2989
24 209 31.2989
58 209 33.8983
155 209 7.9968
156 209 7.9968
167 209 8.15661
387 209 67.5676
438 209 33.8983
485 209 22.6244
486 209 22.6244
493 209 23.9521
523 209 22.6244
19 210 31.2989
43 210 33.8983
44 210 33.8983
58 210 33.8983
78 210 36.9686
83 210 45.1467
155 210 7.9968
156 210 7.9968
438 210 33.8983
457 210 25.4453
485 210 22.6244
486 210 22.6244
523 210 22.6244
524 210 22.6244
19 211 31.2989
78 211 36.9686
88 211 50.7614
155 211 7.9968
156 211 7.9968
456 211 25.4453
457 211 25.4453
524 211 22.6244
590 211 17.7148
19 212 31.2989
88 212 50.7614
155 212 7.9968
156 212 7.9968
397 212 101.01
398 212 101.01
399 212 101.01
461 212 21.4362
19 213 31.2989
23 213 33.8983
136 213 33.8983
155 213 7.9968
156 213 7.9968
547 213 19.3986
548 213 19.3986
549 213 19.3986
19 214 31.2989
23 214 33.8983
45 214 33.8983
48 214 33.8983
135 214 33.8983
155 214 7.9968
443 214 31.2989
549 214 19.3986
550 214 18.5185
551 214 18.5185
552 214 17.7148
19 215 31.2989
45 215 33.8983
134 215 33.8983
566 215 14.556
19 216 31.2989
57 216 33.8983
58 216 33.8983
588 216 17.7148
589 216 16.9779
628 216 14.556
19 217 31.2989
66 217 36.9686
545 217 19.3986
546 217 19.3986
547 217 19.3986
548 217 18.5185
561 217 14.556
562 217 14.0548
563 217 14.0548
586 217 18.5185
587 217 17.7148
588 217 17.7148
589 217 16.9779
590 217 16.9779
591 217 16.2999
592 217 13.1492
629 217 14.556
630 217 14.556
631 217 14.0548
632 217 13.587
633 217 13.587
634 217 13.1492
53 218 33.8983
559 218 15.0943
632 218 13.587
633 218 13.587
634 218 13.1492
635 218 12.7389
636 218 12.7389
637 218 12.3533
3 219 29.0698
15 219 31.2989
29 219 33.8983
30 219 33.8983
52 219 33.8983
53 219 33.8983
119 219 40.6504
155 219 7.9968
480 219 22.6244
481 219 22.6244
557 219 15.0943
14 220 29.0698
15 220 29.0698
52 220 33.8983
53 220 33.8983
495 220 23.9521
496 220 23.9521
593 220 13.1492
594 220 13.1492
595 220 13.1492
14 221 29.0698
53 221 33.8983
439 221 31.2989
440 221 31.2989
540 221 19.3986
587 221 13.1492
593 221 13.1492
594 221 13.1492
595 221 13.1492
618 221 15.674
619 221 15.674
620 221 15.674
621 221 15.0943
622 221 15.0943
623 221 15.0943
14 222 29.0698
18 222 31.2989
58 222 33.8983
440 222 31.2989
507 222 20.3666
508 222 20.3666
539 222 19.3986
595 222 13.1492
621 222 15.0943
58 223 33.8983
481 223 21.4362
514 223 19.3986
594 223 13.1492
595 223 13.1492
596 223 13.1492
156 224 7.9968
460 224 25.4453
481 224 21.4362
595 224 13.1492
596 224 13.1492
625 224 15.0943
3 225 31.2989
43 225 33.8983
47 225 33.8983
58 225 33.8983
155 225 7.9968
156 225 7.9968
460 225 25.4453
493 225 20.3666
494 225 20.3666
531 225 18.5185
532 225 18.5185
587 225 13.1492
595 225 13.1492
596 225 13.1492
17 226 31.2989
156 226 7.9968
425 226 36.9686
587 226 13.1492
595 226 13.1492
596 226 13.1492
622 226 15.0943
623 226 15.0943
17 227 31.2989
58 227 33.8983
156 227 7.9968
473 227 23.9521
474 227 23.9521
476 227 22.6244
477 227 22.6244
481 227 22.6244
587 227 13.1492
596 227 12.7389
597 227 12.7389
623 227 15.0943
624 227 15.0943
58 228 33.8983
473 228 23.9521
481 228 22.6244
522 228 17.7148
523 228 17.7148
540 228 15.0943
541 228 15.0943
542 228 15.0943
587 228 13.1492
595 228 13.1492
596 228 12.7389
597 228 12.7389
598 228 12.7389
624 228 15.0943
17 229 31.2989
450 229 29.0698
458 229 25.4453
473 229 23.9521
481 229 22.6244
505 229 19.3986
506 229 19.3986
522 229 17.7148
523 229 17.7148
524 229 17.7148
530 229 17.7148
531 229 17.7148
532 229 17.7148
537 229 16.2999
538 229 15.674
539 229 15.674
540 229 15.0943
541 229 15.0943
542 229 15.0943
544 229 14.556
587 229 13.1492
596 229 12.7389
597 229 12.7389
598 229 12.7389
627 229 14.0548
441 230 31.2989
473 230 23.9521
481 230 22.6244
505 230 19.3986
506 230 19.3986
530 230 17.7148
531 230 17.7148
540 230 15.0943
541 230 15.0943
597 230 12.7389
598 230 12.7389
20 231 31.2989
472 231 23.9521
473 231 23.9521
524 231 17.7148
547 231 15.0943
586 231 13.1492
587 231 13.1492
597 231 12.7389
598 231 12.7389
599 231 12.7389
600 231 12.3533
624 231 12.7389
625 231 12.7389
20 232 31.2989
33 232 31.2989
49 232 33.8983
473 232 23.9521
474 232 23.9521
517 232 17.7148
524 232 17.7148
534 232 17.7148
535 232 17.7148
546 232 15.0943
547 232 15.0943
624 232 12.7389
625 232 12.7389
20 233 31.2989
33 233 31.2989
48 233 33.8983
49 233 33.8983
473 233 23.9521
488 233 20.3666
489 233 19.3986
517 233 17.7148
524 233 17.7148
525 233 17.7148
534 233 17.7148
535 233 17.7148
156 234 7.69527
473 234 23.9521
474 234 23.9521
488 234 20.3666
489 234 19.3986
491 234 19.3986
517 234 17.7148
525 234 17.7148
167 235 8.15661
523 235 17.7148
524 235 17.7148
525 235 17.7148
526 235 17.7148
20 236 31.2989
104 236 33.8983
167 236 8.15661
459 236 25.4453
460 236 25.4453
464 236 25.4453
532 236 16.2999
608 236 12.7389
20 237 31.2989
104 237 33.8983
167 237 8.15661
459 237 25.4453
460 237 25.4453
464 237 25.4453
465 237 25.4453
509 237 18.5185
510 237 18.5185
511 237 18.5185
531 237 16.2999
532 237 16.2999
587 237 12.7389
588 237 12.7389
608 237 12.7389
609 237 12.7389
624 237 12.7389
460 238 25.4453
531 238 16.2999
537 238 15.674
538 238 15.674
587 238 12.7389
588 238 12.7389
609 238 12.7389
610 238 12.7389
156 239 7.84314
509 239 18.5185
538 239 15.674
539 239 15.674
588 239 12.7389
167 240 7.9968
588 240 12.7389
167 241 7.9968
534 241 15.674
535 241 15.674
536 241 15.674
612 241 12.7389
613 241 12.3533
614 241 12.3533
615 241 12.3533
167 242 7.9968
535 242 15.674
536 242 15.674
537 242 15.674
613 242 12.3533
614 242 12.3533
167 243 7.9968
514 243 17.7148
515 243 17.7148
537 243 15.674
614 243 12.3533
629 243 19.3986
632 243 16.9779
156 244 8.15661
167 244 7.9968
514 244 17.7148
515 244 17.7148
529 244 16.2999
537 244 15.674
156 245 7.9968
167 245 7.9968
515 245 17.7148
537 245 15.674
538 245 15.674
614 245 12.3533
615 245 12.3533
616 245 12.3533
619 245 12.3533
167 246 7.9968
489 246 20.3666
490 246 20.3666
491 246 20.3666
495 246 20.3666
514 246 17.7148
515 246 17.7148
516 246 17.7148
537 246 15.674
538 246 15.674
637 246 13.587
156 247 7.9968
167 247 7.9968
489 247 20.3666
490 247 20.3666
491 247 20.3666
495 247 20.3666
514 247 17.7148
515 247 17.7148
516 247 17.7148
537 247 15.674
538 247 15.674
572 247 13.587
573 247 13.587
167 248 7.9968
489 248 20.3666
490 248 20.3666
491 248 20.3666
515 248 17.7148
571 248 13.587
572 248 13.587
573 248 13.587
577 248 13.1492
578 248 13.1492
579 248 13.1492
167 249 7.9968
490 249 20.3666
491 249 20.3666
510 249 18.5185
514 249 17.7148
570 249 13.587
571 249 13.587
572 249 13.587
578 249 13.1492
579 249 13.1492
580 249 13.1492
606 249 12.3533
607 249 12.3533
167 250 7.9968
510 250 18.5185
538 250 15.674
539 250 15.674
570 250 13.587
571 250 13.587
572 250 13.587
579 250 13.1492
580 250 12.7389
156 251 7.9968
167 251 7.9968
510 251 18.5185
538 251 15.674
539 251 15.674
571 251 13.587
580 251 12.7389
156 252 7.9968
167 252 7.9968
513 252 17.7148
514 252 17.7148
539 252 15.674
569 252 13.587
570 252 13.587
571 252 13.587
581 252 13.1492
156 253 7.9968
167 253 7.9968
513 253 17.7148
514 253 17.7148
515 253 17.7148
538 253 15.674
539 253 15.674
540 253 15.674
569 253 13.587
570 253 13.587
571 253 13.587
581 253 13.1492
582 253 13.1492
156 254 7.9968
167 254 7.9968
539 254 15.674
540 254 15.674
569 254 13.587
570 254 13.587
581 254 12.7389
582 254 12.7389
167 255 7.9968
539 255 15.674
540 255 15.674
570 255 13.587
167 256 7.9968
534 256 15.674
569 256 14.0548
570 256 14.0548
582 256 13.1492
583 256 13.1492
156 257 7.9968
167 257 7.9968
566 257 15.0943
567 257 14.556
568 257 14.0548
569 257 14.0548
570 257 14.0548
583 257 13.1492
156 258 7.9968
167 258 7.9968
528 258 16.2999
529 258 16.2999
530 258 16.2999
568 258 14.0548
569 258 14.0548
570 258 14.0548
583 258 12.7389
156 259 7.9968
167 259 7.9968
529 259 16.2999
530 259 15.674
570 259 14.0548
583 259 12.7389
584 259 12.7389
156 260 7.9968
167 260 7.9968
530 260 15.674
531 260 15.674
570 260 13.587
584 260 13.1492
156 261 7.9968
167 261 7.9968
531 261 15.674
532 261 15.674
569 261 13.587
570 261 13.587
167 262 7.9968
531 262 15.674
532 262 15.674
533 262 15.674
570 262 13.587
571 262 13.587
584 262 12.7389
585 262 12.7389
156 263 7.9968
167 263 7.9968
585 263 12.7389
156 264 7.9968
167 264 7.9968
585 264 12.7389
586 264 12.7389
597 264 12.7389
598 264 12.7389
599 264 12.7389
600 264 12.3533
602 264 11.9904
167 265 7.9968
571 265 13.587
578 265 13.1492
579 265 13.1492
586 265 12.7389
596 265 12.7389
597 265 12.7389
598 265 12.7389
156 266 7.9968
167 266 7.9968
168 266 7.9968
571 266 13.587
577 266 13.1492
578 266 13.1492
579 266 13.1492
595 266 13.1492
596 266 12.7389
156 267 7.9968
167 267 7.9968
577 267 13.1492
578 267 13.1492
156 268 7.9968
623 268 13.587
624 268 13.587
625 268 13.587
626 268 13.587
631 270 14.0548
632 270 13.587
633 270 13.587
634 270 13.587
580 271 13.1492
581 271 13.1492
633 271 13.587
634 271 13.587
156 272 8.15661
546 272 13.587
580 272 13.1492
634 272 13.587
635 272 13.1492
636 272 13.1492
572 273 14.0548
573 273 14.0548
594 276 12.7389
156 277 7.9968
156 278 7.9968
156 279 7.9968
156 280 7.9968
156 281 7.9968
201 281 11.325
202 281 11.325
156 282 7.9968
202 282 11.325
156 283 7.9968
181 283 10.1937
126 284 11.0193
156 284 7.84314
192 284 10.4548
196 284 10.4548
156 285 7.84314
192 285 10.4548
198 285 10.4548
155 286 7.84314
156 286 7.84314
195 286 10.4548
128 287 10.4548
196 287 10.4548
168 288 7.9968
633 288 11.0193
97 289 10.1937
633 289 11.0193
93 290 9.9453
168 290 7.9968
183 290 10.1937
184 290 10.1937
168 291 7.9968
187 291 9.9453
97 292 9.70874
64 293 9.70874
65 293 9.70874
145 293 9.48317
64 294 9.70874
65 294 9.70874
72 295 9.26784
93 295 9.48317
172 295 9.26784
173 295 9.26784
88 296 9.48317
89 296 9.48317
94 296 9.48317
100 296 9.26784
104 296 9.06207
173 296 9.26784
174 296 9.26784
48 297 9.26784
101 297 9.26784
115 297 9.26784
192 297 9.06207
459 297 9.9453
48 298 9.26784
121 298 8.86525
192 298 9.06207
193 298 9.06207
453 298 10.4548
455 298 10.4548
459 298 9.9453
460 298 9.9453
76 299 9.06207
116 299 9.26784
126 299 8.86525
131 299 9.06207
193 299 9.06207
204 299 9.06207
460 299 9.9453
461 299 9.9453
66 300 8.86525
127 300 8.86525
128 300 8.86525
128 301 8.86525
196 301 8.86525
203 301 9.06207
65 302 8.86525
174 302 8.67679
175 302 8.67679
29 303 8.86525
50 303 8.49618
61 303 8.67679
62 303 8.67679
168 303 8.67679
169 303 8.49618
170 303 8.49618
171 303 8.67679
29 304 8.86525
47 304 8.49618
48 304 8.49618
50 304 8.49618
51 304 8.49618
56 304 8.67679
101 304 8.32293
102 304 8.32293
128 304 8.49618
133 304 8.32293
168 304 8.67679
169 304 8.49618
170 304 8.49618
171 304 8.67679
25 305 8.49618
47 305 8.49618
71 305 8.32293
93 305 8.32293
102 305 8.32293
107 305 8.32293
133 305 8.32293
310 305 9.70874
65 306 8.49618
93 306 8.32293
99 306 8.32293
103 306 8.32293
129 306 8.15661
15 307 8.32293
17 307 8.32293
39 307 8.32293
65 307 8.49618
78 307 8.32293
86 307 8.15661
109 307 8.32293
129 307 8.15661
168 307 8.15661
211 307 8.49618
16 308 8.32293
56 308 8.15661
78 308 8.32293
83 308 8.15661
86 308 8.15661
208 308 8.49618
209 308 8.49618
52 309 8.32293
83 309 8.15661
185 309 8.15661
209 309 8.49618
52 310 8.32293
93 310 7.69527
93 311 7.69527
94 311 7.69527
181 311 7.9968
20 312 7.9968
90 312 7.69527
94 312 7.69527
181 312 7.9968
182 312 7.9968
219 312 8.32293
77 313 7.84314
90 313 7.69527
94 313 7.69527
108 313 7.69527
135 313 7.69527
182 313 7.9968
22 314 7.69527
23 314 7.55287
84 314 7.69527
90 314 7.69527
205 314 7.9968
206 314 7.9968
23 315 7.55287
60 315 7.69527
90 315 7.69527
186 315 7.55287
207 315 7.9968
60 316 7.69527
203 316 7.9968
23 317 7.41565
52 317 7.55287
55 317 7.55287
81 317 7.55287
82 317 7.55287
163 317 7.28332
164 317 7.28332
169 317 7.55287
170 317 7.55287
200 317 7.84314
23 318 7.28332
82 318 7.55287
83 318 7.55287
86 318 7.55287
134 318 7.41565
160 318 7.28332
169 318 7.55287
170 318 7.55287
171 318 7.55287
19 319 7.15564
23 319 7.28332
37 319 7.41565
87 319 7.55287
160 319 7.28332
19 320 7.15564
23 320 7.15564
130 320 7.15564
156 320 7.15564
162 320 7.28332
78 321 7.03235
113 321 7.03235
156 321 7.15564
159 321 7.15564
163 321 7.15564
215 321 7.9968
78 322 7.03235
80 322 7.15564
82 322 7.15564
98 322 7.15564
113 322 7.03235
158 322 7.15564
159 322 7.15564
160 322 7.15564
173 322 7.28332
181 322 7.28332
160 323 7.03235
161 323 7.03235
69 324 6.91324
124 324 6.91324
162 324 7.03235
163 324 6.91324
66 325 6.91324
67 325 6.91324
105 325 6.91324
106 325 6.7981
125 325 6.91324
159 325 7.03235
163 325 6.91324
164 325 6.91324
33 326 6.91324
39 326 6.91324
51 326 6.91324
66 326 6.91324
67 326 6.91324
103 326 6.91324
106 326 6.7981
107 326 6.7981
131 326 6.7981
159 326 7.03235
33 327 6.91324
34 327 6.91324
35 327 6.91324
36 327 6.91324
101 327 6.7981
102 327 6.7981
107 327 6.7981
148 327 6.68673
160 327 7.03235
18 328 6.47459
36 328 6.91324
59 328 6.7981
101 328 6.7981
102 328 6.7981
140 328 6.68673
141 328 6.68673
148 328 6.68673
149 328 6.68673
152 328 6.68673
16 329 6.47459
70 329 6.68673
71 329 6.68673
101 329 6.7981
102 329 6.7981
103 329 6.7981
104 329 6.68673
133 329 6.68673
134 329 6.68673
141 329 6.68673
152 329 6.68673
495 329 7.55287
504 329 7.03235
12 330 6.57895
13 330 6.57895
16 330 6.47459
65 330 6.68673
66 330 6.68673
71 330 6.68673
133 330 6.68673
134 330 6.68673
135 330 6.68673
136 330 6.68673
146 330 6.68673
162 330 6.68673
163 330 6.68673
169 330 6.7981
495 330 7.55287
496 330 7.41565
497 330 7.41565
498 330 7.28332
499 330 7.15564
505 330 7.03235
506 330 7.03235
5 331 6.57895
11 331 6.57895
12 331 6.57895
47 331 6.27549
65 331 6.68673
66 331 6.68673
67 331 6.68673
5 332 6.57895
47 332 6.27549
48 332 6.27549
69 332 6.57895
104 332 6.47459
144 332 6.68673
157 332 6.57895
167 332 6.68673
47 333 6.27549
48 333 6.27549
104 333 6.47459
123 333 6.37349
135 333 6.47459
153 333 6.47459
167 333 6.68673
141 334 6.47459
61 335 6.37349
89 335 6.37349
142 335 6.47459
61 336 6.37349
62 336 6.37349
75 336 6.27549
76 336 6.27549
77 336 6.27549
78 336 6.27549
43 337 6.18047
151 337 6.37349
44 338 6.08828
152 338 6.27549
39 339 6.08828
51 339 6.18047
56 339 6.08828
57 339 6.08828
152 339 6.27549
153 339 6.27549
39 340 6.08828
40 340 6.08828
44 340 6.08828
51 340 6.08828
52 340 6.08828
80 340 6.08828
98 340 5.9988
152 340 6.27549
153 340 6.27549
154 340 6.27549
40 341 5.9988
41 341 5.9988
45 341 6.08828
52 341 6.08828
75 341 6.08828
81 341 6.08828
95 341 5.91191
98 341 5.91191
153 341 6.27549
154 341 6.27549
41 342 5.9988
45 342 6.08828
52 342 6.08828
53 342 6.08828
63 342 5.82751
75 342 6.08828
76 342 6.08828
95 342 5.91191
99 342 5.91191
146 342 6.27549
149 342 6.08828
41 343 5.9988
45 343 5.9988
63 343 5.82751
64 343 5.91191
66 343 5.82751
67 343 5.82751
95 343 5.91191
96 343 5.91191
97 343 5.91191
119 343 5.91191
129 343 5.9988
136 343 5.9988
149 343 6.08828
635 343 6.57895
40 344 5.9988
41 344 5.9988
42 344 5.9988
67 344 5.82751
96 344 5.91191
97 344 5.91191
98 344 5.91191
119 344 5.91191
136 344 5.9988
137 344 5.9988
150 344 6.08828
8 345 5.66572
76 345 5.82751
77 345 5.82751
167 345 6.08828
169 345 6.08828
7 346 5.66572
8 346 5.66572
59 346 5.74548
77 346 5.82751
129 346 5.91191
160 346 6.08828
59 347 5.74548
78 347 5.82751
92 347 5.82751
130 347 5.91191
634 347 6.37349
635 347 6.37349
51 348 5.66572
59 348 5.66572
84 348 5.66572
88 348 5.74548
155 348 5.91191
156 348 5.91191
634 348 6.37349
635 348 6.37349
32 349 5.66572
33 349 5.66572
51 349 5.66572
57 349 5.66572
84 349 5.66572
85 349 5.66572
121 349 5.82751
155 349 5.91191
156 349 5.91191
157 349 5.91191
29 350 5.58815
30 350 5.66572
33 350 5.66572
41 350 5.66572
51 350 5.66572
52 350 5.66572
57 350 5.66572
67 350 5.58815
85 350 5.66572
156 350 5.91191
157 350 5.91191
29 351 5.58815
30 351 5.66572
38 351 5.58815
41 351 5.58815
42 351 5.58815
85 351 5.66572
91 351 5.58815
106 351 5.51268
30 352 5.58815
38 352 5.58815
39 352 5.58815
61 352 5.51268
62 352 5.51268
71 352 5.43922
80 352 5.43922
91 352 5.58815
124 352 5.66572
38 353 5.58815
39 353 5.58815
62 353 5.51268
66 353 5.43922
71 353 5.43922
72 353 5.43922
80 353 5.43922
81 353 5.43922
87 353 5.51268
88 353 5.51268
121 353 5.58815
67 354 5.43922
80 354 5.43922
81 354 5.43922
87 354 5.51268
88 354 5.51268
109 354 5.58815
121 354 5.58815
122 354 5.66572
67 355 5.43922
81 355 5.36769
88 355 5.51268
89 355 5.51268
109 355 5.58815
110 355 5.58815
109 356 5.51268
143 356 5.66572
144 356 5.66572
62 358 5.23013
63 358 5.23013
98 358 5.23013
108 358 5.51268
172 358 5.91191
173 358 5.91191
245 358 5.9988
63 359 5.16396
68 359 5.29801
70 359 5.23013
71 359 5.23013
96 359 5.23013
170 359 5.9988
58 360 5.43922
59 360 5.36769
61 360 5.23013
67 360 5.29801
68 360 5.29801
101 360 5.23013
102 360 5.23013
170 360 5.9988
171 360 5.91191
61 361 5.16396
83 361 5.09944
102 361 5.23013
80 362 5.09944
88 362 5.16396
95 362 5.09944
80 363 5.09944
88 363 5.16396
89 363 5.16396
137 363 5.43922
81 364 5.09944
89 364 5.16396
103 364 5.16396
104 364 5.16396
105 364 5.16396
98 366 4.97512
131 366 5.23013
132 366 5.23013
33 367 4.91521
78 367 4.97512
79 367 4.97512
93 367 5.03651
94 367 5.03651
132 367 5.23013
563 367 5.58815
11 368 5.29801
50 368 4.85673
80 368 4.97512
149 368 5.43922
10 369 5.29801
23 369 4.85673
50 369 4.85673
51 369 4.85673
68 369 4.85673
510 369 5.58815
511 369 5.58815
9 370 5.29801
12 370 5.03651
13 370 5.03651
15 370 5.09944
23 370 4.85673
33 370 4.85673
52 370 4.85673
78 370 4.97512
81 370 4.97512
89 370 4.97512
124 370 5.16396
125 370 5.16396
510 370 5.58815
511 370 5.58815
5 371 4.97512
10 371 4.91521
12 371 4.97512
19 371 4.74383
32 371 4.85673
37 371 4.79962
54 371 4.79962
55 371 4.79962
64 371 4.79962
82 371 4.97512
125 371 5.16396
3 372 4.91521
5 372 4.97512
9 372 4.85673
10 372 4.85673
18 372 4.74383
19 372 4.74383
32 372 4.85673
56 372 4.79962
163 372 5.36769
164 372 5.36769
184 372 5.43922
185 372 5.43922
3 373 4.91521
9 373 4.79962
10 373 4.79962
12 373 4.85673
18 373 4.74383
19 373 4.74383
70 373 4.74383
105 373 4.97512
164 373 5.36769
12 374 4.74383
13 374 4.74383
44 374 4.74383
77 374 4.85673
103 374 4.97512
104 374 4.97512
157 374 5.36769
183 374 5.43922
184 374 5.43922
12 375 4.74383
13 375 4.74383
44 375 4.74383
77 375 4.85673
86 375 4.85673
88 375 4.85673
104 375 4.97512
12 376 4.74383
13 376 4.74383
44 376 4.74383
86 376 4.85673
87 376 4.85673
144 377 5.23013
43 378 4.68933
104 378 4.91521
144 378 5.23013
504 378 5.23013
32 379 4.53309
105 379 4.91521
142 379 5.23013
32 380 4.53309
33 380 4.53309
59 380 4.63607
32 381 4.53309
33 381 4.53309
5 382 4.53309
33 382 4.4833
34 382 4.4833
81 382 4.63607
85 382 4.68933
86 382 4.68933
508 382 5.16396
4 383 4.53309
5 383 4.53309
29 383 4.43459
34 383 4.43459
76 383 4.63607
86 383 4.68933
5 384 4.53309
6 384 4.53309
29 384 4.43459
30 384 4.43459
48 384 4.53309
51 384 4.4833
59 384 4.4833
60 384 4.4833
29 385 4.38693
30 385 4.38693
31 385 4.38693
48 385 4.4833
49 385 4.4833
55 385 4.4833
26 386 4.38693
30 386 4.38693
31 386 4.38693
48 386 4.4833
49 386 4.4833
55 386 4.4833
26 387 4.38693
27 387 4.38693
28 387 4.38693
31 387 4.38693
32 387 4.38693
33 387 4.38693
38 387 4.43459
49 387 4.4833
50 387 4.4833
56 387 4.4833
65 387 4.53309
27 388 4.38693
28 388 4.38693
27 389 4.38693
28 389 4.38693
29 389 4.38693
99 389 4.584
100 389 4.584
28 390 4.34028
29 390 4.34028
77 390 4.4833
100 390 4.584
101 390 4.584
107 390 4.4833
108 390 4.53309
112 390 4.584
29 391 4.34028
30 391 4.34028
112 391 4.584
380 391 4.85673
3 392 4.34028
29 392 4.29461
30 392 4.29461
71 392 4.38693
93 392 4.43459
94 392 4.43459
95 392 4.43459
96 392 4.43459
97 392 4.43459
104 392 4.4833
105 392 4.4833
112 392 4.584
124 392 4.79962
30 393 4.29461
124 393 4.79962
108 394 4.53309
110 394 4.53309
124 394 4.79962
110 395 4.53309
110 396 4.53309
82 397 4.38693
83 397 4.38693
110 397 4.53309
82 398 4.38693
83 398 4.38693
84 398 4.38693
102 398 4.38693
111 398 4.53309
114 398 4.584
115 398 4.584
121 398 4.68933
102 399 4.38693
111 399 4.53309
122 399 4.68933
102 400 4.38693
111 400 4.53309
111 401 4.53309
254 401 4.63607
255 401 4.63607
559 401 4.584
111 402 4.53309
112 402 4.53309
462 402 4.584
463 402 4.584
560 402 4.584
561 402 4.584
10 403 4.2061
56 403 4.1632
74 403 4.24989
75 403 4.24989
563 403 4.53309
57 404 4.1632
75 404 4.24989
51 406 4.12116
45 407 4.07997
68 407 4.07997
69 407 4.07997
10 408 4.03959
55 408 4.07997
66 408 4.07997
67 408 4.07997
69 408 4.07997
70 408 4.12116
10 409 4.03959
66 409 4.07997
67 409 4.07997
68 409 4.07997
69 409 4.07997
70 409 4.12116
11 410 4.03959
70 410 4.07997
203 411 4.34028
154 412 4.34028
155 412 4.34028
491 412 4.34028
492 412 4.34028
200 413 4.34028
201 413 4.34028
235 415 4.24989
633 415 4.2061
634 415 4.2061
635 415 4.1632
115 416 4.24989
617 416 4.34028
618 416 4.29461
619 416 4.24989
620 416 4.24989
624 416 4.1632
625 416 4.12116
626 416 4.12116
629 416 4.07997
632 416 4.1632
633 416 4.1632
634 416 4.1632
635 416 4.12116
636 416 4.07997
637 416 4.03959
541 417 4.24989
542 417 4.24989
618 417 4.29461
619 417 4.24989
620 417 4.24989
621 417 4.2061
622 417 4.1632
623 417 4.1632
624 417 4.1632
625 417 4.12116
626 417 4.12116
627 417 4.12116
628 417 4.12116
629 417 4.07997
630 417 4.07997
632 417 4.1632
633 417 4.1632
634 417 4.1632
635 417 4.12116
636 417 4.07997
637 417 4.03959
621 418 4.2061
622 418 4.1632
623 418 4.1632
624 418 4.1632
625 418 4.12116
626 418 4.12116
627 418 4.12116
628 418 4.12116
629 418 4.07997
630 418 4.07997
631 418 4.12116
632 418 4.12116
633 418 4.12116
634 418 4.12116
635 418 4.03959
636 418 4.03959
637 418 4.03959
32 419 4.03959
398 419 4.2061
399 419 4.2061
31 420 4.03959
617 420 4.12116
30 421 4.03959
90 423 4.12116
391 423 4.12116
124 425 4.03959
349 425 4.07997
469 425 4.03959
86 426 4.07997
87 426 4.07997
167 426 4.07997
168 427 4.07997
437 427 4.03959
438 427 4.03959
555 427 4.03959
556 427 4.03959
441 428 4.03959
555 428 4.03959
556 428 4.03959
350 429 4.03959
367 429 4.03959
168 430 4.03959
169 430 4.03959
