100 3 6.18047
101 3 6.18047
112 3 6.18047
113 3 6.18047
127 3 31.2989
590 3 14.0548
628 3 17.7148
100 4 6.18047
101 4 6.18047
112 4 6.18047
113 4 6.18047
506 4 25.4453
507 4 25.4453
513 4 25.4453
514 4 25.4453
585 4 16.9779
586 4 16.9779
598 4 16.9779
631 4 17.7148
100 5 6.18047
101 5 6.18047
112 5 6.18047
113 5 6.18047
512 5 25.4453
513 5 25.4453
528 5 25.4453
583 5 16.9779
592 5 14.556
100 6 6.18047
101 6 6.18047
112 6 6.18047
113 6 6.18047
508 6 25.4453
512 6 25.4453
524 6 25.4453
525 6 25.4453
528 6 25.4453
582 6 16.9779
583 6 16.9779
585 6 16.9779
587 6 16.9779
591 6 14.556
592 6 14.0548
100 7 6.18047
101 7 6.18047
112 7 6.18047
113 7 6.18047
124 7 33.8983
525 7 25.4453
584 7 16.9779
586 7 16.9779
635 7 36.9686
100 8 6.18047
101 8 6.18047
112 8 6.18047
113 8 6.18047
133 8 33.8983
509 8 25.4453
588 8 16.9779
589 8 16.9779
617 8 50.7614
634 8 36.9686
100 9 6.18047
101 9 6.18047
112 9 6.18047
113 9 6.18047
132 9 31.2989
133 9 31.2989
143 9 31.2989
527 9 25.4453
585 9 16.9779
587 9 16.9779
588 9 16.9779
589 9 16.9779
100 10 6.18047
101 10 6.18047
112 10 6.18047
113 10 6.18047
132 10 31.2989
142 10 31.2989
143 10 31.2989
505 10 25.4453
528 10 25.4453
585 10 16.9779
586 10 16.9779
588 10 16.9779
590 10 16.9779
591 10 16.9779
100 11 6.18047
101 11 6.18047
112 11 6.18047
113 11 6.18047
132 11 31.2989
141 11 31.2989
142 11 31.2989
585 11 16.9779
590 11 16.9779
591 11 16.9779
636 11 16.2999
100 12 6.18047
101 12 6.18047
112 12 6.18047
113 12 6.18047
131 12 31.2989
132 12 31.2989
586 12 16.9779
590 12 16.9779
591 12 16.9779
622 12 16.9779
623 12 16.9779
635 12 16.9779
100 13 6.18047
101 13 6.18047
112 13 6.18047
113 13 6.18047
131 13 33.8983
138 13 33.8983
139 13 33.8983
586 13 16.9779
587 13 16.9779
636 13 16.9779
100 14 6.18047
101 14 6.18047
112 14 6.18047
113 14 6.18047
131 14 33.8983
527 14 25.4453
528 14 25.4453
591 14 16.9779
592 14 16.9779
596 14 15.0943
620 14 16.9779
621 14 16.9779
622 14 16.9779
637 14 16.9779
100 15 6.18047
101 15 6.18047
112 15 6.18047
113 15 6.18047
133 15 33.8983
505 15 27.137
506 15 27.137
526 15 25.4453
527 15 25.4453
587 15 16.9779
588 15 16.9779
591 15 16.9779
592 15 16.9779
595 15 15.0943
620 15 16.9779
621 15 16.9779
636 15 16.9779
100 16 6.18047
101 16 6.18047
112 16 6.18047
113 16 6.18047
505 16 27.137
589 16 17.7148
593 16 16.9779
631 16 36.9686
100 17 6.18047
101 17 6.18047
112 17 6.18047
113 17 6.18047
122 17 33.8983
588 17 17.7148
589 17 17.7148
100 18 6.18047
101 18 6.18047
112 18 6.18047
113 18 6.18047
121 18 33.8983
122 18 33.8983
141 18 33.8983
589 18 16.9779
590 18 16.9779
637 18 16.2999
100 19 6.18047
101 19 6.18047
112 19 6.18047
113 19 6.18047
136 19 33.8983
507 19 25.4453
588 19 17.7148
591 19 16.9779
592 19 16.9779
621 19 17.7148
622 19 17.7148
626 19 36.9686
628 19 36.9686
100 20 6.18047
101 20 6.18047
112 20 6.18047
113 20 6.18047
130 20 31.2989
131 20 31.2989
140 20 33.8983
592 20 16.9779
627 20 36.9686
636 20 16.2999
637 20 16.2999
100 21 6.08828
101 21 6.08828
112 21 6.18047
113 21 6.18047
525 21 25.4453
591 21 16.9779
592 21 16.9779
593 21 16.9779
626 21 36.9686
100 22 6.08828
101 22 6.08828
112 22 6.18047
113 22 6.18047
506 22 27.137
511 22 25.4453
593 22 16.9779
595 22 16.9779
100 23 6.08828
101 23 6.08828
106 23 7.03235
112 23 6.18047
113 23 6.18047
525 23 25.4453
593 23 16.9779
594 23 16.9779
595 23 16.9779
630 23 40.6504
100 24 6.08828
101 24 6.08828
112 24 6.18047
113 24 6.18047
502 24 25.4453
592 24 17.7148
593 24 16.9779
594 24 16.9779
601 24 16.9779
629 24 40.6504
100 25 6.08828
101 25 6.08828
112 25 6.18047
113 25 6.18047
502 25 25.4453
615 25 15.674
636 25 16.9779
637 25 16.9779
100 26 6.18047
101 26 6.18047
112 26 6.18047
113 26 6.18047
129 26 33.8983
130 26 33.8983
141 26 33.8983
584 26 16.9779
585 26 16.9779
586 26 16.9779
587 26 16.9779
588 26 16.2999
614 26 15.674
615 26 15.674
616 26 15.674
633 26 36.9686
635 26 18.5185
100 27 6.18047
101 27 6.18047
112 27 6.18047
113 27 6.18047
129 27 33.8983
130 27 33.8983
509 27 27.137
585 27 16.9779
586 27 16.9779
587 27 16.9779
592 27 17.7148
593 27 17.7148
594 27 17.7148
615 27 15.674
632 27 36.9686
634 27 19.3986
100 28 6.18047
101 28 6.18047
112 28 6.18047
113 28 6.18047
502 28 27.137
503 28 27.137
508 28 27.137
509 28 27.137
591 28 17.7148
592 28 17.7148
593 28 17.7148
594 28 17.7148
637 28 17.7148
100 29 6.18047
101 29 6.18047
112 29 6.18047
113 29 6.18047
139 29 33.8983
140 29 33.8983
502 29 27.137
503 29 27.137
596 29 17.7148
597 29 17.7148
598 29 17.7148
634 29 20.3666
636 29 17.7148
637 29 17.7148
100 30 6.18047
101 30 6.18047
112 30 6.18047
113 30 6.18047
126 30 31.2989
138 30 33.8983
139 30 33.8983
502 30 27.137
503 30 27.137
504 30 27.137
505 30 25.4453
585 30 16.9779
586 30 16.9779
587 30 16.9779
595 30 17.7148
596 30 17.7148
597 30 17.7148
598 30 17.7148
633 30 19.3986
100 31 6.18047
101 31 6.18047
112 31 6.18047
113 31 6.18047
504 31 27.137
595 31 17.7148
596 31 17.7148
597 31 17.7148
598 31 17.7148
100 32 6.18047
101 32 6.18047
112 32 6.18047
113 32 6.18047
586 32 16.9779
587 32 16.9779
588 32 16.9779
635 32 16.9779
636 32 16.2999
100 33 6.18047
101 33 6.18047
112 33 6.18047
113 33 6.18047
136 33 33.8983
137 33 33.8983
587 33 16.9779
588 33 16.9779
589 33 16.9779
590 33 16.2999
602 33 16.2999
635 33 16.9779
100 34 6.18047
101 34 6.18047
112 34 6.18047
113 34 6.18047
114 34 6.18047
127 34 33.8983
137 34 33.8983
586 34 16.9779
587 34 16.9779
588 34 16.9779
589 34 16.9779
615 34 16.2999
100 35 6.18047
101 35 6.18047
112 35 6.18047
113 35 6.18047
137 35 33.8983
586 35 17.7148
587 35 16.9779
588 35 16.9779
637 35 16.9779
100 36 6.18047
101 36 6.18047
112 36 6.18047
113 36 6.18047
134 36 33.8983
506 36 27.137
507 36 27.137
526 36 25.4453
527 36 25.4453
100 37 6.18047
101 37 6.18047
112 37 6.18047
113 37 6.18047
114 37 6.18047
604 37 16.9779
605 37 16.9779
620 37 29.0698
100 38 6.18047
101 38 6.18047
112 38 6.18047
113 38 6.18047
114 38 6.18047
121 38 33.8983
527 38 25.4453
602 38 17.7148
603 38 16.9779
604 38 16.9779
637 38 16.2999
101 39 6.18047
112 39 6.18047
113 39 6.18047
114 39 6.18047
501 39 27.137
585 39 16.9779
586 39 16.9779
587 39 16.9779
635 39 16.2999
636 39 16.2999
637 39 16.2999
100 40 6.18047
101 40 6.18047
112 40 6.18047
113 40 6.18047
114 40 6.18047
501 40 27.137
502 40 27.137
584 40 17.7148
585 40 16.9779
586 40 16.9779
587 40 16.9779
634 40 16.9779
635 40 16.2999
636 40 16.2999
637 40 16.2999
101 41 6.18047
112 41 6.18047
113 41 6.18047
114 41 6.18047
132 41 36.9686
134 41 36.9686
502 41 27.137
566 41 200
582 41 20.3666
585 41 16.9779
586 41 16.9779
637 41 16.2999
100 42 6.18047
101 42 6.18047
112 42 6.18047
113 42 6.18047
114 42 6.18047
590 42 16.9779
591 42 16.9779
637 42 16.2999
100 43 6.18047
101 43 6.18047
112 43 6.18047
113 43 6.18047
114 43 6.18047
525 43 25.4453
589 43 16.9779
590 43 16.9779
591 43 16.9779
592 43 16.9779
637 43 16.2999
100 44 6.18047
101 44 6.18047
112 44 6.18047
113 44 6.18047
114 44 6.18047
132 44 31.2989
133 44 31.2989
503 44 27.137
504 44 27.137
510 44 27.137
590 44 16.9779
591 44 16.9779
592 44 16.9779
637 44 16.2999
100 45 6.08828
101 45 6.08828
112 45 6.18047
113 45 6.18047
114 45 6.18047
125 45 33.8983
126 45 33.8983
132 45 31.2989
133 45 31.2989
504 45 27.137
505 45 25.4453
506 45 25.4453
507 45 25.4453
586 45 17.7148
587 45 17.7148
589 45 17.7148
590 45 16.9779
591 45 16.9779
598 45 12.7389
636 45 16.2999
637 45 16.2999
100 46 6.08828
101 46 6.08828
112 46 6.18047
113 46 6.18047
114 46 6.18047
125 46 33.8983
126 46 33.8983
132 46 31.2989
506 46 25.4453
586 46 16.9779
587 46 17.7148
637 46 16.2999
100 47 6.08828
101 47 6.08828
113 47 6.18047
114 47 6.18047
566 47 200
592 47 16.9779
632 47 20.3666
633 47 20.3666
100 48 6.08828
101 48 6.08828
112 48 6.18047
113 48 6.18047
114 48 6.18047
583 48 17.7148
584 48 17.7148
592 48 16.9779
593 48 16.9779
594 48 16.9779
621 48 17.7148
631 48 20.3666
637 48 16.2999
100 49 6.08828
101 49 6.08828
112 49 6.18047
113 49 6.18047
114 49 6.18047
508 49 25.4453
584 49 17.7148
585 49 17.7148
586 49 16.9779
592 49 16.9779
593 49 16.9779
636 49 16.2999
637 49 16.2999
100 50 6.08828
101 50 6.08828
113 50 6.18047
114 50 6.18047
133 50 31.2989
584 50 17.7148
585 50 16.9779
100 51 6.08828
101 51 6.08828
113 51 6.18047
114 51 6.18047
133 51 31.2989
529 51 25.4453
584 51 17.7148
585 51 17.7148
586 51 16.9779
588 51 16.9779
45 52 31.2989
100 52 6.08828
101 52 6.08828
113 52 6.18047
114 52 6.18047
133 52 31.2989
587 52 16.9779
588 52 16.9779
627 52 16.2999
628 52 16.2999
100 53 6.08828
101 53 6.08828
113 53 6.18047
114 53 6.18047
125 53 31.2989
189 53 45.1467
523 53 25.4453
587 53 16.9779
588 53 16.9779
627 53 16.2999
48 54 33.8983
100 54 6.08828
101 54 6.08828
113 54 6.18047
114 54 6.18047
589 54 16.9779
590 54 16.9779
591 54 16.9779
631 54 16.9779
632 54 16.2999
41 55 31.2989
100 55 6.08828
101 55 6.08828
113 55 6.18047
114 55 6.18047
588 55 16.9779
589 55 16.9779
590 55 16.9779
628 55 17.7148
629 55 16.9779
630 55 16.9779
14 56 31.2989
100 56 6.08828
101 56 6.08828
113 56 6.18047
114 56 6.18047
135 56 31.2989
511 56 25.4453
588 56 16.9779
589 56 16.9779
598 56 16.9779
100 57 6.08828
101 57 6.08828
113 57 6.18047
114 57 6.18047
133 57 31.2989
135 57 31.2989
511 57 25.4453
585 57 20.3666
589 57 17.7148
609 57 17.7148
610 57 17.7148
611 57 17.7148
612 57 16.9779
100 58 6.08828
101 58 6.08828
113 58 6.18047
114 58 6.18047
510 58 25.4453
525 58 25.4453
593 58 17.7148
594 58 17.7148
609 58 17.7148
610 58 17.7148
620 58 16.2999
5 59 31.2989
100 59 6.08828
101 59 6.08828
113 59 6.18047
114 59 6.18047
326 59 33.8983
582 59 16.9779
591 59 17.7148
592 59 17.7148
593 59 17.7148
605 59 20.3666
606 59 20.3666
610 59 17.7148
38 60 31.2989
44 60 31.2989
45 60 31.2989
100 60 6.08828
101 60 6.08828
113 60 6.18047
114 60 6.18047
320 60 33.8983
321 60 33.8983
322 60 33.8983
325 60 33.8983
326 60 33.8983
581 60 16.9779
582 60 16.9779
583 60 16.9779
633 60 15.674
10 61 31.2989
44 61 31.2989
100 61 6.08828
101 61 6.08828
113 61 6.18047
114 61 6.18047
283 61 33.8983
284 61 33.8983
285 61 33.8983
286 61 33.8983
288 61 33.8983
318 61 33.8983
319 61 33.8983
320 61 33.8983
500 61 25.4453
525 61 25.4453
581 61 16.9779
582 61 16.9779
583 61 16.9779
100 62 6.08828
101 62 6.08828
113 62 6.18047
114 62 6.18047
134 62 33.8983
283 62 33.8983
284 62 33.8983
292 62 31.2989
316 62 36.9686
500 62 25.4453
501 62 25.4453
525 62 25.4453
526 62 25.4453
527 62 25.4453
589 62 14.0548
590 62 14.0548
630 62 16.9779
636 62 36.9686
5 63 31.2989
11 63 31.2989
16 63 31.2989
19 63 31.2989
39 63 31.2989
45 63 31.2989
100 63 6.08828
101 63 6.08828
113 63 6.18047
114 63 6.18047
294 63 31.2989
314 63 36.9686
315 63 36.9686
501 63 25.4453
509 63 25.4453
635 63 36.9686
18 64 31.2989
19 64 31.2989
44 64 31.2989
101 64 6.08828
113 64 6.18047
114 64 6.18047
139 64 31.2989
184 64 45.1467
509 64 25.4453
583 64 16.9779
635 64 36.9686
23 65 31.2989
24 65 31.2989
40 65 31.2989
44 65 31.2989
100 65 6.08828
101 65 6.08828
113 65 6.18047
114 65 6.18047
130 65 33.8983
139 65 31.2989
501 65 27.137
580 65 17.7148
581 65 17.7148
582 65 16.9779
583 65 16.9779
587 65 15.0943
591 65 14.0548
9 66 31.2989
30 66 31.2989
44 66 31.2989
48 66 33.8983
49 66 33.8983
100 66 6.08828
101 66 6.08828
113 66 6.18047
114 66 6.18047
130 66 33.8983
131 66 33.8983
138 66 31.2989
139 66 31.2989
579 66 18.5185
581 66 17.7148
585 66 16.2999
635 66 36.9686
5 67 31.2989
9 67 31.2989
22 67 31.2989
30 67 31.2989
100 67 6.08828
101 67 6.08828
113 67 6.18047
114 67 6.18047
138 67 33.8983
501 67 27.137
502 67 27.137
583 67 16.9779
584 67 16.2999
588 67 15.0943
17 68 31.2989
21 68 31.2989
22 68 31.2989
33 68 31.2989
100 68 6.08828
101 68 6.08828
113 68 6.18047
114 68 6.18047
501 68 27.137
502 68 27.137
621 68 45.1467
52 69 33.8983
100 69 6.08828
101 69 6.08828
113 69 6.18047
114 69 6.18047
7 70 33.8983
13 70 31.2989
15 70 31.2989
51 70 33.8983
52 70 33.8983
101 70 6.08828
113 70 6.18047
114 70 6.18047
578 70 16.9779
582 70 17.7148
583 70 17.7148
592 70 16.9779
593 70 16.9779
594 70 16.9779
595 70 16.9779
40 71 31.2989
100 71 6.08828
101 71 6.08828
113 71 6.18047
114 71 6.18047
135 71 33.8983
577 71 16.9779
578 71 16.9779
582 71 16.9779
591 71 17.7148
592 71 16.9779
593 71 16.9779
594 71 16.9779
12 72 31.2989
40 72 31.2989
50 72 33.8983
100 72 6.08828
101 72 6.08828
113 72 6.18047
114 72 6.18047
134 72 33.8983
135 72 33.8983
512 72 27.137
513 72 27.137
577 72 16.9779
578 72 16.9779
584 72 16.9779
593 72 16.9779
5 73 31.2989
12 73 31.2989
26 73 33.8983
100 73 6.08828
101 73 6.08828
113 73 6.18047
114 73 6.18047
134 73 33.8983
584 73 16.9779
5 74 31.2989
6 74 31.2989
16 74 31.2989
17 74 31.2989
48 74 33.8983
100 74 6.08828
101 74 6.08828
113 74 6.18047
114 74 6.18047
133 74 33.8983
134 74 33.8983
141 74 31.2989
584 74 16.9779
585 74 16.9779
586 74 16.9779
630 74 45.1467
17 75 31.2989
101 75 6.08828
113 75 6.18047
114 75 6.18047
133 75 33.8983
141 75 31.2989
497 75 27.137
498 75 27.137
585 75 16.9779
629 75 45.1467
7 76 31.2989
17 76 31.2989
101 76 6.08828
113 76 6.18047
114 76 6.18047
141 76 31.2989
497 76 27.137
498 76 27.137
579 76 17.7148
580 76 16.9779
626 76 57.971
4 77 31.2989
36 77 31.2989
41 77 31.2989
42 77 31.2989
51 77 31.2989
101 77 6.08828
113 77 6.18047
114 77 6.18047
183 77 45.1467
581 77 16.9779
582 77 16.9779
4 78 31.2989
8 78 31.2989
41 78 31.2989
50 78 31.2989
51 78 31.2989
58 78 33.8983
101 78 6.08828
113 78 6.18047
114 78 6.18047
182 78 45.1467
534 78 45.1467
580 78 17.7148
581 78 17.7148
582 78 16.9779
8 79 31.2989
29 79 31.2989
30 79 31.2989
41 79 31.2989
42 79 31.2989
50 79 31.2989
101 79 6.08828
113 79 6.18047
114 79 6.18047
133 79 33.8983
140 79 33.8983
582 79 17.7148
583 79 16.9779
584 79 16.9779
15 80 31.2989
27 80 31.2989
28 80 31.2989
41 80 31.2989
49 80 31.2989
50 80 31.2989
101 80 6.08828
113 80 6.18047
114 80 6.18047
132 80 33.8983
133 80 33.8983
494 80 25.4453
495 80 25.4453
496 80 25.4453
582 80 17.7148
583 80 17.7148
584 80 17.7148
588 80 16.9779
589 80 16.9779
622 80 15.674
15 81 31.2989
21 81 29.0698
28 81 31.2989
36 81 31.2989
41 81 31.2989
49 81 31.2989
101 81 6.08828
113 81 6.18047
114 81 6.18047
131 81 33.8983
132 81 33.8983
210 81 45.1467
541 81 40.6504
542 81 40.6504
583 81 17.7148
590 81 16.9779
24 82 31.2989
41 82 31.2989
46 82 33.8983
63 82 31.2989
101 82 6.18047
113 82 6.18047
114 82 6.18047
115 82 6.18047
131 82 33.8983
195 82 45.1467
585 82 17.7148
586 82 17.7148
589 82 17.7148
590 82 17.7148
9 83 31.2989
10 83 31.2989
24 83 31.2989
25 83 31.2989
32 83 31.2989
35 83 31.2989
46 83 33.8983
101 83 6.18047
113 83 6.18047
114 83 6.18047
115 83 6.18047
139 83 33.8983
195 83 45.1467
589 83 17.7148
590 83 17.7148
10 84 31.2989
13 84 31.2989
35 84 31.2989
39 84 31.2989
40 84 31.2989
41 84 33.8983
63 84 31.2989
101 84 6.18047
113 84 6.18047
114 84 6.18047
115 84 6.18047
131 84 33.8983
138 84 33.8983
493 84 27.137
494 84 27.137
495 84 27.137
496 84 27.137
498 84 22.6244
499 84 22.6244
588 84 17.7148
589 84 17.7148
590 84 17.7148
5 85 29.0698
20 85 31.2989
21 85 31.2989
53 85 31.2989
62 85 31.2989
63 85 31.2989
101 85 6.18047
113 85 6.18047
114 85 6.18047
209 85 45.1467
494 85 27.137
495 85 27.137
588 85 17.7148
609 85 15.674
5 86 29.0698
12 86 31.2989
21 86 31.2989
28 86 29.0698
38 86 31.2989
53 86 31.2989
101 86 6.18047
113 86 6.18047
114 86 6.18047
209 86 45.1467
525 86 25.4453
608 86 15.674
609 86 15.674
613 86 16.2999
614 86 16.2999
615 86 16.2999
636 86 16.2999
637 86 16.2999
4 87 29.0698
28 87 29.0698
38 87 33.8983
62 87 33.8983
101 87 6.18047
113 87 6.18047
114 87 6.18047
135 87 33.8983
456 87 40.6504
4 88 29.0698
7 88 31.2989
33 88 31.2989
62 88 33.8983
101 88 6.18047
113 88 6.18047
114 88 6.18047
115 88 6.18047
599 88 16.9779
600 88 16.9779
617 88 16.2999
618 88 16.2999
4 89 29.0698
41 89 31.2989
42 89 31.2989
58 89 31.2989
59 89 31.2989
60 89 31.2989
101 89 6.18047
113 89 6.18047
114 89 6.18047
115 89 6.18047
538 89 36.9686
539 89 36.9686
617 89 16.2999
4 90 29.0698
41 90 31.2989
42 90 31.2989
101 90 6.18047
113 90 6.18047
114 90 6.18047
115 90 6.18047
139 90 31.2989
195 90 45.1467
321 90 50.7614
496 90 31.2989
497 90 31.2989
527 90 25.4453
540 90 36.9686
628 90 16.2999
5 91 29.0698
9 91 31.2989
26 91 31.2989
56 91 31.2989
101 91 6.08828
113 91 6.18047
114 91 6.18047
115 91 6.18047
135 91 33.8983
136 91 33.8983
195 91 45.1467
463 91 40.6504
527 91 25.4453
14 92 31.2989
23 92 31.2989
37 92 31.2989
68 92 33.8983
69 92 33.8983
101 92 6.08828
113 92 6.18047
114 92 6.18047
115 92 6.18047
135 92 33.8983
136 92 33.8983
208 92 45.1467
588 92 16.9779
589 92 16.9779
19 93 31.2989
56 93 33.8983
62 93 31.2989
63 93 31.2989
101 93 6.08828
114 93 6.18047
115 93 6.18047
135 93 33.8983
136 93 33.8983
447 93 40.6504
540 93 40.6504
36 94 31.2989
56 94 33.8983
61 94 31.2989
62 94 31.2989
101 94 6.08828
114 94 6.18047
115 94 6.18047
446 94 40.6504
447 94 40.6504
501 94 21.4362
502 94 21.4362
45 95 31.2989
56 95 33.8983
101 95 6.08828
113 95 6.18047
114 95 6.18047
115 95 6.18047
349 95 57.971
350 95 57.971
431 95 40.6504
496 95 27.137
497 95 27.137
525 95 27.137
637 95 15.674
3 96 31.2989
55 96 33.8983
101 96 6.18047
113 96 6.18047
114 96 6.18047
115 96 6.18047
496 96 27.137
497 96 27.137
592 96 16.9779
627 96 16.9779
628 96 16.9779
635 96 15.674
636 96 15.674
637 96 15.674
21 97 31.2989
32 97 31.2989
54 97 33.8983
72 97 33.8983
101 97 6.18047
114 97 6.18047
115 97 6.18047
208 97 45.1467
543 97 36.9686
635 97 15.674
636 97 15.674
8 98 33.8983
31 98 31.2989
47 98 31.2989
54 98 33.8983
101 98 6.18047
114 98 6.18047
115 98 6.18047
207 98 45.1467
543 98 36.9686
592 98 17.7148
593 98 17.7148
21 99 31.2989
31 99 31.2989
46 99 31.2989
47 99 31.2989
101 99 6.18047
113 99 6.18047
114 99 6.18047
115 99 6.18047
206 99 45.1467
432 99 57.971
433 99 57.971
525 99 27.137
592 99 17.7148
633 99 16.2999
13 100 31.2989
21 100 31.2989
29 100 31.2989
45 100 31.2989
46 100 31.2989
47 100 31.2989
101 100 6.18047
114 100 6.18047
115 100 6.18047
140 100 31.2989
497 100 25.4453
633 100 16.9779
634 100 16.9779
635 100 16.9779
9 101 29.0698
13 101 31.2989
50 101 31.2989
57 101 31.2989
69 101 33.8983
70 101 33.8983
101 101 6.18047
114 101 6.18047
115 101 6.18047
140 101 31.2989
497 101 25.4453
13 102 31.2989
37 102 33.8983
52 102 31.2989
66 102 33.8983
67 102 33.8983
69 102 33.8983
101 102 6.18047
114 102 6.18047
115 102 6.18047
140 102 31.2989
624 102 16.9779
625 102 16.9779
628 102 16.2999
13 103 31.2989
39 103 33.8983
40 103 33.8983
52 103 31.2989
101 103 6.18047
114 103 6.18047
115 103 6.18047
140 103 31.2989
373 103 50.7614
562 103 101.01
611 103 17.7148
612 103 17.7148
624 103 16.9779
12 104 31.2989
20 104 31.2989
26 104 31.2989
46 104 33.8983
73 104 33.8983
74 104 33.8983
101 104 6.18047
114 104 6.18047
115 104 6.18047
140 104 31.2989
362 104 57.971
363 104 57.971
587 104 16.2999
20 105 31.2989
26 105 31.2989
38 105 33.8983
46 105 31.2989
55 105 33.8983
56 105 33.8983
72 105 33.8983
73 105 33.8983
101 105 6.18047
114 105 6.18047
115 105 6.18047
140 105 31.2989
543 105 40.6504
631 105 16.2999
632 105 16.2999
4 106 31.2989
20 106 31.2989
26 106 31.2989
29 106 31.2989
37 106 31.2989
101 106 6.08828
114 106 6.18047
115 106 6.18047
139 106 31.2989
140 106 31.2989
199 106 45.1467
203 106 45.1467
334 106 57.971
496 106 27.137
543 106 40.6504
632 106 16.2999
29 107 31.2989
36 107 31.2989
37 107 31.2989
46 107 31.2989
52 107 33.8983
69 107 33.8983
70 107 33.8983
101 107 6.08828
114 107 6.18047
115 107 6.18047
140 107 31.2989
334 107 57.971
495 107 27.137
496 107 27.137
497 107 27.137
498 107 25.4453
500 107 23.9521
501 107 22.6244
623 107 16.9779
624 107 16.9779
625 107 16.9779
633 107 16.2999
6 108 31.2989
10 108 31.2989
26 108 31.2989
28 108 31.2989
51 108 33.8983
52 108 33.8983
58 108 33.8983
67 108 33.8983
68 108 33.8983
69 108 33.8983
101 108 6.08828
114 108 6.18047
115 108 6.18047
138 108 31.2989
140 108 31.2989
197 108 45.1467
495 108 27.137
496 108 27.137
497 108 27.137
601 108 16.9779
603 108 16.9779
621 108 16.9779
625 108 16.9779
633 108 16.2999
28 109 31.2989
33 109 31.2989
47 109 31.2989
58 109 33.8983
65 109 33.8983
66 109 33.8983
101 109 6.08828
114 109 6.18047
115 109 6.18047
197 109 45.1467
502 109 22.6244
621 109 16.9779
622 109 16.9779
12 110 31.2989
13 110 31.2989
28 110 31.2989
33 110 31.2989
39 110 31.2989
64 110 33.8983
65 110 33.8983
101 110 6.08828
114 110 6.18047
115 110 6.18047
168 110 80.9717
207 110 50.7614
208 110 50.7614
530 110 40.6504
621 110 16.9779
622 110 16.9779
24 111 31.2989
28 111 31.2989
33 111 31.2989
39 111 31.2989
60 111 33.8983
101 111 6.08828
114 111 6.18047
115 111 6.18047
498 111 27.137
499 111 27.137
608 111 16.9779
609 111 16.9779
622 111 16.2999
629 111 16.9779
28 112 31.2989
32 112 31.2989
101 112 6.18047
114 112 6.18047
115 112 6.18047
140 112 31.2989
499 112 27.137
500 112 27.137
627 112 16.9779
628 112 16.9779
629 112 16.9779
632 112 16.9779
633 112 16.9779
32 113 31.2989
37 113 31.2989
38 113 31.2989
43 113 31.2989
101 113 6.27549
114 113 6.18047
115 113 6.18047
139 113 31.2989
140 113 31.2989
175 113 80.9717
176 113 80.9717
207 113 45.1467
499 113 27.137
500 113 27.137
622 113 16.2999
17 114 31.2989
41 114 31.2989
101 114 6.27549
102 114 6.27549
114 114 6.18047
115 114 6.18047
499 114 27.137
500 114 27.137
501 114 27.137
622 114 16.9779
9 115 31.2989
23 115 31.2989
35 115 33.8983
45 115 31.2989
71 115 36.9686
73 115 36.9686
76 115 31.2989
85 115 31.2989
86 115 31.2989
101 115 6.27549
102 115 6.27549
115 115 6.18047
542 115 36.9686
543 115 36.9686
544 115 36.9686
613 115 16.2999
627 115 16.2999
10 116 31.2989
23 116 31.2989
35 116 33.8983
45 116 31.2989
68 116 33.8983
84 116 31.2989
85 116 31.2989
101 116 6.27549
102 116 6.27549
115 116 6.08828
206 116 45.1467
542 116 36.9686
543 116 36.9686
612 116 16.2999
613 116 16.2999
10 117 31.2989
23 117 31.2989
35 117 33.8983
44 117 31.2989
45 117 31.2989
68 117 33.8983
69 117 33.8983
83 117 31.2989
101 117 6.27549
115 117 6.08828
199 117 45.1467
206 117 45.1467
614 117 16.2999
615 117 16.2999
12 118 31.2989
27 118 33.8983
43 118 31.2989
101 118 6.18047
115 118 6.08828
199 118 45.1467
361 118 50.7614
362 118 50.7614
531 118 45.1467
532 118 45.1467
613 118 16.2999
614 118 16.2999
622 118 16.9779
5 119 29.0698
9 119 31.2989
12 119 31.2989
23 119 31.2989
24 119 31.2989
58 119 31.2989
82 119 33.8983
83 119 33.8983
101 119 6.18047
108 119 7.41565
115 119 6.08828
531 119 45.1467
532 119 45.1467
622 119 16.9779
623 119 16.9779
39 120 29.0698
58 120 31.2989
81 120 33.8983
82 120 33.8983
101 120 6.18047
102 120 6.18047
115 120 6.08828
543 120 40.6504
622 120 16.9779
623 120 16.9779
37 121 29.0698
39 121 29.0698
58 121 31.2989
70 121 31.2989
77 121 33.8983
101 121 6.18047
102 121 6.18047
115 121 6.08828
209 121 45.1467
623 121 16.2999
18 122 31.2989
26 122 33.8983
29 122 31.2989
34 122 33.8983
42 122 33.8983
58 122 31.2989
63 122 33.8983
64 122 33.8983
77 122 33.8983
101 122 6.18047
115 122 6.08828
140 122 31.2989
611 122 16.2999
612 122 16.2999
622 122 16.9779
623 122 16.9779
629 122 36.9686
4 123 33.8983
17 123 33.8983
20 123 31.2989
26 123 33.8983
31 123 31.2989
63 123 33.8983
101 123 6.18047
102 123 6.18047
114 123 6.08828
115 123 6.08828
372 123 67.5676
373 123 67.5676
611 123 16.2999
612 123 16.2999
613 123 16.2999
622 123 16.9779
623 123 16.9779
26 124 33.8983
58 124 33.8983
101 124 6.18047
115 124 6.08828
208 124 45.1467
612 124 16.2999
613 124 16.2999
622 124 16.9779
8 125 31.2989
48 125 31.2989
101 125 6.18047
108 125 7.41565
207 125 45.1467
208 125 45.1467
612 125 16.9779
613 125 16.9779
13 126 31.2989
69 126 31.2989
82 126 36.9686
101 126 6.18047
115 126 6.18047
612 126 16.9779
613 126 16.9779
622 126 16.2999
17 127 31.2989
43 127 31.2989
55 127 31.2989
75 127 33.8983
76 127 33.8983
82 127 36.9686
101 127 6.18047
115 127 6.08828
612 127 16.9779
622 127 16.2999
28 128 33.8983
33 128 33.8983
43 128 31.2989
73 128 33.8983
74 128 33.8983
101 128 6.18047
115 128 6.08828
167 128 101.01
358 128 57.971
10 129 31.2989
22 129 31.2989
33 129 33.8983
43 129 31.2989
47 129 33.8983
54 129 31.2989
55 129 31.2989
100 129 6.18047
101 129 6.18047
115 129 6.08828
636 129 36.9686
33 130 33.8983
42 130 31.2989
55 130 31.2989
59 130 33.8983
100 130 6.08828
101 130 6.08828
115 130 6.08828
504 130 27.137
27 131 29.0698
42 131 31.2989
100 131 6.08828
101 131 6.08828
115 131 6.08828
26 132 29.0698
27 132 29.0698
37 132 31.2989
46 132 33.8983
100 132 6.08828
101 132 6.08828
115 132 6.08828
7 133 33.8983
8 133 33.8983
31 133 31.2989
45 133 33.8983
100 133 6.08828
101 133 6.08828
115 133 6.08828
13 134 31.2989
31 134 31.2989
100 134 6.08828
101 134 6.08828
115 134 6.08828
269 134 67.5676
622 134 16.9779
623 134 16.9779
15 135 31.2989
26 135 31.2989
40 135 33.8983
43 135 33.8983
100 135 6.08828
101 135 6.08828
115 135 6.08828
622 135 16.9779
623 135 16.9779
8 136 31.2989
38 136 33.8983
39 136 33.8983
40 136 33.8983
48 136 31.2989
52 136 31.2989
77 136 33.8983
78 136 36.9686
100 136 6.08828
101 136 6.08828
115 136 6.08828
622 136 16.9779
623 136 16.9779
8 137 31.2989
48 137 31.2989
75 137 36.9686
76 137 33.8983
77 137 33.8983
100 137 6.08828
101 137 6.08828
108 137 7.41565
115 137 6.08828
507 137 25.4453
8 138 31.2989
54 138 31.2989
101 138 6.08828
115 138 6.08828
623 138 16.2999
624 138 16.2999
11 139 33.8983
21 139 33.8983
23 139 31.2989
26 139 33.8983
39 139 31.2989
72 139 36.9686
73 139 36.9686
91 139 6.27549
115 139 6.08828
116 139 6.08828
325 139 57.971
326 139 57.971
18 140 31.2989
25 140 33.8983
26 140 31.2989
38 140 31.2989
39 140 31.2989
90 140 6.18047
93 140 6.18047
95 140 6.27549
115 140 6.08828
116 140 6.08828
625 140 16.2999
9 141 33.8983
25 141 31.2989
30 141 31.2989
37 141 31.2989
38 141 31.2989
92 141 6.18047
101 141 5.9988
115 141 6.08828
504 141 27.137
505 141 27.137
513 141 25.4453
625 141 16.2999
25 142 31.2989
30 142 31.2989
37 142 31.2989
38 142 31.2989
69 142 33.8983
90 142 6.18047
91 142 6.18047
92 142 6.18047
95 142 6.7981
100 142 5.9988
101 142 5.9988
115 142 6.08828
361 142 57.971
505 142 27.137
506 142 27.137
513 142 25.4453
612 142 16.9779
613 142 16.9779
624 142 16.2999
625 142 16.2999
18 143 31.2989
25 143 31.2989
37 143 31.2989
54 143 33.8983
90 143 6.18047
92 143 6.18047
101 143 5.9988
115 143 6.08828
116 143 6.08828
611 143 16.9779
612 143 16.9779
613 143 16.9779
624 143 16.9779
625 143 16.9779
10 144 31.2989
18 144 31.2989
25 144 31.2989
53 144 33.8983
54 144 33.8983
58 144 33.8983
59 144 33.8983
87 144 6.08828
89 144 6.18047
90 144 6.18047
91 144 6.18047
94 144 6.7981
100 144 6.08828
101 144 6.08828
115 144 6.08828
116 144 6.08828
624 144 16.9779
11 145 31.2989
24 145 31.2989
25 145 31.2989
36 145 31.2989
53 145 33.8983
59 145 33.8983
63 145 36.9686
86 145 6.08828
87 145 6.08828
89 145 6.08828
100 145 6.08828
107 145 6.08828
115 145 6.08828
116 145 6.08828
515 145 25.4453
15 146 33.8983
24 146 31.2989
35 146 33.8983
36 146 33.8983
88 146 6.08828
90 146 6.08828
99 146 6.18047
107 146 6.08828
115 146 6.08828
116 146 6.08828
614 146 16.9779
615 146 16.9779
24 147 31.2989
35 147 33.8983
43 147 31.2989
87 147 6.08828
88 147 6.08828
107 147 5.9988
115 147 6.08828
116 147 6.08828
614 147 16.9779
615 147 16.9779
12 148 31.2989
23 148 31.2989
24 148 31.2989
87 148 6.08828
88 148 6.08828
89 148 6.08828
107 148 5.9988
115 148 6.08828
116 148 6.08828
624 148 16.2999
16 149 31.2989
23 149 31.2989
51 149 36.9686
52 149 36.9686
67 149 31.2989
87 149 6.08828
107 149 5.9988
115 149 6.08828
116 149 6.08828
623 149 16.2999
624 149 16.2999
3 150 31.2989
23 150 31.2989
47 150 33.8983
86 150 6.08828
87 150 6.08828
107 150 5.9988
115 150 6.08828
116 150 6.08828
23 151 31.2989
31 151 31.2989
37 151 31.2989
46 151 33.8983
47 151 33.8983
86 151 5.9988
88 151 6.08828
107 151 5.9988
115 151 6.08828
116 151 6.08828
19 152 31.2989
23 152 31.2989
31 152 31.2989
37 152 31.2989
45 152 33.8983
46 152 33.8983
86 152 5.9988
88 152 5.9988
107 152 5.9988
115 152 6.08828
116 152 6.08828
19 153 31.2989
23 153 31.2989
34 153 33.8983
35 153 31.2989
44 153 31.2989
85 153 5.9988
86 153 5.9988
107 153 5.9988
115 153 6.08828
116 153 6.08828
233 153 57.971
12 154 31.2989
23 154 31.2989
34 154 33.8983
44 154 33.8983
51 154 33.8983
85 154 5.9988
86 154 5.9988
107 154 5.9988
108 154 5.9988
115 154 6.08828
116 154 6.08828
232 154 57.971
624 154 16.9779
13 155 31.2989
23 155 31.2989
33 155 33.8983
51 155 33.8983
70 155 36.9686
71 155 36.9686
85 155 5.9988
86 155 5.9988
108 155 5.9988
115 155 6.08828
116 155 6.08828
388 155 200
624 155 16.9779
5 156 33.8983
13 156 31.2989
23 156 31.2989
33 156 33.8983
50 156 33.8983
85 156 5.9988
111 156 6.68673
115 156 6.08828
116 156 6.08828
13 157 31.2989
42 157 31.2989
85 157 5.9988
115 157 6.08828
116 157 6.08828
625 157 16.9779
23 158 31.2989
24 158 31.2989
85 158 5.9988
115 158 6.08828
116 158 6.08828
23 159 31.2989
84 159 5.9988
85 159 5.9988
115 159 6.08828
116 159 6.08828
625 159 16.2999
626 159 16.2999
23 160 31.2989
38 160 33.8983
42 160 33.8983
43 160 33.8983
51 160 36.9686
52 160 36.9686
85 160 5.9988
115 160 6.08828
116 160 6.08828
637 160 33.8983
37 161 33.8983
38 161 33.8983
42 161 33.8983
68 161 33.8983
85 161 5.9988
87 161 5.9988
115 161 6.08828
116 161 6.08828
620 161 16.9779
621 161 16.9779
636 161 33.8983
637 161 33.8983
23 162 31.2989
36 162 33.8983
37 162 33.8983
85 162 5.9988
87 162 5.9988
115 162 6.08828
116 162 6.08828
628 162 16.2999
22 163 31.2989
23 163 31.2989
36 163 31.2989
62 163 33.8983
85 163 5.9988
87 163 5.9988
116 163 6.08828
627 163 16.2999
628 163 16.2999
22 164 31.2989
85 164 5.9988
87 164 5.9988
116 164 6.08828
22 165 31.2989
31 165 31.2989
52 165 33.8983
57 165 33.8983
58 165 33.8983
85 165 5.9988
87 165 5.9988
116 165 6.18047
117 165 6.18047
613 165 16.9779
614 165 16.9779
615 165 16.9779
27 166 31.2989
57 166 33.8983
85 166 5.9988
87 166 5.9988
104 166 5.9988
105 166 5.9988
106 166 5.9988
116 166 6.08828
117 166 6.08828
614 166 16.9779
17 167 31.2989
30 167 31.2989
85 167 5.9988
103 167 5.9988
104 167 5.9988
105 167 5.9988
109 167 6.91324
110 167 6.91324
620 167 16.2999
17 168 31.2989
23 168 31.2989
30 168 31.2989
54 168 36.9686
85 168 5.9988
102 168 5.9988
103 168 5.9988
104 168 5.9988
110 168 6.91324
116 168 6.08828
619 168 16.2999
620 168 16.2999
23 169 31.2989
43 169 33.8983
44 169 33.8983
49 169 36.9686
54 169 36.9686
85 169 5.9988
86 169 5.9988
102 169 5.9988
115 169 6.08828
116 169 6.08828
17 170 31.2989
23 170 31.2989
38 170 33.8983
85 170 5.9988
86 170 5.9988
102 170 5.9988
115 170 6.08828
116 170 6.08828
194 170 45.1467
284 170 134.228
17 171 31.2989
23 171 31.2989
85 171 5.9988
86 171 5.9988
102 171 5.9988
115 171 6.08828
116 171 6.08828
540 171 40.6504
68 172 36.9686
69 172 36.9686
86 172 5.91191
103 172 6.08828
115 172 6.08828
116 172 6.08828
86 173 5.91191
103 173 6.08828
116 173 6.08828
615 173 16.9779
40 174 33.8983
86 174 5.91191
103 174 6.08828
115 174 6.08828
116 174 6.08828
617 174 16.9779
37 175 33.8983
86 175 5.91191
87 175 5.91191
103 175 6.08828
116 175 6.08828
616 175 16.9779
617 175 16.2999
59 176 36.9686
60 176 36.9686
87 176 5.91191
103 176 5.9988
116 176 6.08828
270 176 57.971
58 177 36.9686
59 177 36.9686
87 177 5.91191
103 177 5.9988
115 177 6.08828
116 177 6.08828
264 177 80.9717
265 177 57.971
267 177 57.971
619 177 16.2999
11 178 29.0698
42 178 33.8983
43 178 33.8983
52 178 36.9686
87 178 5.82751
88 178 5.82751
103 178 5.9988
116 178 6.08828
458 178 57.971
459 178 57.971
623 178 16.2999
42 179 33.8983
43 179 33.8983
88 179 5.82751
103 179 5.9988
116 179 6.08828
194 179 45.1467
11 180 29.0698
42 180 33.8983
43 180 33.8983
88 180 5.82751
89 180 5.82751
103 180 5.9988
116 180 6.08828
619 180 16.2999
11 181 29.0698
42 181 33.8983
43 181 33.8983
59 181 36.9686
70 181 36.9686
88 181 5.82751
89 181 5.82751
103 181 5.9988
116 181 6.08828
456 181 57.971
457 181 57.971
458 181 50.7614
626 181 16.9779
11 182 29.0698
89 182 5.82751
103 182 5.9988
116 182 6.08828
454 182 80.9717
455 182 57.971
456 182 57.971
457 182 57.971
458 182 57.971
459 182 50.7614
500 182 50.7614
625 182 16.9779
11 183 29.0698
26 183 31.2989
89 183 5.82751
103 183 5.9988
116 183 6.08828
117 183 6.08828
453 183 101.01
454 183 80.9717
455 183 57.971
456 183 57.971
457 183 57.971
458 183 57.971
11 184 29.0698
25 184 31.2989
26 184 31.2989
35 184 31.2989
42 184 31.2989
90 184 5.82751
103 184 5.9988
116 184 6.08828
117 184 6.08828
456 184 57.971
457 184 57.971
25 185 31.2989
35 185 31.2989
42 185 31.2989
43 185 31.2989
90 185 5.82751
91 185 5.82751
103 185 6.08828
116 185 6.08828
117 185 6.08828
11 186 29.0698
35 186 31.2989
91 186 5.82751
103 186 6.08828
116 186 6.08828
614 186 16.9779
626 186 16.9779
11 187 29.0698
35 187 31.2989
92 187 5.82751
103 187 6.08828
464 187 80.9717
465 187 80.9717
569 187 36.9686
570 187 36.9686
571 187 36.9686
573 187 29.0698
574 187 29.0698
11 188 29.0698
29 188 31.2989
93 188 5.91191
98 188 6.57895
463 188 80.9717
464 188 80.9717
465 188 80.9717
466 188 67.5676
11 189 29.0698
24 189 31.2989
116 189 6.18047
462 189 101.01
463 189 80.9717
464 189 80.9717
465 189 80.9717
11 190 29.0698
24 190 31.2989
36 190 33.8983
101 190 6.08828
102 190 6.08828
116 190 6.18047
117 190 6.18047
24 191 31.2989
36 191 33.8983
101 191 6.08828
102 191 6.08828
116 191 6.18047
117 191 6.18047
12 192 29.0698
36 192 33.8983
101 192 6.08828
102 192 6.08828
116 192 6.18047
117 192 6.18047
264 192 67.5676
11 193 29.0698
12 193 29.0698
18 193 31.2989
42 193 33.8983
43 193 33.8983
101 193 6.08828
102 193 6.08828
116 193 6.18047
117 193 6.18047
489 193 67.5676
490 193 67.5676
494 193 27.137
495 193 27.137
537 193 20.3666
538 193 20.3666
11 194 29.0698
25 194 31.2989
101 194 6.08828
102 194 6.08828
116 194 6.18047
117 194 6.18047
537 194 20.3666
538 194 20.3666
539 194 20.3666
11 195 29.0698
25 195 31.2989
101 195 6.08828
102 195 6.08828
116 195 6.18047
117 195 6.18047
101 196 6.08828
102 196 6.08828
116 196 6.18047
117 196 6.18047
5 197 29.0698
101 197 6.08828
102 197 6.08828
116 197 6.18047
117 197 6.18047
502 197 20.3666
5 198 29.0698
22 198 31.2989
25 198 31.2989
43 198 33.8983
57 198 33.8983
58 198 33.8983
100 198 6.08828
101 198 6.08828
116 198 6.18047
117 198 6.18047
374 198 67.5676
435 198 134.228
502 198 20.3666
508 198 22.6244
509 198 22.6244
517 198 22.6244
518 198 22.6244
537 198 20.3666
43 199 33.8983
101 199 6.08828
116 199 6.08828
117 199 6.08828
435 199 134.228
436 199 134.228
445 199 36.9686
446 199 36.9686
537 199 20.3666
540 199 20.3666
68 200 33.8983
101 200 6.08828
116 200 6.08828
117 200 6.08828
461 200 31.2989
462 200 31.2989
463 200 31.2989
501 200 20.3666
502 200 20.3666
615 200 16.9779
616 200 16.9779
68 201 33.8983
101 201 6.08828
116 201 6.08828
117 201 6.08828
222 201 67.5676
269 201 101.01
270 201 101.01
384 201 200
502 201 20.3666
538 201 20.3666
43 202 33.8983
44 202 33.8983
50 202 45.1467
68 202 33.8983
101 202 6.08828
116 202 6.08828
117 202 6.08828
385 202 200
386 202 200
501 202 20.3666
502 202 20.3666
538 202 20.3666
18 203 31.2989
25 203 31.2989
43 203 33.8983
68 203 33.8983
101 203 6.08828
116 203 6.08828
117 203 6.08828
501 203 20.3666
541 203 20.3666
5 204 29.0698
68 204 33.8983
101 204 6.08828
117 204 6.08828
5 205 29.0698
43 205 33.8983
101 205 6.08828
116 205 6.08828
539 205 20.3666
5 206 29.0698
43 206 33.8983
68 206 33.8983
101 206 6.08828
116 206 6.08828
175 206 67.5676
539 206 20.3666
542 206 20.3666
26 207 31.2989
27 207 31.2989
43 207 33.8983
68 207 33.8983
101 207 6.08828
102 207 6.08828
116 207 6.18047
117 207 6.18047
389 207 80.9717
467 207 25.4453
468 207 25.4453
494 207 21.4362
542 207 20.3666
42 208 33.8983
43 208 33.8983
65 208 36.9686
68 208 33.8983
79 208 45.1467
101 208 6.08828
102 208 6.08828
500 208 21.4362
501 208 21.4362
539 208 20.3666
542 208 20.3666
543 208 20.3666
68 209 33.8983
101 209 6.08828
102 209 6.08828
490 209 22.6244
618 209 16.2999
619 209 16.2999
5 210 31.2989
28 210 31.2989
43 210 33.8983
101 210 6.08828
102 210 6.08828
472 210 23.9521
559 210 16.2999
560 210 16.2999
619 210 16.2999
28 211 31.2989
29 211 31.2989
31 211 31.2989
43 211 33.8983
125 211 33.8983
398 211 101.01
569 211 19.3986
570 211 19.3986
571 211 19.3986
572 211 18.5185
573 211 17.7148
574 211 16.9779
575 211 16.9779
576 211 16.2999
577 211 16.2999
578 211 15.674
579 211 15.674
29 212 31.2989
31 212 31.2989
43 212 33.8983
102 212 6.08828
575 212 16.9779
576 212 16.2999
577 212 16.2999
578 212 15.674
579 212 15.674
42 213 33.8983
43 213 33.8983
101 213 6.08828
102 213 6.08828
602 213 12.3533
603 213 12.3533
604 213 12.3533
52 214 33.8983
601 214 12.7389
602 214 12.3533
622 214 15.0943
37 215 31.2989
101 215 6.08828
568 215 18.5185
569 215 18.5185
570 215 17.7148
571 215 16.9779
572 215 16.2999
573 215 16.2999
574 215 15.674
623 215 15.0943
624 215 14.556
625 215 14.556
626 215 14.0548
627 215 13.587
628 215 13.587
629 215 13.1492
630 215 13.1492
631 215 12.3533
632 215 11.9904
633 215 11.9904
634 215 11.6482
11 216 29.0698
12 216 29.0698
37 216 31.2989
108 216 31.2989
594 216 13.1492
595 216 13.1492
628 216 13.587
629 216 13.1492
630 216 13.1492
631 216 12.3533
632 216 11.9904
633 216 11.9904
634 216 11.6482
635 216 11.325
636 216 11.0193
637 216 10.7296
11 217 29.0698
24 217 31.2989
37 217 31.2989
43 217 33.8983
107 217 31.2989
495 217 20.3666
496 217 20.3666
512 217 20.3666
513 217 20.3666
633 217 11.9904
634 217 11.6482
635 217 11.6482
636 217 11.325
37 218 31.2989
54 218 45.1467
101 218 6.08828
102 218 6.08828
495 218 20.3666
511 218 20.3666
512 218 20.3666
513 218 20.3666
590 218 13.1492
591 218 13.1492
43 219 33.8983
54 219 45.1467
101 219 6.08828
102 219 6.08828
447 219 31.2989
448 219 31.2989
563 219 17.7148
564 219 17.7148
588 219 13.1492
589 219 13.1492
590 219 13.1492
637 219 11.6482
43 220 33.8983
101 220 6.08828
447 220 31.2989
448 220 31.2989
563 220 17.7148
587 220 13.1492
601 220 12.3533
630 220 11.325
631 220 11.325
637 220 11.9904
101 221 6.08828
102 221 6.08828
495 221 20.3666
523 221 20.3666
562 221 17.7148
563 221 17.7148
631 221 11.325
31 222 31.2989
43 222 33.8983
101 222 6.08828
102 222 6.08828
495 222 20.3666
631 222 11.325
26 223 31.2989
27 223 31.2989
29 223 31.2989
31 223 31.2989
43 223 33.8983
101 223 6.08828
102 223 6.08828
471 223 23.9521
495 223 20.3666
496 223 20.3666
511 223 17.7148
512 223 17.7148
582 223 14.0548
599 223 12.3533
631 223 11.325
43 224 33.8983
54 224 45.1467
101 224 6.08828
102 224 6.08828
117 224 6.08828
431 224 36.9686
471 224 23.9521
511 224 17.7148
512 224 17.7148
554 224 16.9779
555 224 16.9779
631 224 11.325
43 225 33.8983
54 225 45.1467
101 225 6.08828
102 225 6.08828
431 225 36.9686
432 225 36.9686
487 225 21.4362
490 225 20.3666
512 225 17.7148
631 225 11.325
43 226 33.8983
48 226 45.1467
54 226 45.1467
101 226 6.08828
102 226 6.08828
486 226 21.4362
487 226 21.4362
491 226 20.3666
496 226 20.3666
631 226 11.325
43 227 33.8983
101 227 6.08828
102 227 6.08828
117 227 6.18047
467 227 27.137
468 227 27.137
486 227 22.6244
487 227 22.6244
495 227 20.3666
496 227 20.3666
597 227 12.3533
630 227 11.325
15 228 31.2989
101 228 6.08828
102 228 6.08828
117 228 6.18047
486 228 22.6244
487 228 22.6244
496 228 20.3666
546 228 15.674
547 228 15.674
556 228 15.674
562 228 19.3986
569 228 13.587
570 228 13.587
571 228 13.1492
572 228 13.1492
573 228 13.1492
574 228 12.3533
576 228 11.9904
630 228 11.325
631 228 11.325
8 229 31.2989
15 229 31.2989
101 229 6.08828
102 229 6.08828
117 229 6.18047
448 229 31.2989
449 229 31.2989
460 229 27.137
486 229 22.6244
495 229 20.3666
496 229 20.3666
523 229 17.7148
524 229 17.7148
525 229 16.9779
526 229 17.7148
527 229 16.9779
541 229 16.2999
546 229 15.674
547 229 15.674
548 229 15.674
554 229 16.2999
555 229 15.674
556 229 15.674
557 229 15.674
569 229 13.587
570 229 13.587
571 229 13.1492
572 229 13.1492
573 229 13.1492
574 229 12.3533
630 229 11.325
631 229 11.325
8 230 31.2989
10 230 31.2989
34 230 33.8983
101 230 5.9988
102 230 5.9988
459 230 27.137
460 230 27.137
486 230 22.6244
487 230 22.6244
509 230 18.5185
540 230 16.2999
547 230 15.674
548 230 15.674
555 230 15.674
556 230 15.674
571 230 13.1492
630 230 11.325
631 230 11.325
10 231 31.2989
21 231 31.2989
101 231 5.9988
102 231 5.9988
486 231 21.4362
487 231 21.4362
540 231 16.2999
547 231 15.674
548 231 15.674
577 231 13.1492
578 231 13.1492
579 231 13.1492
630 231 11.325
631 231 11.325
101 232 5.9988
102 232 5.9988
487 232 21.4362
547 232 15.674
548 232 15.674
559 232 15.674
560 232 15.674
577 232 13.1492
578 232 13.1492
101 233 5.9988
102 233 5.9988
487 233 21.4362
504 233 19.3986
505 233 19.3986
508 233 16.9779
559 233 15.674
560 233 15.674
578 233 13.1492
5 234 29.0698
101 234 5.9988
102 234 5.9988
487 234 21.4362
504 234 19.3986
505 234 19.3986
540 234 16.2999
549 234 16.2999
559 234 15.674
560 234 15.674
91 235 31.2989
101 235 5.9988
102 235 5.9988
117 235 6.18047
487 235 21.4362
540 235 16.2999
547 235 16.2999
548 235 16.2999
549 235 16.2999
550 235 15.674
101 236 6.08828
102 236 6.08828
117 236 6.18047
469 236 25.4453
470 236 25.4453
471 236 25.4453
475 236 23.9521
547 236 16.2999
548 236 16.2999
549 236 16.2999
101 237 6.08828
102 237 6.08828
470 237 25.4453
471 237 25.4453
531 237 16.2999
532 237 16.2999
559 237 14.556
100 238 6.08828
101 238 6.08828
102 238 6.08828
490 238 22.6244
491 238 22.6244
531 238 16.2999
537 238 14.0548
558 238 14.556
559 238 14.556
632 238 11.0193
633 238 11.0193
634 238 11.0193
117 239 6.27549
530 239 16.2999
531 239 16.2999
557 239 14.556
558 239 14.556
559 239 14.556
566 239 13.587
567 239 13.587
632 239 11.0193
633 239 11.0193
117 240 6.27549
567 240 13.587
632 240 11.0193
633 240 11.0193
568 241 13.587
609 241 11.6482
632 241 11.0193
633 241 11.0193
399 242 22.6244
563 242 13.587
564 242 13.587
633 242 11.0193
117 243 6.08828
558 243 14.556
559 243 14.0548
564 243 13.587
565 243 13.587
633 243 11.0193
634 243 11.0193
117 244 6.08828
533 244 18.5185
536 244 16.2999
537 244 16.2999
538 244 16.2999
556 244 14.556
565 244 13.587
566 244 13.587
116 245 6.08828
117 245 6.08828
536 245 16.2999
537 245 16.2999
538 245 16.2999
558 245 14.556
566 245 13.587
102 246 6.08828
117 246 6.08828
537 246 16.2999
555 246 14.556
566 246 13.587
567 246 13.587
116 247 6.08828
117 247 6.08828
506 247 18.5185
507 247 18.5185
508 247 18.5185
537 247 16.2999
117 248 6.08828
506 248 18.5185
507 248 18.5185
508 248 18.5185
512 248 18.5185
513 248 18.5185
536 248 16.2999
537 248 16.2999
538 248 16.2999
566 248 13.587
567 248 13.587
102 249 5.9988
117 249 6.08828
506 249 18.5185
507 249 18.5185
512 249 18.5185
566 249 13.587
567 249 13.587
568 249 13.587
102 250 5.9988
117 250 6.08828
506 250 18.5185
507 250 18.5185
508 250 18.5185
567 250 13.587
101 251 5.9988
117 251 6.08828
531 251 16.2999
535 251 16.9779
561 251 14.556
562 251 14.556
611 251 11.6482
612 251 11.6482
613 251 11.6482
614 251 11.325
618 251 11.6482
619 251 11.325
102 252 5.9988
117 252 6.08828
531 252 16.2999
535 252 16.9779
536 252 16.9779
537 252 16.9779
554 252 14.0548
568 252 13.587
610 252 11.6482
611 252 11.6482
612 252 11.6482
619 252 11.325
620 252 11.325
621 252 11.325
117 253 6.08828
554 253 14.0548
567 253 13.587
568 253 13.587
610 253 11.6482
611 253 11.6482
621 253 11.325
102 254 5.9988
116 254 6.08828
117 254 6.08828
568 254 13.587
569 254 13.587
609 254 11.6482
610 254 11.6482
611 254 11.6482
621 254 11.325
622 254 11.325
102 255 5.9988
116 255 6.08828
117 255 6.08828
535 255 16.2999
536 255 16.2999
537 255 16.2999
568 255 13.587
569 255 13.587
609 255 11.6482
610 255 11.6482
611 255 11.6482
622 255 11.0193
623 255 11.0193
624 255 11.0193
102 256 5.9988
117 256 6.08828
250 256 16.9779
568 256 13.587
569 256 13.587
608 256 11.6482
609 256 11.6482
610 256 11.6482
117 257 6.08828
568 257 13.587
569 257 13.587
608 257 11.6482
609 257 11.6482
624 257 11.0193
117 258 6.08828
532 258 16.2999
533 258 16.2999
534 258 16.2999
569 258 13.587
608 258 11.6482
609 258 11.6482
117 259 6.08828
569 259 13.587
608 259 11.9904
609 259 11.6482
624 259 11.0193
625 259 11.0193
626 259 11.0193
116 260 6.08828
117 260 6.08828
562 260 14.0548
563 260 14.0548
608 260 11.9904
609 260 11.6482
116 261 6.08828
117 261 6.08828
554 261 14.556
555 261 14.0548
556 261 14.0548
557 261 14.0548
606 261 11.9904
607 261 11.6482
608 261 11.6482
609 261 11.6482
625 261 11.0193
626 261 11.0193
117 262 6.08828
261 262 15.0943
556 262 14.0548
606 262 11.9904
607 262 11.6482
608 262 11.6482
609 262 11.6482
626 262 11.0193
102 263 6.08828
117 263 6.08828
557 263 14.0548
607 263 11.6482
608 263 11.6482
609 263 11.6482
101 264 6.08828
102 264 6.08828
117 264 6.08828
609 264 11.6482
626 264 11.0193
627 264 11.0193
628 264 11.0193
101 265 6.08828
117 265 6.08828
557 265 14.0548
558 265 14.0548
559 265 14.0548
608 265 11.6482
609 265 11.6482
627 265 11.0193
101 266 6.08828
117 266 6.08828
423 266 15.0943
424 266 15.0943
558 266 14.0548
559 266 14.0548
560 266 14.0548
608 266 11.6482
609 266 11.6482
628 266 11.0193
116 267 6.08828
117 267 6.08828
561 267 13.587
608 267 11.9904
609 267 11.9904
628 267 11.0193
629 267 11.0193
117 268 6.08828
608 268 11.9904
609 268 11.9904
628 268 11.0193
73 269 16.2999
74 269 16.2999
117 269 6.08828
629 269 11.0193
101 270 6.08828
117 270 6.08828
629 270 11.0193
630 270 11.0193
101 271 6.08828
102 271 6.08828
117 271 6.08828
160 271 13.1492
171 271 13.1492
610 271 11.6482
630 271 11.0193
117 272 6.08828
610 272 11.6482
619 272 11.325
620 272 11.325
621 272 11.325
630 272 11.0193
631 272 11.0193
117 273 6.08828
250 273 12.7389
251 273 12.7389
619 273 11.325
620 273 11.325
117 274 6.08828
139 274 12.3533
613 274 11.325
614 274 11.325
615 274 11.325
618 274 11.325
619 274 11.325
117 275 6.08828
615 275 11.325
616 275 11.325
117 276 6.08828
117 277 6.08828
117 278 6.08828
624 278 11.0193
102 279 5.9988
117 279 6.08828
131 279 11.325
173 279 11.0193
209 279 11.325
580 279 11.9904
622 279 11.325
623 279 11.0193
102 280 5.9988
620 280 11.6482
102 281 5.9988
613 281 11.325
614 281 11.325
615 281 11.325
117 283 6.08828
117 284 6.08828
102 285 6.18047
117 285 6.08828
102 286 6.18047
219 286 10.1937
219 287 10.1937
80 289 9.70874
208 289 9.70874
181 290 9.70874
176 291 9.48317
101 292 5.9988
102 292 5.9988
176 292 9.48317
177 292 9.48317
71 293 9.26784
101 293 5.9988
102 293 5.9988
146 293 8.67679
177 293 9.48317
101 294 5.9988
102 294 5.9988
147 294 8.67679
148 294 8.67679
101 295 5.9988
102 295 5.9988
148 295 8.67679
155 295 9.06207
81 296 9.26784
84 296 9.06207
101 296 5.9988
102 296 5.9988
161 296 8.49618
162 296 8.49618
101 297 5.9988
102 297 5.9988
161 297 8.49618
162 297 8.49618
166 297 8.67679
167 297 8.67679
101 298 5.9988
102 298 5.9988
162 298 8.49618
169 298 8.67679
61 299 9.06207
101 299 5.9988
102 299 5.9988
165 299 8.49618
83 300 8.67679
101 300 5.9988
102 300 5.9988
158 300 8.49618
166 300 8.49618
167 300 8.49618
78 301 8.49618
83 301 8.67679
101 301 5.9988
102 301 5.9988
43 302 8.32293
101 302 5.9988
102 302 5.9988
43 303 8.32293
44 303 8.32293
101 303 5.9988
102 303 5.9988
38 304 8.15661
44 304 8.32293
101 304 5.9988
102 304 5.9988
179 304 8.32293
220 304 8.67679
221 304 8.67679
101 305 5.9988
149 305 8.15661
150 305 8.15661
157 305 8.32293
76 306 7.84314
100 306 5.9988
101 306 5.9988
118 306 6.18047
149 306 8.15661
150 306 8.15661
154 306 8.15661
42 307 7.9968
101 307 5.9988
154 307 8.15661
42 308 7.9968
197 308 8.15661
175 309 7.69527
62 311 7.41565
62 312 7.41565
117 312 6.08828
33 313 7.41565
34 313 7.55287
57 313 7.28332
133 313 7.28332
140 313 7.28332
141 313 7.28332
31 314 7.55287
34 314 7.55287
35 314 7.55287
42 314 7.28332
111 314 5.9988
132 314 7.28332
133 314 7.28332
134 314 7.28332
172 314 7.41565
20 315 7.41565
41 315 7.28332
42 315 7.28332
45 315 7.28332
63 315 7.28332
134 315 7.28332
155 315 7.15564
480 315 8.67679
481 315 8.67679
482 315 8.49618
483 315 8.49618
484 315 8.15661
486 315 8.32293
487 315 8.32293
488 315 8.32293
489 315 8.15661
490 315 7.84314
491 315 7.84314
41 316 7.28332
42 316 7.28332
59 316 7.28332
155 316 7.15564
482 316 8.49618
483 316 8.49618
484 316 8.15661
485 316 8.49618
486 316 8.32293
490 316 7.84314
491 316 7.84314
492 316 7.84314
70 317 7.15564
155 317 7.15564
156 317 7.15564
175 317 7.28332
66 318 7.03235
77 318 7.15564
78 318 7.15564
156 318 7.03235
157 318 7.03235
72 319 7.15564
73 319 7.03235
78 319 7.15564
124 319 7.15564
146 319 7.15564
157 319 7.03235
42 320 7.15564
72 320 7.15564
73 320 7.03235
74 320 7.03235
146 320 7.15564
157 320 7.03235
171 320 7.03235
74 321 7.03235
75 321 7.03235
91 321 6.91324
159 321 7.03235
160 321 7.03235
168 321 7.03235
169 321 7.03235
121 322 6.91324
153 322 6.7981
160 322 7.03235
168 322 7.03235
169 322 7.03235
170 322 7.03235
33 323 6.7981
118 323 6.57895
122 323 6.91324
130 323 6.91324
131 323 6.91324
132 323 6.91324
141 323 6.91324
153 323 6.7981
154 323 6.7981
16 324 6.91324
33 324 6.7981
118 324 6.57895
119 324 6.57895
120 324 6.68673
132 324 6.91324
133 324 7.03235
118 325 6.57895
119 325 6.57895
120 325 6.57895
125 325 6.7981
126 325 6.7981
127 325 6.7981
128 325 6.7981
305 325 7.55287
306 325 7.55287
37 326 6.68673
71 326 6.7981
72 326 6.68673
117 326 6.37349
118 326 6.47459
125 326 6.7981
127 326 6.7981
128 326 6.68673
129 326 6.68673
130 326 6.68673
305 326 7.55287
306 326 7.55287
307 326 7.55287
308 326 7.55287
32 327 6.37349
33 327 6.37349
37 327 6.68673
38 327 6.68673
118 327 6.18047
32 328 6.37349
33 328 6.37349
42 328 6.57895
74 328 6.37349
75 328 6.37349
118 328 6.08828
33 329 6.37349
34 329 6.37349
42 329 6.47459
75 329 6.37349
84 329 6.47459
22 330 6.27549
29 330 6.27549
30 330 6.27549
34 330 6.37349
35 330 6.27549
70 330 6.37349
175 330 6.68673
176 330 6.68673
177 330 6.68673
6 331 6.47459
7 331 6.47459
13 331 6.68673
21 331 6.37349
22 331 6.37349
30 331 6.27549
35 331 6.27549
36 331 6.27549
40 331 6.47459
69 331 6.37349
70 331 6.37349
74 331 6.37349
174 331 6.68673
177 331 6.68673
178 331 6.68673
3 332 6.47459
4 332 6.47459
12 332 6.68673
13 332 6.68673
31 332 6.27549
44 332 6.27549
70 332 6.37349
74 332 6.47459
122 332 6.47459
123 332 6.47459
144 332 6.47459
174 332 6.68673
175 332 6.68673
3 333 6.47459
9 333 6.37349
12 333 6.68673
20 333 6.37349
118 333 6.08828
174 333 6.57895
175 333 6.57895
8 334 6.27549
9 334 6.27549
68 334 6.27549
69 334 6.27549
118 334 6.18047
142 334 6.37349
69 335 6.27549
70 335 6.27549
90 335 6.27549
91 335 6.27549
120 335 6.18047
141 335 6.37349
142 335 6.37349
176 335 6.47459
177 335 6.47459
71 336 6.18047
120 336 6.18047
121 336 6.18047
142 336 6.27549
71 337 6.18047
142 337 6.27549
174 337 6.47459
186 337 6.47459
17 338 5.82751
68 338 6.08828
72 338 6.08828
77 338 6.08828
135 338 6.08828
142 338 6.27549
143 338 6.27549
16 339 5.82751
17 339 5.82751
68 339 6.08828
119 339 6.08828
135 339 6.08828
136 339 6.08828
166 339 6.37349
187 339 6.47459
13 340 5.82751
16 340 5.82751
17 340 5.82751
119 340 6.08828
120 340 6.08828
136 340 6.08828
137 340 6.08828
147 340 6.18047
13 341 5.82751
68 341 6.08828
72 341 5.9988
73 341 5.9988
119 341 6.08828
137 341 6.08828
147 341 6.18047
167 341 6.18047
36 342 5.82751
37 342 5.82751
38 342 5.82751
72 342 5.9988
73 342 5.9988
167 342 6.08828
168 342 6.08828
187 342 6.47459
73 343 5.9988
167 343 6.08828
168 343 6.08828
169 343 6.08828
74 344 5.91191
111 344 5.91191
161 344 6.08828
168 344 6.08828
169 344 6.08828
57 345 5.74548
137 345 5.91191
139 345 5.91191
162 345 6.08828
163 345 6.08828
164 345 6.08828
41 346 5.58815
69 346 5.66572
140 346 5.91191
164 346 6.08828
41 347 5.58815
96 348 5.36769
105 348 5.58815
106 348 5.51268
107 348 5.51268
114 348 5.66572
115 348 5.66572
154 348 5.82751
158 348 5.91191
159 348 5.91191
160 348 5.91191
57 349 5.66572
68 349 5.51268
104 349 5.58815
107 349 5.51268
108 349 5.51268
115 349 5.66572
116 349 5.66572
117 349 5.66572
141 349 5.66572
159 349 5.91191
160 349 5.91191
181 349 6.18047
182 349 6.18047
57 350 5.66572
107 350 5.51268
108 350 5.51268
116 350 5.66572
117 350 5.66572
118 350 5.58815
142 350 5.66572
180 350 6.18047
49 351 5.74548
50 351 5.58815
52 351 5.58815
100 351 5.36769
144 351 5.66572
156 351 5.66572
180 351 6.18047
181 351 6.18047
52 352 5.58815
100 352 5.36769
101 352 5.36769
62 353 5.29801
68 353 5.36769
100 353 5.36769
60 354 5.43922
64 354 5.23013
65 354 5.23013
88 354 5.36769
95 354 5.29801
97 354 5.51268
101 354 5.36769
155 354 5.66572
156 354 5.66572
59 355 5.51268
94 355 5.29801
102 355 5.36769
103 355 5.36769
139 355 5.43922
93 356 5.29801
94 356 5.29801
103 356 5.36769
104 356 5.36769
105 356 5.36769
116 356 5.43922
33 357 5.09944
62 357 5.23013
94 357 5.29801
98 357 5.29801
99 357 5.29801
119 357 5.36769
129 357 5.43922
33 358 5.09944
62 358 5.23013
63 358 5.23013
96 358 5.29801
99 358 5.29801
100 358 5.29801
112 358 5.29801
119 358 5.36769
120 358 5.36769
171 358 5.91191
33 359 5.09944
60 359 5.23013
99 359 5.29801
100 359 5.23013
112 359 5.29801
113 359 5.29801
220 359 5.82751
100 360 5.23013
101 360 5.23013
146 360 5.43922
169 360 5.82751
220 360 5.82751
221 360 5.82751
238 360 5.82751
100 361 5.16396
101 361 5.16396
102 361 5.16396
169 361 5.82751
48 362 5.09944
92 362 5.16396
96 362 5.16396
103 362 5.16396
104 362 5.16396
151 362 5.36769
30 363 5.03651
36 363 5.03651
48 363 5.09944
49 363 5.09944
61 363 4.85673
90 363 5.36769
92 363 5.16396
94 363 5.16396
95 363 5.16396
96 363 5.16396
103 363 5.16396
104 363 5.16396
116 363 5.16396
117 363 5.16396
137 363 5.29801
138 363 5.36769
21 364 4.97512
94 364 5.16396
117 364 5.16396
20 365 4.97512
21 365 4.97512
134 365 5.29801
135 365 5.29801
141 365 5.23013
142 365 5.23013
20 366 4.97512
21 366 4.97512
80 366 5.03651
81 366 4.97512
127 366 5.16396
21 367 4.97512
82 367 4.97512
83 367 4.91521
95 367 4.97512
551 367 5.51268
552 367 5.51268
553 367 5.51268
554 367 5.51268
555 367 5.51268
558 367 5.51268
559 367 5.51268
560 367 5.51268
561 367 5.51268
562 367 5.51268
563 367 5.51268
564 367 5.51268
565 367 5.43922
566 367 5.43922
13 368 4.97512
14 368 4.97512
15 368 4.97512
16 368 5.03651
80 368 4.97512
92 368 4.91521
111 368 4.91521
134 368 5.16396
135 368 5.16396
552 368 5.51268
553 368 5.51268
566 368 5.43922
13 369 4.97512
14 369 4.97512
15 369 4.97512
16 369 5.03651
77 369 4.85673
93 369 4.91521
126 369 5.09944
13 370 4.97512
14 370 4.97512
15 370 4.97512
16 370 5.03651
62 370 5.09944
64 370 4.79962
65 370 4.79962
66 370 4.79962
77 370 4.85673
78 370 4.85673
82 370 4.79962
90 370 4.85673
146 370 5.16396
16 371 4.91521
57 371 4.79962
61 371 5.09944
62 371 4.97512
66 371 4.79962
77 371 4.85673
78 371 4.85673
82 371 4.79962
83 371 4.79962
56 372 4.79962
58 372 4.79962
60 372 4.79962
64 372 4.79962
66 372 4.79962
67 372 4.74383
73 372 4.79962
83 372 4.79962
91 372 4.85673
118 372 4.91521
37 373 4.74383
38 373 4.74383
49 373 4.68933
55 373 4.97512
58 373 4.79962
62 373 4.97512
63 373 4.91521
67 373 4.74383
74 373 4.79962
95 373 4.79962
96 373 4.79962
97 373 4.79962
49 374 4.68933
58 374 4.79962
59 374 4.74383
79 374 4.74383
97 374 4.79962
104 374 4.79962
105 374 4.79962
106 374 4.79962
77 375 4.74383
78 375 4.74383
93 375 4.79962
103 375 4.85673
106 375 4.79962
528 375 5.29801
529 375 5.29801
545 375 5.29801
68 376 4.68933
70 376 4.68933
103 376 4.85673
104 376 4.79962
55 377 4.63607
69 377 4.63607
81 377 4.68933
87 377 4.68933
50 378 4.63607
55 378 4.63607
69 378 4.63607
81 378 4.68933
86 378 4.68933
87 378 4.68933
88 378 4.68933
89 378 4.63607
90 378 4.63607
118 378 4.85673
35 379 4.53309
37 379 4.584
54 379 4.63607
69 379 4.63607
72 379 4.63607
101 379 4.63607
113 379 4.79962
114 379 4.79962
36 380 4.53309
39 380 4.63607
46 380 4.68933
63 380 4.63607
64 380 4.63607
64 381 4.63607
65 381 4.63607
97 381 4.74383
98 381 4.74383
65 382 4.63607
112 382 4.74383
113 382 4.74383
59 383 4.4833
60 383 4.4833
109 383 4.68933
139 383 4.97512
58 384 4.4833
85 385 4.4833
93 385 4.53309
94 385 4.53309
85 386 4.4833
86 386 4.4833
94 386 4.53309
104 386 4.584
13 387 4.43459
43 387 4.4833
62 387 4.43459
75 387 4.4833
76 387 4.4833
76 388 4.4833
77 388 4.4833
250 388 4.91521
251 388 4.91521
76 389 4.4833
109 389 4.53309
67 390 4.38693
76 390 4.43459
109 390 4.53309
140 390 4.85673
141 390 4.85673
67 391 4.38693
76 391 4.43459
77 391 4.43459
78 391 4.43459
84 391 4.38693
109 391 4.53309
349 391 4.79962
76 392 4.43459
77 392 4.43459
78 392 4.43459
79 392 4.43459
80 392 4.43459
92 392 4.4833
78 393 4.43459
96 393 4.43459
101 393 4.43459
31 395 4.24989
65 395 4.38693
82 395 4.38693
191 395 4.74383
23 396 4.24989
25 396 4.24989
31 396 4.24989
39 396 4.34028
68 396 4.29461
128 396 4.68933
28 397 4.2061
29 397 4.24989
40 397 4.34028
82 397 4.29461
28 398 4.2061
29 398 4.2061
68 398 4.29461
83 398 4.29461
103 399 4.24989
73 400 4.24989
75 400 4.24989
86 400 4.24989
87 400 4.24989
93 400 4.29461
94 400 4.29461
101 400 4.24989
103 400 4.24989
104 400 4.24989
47 401 4.12116
48 401 4.12116
63 401 4.12116
82 401 4.24989
86 401 4.24989
87 401 4.24989
88 401 4.24989
89 401 4.2061
96 401 4.24989
98 401 4.24989
99 401 4.24989
100 401 4.24989
101 401 4.24989
46 402 4.12116
48 402 4.12116
49 402 4.1632
63 402 4.12116
64 402 4.12116
83 402 4.24989
102 402 4.24989
103 402 4.24989
416 402 4.53309
46 403 4.12116
64 403 4.12116
103 403 4.24989
126 405 4.43459
76 406 4.12116
126 406 4.43459
127 406 4.43459
75 407 4.12116
84 407 4.12116
103 407 4.24989
74 408 4.12116
75 408 4.12116
76 408 4.12116
75 409 4.12116
76 409 4.12116
106 409 4.29461
75 410 4.07997
76 410 4.07997
103 410 4.24989
104 410 4.24989
106 410 4.29461
97 411 4.12116
103 411 4.24989
106 411 4.29461
420 411 4.34028
421 411 4.34028
103 412 4.24989
104 412 4.24989
368 413 4.24989
601 413 4.34028
602 413 4.34028
102 414 4.24989
141 414 4.29461
22 415 4.03959
102 415 4.24989
425 415 4.24989
20 416 4.03959
21 416 4.03959
22 416 4.03959
16 417 4.03959
17 417 4.03959
19 417 4.03959
20 417 4.03959
207 417 4.2061
589 417 4.2061
16 418 4.03959
18 418 4.03959
19 418 4.03959
208 418 4.12116
209 418 4.12116
205 419 4.1632
440 419 4.2061
441 419 4.2061
205 420 4.1632
206 420 4.1632
207 420 4.12116
208 420 4.12116
209 420 4.12116
611 420 4.2061
206 421 4.12116
207 421 4.12116
613 421 4.2061
98 422 4.12116
99 422 4.07997
98 423 4.03959
99 423 4.03959
100 423 4.03959
101 423 4.07997
404 423 4.07997
405 423 4.07997
406 423 4.07997
95 424 4.03959
96 424 4.03959
561 424 4.12116
562 424 4.07997
91 425 4.29461
95 425 4.03959
96 425 4.03959
97 425 4.03959
98 425 4.03959
564 425 4.07997
232 426 4.03959
233 426 4.03959
430 429 4.03959
431 429 4.03959
455 429 4.03959
455 430 4.03959
456 430 4.03959
69 448 4.2061
67 450 4.2061
