56 3 5.16396
57 3 5.16396
72 3 5.16396
73 3 5.16396
125 3 31.2989
136 3 31.2989
137 3 31.2989
601 3 16.2999
602 3 16.2999
608 3 15.674
56 4 5.16396
57 4 5.16396
72 4 5.16396
73 4 5.16396
125 4 31.2989
135 4 33.8983
136 4 33.8983
512 4 25.4453
603 4 16.2999
604 4 16.2999
614 4 13.587
56 5 5.16396
57 5 5.16396
72 5 5.16396
73 5 5.16396
125 5 31.2989
132 5 33.8983
135 5 33.8983
535 5 23.9521
604 5 16.2999
605 5 16.2999
613 5 13.587
56 6 5.16396
57 6 5.16396
72 6 5.23013
73 6 5.23013
102 6 31.2989
125 6 33.8983
131 6 33.8983
132 6 33.8983
133 6 33.8983
511 6 23.9521
575 6 200
603 6 16.2999
604 6 16.2999
606 6 15.674
612 6 13.587
637 6 16.2999
56 7 5.16396
57 7 5.16396
72 7 5.23013
73 7 5.23013
513 7 25.4453
607 7 15.674
608 7 15.674
625 7 15.674
636 7 16.2999
637 7 16.2999
56 8 5.16396
57 8 5.16396
72 8 5.16396
73 8 5.16396
127 8 33.8983
607 8 15.674
608 8 15.674
622 8 16.2999
623 8 15.674
56 9 5.16396
57 9 5.16396
72 9 5.16396
73 9 5.16396
130 9 33.8983
607 9 16.2999
610 9 15.674
57 10 5.16396
72 10 5.16396
73 10 5.16396
100 10 31.2989
111 10 31.2989
115 10 31.2989
116 10 31.2989
135 10 33.8983
608 10 16.2999
609 10 16.2999
56 11 5.16396
57 11 5.16396
72 11 5.16396
73 11 5.16396
100 11 31.2989
115 11 31.2989
134 11 33.8983
135 11 33.8983
608 11 16.2999
616 11 16.2999
56 12 5.16396
57 12 5.16396
72 12 5.16396
73 12 5.16396
124 12 31.2989
130 12 33.8983
134 12 33.8983
532 12 23.9521
607 12 16.2999
609 12 16.2999
615 12 16.2999
616 12 16.2999
633 12 14.556
56 13 5.16396
57 13 5.16396
72 13 5.16396
73 13 5.16396
100 13 31.2989
124 13 31.2989
125 13 31.2989
130 13 33.8983
133 13 33.8983
134 13 33.8983
517 13 23.9521
518 13 23.9521
600 13 16.2999
632 13 14.556
633 13 14.556
56 14 5.16396
57 14 5.16396
72 14 5.16396
73 14 5.16396
97 14 31.2989
100 14 31.2989
124 14 31.2989
133 14 33.8983
517 14 23.9521
598 14 16.2999
599 14 16.2999
600 14 16.2999
601 14 16.2999
56 15 5.16396
57 15 5.16396
72 15 5.16396
73 15 5.16396
508 15 25.4453
599 15 16.2999
600 15 16.2999
601 15 16.2999
607 15 16.2999
608 15 16.2999
609 15 16.2999
610 15 15.674
56 16 5.16396
57 16 5.16396
72 16 5.16396
73 16 5.16396
507 16 25.4453
532 16 25.4453
605 16 16.9779
606 16 16.9779
607 16 16.2999
608 16 16.2999
609 16 16.2999
56 17 5.16396
57 17 5.16396
72 17 5.16396
73 17 5.16396
531 17 25.4453
600 17 16.2999
601 17 16.2999
602 17 15.674
606 17 16.9779
611 17 16.2999
612 17 16.2999
613 17 16.2999
614 17 15.674
56 18 5.16396
57 18 5.16396
72 18 5.16396
73 18 5.16396
105 18 31.2989
599 18 16.2999
600 18 15.674
601 18 15.674
611 18 16.2999
612 18 16.2999
613 18 16.2999
614 18 15.674
56 19 5.16396
57 19 5.16396
72 19 5.16396
73 19 5.16396
104 19 31.2989
105 19 31.2989
122 19 31.2989
123 19 31.2989
124 19 31.2989
131 19 33.8983
135 19 33.8983
508 19 25.4453
515 19 25.4453
602 19 15.674
610 19 16.9779
611 19 16.2999
613 19 16.2999
614 19 15.674
56 20 5.16396
57 20 5.16396
72 20 5.16396
73 20 5.16396
105 20 31.2989
123 20 31.2989
124 20 31.2989
135 20 33.8983
601 20 15.674
602 20 15.674
603 20 15.674
56 21 5.16396
57 21 5.16396
72 21 5.16396
73 21 5.16396
135 21 33.8983
509 21 25.4453
510 21 25.4453
511 21 25.4453
601 21 15.674
602 21 15.674
603 21 15.674
614 21 16.2999
615 21 16.2999
56 22 5.16396
57 22 5.16396
72 22 5.16396
73 22 5.16396
509 22 25.4453
510 22 25.4453
511 22 25.4453
602 22 16.2999
603 22 16.2999
613 22 16.2999
56 23 5.16396
57 23 5.16396
73 23 5.16396
109 23 31.2989
129 23 33.8983
132 23 33.8983
133 23 33.8983
134 23 33.8983
601 23 16.2999
602 23 16.2999
603 23 16.2999
56 24 5.16396
57 24 5.16396
72 24 5.16396
73 24 5.16396
119 24 33.8983
132 24 33.8983
511 24 25.4453
601 24 16.2999
56 25 5.16396
57 25 5.16396
73 25 5.16396
74 25 5.16396
132 25 33.8983
620 25 15.674
621 25 15.674
637 25 45.1467
56 26 5.16396
57 26 5.16396
73 26 5.16396
130 26 33.8983
131 26 33.8983
617 26 16.9779
618 26 16.9779
619 26 16.2999
620 26 15.674
621 26 15.674
627 26 12.7389
628 26 12.7389
56 27 5.16396
57 27 5.16396
72 27 5.16396
73 27 5.16396
130 27 33.8983
131 27 33.8983
512 27 25.4453
513 27 25.4453
616 27 16.9779
617 27 16.9779
618 27 16.9779
56 28 5.16396
57 28 5.16396
72 28 5.16396
73 28 5.16396
74 28 5.16396
103 28 33.8983
130 28 33.8983
131 28 31.2989
513 28 25.4453
600 28 16.2999
601 28 16.2999
602 28 15.674
605 28 14.556
615 28 17.7148
616 28 16.9779
56 29 5.16396
57 29 5.16396
72 29 5.16396
73 29 5.16396
74 29 5.16396
127 29 33.8983
128 29 33.8983
130 29 33.8983
513 29 25.4453
534 29 23.9521
600 29 16.2999
601 29 16.2999
604 29 15.0943
56 30 5.16396
57 30 5.16396
73 30 5.16396
74 30 5.16396
105 30 33.8983
127 30 33.8983
534 30 23.9521
599 30 16.2999
600 30 16.2999
601 30 16.2999
56 31 5.16396
57 31 5.16396
73 31 5.16396
74 31 5.16396
98 31 33.8983
114 31 31.2989
604 31 16.2999
605 31 15.674
622 31 16.2999
623 31 16.2999
56 32 5.16396
57 32 5.16396
73 32 5.16396
74 32 5.16396
605 32 16.2999
606 32 16.2999
607 32 15.674
56 33 5.16396
57 33 5.16396
73 33 5.16396
74 33 5.16396
98 33 33.8983
129 33 31.2989
508 33 25.4453
600 33 16.2999
601 33 16.2999
604 33 16.2999
605 33 16.2999
606 33 16.2999
56 34 5.16396
57 34 5.16396
73 34 5.16396
74 34 5.16396
98 34 33.8983
128 34 31.2989
601 34 16.2999
602 34 16.2999
604 34 16.2999
606 34 16.2999
607 34 15.674
56 35 5.16396
57 35 5.16396
73 35 5.16396
74 35 5.16396
97 35 33.8983
516 35 25.4453
517 35 25.4453
601 35 16.2999
56 36 5.16396
57 36 5.16396
73 36 5.16396
74 36 5.16396
516 36 25.4453
517 36 25.4453
56 37 5.16396
57 37 5.16396
73 37 5.16396
74 37 5.16396
509 37 27.137
510 37 27.137
512 37 25.4453
513 37 23.9521
534 37 23.9521
607 37 16.2999
608 37 15.674
610 37 15.674
56 38 5.16396
57 38 5.16396
73 38 5.16396
74 38 5.16396
126 38 31.2989
508 38 27.137
510 38 27.137
512 38 25.4453
513 38 23.9521
598 38 16.2999
56 39 5.16396
57 39 5.16396
73 39 5.16396
74 39 5.16396
119 39 33.8983
126 39 31.2989
127 39 31.2989
508 39 27.137
598 39 16.2999
599 39 16.2999
600 39 16.2999
56 40 5.16396
57 40 5.16396
73 40 5.16396
74 40 5.16396
119 40 33.8983
126 40 31.2989
598 40 16.2999
599 40 16.2999
600 40 16.2999
56 41 5.16396
57 41 5.16396
73 41 5.16396
74 41 5.16396
95 41 33.8983
126 41 31.2989
601 41 16.2999
602 41 16.2999
56 42 5.16396
57 42 5.16396
73 42 5.16396
74 42 5.16396
94 42 33.8983
95 42 33.8983
126 42 31.2989
600 42 16.2999
602 42 16.2999
603 42 15.674
616 42 11.6482
57 43 5.16396
73 43 5.16396
74 43 5.16396
117 43 33.8983
515 43 25.4453
516 43 25.4453
605 43 15.674
606 43 15.674
56 44 5.16396
57 44 5.16396
73 44 5.16396
74 44 5.16396
126 44 31.2989
548 44 36.9686
603 44 16.2999
604 44 15.674
605 44 15.674
613 44 12.7389
56 45 5.16396
57 45 5.16396
73 45 5.16396
74 45 5.16396
126 45 31.2989
127 45 31.2989
137 45 33.8983
602 45 16.2999
603 45 16.2999
604 45 15.674
605 45 15.674
626 45 16.2999
36 46 31.2989
56 46 5.16396
57 46 5.16396
73 46 5.16396
74 46 5.16396
126 46 31.2989
127 46 31.2989
595 46 16.2999
600 46 18.5185
604 46 16.2999
605 46 16.2999
625 46 16.2999
626 46 16.2999
57 47 5.16396
73 47 5.16396
74 47 5.16396
100 47 31.2989
101 47 31.2989
596 47 16.2999
624 47 16.2999
625 47 16.2999
57 48 5.16396
73 48 5.16396
74 48 5.16396
105 48 33.8983
130 48 31.2989
607 48 16.9779
608 48 16.9779
612 48 14.556
613 48 14.556
623 48 16.9779
626 48 16.2999
627 48 16.2999
57 49 5.16396
73 49 5.16396
74 49 5.16396
103 49 33.8983
105 49 33.8983
513 49 27.137
518 49 25.4453
597 49 16.2999
605 49 17.7148
606 49 17.7148
632 49 15.0943
3 50 31.2989
57 50 5.16396
73 50 5.16396
74 50 5.16396
107 50 33.8983
128 50 31.2989
129 50 33.8983
506 50 23.9521
517 50 25.4453
595 50 16.2999
596 50 16.2999
597 50 16.2999
600 50 14.556
633 50 15.0943
57 51 5.16396
73 51 5.23013
74 51 5.23013
126 51 31.2989
129 51 31.2989
517 51 25.4453
533 51 23.9521
595 51 16.2999
596 51 16.2999
597 51 16.2999
57 52 5.16396
73 52 5.23013
74 52 5.23013
126 52 31.2989
127 52 31.2989
129 52 31.2989
604 52 13.1492
605 52 13.1492
57 53 5.16396
73 53 5.23013
74 53 5.23013
326 53 33.8983
604 53 13.1492
35 54 31.2989
57 54 5.16396
73 54 5.23013
74 54 5.23013
101 54 33.8983
319 54 33.8983
320 54 31.2989
322 54 33.8983
324 54 31.2989
325 54 33.8983
326 54 33.8983
533 54 23.9521
598 54 15.674
4 55 31.2989
34 55 31.2989
35 55 31.2989
57 55 5.16396
73 55 5.23013
74 55 5.23013
282 55 36.9686
286 55 31.2989
317 55 33.8983
318 55 31.2989
320 55 31.2989
506 55 25.4453
507 55 25.4453
517 55 25.4453
532 55 23.9521
533 55 23.9521
595 55 16.2999
596 55 15.674
597 55 15.674
601 55 14.556
57 56 5.16396
73 56 5.23013
74 56 5.23013
128 56 31.2989
281 56 36.9686
282 56 36.9686
315 56 33.8983
316 56 33.8983
317 56 33.8983
596 56 15.674
597 56 15.674
600 56 15.0943
605 56 12.3533
6 57 31.2989
42 57 33.8983
43 57 33.8983
56 57 5.16396
57 57 5.16396
73 57 5.23013
74 57 5.23013
128 57 31.2989
133 57 31.2989
314 57 33.8983
315 57 33.8983
515 57 25.4453
598 57 15.674
599 57 15.674
8 58 31.2989
35 58 31.2989
56 58 5.16396
57 58 5.16396
73 58 5.23013
74 58 5.23013
133 58 31.2989
507 58 23.9521
508 58 23.9521
598 58 15.674
31 59 31.2989
35 59 31.2989
56 59 5.16396
57 59 5.16396
73 59 5.23013
74 59 5.23013
124 59 31.2989
133 59 31.2989
538 59 36.9686
19 60 31.2989
20 60 31.2989
35 60 31.2989
39 60 31.2989
40 60 31.2989
57 60 5.16396
73 60 5.23013
74 60 5.23013
123 60 31.2989
124 60 31.2989
132 60 33.8983
133 60 33.8983
180 60 45.1467
508 60 25.4453
11 61 29.0698
20 61 31.2989
56 61 5.16396
57 61 5.16396
73 61 5.16396
74 61 5.16396
124 61 31.2989
132 61 33.8983
507 61 25.4453
508 61 25.4453
591 61 16.2999
592 61 16.2999
596 61 16.9779
597 61 16.2999
598 61 16.2999
599 61 15.674
605 61 16.9779
606 61 16.2999
607 61 16.2999
608 61 16.2999
7 62 31.2989
10 62 29.0698
23 62 31.2989
73 62 5.16396
74 62 5.16396
131 62 33.8983
132 62 33.8983
592 62 16.2999
596 62 16.2999
605 62 16.9779
606 62 16.2999
607 62 16.2999
608 62 16.2999
43 63 31.2989
56 63 5.16396
57 63 5.16396
73 63 5.16396
132 63 36.9686
509 63 25.4453
548 63 36.9686
549 63 36.9686
592 63 16.2999
4 64 29.0698
14 64 29.0698
42 64 31.2989
43 64 31.2989
56 64 5.16396
57 64 5.16396
73 64 5.16396
117 64 31.2989
548 64 36.9686
598 64 16.2999
600 64 16.2999
30 65 31.2989
31 65 31.2989
56 65 5.16396
57 65 5.16396
73 65 5.16396
123 65 31.2989
136 65 33.8983
599 65 16.2999
600 65 16.2999
30 66 31.2989
31 66 31.2989
41 66 31.2989
56 66 5.16396
73 66 5.16396
123 66 31.2989
128 66 31.2989
129 66 31.2989
136 66 33.8983
16 67 29.0698
57 67 5.16396
73 67 5.16396
74 67 5.16396
128 67 31.2989
532 67 23.9521
592 67 16.9779
593 67 16.2999
605 67 13.587
6 68 31.2989
16 68 29.0698
57 68 5.16396
73 68 5.16396
74 68 5.16396
127 68 33.8983
128 68 33.8983
135 68 33.8983
503 68 25.4453
504 68 25.4453
594 68 16.2999
6 69 31.2989
7 69 31.2989
56 69 5.16396
57 69 5.16396
73 69 5.16396
74 69 5.16396
127 69 33.8983
128 69 33.8983
135 69 33.8983
503 69 25.4453
594 69 16.9779
595 69 16.2999
51 70 31.2989
56 70 5.16396
57 70 5.16396
73 70 5.16396
74 70 5.16396
127 70 33.8983
135 70 33.8983
499 70 25.4453
504 70 25.4453
595 70 16.2999
596 70 16.2999
597 70 16.2999
603 70 15.674
6 71 31.2989
26 71 31.2989
27 71 31.2989
57 71 5.16396
73 71 5.16396
74 71 5.16396
98 71 33.8983
134 71 33.8983
135 71 33.8983
596 71 16.2999
597 71 16.2999
598 71 16.2999
603 71 16.2999
604 71 16.2999
32 72 31.2989
33 72 31.2989
42 72 31.2989
57 72 5.16396
73 72 5.16396
74 72 5.16396
134 72 33.8983
135 72 33.8983
598 72 16.2999
604 72 16.2999
605 72 16.2999
629 72 80.9717
3 73 29.0698
10 73 29.0698
11 73 29.0698
32 73 31.2989
41 73 31.2989
49 73 33.8983
56 73 5.16396
57 73 5.16396
73 73 5.16396
74 73 5.16396
128 73 31.2989
134 73 33.8983
179 73 45.1467
599 73 16.2999
600 73 16.2999
603 73 16.2999
604 73 16.2999
605 73 16.2999
627 73 80.9717
11 74 29.0698
19 74 29.0698
20 74 31.2989
31 74 31.2989
32 74 31.2989
41 74 31.2989
48 74 33.8983
57 74 5.16396
58 74 5.16396
73 74 5.16396
74 74 5.16396
127 74 31.2989
134 74 33.8983
500 74 25.4453
501 74 25.4453
599 74 16.2999
600 74 16.2999
604 74 16.2999
605 74 16.2999
4 75 29.0698
10 75 29.0698
16 75 29.0698
17 75 29.0698
32 75 31.2989
40 75 31.2989
41 75 31.2989
58 75 5.16396
73 75 5.16396
74 75 5.16396
126 75 31.2989
134 75 33.8983
603 75 16.2999
604 75 16.2999
4 76 31.2989
27 76 31.2989
40 76 31.2989
57 76 5.16396
73 76 5.16396
74 76 5.16396
125 76 31.2989
601 76 16.9779
602 76 16.9779
603 76 16.9779
604 76 16.2999
625 76 15.0943
626 76 15.0943
632 76 15.0943
25 77 31.2989
32 77 33.8983
37 77 33.8983
57 77 5.36769
73 77 5.16396
74 77 5.16396
106 77 31.2989
125 77 31.2989
207 77 45.1467
546 77 36.9686
547 77 36.9686
548 77 36.9686
624 77 15.0943
630 77 15.0943
631 77 15.0943
632 77 15.0943
14 78 31.2989
15 78 31.2989
21 78 31.2989
22 78 29.0698
37 78 33.8983
57 78 5.16396
73 78 5.16396
74 78 5.16396
100 78 31.2989
133 78 33.8983
499 78 27.137
500 78 27.137
501 78 27.137
504 78 21.4362
505 78 21.4362
616 78 15.0943
24 79 31.2989
25 79 31.2989
54 79 31.2989
55 79 31.2989
59 79 5.16396
73 79 5.16396
74 79 5.16396
109 79 33.8983
124 79 33.8983
132 79 33.8983
207 79 45.1467
499 79 27.137
500 79 27.137
501 79 27.137
603 79 15.674
615 79 15.0943
616 79 15.0943
635 79 15.0943
636 79 15.0943
9 80 31.2989
10 80 31.2989
25 80 31.2989
53 80 31.2989
54 80 31.2989
57 80 5.36769
59 80 5.36769
73 80 5.16396
74 80 5.16396
109 80 33.8983
131 80 33.8983
132 80 33.8983
17 81 29.0698
18 81 29.0698
28 81 31.2989
57 81 5.36769
59 81 5.36769
73 81 5.16396
74 81 5.16396
206 81 45.1467
329 81 40.6504
17 82 29.0698
18 82 29.0698
28 82 31.2989
53 82 31.2989
57 82 5.36769
59 82 5.36769
73 82 5.16396
74 82 5.16396
95 82 33.8983
206 82 45.1467
23 83 200
53 83 33.8983
57 83 5.36769
59 83 5.36769
73 83 5.16396
74 83 5.16396
133 83 33.8983
134 83 33.8983
458 83 40.6504
459 83 40.6504
603 83 15.674
604 83 15.674
25 84 200
31 84 29.0698
32 84 29.0698
49 84 31.2989
50 84 33.8983
51 84 33.8983
57 84 5.36769
59 84 5.36769
73 84 5.16396
95 84 33.8983
133 84 33.8983
134 84 33.8983
602 84 16.2999
31 85 29.0698
32 85 29.0698
33 85 29.0698
50 85 33.8983
59 85 5.36769
73 85 5.16396
534 85 23.9521
543 85 40.6504
544 85 40.6504
603 85 16.2999
604 85 16.2999
16 86 29.0698
40 86 29.0698
47 86 31.2989
59 86 5.36769
73 86 5.16396
74 86 5.16396
106 86 33.8983
107 86 33.8983
129 86 31.2989
130 86 31.2989
133 86 33.8983
321 86 45.1467
604 86 16.2999
3 87 31.2989
12 87 29.0698
27 87 29.0698
57 87 5.16396
59 87 5.36769
73 87 5.16396
74 87 5.16396
106 87 33.8983
107 87 33.8983
129 87 31.2989
130 87 31.2989
191 87 45.1467
466 87 40.6504
5 88 31.2989
54 88 29.0698
56 88 5.16396
57 88 5.16396
73 88 5.16396
74 88 5.16396
129 88 31.2989
501 88 23.9521
502 88 23.9521
508 88 19.3986
606 88 16.2999
52 89 31.2989
53 89 31.2989
54 89 29.0698
56 89 5.16396
57 89 5.16396
73 89 5.16396
74 89 5.16396
95 89 33.8983
204 89 50.7614
449 89 40.6504
532 89 25.4453
609 89 15.674
610 89 15.0943
48 90 33.8983
51 90 31.2989
56 90 5.16396
57 90 5.16396
73 90 5.16396
74 90 5.16396
95 90 33.8983
449 90 40.6504
501 90 25.4453
502 90 25.4453
503 90 25.4453
607 90 16.2999
608 90 16.2999
73 91 5.16396
74 91 5.16396
185 91 50.7614
350 91 50.7614
502 91 27.137
606 91 16.2999
607 91 16.2999
11 92 31.2989
45 92 33.8983
46 92 33.8983
59 92 5.36769
63 92 33.8983
73 92 5.16396
74 92 5.16396
349 92 50.7614
350 92 50.7614
4 93 31.2989
11 93 31.2989
37 93 31.2989
45 93 33.8983
59 93 5.36769
63 93 33.8983
74 93 5.16396
205 93 45.1467
532 93 25.4453
533 93 25.4453
548 93 36.9686
5 94 31.2989
6 94 31.2989
11 94 31.2989
28 94 31.2989
37 94 31.2989
58 94 5.36769
59 94 5.36769
74 94 5.23013
204 94 45.1467
503 94 23.9521
548 94 36.9686
11 95 31.2989
18 95 31.2989
36 95 31.2989
58 95 5.36769
74 95 5.23013
92 95 33.8983
548 95 36.9686
604 95 17.7148
605 95 17.7148
606 95 17.7148
607 95 16.9779
626 95 16.9779
627 95 16.9779
628 95 16.9779
629 95 16.2999
19 96 31.2989
36 96 31.2989
41 96 31.2989
58 96 5.36769
74 96 5.23013
92 96 33.8983
109 96 31.2989
133 96 31.2989
134 96 31.2989
386 96 50.7614
625 96 16.9779
49 97 33.8983
58 97 5.36769
74 97 5.23013
134 97 31.2989
8 98 31.2989
16 98 29.0698
26 98 31.2989
27 98 31.2989
42 98 31.2989
43 98 31.2989
58 98 5.36769
74 98 5.23013
134 98 31.2989
184 98 45.1467
614 98 16.9779
15 99 31.2989
16 99 31.2989
29 99 31.2989
42 99 31.2989
49 99 33.8983
59 99 5.36769
74 99 5.23013
134 99 31.2989
9 100 31.2989
10 100 31.2989
36 100 31.2989
48 100 31.2989
59 100 5.36769
64 100 33.8983
65 100 33.8983
73 100 5.23013
74 100 5.23013
134 100 31.2989
374 100 57.971
617 100 15.674
9 101 31.2989
10 101 31.2989
16 101 31.2989
28 101 31.2989
46 101 31.2989
47 101 31.2989
59 101 5.36769
63 101 33.8983
64 101 33.8983
73 101 5.23013
74 101 5.23013
133 101 31.2989
134 101 31.2989
135 101 31.2989
502 101 25.4453
503 101 25.4453
548 101 36.9686
606 101 16.2999
607 101 16.2999
616 101 16.2999
617 101 15.674
618 101 15.674
619 101 15.674
620 101 15.0943
19 102 33.8983
26 102 31.2989
27 102 31.2989
28 102 31.2989
74 102 5.23013
104 102 31.2989
105 102 31.2989
133 102 33.8983
134 102 33.8983
196 102 45.1467
200 102 50.7614
374 102 57.971
501 102 25.4453
502 102 25.4453
503 102 25.4453
506 102 22.6244
507 102 22.6244
548 102 36.9686
637 102 15.674
15 103 29.0698
19 103 33.8983
27 103 31.2989
43 103 33.8983
58 103 5.36769
74 103 5.23013
104 103 31.2989
134 103 33.8983
200 103 50.7614
334 103 50.7614
501 103 25.4453
502 103 25.4453
503 103 25.4453
623 103 15.674
624 103 15.674
625 103 15.674
15 104 29.0698
18 104 33.8983
19 104 33.8983
43 104 33.8983
58 104 5.36769
74 104 5.23013
131 104 33.8983
132 104 33.8983
134 104 33.8983
205 104 45.1467
623 104 15.674
624 104 15.674
18 105 33.8983
19 105 33.8983
38 105 31.2989
56 105 5.36769
58 105 5.36769
62 105 5.29801
74 105 5.23013
194 105 45.1467
504 105 25.4453
3 106 31.2989
11 106 31.2989
18 106 31.2989
19 106 31.2989
23 106 29.0698
29 106 31.2989
74 106 5.23013
99 106 31.2989
102 106 31.2989
194 106 45.1467
204 106 45.1467
205 106 45.1467
3 107 31.2989
13 107 31.2989
18 107 31.2989
22 107 29.0698
29 107 31.2989
45 107 33.8983
52 107 33.8983
56 107 5.16396
57 107 5.16396
71 107 5.43922
74 107 5.23013
505 107 25.4453
506 107 25.4453
7 108 31.2989
16 108 31.2989
18 108 31.2989
22 108 29.0698
71 108 5.43922
74 108 5.23013
134 108 33.8983
505 108 25.4453
506 108 25.4453
629 108 15.674
630 108 15.674
7 109 31.2989
28 109 31.2989
56 109 5.16396
57 109 5.16396
74 109 5.23013
133 109 33.8983
134 109 33.8983
181 109 45.1467
462 109 40.6504
505 109 25.4453
506 109 25.4453
507 109 25.4453
629 109 15.674
630 109 15.674
7 110 31.2989
32 110 31.2989
56 110 5.16396
57 110 5.16396
68 110 6.37349
74 110 5.23013
110 110 33.8983
537 110 36.9686
629 110 15.674
630 110 15.674
13 111 31.2989
26 111 31.2989
56 111 5.16396
57 111 5.16396
62 111 31.2989
68 111 6.37349
74 111 5.23013
134 111 33.8983
173 111 80.9717
629 111 15.674
630 111 15.674
631 111 15.674
25 112 31.2989
26 112 31.2989
43 112 31.2989
56 112 5.16396
57 112 5.16396
60 112 31.2989
68 112 6.37349
74 112 5.23013
547 112 40.6504
548 112 40.6504
629 112 15.674
630 112 15.674
25 113 31.2989
26 113 31.2989
29 113 57.971
35 113 31.2989
43 113 31.2989
56 113 5.16396
57 113 5.16396
60 113 31.2989
74 113 5.23013
203 113 40.6504
547 113 40.6504
17 114 31.2989
49 114 31.2989
56 114 5.16396
57 114 5.16396
74 114 5.23013
134 114 31.2989
135 114 31.2989
196 114 45.1467
13 115 31.2989
16 115 31.2989
49 115 31.2989
56 115 5.16396
57 115 5.16396
74 115 5.23013
85 115 134.228
100 115 31.2989
134 115 31.2989
196 115 45.1467
362 115 45.1467
628 115 15.674
629 115 15.674
28 116 29.0698
49 116 31.2989
56 116 5.16396
57 116 5.16396
74 116 5.23013
627 116 15.674
628 116 15.674
629 116 15.674
28 117 29.0698
29 117 29.0698
49 117 31.2989
61 117 31.2989
69 117 31.2989
74 117 5.23013
207 117 45.1467
627 117 15.674
628 117 15.674
629 117 15.674
7 118 31.2989
16 118 31.2989
24 118 33.8983
25 118 33.8983
28 118 29.0698
29 118 29.0698
32 118 33.8983
49 118 31.2989
57 118 5.16396
74 118 5.23013
206 118 45.1467
628 118 15.674
7 119 31.2989
10 119 31.2989
16 119 31.2989
32 119 33.8983
55 119 5.16396
74 119 5.23013
430 119 40.6504
629 119 15.674
16 120 31.2989
57 120 5.16396
74 120 5.23013
373 120 57.971
374 120 57.971
629 120 15.674
3 121 31.2989
7 121 31.2989
39 121 31.2989
74 121 5.23013
147 121 80.9717
205 121 45.1467
628 121 15.674
629 121 15.674
3 122 31.2989
56 122 5.16396
57 122 5.16396
74 122 5.23013
205 122 45.1467
236 122 57.971
628 122 15.674
629 122 15.674
630 122 15.674
3 123 31.2989
7 123 31.2989
37 123 31.2989
56 123 5.16396
57 123 5.16396
66 123 33.8983
67 123 33.8983
68 123 33.8983
74 123 5.23013
629 123 15.674
630 123 15.674
6 124 31.2989
23 124 31.2989
24 124 31.2989
65 124 31.2989
67 124 33.8983
74 124 5.23013
3 125 31.2989
12 125 31.2989
23 125 31.2989
33 125 33.8983
34 125 33.8983
49 125 5.09944
50 125 5.09944
65 125 31.2989
74 125 5.23013
358 125 50.7614
511 125 23.9521
23 126 31.2989
33 126 33.8983
74 126 5.23013
165 126 101.01
3 127 33.8983
4 127 33.8983
8 127 36.9686
42 127 4.85673
46 127 5.03651
54 127 5.16396
55 127 5.16396
56 127 5.16396
57 127 5.16396
64 127 31.2989
74 127 5.23013
99 127 33.8983
205 127 45.1467
4 128 33.8983
16 128 31.2989
17 128 31.2989
27 128 29.0698
42 128 4.97512
45 128 5.03651
54 128 5.16396
56 128 5.16396
74 128 5.23013
629 128 15.674
11 129 31.2989
44 129 5.03651
56 129 5.16396
74 129 5.23013
628 129 15.674
629 129 15.674
630 129 15.674
13 130 29.0698
21 130 31.2989
42 130 4.97512
43 130 5.03651
56 130 5.23013
74 130 5.23013
629 130 15.674
4 131 31.2989
41 131 4.97512
42 131 5.03651
56 131 5.23013
63 131 5.16396
74 131 5.23013
268 131 80.9717
632 131 15.0943
633 131 14.556
4 132 31.2989
15 132 31.2989
34 132 31.2989
42 132 4.97512
56 132 5.29801
62 132 5.16396
63 132 5.16396
70 132 33.8983
74 132 5.23013
267 132 80.9717
513 132 25.4453
629 132 15.674
630 132 15.674
29 133 31.2989
30 133 31.2989
40 133 4.97512
41 133 4.97512
54 133 5.29801
55 133 5.29801
63 133 5.16396
68 133 33.8983
69 133 33.8983
70 133 33.8983
74 133 5.23013
512 133 25.4453
513 133 25.4453
514 133 25.4453
55 134 5.29801
56 134 5.29801
58 134 5.29801
62 134 5.16396
63 134 5.16396
66 134 33.8983
67 134 33.8983
68 134 33.8983
74 134 5.23013
75 134 5.23013
24 135 25.4453
39 135 5.09944
40 135 5.09944
74 135 5.23013
75 135 5.23013
392 135 50.7614
11 136 33.8983
13 136 31.2989
29 136 33.8983
39 136 5.09944
63 136 5.09944
74 136 5.23013
629 136 15.674
15 137 31.2989
29 137 31.2989
30 137 33.8983
38 137 5.09944
64 137 5.16396
74 137 5.23013
519 137 25.4453
628 137 15.674
629 137 15.674
630 137 15.674
15 138 31.2989
20 138 31.2989
28 138 33.8983
29 138 33.8983
38 138 5.03651
62 138 5.09944
64 138 5.09944
74 138 5.23013
628 138 15.674
629 138 15.674
630 138 15.674
27 139 33.8983
28 139 33.8983
38 139 5.03651
62 139 5.16396
64 139 5.09944
14 140 29.0698
15 140 29.0698
28 140 31.2989
38 140 5.03651
64 140 5.16396
74 140 5.16396
362 140 50.7614
8 141 31.2989
14 141 29.0698
37 141 5.03651
44 141 33.8983
45 141 33.8983
61 141 5.36769
64 141 5.16396
74 141 5.16396
75 141 5.16396
631 141 15.674
5 142 31.2989
13 142 29.0698
14 142 29.0698
26 142 33.8983
27 142 33.8983
37 142 5.03651
44 142 33.8983
64 142 5.16396
75 142 5.16396
631 142 15.674
632 142 15.674
5 143 31.2989
13 143 29.0698
14 143 29.0698
22 143 33.8983
25 143 33.8983
26 143 33.8983
27 143 33.8983
37 143 5.03651
64 143 5.16396
75 143 5.16396
631 143 15.674
5 144 31.2989
13 144 29.0698
26 144 33.8983
37 144 5.03651
74 144 5.23013
75 144 5.23013
5 145 31.2989
13 145 31.2989
37 145 5.03651
43 145 33.8983
74 145 5.23013
353 145 57.971
5 146 31.2989
13 146 31.2989
43 146 33.8983
58 146 31.2989
74 146 5.16396
75 146 5.16396
13 147 31.2989
74 147 5.16396
75 147 5.16396
12 148 31.2989
13 148 31.2989
21 148 31.2989
22 148 31.2989
38 148 33.8983
74 148 5.23013
75 148 5.23013
9 149 31.2989
12 149 31.2989
13 149 31.2989
21 149 31.2989
28 149 33.8983
74 149 5.23013
75 149 5.23013
9 150 31.2989
12 150 29.0698
24 150 31.2989
75 150 5.23013
123 150 31.2989
240 150 57.971
12 151 29.0698
13 151 29.0698
24 151 31.2989
37 151 4.91521
38 151 4.91521
43 151 33.8983
75 151 5.23013
111 151 33.8983
231 151 57.971
12 152 29.0698
24 152 31.2989
37 152 4.91521
38 152 4.91521
74 152 5.23013
75 152 5.23013
230 152 57.971
12 153 29.0698
24 153 31.2989
37 153 4.91521
75 153 5.16396
610 153 50.7614
37 154 4.91521
38 154 4.91521
75 154 5.16396
76 154 5.16396
631 154 15.674
632 154 15.674
37 155 5.03651
38 155 5.03651
75 155 5.16396
110 155 33.8983
631 155 15.674
632 155 15.674
637 155 15.674
12 156 31.2989
13 156 31.2989
14 156 31.2989
37 156 5.03651
38 156 5.03651
61 156 5.09944
62 156 5.09944
75 156 5.16396
76 156 5.16396
110 156 33.8983
637 156 15.0943
12 157 31.2989
13 157 31.2989
37 157 5.03651
60 157 5.09944
61 157 5.09944
62 157 5.09944
75 157 5.16396
76 157 5.16396
110 157 33.8983
637 157 15.674
29 158 33.8983
37 158 5.09944
61 158 5.09944
75 158 5.16396
37 159 5.09944
58 159 5.09944
59 159 5.09944
74 159 5.23013
75 159 5.23013
11 160 31.2989
12 160 31.2989
13 160 31.2989
26 160 31.2989
27 160 31.2989
37 160 5.09944
58 160 5.16396
59 160 5.16396
74 160 5.23013
75 160 5.23013
108 160 36.9686
630 160 15.674
12 161 31.2989
58 161 5.16396
75 161 5.23013
629 161 15.674
630 161 15.674
631 161 15.674
633 161 15.0943
52 162 36.9686
58 162 5.16396
75 162 5.23013
629 162 15.674
630 162 15.674
36 163 4.85673
58 163 5.16396
75 163 5.23013
17 164 31.2989
36 164 4.85673
58 164 5.16396
74 164 5.23013
75 164 5.23013
102 164 45.1467
106 164 33.8983
121 164 36.9686
636 164 15.674
36 165 4.85673
39 165 5.29801
75 165 5.23013
102 165 45.1467
106 165 33.8983
120 165 36.9686
36 166 4.85673
39 166 5.16396
46 166 33.8983
59 166 5.09944
75 166 5.23013
106 166 33.8983
36 167 4.85673
37 167 4.91521
40 167 5.29801
59 167 5.09944
75 167 5.23013
13 168 33.8983
21 168 31.2989
37 168 4.91521
59 168 5.09944
75 168 5.23013
191 168 45.1467
632 168 15.674
37 169 4.91521
59 169 5.09944
75 169 5.23013
190 169 45.1467
283 169 200
632 169 15.674
37 170 4.91521
38 170 4.91521
75 170 5.23013
633 170 15.674
31 171 31.2989
38 171 4.91521
75 171 5.23013
632 171 15.674
633 171 15.674
634 171 15.674
40 172 4.91521
59 172 5.09944
75 172 5.23013
633 172 15.674
39 173 5.09944
52 173 33.8983
59 173 5.09944
75 173 5.23013
41 174 5.16396
59 174 5.09944
75 174 5.23013
42 175 5.23013
50 175 33.8983
75 175 5.23013
268 175 57.971
33 176 31.2989
34 176 31.2989
75 176 5.23013
263 176 67.5676
460 176 57.971
461 176 57.971
33 177 31.2989
75 177 5.23013
76 177 5.23013
75 178 5.23013
101 178 40.6504
33 179 31.2989
34 179 31.2989
43 179 5.03651
59 179 5.09944
75 179 5.23013
44 180 5.03651
455 180 101.01
456 180 67.5676
457 180 67.5676
458 180 57.971
459 180 57.971
460 180 50.7614
461 180 45.1467
462 180 45.1467
47 181 5.23013
456 181 67.5676
457 181 67.5676
458 181 57.971
459 181 57.971
460 181 50.7614
15 182 31.2989
54 182 5.66572
193 182 45.1467
457 182 67.5676
458 182 57.971
459 182 57.971
15 183 31.2989
25 183 31.2989
33 183 31.2989
75 183 5.23013
76 183 5.23013
630 183 15.674
25 184 31.2989
58 184 5.16396
75 184 5.23013
76 184 5.23013
56 185 5.16396
57 185 5.16396
58 185 5.16396
59 185 5.16396
75 185 5.23013
76 185 5.23013
75 186 5.23013
76 186 5.23013
465 186 80.9717
466 186 67.5676
467 186 67.5676
468 186 57.971
631 186 15.674
14 187 31.2989
19 187 31.2989
75 187 5.23013
463 187 134.228
464 187 80.9717
465 187 80.9717
466 187 67.5676
467 187 67.5676
549 187 40.6504
550 187 40.6504
14 188 31.2989
26 188 31.2989
75 188 5.23013
463 188 134.228
464 188 80.9717
465 188 80.9717
466 188 67.5676
467 188 67.5676
13 189 31.2989
14 189 31.2989
19 189 31.2989
26 189 31.2989
26 190 31.2989
57 190 5.16396
58 190 5.16396
5 191 29.0698
34 191 31.2989
57 191 5.16396
58 191 5.16396
76 191 5.23013
498 191 200
499 191 200
545 191 20.3666
546 191 20.3666
547 191 20.3666
548 191 19.3986
33 192 31.2989
34 192 31.2989
57 192 5.16396
58 192 5.16396
76 192 5.23013
249 192 67.5676
547 192 20.3666
548 192 19.3986
8 193 29.0698
56 193 5.16396
57 193 5.16396
75 193 5.23013
76 193 5.23013
57 194 5.16396
75 194 5.23013
76 194 5.23013
630 194 15.674
57 195 5.16396
75 195 5.23013
76 195 5.23013
510 195 19.3986
546 195 19.3986
12 196 29.0698
57 196 5.16396
58 196 5.16396
75 196 5.23013
76 196 5.23013
378 196 101.01
382 196 45.1467
510 196 19.3986
526 196 20.3666
11 197 29.0698
12 197 29.0698
34 197 31.2989
57 197 5.16396
76 197 5.23013
435 197 200
436 197 200
547 197 19.3986
56 198 5.16396
57 198 5.16396
58 198 5.16396
75 198 5.23013
76 198 5.23013
446 198 67.5676
509 198 19.3986
510 198 19.3986
547 198 19.3986
551 198 16.9779
631 198 15.674
632 198 15.674
633 198 15.674
56 199 5.16396
57 199 5.16396
76 199 5.23013
57 200 5.16396
76 200 5.23013
220 200 67.5676
268 200 134.228
269 200 134.228
509 200 19.3986
548 200 19.3986
14 201 31.2989
15 201 31.2989
30 201 33.8983
34 201 31.2989
57 201 5.16396
386 201 134.228
387 201 134.228
548 201 19.3986
551 201 19.3986
57 202 5.16396
76 202 5.23013
548 202 19.3986
57 203 5.16396
76 203 5.23013
515 203 21.4362
516 203 21.4362
7 204 29.0698
34 204 31.2989
57 204 5.16396
34 205 31.2989
57 205 5.16396
387 205 101.01
388 205 101.01
389 205 101.01
515 205 21.4362
549 205 19.3986
552 205 19.3986
16 206 31.2989
33 206 31.2989
34 206 31.2989
57 206 5.16396
449 206 29.0698
473 206 22.6244
496 206 22.6244
502 206 19.3986
508 206 19.3986
509 206 19.3986
549 206 19.3986
552 206 19.3986
553 206 19.3986
9 207 29.0698
33 207 31.2989
57 207 5.16396
120 207 36.9686
496 207 22.6244
502 207 19.3986
508 207 19.3986
509 207 19.3986
552 207 19.3986
553 207 19.3986
637 207 15.674
57 208 5.16396
76 208 5.23013
496 208 22.6244
636 208 15.674
18 209 31.2989
57 209 5.16396
58 209 5.16396
76 209 5.23013
397 209 101.01
398 209 101.01
399 209 101.01
573 209 15.0943
578 209 21.4362
579 209 21.4362
580 209 20.3666
581 209 20.3666
582 209 19.3986
583 209 18.5185
584 209 17.7148
585 209 17.7148
586 209 16.9779
630 209 15.674
18 210 31.2989
19 210 31.2989
57 210 5.16396
76 210 5.23013
118 210 33.8983
397 210 101.01
398 210 101.01
586 210 16.9779
587 210 16.9779
588 210 16.9779
589 210 16.2999
590 210 15.674
591 210 15.0943
592 210 14.556
593 210 14.556
594 210 14.556
19 211 31.2989
21 211 31.2989
22 211 33.8983
57 211 5.16396
456 211 27.137
592 211 14.556
593 211 14.556
34 212 31.2989
57 212 5.16396
623 212 11.325
624 212 11.325
625 212 11.325
626 212 11.325
635 212 15.674
57 213 5.16396
58 213 5.16396
585 213 15.674
623 213 11.325
624 213 11.325
28 214 31.2989
57 214 5.16396
76 214 5.23013
582 214 16.9779
583 214 16.2999
584 214 16.2999
585 214 15.674
586 214 15.674
587 214 15.674
27 215 31.2989
57 215 5.16396
76 215 5.23013
97 215 31.2989
100 215 31.2989
503 215 19.3986
616 215 11.6482
13 216 31.2989
14 216 31.2989
27 216 31.2989
28 216 31.2989
57 216 5.16396
76 216 5.23013
100 216 31.2989
502 216 19.3986
503 216 19.3986
504 216 19.3986
521 216 18.5185
28 217 31.2989
57 217 5.16396
503 217 19.3986
519 217 19.3986
520 217 18.5185
521 217 18.5185
522 217 18.5185
611 217 11.9904
57 218 5.16396
58 218 5.16396
76 218 5.23013
451 218 29.0698
577 218 16.2999
609 218 11.9904
610 218 11.9904
34 219 31.2989
57 219 5.16396
58 219 5.16396
76 219 5.23013
194 219 45.1467
451 219 29.0698
576 219 16.2999
577 219 16.2999
607 219 11.9904
608 219 11.9904
623 219 11.325
57 220 5.16396
58 220 5.16396
97 220 29.0698
451 220 29.0698
606 220 11.9904
22 221 33.8983
57 221 5.16396
58 221 5.16396
97 221 29.0698
476 221 22.6244
503 221 19.3986
545 221 16.9779
575 221 16.2999
576 221 16.2999
604 221 11.9904
605 221 12.3533
16 222 31.2989
17 222 31.2989
21 222 33.8983
22 222 33.8983
34 222 31.2989
57 222 5.16396
58 222 5.16396
476 222 22.6244
503 222 19.3986
602 222 12.3533
21 223 33.8983
34 223 31.2989
57 223 5.16396
58 223 5.16396
503 223 19.3986
520 223 16.9779
521 223 16.9779
522 223 16.9779
567 223 15.0943
568 223 15.0943
569 223 15.0943
601 223 12.3533
602 223 12.3533
34 224 31.2989
47 224 45.1467
57 224 5.09944
58 224 5.09944
97 224 29.0698
434 224 33.8983
494 224 20.3666
497 224 16.9779
521 224 16.9779
34 225 31.2989
57 225 5.09944
58 225 5.09944
76 225 5.23013
94 225 50.7614
493 225 20.3666
494 225 20.3666
498 225 16.9779
525 225 16.9779
34 226 31.2989
57 226 5.16396
58 226 5.16396
473 226 23.9521
493 226 20.3666
494 226 20.3666
498 226 16.9779
499 226 16.9779
34 227 31.2989
57 227 5.16396
58 227 5.16396
123 227 33.8983
473 227 23.9521
474 227 23.9521
493 227 20.3666
494 227 20.3666
559 227 14.556
560 227 14.556
591 227 11.9904
5 228 29.0698
57 228 5.09944
58 228 5.09944
452 228 31.2989
453 228 31.2989
493 228 20.3666
494 228 20.3666
503 228 19.3986
504 228 19.3986
536 228 16.2999
537 228 15.674
538 228 15.674
559 228 14.556
560 228 14.556
561 228 14.556
568 228 15.0943
569 228 15.0943
570 228 15.0943
580 228 16.9779
581 228 16.9779
582 228 16.2999
583 228 15.674
584 228 14.556
585 228 14.0548
586 228 13.1492
587 228 13.1492
588 228 12.7389
589 228 12.3533
590 228 11.9904
591 228 11.9904
592 228 11.9904
5 229 29.0698
57 229 5.16396
58 229 5.16396
76 229 5.23013
493 229 19.3986
494 229 19.3986
504 229 19.3986
533 229 16.9779
534 229 16.2999
535 229 16.2999
536 229 16.2999
537 229 15.674
538 229 15.674
539 229 15.0943
554 229 14.556
560 229 14.556
561 229 14.556
568 229 15.0943
569 229 15.0943
570 229 15.0943
587 229 13.1492
588 229 12.7389
589 229 12.3533
590 229 11.9904
591 229 11.9904
5 230 29.0698
58 230 5.16396
76 230 5.23013
464 230 25.4453
493 230 19.3986
494 230 19.3986
519 230 16.9779
553 230 14.556
554 230 14.556
560 230 14.556
561 230 14.556
562 230 14.556
569 230 15.0943
570 230 15.0943
6 231 29.0698
11 231 31.2989
22 231 31.2989
23 231 31.2989
76 231 5.23013
494 231 19.3986
519 231 16.9779
561 231 14.556
595 231 12.3533
596 231 12.3533
597 231 12.3533
598 231 11.9904
76 232 5.23013
497 232 17.7148
514 232 17.7148
560 232 14.556
561 232 14.556
573 232 15.0943
574 232 15.0943
595 232 12.3533
596 232 12.3533
597 232 12.3533
601 232 11.0193
57 233 5.16396
58 233 5.16396
76 233 5.23013
513 233 17.7148
514 233 17.7148
517 233 16.9779
562 233 14.556
573 233 15.0943
574 233 15.0943
57 234 5.16396
76 234 5.23013
83 234 31.2989
494 234 20.3666
573 234 15.0943
574 234 14.556
57 235 5.16396
76 235 5.23013
476 235 22.6244
481 235 22.6244
561 235 14.556
562 235 14.556
563 235 14.556
577 235 13.1492
578 235 13.1492
11 236 29.0698
56 236 5.16396
57 236 5.16396
475 236 22.6244
476 236 22.6244
477 236 22.6244
481 236 22.6244
560 236 15.0943
561 236 14.556
562 236 14.556
563 236 14.556
576 236 13.1492
57 237 5.16396
475 237 22.6244
476 237 22.6244
477 237 22.6244
543 237 15.674
544 237 15.674
575 237 13.1492
57 238 5.16396
543 238 15.0943
544 238 15.0943
548 238 13.587
549 238 13.587
574 238 13.1492
57 239 5.16396
542 239 15.0943
543 239 15.0943
573 239 13.587
574 239 13.587
57 240 5.16396
543 240 15.0943
573 240 13.587
574 240 13.587
584 240 12.7389
585 240 12.7389
57 241 5.16396
584 241 12.7389
585 241 12.7389
608 241 11.6482
609 241 11.6482
633 241 10.7296
67 242 5.16396
576 242 13.1492
633 242 10.7296
634 242 10.7296
574 243 13.587
575 243 13.1492
579 243 13.1492
580 243 12.7389
547 244 15.674
548 244 15.0943
549 244 15.0943
550 244 15.0943
572 244 13.587
574 244 13.1492
575 244 13.1492
580 244 12.7389
581 244 12.7389
582 244 12.7389
548 245 15.0943
549 245 15.0943
550 245 15.0943
76 246 5.23013
549 246 15.0943
550 246 15.0943
574 246 13.1492
582 246 12.7389
583 246 12.7389
76 247 5.23013
573 247 12.7389
76 248 5.23013
515 248 17.7148
516 248 17.7148
517 248 17.7148
521 248 17.7148
549 248 15.0943
550 248 15.0943
570 248 13.587
583 248 12.7389
584 248 12.7389
76 249 5.23013
516 249 17.7148
521 249 17.7148
522 249 17.7148
523 249 17.7148
549 249 15.0943
550 249 15.0943
583 249 12.7389
584 249 12.7389
76 250 5.23013
515 250 17.7148
516 250 17.7148
583 250 12.7389
584 250 12.7389
76 251 5.23013
584 251 12.7389
585 251 12.7389
57 252 5.16396
76 252 5.23013
543 252 15.674
551 252 14.0548
584 252 12.7389
585 252 12.7389
76 253 5.23013
543 253 15.674
547 253 15.674
548 253 15.674
577 253 13.1492
578 253 13.1492
636 253 10.4548
637 253 10.4548
76 254 5.23013
543 254 15.674
569 254 13.1492
634 254 10.7296
635 254 10.7296
636 254 10.4548
637 254 10.4548
76 255 5.23013
569 255 13.1492
585 255 12.7389
634 255 10.7296
635 255 10.7296
636 255 10.4548
76 256 5.23013
547 256 15.0943
548 256 15.0943
549 256 15.0943
569 256 13.1492
585 256 12.7389
586 256 12.7389
633 256 10.7296
634 256 10.7296
635 256 10.7296
636 256 10.4548
76 257 5.23013
245 257 15.674
547 257 15.0943
548 257 15.0943
549 257 15.0943
550 257 14.556
569 257 13.1492
585 257 12.7389
586 257 12.7389
587 257 12.7389
632 257 10.7296
633 257 10.7296
634 257 10.7296
76 258 5.23013
245 258 15.674
569 258 13.1492
585 258 12.3533
586 258 12.3533
632 258 10.7296
633 258 10.7296
634 258 10.7296
76 259 5.23013
543 259 16.9779
544 259 16.9779
633 259 10.7296
634 259 10.7296
76 260 5.23013
632 260 10.7296
633 260 10.7296
637 260 9.70874
76 261 5.23013
587 261 12.3533
632 261 10.7296
633 261 10.7296
76 262 5.23013
516 262 15.0943
517 262 15.0943
569 262 13.587
570 262 13.587
578 262 13.1492
587 262 12.3533
631 262 10.7296
632 262 10.7296
633 262 10.7296
76 263 5.23013
569 263 13.587
570 263 13.587
571 263 13.1492
572 263 13.1492
579 263 13.1492
632 263 10.7296
633 263 10.7296
76 264 5.23013
256 264 14.0548
572 264 13.1492
629 264 11.0193
630 264 11.0193
632 264 10.7296
633 264 10.7296
76 265 5.23013
256 265 14.0548
572 265 13.1492
573 265 13.1492
629 265 11.0193
630 265 11.0193
631 265 10.7296
632 265 10.7296
76 266 5.23013
573 266 13.1492
630 266 11.0193
631 266 10.7296
632 266 10.7296
633 266 10.7296
76 267 5.23013
573 267 13.1492
574 267 13.1492
632 267 10.7296
75 268 5.23013
76 268 5.23013
77 268 5.23013
573 268 13.1492
574 268 13.1492
575 268 13.1492
576 268 12.7389
632 268 10.7296
633 268 10.7296
76 269 5.23013
430 269 13.587
575 269 12.7389
576 269 12.7389
577 269 12.7389
632 269 10.7296
633 269 10.7296
76 270 5.23013
631 270 10.7296
632 270 10.7296
633 270 10.7296
76 271 5.23013
632 271 10.7296
633 271 10.7296
57 272 5.16396
76 272 5.23013
76 273 5.23013
76 274 5.23013
76 275 5.23013
158 275 11.9904
634 275 10.7296
76 276 5.23013
634 276 10.7296
635 276 10.7296
76 277 5.23013
243 277 11.6482
244 277 11.6482
76 278 5.23013
122 278 11.6482
636 278 10.7296
637 278 10.7296
76 279 5.23013
76 280 5.23013
76 281 5.23013
76 282 5.23013
76 283 5.23013
112 283 10.7296
599 283 11.0193
600 283 11.0193
601 283 11.0193
76 284 5.23013
112 284 10.7296
109 285 10.4548
179 285 10.1937
634 285 11.325
76 286 5.23013
179 286 10.1937
637 286 10.7296
76 287 5.23013
76 288 5.23013
101 288 9.9453
114 290 9.70874
101 293 9.48317
206 293 9.26784
207 293 9.26784
207 294 9.26784
80 295 9.26784
194 296 8.86525
161 297 8.67679
163 297 8.67679
59 298 5.29801
164 298 8.67679
183 298 9.06207
184 298 9.06207
158 299 8.49618
159 299 8.49618
154 300 9.9453
158 300 8.49618
159 300 8.49618
40 301 8.32293
85 301 8.86525
87 301 8.86525
152 301 9.9453
159 301 8.49618
40 302 8.32293
41 302 8.32293
123 302 7.84314
124 302 7.84314
147 302 8.32293
123 303 7.84314
57 304 5.09944
57 305 5.09944
58 305 5.09944
57 306 5.09944
58 306 5.09944
72 306 8.15661
139 306 7.69527
140 306 7.69527
145 306 7.69527
57 307 5.09944
139 307 7.69527
140 307 7.69527
146 307 7.69527
156 307 8.32293
28 308 8.15661
57 308 5.09944
147 308 7.69527
148 308 7.69527
161 308 7.9968
57 309 5.09944
143 309 7.55287
144 309 7.55287
50 310 7.55287
51 310 7.55287
57 310 5.09944
58 310 5.09944
136 310 7.69527
144 310 7.55287
145 310 7.55287
49 311 7.55287
50 311 7.55287
137 311 7.69527
4 313 7.28332
57 313 5.09944
58 313 5.09944
150 313 7.55287
4 314 7.28332
5 314 7.28332
57 314 5.09944
58 314 5.09944
205 314 7.69527
206 314 7.69527
57 315 5.09944
158 315 7.41565
206 315 7.69527
207 315 7.69527
57 316 5.09944
124 316 7.15564
171 316 7.84314
40 317 7.15564
57 317 5.09944
124 317 7.15564
125 317 7.28332
127 317 7.28332
129 317 7.28332
130 317 7.15564
40 318 7.15564
57 318 5.09944
129 318 7.28332
130 318 7.15564
131 318 7.15564
57 319 5.09944
57 320 5.09944
58 320 5.09944
151 320 7.03235
56 322 5.09944
55 323 5.09944
56 323 5.09944
57 323 5.09944
58 323 5.09944
102 323 6.68673
103 323 6.68673
22 324 6.68673
104 324 6.68673
121 324 6.91324
20 325 6.68673
22 325 6.68673
115 325 6.68673
121 325 6.91324
20 326 6.68673
102 327 6.37349
111 327 6.47459
498 327 7.55287
499 327 7.55287
500 327 7.55287
501 327 7.28332
506 327 7.28332
507 327 7.28332
508 327 7.28332
509 327 7.15564
510 327 7.15564
102 328 6.37349
103 328 6.37349
148 328 6.47459
500 328 7.55287
501 328 7.28332
502 328 7.15564
503 328 7.15564
504 328 7.03235
505 328 7.15564
509 328 7.15564
510 328 7.15564
511 328 7.03235
21 329 6.37349
103 329 6.37349
17 330 6.47459
127 330 6.27549
68 331 5.16396
127 331 6.27549
150 331 6.37349
127 332 6.27549
128 332 6.27549
23 333 6.08828
80 333 6.18047
128 333 6.18047
129 333 6.18047
131 333 6.18047
31 334 6.27549
32 334 6.18047
33 334 6.18047
37 334 6.08828
91 334 6.37349
176 334 6.57895
31 335 6.27549
32 335 6.18047
33 335 6.18047
116 335 6.18047
144 335 6.18047
145 335 6.27549
32 336 6.18047
33 336 6.18047
34 336 6.18047
146 336 6.18047
193 336 6.7981
51 337 5.9988
127 337 6.91324
131 337 6.08828
132 337 6.08828
141 337 6.08828
142 337 6.08828
143 337 6.08828
86 338 6.08828
131 338 6.08828
132 338 6.08828
133 338 6.08828
142 338 6.08828
143 338 6.08828
144 338 6.08828
145 338 6.08828
87 339 5.9988
124 339 6.08828
125 339 6.08828
82 340 5.91191
83 340 5.91191
87 340 5.9988
88 340 5.9988
97 340 5.9988
98 340 5.9988
99 340 5.9988
300 340 6.68673
301 340 6.68673
82 341 5.91191
83 341 5.91191
84 341 5.91191
85 341 5.9988
86 341 5.9988
92 341 5.9988
100 341 5.9988
300 341 6.68673
301 341 6.68673
302 341 6.57895
303 341 6.57895
304 341 6.47459
77 342 5.23013
91 342 6.08828
92 342 5.9988
93 342 5.9988
94 342 5.9988
95 342 5.91191
96 342 5.9988
27 343 5.74548
77 343 5.23013
90 343 6.08828
91 343 6.08828
94 343 5.9988
95 343 5.91191
96 343 5.9988
27 344 5.74548
28 344 5.74548
77 344 5.23013
77 345 5.23013
77 346 5.23013
28 347 5.43922
77 347 5.23013
28 348 5.51268
29 348 5.51268
77 348 5.23013
148 348 5.91191
150 348 5.9988
54 349 200
148 349 5.74548
149 349 5.74548
150 349 5.91191
151 349 5.74548
22 350 5.43922
28 350 5.43922
146 350 5.74548
147 350 5.74548
22 351 5.43922
50 351 200
84 351 5.51268
85 351 5.43922
110 351 5.58815
146 351 5.74548
147 351 5.74548
148 351 5.74548
149 351 5.74548
85 352 5.43922
86 352 5.43922
87 352 5.43922
107 353 5.51268
21 354 5.51268
77 354 5.16396
107 354 5.51268
108 354 5.51268
148 354 5.66572
149 354 5.66572
77 355 5.16396
80 355 5.29801
45 356 5.36769
46 356 5.36769
47 356 5.36769
80 356 5.29801
81 356 5.29801
106 356 5.36769
39 357 134.228
81 357 5.29801
82 357 5.29801
106 357 5.36769
107 357 5.36769
100 358 5.36769
102 358 5.9988
107 358 5.36769
29 359 5.29801
98 359 5.29801
107 359 5.36769
131 359 5.36769
22 360 5.16396
81 360 5.23013
98 360 5.29801
99 360 5.29801
135 360 5.36769
22 361 5.16396
79 361 5.23013
99 361 5.29801
102 361 5.43922
78 362 5.23013
79 362 5.23013
80 362 5.23013
99 362 5.23013
100 362 5.29801
102 362 5.43922
104 362 5.43922
112 362 5.23013
111 363 5.23013
112 363 5.23013
113 363 5.23013
22 364 5.09944
136 364 5.23013
137 364 5.23013
21 365 5.09944
135 365 5.23013
136 365 5.23013
137 365 5.23013
135 366 5.23013
136 366 5.23013
137 366 5.23013
138 366 5.23013
66 367 5.09944
67 367 5.09944
139 367 5.23013
66 368 5.09944
67 368 5.09944
68 368 5.09944
99 368 5.09944
129 368 5.16396
130 368 5.09944
130 369 5.09944
131 369 5.09944
132 369 5.09944
133 369 5.03651
124 372 4.97512
125 372 4.97512
152 372 5.29801
153 372 5.29801
58 373 4.79962
61 373 4.85673
69 373 4.79962
123 373 4.97512
124 373 4.97512
125 373 4.97512
126 373 4.97512
127 373 4.97512
153 373 5.29801
154 373 5.29801
155 373 5.29801
58 374 4.68933
61 374 4.79962
68 374 4.74383
70 374 4.79962
71 374 4.79962
124 374 4.97512
125 374 4.97512
150 374 5.23013
151 374 5.23013
152 374 5.29801
153 374 5.29801
58 375 4.68933
59 375 4.68933
62 375 4.79962
69 375 4.74383
70 375 4.74383
71 375 4.74383
72 375 4.79962
74 375 4.79962
75 375 4.85673
102 375 4.79962
150 375 5.23013
151 375 5.16396
153 375 5.29801
58 376 4.68933
59 376 4.63607
60 376 4.63607
61 376 4.63607
63 376 4.79962
70 376 4.74383
71 376 4.74383
74 376 4.79962
75 376 4.85673
86 376 4.91521
121 376 4.79962
150 376 5.23013
61 377 4.63607
62 377 4.63607
71 377 4.68933
72 377 4.74383
75 377 4.85673
76 377 4.79962
78 377 4.74383
86 377 4.85673
119 377 4.79962
120 377 4.79962
121 377 4.79962
53 378 5.43922
105 378 4.74383
106 378 4.74383
88 379 4.91521
49 380 4.4833
53 380 4.91521
57 380 4.68933
117 380 4.79962
118 380 4.79962
48 381 4.4833
49 381 4.4833
53 381 4.85673
58 381 4.68933
93 381 4.63607
4 382 4.584
54 382 4.74383
57 382 4.68933
84 382 4.68933
4 383 4.43459
43 383 4.74383
48 383 4.63607
50 383 4.4833
55 383 4.68933
84 383 4.68933
50 384 4.4833
51 384 4.43459
52 384 4.4833
40 385 4.38693
44 385 4.63607
51 385 4.43459
52 385 4.43459
53 385 4.43459
54 385 4.43459
68 385 4.74383
39 386 4.38693
40 386 4.38693
44 386 4.584
45 386 4.43459
47 386 4.38693
54 386 4.43459
55 386 4.43459
139 386 4.85673
140 386 4.91521
39 387 4.38693
40 387 4.38693
46 387 4.38693
47 387 4.38693
62 387 4.43459
68 387 4.74383
72 387 4.53309
73 387 4.53309
136 387 4.91521
197 387 4.91521
198 387 4.91521
45 388 4.38693
46 388 4.38693
47 388 4.38693
50 388 4.34028
64 388 4.43459
65 388 4.43459
136 388 4.91521
137 388 4.91521
218 388 4.85673
219 388 4.85673
46 389 4.34028
47 389 4.34028
48 389 4.34028
63 389 4.43459
105 390 4.53309
51 391 4.53309
106 391 4.53309
47 392 4.2061
48 392 4.2061
110 392 4.43459
46 393 4.2061
47 393 4.2061
48 393 4.2061
49 393 4.24989
111 393 4.43459
112 393 4.43459
37 394 4.43459
38 394 4.38693
40 394 4.24989
41 394 4.2061
46 394 4.2061
51 394 4.24989
70 394 4.34028
94 394 4.34028
38 395 4.2061
40 395 4.2061
41 395 4.2061
49 395 4.24989
50 395 4.24989
51 395 4.24989
52 395 4.29461
67 395 4.34028
68 395 4.34028
95 395 4.34028
96 395 4.34028
40 396 4.2061
41 396 4.2061
69 396 4.34028
70 396 4.34028
37 397 4.1632
40 397 4.2061
89 397 4.29461
98 397 4.34028
595 397 4.63607
596 397 4.584
597 397 4.584
600 397 4.4833
605 397 4.4833
607 397 4.4833
608 397 4.4833
609 397 4.584
610 397 4.53309
611 397 4.4833
612 397 4.4833
37 398 4.1632
40 398 4.1632
89 398 4.29461
90 398 4.29461
595 398 4.63607
596 398 4.584
597 398 4.584
598 398 4.53309
599 398 4.53309
600 398 4.4833
601 398 4.4833
602 398 4.4833
603 398 4.4833
604 398 4.4833
605 398 4.4833
606 398 4.4833
607 398 4.4833
608 398 4.4833
609 398 4.584
610 398 4.53309
611 398 4.4833
612 398 4.4833
613 398 4.4833
79 399 4.24989
104 399 4.29461
599 399 4.53309
21 401 4.12116
87 401 4.2061
100 401 4.29461
21 402 4.12116
60 402 4.2061
88 402 4.2061
89 402 4.2061
56 403 4.03959
78 404 4.2061
102 404 4.24989
14 405 4.03959
555 405 4.43459
14 406 4.03959
109 407 4.34028
110 407 4.34028
65 408 4.03959
66 408 4.03959
108 408 4.34028
109 408 4.34028
34 409 4.03959
571 409 4.29461
572 409 4.29461
579 409 4.34028
35 410 4.03959
590 410 4.29461
591 410 4.29461
47 411 4.03959
48 411 4.03959
610 411 4.24989
47 412 4.03959
48 412 4.03959
62 412 4.07997
63 412 4.07997
44 413 4.03959
47 413 4.03959
449 413 4.2061
450 413 4.2061
451 413 4.2061
43 414 4.03959
44 414 4.03959
44 415 4.03959
59 415 4.03959
60 415 4.03959
60 416 4.03959
62 416 4.07997
62 417 4.07997
100 421 4.12116
92 422 4.07997
556 426 4.03959
556 427 4.03959
229 428 4.03959
230 428 4.03959
93 430 4.03959
