72 3 27.137
77 3 27.137
78 3 27.137
90 3 29.0698
101 3 29.0698
102 3 29.0698
64 4 29.0698
72 4 27.137
90 4 29.0698
96 4 27.137
97 4 27.137
545 4 21.4362
546 4 21.4362
565 4 21.4362
65 5 29.0698
539 5 22.6244
547 5 21.4362
567 5 21.4362
65 6 27.137
82 6 27.137
102 6 29.0698
539 6 22.6244
541 6 21.4362
542 6 21.4362
541 7 21.4362
542 7 21.4362
566 7 21.4362
63 8 27.137
66 8 29.0698
99 8 27.137
100 8 29.0698
101 8 29.0698
541 8 21.4362
542 8 21.4362
59 9 27.137
63 9 27.137
97 9 27.137
99 9 27.137
100 9 27.137
562 9 21.4362
62 10 27.137
97 10 27.137
59 11 27.137
96 11 27.137
97 11 27.137
542 11 21.4362
565 11 21.4362
96 12 27.137
542 12 21.4362
561 12 20.3666
570 12 21.4362
59 13 27.137
97 13 27.137
541 13 21.4362
542 13 21.4362
543 13 21.4362
62 14 27.137
96 14 27.137
97 14 27.137
563 14 20.3666
572 14 21.4362
573 14 21.4362
68 15 27.137
96 15 27.137
97 15 27.137
562 15 20.3666
563 15 20.3666
60 16 27.137
88 16 27.137
96 16 27.137
97 16 27.137
60 17 27.137
88 17 27.137
90 17 27.137
95 17 27.137
96 17 27.137
60 18 27.137
87 18 29.0698
89 18 27.137
96 18 27.137
59 19 27.137
60 19 27.137
87 19 29.0698
96 19 27.137
543 19 22.6244
58 20 27.137
87 20 29.0698
96 20 27.137
100 20 29.0698
534 20 21.4362
543 20 22.6244
544 20 22.6244
57 21 27.137
58 21 27.137
97 21 27.137
110 21 29.0698
534 21 21.4362
543 21 22.6244
566 21 21.4362
567 21 21.4362
57 22 27.137
86 22 27.137
97 22 27.137
110 22 29.0698
536 22 21.4362
546 22 21.4362
547 22 21.4362
66 23 27.137
67 23 27.137
72 23 27.137
85 23 27.137
97 23 27.137
102 23 29.0698
547 23 21.4362
57 24 27.137
66 24 27.137
67 24 27.137
72 24 27.137
74 24 27.137
85 24 27.137
97 24 27.137
547 24 21.4362
85 25 27.137
101 25 29.0698
534 25 21.4362
535 25 21.4362
546 25 21.4362
566 25 21.4362
567 25 21.4362
58 26 27.137
73 26 27.137
101 26 29.0698
535 26 21.4362
566 26 21.4362
61 27 27.137
73 27 27.137
75 27 27.137
100 27 29.0698
101 27 29.0698
534 27 21.4362
545 27 21.4362
59 28 27.137
75 28 27.137
90 28 29.0698
97 28 27.137
100 28 29.0698
545 28 21.4362
75 29 29.0698
97 29 27.137
100 29 29.0698
536 29 22.6244
60 30 27.137
97 30 27.137
100 30 29.0698
62 31 27.137
323 31 27.137
324 31 27.137
61 32 27.137
62 32 27.137
316 32 27.137
319 32 29.0698
323 32 27.137
57 33 27.137
61 33 27.137
72 33 27.137
314 33 29.0698
74 34 27.137
105 34 27.137
274 34 31.2989
312 34 29.0698
313 34 29.0698
536 34 22.6244
563 34 21.4362
58 35 27.137
74 35 27.137
311 35 31.2989
312 35 29.0698
536 35 21.4362
637 35 200
104 36 27.137
60 37 27.137
95 37 29.0698
104 37 27.137
105 37 27.137
184 37 40.6504
537 37 21.4362
60 38 27.137
95 38 29.0698
104 38 27.137
105 38 27.137
529 38 22.6244
563 38 21.4362
60 39 27.137
61 39 27.137
95 39 29.0698
104 39 29.0698
105 39 29.0698
564 39 21.4362
57 40 27.137
83 40 27.137
95 40 29.0698
104 40 29.0698
56 41 27.137
95 41 31.2989
103 41 29.0698
104 41 29.0698
567 41 20.3666
56 42 27.137
95 42 31.2989
104 42 29.0698
530 42 21.4362
62 43 27.137
66 43 27.137
85 44 27.137
86 44 27.137
87 44 27.137
103 44 29.0698
104 44 29.0698
525 44 22.6244
526 44 22.6244
532 44 21.4362
85 45 27.137
86 45 27.137
104 45 29.0698
108 45 29.0698
532 45 21.4362
86 46 27.137
89 46 29.0698
99 46 27.137
108 46 29.0698
86 47 27.137
88 47 29.0698
98 47 27.137
568 47 20.3666
9 48 27.137
10 48 27.137
58 48 27.137
59 48 27.137
63 48 27.137
70 48 27.137
88 48 29.0698
98 48 27.137
100 48 27.137
107 48 29.0698
100 49 29.0698
107 49 29.0698
528 49 21.4362
529 49 21.4362
9 50 27.137
64 50 27.137
67 50 27.137
99 50 29.0698
107 50 29.0698
527 50 21.4362
528 50 21.4362
529 50 21.4362
60 51 27.137
63 51 27.137
64 51 27.137
99 51 29.0698
106 51 29.0698
107 51 29.0698
6 52 27.137
10 52 27.137
64 52 27.137
106 52 29.0698
107 52 29.0698
6 53 27.137
8 53 27.137
10 53 27.137
61 53 27.137
64 53 27.137
106 53 29.0698
7 54 27.137
72 54 27.137
99 54 29.0698
106 54 29.0698
525 54 22.6244
526 54 22.6244
528 54 22.6244
531 54 21.4362
106 55 29.0698
189 55 40.6504
527 55 22.6244
530 55 21.4362
531 55 21.4362
98 56 29.0698
106 56 29.0698
527 56 22.6244
6 57 27.137
60 57 27.137
15 58 27.137
16 58 27.137
59 58 27.137
60 58 27.137
95 58 27.137
96 58 27.137
7 59 27.137
9 59 27.137
13 59 25.4453
14 59 27.137
59 59 27.137
67 59 29.0698
73 59 27.137
74 59 27.137
95 59 27.137
106 59 29.0698
107 59 29.0698
163 59 40.6504
528 59 22.6244
529 59 22.6244
8 60 27.137
14 60 27.137
67 60 29.0698
73 60 27.137
76 60 27.137
105 60 29.0698
106 60 29.0698
107 60 29.0698
163 60 40.6504
191 60 40.6504
530 60 22.6244
533 60 22.6244
540 60 21.4362
625 60 40.6504
12 61 27.137
14 61 27.137
15 61 27.137
59 61 27.137
62 61 27.137
76 61 27.137
105 61 29.0698
529 61 22.6244
570 61 33.8983
11 62 27.137
12 62 27.137
62 62 27.137
105 62 29.0698
177 62 36.9686
194 62 40.6504
10 63 27.137
11 63 27.137
61 63 27.137
62 63 27.137
100 63 27.137
105 63 29.0698
194 63 40.6504
568 63 33.8983
569 63 33.8983
11 64 27.137
62 64 27.137
105 64 29.0698
3 65 27.137
11 65 27.137
90 65 29.0698
105 65 27.137
106 65 27.137
177 65 36.9686
529 65 22.6244
635 65 57.971
7 66 27.137
8 66 27.137
11 66 27.137
60 66 29.0698
105 66 27.137
106 66 27.137
177 66 36.9686
193 66 40.6504
194 66 40.6504
528 66 22.6244
534 66 22.6244
535 66 22.6244
565 66 21.4362
626 66 45.1467
7 67 27.137
8 67 27.137
57 67 27.137
60 67 27.137
62 67 27.137
90 67 27.137
101 67 27.137
105 67 29.0698
177 67 36.9686
182 67 40.6504
183 67 40.6504
193 67 40.6504
5 68 27.137
19 68 27.137
90 68 27.137
101 68 29.0698
105 68 29.0698
177 68 40.6504
193 68 40.6504
529 68 22.6244
530 68 22.6244
566 68 21.4362
6 69 27.137
19 69 27.137
68 69 27.137
73 69 27.137
74 69 27.137
75 69 27.137
100 69 29.0698
101 69 29.0698
176 69 40.6504
193 69 40.6504
470 69 36.9686
529 69 22.6244
530 69 22.6244
15 70 27.137
16 70 27.137
67 70 27.137
68 70 27.137
73 70 27.137
100 70 29.0698
101 70 29.0698
193 70 40.6504
3 71 27.137
12 71 27.137
13 71 27.137
54 71 27.137
78 71 29.0698
99 71 29.0698
100 71 29.0698
168 71 40.6504
186 71 40.6504
3 72 27.137
13 72 27.137
60 72 27.137
78 72 29.0698
100 72 29.0698
3 73 27.137
10 73 27.137
27 73 27.137
60 73 27.137
78 73 29.0698
98 73 29.0698
7 74 27.137
26 74 27.137
60 74 27.137
186 74 40.6504
6 75 27.137
22 75 27.137
25 75 27.137
58 75 27.137
186 75 40.6504
529 75 22.6244
530 75 22.6244
627 75 40.6504
5 76 27.137
16 76 27.137
24 76 27.137
58 76 27.137
104 76 27.137
185 76 40.6504
192 76 40.6504
520 76 22.6244
627 76 40.6504
9 77 27.137
57 77 27.137
58 77 27.137
104 77 27.137
191 77 40.6504
22 78 27.137
57 78 27.137
58 78 27.137
74 78 27.137
97 78 27.137
104 78 27.137
191 78 40.6504
9 79 27.137
22 79 27.137
74 79 29.0698
97 79 27.137
106 79 27.137
526 79 21.4362
628 79 40.6504
4 80 29.0698
12 80 25.4453
29 80 27.137
58 80 27.137
74 80 29.0698
106 80 27.137
193 80 40.6504
627 80 40.6504
628 80 40.6504
18 81 27.137
20 81 27.137
24 81 27.137
29 81 27.137
76 81 29.0698
106 81 27.137
192 81 40.6504
529 81 22.6244
530 81 22.6244
7 82 27.137
17 82 27.137
18 82 27.137
24 82 27.137
55 82 27.137
76 82 29.0698
106 82 27.137
192 82 40.6504
528 82 22.6244
529 82 22.6244
530 82 22.6244
7 83 27.137
14 83 27.137
17 83 27.137
28 83 27.137
69 83 27.137
103 83 27.137
106 83 27.137
107 83 27.137
530 83 22.6244
599 83 67.5676
6 84 27.137
13 84 27.137
14 84 29.0698
28 84 29.0698
29 84 29.0698
52 84 27.137
53 84 27.137
56 84 27.137
59 84 27.137
67 84 27.137
106 84 27.137
466 84 36.9686
532 84 21.4362
13 85 27.137
14 85 29.0698
25 85 27.137
26 85 27.137
28 85 29.0698
52 85 27.137
53 85 27.137
67 85 27.137
106 85 27.137
531 85 21.4362
532 85 21.4362
11 86 27.137
14 86 29.0698
25 86 27.137
26 86 27.137
52 86 27.137
58 86 27.137
59 86 27.137
67 86 27.137
105 86 27.137
106 86 27.137
107 86 27.137
533 86 21.4362
11 87 27.137
57 87 27.137
105 87 27.137
629 87 45.1467
3 88 29.0698
24 88 27.137
26 88 27.137
68 88 27.137
75 88 27.137
105 88 27.137
106 88 27.137
9 89 27.137
21 89 29.0698
22 89 27.137
54 89 29.0698
66 89 27.137
68 89 27.137
103 89 27.137
106 89 27.137
628 89 45.1467
4 90 29.0698
7 90 27.137
9 90 27.137
18 90 29.0698
19 90 29.0698
54 90 29.0698
55 90 29.0698
66 90 27.137
102 90 29.0698
192 90 40.6504
536 90 20.3666
4 91 29.0698
7 91 27.137
16 91 29.0698
17 91 29.0698
55 91 27.137
65 91 27.137
78 91 27.137
102 91 29.0698
174 91 40.6504
16 92 29.0698
65 92 27.137
105 92 27.137
182 92 40.6504
186 92 40.6504
192 92 40.6504
628 92 40.6504
9 93 27.137
12 93 29.0698
24 93 29.0698
57 93 27.137
60 93 27.137
105 93 27.137
106 93 27.137
180 93 40.6504
23 94 27.137
57 94 27.137
75 94 27.137
76 94 27.137
105 94 27.137
106 94 27.137
107 94 27.137
180 94 40.6504
192 94 40.6504
629 94 40.6504
21 95 27.137
57 95 27.137
76 95 27.137
79 95 29.0698
105 95 29.0698
106 95 29.0698
180 95 40.6504
191 95 40.6504
192 95 40.6504
220 95 50.7614
530 95 22.6244
531 95 22.6244
534 95 22.6244
629 95 40.6504
4 96 29.0698
5 96 29.0698
11 96 27.137
14 96 27.137
15 96 27.137
33 96 29.0698
38 96 27.137
57 96 27.137
79 96 29.0698
106 96 29.0698
180 96 40.6504
191 96 40.6504
514 96 200
529 96 22.6244
530 96 22.6244
531 96 22.6244
5 97 29.0698
11 97 27.137
23 97 27.137
38 97 27.137
39 97 27.137
42 97 29.0698
58 97 27.137
62 97 29.0698
23 98 29.0698
26 98 25.4453
38 98 27.137
39 98 27.137
58 98 27.137
64 98 29.0698
106 98 29.0698
107 98 29.0698
629 98 45.1467
21 99 29.0698
22 99 29.0698
26 99 25.4453
36 99 27.137
37 99 27.137
107 99 27.137
532 99 22.6244
533 99 22.6244
10 100 27.137
11 100 27.137
21 100 29.0698
22 100 29.0698
35 100 29.0698
59 100 27.137
107 100 27.137
190 100 36.9686
531 100 22.6244
532 100 22.6244
628 100 45.1467
4 101 29.0698
10 101 27.137
19 101 25.4453
35 101 29.0698
59 101 27.137
63 101 29.0698
66 101 29.0698
67 101 29.0698
107 101 27.137
190 101 36.9686
463 101 33.8983
4 102 27.137
7 102 27.137
19 102 25.4453
25 102 27.137
26 102 27.137
33 102 25.4453
36 102 25.4453
66 102 29.0698
67 102 29.0698
106 102 27.137
190 102 36.9686
7 103 27.137
19 103 25.4453
25 103 27.137
106 103 27.137
190 103 36.9686
533 103 22.6244
534 103 22.6244
7 104 27.137
18 104 29.0698
534 104 22.6244
541 104 21.4362
32 105 29.0698
33 105 29.0698
38 105 29.0698
115 105 29.0698
116 105 29.0698
181 105 40.6504
463 105 36.9686
540 105 21.4362
541 105 21.4362
5 106 27.137
17 106 29.0698
28 106 29.0698
32 106 29.0698
33 106 29.0698
62 106 29.0698
105 106 27.137
115 106 29.0698
181 106 40.6504
5 107 25.4453
15 107 29.0698
31 107 29.0698
115 107 29.0698
3 108 27.137
12 108 29.0698
13 108 27.137
33 108 27.137
115 108 29.0698
541 108 21.4362
628 108 45.1467
629 108 45.1467
24 109 27.137
33 109 27.137
63 109 27.137
67 109 29.0698
115 109 29.0698
628 109 45.1467
8 110 27.137
24 110 27.137
30 110 27.137
63 110 27.137
67 110 29.0698
114 110 29.0698
115 110 29.0698
4 111 27.137
5 111 27.137
10 111 27.137
11 111 27.137
30 111 27.137
31 111 27.137
40 111 29.0698
64 111 27.137
90 111 29.0698
114 111 29.0698
115 111 29.0698
193 111 40.6504
13 112 27.137
26 112 27.137
27 112 27.137
31 112 27.137
40 112 29.0698
41 112 29.0698
64 112 29.0698
65 112 29.0698
114 112 29.0698
115 112 29.0698
192 112 40.6504
24 113 27.137
27 113 27.137
40 113 29.0698
65 113 29.0698
114 113 29.0698
623 113 45.1467
4 114 27.137
5 114 27.137
27 114 27.137
39 114 29.0698
40 114 29.0698
66 114 29.0698
108 114 29.0698
114 114 29.0698
228 114 50.7614
22 115 27.137
27 115 29.0698
38 115 29.0698
39 115 29.0698
66 115 29.0698
108 115 29.0698
114 115 29.0698
217 115 50.7614
228 115 50.7614
17 116 25.4453
20 116 27.137
21 116 27.137
38 116 29.0698
39 116 29.0698
191 116 40.6504
228 116 50.7614
463 116 36.9686
10 117 27.137
16 117 25.4453
17 117 27.137
20 117 27.137
21 117 27.137
191 117 40.6504
228 117 50.7614
10 118 27.137
30 118 29.0698
42 118 29.0698
99 118 27.137
135 118 80.9717
228 118 50.7614
543 118 21.4362
624 118 45.1467
6 119 27.137
19 119 29.0698
20 119 29.0698
37 119 31.2989
42 119 29.0698
67 119 31.2989
110 119 29.0698
135 119 80.9717
624 119 45.1467
6 120 27.137
7 120 27.137
19 120 29.0698
20 120 29.0698
37 120 29.0698
44 120 29.0698
110 120 29.0698
114 120 29.0698
156 120 80.9717
227 120 50.7614
19 121 29.0698
42 121 29.0698
110 121 29.0698
114 121 29.0698
184 121 40.6504
30 122 29.0698
36 122 31.2989
37 122 31.2989
110 122 29.0698
114 122 29.0698
184 122 40.6504
30 123 29.0698
35 123 29.0698
184 123 40.6504
228 123 50.7614
627 123 40.6504
19 124 27.137
33 124 31.2989
184 124 40.6504
18 125 27.137
24 125 29.0698
29 125 29.0698
31 125 29.0698
111 125 29.0698
184 125 40.6504
18 126 27.137
29 126 29.0698
11 127 27.137
26 127 29.0698
109 127 27.137
17 128 29.0698
20 128 27.137
26 128 29.0698
67 128 27.137
108 128 27.137
109 128 27.137
623 128 40.6504
17 129 29.0698
39 129 27.137
67 129 27.137
68 129 27.137
109 129 27.137
630 129 40.6504
19 130 29.0698
24 130 29.0698
38 130 27.137
108 130 27.137
624 130 40.6504
3 131 27.137
4 131 25.4453
16 131 29.0698
36 131 27.137
108 131 27.137
3 132 27.137
15 132 29.0698
16 132 29.0698
36 132 27.137
108 132 27.137
152 132 80.9717
15 133 29.0698
33 133 29.0698
37 133 27.137
68 133 27.137
22 134 27.137
32 134 29.0698
37 134 27.137
69 134 27.137
103 134 27.137
625 134 45.1467
12 135 27.137
32 135 29.0698
33 135 29.0698
103 135 27.137
110 135 29.0698
111 135 29.0698
233 135 50.7614
17 136 27.137
43 136 40.6504
68 136 27.137
92 136 27.137
102 136 27.137
110 136 29.0698
233 136 50.7614
8 137 29.0698
17 137 27.137
22 137 29.0698
43 137 40.6504
69 137 31.2989
92 137 27.137
110 137 29.0698
8 138 29.0698
17 138 27.137
21 138 29.0698
22 138 29.0698
109 138 29.0698
110 138 29.0698
115 138 45.1467
627 138 40.6504
21 139 29.0698
20 140 29.0698
107 140 29.0698
19 141 29.0698
20 141 27.137
80 141 29.0698
105 141 29.0698
19 142 27.137
22 142 29.0698
80 142 29.0698
93 142 27.137
94 142 27.137
104 142 27.137
105 142 27.137
108 142 45.1467
626 142 45.1467
627 142 45.1467
18 143 29.0698
22 143 27.137
103 143 27.137
104 143 27.137
17 144 29.0698
18 144 29.0698
94 144 27.137
102 144 27.137
103 144 27.137
16 145 29.0698
17 145 29.0698
94 145 27.137
4 146 29.0698
16 146 31.2989
17 146 31.2989
43 146 40.6504
79 146 29.0698
107 146 45.1467
11 147 29.0698
58 147 40.6504
79 147 29.0698
80 147 29.0698
79 148 29.0698
105 148 45.1467
231 148 50.7614
12 149 29.0698
79 149 29.0698
99 149 29.0698
231 149 50.7614
23 150 27.137
78 150 29.0698
90 150 27.137
6 151 29.0698
21 151 29.0698
78 151 29.0698
90 151 27.137
99 151 29.0698
104 151 45.1467
6 152 29.0698
21 152 29.0698
78 152 29.0698
91 152 27.137
230 152 50.7614
18 153 31.2989
21 153 29.0698
91 153 27.137
92 153 27.137
60 154 45.1467
75 154 33.8983
77 154 29.0698
91 154 27.137
92 154 27.137
105 154 45.1467
9 155 27.137
61 155 45.1467
75 155 33.8983
77 155 33.8983
91 155 29.0698
92 155 29.0698
105 155 45.1467
9 156 27.137
15 156 31.2989
16 156 31.2989
75 156 33.8983
76 156 33.8983
91 156 27.137
92 156 27.137
6 157 29.0698
10 157 29.0698
26 157 31.2989
91 157 27.137
92 157 27.137
90 158 27.137
91 158 27.137
103 158 45.1467
7 159 29.0698
8 159 29.0698
24 159 31.2989
61 159 40.6504
62 159 40.6504
74 159 29.0698
89 159 27.137
90 159 27.137
103 159 45.1467
8 160 29.0698
19 160 29.0698
23 160 31.2989
24 160 31.2989
74 160 29.0698
89 160 27.137
90 160 27.137
73 161 29.0698
74 161 29.0698
88 161 27.137
89 161 27.137
16 162 29.0698
73 162 29.0698
74 162 29.0698
88 162 27.137
89 162 27.137
106 162 45.1467
11 163 29.0698
74 163 29.0698
88 163 27.137
89 163 27.137
25 164 31.2989
26 164 31.2989
75 164 29.0698
89 164 27.137
100 164 45.1467
176 164 40.6504
26 165 31.2989
75 165 27.137
89 165 27.137
90 165 27.137
100 165 45.1467
17 166 29.0698
21 166 29.0698
75 166 29.0698
89 166 27.137
90 166 27.137
176 166 40.6504
626 166 40.6504
75 167 29.0698
89 167 27.137
90 167 27.137
69 168 40.6504
89 168 29.0698
90 168 29.0698
15 169 29.0698
16 169 31.2989
71 169 40.6504
89 169 29.0698
90 169 29.0698
176 169 40.6504
13 170 29.0698
89 170 29.0698
90 170 29.0698
100 170 45.1467
176 170 40.6504
13 171 29.0698
89 171 29.0698
90 171 29.0698
90 172 29.0698
73 173 29.0698
14 174 31.2989
15 174 31.2989
27 174 29.0698
73 174 29.0698
74 174 29.0698
176 174 40.6504
15 175 31.2989
16 175 31.2989
26 175 29.0698
27 175 29.0698
73 175 29.0698
177 175 40.6504
15 176 31.2989
73 176 29.0698
91 176 29.0698
104 176 50.7614
466 176 57.971
467 176 57.971
468 176 50.7614
469 176 45.1467
470 176 40.6504
471 176 40.6504
4 177 29.0698
19 177 67.5676
91 177 29.0698
465 177 67.5676
466 177 57.971
467 177 57.971
468 177 50.7614
469 177 45.1467
470 177 40.6504
11 178 31.2989
72 178 29.0698
91 178 29.0698
464 178 67.5676
466 178 57.971
467 178 57.971
468 178 50.7614
469 178 45.1467
72 179 29.0698
91 179 29.0698
101 179 40.6504
22 180 29.0698
91 180 29.0698
96 180 45.1467
101 180 40.6504
178 180 40.6504
5 181 29.0698
77 181 27.137
77 183 27.137
91 183 27.137
469 183 134.228
470 183 101.01
471 183 101.01
472 183 80.9717
473 183 80.9717
474 183 67.5676
72 184 29.0698
77 184 29.0698
95 184 40.6504
470 184 101.01
471 184 101.01
472 184 80.9717
473 184 80.9717
474 184 67.5676
94 185 40.6504
95 185 40.6504
183 185 40.6504
464 185 67.5676
465 185 67.5676
471 185 101.01
472 185 80.9717
473 185 80.9717
596 185 15.674
597 185 15.674
598 185 15.674
81 186 29.0698
94 186 40.6504
95 186 40.6504
183 186 40.6504
463 186 67.5676
464 186 67.5676
465 186 67.5676
598 186 15.674
598 187 15.674
93 188 40.6504
104 188 45.1467
183 188 40.6504
543 189 15.674
550 189 16.2999
551 189 16.2999
567 189 16.9779
596 189 15.674
599 189 15.674
550 190 15.674
556 190 16.9779
566 190 16.9779
567 190 16.9779
596 190 15.674
597 190 15.674
83 191 29.0698
550 191 15.674
556 191 16.9779
550 192 15.674
551 192 15.674
574 192 16.9779
597 192 15.674
550 193 15.674
551 193 15.674
555 193 16.9779
556 193 16.9779
597 193 15.674
598 193 15.674
96 194 40.6504
531 194 19.3986
550 194 15.674
551 194 15.674
555 194 17.7148
556 194 17.7148
12 195 29.0698
27 195 29.0698
78 195 27.137
550 195 15.674
598 195 15.674
601 195 15.674
78 196 27.137
224 196 57.971
486 196 25.4453
549 196 15.674
550 196 15.674
598 196 15.674
20 197 29.0698
25 197 29.0698
224 197 57.971
550 197 15.674
598 197 15.674
12 198 29.0698
20 198 29.0698
25 198 29.0698
224 198 57.971
528 198 20.3666
550 198 15.674
602 198 15.674
20 199 29.0698
25 199 29.0698
517 199 18.5185
550 199 15.674
599 199 15.674
20 200 29.0698
25 200 29.0698
224 200 57.971
517 200 18.5185
541 200 15.674
549 200 15.674
550 200 15.674
554 200 16.9779
555 200 16.9779
599 200 15.674
25 201 29.0698
506 201 19.3986
507 201 19.3986
540 201 15.674
541 201 15.674
549 201 15.674
599 201 15.674
12 202 29.0698
21 202 29.0698
25 202 29.0698
224 202 57.971
499 202 18.5185
500 202 18.5185
501 202 18.5185
507 202 19.3986
540 202 16.2999
541 202 16.2999
549 202 15.674
550 202 15.674
554 202 16.9779
555 202 16.9779
599 202 15.674
12 203 29.0698
21 203 29.0698
25 203 29.0698
224 203 57.971
500 203 18.5185
540 203 16.2999
541 203 16.2999
548 203 15.674
549 203 15.674
550 203 15.674
600 203 15.674
603 203 15.674
604 203 15.674
21 204 29.0698
25 204 29.0698
224 204 57.971
464 204 27.137
465 204 27.137
519 204 25.4453
520 204 25.4453
521 204 25.4453
540 204 16.2999
549 204 15.674
550 204 15.674
554 204 16.9779
598 204 15.674
599 204 15.674
602 204 15.674
603 204 15.674
604 204 15.674
21 205 29.0698
25 205 29.0698
42 205 40.6504
370 205 57.971
406 205 101.01
407 205 101.01
520 205 25.4453
539 205 16.2999
540 205 16.2999
541 205 16.2999
21 206 29.0698
25 206 29.0698
42 206 40.6504
50 206 40.6504
504 206 19.3986
505 206 19.3986
21 207 29.0698
25 207 29.0698
42 207 40.6504
50 207 40.6504
18 208 29.0698
21 208 29.0698
25 208 29.0698
26 208 29.0698
50 208 40.6504
92 208 40.6504
386 208 101.01
387 208 101.01
388 208 101.01
389 208 80.9717
473 208 23.9521
474 208 23.9521
475 208 23.9521
73 209 27.137
89 209 29.0698
92 209 40.6504
225 209 50.7614
386 209 101.01
387 209 101.01
388 209 101.01
473 209 23.9521
474 209 23.9521
475 209 23.9521
575 209 15.674
73 210 27.137
89 210 29.0698
92 210 40.6504
225 210 50.7614
574 210 15.674
575 210 15.674
92 211 40.6504
161 211 57.971
225 211 50.7614
575 211 15.674
606 211 12.3533
607 211 12.3533
25 212 31.2989
74 212 27.137
92 212 40.6504
225 212 50.7614
5 213 31.2989
6 213 31.2989
92 213 40.6504
225 213 50.7614
605 213 12.3533
606 213 12.3533
31 214 31.2989
92 214 40.6504
226 214 50.7614
542 214 15.674
543 214 15.674
31 215 31.2989
41 215 31.2989
65 215 25.4453
66 215 25.4453
92 215 40.6504
542 215 15.674
543 215 15.674
563 215 15.674
564 215 15.674
565 215 15.674
566 215 15.674
604 215 12.3533
636 215 11.325
31 216 31.2989
41 216 31.2989
46 216 31.2989
62 216 25.4453
65 216 25.4453
66 216 25.4453
92 216 40.6504
541 216 15.674
542 216 15.674
543 216 15.674
563 216 15.674
564 216 15.674
565 216 15.674
566 216 15.674
587 216 13.1492
588 216 13.1492
604 216 12.3533
46 217 31.2989
65 217 25.4453
74 217 27.137
468 217 25.4453
564 217 15.674
586 217 13.1492
18 218 40.6504
92 218 40.6504
467 218 25.4453
468 218 25.4453
549 218 15.674
603 218 12.3533
15 219 36.9686
18 219 40.6504
92 219 40.6504
180 219 40.6504
619 219 12.3533
92 220 40.6504
180 220 40.6504
181 220 40.6504
482 220 22.6244
485 220 19.3986
499 220 19.3986
500 220 19.3986
542 220 15.674
584 220 12.7389
585 220 12.7389
617 220 12.7389
618 220 12.7389
46 221 31.2989
62 221 25.4453
500 221 19.3986
542 221 15.674
543 221 15.674
603 221 11.9904
604 221 11.9904
616 221 12.7389
617 221 12.7389
621 221 11.6482
44 222 31.2989
46 222 31.2989
62 222 25.4453
88 222 27.137
500 222 19.3986
503 222 18.5185
504 222 18.5185
542 222 15.674
62 223 25.4453
70 223 40.6504
88 223 27.137
481 223 22.6244
504 223 18.5185
542 223 15.674
573 223 13.1492
574 223 13.1492
591 223 16.2999
614 223 13.1492
615 223 13.1492
616 223 13.1492
617 223 12.7389
620 223 11.6482
621 223 11.6482
13 224 36.9686
62 224 25.4453
65 224 27.137
88 224 27.137
457 224 29.0698
550 224 15.674
573 224 13.1492
574 224 13.1492
582 224 12.3533
18 225 40.6504
62 225 25.4453
88 225 27.137
528 225 16.9779
529 225 16.9779
530 225 16.9779
573 225 13.1492
574 225 13.1492
579 225 13.1492
18 226 40.6504
62 226 25.4453
65 226 27.137
485 226 22.6244
505 226 18.5185
528 226 16.9779
529 226 16.9779
530 226 16.9779
534 226 16.2999
542 226 16.2999
543 226 16.2999
578 226 13.1492
579 226 13.1492
632 226 11.325
633 226 11.325
12 227 33.8983
18 227 40.6504
62 227 25.4453
63 227 25.4453
65 227 27.137
499 227 20.3666
528 227 16.9779
529 227 16.9779
533 227 16.2999
534 227 16.2999
535 227 16.2999
542 227 16.2999
543 227 16.2999
551 227 15.674
578 227 13.1492
632 227 11.325
633 227 11.325
44 228 31.2989
63 228 25.4453
94 228 31.2989
95 228 31.2989
96 228 31.2989
470 228 25.4453
486 228 21.4362
495 228 22.6244
496 228 22.6244
497 228 21.4362
498 228 21.4362
499 228 20.3666
527 228 16.9779
528 228 16.9779
529 228 16.9779
578 228 13.1492
589 228 13.1492
74 229 27.137
96 229 31.2989
486 229 21.4362
495 229 22.6244
496 229 22.6244
527 229 16.9779
528 229 16.9779
529 229 16.9779
535 229 16.2999
551 229 15.674
85 230 27.137
485 230 22.6244
486 230 22.6244
505 230 19.3986
527 230 16.9779
528 230 16.9779
536 230 15.674
542 230 15.674
543 230 15.674
551 230 15.674
567 230 15.674
568 230 15.674
569 230 15.0943
570 230 15.0943
571 230 14.0548
572 230 14.0548
573 230 14.0548
574 230 13.587
626 230 11.0193
627 230 11.0193
74 231 27.137
110 231 29.0698
485 231 22.6244
528 231 16.9779
536 231 15.674
542 231 15.674
543 231 15.674
544 231 15.674
551 231 15.674
572 231 14.0548
573 231 14.0548
589 231 15.0943
590 231 15.0943
591 231 14.556
592 231 14.556
593 231 13.587
594 231 13.1492
595 231 12.7389
596 231 12.7389
597 231 12.3533
598 231 12.3533
599 231 11.9904
627 231 11.0193
628 231 11.0193
634 231 11.0193
635 231 11.0193
12 232 29.0698
75 232 27.137
484 232 22.6244
485 232 22.6244
527 232 16.9779
528 232 16.9779
551 232 15.674
592 232 14.556
593 232 13.587
594 232 13.1492
595 232 12.7389
596 232 12.7389
597 232 12.3533
598 232 12.3533
599 232 11.9904
600 232 11.6482
602 232 10.4548
603 232 10.4548
625 232 11.0193
626 232 11.0193
634 232 11.0193
635 232 11.0193
636 232 11.0193
119 233 31.2989
120 233 31.2989
527 233 16.9779
528 233 16.9779
567 233 13.587
568 233 13.587
569 233 13.587
597 233 12.3533
625 233 11.0193
626 233 11.0193
635 233 11.0193
636 233 11.0193
501 234 19.3986
528 234 16.9779
533 234 16.2999
625 234 11.325
626 234 11.0193
635 234 11.0193
636 234 11.0193
48 235 25.4453
528 235 16.9779
529 235 16.9779
560 235 14.556
561 235 14.556
562 235 14.0548
569 235 13.587
625 235 11.325
626 235 11.0193
628 235 11.0193
635 235 11.0193
636 235 11.0193
637 235 11.0193
45 236 25.4453
49 236 25.4453
528 236 16.9779
529 236 16.9779
535 236 16.2999
536 236 16.2999
559 236 14.556
560 236 14.556
561 236 14.556
625 236 11.325
626 236 11.0193
634 236 11.325
635 236 11.0193
636 236 11.0193
637 236 11.0193
45 237 25.4453
65 237 25.4453
504 237 20.3666
508 237 19.3986
509 237 19.3986
510 237 19.3986
528 237 16.9779
529 237 16.9779
559 237 14.556
560 237 14.556
625 237 11.325
626 237 11.0193
632 237 11.6482
633 237 11.6482
634 237 11.325
637 237 11.0193
45 238 25.4453
502 238 20.3666
503 238 20.3666
508 238 19.3986
509 238 19.3986
559 238 14.556
560 238 14.556
610 238 11.325
625 238 11.325
626 238 11.325
637 238 11.0193
45 239 25.4453
46 239 25.4453
59 239 25.4453
501 239 20.3666
502 239 20.3666
508 239 19.3986
509 239 19.3986
559 239 14.556
560 239 14.556
625 239 11.325
626 239 11.325
502 240 20.3666
503 240 20.3666
625 240 11.325
626 240 11.325
637 240 11.0193
625 241 11.325
626 241 11.325
631 241 12.7389
632 241 12.3533
633 241 12.3533
634 241 11.9904
635 241 11.6482
636 241 11.325
637 241 11.325
633 242 12.3533
634 242 11.9904
635 242 11.6482
636 242 11.325
637 242 11.325
533 243 16.9779
534 243 16.9779
609 243 11.6482
610 243 11.6482
611 243 11.6482
563 244 14.0548
608 244 11.6482
609 244 11.6482
610 244 11.6482
607 246 11.9904
608 246 11.9904
607 247 11.9904
606 248 11.9904
607 248 11.9904
606 249 11.9904
607 249 11.9904
565 250 14.0548
566 250 14.0548
606 250 11.9904
565 251 14.0548
614 252 11.6482
619 252 11.325
613 253 11.6482
618 253 11.325
619 253 11.325
620 253 11.325
617 254 11.325
618 254 11.325
619 254 11.325
620 254 11.325
421 255 16.2999
422 255 16.2999
572 255 13.587
573 255 14.0548
618 255 11.325
619 255 11.325
620 255 11.325
571 256 13.587
572 256 13.587
573 256 14.0548
619 256 11.325
620 256 11.325
562 257 14.556
563 257 14.556
571 257 13.587
572 257 13.587
575 257 14.0548
576 257 14.556
577 257 14.0548
578 257 13.587
579 257 13.587
580 257 13.1492
618 257 11.325
619 257 11.325
620 257 11.325
189 258 13.587
561 258 14.556
562 258 14.556
563 258 14.556
609 258 11.6482
189 259 13.587
562 259 14.556
563 259 14.556
609 259 11.6482
619 259 11.325
620 259 11.325
186 260 13.587
507 260 15.0943
508 260 15.0943
509 260 15.0943
609 260 11.6482
617 260 11.6482
618 260 11.325
619 260 11.325
620 260 11.325
621 260 11.0193
609 261 11.6482
609 262 11.6482
608 263 11.6482
609 263 11.6482
610 263 11.6482
619 263 11.325
620 263 11.325
236 264 13.587
608 264 11.6482
609 264 11.6482
615 264 11.6482
616 264 11.6482
617 264 11.6482
218 265 13.1492
610 265 11.6482
615 265 11.6482
616 265 11.6482
195 266 12.7389
610 266 11.6482
611 266 11.6482
499 268 13.587
500 268 13.587
501 268 13.1492
502 268 13.1492
503 268 13.1492
504 268 13.1492
505 268 12.7389
614 269 11.9904
615 269 11.6482
616 269 11.6482
617 269 11.325
618 269 11.325
219 270 11.9904
616 270 11.6482
617 270 11.325
618 270 11.325
620 270 11.0193
179 271 12.3533
216 271 11.9904
223 271 11.9904
224 271 11.9904
244 271 11.9904
179 272 12.3533
216 272 11.9904
217 272 11.9904
224 272 11.9904
225 272 11.9904
610 272 11.9904
611 272 11.9904
164 274 11.325
234 274 11.325
235 274 11.325
235 275 11.325
178 277 11.325
573 277 12.7389
577 277 11.325
578 277 11.0193
579 277 11.0193
137 278 11.0193
174 278 11.0193
575 278 11.325
576 278 11.325
577 278 11.325
578 278 11.0193
579 278 11.0193
137 279 11.0193
150 280 10.7296
177 280 11.0193
190 280 10.7296
148 281 10.7296
229 281 10.1937
230 282 10.1937
231 282 10.1937
602 282 11.9904
603 282 11.9904
604 282 11.9904
605 282 11.6482
609 282 10.4548
226 283 10.1937
227 283 10.1937
609 283 10.4548
610 283 10.4548
611 283 10.4548
167 284 10.1937
226 284 10.1937
227 284 10.1937
228 284 10.1937
167 285 10.1937
148 286 9.9453
206 286 9.9453
207 286 9.9453
173 288 9.70874
174 288 9.70874
174 289 9.70874
458 289 10.7296
459 289 10.7296
460 289 10.7296
461 289 10.4548
462 289 10.4548
463 289 10.1937
464 289 9.9453
465 289 9.70874
466 289 9.70874
467 289 9.48317
99 290 9.48317
217 290 9.48317
459 290 10.7296
460 290 10.7296
461 290 10.4548
462 290 10.4548
463 290 10.1937
464 290 9.9453
465 290 9.70874
466 290 9.70874
467 290 9.48317
130 291 9.48317
148 291 9.48317
176 291 9.70874
130 292 9.48317
154 292 9.48317
155 292 9.48317
151 293 9.26784
152 293 9.26784
122 295 9.06207
118 297 8.86525
99 298 8.67679
188 298 8.49618
100 299 8.67679
101 299 8.67679
102 299 8.67679
139 299 8.67679
199 299 8.32293
122 300 8.49618
197 300 8.32293
61 301 8.32293
62 301 8.32293
115 301 8.32293
119 301 8.32293
197 301 8.32293
198 301 8.32293
61 302 8.32293
62 302 8.32293
63 302 8.32293
115 302 8.32293
116 302 8.32293
117 302 8.32293
132 302 7.9968
60 303 8.32293
130 303 7.9968
132 303 7.9968
60 304 8.32293
97 304 8.15661
73 305 7.9968
93 305 7.9968
97 305 8.15661
204 305 7.9968
205 305 8.15661
93 306 7.9968
94 306 7.9968
198 306 8.32293
205 306 7.9968
206 306 8.15661
68 307 7.9968
200 307 7.9968
201 307 7.9968
202 307 7.9968
40 308 7.84314
41 308 7.84314
104 308 7.69527
105 308 7.69527
201 308 7.9968
202 308 7.9968
203 308 7.9968
51 309 7.84314
105 309 7.69527
55 310 7.84314
186 310 7.41565
16 311 7.69527
25 311 7.55287
52 311 7.84314
157 311 7.41565
9 312 7.41565
43 312 7.69527
52 312 7.69527
53 312 7.84314
16 313 7.69527
34 313 7.55287
147 313 7.41565
153 313 7.28332
123 314 6.91324
131 314 7.15564
132 314 7.15564
153 314 7.28332
123 315 6.91324
132 315 7.15564
58 317 6.7981
59 317 7.03235
60 317 7.03235
101 317 7.15564
102 317 7.15564
24 318 7.03235
25 318 7.03235
55 318 7.15564
58 318 6.7981
59 318 7.03235
61 318 7.03235
119 318 6.91324
123 319 6.7981
167 319 6.7981
184 319 7.03235
185 319 7.03235
186 319 7.03235
187 319 7.03235
164 320 6.68673
174 320 6.91324
180 320 6.91324
164 321 6.68673
165 321 6.68673
170 321 6.7981
180 321 6.91324
181 321 6.91324
182 321 6.91324
171 322 6.7981
115 323 6.57895
125 323 6.68673
126 323 6.68673
160 323 6.57895
219 323 7.41565
220 323 7.41565
34 324 6.68673
36 324 6.68673
160 324 6.57895
215 324 7.28332
36 325 6.68673
71 325 6.68673
118 325 6.57895
200 325 6.91324
214 325 7.41565
215 325 7.28332
216 325 7.28332
217 325 7.28332
218 325 7.28332
30 326 6.57895
31 326 6.57895
54 326 6.27549
71 326 6.68673
118 326 6.57895
139 326 6.57895
140 326 6.57895
179 326 6.68673
180 326 6.68673
201 326 6.91324
218 326 7.28332
219 326 7.28332
31 327 6.57895
52 327 6.27549
54 327 6.27549
55 327 6.27549
140 327 6.57895
141 327 6.57895
142 327 6.47459
165 327 6.47459
516 327 7.28332
50 328 6.18047
51 328 6.18047
55 328 6.27549
56 328 6.27549
142 328 6.47459
511 328 6.91324
512 328 6.91324
513 328 6.91324
518 328 6.91324
519 328 6.91324
520 328 6.7981
521 328 6.7981
522 328 6.7981
35 329 6.47459
51 329 6.27549
56 329 6.27549
57 329 6.27549
162 329 6.47459
27 330 6.37349
51 330 6.18047
85 330 6.27549
86 330 6.27549
171 330 6.37349
204 330 6.7981
51 331 6.27549
57 331 6.18047
58 331 6.18047
84 331 6.27549
85 331 6.27549
86 331 6.27549
168 331 6.37349
204 331 6.7981
40 332 6.37349
41 332 6.37349
42 332 6.37349
57 332 6.08828
58 332 6.08828
104 332 6.18047
136 332 6.18047
168 332 6.37349
169 332 6.37349
170 332 6.37349
41 333 6.37349
101 333 6.18047
102 333 6.18047
103 333 6.18047
105 333 6.18047
106 333 6.18047
108 333 6.18047
136 333 6.18047
137 333 6.18047
24 334 6.08828
34 334 5.9988
52 334 6.08828
102 334 6.18047
132 334 6.18047
133 334 6.18047
173 334 6.37349
182 334 6.37349
55 335 5.91191
56 335 5.91191
57 335 5.82751
133 335 6.18047
134 335 6.18047
137 335 6.18047
56 336 5.91191
57 336 5.82751
58 336 5.82751
142 336 5.9988
171 336 6.37349
59 337 5.82751
60 337 5.82751
61 337 5.82751
104 337 6.08828
105 337 6.08828
118 337 5.91191
119 337 5.91191
166 337 6.18047
70 338 5.91191
166 338 6.18047
117 339 5.91191
171 339 6.08828
71 340 5.91191
118 340 5.74548
159 340 5.9988
172 340 6.08828
56 341 5.74548
87 341 5.82751
98 341 5.82751
119 341 5.74548
127 341 5.82751
159 341 5.9988
160 341 5.9988
168 341 5.9988
52 342 5.74548
56 342 5.74548
108 342 5.74548
109 342 5.74548
144 342 5.74548
169 342 5.9988
52 343 5.74548
53 343 5.74548
84 343 5.74548
109 343 5.74548
157 343 5.82751
158 343 5.9988
243 343 6.37349
53 344 5.74548
135 344 5.74548
144 344 5.74548
145 344 5.74548
181 344 5.91191
63 345 5.51268
125 345 5.51268
63 346 5.51268
71 346 5.58815
73 346 5.82751
32 348 5.58815
69 348 5.58815
70 348 5.58815
108 348 5.29801
118 348 5.43922
136 348 5.66572
138 348 5.66572
139 348 5.66572
105 349 5.29801
109 349 5.29801
117 349 5.43922
118 349 5.43922
72 350 5.36769
73 350 5.36769
105 350 5.29801
106 350 5.29801
118 350 5.43922
119 350 5.43922
142 350 5.51268
160 350 5.58815
184 350 5.9988
224 350 6.08828
105 351 5.29801
106 351 5.29801
107 351 5.29801
117 351 5.43922
118 351 5.43922
120 351 5.43922
121 351 5.43922
122 351 5.43922
157 351 5.58815
69 352 5.23013
122 352 5.43922
123 352 5.43922
157 352 5.58815
158 352 5.58815
52 353 5.16396
69 353 5.23013
45 354 5.23013
164 354 5.58815
53 355 5.16396
96 355 5.23013
158 355 5.43922
159 355 5.43922
160 355 5.43922
165 355 5.58815
92 356 5.16396
127 356 5.29801
89 357 5.51268
92 357 5.16396
93 357 5.16396
116 357 5.23013
149 357 5.36769
150 357 5.36769
81 358 5.16396
82 358 5.16396
92 358 5.16396
93 358 5.16396
96 358 5.16396
105 358 5.16396
116 358 5.23013
117 358 5.23013
81 359 5.16396
85 359 4.91521
97 359 5.16396
139 359 5.36769
140 359 5.36769
52 360 4.97512
62 360 4.91521
84 360 4.91521
85 360 4.91521
107 360 5.16396
113 360 5.16396
51 361 4.97512
52 361 4.97512
59 361 4.97512
61 361 4.91521
62 361 4.91521
131 361 5.16396
146 361 5.23013
57 362 4.97512
61 362 4.91521
66 362 5.03651
84 362 4.97512
131 362 5.16396
56 363 4.97512
57 363 4.97512
58 363 4.97512
78 363 5.03651
127 363 5.16396
171 363 5.51268
172 363 5.51268
57 364 4.91521
58 364 4.91521
59 364 4.91521
86 364 4.85673
110 364 5.09944
172 364 5.51268
27 365 4.74383
65 365 4.79962
87 365 4.85673
170 365 5.51268
27 366 4.74383
28 366 4.74383
65 366 4.79962
66 366 4.79962
77 366 4.85673
83 366 4.91521
85 366 4.91521
87 366 4.85673
108 366 5.09944
113 366 5.09944
115 366 5.09944
119 366 5.03651
20 367 4.85673
26 367 4.68933
27 367 4.68933
28 367 4.68933
50 367 4.79962
51 367 4.79962
66 367 4.79962
77 367 4.85673
78 367 4.85673
85 367 4.85673
121 367 5.03651
20 368 4.79962
26 368 4.68933
27 368 4.68933
50 368 4.79962
51 368 4.79962
66 368 4.79962
93 368 4.68933
19 369 4.79962
21 369 4.74383
27 369 4.68933
51 369 4.79962
62 369 4.74383
82 369 4.79962
19 370 4.74383
22 370 4.68933
56 370 4.79962
62 370 4.74383
63 370 4.74383
81 370 4.79962
94 370 4.68933
98 370 4.85673
101 370 4.68933
149 370 4.97512
18 371 4.74383
19 371 4.68933
22 371 4.63607
23 371 4.68933
36 371 4.68933
56 371 4.79962
67 371 4.68933
81 371 4.79962
18 372 4.68933
19 372 4.68933
21 372 4.68933
22 372 4.68933
38 372 4.53309
53 372 4.68933
54 372 4.79962
79 372 4.79962
80 372 4.79962
81 372 4.79962
100 372 4.63607
168 372 5.23013
169 372 5.23013
170 372 5.23013
4 373 4.68933
5 373 4.68933
19 373 4.68933
20 373 4.68933
35 373 4.584
39 373 4.53309
64 373 4.68933
65 373 4.68933
66 373 4.68933
83 373 4.63607
86 373 4.584
99 373 4.584
100 373 4.584
115 373 4.74383
142 373 4.79962
143 373 4.79962
167 373 5.23013
168 373 5.23013
169 373 5.23013
3 374 4.63607
4 374 4.63607
33 374 4.53309
35 374 4.584
36 374 4.584
39 374 4.53309
108 374 4.79962
116 374 4.74383
143 374 4.79962
167 374 5.23013
168 374 5.23013
3 375 4.63607
4 375 4.63607
35 375 4.584
36 375 4.584
37 375 4.53309
119 375 4.74383
126 375 4.79962
134 375 4.85673
135 375 4.85673
136 375 4.85673
139 375 4.74383
3 376 4.584
35 376 4.53309
36 376 4.584
56 376 4.63607
69 376 4.63607
119 376 4.74383
120 376 4.74383
137 376 4.85673
139 376 4.74383
35 377 4.53309
41 377 4.4833
42 377 4.4833
43 377 4.63607
56 377 4.63607
108 377 4.63607
109 377 4.63607
113 377 4.68933
114 377 4.68933
161 377 5.03651
162 377 5.03651
30 378 4.4833
39 378 4.4833
43 378 4.4833
54 378 4.63607
56 378 4.63607
161 378 5.03651
162 378 5.03651
163 378 5.03651
30 379 4.43459
39 379 4.4833
40 379 4.4833
57 379 4.584
88 379 4.4833
89 379 4.4833
382 379 4.97512
25 380 4.34028
38 380 4.43459
40 380 4.43459
41 380 4.43459
58 380 4.53309
86 380 4.4833
88 380 4.4833
89 380 4.4833
90 380 4.4833
122 380 4.63607
25 381 4.34028
31 381 4.43459
41 381 4.43459
75 381 4.4833
84 381 4.4833
109 381 4.584
110 381 4.584
25 382 4.34028
63 382 4.43459
83 382 4.43459
84 382 4.4833
85 382 4.4833
109 382 4.584
110 382 4.584
111 382 4.584
114 382 4.34028
151 382 4.91521
65 383 4.43459
83 383 4.43459
84 383 4.43459
85 383 4.43459
100 383 4.4833
108 383 4.584
151 383 4.91521
152 383 4.91521
60 384 4.4833
78 384 4.4833
108 384 4.53309
109 384 4.53309
148 384 4.91521
202 384 4.91521
203 384 4.91521
149 385 4.91521
74 388 4.53309
71 389 4.29461
98 389 4.34028
99 389 4.34028
71 390 4.29461
100 390 4.34028
34 391 4.24989
66 391 4.24989
67 391 4.34028
71 391 4.29461
32 392 4.24989
34 392 4.1632
35 392 4.24989
49 392 4.1632
64 392 4.2061
65 392 4.2061
317 392 4.63607
318 392 4.63607
319 392 4.63607
32 393 4.24989
35 393 4.24989
66 393 4.2061
77 393 4.34028
32 394 4.24989
50 394 4.1632
51 394 4.1632
66 394 4.2061
67 394 4.2061
50 395 4.1632
51 395 4.1632
56 395 4.29461
66 395 4.2061
88 395 4.2061
317 395 4.584
318 395 4.584
319 395 4.584
69 398 4.2061
136 398 4.53309
69 399 4.2061
83 399 4.1632
84 399 4.1632
101 399 4.2061
102 399 4.2061
364 399 4.43459
85 400 4.1632
59 401 4.2061
91 403 4.12116
108 403 4.1632
108 404 4.1632
109 404 4.1632
26 405 4.03959
86 405 4.07997
87 405 4.07997
107 405 4.1632
26 406 4.03959
27 406 4.03959
87 406 4.07997
88 406 4.07997
80 407 4.03959
94 407 4.03959
95 407 4.03959
84 408 4.2061
88 408 4.07997
96 408 4.03959
97 408 4.03959
84 409 4.07997
87 409 4.07997
88 409 4.07997
358 409 4.24989
359 409 4.24989
85 410 4.07997
85 411 4.07997
86 411 4.07997
385 411 4.2061
386 411 4.2061
387 411 4.2061
81 412 4.03959
82 412 4.03959
86 412 4.07997
139 412 4.24989
140 412 4.24989
80 413 4.03959
81 413 4.03959
82 413 4.03959
83 413 4.03959
140 413 4.24989
199 413 4.43459
202 413 4.2061
203 413 4.2061
83 414 4.03959
84 414 4.03959
85 414 4.03959
202 414 4.2061
203 414 4.2061
198 416 4.1632
272 418 4.12116
273 418 4.12116
70 419 4.03959
272 419 4.12116
342 423 4.03959
286 424 4.03959
