40 3 25.4453
47 3 25.4453
80 3 25.4453
81 3 25.4453
567 3 20.3666
583 3 19.3986
40 4 25.4453
44 4 25.4453
80 4 25.4453
81 4 25.4453
591 4 19.3986
40 5 25.4453
49 5 25.4453
80 5 25.4453
81 5 25.4453
92 5 27.137
591 5 19.3986
49 6 25.4453
50 6 25.4453
80 6 25.4453
81 6 25.4453
588 6 19.3986
41 7 25.4453
71 7 25.4453
79 7 25.4453
80 7 25.4453
566 7 20.3666
41 8 25.4453
71 8 25.4453
74 8 27.137
79 8 25.4453
80 8 25.4453
552 8 20.3666
566 8 20.3666
583 8 20.3666
584 8 20.3666
41 9 25.4453
49 9 27.137
73 9 25.4453
74 9 27.137
79 9 25.4453
80 9 25.4453
551 9 20.3666
560 9 20.3666
587 9 19.3986
40 10 25.4453
41 10 25.4453
49 10 27.137
70 10 25.4453
73 10 25.4453
562 10 21.4362
40 11 25.4453
70 11 25.4453
80 11 25.4453
553 11 20.3666
559 11 21.4362
565 11 20.3666
566 11 20.3666
38 12 25.4453
46 12 25.4453
80 12 25.4453
84 12 27.137
564 12 20.3666
565 12 20.3666
566 12 20.3666
37 13 25.4453
80 13 25.4453
81 13 25.4453
95 13 27.137
566 13 20.3666
47 14 25.4453
54 14 25.4453
81 14 25.4453
86 14 27.137
552 14 20.3666
553 14 20.3666
565 14 20.3666
566 14 20.3666
40 15 25.4453
47 15 25.4453
48 15 25.4453
54 15 25.4453
60 15 27.137
70 15 25.4453
81 15 25.4453
86 15 27.137
552 15 20.3666
553 15 20.3666
37 16 25.4453
47 16 25.4453
49 16 25.4453
54 16 25.4453
55 16 25.4453
67 16 25.4453
80 16 25.4453
81 16 25.4453
551 16 20.3666
552 16 20.3666
38 17 25.4453
42 17 25.4453
48 17 25.4453
54 17 25.4453
67 17 25.4453
86 17 27.137
568 17 20.3666
569 17 20.3666
38 18 25.4453
85 18 27.137
553 18 20.3666
554 18 20.3666
55 19 27.137
66 19 25.4453
84 19 27.137
85 19 27.137
553 19 20.3666
554 19 20.3666
40 20 25.4453
54 20 25.4453
57 20 25.4453
66 20 25.4453
81 20 25.4453
84 20 27.137
587 20 19.3986
54 21 25.4453
57 21 25.4453
66 21 25.4453
81 21 25.4453
84 21 27.137
555 21 20.3666
41 22 25.4453
66 22 25.4453
67 22 25.4453
81 22 25.4453
84 22 27.137
43 23 25.4453
67 23 27.137
83 23 27.137
84 23 27.137
585 23 19.3986
42 24 25.4453
43 24 25.4453
83 24 27.137
584 24 19.3986
54 25 25.4453
316 25 27.137
318 25 27.137
553 25 21.4362
554 25 21.4362
49 26 27.137
54 26 25.4453
56 26 25.4453
84 26 27.137
313 26 27.137
314 26 27.137
553 26 21.4362
554 26 20.3666
39 27 25.4453
56 27 25.4453
71 27 25.4453
89 27 27.137
276 27 27.137
277 27 27.137
311 27 27.137
553 27 21.4362
556 27 20.3666
566 27 20.3666
567 27 20.3666
582 27 20.3666
39 28 25.4453
71 28 25.4453
80 28 25.4453
310 28 29.0698
546 28 20.3666
555 28 20.3666
556 28 20.3666
581 28 20.3666
583 28 20.3666
584 28 19.3986
40 29 25.4453
89 29 27.137
162 29 40.6504
583 29 20.3666
584 29 19.3986
40 30 25.4453
48 30 25.4453
89 30 25.4453
41 31 25.4453
79 31 27.137
89 31 25.4453
41 32 25.4453
79 32 27.137
88 32 27.137
89 32 27.137
548 32 20.3666
549 32 20.3666
588 32 19.3986
41 33 25.4453
79 33 27.137
88 33 27.137
89 33 27.137
36 34 25.4453
45 34 25.4453
50 34 25.4453
79 34 27.137
88 34 27.137
89 34 27.137
177 34 40.6504
542 34 20.3666
547 34 21.4362
36 35 25.4453
42 35 25.4453
44 35 25.4453
51 35 25.4453
79 35 27.137
88 35 27.137
547 35 21.4362
42 36 25.4453
79 36 27.137
88 36 27.137
45 37 25.4453
69 37 25.4453
88 37 27.137
589 37 19.3986
38 38 25.4453
45 38 25.4453
49 38 25.4453
68 38 25.4453
69 38 27.137
88 38 27.137
89 38 27.137
93 38 27.137
590 38 19.3986
38 39 25.4453
68 39 25.4453
69 39 27.137
72 39 27.137
83 39 25.4453
92 39 27.137
38 40 25.4453
68 40 27.137
69 40 27.137
71 40 27.137
82 40 25.4453
83 40 27.137
92 40 27.137
544 40 20.3666
38 41 25.4453
39 41 25.4453
44 41 25.4453
51 41 25.4453
71 41 27.137
82 41 25.4453
92 41 27.137
544 41 20.3666
545 41 20.3666
588 41 19.3986
594 41 19.3986
53 42 25.4453
82 42 25.4453
85 42 27.137
92 42 27.137
544 42 20.3666
545 42 20.3666
546 42 20.3666
589 42 19.3986
45 43 25.4453
80 43 25.4453
91 43 27.137
92 43 27.137
178 43 36.9686
613 43 33.8983
40 44 25.4453
44 44 25.4453
45 44 25.4453
80 44 25.4453
91 44 27.137
92 44 27.137
586 44 19.3986
44 45 25.4453
77 45 27.137
84 45 27.137
91 45 27.137
542 45 21.4362
543 45 21.4362
551 45 19.3986
41 46 25.4453
76 46 27.137
77 46 27.137
91 46 27.137
541 46 21.4362
542 46 21.4362
588 46 19.3986
41 47 25.4453
45 47 25.4453
54 47 25.4453
76 47 27.137
90 47 27.137
91 47 27.137
544 47 20.3666
548 47 20.3666
549 47 20.3666
587 47 19.3986
588 47 19.3986
58 48 27.137
76 48 27.137
83 48 27.137
84 48 27.137
90 48 27.137
544 48 20.3666
547 48 20.3666
39 49 25.4453
80 49 25.4453
90 49 27.137
43 50 25.4453
90 50 27.137
182 50 36.9686
545 50 20.3666
41 51 25.4453
90 51 27.137
182 51 36.9686
546 51 20.3666
547 51 20.3666
548 51 20.3666
590 51 19.3986
39 52 25.4453
56 52 25.4453
79 52 27.137
182 52 36.9686
546 52 20.3666
547 52 20.3666
551 52 20.3666
39 53 25.4453
48 53 27.137
55 53 25.4453
91 53 27.137
92 53 27.137
182 53 36.9686
546 53 20.3666
547 53 20.3666
43 54 25.4453
55 54 25.4453
58 54 25.4453
85 54 25.4453
91 54 27.137
39 55 25.4453
43 55 25.4453
55 55 25.4453
58 55 27.137
85 55 25.4453
90 55 27.137
43 56 25.4453
85 56 25.4453
90 56 27.137
42 57 25.4453
43 57 25.4453
80 57 25.4453
90 57 27.137
155 57 40.6504
42 58 25.4453
80 58 25.4453
81 58 25.4453
90 58 27.137
155 58 40.6504
545 58 20.3666
546 58 20.3666
586 58 19.3986
56 59 25.4453
90 59 27.137
545 59 20.3666
552 59 20.3666
553 59 20.3666
587 59 19.3986
40 60 25.4453
89 60 27.137
90 60 27.137
187 60 36.9686
596 60 18.5185
37 61 25.4453
40 61 25.4453
43 61 25.4453
70 61 25.4453
79 61 25.4453
90 61 27.137
187 61 36.9686
547 61 21.4362
37 62 25.4453
40 62 25.4453
73 62 23.9521
89 62 27.137
90 62 27.137
187 62 36.9686
546 62 20.3666
547 62 20.3666
587 62 19.3986
37 63 25.4453
85 63 27.137
86 63 27.137
89 63 27.137
90 63 27.137
187 63 36.9686
48 64 25.4453
51 64 20.3666
57 64 25.4453
80 64 25.4453
85 64 27.137
86 64 27.137
87 64 27.137
187 64 36.9686
34 65 25.4453
41 65 25.4453
48 65 25.4453
56 65 25.4453
57 65 25.4453
72 65 27.137
84 65 27.137
85 65 27.137
175 65 40.6504
187 65 36.9686
33 66 25.4453
41 66 25.4453
57 66 25.4453
60 66 27.137
72 66 27.137
175 66 40.6504
187 66 40.6504
543 66 20.3666
544 66 20.3666
5 67 25.4453
40 67 25.4453
57 67 27.137
60 67 27.137
82 67 25.4453
83 67 25.4453
169 67 36.9686
545 67 20.3666
5 68 25.4453
40 68 25.4453
82 68 25.4453
160 68 40.6504
186 68 40.6504
4 69 25.4453
34 69 25.4453
40 69 25.4453
82 69 25.4453
160 69 40.6504
179 69 36.9686
186 69 40.6504
547 69 20.3666
3 70 25.4453
34 70 25.4453
82 70 25.4453
160 70 40.6504
179 70 40.6504
34 71 25.4453
38 71 25.4453
88 71 25.4453
179 71 40.6504
539 71 20.3666
548 71 20.3666
37 72 25.4453
38 72 25.4453
81 72 25.4453
88 72 25.4453
179 72 40.6504
540 72 20.3666
37 73 25.4453
80 73 25.4453
87 73 25.4453
88 73 25.4453
542 73 20.3666
4 74 25.4453
56 74 27.137
80 74 25.4453
88 74 25.4453
178 74 36.9686
614 74 67.5676
7 75 27.137
38 75 25.4453
80 75 25.4453
90 75 27.137
178 75 36.9686
185 75 40.6504
594 75 19.3986
7 76 25.4453
31 76 25.4453
44 76 25.4453
70 76 25.4453
90 76 27.137
91 76 27.137
184 76 40.6504
546 76 20.3666
547 76 20.3666
548 76 20.3666
551 76 20.3666
552 76 20.3666
594 76 19.3986
3 77 25.4453
4 77 27.137
35 77 25.4453
44 77 25.4453
70 77 25.4453
90 77 27.137
91 77 27.137
184 77 40.6504
546 77 20.3666
547 77 20.3666
548 77 20.3666
7 78 27.137
50 78 25.4453
90 78 27.137
91 78 27.137
8 79 27.137
11 79 27.137
32 79 25.4453
39 79 25.4453
50 79 25.4453
87 79 25.4453
90 79 27.137
91 79 27.137
549 79 20.3666
550 79 20.3666
7 80 27.137
8 80 27.137
32 80 25.4453
36 80 25.4453
39 80 25.4453
90 80 27.137
91 80 27.137
536 80 67.5676
548 80 20.3666
549 80 20.3666
591 80 19.3986
3 81 25.4453
4 81 25.4453
7 81 27.137
32 81 25.4453
48 81 25.4453
90 81 25.4453
91 81 25.4453
549 81 20.3666
550 81 20.3666
4 82 25.4453
32 82 25.4453
48 82 25.4453
90 82 25.4453
91 82 25.4453
4 83 25.4453
37 83 25.4453
53 83 29.0698
72 83 25.4453
89 83 25.4453
180 83 36.9686
473 83 36.9686
552 83 20.3666
5 84 27.137
33 84 25.4453
49 84 25.4453
89 84 25.4453
90 84 25.4453
472 84 36.9686
551 84 20.3666
49 85 25.4453
87 85 25.4453
90 85 25.4453
215 85 50.7614
34 86 25.4453
46 86 23.9521
48 86 25.4453
57 86 25.4453
87 86 25.4453
184 86 36.9686
215 86 50.7614
35 87 25.4453
45 87 23.9521
46 87 25.4453
57 87 25.4453
89 87 25.4453
160 87 36.9686
166 87 40.6504
593 87 19.3986
35 88 25.4453
45 88 23.9521
57 88 25.4453
89 88 25.4453
160 88 36.9686
5 89 27.137
36 89 25.4453
37 89 25.4453
40 89 25.4453
45 89 25.4453
57 89 25.4453
89 89 25.4453
90 89 25.4453
185 89 36.9686
615 89 33.8983
18 90 27.137
37 90 25.4453
57 90 25.4453
89 90 25.4453
90 90 25.4453
166 90 40.6504
3 91 27.137
15 91 22.6244
37 91 25.4453
57 91 25.4453
61 91 27.137
89 91 25.4453
91 91 25.4453
547 91 20.3666
15 92 25.4453
17 92 25.4453
37 92 25.4453
58 92 25.4453
61 92 27.137
89 92 25.4453
90 92 25.4453
37 93 25.4453
38 93 25.4453
42 93 25.4453
58 93 25.4453
60 93 25.4453
87 93 25.4453
173 93 40.6504
185 93 36.9686
619 93 33.8983
8 94 23.9521
15 94 25.4453
18 94 27.137
21 94 27.137
22 94 27.137
38 94 25.4453
42 94 25.4453
87 94 25.4453
90 94 27.137
91 94 27.137
173 94 40.6504
185 94 36.9686
15 95 25.4453
18 95 27.137
38 95 25.4453
45 95 27.137
90 95 27.137
91 95 27.137
172 95 40.6504
184 95 36.9686
216 95 45.1467
12 96 23.9521
16 96 27.137
18 96 27.137
90 96 27.137
91 96 27.137
548 96 22.6244
549 96 22.6244
4 97 25.4453
12 97 25.4453
39 97 25.4453
47 97 25.4453
86 97 25.4453
91 97 27.137
4 98 25.4453
12 98 25.4453
39 98 25.4453
43 98 25.4453
47 98 25.4453
91 98 27.137
92 98 27.137
3 99 25.4453
12 99 25.4453
15 99 27.137
24 99 27.137
47 99 25.4453
183 99 36.9686
548 99 21.4362
550 99 20.3666
551 99 21.4362
12 100 25.4453
90 100 27.137
100 100 27.137
183 100 36.9686
550 100 20.3666
551 100 21.4362
559 100 20.3666
560 100 20.3666
90 101 25.4453
100 101 27.137
182 101 36.9686
183 101 36.9686
558 101 20.3666
559 101 20.3666
11 102 25.4453
17 102 27.137
18 102 27.137
100 102 27.137
101 102 27.137
183 102 36.9686
11 103 25.4453
42 103 25.4453
100 103 27.137
183 103 36.9686
546 103 20.3666
547 103 20.3666
548 103 20.3666
10 104 25.4453
94 104 27.137
100 104 27.137
183 104 36.9686
470 104 33.8983
546 104 20.3666
547 104 20.3666
10 105 25.4453
100 105 27.137
5 106 27.137
9 106 25.4453
12 106 25.4453
48 106 27.137
68 106 25.4453
100 106 27.137
187 106 36.9686
470 106 33.8983
9 107 27.137
16 107 27.137
43 107 25.4453
44 107 25.4453
48 107 27.137
68 107 25.4453
100 107 27.137
546 107 20.3666
44 108 25.4453
68 108 25.4453
99 108 27.137
100 108 27.137
173 108 36.9686
470 108 33.8983
4 109 25.4453
5 109 25.4453
10 109 27.137
21 109 29.0698
45 109 25.4453
87 109 25.4453
93 109 27.137
99 109 27.137
100 109 27.137
5 110 25.4453
21 110 29.0698
45 110 25.4453
46 110 25.4453
93 110 27.137
99 110 27.137
186 110 36.9686
5 111 25.4453
21 111 29.0698
46 111 25.4453
47 111 25.4453
98 111 27.137
99 111 27.137
186 111 36.9686
20 112 29.0698
46 112 27.137
47 112 27.137
92 112 27.137
98 112 27.137
99 112 27.137
186 112 36.9686
507 112 101.01
508 112 101.01
17 113 27.137
18 113 27.137
20 113 29.0698
46 113 27.137
47 113 27.137
92 113 27.137
98 113 27.137
506 113 101.01
4 114 25.4453
17 114 27.137
18 114 27.137
49 114 27.137
99 114 27.137
214 114 50.7614
3 115 25.4453
17 115 27.137
48 115 27.137
96 115 25.4453
561 115 20.3666
562 115 20.3666
3 116 23.9521
8 116 25.4453
48 116 27.137
82 116 25.4453
184 116 36.9686
224 116 50.7614
561 116 20.3666
13 117 25.4453
23 117 29.0698
48 117 25.4453
49 117 25.4453
82 117 25.4453
83 117 25.4453
95 117 25.4453
99 117 25.4453
184 117 36.9686
224 117 50.7614
11 118 25.4453
12 118 25.4453
17 118 27.137
23 118 29.0698
24 118 29.0698
49 118 25.4453
83 118 25.4453
95 118 25.4453
99 118 27.137
184 118 36.9686
185 118 36.9686
470 118 33.8983
11 119 25.4453
12 119 25.4453
17 119 27.137
22 119 29.0698
49 119 25.4453
98 119 27.137
185 119 36.9686
11 120 27.137
16 120 27.137
17 120 27.137
49 120 25.4453
98 120 27.137
10 121 27.137
16 121 27.137
17 121 27.137
92 121 25.4453
98 121 27.137
223 121 50.7614
10 122 27.137
15 122 29.0698
130 122 80.9717
177 122 36.9686
223 122 50.7614
635 122 45.1467
14 123 29.0698
43 123 25.4453
95 123 27.137
131 123 80.9717
145 123 80.9717
177 123 36.9686
224 123 50.7614
8 124 27.137
95 124 27.137
96 124 27.137
177 124 36.9686
224 124 45.1467
8 125 27.137
89 125 27.137
177 125 36.9686
5 126 27.137
9 126 27.137
93 126 27.137
224 126 45.1467
5 127 27.137
8 127 27.137
11 127 27.137
44 127 25.4453
48 127 25.4453
93 127 25.4453
177 127 36.9686
224 127 50.7614
483 127 101.01
18 128 25.4453
48 128 25.4453
93 128 25.4453
470 128 33.8983
17 129 25.4453
93 129 25.4453
15 130 25.4453
46 130 25.4453
91 130 25.4453
92 130 25.4453
177 130 36.9686
575 130 19.3986
15 131 25.4453
92 131 25.4453
15 132 25.4453
49 132 25.4453
92 132 25.4453
636 132 45.1467
16 133 25.4453
55 133 27.137
87 133 27.137
96 133 27.137
146 133 80.9717
10 134 25.4453
99 134 40.6504
8 135 25.4453
49 135 27.137
637 135 45.1467
49 136 27.137
74 136 25.4453
86 136 27.137
94 136 27.137
446 136 80.9717
12 137 27.137
39 137 36.9686
93 137 27.137
94 137 27.137
229 137 50.7614
29 138 40.6504
41 138 36.9686
93 138 27.137
94 138 27.137
29 139 40.6504
53 139 25.4453
229 139 50.7614
30 140 40.6504
61 140 25.4453
80 140 25.4453
93 140 27.137
61 141 25.4453
81 141 25.4453
89 141 27.137
36 142 40.6504
52 142 25.4453
61 142 25.4453
77 142 27.137
88 142 27.137
89 142 27.137
4 143 25.4453
52 143 25.4453
76 143 27.137
88 143 27.137
89 143 27.137
87 144 27.137
578 144 19.3986
87 145 27.137
9 146 29.0698
60 146 27.137
61 146 27.137
9 147 29.0698
61 147 27.137
90 147 27.137
8 148 29.0698
60 148 27.137
61 148 27.137
87 148 27.137
96 148 45.1467
45 149 36.9686
60 149 27.137
87 149 27.137
4 150 29.0698
60 150 27.137
82 150 27.137
227 150 50.7614
59 151 27.137
60 151 27.137
73 151 25.4453
227 151 50.7614
59 152 27.137
60 152 27.137
73 152 25.4453
83 152 27.137
483 152 101.01
36 153 40.6504
59 153 27.137
73 153 25.4453
74 153 25.4453
58 154 27.137
59 154 27.137
74 154 25.4453
575 154 19.3986
58 155 27.137
59 155 27.137
74 155 25.4453
40 156 40.6504
47 156 36.9686
58 156 27.137
74 156 25.4453
91 156 40.6504
94 156 40.6504
637 156 40.6504
6 157 29.0698
48 157 36.9686
58 157 27.137
74 157 27.137
94 157 40.6504
6 158 29.0698
49 158 36.9686
56 158 27.137
74 158 27.137
33 159 40.6504
56 159 27.137
73 159 27.137
3 160 29.0698
56 160 27.137
72 160 27.137
73 160 27.137
92 160 40.6504
3 161 29.0698
48 161 40.6504
55 161 27.137
72 161 27.137
55 162 27.137
71 162 27.137
72 162 27.137
74 162 27.137
281 162 101.01
342 162 200
343 162 200
55 163 27.137
71 163 27.137
72 163 27.137
55 164 27.137
71 164 27.137
72 164 27.137
271 164 200
304 164 101.01
637 164 40.6504
5 165 27.137
71 165 27.137
72 165 27.137
5 166 27.137
72 166 27.137
89 166 40.6504
372 166 50.7614
373 166 50.7614
589 166 80.9717
590 166 80.9717
591 166 80.9717
592 166 67.5676
72 167 27.137
78 167 40.6504
89 167 40.6504
317 167 101.01
372 167 50.7614
56 168 25.4453
72 168 27.137
78 168 40.6504
168 168 36.9686
56 169 25.4453
72 169 27.137
168 169 36.9686
51 170 25.4453
52 170 25.4453
72 170 27.137
90 170 40.6504
498 170 36.9686
51 171 25.4453
52 171 25.4453
72 171 27.137
73 171 27.137
77 171 40.6504
491 171 101.01
492 171 101.01
168 172 36.9686
483 172 200
485 172 200
486 172 134.228
487 172 134.228
76 173 40.6504
168 173 36.9686
53 174 25.4453
54 174 25.4453
76 174 40.6504
87 174 40.6504
88 174 40.6504
169 174 36.9686
54 175 25.4453
55 175 25.4453
6 176 29.0698
9 176 27.137
54 176 25.4453
55 176 25.4453
71 176 25.4453
80 176 40.6504
526 176 40.6504
6 177 29.0698
54 177 27.137
55 177 27.137
86 177 40.6504
168 177 36.9686
593 177 45.1467
54 178 27.137
58 178 25.4453
86 178 40.6504
169 178 36.9686
53 179 27.137
86 179 40.6504
169 179 36.9686
460 179 57.971
53 180 27.137
76 180 36.9686
307 180 101.01
308 180 101.01
309 180 101.01
471 180 50.7614
472 180 50.7614
53 181 27.137
73 181 25.4453
76 181 36.9686
471 181 50.7614
472 181 50.7614
478 181 29.0698
6 182 67.5676
73 182 25.4453
76 182 36.9686
77 182 36.9686
89 182 40.6504
198 182 57.971
471 182 50.7614
472 182 50.7614
523 182 45.1467
524 182 45.1467
54 183 25.4453
58 183 25.4453
79 183 36.9686
89 183 40.6504
170 183 36.9686
204 183 67.5676
467 183 134.228
469 183 80.9717
54 184 25.4453
58 184 25.4453
62 184 25.4453
79 184 36.9686
80 184 36.9686
170 184 36.9686
34 185 36.9686
54 185 25.4453
73 185 27.137
80 185 36.9686
183 185 40.6504
219 185 50.7614
340 185 134.228
341 185 134.228
58 186 25.4453
73 186 27.137
83 187 40.6504
84 187 40.6504
628 187 14.556
629 187 14.556
630 187 14.556
631 187 14.0548
83 188 40.6504
475 188 67.5676
476 188 67.5676
477 188 67.5676
598 188 14.0548
599 188 14.0548
630 188 14.556
631 188 14.0548
632 188 14.0548
58 189 25.4453
73 189 27.137
82 189 40.6504
83 189 40.6504
176 189 40.6504
475 189 67.5676
476 189 67.5676
477 189 67.5676
632 189 14.0548
55 190 25.4453
83 190 40.6504
176 190 40.6504
256 190 57.971
462 190 57.971
475 190 67.5676
476 190 67.5676
477 190 67.5676
55 191 25.4453
176 191 40.6504
467 191 67.5676
468 191 67.5676
534 191 16.9779
535 191 16.9779
578 191 14.0548
579 191 14.0548
580 191 14.0548
629 191 14.0548
633 191 14.0548
176 192 40.6504
578 192 14.0548
579 192 14.0548
583 192 15.0943
595 192 15.674
630 192 14.0548
631 192 14.0548
633 192 14.0548
69 193 25.4453
97 193 45.1467
99 193 50.7614
105 193 80.9717
176 193 40.6504
540 193 16.9779
583 193 15.0943
630 193 14.0548
631 193 14.0548
81 194 40.6504
99 194 50.7614
100 194 45.1467
176 194 40.6504
281 194 134.228
295 194 134.228
296 194 134.228
297 194 134.228
306 194 25.4453
531 194 16.9779
583 194 15.0943
593 194 15.674
634 194 14.0548
264 195 101.01
266 195 101.01
297 195 134.228
578 195 14.0548
579 195 14.0548
631 195 14.0548
632 195 14.0548
70 196 27.137
255 196 67.5676
403 196 134.228
404 196 134.228
405 196 134.228
529 196 16.9779
578 196 14.0548
579 196 14.0548
582 196 15.0943
583 196 15.0943
603 196 15.0943
631 196 14.0548
632 196 14.0548
70 197 27.137
529 197 16.9779
578 197 14.0548
579 197 14.0548
635 197 13.587
204 198 67.5676
332 198 134.228
333 198 134.228
337 198 45.1467
338 198 45.1467
555 198 15.674
578 198 14.0548
579 198 14.0548
583 198 14.556
632 198 14.0548
633 198 14.0548
636 198 14.0548
6 199 27.137
7 199 29.0698
59 199 25.4453
176 199 40.6504
304 199 101.01
305 199 101.01
306 199 101.01
578 199 14.0548
632 199 14.0548
633 199 14.0548
3 200 27.137
4 200 27.137
59 200 25.4453
60 200 25.4453
176 200 40.6504
527 200 16.9779
544 200 22.6244
578 200 14.0548
582 200 15.0943
583 200 15.0943
636 200 13.587
4 201 27.137
60 201 25.4453
176 201 40.6504
495 201 18.5185
496 201 16.9779
497 201 16.9779
499 201 16.2999
568 201 14.0548
582 201 15.0943
633 201 14.0548
634 201 14.0548
636 201 13.587
637 201 14.0548
4 202 27.137
472 202 31.2989
473 202 31.2989
474 202 29.0698
475 202 29.0698
476 202 31.2989
477 202 50.7614
478 202 50.7614
479 202 67.5676
480 202 57.971
481 202 50.7614
482 202 45.1467
483 202 45.1467
484 202 40.6504
485 202 36.9686
486 202 36.9686
487 202 36.9686
488 202 33.8983
489 202 33.8983
490 202 31.2989
491 202 29.0698
492 202 29.0698
493 202 27.137
568 202 14.0548
577 202 14.0548
578 202 14.0548
633 202 14.0548
634 202 14.0548
4 203 27.137
176 203 40.6504
370 203 101.01
371 203 80.9717
373 203 50.7614
374 203 50.7614
384 203 200
467 203 101.01
468 203 101.01
469 203 101.01
473 203 31.2989
474 203 29.0698
567 203 14.0548
568 203 14.0548
582 203 15.0943
633 203 14.0548
634 203 14.0548
4 204 27.137
137 204 50.7614
176 204 40.6504
416 204 134.228
637 204 13.587
4 205 27.137
176 205 40.6504
339 205 200
340 205 200
518 205 16.9779
519 205 16.9779
520 205 16.2999
567 205 14.0548
577 205 14.0548
578 205 14.0548
634 205 14.0548
635 205 14.0548
637 205 13.587
4 206 27.137
176 206 40.6504
209 206 50.7614
516 206 17.7148
517 206 16.9779
518 206 16.9779
524 206 17.7148
525 206 17.7148
566 206 14.0548
567 206 14.0548
577 206 14.0548
578 206 14.0548
581 206 14.556
582 206 14.556
583 206 14.556
634 206 14.0548
635 206 14.0548
4 207 27.137
60 207 25.4453
482 207 27.137
483 207 27.137
484 207 27.137
514 207 19.3986
515 207 17.7148
516 207 17.7148
517 207 16.9779
518 207 16.9779
524 207 17.7148
525 207 17.7148
566 207 14.0548
567 207 14.0548
568 207 14.0548
577 207 14.0548
578 207 14.0548
582 207 14.556
634 207 14.0548
635 207 14.0548
4 208 27.137
150 208 57.971
429 208 134.228
430 208 134.228
431 208 134.228
473 208 25.4453
474 208 25.4453
517 208 17.7148
566 208 14.0548
567 208 14.0548
576 208 14.0548
577 208 14.0548
578 208 14.0548
582 208 14.556
634 208 14.0548
635 208 14.0548
4 209 27.137
80 209 40.6504
473 209 25.4453
474 209 25.4453
534 209 23.9521
566 209 14.0548
567 209 14.0548
4 210 27.137
27 210 40.6504
28 210 40.6504
36 210 40.6504
271 210 101.01
370 210 134.228
406 210 134.228
407 210 101.01
408 210 101.01
409 210 80.9717
410 210 31.2989
411 210 27.137
416 210 134.228
417 210 134.228
418 210 134.228
566 210 14.0548
567 210 14.0548
4 211 27.137
27 211 40.6504
36 211 40.6504
72 211 25.4453
73 211 25.4453
255 211 67.5676
406 211 134.228
407 211 101.01
408 211 101.01
522 211 17.7148
523 211 17.7148
534 211 23.9521
566 211 14.0548
4 212 27.137
36 212 40.6504
72 212 25.4453
80 212 40.6504
199 212 50.7614
220 212 57.971
245 212 200
246 212 200
247 212 200
370 212 134.228
371 212 101.01
372 212 101.01
373 212 101.01
374 212 67.5676
457 212 27.137
507 212 19.3986
4 213 27.137
28 213 40.6504
54 213 25.4453
80 213 40.6504
81 213 40.6504
206 213 57.971
220 213 57.971
385 213 101.01
386 213 101.01
483 213 23.9521
484 213 22.6244
485 213 22.6244
486 213 22.6244
487 213 21.4362
54 214 25.4453
80 214 40.6504
384 214 101.01
385 214 101.01
386 214 101.01
387 214 101.01
479 214 31.2989
484 214 22.6244
485 214 22.6244
486 214 22.6244
507 214 19.3986
607 214 14.0548
608 214 14.0548
54 215 25.4453
70 215 25.4453
80 215 40.6504
384 215 101.01
385 215 101.01
386 215 101.01
387 215 101.01
531 215 16.2999
604 215 14.556
605 215 14.0548
607 215 14.0548
633 215 11.0193
34 216 31.2989
54 216 25.4453
70 216 25.4453
80 216 40.6504
155 216 50.7614
605 216 14.0548
606 216 14.0548
607 216 14.0548
635 216 11.0193
55 217 25.4453
70 217 25.4453
80 217 40.6504
176 217 40.6504
221 217 50.7614
606 217 14.0548
607 217 14.0548
21 218 29.0698
55 218 25.4453
80 218 40.6504
221 218 50.7614
257 218 67.5676
258 218 67.5676
259 218 80.9717
10 219 29.0698
80 219 36.9686
221 219 50.7614
261 219 80.9717
507 219 20.3666
516 219 18.5185
517 219 18.5185
10 220 29.0698
34 220 31.2989
44 220 23.9521
70 220 27.137
80 220 36.9686
222 220 50.7614
506 220 20.3666
569 220 13.587
570 220 13.587
10 221 29.0698
11 221 29.0698
28 221 33.8983
40 221 23.9521
44 221 23.9521
70 221 27.137
80 221 36.9686
450 221 31.2989
463 221 25.4453
569 221 13.587
570 221 13.587
571 221 13.587
593 221 14.0548
594 221 14.0548
595 221 14.0548
596 221 13.587
597 221 13.587
28 222 33.8983
44 222 23.9521
54 222 25.4453
70 222 27.137
446 222 33.8983
447 222 33.8983
448 222 33.8983
463 222 25.4453
531 222 16.9779
532 222 16.9779
569 222 13.587
570 222 13.587
594 222 14.0548
595 222 14.0548
596 222 13.587
621 222 13.1492
622 222 13.1492
55 223 25.4453
70 223 25.4453
80 223 40.6504
478 223 23.9521
594 223 14.0548
595 223 14.0548
70 224 25.4453
80 224 40.6504
477 224 23.9521
478 224 23.9521
479 224 23.9521
577 224 14.0548
578 224 14.0548
56 225 25.4453
70 225 25.4453
80 225 40.6504
172 225 36.9686
577 225 14.0548
578 225 14.0548
40 226 23.9521
70 226 25.4453
80 226 40.6504
173 226 36.9686
488 226 200
494 226 20.3666
495 226 20.3666
496 226 20.3666
569 226 14.0548
25 227 29.0698
28 227 33.8983
35 227 36.9686
40 227 23.9521
70 227 25.4453
179 227 36.9686
478 227 22.6244
494 227 20.3666
495 227 20.3666
503 227 33.8983
504 227 33.8983
505 227 29.0698
506 227 27.137
507 227 25.4453
508 227 25.4453
509 227 23.9521
510 227 23.9521
511 227 22.6244
512 227 22.6244
513 227 21.4362
516 227 17.7148
517 227 17.7148
518 227 17.7148
569 227 14.0548
570 227 14.0548
25 228 29.0698
40 228 23.9521
69 228 25.4453
70 228 25.4453
453 228 29.0698
469 228 33.8983
470 228 33.8983
471 228 31.2989
472 228 29.0698
473 228 27.137
474 228 25.4453
475 228 23.9521
476 228 22.6244
477 228 22.6244
478 228 22.6244
516 228 17.7148
517 228 17.7148
518 228 17.7148
521 228 16.9779
522 228 16.9779
531 228 16.9779
569 228 14.0548
570 228 14.0548
40 229 23.9521
41 229 23.9521
43 229 23.9521
70 229 25.4453
81 229 40.6504
466 229 25.4453
517 229 17.7148
531 229 16.9779
569 229 14.0548
570 229 14.0548
40 230 23.9521
41 230 23.9521
43 230 23.9521
70 230 25.4453
71 230 25.4453
81 230 40.6504
466 230 25.4453
493 230 21.4362
494 230 21.4362
569 230 14.0548
570 230 14.0548
619 230 11.325
622 230 11.325
623 230 11.325
41 231 23.9521
466 231 25.4453
555 231 14.556
579 231 14.0548
611 231 11.325
612 231 11.325
613 231 11.325
40 232 23.9521
41 232 23.9521
43 232 23.9521
50 232 40.6504
72 232 25.4453
481 232 22.6244
552 232 15.0943
553 232 15.0943
554 232 14.556
555 232 14.556
611 232 11.325
612 232 11.325
613 232 11.325
41 233 23.9521
43 233 23.9521
72 233 25.4453
74 233 25.4453
522 233 16.9779
523 233 16.9779
552 233 15.0943
553 233 15.0943
554 233 14.556
569 233 14.0548
570 233 14.0548
612 233 11.325
613 233 11.325
615 233 11.0193
619 233 11.325
620 233 11.325
78 234 27.137
79 234 27.137
516 234 17.7148
523 234 16.9779
551 234 15.0943
552 234 15.0943
553 234 15.0943
554 234 15.0943
559 234 14.556
560 234 14.556
579 234 14.0548
580 234 14.0548
619 234 11.325
5 235 27.137
54 235 25.4453
79 235 27.137
80 235 27.137
480 235 23.9521
481 235 23.9521
499 235 20.3666
510 235 20.3666
511 235 20.3666
512 235 19.3986
515 235 17.7148
516 235 17.7148
523 235 16.9779
551 235 15.0943
552 235 15.0943
553 235 15.0943
560 235 14.556
570 235 14.0548
579 235 14.0548
580 235 14.0548
618 235 11.325
54 236 25.4453
66 236 25.4453
80 236 27.137
499 236 20.3666
500 236 20.3666
504 236 25.4453
505 236 25.4453
506 236 23.9521
507 236 22.6244
508 236 22.6244
509 236 21.4362
510 236 20.3666
511 236 20.3666
512 236 19.3986
513 236 19.3986
552 236 15.0943
560 236 14.556
561 236 14.556
570 236 14.0548
579 236 14.0548
580 236 14.0548
617 236 11.325
66 237 25.4453
94 237 27.137
498 237 20.3666
499 237 20.3666
500 237 20.3666
523 237 16.9779
551 237 15.0943
552 237 15.0943
570 237 14.0548
579 237 14.0548
580 237 14.0548
630 237 11.325
631 237 11.325
55 238 25.4453
95 238 27.137
499 238 20.3666
500 238 20.3666
551 238 15.0943
552 238 15.0943
561 238 14.0548
562 238 14.0548
569 238 14.0548
570 238 14.0548
571 238 14.0548
579 238 14.0548
580 238 14.0548
596 238 18.5185
597 238 18.5185
598 238 17.7148
599 238 16.9779
600 238 16.2999
601 238 15.674
602 238 15.0943
603 238 14.0548
604 238 13.587
605 238 13.1492
606 238 12.7389
607 238 12.3533
608 238 11.9904
609 238 11.9904
610 238 11.6482
611 238 11.6482
612 238 11.6482
623 238 11.325
624 238 11.325
72 239 25.4453
104 239 29.0698
105 239 29.0698
524 239 16.9779
551 239 15.0943
552 239 15.0943
561 239 14.0548
562 239 14.0548
569 239 14.0548
570 239 14.0548
571 239 14.0548
579 239 14.0548
580 239 14.0548
607 239 12.3533
608 239 11.9904
609 239 11.9904
610 239 11.6482
611 239 11.6482
612 239 11.6482
613 239 11.325
614 239 10.7296
615 239 10.1937
616 239 9.9453
617 239 9.70874
618 239 9.70874
619 239 9.48317
42 240 23.9521
498 240 20.3666
524 240 16.9779
550 240 15.0943
551 240 15.0943
552 240 15.0943
562 240 14.0548
569 240 14.0548
570 240 14.0548
579 240 14.0548
580 240 14.0548
609 240 11.9904
610 240 11.6482
611 240 11.6482
637 240 11.9904
518 241 18.5185
550 241 15.0943
551 241 15.0943
552 241 15.0943
604 241 11.9904
605 241 11.9904
637 241 11.9904
22 242 23.9521
25 242 22.6244
551 242 15.0943
552 242 15.0943
557 242 14.556
558 242 14.556
603 242 11.9904
604 242 11.9904
605 242 11.9904
22 243 23.9521
26 243 22.6244
27 243 22.6244
43 243 23.9521
54 243 23.9521
520 243 17.7148
521 243 18.5185
557 243 14.556
560 243 14.556
595 243 12.3533
596 243 11.9904
22 244 23.9521
31 244 23.9521
32 244 23.9521
43 244 23.9521
44 244 23.9521
552 244 15.0943
592 244 12.7389
593 244 12.3533
595 244 12.3533
596 244 12.3533
597 244 11.9904
22 245 23.9521
527 245 17.7148
528 245 17.7148
552 245 15.0943
561 245 14.556
593 245 12.3533
594 245 12.3533
595 245 12.3533
606 245 11.6482
22 246 23.9521
37 246 23.9521
38 246 23.9521
412 246 21.4362
413 246 20.3666
414 246 20.3666
527 246 17.7148
528 246 17.7148
551 246 15.0943
552 246 15.0943
553 246 15.0943
561 246 14.556
562 246 14.556
593 246 12.3533
594 246 12.3533
606 246 11.6482
414 247 20.3666
415 247 20.3666
518 247 18.5185
519 247 18.5185
527 247 17.7148
552 247 15.0943
561 247 14.556
593 247 12.3533
594 247 12.3533
606 247 11.6482
42 248 22.6244
518 248 18.5185
519 248 18.5185
520 248 18.5185
521 248 17.7148
530 248 18.5185
531 248 18.5185
532 248 18.5185
533 248 17.7148
537 248 18.5185
538 248 18.5185
592 248 12.3533
593 248 12.3533
561 249 14.556
558 252 15.0943
559 252 15.0943
558 253 15.0943
559 253 15.0943
599 253 11.9904
598 254 11.9904
598 255 11.9904
600 259 11.9904
601 259 11.9904
600 260 11.9904
601 260 11.9904
602 260 11.9904
573 261 14.0548
282 262 15.0943
426 266 16.2999
427 266 15.0943
595 266 12.3533
427 267 15.0943
428 267 15.0943
429 267 14.556
430 267 14.0548
431 267 14.0548
432 267 13.587
433 267 13.1492
434 267 13.1492
595 267 12.3533
609 267 11.9904
610 267 11.9904
433 268 13.1492
608 268 11.9904
609 268 11.9904
595 269 12.3533
608 269 11.9904
609 269 11.9904
476 270 13.1492
477 270 13.1492
595 270 12.3533
596 270 12.3533
611 270 11.9904
612 270 11.9904
613 270 11.6482
614 270 11.6482
615 270 11.325
616 270 11.325
617 270 11.0193
87 271 14.0548
88 271 14.0548
165 271 11.325
596 271 12.3533
597 271 12.3533
165 272 11.325
161 273 11.325
488 273 11.9904
530 273 13.1492
531 273 12.7389
532 273 12.7389
533 273 12.3533
534 273 11.9904
535 273 11.9904
536 273 11.9904
537 273 11.9904
538 273 11.6482
169 274 11.9904
491 274 12.3533
492 274 12.3533
493 274 12.3533
533 274 12.3533
534 274 11.9904
170 275 11.9904
219 278 11.0193
220 278 11.0193
221 278 11.0193
198 279 11.325
171 280 11.0193
199 280 11.325
240 280 11.0193
534 280 10.7296
535 280 10.7296
519 281 10.7296
141 282 10.4548
447 282 11.0193
448 282 11.0193
449 282 10.7296
450 282 10.7296
451 282 10.4548
453 282 10.1937
521 282 10.7296
522 282 10.7296
523 282 10.7296
526 283 11.6482
527 283 11.325
528 283 11.325
529 283 11.0193
530 283 10.7296
531 283 10.7296
550 283 9.9453
551 283 9.9453
552 283 9.9453
529 284 11.0193
530 284 10.7296
531 284 10.7296
532 284 10.1937
533 284 9.9453
534 284 9.48317
535 284 9.48317
536 284 9.26784
537 284 9.26784
538 284 9.06207
205 285 10.1937
197 286 9.9453
206 286 9.9453
565 286 10.1937
566 286 10.1937
567 286 10.1937
150 287 10.1937
193 287 9.9453
194 287 9.9453
202 287 9.9453
203 287 10.1937
226 287 10.1937
227 287 10.1937
150 288 10.1937
163 288 10.1937
194 288 9.9453
195 288 9.9453
203 288 9.9453
204 288 9.9453
576 288 9.48317
577 288 9.48317
194 289 9.9453
195 289 9.9453
196 289 9.9453
204 289 9.9453
582 289 10.4548
584 289 10.1937
585 289 10.1937
114 290 10.4548
586 290 10.1937
587 290 9.70874
600 290 9.9453
130 291 9.26784
164 291 9.70874
214 291 9.48317
131 292 9.26784
214 292 9.48317
215 292 9.48317
600 292 9.9453
601 292 9.9453
602 292 9.70874
603 292 9.70874
604 292 9.48317
131 293 9.26784
215 293 9.48317
216 293 9.48317
555 293 9.70874
558 293 9.48317
603 293 9.70874
604 293 9.48317
150 294 9.48317
216 294 9.26784
556 294 9.48317
557 294 9.48317
558 294 9.48317
147 295 9.26784
155 295 9.26784
613 295 9.06207
140 296 9.06207
620 296 10.1937
621 296 9.9453
625 296 9.26784
627 296 9.06207
628 296 9.06207
629 296 9.06207
94 297 8.86525
95 297 8.86525
140 297 9.06207
196 297 8.67679
202 297 9.06207
623 297 9.48317
624 297 9.26784
625 297 9.26784
626 297 9.26784
627 297 9.06207
628 297 9.06207
629 297 9.06207
630 297 8.86525
632 297 8.32293
633 297 8.15661
95 298 8.86525
96 298 8.86525
147 298 8.67679
164 298 8.86525
202 298 9.06207
633 298 8.15661
110 299 8.86525
143 299 8.49618
159 299 8.86525
107 300 8.67679
143 300 8.49618
144 300 8.49618
155 300 8.86525
159 300 8.86525
108 301 8.67679
206 303 8.15661
207 303 8.15661
147 304 8.49618
194 304 8.15661
202 304 8.15661
207 304 8.15661
93 305 8.32293
202 305 8.15661
203 305 8.15661
93 306 8.32293
129 306 8.32293
130 306 8.32293
183 306 7.9968
189 306 7.9968
202 306 8.15661
203 306 8.15661
204 306 8.15661
205 306 7.9968
206 306 7.84314
158 307 7.84314
135 308 7.9968
175 308 7.84314
176 308 7.84314
85 309 7.9968
124 309 7.84314
176 309 7.84314
177 309 7.84314
215 309 7.69527
83 310 7.9968
124 310 7.84314
125 310 7.84314
133 310 7.84314
197 310 7.84314
135 311 7.84314
484 311 9.48317
485 311 9.26784
135 312 7.84314
136 312 7.84314
39 313 7.41565
90 313 7.41565
487 313 8.15661
488 313 8.15661
489 313 8.15661
490 313 8.15661
491 313 7.9968
492 313 7.69527
493 313 7.69527
496 313 7.41565
497 313 7.15564
39 314 7.41565
187 314 7.41565
488 314 8.15661
489 314 8.15661
490 314 8.15661
491 314 7.9968
492 314 7.69527
493 314 7.69527
494 314 7.41565
495 314 7.41565
496 314 7.41565
497 314 7.15564
498 314 7.03235
499 314 6.91324
82 315 7.55287
102 315 7.69527
135 315 7.41565
144 315 7.28332
187 315 7.41565
188 315 7.41565
496 315 7.41565
497 315 7.15564
498 315 7.03235
499 315 6.91324
500 315 6.68673
501 315 6.68673
78 316 7.55287
79 316 7.55287
82 316 7.55287
102 316 7.69527
135 316 7.41565
188 316 7.41565
189 316 7.41565
502 316 6.57895
503 316 6.37349
78 317 7.55287
79 317 7.55287
26 319 7.41565
93 319 7.28332
104 319 7.28332
105 319 7.28332
106 319 7.28332
168 319 7.15564
26 320 7.41565
27 320 7.41565
93 320 7.28332
168 320 7.15564
169 320 7.15564
27 321 7.41565
143 322 7.03235
189 322 7.03235
96 323 6.91324
103 323 6.91324
143 323 7.03235
64 324 6.68673
55 325 6.7981
58 325 6.68673
59 325 6.7981
31 326 6.68673
32 326 6.68673
55 326 6.7981
59 326 6.68673
94 326 6.91324
140 326 6.7981
31 327 6.68673
32 327 6.68673
33 327 6.57895
37 327 6.68673
56 327 6.7981
60 327 6.68673
79 327 6.68673
94 327 6.91324
28 328 6.57895
33 328 6.57895
34 328 6.57895
35 328 6.57895
37 328 6.68673
38 328 6.7981
57 328 6.68673
58 328 6.68673
84 328 6.47459
29 329 6.57895
35 329 6.57895
36 329 6.57895
143 329 6.27549
146 329 6.27549
29 331 6.57895
56 331 6.47459
140 331 6.27549
156 331 6.37349
157 331 6.27549
199 331 6.47459
29 332 6.57895
51 332 6.47459
52 332 6.37349
56 332 6.37349
157 332 6.27549
158 332 6.27549
33 333 6.57895
52 333 6.37349
53 333 6.37349
75 333 6.08828
76 333 6.08828
146 333 6.27549
150 333 6.27549
157 333 6.27549
158 333 6.27549
159 333 6.27549
200 333 6.47459
201 333 6.47459
18 334 6.37349
54 334 6.37349
75 334 6.08828
78 334 6.18047
146 334 6.27549
189 334 6.47459
190 334 6.47459
202 334 6.47459
46 335 6.27549
78 335 6.18047
64 336 6.18047
66 336 6.08828
70 336 5.9988
78 336 6.08828
23 337 5.9988
66 337 6.08828
67 337 6.08828
73 337 5.51268
18 338 5.9988
23 338 5.9988
68 338 6.08828
164 338 6.18047
165 338 6.18047
18 339 5.9988
19 339 5.9988
24 339 5.9988
164 339 6.18047
165 339 6.18047
18 340 5.9988
19 340 5.9988
156 340 5.9988
165 340 6.18047
166 340 6.18047
16 341 5.91191
157 341 5.9988
158 341 5.9988
193 341 6.18047
149 342 5.82751
158 342 5.9988
159 342 5.9988
160 342 5.91191
161 342 5.82751
162 342 5.82751
85 343 5.66572
134 343 5.66572
149 343 5.82751
150 343 5.82751
160 343 5.91191
161 343 5.82751
162 343 5.82751
163 343 5.82751
29 344 5.74548
85 344 5.66572
86 344 5.66572
134 344 5.66572
164 344 5.74548
165 344 5.74548
88 345 5.58815
142 346 5.66572
71 347 5.43922
72 347 5.43922
142 347 5.66572
143 347 5.66572
72 348 5.43922
134 348 5.43922
143 348 5.66572
157 348 5.74548
135 349 5.43922
158 349 5.74548
85 350 5.43922
132 350 5.43922
89 351 5.51268
133 351 5.43922
57 352 5.29801
89 352 5.51268
90 352 5.51268
57 353 5.23013
58 353 5.23013
90 353 5.51268
145 353 5.43922
179 353 5.66572
7 354 5.43922
58 354 5.23013
59 354 5.23013
81 354 5.23013
82 354 5.23013
83 354 5.23013
90 354 5.43922
146 354 5.43922
58 355 5.23013
59 355 5.23013
82 355 5.23013
83 355 5.23013
85 355 5.16396
58 356 5.23013
59 356 5.23013
85 356 5.16396
88 356 5.43922
126 356 5.09944
58 357 5.16396
59 357 5.16396
127 357 5.03651
128 357 5.03651
142 357 5.29801
16 358 5.23013
58 358 5.16396
59 358 5.16396
106 358 4.97512
128 358 5.03651
129 358 5.03651
16 359 5.09944
44 359 4.91521
58 359 5.16396
129 359 5.03651
130 359 5.03651
14 360 5.09944
15 360 5.09944
11 361 5.03651
15 361 5.09944
83 361 5.09944
25 362 5.03651
37 362 4.91521
83 362 5.09944
84 362 5.09944
25 363 5.03651
84 363 5.09944
131 363 5.03651
101 364 4.85673
131 364 5.03651
132 364 5.03651
133 364 5.03651
50 365 4.85673
51 365 4.85673
54 365 4.79962
55 365 4.79962
101 365 4.85673
102 365 4.85673
113 365 4.91521
133 365 5.03651
134 365 5.03651
51 366 4.85673
57 366 4.91521
102 366 4.85673
103 366 4.85673
114 366 4.91521
124 366 4.91521
174 366 5.74548
180 366 5.43922
52 367 4.85673
98 367 4.74383
104 367 4.85673
122 367 4.91521
125 367 4.91521
126 367 4.91521
130 367 4.97512
173 367 5.66572
174 367 5.66572
180 367 5.43922
181 367 5.43922
98 368 4.74383
99 368 4.74383
100 368 4.74383
106 368 4.85673
107 368 4.85673
123 368 4.91521
124 368 4.91521
126 368 4.91521
127 368 4.91521
172 368 5.43922
100 369 4.74383
101 369 4.74383
102 369 4.74383
107 369 4.85673
119 369 4.85673
172 369 5.36769
173 369 5.36769
41 370 4.63607
103 370 4.74383
107 370 4.85673
119 370 4.85673
120 370 4.85673
172 370 5.36769
174 370 5.23013
175 370 5.16396
176 370 5.16396
177 370 5.16396
178 370 5.16396
41 371 4.63607
103 371 4.74383
107 371 4.79962
139 371 4.91521
174 371 5.16396
175 371 5.16396
176 371 5.16396
177 371 5.16396
178 371 5.16396
179 371 5.16396
180 371 4.97512
182 371 4.97512
26 372 4.584
41 372 4.63607
42 372 4.63607
103 372 4.74383
104 372 4.74383
153 372 4.91521
154 372 4.91521
155 372 4.85673
26 373 4.584
42 373 4.63607
43 373 4.63607
89 373 4.68933
96 373 4.63607
110 373 4.74383
121 373 4.85673
122 373 4.85673
149 373 4.85673
155 373 4.85673
156 373 4.85673
26 374 4.584
43 374 4.63607
89 374 4.68933
96 374 4.63607
97 374 4.63607
100 374 4.63607
110 374 4.74383
111 374 4.74383
119 374 4.79962
120 374 4.85673
149 374 4.85673
150 374 4.79962
156 374 4.85673
157 374 4.91521
27 375 4.584
66 375 4.584
67 375 4.584
97 375 4.63607
98 375 4.63607
111 375 4.74383
115 375 4.43459
116 375 4.43459
119 375 4.79962
120 375 4.85673
121 375 4.85673
150 375 4.79962
152 375 4.63607
153 375 4.63607
154 375 4.85673
29 376 4.53309
30 376 4.584
61 376 4.63607
66 376 4.584
67 376 4.584
99 376 4.63607
121 376 4.79962
146 376 4.85673
14 377 4.53309
30 377 4.53309
61 377 4.63607
62 377 4.63607
67 377 4.584
578 377 4.91521
579 377 4.91521
592 377 4.74383
14 378 4.53309
31 378 4.53309
32 378 4.53309
48 378 4.53309
61 378 4.584
62 378 4.584
63 378 4.584
101 378 4.63607
577 378 4.91521
578 378 4.91521
579 378 4.91521
580 378 4.85673
581 378 4.79962
582 378 4.74383
583 378 4.74383
584 378 4.74383
585 378 4.74383
586 378 4.74383
587 378 4.74383
588 378 4.74383
589 378 4.74383
591 378 4.74383
592 378 4.74383
593 378 4.74383
594 378 4.68933
14 379 4.53309
31 379 4.53309
32 379 4.53309
48 379 4.53309
62 379 4.584
63 379 4.584
89 379 4.53309
95 379 4.584
101 379 4.63607
102 379 4.63607
134 379 4.74383
154 379 4.91521
582 379 4.74383
583 379 4.74383
584 379 4.74383
585 379 4.74383
586 379 4.74383
587 379 4.74383
596 379 4.68933
32 380 4.4833
63 380 4.584
64 380 4.53309
67 380 4.53309
73 380 4.29461
89 380 4.53309
95 380 4.584
96 380 4.584
154 380 4.91521
33 381 4.4833
64 381 4.53309
65 381 4.53309
90 381 4.53309
154 381 4.91521
155 381 4.91521
34 382 4.43459
65 382 4.53309
79 382 4.29461
90 382 4.53309
154 382 4.91521
155 382 4.91521
34 383 4.43459
90 383 4.53309
91 383 4.53309
155 383 4.91521
36 384 4.34028
156 384 4.91521
37 385 4.29461
97 385 4.53309
98 385 4.4833
98 386 4.4833
99 386 4.4833
100 386 4.4833
103 386 4.43459
31 387 4.29461
95 387 4.91521
99 387 4.4833
100 387 4.43459
101 387 4.43459
124 387 4.4833
125 387 4.4833
7 388 4.34028
32 388 4.29461
94 388 4.91521
99 388 4.43459
100 388 4.43459
101 388 4.43459
125 388 4.4833
6 389 4.1632
11 389 4.24989
50 389 4.29461
101 389 4.43459
102 389 4.43459
5 390 4.1632
7 390 4.24989
50 390 4.29461
80 390 4.29461
83 390 4.29461
119 390 4.43459
4 391 4.24989
5 391 4.1632
7 391 4.1632
42 391 4.2061
50 391 4.29461
80 391 4.29461
81 391 4.34028
119 391 4.43459
120 391 4.43459
43 392 4.2061
44 392 4.2061
45 392 4.2061
80 392 4.29461
81 392 4.34028
21 393 4.63607
43 393 4.2061
44 393 4.2061
45 393 4.2061
46 393 4.2061
90 393 4.4833
49 394 4.24989
77 395 4.1632
96 395 4.29461
97 395 4.29461
14 396 4.1632
18 396 4.07997
22 396 4.07997
43 396 4.1632
48 396 4.2061
77 396 4.1632
78 396 4.1632
97 396 4.24989
98 396 4.24989
14 397 4.1632
22 397 4.07997
23 397 4.07997
49 397 4.1632
78 397 4.1632
79 397 4.1632
89 397 4.2061
14 398 4.1632
17 398 4.03959
18 398 4.03959
50 398 4.07997
51 398 4.03959
52 398 4.03959
61 398 4.03959
90 398 4.1632
96 398 4.1632
117 398 4.12116
17 399 4.03959
18 399 4.03959
90 399 4.1632
96 399 4.1632
18 400 4.03959
19 400 4.03959
49 400 4.03959
90 400 4.12116
91 400 4.12116
96 400 4.1632
97 400 4.1632
49 401 4.03959
90 401 4.12116
91 401 4.12116
97 401 4.1632
98 401 4.1632
82 402 4.03959
91 402 4.12116
98 402 4.12116
203 402 4.43459
78 403 4.07997
87 403 4.03959
92 403 4.07997
98 403 4.12116
99 403 4.12116
120 403 4.12116
203 403 4.43459
204 403 4.43459
367 403 4.43459
6 404 4.03959
7 404 4.03959
78 404 4.07997
79 404 4.03959
99 404 4.07997
100 404 4.07997
204 404 4.43459
205 404 4.43459
206 404 4.34028
7 405 4.03959
78 405 4.07997
79 405 4.03959
83 405 4.03959
102 405 4.03959
206 405 4.34028
4 406 4.03959
76 406 4.07997
79 406 4.03959
80 406 4.03959
90 406 4.03959
36 407 4.03959
53 407 4.03959
54 407 4.03959
91 407 4.03959
94 407 4.03959
95 407 4.03959
53 408 4.03959
54 408 4.03959
72 408 4.03959
95 408 4.03959
118 408 4.2061
72 409 4.03959
72 410 4.03959
108 410 4.03959
72 411 4.03959
74 411 4.03959
118 411 4.12116
118 412 4.12116
115 413 4.12116
118 413 4.12116
115 414 4.12116
118 414 4.12116
115 415 4.12116
118 415 4.12116
115 416 4.12116
519 416 4.12116
520 416 4.12116
526 416 4.12116
527 416 4.12116
115 417 4.07997
116 417 4.12116
173 417 4.07997
115 418 4.07997
116 418 4.07997
173 418 4.07997
116 419 4.07997
173 419 4.07997
174 419 4.07997
175 419 4.07997
174 420 4.07997
175 420 4.07997
117 421 4.03959
