29 3 25.4453
30 3 25.4453
38 3 25.4453
39 3 25.4453
60 3 25.4453
63 3 25.4453
64 3 25.4453
66 3 25.4453
70 3 25.4453
570 3 20.3666
571 3 20.3666
576 3 19.3986
577 3 19.3986
29 4 25.4453
60 4 25.4453
70 4 25.4453
575 4 19.3986
576 4 19.3986
577 4 19.3986
26 5 23.9521
29 5 25.4453
70 5 25.4453
71 5 25.4453
75 5 27.137
83 5 25.4453
562 5 19.3986
563 5 19.3986
577 5 19.3986
598 5 18.5185
25 6 23.9521
26 6 23.9521
71 6 25.4453
75 6 27.137
86 6 27.137
561 6 19.3986
562 6 19.3986
563 6 19.3986
576 6 19.3986
577 6 19.3986
598 6 18.5185
599 6 18.5185
36 7 25.4453
43 7 25.4453
61 7 25.4453
71 7 25.4453
86 7 27.137
562 7 19.3986
600 7 18.5185
26 8 23.9521
28 8 25.4453
36 8 25.4453
37 8 25.4453
43 8 25.4453
60 8 25.4453
71 8 25.4453
72 8 25.4453
76 8 25.4453
77 8 25.4453
562 8 19.3986
580 8 18.5185
26 9 25.4453
36 9 25.4453
45 9 25.4453
50 9 25.4453
57 9 25.4453
71 9 25.4453
72 9 25.4453
76 9 25.4453
563 9 19.3986
564 9 19.3986
602 9 18.5185
38 10 25.4453
44 10 27.137
45 10 27.137
57 10 25.4453
58 10 25.4453
71 10 25.4453
76 10 25.4453
563 10 19.3986
564 10 19.3986
27 11 25.4453
31 11 25.4453
57 11 25.4453
76 11 25.4453
564 11 19.3986
56 12 25.4453
75 12 25.4453
76 12 25.4453
599 12 18.5185
600 12 18.5185
28 13 23.9521
43 13 25.4453
44 13 25.4453
56 13 25.4453
58 13 25.4453
75 13 25.4453
564 13 19.3986
565 13 19.3986
43 14 25.4453
44 14 25.4453
46 14 25.4453
47 14 25.4453
56 14 25.4453
74 14 25.4453
75 14 25.4453
563 14 19.3986
29 15 23.9521
72 15 25.4453
74 15 25.4453
32 16 23.9521
57 16 25.4453
71 16 25.4453
72 16 25.4453
74 16 25.4453
596 16 18.5185
31 17 23.9521
32 17 23.9521
57 17 27.137
74 17 25.4453
563 17 19.3986
564 17 19.3986
565 17 19.3986
26 18 23.9521
30 18 23.9521
63 18 25.4453
74 18 25.4453
265 18 27.137
310 18 27.137
321 18 25.4453
322 18 23.9521
323 18 23.9521
563 18 19.3986
564 18 19.3986
26 19 23.9521
29 19 25.4453
32 19 23.9521
37 19 25.4453
62 19 25.4453
74 19 25.4453
315 19 27.137
316 19 25.4453
317 19 25.4453
319 19 25.4453
320 19 25.4453
321 19 25.4453
322 19 23.9521
323 19 23.9521
559 19 23.9521
564 19 19.3986
577 19 19.3986
578 19 19.3986
594 19 18.5185
32 20 23.9521
38 20 25.4453
45 20 25.4453
312 20 27.137
313 20 27.137
314 20 27.137
315 20 27.137
566 20 19.3986
28 21 25.4453
61 21 25.4453
70 21 25.4453
80 21 25.4453
267 21 27.137
268 21 27.137
270 21 27.137
271 21 27.137
273 21 25.4453
274 21 25.4453
275 21 25.4453
310 21 27.137
311 21 27.137
312 21 27.137
566 21 19.3986
595 21 18.5185
596 21 18.5185
28 22 25.4453
29 22 25.4453
35 22 25.4453
61 22 25.4453
70 22 25.4453
267 22 27.137
271 22 27.137
308 22 27.137
309 22 27.137
597 22 18.5185
29 23 25.4453
77 23 25.4453
80 23 25.4453
307 23 27.137
37 24 25.4453
72 24 25.4453
80 24 25.4453
558 24 19.3986
559 24 19.3986
600 24 18.5185
30 25 25.4453
62 25 23.9521
70 25 27.137
72 25 27.137
80 25 25.4453
558 25 19.3986
30 26 25.4453
70 26 27.137
79 26 25.4453
80 26 25.4453
165 26 36.9686
25 27 23.9521
34 27 25.4453
54 27 23.9521
66 27 25.4453
70 27 27.137
79 27 25.4453
80 27 25.4453
553 27 19.3986
557 27 19.3986
558 27 19.3986
607 27 18.5185
24 28 23.9521
25 28 23.9521
34 28 25.4453
70 28 27.137
79 28 25.4453
80 28 25.4453
551 28 19.3986
552 28 19.3986
553 28 19.3986
31 29 25.4453
33 29 25.4453
69 29 27.137
70 29 27.137
79 29 25.4453
31 30 25.4453
79 30 25.4453
173 30 40.6504
602 30 18.5185
40 31 23.9521
173 31 40.6504
607 31 18.5185
26 32 23.9521
59 32 25.4453
66 32 25.4453
67 32 25.4453
79 32 25.4453
80 32 25.4453
84 32 25.4453
26 33 23.9521
37 33 25.4453
58 33 25.4453
59 33 25.4453
79 33 25.4453
84 33 25.4453
600 33 18.5185
601 33 18.5185
33 34 25.4453
58 34 25.4453
59 34 25.4453
61 34 25.4453
74 34 25.4453
83 34 25.4453
554 34 19.3986
602 34 18.5185
607 34 18.5185
27 35 23.9521
33 35 23.9521
40 35 23.9521
55 35 23.9521
59 35 25.4453
61 35 25.4453
72 35 25.4453
73 35 25.4453
83 35 25.4453
553 35 19.3986
555 35 19.3986
556 35 19.3986
601 35 18.5185
55 36 23.9521
72 36 25.4453
73 36 25.4453
83 36 25.4453
554 36 19.3986
555 36 19.3986
34 37 25.4453
71 37 25.4453
83 37 25.4453
598 37 18.5185
28 38 23.9521
29 38 23.9521
33 38 25.4453
34 38 25.4453
70 38 25.4453
71 38 25.4453
83 38 25.4453
151 38 36.9686
551 38 19.3986
552 38 20.3666
553 38 19.3986
28 39 23.9521
71 39 25.4453
82 39 25.4453
83 39 25.4453
552 39 19.3986
553 39 19.3986
600 39 18.5185
30 40 23.9521
35 40 25.4453
67 40 25.4453
82 40 25.4453
83 40 25.4453
174 40 36.9686
552 40 19.3986
553 40 19.3986
558 40 19.3986
559 40 19.3986
599 40 18.5185
600 40 18.5185
29 41 23.9521
30 41 23.9521
43 41 23.9521
67 41 25.4453
81 41 25.4453
82 41 25.4453
174 41 36.9686
554 41 19.3986
557 41 19.3986
558 41 19.3986
66 42 25.4453
74 42 27.137
81 42 25.4453
554 42 19.3986
27 43 23.9521
38 43 25.4453
66 43 25.4453
74 43 27.137
80 43 25.4453
81 43 25.4453
554 43 19.3986
35 44 25.4453
66 44 25.4453
70 44 25.4453
555 44 19.3986
603 44 18.5185
29 45 23.9521
34 45 25.4453
35 45 25.4453
42 45 18.5185
70 45 25.4453
81 45 25.4453
556 45 19.3986
557 45 19.3986
558 45 19.3986
27 46 23.9521
45 46 25.4453
155 46 36.9686
556 46 19.3986
557 46 19.3986
560 46 20.3666
27 47 23.9521
28 47 23.9521
37 47 25.4453
45 47 25.4453
46 47 25.4453
178 47 36.9686
556 47 19.3986
557 47 19.3986
602 47 18.5185
37 48 25.4453
45 48 25.4453
82 48 25.4453
178 48 36.9686
592 48 19.3986
27 49 23.9521
32 49 25.4453
44 49 25.4453
45 49 25.4453
47 49 25.4453
75 49 25.4453
76 49 25.4453
82 49 25.4453
83 49 25.4453
154 49 36.9686
178 49 36.9686
591 49 19.3986
31 50 25.4453
32 50 25.4453
45 50 25.4453
46 50 25.4453
75 50 25.4453
76 50 25.4453
81 50 27.137
82 50 27.137
178 50 36.9686
31 51 25.4453
70 51 25.4453
556 51 18.5185
598 51 18.5185
31 52 25.4453
70 52 25.4453
81 52 25.4453
555 52 18.5185
556 52 18.5185
30 53 23.9521
31 53 23.9521
71 53 25.4453
81 53 25.4453
82 53 25.4453
607 53 18.5185
29 54 23.9521
45 54 27.137
71 54 25.4453
80 54 25.4453
81 54 25.4453
146 54 36.9686
150 54 40.6504
26 55 23.9521
29 55 23.9521
32 55 25.4453
46 55 27.137
60 55 23.9521
70 55 25.4453
80 55 25.4453
81 55 25.4453
150 55 40.6504
556 55 19.3986
608 55 18.5185
25 56 23.9521
28 56 23.9521
32 56 25.4453
35 56 23.9521
37 56 23.9521
60 56 23.9521
61 56 23.9521
69 56 25.4453
70 56 25.4453
80 56 25.4453
81 56 25.4453
154 56 40.6504
555 56 20.3666
556 56 19.3986
602 56 18.5185
25 57 23.9521
28 57 23.9521
70 57 25.4453
80 57 25.4453
81 57 25.4453
165 57 36.9686
557 57 19.3986
558 57 19.3986
25 58 23.9521
37 58 23.9521
76 58 25.4453
80 58 25.4453
81 58 25.4453
165 58 36.9686
183 58 36.9686
31 59 23.9521
37 59 23.9521
46 59 23.9521
47 59 25.4453
70 59 25.4453
77 59 27.137
78 59 25.4453
183 59 36.9686
553 59 19.3986
607 59 18.5185
22 60 23.9521
29 60 23.9521
30 60 23.9521
37 60 23.9521
46 60 23.9521
47 60 25.4453
74 60 25.4453
76 60 25.4453
77 60 27.137
78 60 27.137
183 60 36.9686
554 60 19.3986
607 60 18.5185
21 61 23.9521
22 61 23.9521
29 61 25.4453
46 61 23.9521
49 61 25.4453
183 61 36.9686
25 62 23.9521
29 62 25.4453
49 62 25.4453
73 62 25.4453
75 62 25.4453
76 62 27.137
171 62 36.9686
183 62 36.9686
597 62 18.5185
606 62 18.5185
29 63 25.4453
73 63 25.4453
171 63 36.9686
183 63 36.9686
546 63 19.3986
556 63 19.3986
22 64 23.9521
28 64 25.4453
29 64 25.4453
72 64 25.4453
73 64 25.4453
165 64 36.9686
183 64 36.9686
22 65 23.9521
72 65 23.9521
182 65 40.6504
183 65 40.6504
22 66 23.9521
26 66 23.9521
175 66 36.9686
182 66 40.6504
548 66 20.3666
549 66 20.3666
558 66 19.3986
26 67 25.4453
54 67 23.9521
71 67 25.4453
78 67 25.4453
155 67 40.6504
175 67 36.9686
182 67 40.6504
606 67 18.5185
25 68 23.9521
26 68 23.9521
70 68 25.4453
71 68 25.4453
78 68 25.4453
79 68 25.4453
182 68 40.6504
550 68 20.3666
552 68 20.3666
607 68 18.5185
46 69 25.4453
70 69 25.4453
71 69 25.4453
78 69 25.4453
79 69 25.4453
24 70 23.9521
26 70 23.9521
46 70 25.4453
70 70 25.4453
556 70 19.3986
557 70 19.3986
19 71 23.9521
26 71 23.9521
33 71 25.4453
46 71 25.4453
59 71 23.9521
81 71 25.4453
174 71 36.9686
556 71 19.3986
557 71 19.3986
558 71 19.3986
607 71 18.5185
23 72 23.9521
33 72 25.4453
36 72 23.9521
59 72 23.9521
60 72 23.9521
81 72 25.4453
174 72 36.9686
182 72 36.9686
556 72 19.3986
557 72 19.3986
558 72 19.3986
23 73 23.9521
38 73 23.9521
82 73 25.4453
181 73 36.9686
20 74 23.9521
27 74 25.4453
39 74 23.9521
82 74 25.4453
180 74 36.9686
559 74 19.3986
603 74 18.5185
20 75 23.9521
24 75 23.9521
27 75 25.4453
28 75 25.4453
39 75 23.9521
81 75 25.4453
82 75 25.4453
558 75 19.3986
559 75 19.3986
560 75 19.3986
603 75 18.5185
20 76 23.9521
36 76 23.9521
41 76 25.4453
67 76 23.9521
81 76 25.4453
82 76 25.4453
559 76 19.3986
560 76 19.3986
20 77 23.9521
40 77 25.4453
81 77 25.4453
164 77 33.8983
182 77 36.9686
20 78 23.9521
26 78 25.4453
37 78 23.9521
40 78 25.4453
43 78 25.4453
81 78 25.4453
181 78 36.9686
182 78 36.9686
562 78 19.3986
21 79 23.9521
25 79 25.4453
35 79 23.9521
43 79 25.4453
79 79 25.4453
80 79 25.4453
21 80 25.4453
35 80 23.9521
38 80 25.4453
39 80 25.4453
80 80 25.4453
29 81 25.4453
37 81 25.4453
38 81 25.4453
46 81 23.9521
61 81 25.4453
77 81 25.4453
80 81 25.4453
81 81 25.4453
164 81 36.9686
176 81 36.9686
476 81 33.8983
23 82 25.4453
29 82 25.4453
35 82 23.9521
46 82 23.9521
62 82 25.4453
76 82 25.4453
23 83 23.9521
24 83 23.9521
33 83 23.9521
46 83 23.9521
50 83 23.9521
76 83 25.4453
80 83 25.4453
176 83 36.9686
180 83 40.6504
24 84 23.9521
34 84 23.9521
46 84 23.9521
47 84 23.9521
80 84 25.4453
161 84 40.6504
176 84 36.9686
180 84 40.6504
572 84 18.5185
25 85 23.9521
29 85 25.4453
34 85 23.9521
46 85 23.9521
80 85 25.4453
161 85 40.6504
176 85 36.9686
563 85 18.5185
603 85 18.5185
604 85 18.5185
5 86 25.4453
6 86 25.4453
25 86 23.9521
46 86 23.9521
80 86 25.4453
155 86 36.9686
557 86 19.3986
558 86 19.3986
562 86 18.5185
563 86 18.5185
604 86 18.5185
5 87 25.4453
25 87 23.9521
26 87 23.9521
46 87 23.9521
50 87 25.4453
51 87 25.4453
80 87 25.4453
82 87 25.4453
5 88 25.4453
7 88 25.4453
25 88 23.9521
47 88 23.9521
50 88 25.4453
80 88 25.4453
81 88 25.4453
150 88 40.6504
558 88 19.3986
559 88 19.3986
583 88 18.5185
26 89 23.9521
31 89 25.4453
38 89 23.9521
47 89 23.9521
50 89 25.4453
78 89 25.4453
170 89 36.9686
175 89 36.9686
471 89 33.8983
558 89 19.3986
3 90 25.4453
6 90 25.4453
10 90 25.4453
26 90 23.9521
31 90 23.9521
78 90 25.4453
81 90 25.4453
149 90 40.6504
627 90 31.2989
3 91 25.4453
6 91 25.4453
10 91 25.4453
26 91 23.9521
27 91 23.9521
81 91 25.4453
82 91 25.4453
169 91 36.9686
181 91 36.9686
3 92 25.4453
6 92 25.4453
27 92 23.9521
32 92 25.4453
34 92 25.4453
81 92 25.4453
82 92 25.4453
168 92 36.9686
169 92 36.9686
175 92 36.9686
181 92 36.9686
27 93 23.9521
81 93 25.4453
149 93 40.6504
168 93 36.9686
180 93 36.9686
27 94 23.9521
28 94 23.9521
32 94 25.4453
33 94 25.4453
36 94 25.4453
82 94 25.4453
83 94 25.4453
149 94 40.6504
180 94 36.9686
213 94 50.7614
3 95 25.4453
36 95 25.4453
82 95 25.4453
83 95 25.4453
213 95 50.7614
557 95 20.3666
558 95 20.3666
561 95 20.3666
3 96 25.4453
12 96 25.4453
35 96 25.4453
36 96 25.4453
179 96 36.9686
559 96 20.3666
560 96 19.3986
561 96 20.3666
571 96 18.5185
7 97 27.137
32 97 25.4453
81 97 25.4453
179 97 36.9686
6 98 27.137
81 98 25.4453
91 98 25.4453
92 98 25.4453
179 98 36.9686
564 98 19.3986
5 99 27.137
6 99 27.137
92 99 25.4453
178 99 36.9686
179 99 36.9686
557 99 19.3986
31 100 25.4453
85 100 25.4453
91 100 25.4453
92 100 25.4453
179 100 36.9686
556 100 19.3986
557 100 19.3986
571 100 18.5185
85 101 25.4453
86 101 25.4453
91 101 25.4453
92 101 25.4453
179 101 36.9686
473 101 33.8983
37 102 25.4453
91 102 25.4453
92 102 25.4453
179 102 36.9686
473 102 33.8983
562 102 18.5185
4 103 25.4453
32 103 23.9521
37 103 25.4453
40 103 25.4453
91 103 25.4453
556 103 19.3986
561 103 18.5185
4 104 25.4453
32 104 23.9521
33 104 23.9521
58 104 25.4453
91 104 25.4453
473 104 33.8983
33 105 25.4453
58 105 25.4453
90 105 25.4453
91 105 25.4453
168 105 36.9686
183 105 36.9686
33 106 25.4453
34 106 25.4453
55 106 23.9521
77 106 25.4453
78 106 25.4453
84 106 25.4453
90 106 25.4453
91 106 25.4453
168 106 36.9686
10 107 27.137
34 107 25.4453
35 107 25.4453
84 107 25.4453
90 107 25.4453
91 107 25.4453
10 108 27.137
35 108 25.4453
36 108 25.4453
90 108 25.4453
9 109 27.137
35 109 25.4453
36 109 25.4453
89 109 25.4453
90 109 25.4453
182 109 36.9686
6 110 27.137
7 110 27.137
9 110 27.137
35 110 25.4453
36 110 25.4453
83 110 27.137
89 110 25.4453
90 110 25.4453
182 110 36.9686
6 111 27.137
7 111 27.137
38 111 25.4453
83 111 27.137
182 111 36.9686
5 112 27.137
6 112 27.137
37 112 25.4453
87 112 25.4453
571 112 19.3986
572 112 19.3986
573 112 19.3986
37 113 25.4453
87 113 25.4453
212 113 45.1467
11 114 25.4453
12 114 25.4453
37 114 25.4453
43 114 25.4453
72 114 23.9521
73 114 23.9521
90 114 25.4453
221 114 50.7614
6 115 27.137
12 115 25.4453
13 115 25.4453
37 115 25.4453
38 115 25.4453
43 115 25.4453
73 115 23.9521
90 115 25.4453
180 115 36.9686
221 115 50.7614
222 115 50.7614
473 115 33.8983
5 116 27.137
6 116 27.137
10 116 27.137
13 116 25.4453
37 116 23.9521
38 116 23.9521
42 116 25.4453
89 116 25.4453
90 116 25.4453
180 116 36.9686
221 116 50.7614
5 117 27.137
89 117 25.4453
181 117 36.9686
4 118 27.137
5 118 27.137
89 118 25.4453
181 118 36.9686
179 119 36.9686
221 119 45.1467
3 120 27.137
31 120 23.9521
37 120 25.4453
86 120 25.4453
173 120 36.9686
221 120 50.7614
86 121 25.4453
87 121 25.4453
127 121 80.9717
221 121 50.7614
86 122 25.4453
87 122 25.4453
127 122 80.9717
172 122 36.9686
173 122 36.9686
221 122 50.7614
173 123 36.9686
221 123 50.7614
32 124 23.9521
36 124 23.9521
84 124 25.4453
173 124 36.9686
181 124 36.9686
8 125 27.137
36 125 23.9521
37 125 23.9521
84 125 25.4453
134 125 80.9717
181 125 36.9686
222 125 50.7614
5 126 25.4453
6 126 25.4453
36 126 23.9521
84 126 25.4453
34 127 23.9521
82 127 25.4453
83 127 25.4453
84 127 25.4453
3 128 25.4453
82 128 25.4453
83 128 25.4453
585 128 18.5185
586 128 18.5185
3 129 25.4453
37 129 25.4453
82 129 25.4453
83 129 25.4453
586 129 18.5185
3 130 25.4453
38 130 23.9521
44 130 25.4453
87 130 25.4453
4 131 25.4453
38 131 23.9521
39 131 23.9521
86 131 25.4453
39 132 23.9521
86 132 25.4453
93 132 40.6504
224 132 50.7614
37 133 23.9521
63 133 23.9521
77 133 27.137
85 133 25.4453
93 133 40.6504
38 134 23.9521
63 134 23.9521
77 134 27.137
84 134 25.4453
85 134 25.4453
21 135 40.6504
45 135 25.4453
84 135 25.4453
85 135 25.4453
47 136 25.4453
84 136 25.4453
85 136 25.4453
227 136 45.1467
472 136 36.9686
21 137 40.6504
42 137 23.9521
81 137 25.4453
84 137 25.4453
85 137 25.4453
21 138 36.9686
50 138 25.4453
71 138 25.4453
84 138 25.4453
13 139 36.9686
22 139 36.9686
50 139 25.4453
71 139 25.4453
80 139 25.4453
81 139 25.4453
41 140 23.9521
67 140 25.4453
79 140 27.137
80 140 27.137
41 141 23.9521
67 141 25.4453
79 141 27.137
80 141 27.137
590 141 18.5185
48 142 25.4453
67 142 25.4453
79 142 27.137
107 142 40.6504
590 142 18.5185
50 144 25.4453
50 145 25.4453
80 145 25.4453
81 145 25.4453
21 146 36.9686
50 146 25.4453
77 146 25.4453
78 146 25.4453
20 147 36.9686
32 147 40.6504
50 147 25.4453
68 147 23.9521
78 147 25.4453
101 147 40.6504
49 148 25.4453
50 148 25.4453
73 148 25.4453
38 149 36.9686
49 149 25.4453
63 149 25.4453
89 149 40.6504
98 149 40.6504
49 150 25.4453
63 150 25.4453
224 150 50.7614
48 151 25.4453
49 151 25.4453
63 151 25.4453
64 151 25.4453
28 152 36.9686
48 152 25.4453
49 152 25.4453
64 152 25.4453
70 152 40.6504
225 152 50.7614
586 152 18.5185
48 153 25.4453
64 153 25.4453
69 153 40.6504
70 153 40.6504
586 153 18.5185
47 154 25.4453
48 154 25.4453
64 154 25.4453
69 154 40.6504
95 154 45.1467
47 155 25.4453
64 155 25.4453
69 155 40.6504
85 155 40.6504
89 155 40.6504
95 155 45.1467
223 155 50.7614
64 156 25.4453
65 156 25.4453
88 156 40.6504
41 157 36.9686
45 157 25.4453
46 157 25.4453
64 157 25.4453
590 157 18.5185
45 158 25.4453
63 158 25.4453
45 159 25.4453
62 159 25.4453
63 159 25.4453
80 159 40.6504
86 159 40.6504
41 160 36.9686
44 160 25.4453
45 160 25.4453
61 160 25.4453
62 160 25.4453
67 160 40.6504
86 160 40.6504
44 161 25.4453
61 161 25.4453
62 161 25.4453
67 161 40.6504
44 162 25.4453
61 162 27.137
67 162 40.6504
61 163 27.137
62 163 27.137
85 163 40.6504
45 164 25.4453
61 164 27.137
62 164 27.137
66 164 40.6504
89 164 40.6504
191 164 67.5676
46 165 25.4453
66 165 40.6504
62 166 27.137
66 166 40.6504
72 166 40.6504
83 166 40.6504
45 167 25.4453
72 167 40.6504
85 167 40.6504
163 167 36.9686
45 168 25.4453
62 168 25.4453
163 168 36.9686
40 169 25.4453
41 169 25.4453
62 169 25.4453
84 169 40.6504
40 170 25.4453
41 170 25.4453
62 170 25.4453
65 170 40.6504
220 170 50.7614
40 171 25.4453
62 171 25.4453
81 171 40.6504
69 172 40.6504
164 172 36.9686
42 173 25.4453
43 173 25.4453
65 173 36.9686
69 173 40.6504
164 173 36.9686
43 174 25.4453
66 174 36.9686
70 174 40.6504
81 174 40.6504
164 174 36.9686
43 175 25.4453
44 175 25.4453
61 175 25.4453
43 176 25.4453
44 176 25.4453
43 177 25.4453
47 177 25.4453
63 177 25.4453
80 177 40.6504
88 177 40.6504
164 177 36.9686
529 177 45.1467
530 177 45.1467
42 178 25.4453
43 178 25.4453
80 178 40.6504
164 178 36.9686
42 179 25.4453
80 179 40.6504
527 179 45.1467
42 180 25.4453
63 180 25.4453
69 180 40.6504
70 180 40.6504
42 181 25.4453
48 181 25.4453
63 181 25.4453
69 181 40.6504
70 181 40.6504
307 181 134.228
308 181 134.228
472 181 57.971
473 181 50.7614
474 181 50.7614
475 181 50.7614
476 181 45.1467
481 181 31.2989
43 182 25.4453
62 182 25.4453
63 182 25.4453
70 182 40.6504
83 182 40.6504
472 182 57.971
473 182 50.7614
474 182 50.7614
475 182 50.7614
476 182 45.1467
527 182 45.1467
528 182 45.1467
43 183 25.4453
47 183 25.4453
51 183 25.4453
63 183 25.4453
73 183 40.6504
82 183 40.6504
83 183 40.6504
166 183 36.9686
473 183 50.7614
474 183 50.7614
475 183 50.7614
43 184 25.4453
44 184 25.4453
51 184 25.4453
62 184 25.4453
63 184 25.4453
72 184 40.6504
73 184 40.6504
166 184 36.9686
26 185 36.9686
43 185 25.4453
63 185 25.4453
73 185 40.6504
232 185 50.7614
63 186 25.4453
78 186 40.6504
47 187 25.4453
63 187 25.4453
77 187 40.6504
78 187 40.6504
617 187 13.1492
47 188 25.4453
63 188 25.4453
76 188 40.6504
77 188 40.6504
616 188 13.1492
47 189 25.4453
63 189 25.4453
76 189 36.9686
476 189 80.9717
477 189 80.9717
478 189 80.9717
479 189 57.971
44 190 25.4453
76 190 36.9686
77 190 36.9686
216 190 50.7614
468 190 80.9717
469 190 67.5676
470 190 67.5676
476 190 80.9717
477 190 80.9717
478 190 80.9717
479 190 57.971
481 190 50.7614
482 190 22.6244
596 190 13.1492
597 190 13.1492
87 191 36.9686
216 191 50.7614
466 191 134.228
467 191 80.9717
468 191 80.9717
469 191 67.5676
470 191 67.5676
471 191 57.971
476 191 80.9717
477 191 80.9717
478 191 80.9717
546 191 16.2999
596 191 12.7389
597 191 13.1492
58 192 25.4453
216 192 50.7614
467 192 80.9717
468 192 80.9717
469 192 67.5676
470 192 67.5676
471 192 57.971
544 192 16.2999
595 192 12.7389
596 192 12.7389
600 192 14.0548
58 193 25.4453
74 193 36.9686
93 193 45.1467
94 193 45.1467
101 193 80.9717
172 193 40.6504
553 193 15.0943
596 193 12.7389
599 193 13.587
600 193 14.0548
610 193 14.0548
611 193 14.0548
612 193 14.0548
54 194 25.4453
74 194 36.9686
75 194 36.9686
94 194 45.1467
542 194 16.2999
552 194 15.0943
553 194 15.0943
595 194 13.1492
596 194 13.1492
599 194 14.0548
54 195 25.4453
595 195 13.1492
596 195 13.1492
540 196 16.2999
541 196 16.2999
595 196 13.1492
599 196 14.0548
595 197 13.1492
596 197 13.1492
599 197 13.587
49 198 23.9521
539 198 16.2999
595 198 13.1492
596 198 13.1492
599 198 13.587
49 199 23.9521
595 199 13.1492
596 199 13.1492
49 200 23.9521
172 200 36.9686
595 200 13.1492
599 200 13.587
49 201 23.9521
172 201 36.9686
584 201 13.1492
599 201 13.587
583 202 13.1492
584 202 13.1492
594 202 13.1492
595 202 13.1492
74 203 40.6504
172 203 36.9686
583 203 13.1492
584 203 13.1492
594 203 12.7389
595 203 12.7389
172 204 40.6504
478 204 25.4453
479 204 25.4453
595 204 12.7389
172 205 40.6504
583 205 13.1492
594 205 12.7389
595 205 12.7389
172 206 36.9686
527 206 16.2999
528 206 16.2999
529 206 16.2999
536 206 16.2999
583 206 13.1492
584 206 13.1492
594 206 12.7389
595 206 12.7389
206 207 57.971
527 207 16.2999
528 207 16.2999
535 207 16.2999
549 207 18.5185
582 207 13.1492
583 207 13.1492
584 207 13.1492
594 207 13.1492
595 207 13.1492
73 208 36.9686
488 208 25.4453
525 208 16.9779
526 208 16.2999
527 208 16.2999
528 208 16.2999
535 208 16.2999
583 208 13.1492
594 208 13.1492
595 208 13.1492
598 208 13.587
73 209 36.9686
430 209 134.228
478 209 25.4453
479 209 25.4453
488 209 25.4453
527 209 16.2999
582 209 13.1492
583 209 13.1492
594 209 13.1492
595 209 13.1492
598 209 13.587
19 210 36.9686
62 210 25.4453
73 210 36.9686
423 210 16.2999
424 210 14.556
425 210 14.556
478 210 25.4453
479 210 25.4453
582 210 13.1492
583 210 13.1492
594 210 13.1492
595 210 13.1492
598 210 13.587
19 211 36.9686
29 211 36.9686
62 211 25.4453
370 211 101.01
406 211 134.228
407 211 134.228
408 211 67.5676
409 211 31.2989
410 211 31.2989
411 211 29.0698
416 211 200
417 211 200
420 211 25.4453
421 211 23.9521
549 211 15.674
581 211 13.1492
582 211 13.1492
583 211 13.1492
19 212 36.9686
28 212 36.9686
29 212 36.9686
62 212 25.4453
532 212 16.9779
533 212 16.9779
581 212 13.1492
582 212 13.1492
19 213 36.9686
62 213 25.4453
73 213 40.6504
74 213 40.6504
371 213 101.01
496 213 17.7148
515 213 18.5185
532 213 16.9779
533 213 16.9779
19 214 36.9686
43 214 25.4453
74 214 40.6504
218 214 50.7614
490 214 22.6244
491 214 21.4362
492 214 21.4362
493 214 21.4362
43 215 25.4453
60 215 25.4453
74 215 40.6504
218 215 50.7614
383 215 200
384 215 134.228
393 215 31.2989
490 215 22.6244
491 215 21.4362
492 215 21.4362
627 215 12.7389
628 215 12.7389
43 216 25.4453
60 216 25.4453
74 216 40.6504
218 216 50.7614
383 216 200
385 216 134.228
386 216 101.01
542 216 15.674
543 216 15.674
624 216 13.1492
626 216 12.7389
627 216 12.7389
28 217 40.6504
43 217 25.4453
44 217 25.4453
60 217 25.4453
74 217 40.6504
151 217 50.7614
172 217 40.6504
624 217 13.1492
625 217 13.1492
626 217 12.7389
627 217 12.7389
44 218 25.4453
60 218 25.4453
73 218 40.6504
74 218 40.6504
218 218 50.7614
625 218 13.1492
626 218 13.1492
44 219 25.4453
59 219 25.4453
73 219 40.6504
74 219 40.6504
257 219 57.971
625 219 13.1492
626 219 13.1492
630 219 12.7389
59 220 25.4453
73 220 36.9686
74 220 36.9686
219 220 57.971
515 220 19.3986
31 221 23.9521
32 221 23.9521
59 221 25.4453
73 221 36.9686
74 221 36.9686
514 221 19.3986
515 221 19.3986
525 221 17.7148
526 221 17.7148
19 222 36.9686
31 222 23.9521
32 222 23.9521
43 222 25.4453
59 222 25.4453
73 222 36.9686
467 222 25.4453
468 222 25.4453
586 222 13.1492
587 222 13.1492
15 223 29.0698
19 223 36.9686
32 223 23.9521
43 223 25.4453
59 223 25.4453
73 223 40.6504
447 223 45.1467
448 223 45.1467
585 223 13.1492
586 223 13.1492
587 223 13.1492
612 223 13.1492
613 223 12.7389
614 223 12.7389
615 223 12.7389
616 223 12.7389
19 224 36.9686
44 224 25.4453
59 224 25.4453
60 224 25.4453
484 224 22.6244
585 224 13.1492
586 224 13.1492
612 224 12.7389
613 224 12.7389
614 224 12.7389
615 224 12.7389
25 225 31.2989
60 225 25.4453
73 225 40.6504
74 225 40.6504
482 225 22.6244
483 225 22.6244
484 225 22.6244
585 225 13.1492
613 225 12.7389
614 225 12.7389
45 226 25.4453
60 226 25.4453
74 226 40.6504
167 226 36.9686
168 226 36.9686
483 226 22.6244
484 226 22.6244
594 226 13.1492
595 226 13.1492
613 226 12.7389
15 227 29.0698
19 227 36.9686
25 227 31.2989
27 227 22.6244
28 227 22.6244
60 227 25.4453
74 227 40.6504
168 227 36.9686
594 227 13.1492
595 227 13.1492
25 228 31.2989
27 228 22.6244
28 228 22.6244
30 228 22.6244
60 228 25.4453
175 228 36.9686
502 228 20.3666
506 228 16.9779
585 228 13.1492
586 228 13.1492
15 229 29.0698
28 229 22.6244
30 229 22.6244
59 229 25.4453
60 229 25.4453
482 229 22.6244
483 229 22.6244
484 229 22.6244
502 229 20.3666
515 229 25.4453
526 229 16.9779
527 229 16.9779
528 229 16.9779
585 229 13.1492
586 229 13.1492
28 230 22.6244
54 230 25.4453
59 230 25.4453
60 230 25.4453
74 230 36.9686
179 230 36.9686
479 230 23.9521
501 230 20.3666
526 230 16.9779
527 230 16.9779
530 230 16.2999
531 230 16.2999
542 230 15.674
543 230 15.674
585 230 13.1492
586 230 13.1492
28 231 22.6244
30 231 22.6244
59 231 25.4453
60 231 25.4453
456 231 29.0698
470 231 23.9521
471 231 23.9521
501 231 20.3666
504 231 19.3986
526 231 16.9779
531 231 16.2999
532 231 16.2999
542 231 15.674
543 231 15.674
585 231 12.7389
586 231 12.7389
28 232 22.6244
60 232 23.9521
471 232 23.9521
526 232 16.9779
585 232 12.7389
586 232 12.7389
28 233 22.6244
31 233 22.6244
61 233 23.9521
532 233 16.2999
586 233 13.1492
17 234 29.0698
28 234 22.6244
29 234 22.6244
31 234 22.6244
61 234 23.9521
62 234 23.9521
506 234 19.3986
567 234 14.0548
568 234 14.0548
569 234 13.587
570 234 13.587
596 234 12.7389
636 234 10.4548
637 234 10.4548
12 235 31.2989
17 235 29.0698
28 235 22.6244
29 235 22.6244
69 235 27.137
506 235 19.3986
566 235 14.0548
567 235 14.0548
568 235 14.0548
569 235 13.587
586 235 13.1492
597 235 12.7389
635 235 10.4548
636 235 10.4548
637 235 10.4548
12 236 31.2989
17 236 29.0698
29 236 22.6244
43 236 23.9521
69 236 27.137
70 236 27.137
533 236 16.2999
566 236 14.0548
567 236 14.0548
568 236 14.0548
573 236 13.587
574 236 13.587
586 236 13.1492
597 236 12.7389
636 236 10.4548
637 236 10.4548
17 237 29.0698
43 237 23.9521
55 237 23.9521
70 237 27.137
524 237 16.9779
525 237 16.9779
526 237 16.9779
533 237 16.2999
565 237 14.0548
566 237 14.0548
567 237 14.0548
568 237 14.0548
574 237 13.587
575 237 13.587
586 237 13.1492
587 237 13.1492
597 237 12.7389
43 238 23.9521
55 238 23.9521
85 238 27.137
506 238 19.3986
507 238 19.3986
515 238 21.4362
516 238 21.4362
517 238 20.3666
518 238 20.3666
519 238 19.3986
520 238 18.5185
521 238 18.5185
522 238 17.7148
526 238 16.9779
565 238 14.0548
566 238 14.0548
567 238 14.0548
575 238 13.587
576 238 13.587
586 238 13.1492
597 238 12.7389
43 239 23.9521
85 239 27.137
86 239 27.137
506 239 19.3986
507 239 19.3986
566 239 14.0548
576 239 13.1492
586 239 13.1492
597 239 12.7389
44 240 23.9521
55 240 25.4453
507 240 19.3986
565 240 14.0548
566 240 14.0548
586 240 13.1492
597 240 12.7389
62 241 25.4453
96 241 27.137
534 241 16.2999
565 241 14.0548
566 241 14.0548
576 241 13.1492
577 241 13.1492
586 241 13.1492
597 241 12.7389
628 241 11.9904
629 241 11.6482
32 242 22.6244
534 242 16.2999
565 242 14.0548
576 242 13.587
577 242 13.587
585 242 13.1492
586 242 13.1492
587 242 13.1492
597 242 12.7389
618 242 16.2999
619 242 16.2999
620 242 15.674
621 242 15.0943
622 242 15.0943
623 242 14.556
624 242 14.0548
625 242 13.1492
626 242 12.7389
627 242 11.9904
628 242 11.9904
629 242 11.6482
630 242 11.6482
631 242 11.325
633 242 11.0193
634 242 10.7296
635 242 10.4548
636 242 10.1937
637 242 9.70874
505 243 19.3986
564 243 14.0548
565 243 14.0548
566 243 14.0548
585 243 13.1492
586 243 13.1492
587 243 13.1492
596 243 12.7389
597 243 12.7389
630 243 11.6482
631 243 11.325
632 243 11.0193
633 243 11.0193
634 243 10.7296
635 243 10.4548
637 243 9.70874
9 244 22.6244
12 244 22.6244
564 244 14.0548
565 244 14.0548
566 244 14.0548
597 244 12.7389
632 244 11.0193
633 244 11.0193
634 244 10.7296
9 245 22.6244
13 245 22.6244
14 245 22.6244
31 245 22.6244
42 245 23.9521
564 245 14.0548
565 245 14.0548
566 245 14.0548
573 245 13.587
628 245 11.0193
8 246 22.6244
19 246 22.6244
31 246 22.6244
530 246 16.9779
531 246 16.9779
571 246 13.587
572 246 13.587
575 246 13.587
624 246 11.325
625 246 11.325
626 246 11.325
8 247 22.6244
9 247 22.6244
25 247 22.6244
566 247 14.0548
575 247 13.587
576 247 13.587
616 247 11.325
8 248 22.6244
9 248 22.6244
13 248 23.9521
25 248 22.6244
41 248 23.9521
43 248 23.9521
537 248 16.2999
538 248 16.2999
539 248 16.2999
566 248 14.0548
576 248 13.587
577 248 13.587
614 248 11.325
616 248 11.325
617 248 11.325
618 248 11.0193
629 248 10.7296
29 249 22.6244
417 249 20.3666
418 249 20.3666
537 249 16.2999
538 249 16.2999
565 249 14.0548
566 249 14.0548
576 249 13.587
614 249 11.325
615 249 11.325
616 249 11.325
627 249 10.7296
628 249 10.7296
629 249 10.7296
537 250 16.2999
538 250 16.2999
565 250 14.0548
566 250 14.0548
567 250 14.0548
576 250 13.587
577 250 13.587
614 250 11.325
528 251 16.9779
529 251 16.9779
530 251 16.9779
613 251 11.325
614 251 11.325
629 251 10.7296
576 252 13.587
614 252 11.325
629 252 10.7296
612 253 11.325
613 253 11.325
573 256 14.0548
574 256 14.0548
612 256 11.6482
573 257 14.0548
574 257 14.0548
621 257 11.0193
260 258 15.0943
619 259 11.0193
620 259 11.325
622 260 11.0193
623 260 11.325
574 261 13.587
622 263 11.325
623 263 11.325
622 264 11.0193
623 264 11.0193
622 265 11.0193
623 265 11.0193
250 266 13.1492
623 266 11.0193
227 268 13.1492
621 269 11.325
622 269 11.325
621 270 11.325
615 271 11.325
616 271 11.325
434 272 13.1492
435 272 13.1492
436 272 13.1492
437 272 13.1492
438 272 13.1492
439 272 13.1492
440 272 12.3533
615 272 11.325
616 272 11.325
440 273 12.3533
441 273 12.3533
616 273 11.6482
175 274 11.9904
630 274 11.0193
631 274 11.0193
632 274 11.0193
69 275 14.0548
616 275 11.325
631 275 11.0193
632 275 11.0193
240 276 11.6482
488 276 11.9904
616 276 11.325
617 276 11.325
637 276 10.4548
149 277 10.7296
226 277 11.6482
240 277 11.6482
241 277 11.6482
617 277 11.325
149 278 10.7296
618 278 11.325
619 278 11.325
620 278 11.0193
145 279 10.4548
214 279 11.325
533 279 10.7296
534 279 10.7296
535 279 10.7296
550 279 11.325
551 279 11.325
552 279 11.0193
553 279 11.0193
554 279 11.0193
145 280 10.4548
155 280 10.7296
548 280 11.6482
549 280 11.325
550 280 11.325
551 280 11.325
155 281 10.7296
156 281 10.7296
228 281 10.7296
213 282 10.4548
213 283 10.4548
208 285 10.1937
210 285 10.1937
185 286 10.1937
186 286 10.1937
210 286 10.1937
155 287 9.9453
186 287 10.1937
155 288 9.9453
156 288 9.9453
231 288 9.9453
232 288 9.9453
532 288 10.1937
175 289 9.9453
459 290 9.48317
460 290 9.48317
461 290 9.48317
462 290 9.48317
141 291 9.70874
544 291 10.4548
545 291 10.1937
546 291 10.1937
547 291 9.9453
548 291 9.9453
549 291 9.70874
550 291 9.48317
553 291 9.06207
569 291 9.70874
570 291 9.70874
571 291 9.70874
572 291 9.26784
547 292 9.9453
548 292 9.9453
549 292 9.70874
550 292 9.48317
551 292 9.26784
552 292 9.06207
553 292 9.06207
554 292 8.86525
555 292 8.86525
556 292 8.67679
182 294 9.06207
192 294 9.06207
218 294 9.06207
178 295 9.06207
183 295 9.06207
188 295 9.06207
193 295 9.06207
215 295 9.06207
589 295 8.86525
590 295 8.86525
591 295 8.86525
131 296 9.26784
145 296 9.26784
178 296 9.06207
179 296 9.06207
188 296 9.06207
189 296 9.06207
215 296 9.06207
216 296 9.06207
131 297 9.26784
135 297 9.06207
175 297 10.4548
179 297 9.06207
180 297 9.06207
189 297 9.06207
190 297 9.06207
600 297 8.32293
136 298 9.06207
145 298 9.06207
180 298 9.06207
181 298 9.06207
190 298 8.86525
205 298 8.86525
145 299 9.06207
610 299 9.26784
611 299 9.26784
627 299 8.86525
112 300 8.49618
113 300 8.49618
142 300 8.86525
163 300 8.86525
190 300 8.86525
107 301 8.49618
108 301 8.49618
190 301 8.67679
191 301 8.67679
200 301 8.49618
201 301 8.49618
108 302 8.49618
117 302 8.67679
201 302 8.32293
202 302 8.32293
629 302 8.86525
630 302 8.67679
631 302 8.67679
632 302 8.67679
129 303 8.49618
201 303 8.32293
202 303 8.32293
205 303 8.32293
581 303 8.67679
582 303 8.67679
630 303 8.67679
108 304 8.32293
129 304 8.49618
130 304 8.49618
203 304 8.32293
580 304 8.67679
581 304 8.67679
582 304 8.67679
108 305 8.32293
125 305 8.32293
126 305 8.32293
134 305 8.49618
154 305 8.49618
192 305 8.15661
117 306 8.32293
126 306 8.32293
148 306 8.32293
117 307 8.32293
118 307 8.32293
148 307 8.32293
66 308 7.84314
179 308 7.69527
186 308 8.15661
190 308 8.15661
191 308 8.15661
66 309 7.84314
106 309 7.9968
124 309 7.9968
125 309 7.9968
143 309 7.9968
144 309 7.9968
179 309 7.69527
186 309 8.15661
66 310 7.84314
83 310 7.84314
102 310 7.84314
103 310 7.84314
145 310 7.9968
64 311 7.84314
80 311 7.84314
83 311 7.84314
103 311 7.84314
120 311 7.84314
121 311 7.84314
133 311 7.9968
134 311 7.9968
138 311 7.84314
142 311 7.84314
80 312 7.84314
83 312 7.84314
121 312 7.84314
138 312 7.84314
80 313 7.84314
95 313 7.69527
68 314 7.84314
96 314 7.69527
125 314 7.55287
126 314 7.55287
126 315 7.55287
188 315 7.41565
189 315 7.28332
198 315 7.55287
124 316 7.55287
171 316 7.41565
186 316 7.41565
187 316 7.41565
189 316 7.28332
190 316 7.28332
191 316 7.28332
86 317 7.28332
118 317 7.55287
185 317 7.28332
191 317 7.28332
207 317 7.69527
208 317 7.69527
62 318 7.41565
136 318 7.03235
141 318 7.03235
184 318 7.28332
185 318 7.28332
186 318 7.28332
102 319 7.55287
103 319 7.55287
163 319 7.15564
169 319 7.15564
170 319 7.15564
184 319 7.28332
185 319 7.28332
186 319 7.15564
187 319 7.15564
188 319 7.03235
66 320 7.15564
122 320 7.03235
133 320 6.91324
134 320 7.03235
170 320 7.15564
47 321 7.15564
60 321 7.41565
61 321 7.41565
62 321 7.41565
65 321 7.15564
108 321 7.15564
109 321 7.15564
122 321 7.03235
134 321 6.91324
154 321 7.03235
51 322 7.03235
52 322 7.03235
69 322 7.03235
99 322 7.03235
109 322 7.15564
129 322 6.91324
153 322 7.03235
154 322 7.03235
155 322 7.03235
180 322 7.15564
52 323 7.03235
95 323 7.03235
96 323 7.03235
104 323 6.91324
105 323 6.91324
131 323 6.91324
154 323 7.03235
155 323 7.03235
178 323 7.15564
179 323 7.15564
180 323 7.15564
198 323 6.91324
199 323 6.91324
96 324 7.03235
105 324 6.7981
178 324 7.15564
179 324 7.15564
199 324 6.91324
200 324 6.91324
105 325 6.7981
108 325 6.91324
107 326 6.91324
108 326 6.91324
109 326 6.91324
108 327 6.91324
109 327 6.91324
506 327 7.28332
517 327 6.91324
518 327 6.68673
200 328 6.68673
507 328 7.15564
508 328 7.03235
509 328 7.03235
510 328 7.03235
511 328 7.03235
512 328 6.91324
513 328 6.91324
514 328 6.68673
515 328 6.91324
516 328 6.91324
517 328 6.68673
518 328 6.57895
519 328 6.57895
509 329 7.03235
510 329 7.03235
511 329 7.03235
512 329 6.91324
513 329 6.91324
514 329 6.68673
515 329 6.91324
516 329 6.91324
517 329 6.68673
518 329 6.57895
519 329 6.47459
520 329 6.27549
521 329 6.08828
6 330 6.57895
45 330 6.57895
46 330 6.57895
166 330 6.47459
516 330 6.57895
520 330 6.18047
521 330 6.08828
522 330 6.08828
41 331 6.57895
42 331 6.57895
46 331 6.57895
66 331 6.47459
69 331 6.57895
70 331 6.57895
166 331 6.47459
167 331 6.47459
521 331 6.08828
522 331 6.08828
523 331 5.9988
42 332 6.57895
43 332 6.57895
68 332 6.57895
70 332 6.57895
106 332 6.27549
116 332 6.37349
167 332 6.47459
168 332 6.47459
106 333 6.27549
193 333 6.57895
76 334 6.47459
106 334 6.27549
157 334 6.47459
56 335 6.37349
57 335 6.37349
71 335 6.47459
72 335 6.47459
157 335 6.47459
158 335 6.47459
57 336 6.37349
72 336 6.47459
73 336 6.47459
102 336 6.18047
143 336 6.18047
143 337 6.18047
144 337 6.18047
50 338 6.27549
51 338 6.27549
69 338 6.27549
117 338 6.08828
189 338 6.27549
18 339 6.18047
51 339 6.27549
117 339 6.08828
167 339 6.18047
66 340 6.08828
113 340 6.08828
114 340 6.08828
167 340 6.18047
58 341 5.82751
62 341 5.91191
66 341 6.08828
113 341 6.08828
114 341 6.08828
14 342 6.08828
20 342 6.08828
29 342 5.9988
58 342 5.82751
59 342 5.82751
113 342 6.08828
114 342 6.08828
11 343 5.9988
14 343 6.08828
15 343 6.08828
46 344 5.91191
109 344 5.9988
10 345 5.82751
46 345 5.91191
55 345 5.91191
109 345 5.9988
110 345 5.9988
133 345 5.82751
10 346 5.74548
11 346 5.74548
16 346 5.82751
55 346 5.91191
56 346 5.91191
110 346 5.9988
11 347 5.74548
12 347 5.74548
13 347 5.74548
39 347 5.91191
42 347 5.58815
13 348 5.74548
14 348 5.74548
34 348 5.74548
41 348 5.58815
42 348 5.58815
42 349 5.58815
43 349 5.58815
141 349 5.74548
43 350 5.58815
109 350 5.36769
114 350 5.51268
141 350 5.74548
109 351 5.36769
113 351 5.51268
4 352 5.51268
8 352 5.51268
105 352 5.36769
109 352 5.36769
129 352 5.43922
130 352 5.43922
184 352 5.74548
3 353 5.51268
4 353 5.51268
5 353 5.51268
8 353 5.51268
9 353 5.51268
31 353 5.58815
32 353 5.58815
33 353 5.58815
105 353 5.36769
106 353 5.36769
126 353 5.43922
127 353 5.43922
176 353 5.58815
3 354 5.43922
4 354 5.51268
5 354 5.51268
31 354 5.58815
32 354 5.58815
126 354 5.43922
127 354 5.43922
128 354 5.43922
176 354 5.58815
177 354 5.58815
4 355 5.43922
5 355 5.43922
6 355 5.43922
113 355 5.51268
117 355 5.29801
118 355 5.29801
128 355 5.43922
129 355 5.43922
147 355 5.36769
177 355 5.58815
178 355 5.58815
179 355 5.51268
91 356 4.4833
118 356 5.29801
164 356 5.51268
165 356 5.51268
166 356 5.51268
28 357 5.16396
31 357 5.16396
48 357 5.16396
91 357 4.4833
173 357 5.51268
28 358 5.16396
31 358 5.16396
48 358 5.16396
17 359 5.16396
18 359 5.16396
21 359 5.09944
22 359 5.23013
31 359 5.16396
32 359 5.16396
59 359 5.09944
115 359 5.36769
18 360 5.16396
26 360 5.16396
31 360 5.09944
32 360 5.09944
19 361 5.16396
54 361 5.09944
134 362 5.23013
129 363 5.74548
134 363 5.23013
135 363 5.23013
134 364 5.23013
135 364 5.23013
136 364 5.23013
153 364 5.23013
106 365 4.85673
124 365 5.09944
125 365 5.09944
97 366 4.74383
109 366 5.03651
110 366 5.03651
124 366 5.09944
125 366 5.09944
126 366 5.03651
115 367 4.97512
125 367 5.09944
126 367 5.03651
127 367 5.03651
128 367 5.03651
129 367 5.03651
130 367 5.03651
131 367 5.03651
114 368 4.97512
115 368 4.97512
128 368 5.03651
129 368 5.03651
130 368 5.03651
131 368 5.03651
132 368 5.03651
36 369 4.74383
115 369 4.97512
36 370 4.74383
133 370 5.03651
151 370 5.09944
36 371 4.74383
39 371 4.79962
40 371 4.79962
41 371 4.79962
93 371 4.68933
133 371 4.97512
93 372 4.68933
130 372 4.97512
93 373 4.68933
104 373 4.79962
131 373 4.97512
104 374 4.68933
95 375 4.584
98 375 4.584
104 375 4.68933
105 375 4.68933
123 375 4.85673
124 375 4.85673
105 376 4.68933
124 376 4.85673
36 377 4.63607
93 377 4.53309
102 377 4.68933
137 377 4.79962
138 377 4.79962
139 377 4.79962
33 378 4.63607
36 378 4.63607
93 378 4.53309
103 378 4.68933
33 379 4.63607
93 379 4.53309
94 379 4.53309
97 379 4.63607
103 379 4.68933
90 380 4.53309
91 380 4.53309
104 380 4.63607
134 380 4.74383
39 381 4.584
97 381 4.63607
148 381 4.74383
163 381 5.03651
164 381 5.03651
26 383 4.34028
102 383 4.53309
105 383 4.4833
106 383 4.4833
149 383 4.74383
162 383 5.03651
163 383 5.03651
26 384 4.34028
106 384 4.4833
27 385 4.29461
89 385 4.4833
107 385 4.4833
144 385 4.63607
27 386 4.29461
28 386 4.29461
89 386 4.4833
144 386 4.63607
27 387 4.29461
29 387 4.29461
52 387 4.24989
87 387 4.43459
536 387 4.85673
537 387 4.85673
87 388 4.43459
102 388 4.4833
80 389 4.2061
88 389 4.43459
93 389 4.12116
106 389 4.43459
80 390 4.1632
81 390 4.1632
106 390 4.43459
107 390 4.43459
444 390 4.74383
49 391 4.03959
80 391 4.1632
81 391 4.1632
82 391 4.1632
82 392 4.1632
83 392 4.1632
93 392 4.29461
98 392 4.2061
60 393 4.12116
84 393 4.1632
99 393 4.2061
65 394 4.1632
85 394 4.12116
88 394 4.2061
89 395 4.2061
107 395 4.38693
108 395 4.38693
27 396 4.1632
281 396 4.68933
27 397 4.1632
352 397 4.53309
27 398 4.1632
86 398 4.12116
352 398 4.53309
353 398 4.53309
354 398 4.53309
85 399 4.12116
86 399 4.12116
87 399 4.12116
142 399 4.85673
146 399 4.53309
147 399 4.53309
148 399 4.53309
149 399 4.53309
354 399 4.53309
71 400 4.07997
74 400 4.07997
81 400 4.07997
86 400 4.12116
87 400 4.12116
88 400 4.12116
140 400 4.4833
149 400 4.53309
41 401 4.03959
46 401 4.03959
71 401 4.07997
72 401 4.07997
138 401 4.43459
149 401 4.53309
376 401 4.53309
377 401 4.53309
46 402 4.03959
75 402 4.03959
138 402 4.43459
139 402 4.43459
150 402 4.4833
151 402 4.4833
46 403 4.03959
71 403 4.03959
75 403 4.03959
76 403 4.03959
77 403 4.03959
82 403 4.1632
84 403 4.1632
92 403 4.2061
93 403 4.12116
95 403 4.07997
96 403 4.07997
139 403 4.43459
140 403 4.43459
598 403 4.43459
599 403 4.43459
72 404 4.03959
76 404 4.03959
77 404 4.03959
137 404 4.43459
141 404 4.43459
142 404 4.38693
143 404 4.34028
144 404 4.38693
150 404 4.43459
151 404 4.43459
42 405 4.03959
43 405 4.03959
51 405 4.03959
53 405 4.03959
65 405 4.4833
72 405 4.03959
78 405 4.03959
137 405 4.43459
138 405 4.43459
142 405 4.38693
143 405 4.34028
144 405 4.38693
145 405 4.38693
146 405 4.34028
147 405 4.24989
148 405 4.2061
149 405 4.2061
150 405 4.2061
53 406 4.03959
72 406 4.03959
73 406 4.03959
141 406 4.34028
142 406 4.34028
145 406 4.38693
68 407 4.03959
69 407 4.03959
70 407 4.03959
71 407 4.03959
69 408 4.03959
93 408 4.03959
139 408 4.03959
140 408 4.03959
141 408 4.03959
575 408 4.29461
117 409 4.12116
424 409 4.29461
109 410 4.03959
110 410 4.03959
118 410 4.12116
65 411 4.38693
110 411 4.03959
112 411 4.03959
113 411 4.03959
114 411 4.03959
367 411 4.24989
64 412 4.38693
69 412 4.03959
70 412 4.03959
105 412 4.03959
113 412 4.03959
114 412 4.03959
115 412 4.03959
69 413 4.03959
70 413 4.03959
92 413 4.68933
103 413 4.03959
104 413 4.03959
105 413 4.03959
106 413 4.03959
113 413 4.03959
114 413 4.03959
119 413 4.12116
338 413 4.24989
339 413 4.24989
69 414 4.03959
70 414 4.03959
91 414 4.68933
92 414 4.68933
101 414 4.07997
102 414 4.03959
103 414 4.03959
106 414 4.03959
119 414 4.12116
120 414 4.12116
101 415 4.07997
102 415 4.03959
111 415 4.03959
120 415 4.12116
112 416 4.03959
332 416 4.2061
333 416 4.2061
277 417 4.1632
631 417 4.07997
632 417 4.07997
633 417 4.03959
634 417 4.03959
635 417 4.03959
637 417 4.03959
592 418 4.07997
593 418 4.07997
631 418 4.07997
632 418 4.07997
633 418 4.03959
634 418 4.03959
635 418 4.03959
636 418 4.03959
637 418 4.03959
111 419 4.03959
238 419 4.12116
239 419 4.12116
111 420 4.03959
112 420 4.03959
239 420 4.12116
112 421 4.03959
118 421 4.07997
112 422 4.03959
116 422 4.07997
118 422 4.07997
119 422 4.07997
113 423 4.03959
113 424 4.03959
245 424 4.03959
40 426 4.03959
39 427 4.03959
37 428 4.03959
38 428 4.03959
251 428 4.03959
36 429 4.03959
37 429 4.03959
34 431 4.03959
