45 3 23.9521
65 3 23.9521
574 3 18.5185
575 3 18.5185
576 3 18.5185
577 3 17.7148
591 3 17.7148
16 4 23.9521
45 4 23.9521
64 4 23.9521
65 4 23.9521
574 4 18.5185
575 4 17.7148
576 4 17.7148
577 4 17.7148
15 5 23.9521
31 5 25.4453
32 5 23.9521
33 5 23.9521
35 5 23.9521
44 5 23.9521
45 5 23.9521
50 5 23.9521
64 5 23.9521
65 5 23.9521
32 6 23.9521
34 6 23.9521
63 6 23.9521
64 6 23.9521
609 6 17.7148
610 6 17.7148
16 7 22.6244
17 7 22.6244
24 7 22.6244
45 7 23.9521
52 7 23.9521
53 7 23.9521
63 7 23.9521
64 7 23.9521
574 7 18.5185
575 7 18.5185
576 7 18.5185
608 7 17.7148
609 7 17.7148
18 8 22.6244
19 8 22.6244
45 8 23.9521
46 8 23.9521
52 8 23.9521
61 8 23.9521
63 8 23.9521
572 8 19.3986
574 8 18.5185
575 8 18.5185
13 9 23.9521
17 9 22.6244
18 9 22.6244
45 9 23.9521
46 9 23.9521
47 9 23.9521
52 9 23.9521
63 9 23.9521
312 9 25.4453
575 9 18.5185
13 10 23.9521
17 10 23.9521
47 10 23.9521
51 10 23.9521
63 10 23.9521
262 10 25.4453
322 10 23.9521
569 10 23.9521
607 10 17.7148
609 10 17.7148
13 11 23.9521
16 11 23.9521
19 11 23.9521
63 11 23.9521
315 11 25.4453
316 11 25.4453
318 11 23.9521
319 11 23.9521
320 11 23.9521
321 11 23.9521
322 11 23.9521
567 11 22.6244
577 11 18.5185
608 11 17.7148
610 11 17.7148
611 11 16.9779
26 12 25.4453
312 12 25.4453
313 12 25.4453
314 12 25.4453
315 12 25.4453
317 12 23.9521
318 12 23.9521
320 12 23.9521
322 12 23.9521
577 12 18.5185
608 12 17.7148
609 12 17.7148
610 12 17.7148
15 13 23.9521
22 13 23.9521
33 13 27.137
49 13 23.9521
50 13 23.9521
70 13 25.4453
265 13 25.4453
267 13 23.9521
268 13 23.9521
270 13 25.4453
271 13 25.4453
272 13 25.4453
309 13 25.4453
310 13 25.4453
311 13 25.4453
569 13 17.7148
610 13 17.7148
16 14 23.9521
22 14 23.9521
23 14 23.9521
49 14 23.9521
59 14 23.9521
263 14 27.137
264 14 27.137
265 14 25.4453
268 14 23.9521
270 14 25.4453
271 14 25.4453
272 14 25.4453
307 14 25.4453
308 14 25.4453
309 14 25.4453
569 14 17.7148
614 14 17.7148
16 15 23.9521
50 15 23.9521
51 15 23.9521
67 15 23.9521
70 15 23.9521
276 15 23.9521
306 15 27.137
307 15 25.4453
308 15 25.4453
609 15 17.7148
614 15 17.7148
615 15 16.9779
17 16 23.9521
61 16 23.9521
69 16 23.9521
70 16 23.9521
278 16 23.9521
304 16 29.0698
305 16 27.137
306 16 27.137
614 16 17.7148
621 16 16.9779
17 17 23.9521
60 17 23.9521
61 17 23.9521
69 17 23.9521
303 17 29.0698
568 17 18.5185
596 17 16.9779
617 17 16.9779
621 17 16.9779
622 17 16.9779
17 18 22.6244
59 18 23.9521
60 18 23.9521
69 18 23.9521
70 18 23.9521
562 18 18.5185
563 18 18.5185
564 18 18.5185
568 18 18.5185
569 18 18.5185
614 18 17.7148
616 18 16.9779
11 19 22.6244
21 19 23.9521
22 19 23.9521
30 19 23.9521
42 19 22.6244
45 19 23.9521
55 19 23.9521
59 19 23.9521
60 19 23.9521
69 19 23.9521
70 19 23.9521
561 19 18.5185
562 19 18.5185
563 19 18.5185
564 19 18.5185
11 20 22.6244
15 20 23.9521
16 20 23.9521
21 20 23.9521
24 20 23.9521
30 20 23.9521
59 20 25.4453
69 20 25.4453
294 20 25.4453
616 20 16.9779
16 21 23.9521
18 21 23.9521
20 21 23.9521
21 21 23.9521
59 21 25.4453
69 21 25.4453
160 21 36.9686
570 21 18.5185
617 21 16.9779
620 21 16.9779
622 21 17.7148
18 22 23.9521
59 22 25.4453
69 22 25.4453
563 22 18.5185
564 22 18.5185
569 22 18.5185
570 22 18.5185
27 23 23.9521
46 23 23.9521
62 23 23.9521
69 23 25.4453
618 23 17.7148
17 24 22.6244
28 24 23.9521
48 24 23.9521
55 24 23.9521
56 24 23.9521
61 24 23.9521
69 24 25.4453
12 25 22.6244
16 25 22.6244
25 25 23.9521
47 25 23.9521
48 25 23.9521
55 25 23.9521
56 25 23.9521
69 25 25.4453
73 25 25.4453
74 25 25.4453
564 25 18.5185
614 25 17.7148
615 25 17.7148
620 25 16.9779
621 25 17.7148
24 26 23.9521
33 26 22.6244
47 26 23.9521
48 26 23.9521
57 26 23.9521
63 26 23.9521
69 26 25.4453
73 26 25.4453
565 26 18.5185
566 26 18.5185
13 27 22.6244
17 27 22.6244
18 27 22.6244
20 27 23.9521
43 27 23.9521
47 27 23.9521
49 27 23.9521
62 27 23.9521
63 27 23.9521
69 27 25.4453
73 27 25.4453
147 27 36.9686
564 27 18.5185
565 27 18.5185
13 28 22.6244
28 28 27.137
43 28 23.9521
48 28 23.9521
49 28 23.9521
61 28 23.9521
62 28 23.9521
63 28 23.9521
73 28 25.4453
611 28 17.7148
20 29 23.9521
21 29 23.9521
22 29 23.9521
30 29 27.137
33 29 25.4453
61 29 23.9521
62 29 23.9521
73 29 25.4453
567 29 18.5185
568 29 18.5185
611 29 17.7148
21 30 23.9521
60 30 23.9521
72 30 25.4453
73 30 25.4453
561 30 18.5185
562 30 18.5185
563 30 18.5185
613 30 17.7148
614 30 17.7148
618 30 17.7148
619 30 17.7148
15 31 22.6244
27 31 23.9521
34 31 25.4453
59 31 23.9521
60 31 23.9521
72 31 25.4453
73 31 25.4453
163 31 36.9686
562 31 18.5185
563 31 18.5185
564 31 18.5185
608 31 17.7148
613 31 17.7148
22 32 23.9521
24 32 31.2989
27 32 23.9521
35 32 23.9521
36 32 23.9521
56 32 23.9521
72 32 25.4453
146 32 36.9686
567 32 18.5185
568 32 18.5185
569 32 18.5185
16 33 22.6244
17 33 22.6244
56 33 23.9521
64 33 25.4453
71 33 25.4453
72 33 25.4453
564 33 18.5185
569 33 18.5185
570 33 18.5185
55 34 23.9521
64 34 25.4453
71 34 25.4453
72 34 25.4453
22 35 23.9521
30 35 23.9521
55 35 23.9521
64 35 25.4453
70 35 25.4453
71 35 25.4453
169 35 36.9686
616 35 17.7148
617 35 17.7148
14 36 22.6244
23 36 23.9521
35 36 23.9521
54 36 23.9521
55 36 23.9521
64 36 25.4453
70 36 25.4453
169 36 36.9686
567 36 17.7148
18 37 23.9521
22 37 23.9521
54 37 23.9521
59 37 25.4453
70 37 25.4453
566 37 17.7148
567 37 17.7148
568 37 17.7148
571 37 18.5185
15 38 22.6244
18 38 23.9521
22 38 23.9521
26 38 23.9521
32 38 23.9521
33 38 23.9521
59 38 25.4453
60 38 25.4453
61 38 25.4453
563 38 17.7148
567 38 17.7148
568 38 17.7148
608 38 17.7148
612 38 17.7148
615 38 17.7148
616 38 17.7148
14 39 22.6244
21 39 23.9521
32 39 23.9521
33 39 23.9521
67 39 23.9521
71 39 25.4453
567 39 17.7148
568 39 17.7148
616 39 17.7148
617 39 17.7148
14 40 22.6244
24 40 23.9521
25 40 23.9521
33 40 23.9521
34 40 23.9521
150 40 36.9686
173 40 36.9686
604 40 17.7148
19 41 23.9521
32 41 23.9521
66 41 23.9521
72 41 25.4453
150 41 36.9686
614 41 17.7148
14 42 23.9521
19 42 23.9521
32 42 25.4453
65 42 23.9521
72 42 25.4453
565 42 17.7148
14 43 23.9521
18 43 23.9521
19 43 23.9521
28 43 23.9521
35 43 27.137
64 43 23.9521
65 43 23.9521
71 43 25.4453
72 43 25.4453
152 43 36.9686
173 43 36.9686
566 43 17.7148
17 44 23.9521
28 44 23.9521
35 44 27.137
59 44 23.9521
65 44 23.9521
67 44 25.4453
72 44 25.4453
149 44 36.9686
152 44 36.9686
173 44 36.9686
565 44 17.7148
612 44 17.7148
613 44 17.7148
620 44 17.7148
621 44 17.7148
18 45 23.9521
59 45 23.9521
173 45 36.9686
612 45 17.7148
620 45 17.7148
622 45 17.7148
18 46 22.6244
61 46 23.9521
71 46 25.4453
72 46 25.4453
173 46 36.9686
621 46 17.7148
622 46 17.7148
16 47 22.6244
32 47 22.6244
33 47 22.6244
60 47 23.9521
70 47 25.4453
71 47 25.4453
562 47 18.5185
13 48 23.9521
15 48 22.6244
16 48 22.6244
34 48 22.6244
59 48 23.9521
60 48 23.9521
70 48 25.4453
71 48 25.4453
567 48 18.5185
615 48 17.7148
12 49 23.9521
15 49 22.6244
19 49 23.9521
23 49 23.9521
25 49 23.9521
47 49 22.6244
48 49 22.6244
59 49 23.9521
70 49 25.4453
140 49 36.9686
145 49 36.9686
566 49 18.5185
567 49 18.5185
12 50 23.9521
15 50 23.9521
23 50 23.9521
47 50 22.6244
49 50 22.6244
56 50 22.6244
59 50 23.9521
70 50 23.9521
144 50 36.9686
145 50 36.9686
12 51 23.9521
15 51 22.6244
69 51 23.9521
70 51 23.9521
176 51 36.9686
611 51 17.7148
24 52 23.9521
25 52 23.9521
33 52 23.9521
34 52 23.9521
35 52 23.9521
70 52 23.9521
148 52 36.9686
565 52 18.5185
588 52 17.7148
8 53 22.6244
16 53 23.9521
17 53 23.9521
24 53 23.9521
25 53 23.9521
33 53 23.9521
34 53 23.9521
35 53 23.9521
59 53 23.9521
60 53 23.9521
63 53 23.9521
66 53 23.9521
67 53 23.9521
148 53 36.9686
160 53 36.9686
179 53 36.9686
563 53 18.5185
564 53 18.5185
8 54 22.6244
13 54 23.9521
16 54 23.9521
33 54 23.9521
34 54 23.9521
37 54 23.9521
66 54 25.4453
67 54 25.4453
166 54 33.8983
178 54 36.9686
179 54 36.9686
573 54 17.7148
620 54 17.7148
9 55 22.6244
12 55 23.9521
16 55 23.9521
37 55 23.9521
62 55 23.9521
65 55 23.9521
619 55 17.7148
620 55 17.7148
12 56 23.9521
15 56 23.9521
16 56 23.9521
65 56 25.4453
556 56 18.5185
557 56 18.5185
567 56 18.5185
568 56 18.5185
15 57 23.9521
16 57 23.9521
62 57 23.9521
178 57 36.9686
179 57 36.9686
8 58 23.9521
15 58 23.9521
27 58 25.4453
61 58 23.9521
62 58 23.9521
148 58 36.9686
166 58 36.9686
170 58 33.8983
178 58 36.9686
29 59 25.4453
166 59 36.9686
178 59 36.9686
358 59 40.6504
558 59 19.3986
559 59 19.3986
560 59 18.5185
619 59 17.7148
9 60 23.9521
12 60 23.9521
13 60 23.9521
61 60 23.9521
160 60 36.9686
178 60 36.9686
620 60 17.7148
12 61 23.9521
35 61 23.9521
42 61 23.9521
60 61 23.9521
150 61 36.9686
178 61 36.9686
560 61 18.5185
562 61 18.5185
620 61 17.7148
12 62 22.6244
35 62 23.9521
36 62 23.9521
59 62 23.9521
60 62 23.9521
68 62 23.9521
150 62 36.9686
170 62 36.9686
178 62 36.9686
59 63 23.9521
60 63 23.9521
67 63 23.9521
68 63 23.9521
69 63 23.9521
150 63 36.9686
170 63 36.9686
178 63 36.9686
566 63 18.5185
567 63 18.5185
620 63 17.7148
5 64 22.6244
10 64 22.6244
11 64 22.6244
12 64 22.6244
59 64 23.9521
68 64 23.9521
71 64 23.9521
177 64 36.9686
566 64 18.5185
567 64 18.5185
568 64 18.5185
601 64 16.9779
619 64 18.5185
5 65 22.6244
12 65 22.6244
20 65 23.9521
34 65 25.4453
71 65 23.9521
165 65 33.8983
566 65 18.5185
567 65 18.5185
568 65 18.5185
10 66 22.6244
20 66 23.9521
23 66 23.9521
35 66 25.4453
36 66 25.4453
48 66 23.9521
70 66 23.9521
71 66 23.9521
568 66 18.5185
9 67 22.6244
69 67 23.9521
160 67 33.8983
170 67 36.9686
472 67 33.8983
473 67 33.8983
570 67 18.5185
616 67 17.7148
6 68 22.6244
14 68 23.9521
72 68 25.4453
157 68 36.9686
177 68 36.9686
569 68 18.5185
570 68 18.5185
617 68 17.7148
618 68 17.7148
620 68 16.9779
621 68 17.7148
6 69 22.6244
10 69 22.6244
14 69 22.6244
71 69 25.4453
72 69 25.4453
157 69 36.9686
176 69 36.9686
177 69 36.9686
569 69 18.5185
570 69 18.5185
571 69 18.5185
6 70 22.6244
24 70 23.9521
27 70 23.9521
28 70 23.9521
56 70 23.9521
71 70 25.4453
72 70 25.4453
169 70 36.9686
176 70 36.9686
616 70 17.7148
6 71 22.6244
13 71 23.9521
28 71 23.9521
56 71 23.9521
70 71 23.9521
71 71 23.9521
152 71 36.9686
7 72 22.6244
12 72 23.9521
15 72 23.9521
25 72 23.9521
28 72 23.9521
31 72 23.9521
70 72 23.9521
71 72 23.9521
147 72 36.9686
614 72 17.7148
7 73 22.6244
8 73 22.6244
12 73 23.9521
22 73 22.6244
28 73 23.9521
30 73 23.9521
69 73 23.9521
70 73 23.9521
71 73 23.9521
159 73 33.8983
177 73 36.9686
178 73 36.9686
7 74 22.6244
22 74 22.6244
26 74 23.9521
27 74 23.9521
69 74 23.9521
70 74 23.9521
146 74 36.9686
177 74 36.9686
178 74 36.9686
15 75 23.9521
25 75 23.9521
26 75 23.9521
33 75 22.6244
34 75 22.6244
49 75 23.9521
66 75 23.9521
70 75 23.9521
159 75 33.8983
176 75 36.9686
9 76 23.9521
10 76 23.9521
15 76 23.9521
16 76 23.9521
33 76 22.6244
34 76 22.6244
50 76 23.9521
66 76 23.9521
69 76 23.9521
70 76 23.9521
9 77 23.9521
10 77 23.9521
22 77 22.6244
34 77 23.9521
65 77 23.9521
159 77 36.9686
172 77 36.9686
10 78 23.9521
11 78 23.9521
21 78 23.9521
22 78 23.9521
34 78 23.9521
37 78 23.9521
38 78 23.9521
65 78 23.9521
69 78 23.9521
147 78 36.9686
584 78 17.7148
617 78 17.7148
618 78 17.7148
11 79 23.9521
18 79 23.9521
21 79 23.9521
24 79 22.6244
34 79 23.9521
36 79 23.9521
69 79 23.9521
161 79 40.6504
171 79 36.9686
175 79 40.6504
479 79 33.8983
596 79 16.9779
616 79 17.7148
617 79 17.7148
618 79 17.7148
11 80 23.9521
12 80 23.9521
16 80 23.9521
24 80 22.6244
34 80 23.9521
69 80 23.9521
70 80 23.9521
171 80 36.9686
617 80 17.7148
12 81 23.9521
34 81 23.9521
69 81 23.9521
143 81 36.9686
156 81 36.9686
171 81 36.9686
620 81 16.9779
12 82 23.9521
34 82 23.9521
35 82 23.9521
36 82 23.9521
38 82 23.9521
69 82 23.9521
71 82 23.9521
156 82 36.9686
171 82 33.8983
209 82 50.7614
568 82 18.5185
569 82 18.5185
12 83 23.9521
15 83 23.9521
26 83 23.9521
35 83 22.6244
69 83 23.9521
70 83 23.9521
71 83 23.9521
568 83 18.5185
12 84 23.9521
13 84 23.9521
18 84 23.9521
26 84 23.9521
38 84 23.9521
67 84 23.9521
144 84 36.9686
156 84 36.9686
170 84 36.9686
171 84 36.9686
473 84 33.8983
624 84 16.9779
13 85 23.9521
18 85 23.9521
47 85 23.9521
67 85 23.9521
144 85 36.9686
166 85 36.9686
170 85 36.9686
171 85 36.9686
570 85 18.5185
571 85 18.5185
13 86 23.9521
14 86 23.9521
19 86 23.9521
21 86 23.9521
71 86 23.9521
144 86 36.9686
165 86 36.9686
170 86 36.9686
570 86 18.5185
625 86 16.9779
14 87 23.9521
19 87 23.9521
51 87 23.9521
70 87 23.9521
71 87 23.9521
164 87 36.9686
177 87 36.9686
619 87 17.7148
620 87 17.7148
624 87 16.9779
625 87 16.9779
14 88 23.9521
19 88 23.9521
158 88 36.9686
163 88 36.9686
164 88 36.9686
176 88 36.9686
177 88 36.9686
625 88 16.9779
14 89 23.9521
19 89 23.9521
20 89 23.9521
23 89 23.9521
72 89 23.9521
73 89 23.9521
163 89 36.9686
176 89 36.9686
211 89 50.7614
625 89 16.9779
23 90 23.9521
72 90 23.9521
143 90 36.9686
163 90 36.9686
175 90 36.9686
176 90 36.9686
211 90 50.7614
567 90 19.3986
568 90 19.3986
22 91 23.9521
143 91 36.9686
175 91 36.9686
476 91 33.8983
570 91 19.3986
618 91 17.7148
619 91 17.7148
19 92 23.9521
22 92 23.9521
70 92 23.9521
175 92 36.9686
210 92 50.7614
21 93 23.9521
81 93 25.4453
82 93 25.4453
175 93 36.9686
205 93 45.1467
17 94 23.9521
18 94 23.9521
76 94 23.9521
82 94 25.4453
174 94 36.9686
175 94 36.9686
205 94 45.1467
566 94 18.5185
567 94 18.5185
568 94 18.5185
572 94 15.674
582 94 17.7148
583 94 17.7148
18 95 23.9521
75 95 23.9521
81 95 25.4453
82 95 25.4453
174 95 36.9686
566 95 18.5185
567 95 18.5185
582 95 17.7148
583 95 17.7148
22 96 23.9521
63 96 23.9521
75 96 23.9521
81 96 25.4453
82 96 25.4453
174 96 36.9686
476 96 31.2989
24 97 23.9521
63 97 23.9521
75 97 23.9521
81 97 25.4453
82 97 25.4453
174 97 36.9686
19 98 23.9521
24 98 23.9521
81 98 25.4453
82 98 25.4453
170 98 36.9686
174 98 36.9686
566 98 18.5185
19 99 23.9521
20 99 23.9521
24 99 23.9521
81 99 25.4453
173 99 36.9686
174 99 36.9686
476 99 33.8983
477 99 33.8983
20 100 23.9521
46 100 23.9521
75 100 23.9521
81 100 25.4453
82 100 25.4453
163 100 33.8983
476 100 33.8983
477 100 33.8983
21 101 23.9521
67 101 23.9521
73 101 23.9521
74 101 23.9521
80 101 25.4453
81 101 25.4453
163 101 33.8983
21 102 23.9521
22 102 23.9521
42 102 22.6244
80 102 25.4453
81 102 25.4453
163 102 33.8983
178 102 36.9686
22 103 23.9521
23 103 23.9521
80 103 25.4453
178 103 36.9686
22 104 23.9521
23 104 23.9521
80 104 25.4453
178 104 36.9686
205 104 45.1467
554 104 134.228
23 105 23.9521
29 105 23.9521
79 105 25.4453
80 105 25.4453
178 105 36.9686
23 106 23.9521
79 106 25.4453
80 106 25.4453
177 106 36.9686
25 107 23.9521
169 107 33.8983
177 107 36.9686
583 107 18.5185
584 107 18.5185
24 108 23.9521
77 108 25.4453
80 108 25.4453
177 108 36.9686
24 109 23.9521
61 109 23.9521
77 109 23.9521
24 110 23.9521
31 110 23.9521
36 110 22.6244
62 110 23.9521
79 110 23.9521
140 110 36.9686
24 111 23.9521
25 111 23.9521
30 111 23.9521
62 111 23.9521
79 111 25.4453
80 111 25.4453
476 111 33.8983
30 112 23.9521
41 112 23.9521
79 112 25.4453
218 112 50.7614
219 112 50.7614
476 112 33.8983
27 113 23.9521
78 113 25.4453
79 113 25.4453
207 113 45.1467
218 113 50.7614
219 113 50.7614
78 114 25.4453
79 114 25.4453
176 114 36.9686
218 114 50.7614
257 114 57.971
18 115 22.6244
53 115 23.9521
72 115 25.4453
76 115 25.4453
77 115 25.4453
78 115 25.4453
176 115 36.9686
218 115 50.7614
18 116 22.6244
24 116 23.9521
76 116 25.4453
77 116 25.4453
176 116 36.9686
177 116 36.9686
218 116 50.7614
219 116 50.7614
76 117 25.4453
124 117 67.5676
168 117 36.9686
174 117 36.9686
218 117 50.7614
600 117 17.7148
26 118 23.9521
76 118 25.4453
77 118 25.4453
95 118 40.6504
167 118 36.9686
168 118 36.9686
218 118 50.7614
5 119 33.8983
168 119 36.9686
218 119 50.7614
19 120 22.6244
24 120 23.9521
32 120 23.9521
74 120 25.4453
168 120 36.9686
218 120 45.1467
23 121 23.9521
24 121 23.9521
74 121 25.4453
75 121 25.4453
91 121 40.6504
168 121 36.9686
23 122 23.9521
73 122 25.4453
74 122 25.4453
91 122 40.6504
218 122 50.7614
219 122 50.7614
21 123 23.9521
73 123 23.9521
74 123 23.9521
176 123 36.9686
219 123 45.1467
22 124 23.9521
72 124 23.9521
73 124 23.9521
597 124 17.7148
598 124 17.7148
10 125 33.8983
72 125 23.9521
176 125 36.9686
598 125 17.7148
25 126 23.9521
29 126 23.9521
72 126 23.9521
176 126 36.9686
25 127 23.9521
31 127 23.9521
76 127 25.4453
87 127 40.6504
176 127 36.9686
209 127 50.7614
257 127 50.7614
8 128 36.9686
25 128 23.9521
26 128 23.9521
27 128 23.9521
76 128 25.4453
24 129 23.9521
25 129 23.9521
52 129 23.9521
67 129 23.9521
75 129 25.4453
87 129 40.6504
222 129 45.1467
25 130 23.9521
31 130 23.9521
32 130 23.9521
52 130 23.9521
66 130 23.9521
74 130 25.4453
75 130 25.4453
86 130 40.6504
11 131 40.6504
26 131 23.9521
74 131 23.9521
75 131 23.9521
86 131 40.6504
256 131 57.971
598 131 17.7148
28 132 23.9521
33 132 23.9521
35 132 23.9521
74 132 25.4453
75 132 25.4453
86 132 40.6504
12 133 36.9686
74 133 25.4453
30 134 23.9521
38 134 23.9521
74 134 25.4453
224 134 45.1467
12 135 36.9686
38 135 23.9521
60 135 23.9521
71 135 25.4453
93 135 40.6504
224 135 45.1467
4 136 36.9686
28 136 23.9521
35 136 23.9521
38 136 23.9521
61 136 23.9521
70 136 25.4453
71 136 25.4453
224 136 45.1467
13 137 36.9686
38 137 23.9521
56 137 25.4453
69 137 25.4453
70 137 25.4453
29 138 23.9521
68 138 25.4453
69 138 25.4453
131 138 67.5676
602 138 17.7148
36 139 23.9521
68 139 25.4453
602 139 17.7148
38 141 23.9521
38 142 23.9521
39 142 23.9521
69 142 27.137
70 142 27.137
225 142 45.1467
38 143 23.9521
68 143 25.4453
70 143 27.137
84 143 40.6504
225 143 45.1467
11 144 36.9686
24 144 33.8983
37 144 23.9521
38 144 23.9521
57 144 25.4453
65 144 36.9686
67 144 27.137
68 144 25.4453
224 144 45.1467
11 145 36.9686
37 145 23.9521
63 145 36.9686
65 145 36.9686
68 145 25.4453
94 145 40.6504
95 145 36.9686
37 146 23.9521
52 146 23.9521
62 146 25.4453
68 146 25.4453
93 146 40.6504
14 147 36.9686
37 147 23.9521
52 147 23.9521
82 147 40.6504
92 147 36.9686
36 148 23.9521
37 148 23.9521
52 148 23.9521
63 148 36.9686
36 149 23.9521
37 149 23.9521
52 149 23.9521
53 149 23.9521
62 149 36.9686
598 149 17.7148
19 150 36.9686
20 150 36.9686
35 150 23.9521
36 150 23.9521
52 150 23.9521
53 150 23.9521
62 150 36.9686
90 150 40.6504
222 150 45.1467
598 150 17.7148
5 151 36.9686
35 151 23.9521
36 151 23.9521
52 151 23.9521
53 151 23.9521
62 151 36.9686
89 151 40.6504
221 151 45.1467
222 151 45.1467
35 152 23.9521
53 152 23.9521
221 152 45.1467
34 153 23.9521
35 153 23.9521
53 153 23.9521
78 153 40.6504
82 153 36.9686
220 153 45.1467
33 154 23.9521
53 154 23.9521
81 154 36.9686
82 154 36.9686
220 154 45.1467
603 154 17.7148
33 155 23.9521
52 155 23.9521
53 155 25.4453
60 155 36.9686
77 155 40.6504
88 155 40.6504
603 155 17.7148
30 156 33.8983
33 156 23.9521
51 156 25.4453
52 156 25.4453
60 156 36.9686
25 157 33.8983
33 157 23.9521
51 157 25.4453
55 157 36.9686
60 157 36.9686
79 157 40.6504
636 157 40.6504
32 158 23.9521
51 158 25.4453
52 158 25.4453
79 158 40.6504
87 158 40.6504
31 159 23.9521
66 159 33.8983
79 159 40.6504
17 160 33.8983
31 160 23.9521
49 160 23.9521
50 160 23.9521
54 160 36.9686
59 160 36.9686
78 160 40.6504
49 161 23.9521
54 161 40.6504
59 161 36.9686
78 161 40.6504
33 162 23.9521
34 162 23.9521
49 162 23.9521
83 162 40.6504
596 162 17.7148
33 163 23.9521
34 163 23.9521
58 163 36.9686
82 163 40.6504
174 163 36.9686
188 163 80.9717
596 163 17.7148
33 164 25.4453
50 164 23.9521
51 164 23.9521
58 164 36.9686
174 164 36.9686
32 165 25.4453
33 165 25.4453
51 165 23.9521
65 165 40.6504
75 165 36.9686
78 165 40.6504
158 165 36.9686
174 165 36.9686
33 166 25.4453
54 166 36.9686
64 166 40.6504
65 166 40.6504
158 166 36.9686
28 167 23.9521
50 167 23.9521
54 167 36.9686
58 167 36.9686
158 167 36.9686
27 168 23.9521
28 168 23.9521
50 168 23.9521
51 168 23.9521
54 168 36.9686
28 169 23.9521
50 169 23.9521
51 169 23.9521
74 169 36.9686
217 169 50.7614
28 170 23.9521
57 170 36.9686
63 170 40.6504
158 170 36.9686
30 171 23.9521
57 171 36.9686
62 171 40.6504
158 171 36.9686
30 172 23.9521
31 172 23.9521
50 172 25.4453
57 172 36.9686
58 172 36.9686
62 172 40.6504
74 172 40.6504
75 172 40.6504
86 172 40.6504
87 172 40.6504
158 172 36.9686
159 172 36.9686
31 173 23.9521
50 173 25.4453
58 173 36.9686
74 173 40.6504
31 174 23.9521
53 174 33.8983
58 174 36.9686
31 175 23.9521
34 175 23.9521
53 175 33.8983
58 175 36.9686
73 175 40.6504
81 175 40.6504
82 175 40.6504
212 175 50.7614
30 176 23.9521
31 176 23.9521
52 176 33.8983
73 176 40.6504
81 176 40.6504
158 176 36.9686
159 176 36.9686
212 176 50.7614
533 176 40.6504
534 176 40.6504
29 177 23.9521
30 177 23.9521
53 177 29.0698
159 177 36.9686
29 178 23.9521
30 178 23.9521
62 178 36.9686
29 179 23.9521
30 179 23.9521
52 179 25.4453
62 179 36.9686
30 180 23.9521
35 180 23.9521
51 180 25.4453
52 180 25.4453
53 180 25.4453
62 180 36.9686
465 180 57.971
466 180 57.971
532 180 40.6504
31 181 23.9521
35 181 23.9521
51 181 23.9521
75 181 36.9686
76 181 36.9686
161 181 36.9686
31 182 23.9521
35 182 23.9521
39 182 23.9521
51 182 23.9521
59 182 40.6504
66 182 40.6504
74 182 36.9686
75 182 36.9686
92 182 40.6504
160 182 36.9686
161 182 36.9686
479 182 36.9686
20 183 33.8983
31 183 23.9521
51 183 23.9521
66 183 40.6504
91 183 40.6504
160 183 36.9686
161 183 36.9686
476 183 40.6504
477 183 36.9686
31 184 23.9521
35 184 23.9521
51 184 25.4453
52 184 25.4453
59 184 40.6504
71 184 40.6504
72 184 36.9686
84 184 40.6504
90 184 40.6504
229 184 50.7614
30 185 23.9521
35 185 23.9521
52 185 25.4453
70 185 40.6504
71 185 40.6504
29 186 23.9521
35 186 23.9521
52 186 25.4453
54 186 33.8983
60 186 50.7614
62 186 50.7614
70 186 40.6504
71 186 40.6504
29 187 23.9521
35 187 23.9521
39 187 23.9521
51 187 25.4453
54 187 33.8983
69 187 40.6504
70 187 40.6504
54 188 33.8983
55 188 33.8983
60 188 50.7614
69 188 40.6504
167 188 36.9686
55 189 33.8983
60 189 50.7614
69 189 40.6504
70 189 40.6504
82 189 40.6504
167 189 36.9686
213 189 45.1467
470 189 57.971
471 189 57.971
481 189 50.7614
482 189 50.7614
485 189 22.6244
486 189 22.6244
615 189 11.9904
616 189 11.9904
628 189 13.1492
629 189 13.1492
630 189 13.1492
80 190 40.6504
81 190 40.6504
167 190 36.9686
213 190 45.1467
470 190 57.971
471 190 57.971
472 190 57.971
478 190 80.9717
558 190 14.556
614 190 11.9904
615 190 11.9904
616 190 11.9904
630 190 13.1492
46 191 23.9521
47 191 23.9521
80 191 40.6504
167 191 36.9686
213 191 45.1467
469 191 67.5676
470 191 57.971
471 191 57.971
472 191 57.971
556 191 15.0943
557 191 15.0943
614 191 11.9904
615 191 11.9904
616 191 11.9904
630 191 13.1492
47 192 23.9521
67 192 36.9686
79 192 40.6504
88 192 50.7614
167 192 36.9686
213 192 45.1467
252 192 57.971
470 192 57.971
471 192 57.971
555 192 15.0943
614 192 11.9904
615 192 11.9904
42 193 23.9521
67 193 36.9686
167 193 36.9686
213 193 45.1467
614 193 11.9904
615 193 11.9904
42 194 23.9521
67 194 36.9686
167 194 36.9686
615 194 11.9904
48 195 25.4453
75 195 40.6504
167 195 36.9686
251 195 57.971
552 195 15.0943
48 196 25.4453
57 196 36.9686
74 196 40.6504
614 196 11.9904
617 196 12.3533
618 196 12.7389
37 197 23.9521
167 197 36.9686
550 197 15.0943
551 197 15.0943
602 197 12.3533
603 197 12.3533
613 197 11.9904
614 197 11.9904
615 197 11.9904
37 198 23.9521
71 198 40.6504
167 198 36.9686
602 198 12.3533
603 198 12.3533
614 198 11.9904
167 199 36.9686
602 199 12.3533
613 199 11.9904
614 199 11.9904
615 199 11.9904
37 200 23.9521
167 200 36.9686
505 200 25.4453
614 200 11.9904
37 201 23.9521
151 201 33.8983
167 201 36.9686
171 201 40.6504
507 201 25.4453
508 201 23.9521
509 201 23.9521
601 201 12.3533
602 201 12.3533
614 201 11.9904
67 202 40.6504
167 202 36.9686
171 202 40.6504
601 202 12.3533
602 202 12.3533
613 202 11.9904
614 202 11.9904
167 203 36.9686
484 203 22.6244
587 203 16.9779
588 203 16.9779
601 203 12.3533
602 203 12.3533
613 203 11.9904
614 203 11.9904
167 204 36.9686
484 204 22.6244
601 204 12.3533
602 204 12.3533
614 204 11.9904
167 205 36.9686
203 205 57.971
601 205 12.3533
614 205 11.9904
37 206 23.9521
167 206 36.9686
171 206 40.6504
203 206 57.971
537 206 15.674
538 206 15.674
539 206 15.674
546 206 15.674
547 206 15.674
601 206 12.3533
66 207 40.6504
167 207 36.9686
171 207 40.6504
537 207 15.674
538 207 15.674
539 207 15.674
546 207 15.674
547 207 15.674
600 207 12.3533
601 207 12.3533
613 207 11.9904
616 207 11.9904
31 208 23.9521
66 208 40.6504
167 208 36.9686
537 208 15.674
538 208 15.674
546 208 15.674
547 208 15.674
562 208 14.556
563 208 14.556
600 208 11.9904
601 208 11.9904
613 208 11.9904
614 208 11.9904
31 209 23.9521
37 209 23.9521
52 209 23.9521
66 209 40.6504
484 209 22.6244
493 209 23.9521
562 209 14.556
563 209 14.556
600 209 12.3533
601 209 12.3533
612 209 11.9904
613 209 11.9904
614 209 11.9904
10 210 36.9686
20 210 40.6504
21 210 40.6504
31 210 23.9521
51 210 23.9521
483 210 22.6244
484 210 22.6244
562 210 14.556
600 210 12.3533
601 210 12.3533
613 210 11.9904
614 210 11.9904
10 211 36.9686
20 211 40.6504
51 211 23.9521
66 211 36.9686
251 211 57.971
561 211 14.556
562 211 14.556
563 211 14.556
599 211 12.3533
600 211 12.3533
601 211 12.3533
10 212 36.9686
20 212 40.6504
51 212 23.9521
66 212 36.9686
543 212 15.674
544 212 15.674
561 212 14.556
562 212 14.556
599 212 12.3533
600 212 12.3533
10 213 36.9686
50 213 23.9521
51 213 23.9521
66 213 36.9686
67 213 36.9686
540 213 17.7148
541 213 16.2999
542 213 15.674
543 213 15.674
544 213 15.674
545 213 15.0943
10 214 36.9686
30 214 23.9521
49 214 23.9521
66 214 40.6504
67 214 40.6504
496 214 21.4362
497 214 21.4362
498 214 21.4362
30 215 23.9521
48 215 23.9521
49 215 23.9521
67 215 40.6504
381 215 101.01
382 215 101.01
383 215 101.01
393 215 27.137
496 215 21.4362
497 215 21.4362
498 215 21.4362
4 216 29.0698
31 216 23.9521
48 216 23.9521
66 216 40.6504
67 216 40.6504
498 216 21.4362
499 216 20.3666
555 216 14.556
10 217 36.9686
20 217 40.6504
31 217 23.9521
48 217 23.9521
66 217 40.6504
67 217 40.6504
167 217 36.9686
554 217 14.556
555 217 14.556
559 217 12.7389
10 218 36.9686
31 218 23.9521
48 218 23.9521
66 218 40.6504
67 218 40.6504
215 218 57.971
4 219 27.137
10 219 36.9686
32 219 23.9521
48 219 23.9521
66 219 40.6504
48 220 23.9521
66 220 40.6504
48 221 23.9521
66 221 40.6504
522 221 18.5185
523 221 18.5185
524 221 18.5185
536 221 16.2999
537 221 16.2999
10 222 36.9686
18 222 22.6244
20 222 22.6244
48 222 23.9521
66 222 36.9686
134 222 57.971
604 222 11.9904
3 223 27.137
10 223 36.9686
18 223 22.6244
31 223 23.9521
48 223 23.9521
66 223 36.9686
472 223 23.9521
604 223 11.9904
10 224 36.9686
31 224 23.9521
48 224 23.9521
66 224 36.9686
475 224 22.6244
554 224 14.556
555 224 14.556
603 224 11.9904
604 224 11.9904
605 224 11.9904
632 224 12.3533
633 224 11.9904
634 224 11.9904
635 224 11.9904
636 224 11.6482
10 225 36.9686
14 225 25.4453
32 225 23.9521
48 225 23.9521
66 225 36.9686
67 225 36.9686
488 225 21.4362
489 225 21.4362
490 225 21.4362
555 225 14.556
603 225 11.9904
604 225 11.9904
605 225 11.9904
633 225 11.9904
634 225 11.9904
635 225 11.9904
32 226 23.9521
48 226 23.9521
66 226 36.9686
151 226 36.9686
162 226 36.9686
488 226 21.4362
489 226 21.4362
490 226 21.4362
604 226 11.9904
633 226 11.9904
634 226 11.9904
635 226 11.9904
14 227 22.6244
48 227 23.9521
151 227 36.9686
162 227 36.9686
489 227 21.4362
529 227 17.7148
530 227 17.7148
531 227 17.7148
614 227 11.9904
13 228 22.6244
14 228 22.6244
16 228 22.6244
48 228 23.9521
163 228 36.9686
531 228 17.7148
613 228 11.9904
614 228 11.9904
615 228 11.9904
13 229 21.4362
14 229 22.6244
16 229 22.6244
47 229 23.9521
48 229 23.9521
488 229 21.4362
489 229 21.4362
509 229 18.5185
510 229 18.5185
513 229 18.5185
14 230 22.6244
47 230 23.9521
48 230 23.9521
67 230 36.9686
489 230 21.4362
537 230 16.2999
538 230 16.2999
603 230 11.9904
604 230 11.9904
14 231 21.4362
16 231 21.4362
48 231 23.9521
67 231 36.9686
475 231 23.9521
509 231 18.5185
536 231 16.2999
537 231 16.2999
540 231 15.674
541 231 15.674
542 231 15.674
554 231 15.0943
555 231 15.0943
604 231 11.9904
14 232 21.4362
48 232 23.9521
459 232 29.0698
475 232 23.9521
476 232 23.9521
508 232 18.5185
509 232 18.5185
536 232 16.2999
537 232 16.2999
542 232 15.674
554 232 15.0943
555 232 15.0943
603 232 11.9904
604 232 11.9904
605 232 11.9904
14 233 21.4362
50 233 23.9521
489 233 21.4362
542 233 15.674
543 233 15.674
554 233 15.0943
555 233 15.0943
603 233 11.9904
604 233 11.9904
14 234 21.4362
15 234 21.4362
16 234 21.4362
17 234 22.6244
50 234 23.9521
543 234 15.674
604 234 11.9904
14 235 21.4362
15 235 21.4362
17 235 22.6244
604 235 11.9904
615 235 11.9904
616 235 11.9904
14 236 21.4362
15 236 22.6244
58 236 25.4453
59 236 25.4453
513 236 19.3986
514 236 19.3986
543 236 15.0943
544 236 15.0943
557 236 101.01
558 236 101.01
582 236 13.1492
583 236 13.1492
584 236 13.1492
585 236 12.7389
604 236 11.9904
615 236 11.9904
616 236 11.9904
15 237 21.4362
31 237 23.9521
43 237 23.9521
56 237 25.4453
59 237 25.4453
60 237 25.4453
543 237 15.674
544 237 15.674
581 237 13.1492
582 237 13.1492
583 237 13.1492
584 237 13.1492
589 237 12.7389
604 237 11.9904
615 237 11.9904
30 238 23.9521
31 238 23.9521
43 238 23.9521
51 238 25.4453
56 238 25.4453
60 238 25.4453
534 238 16.2999
535 238 16.2999
536 238 16.2999
581 238 13.1492
582 238 13.1492
583 238 13.1492
590 238 12.7389
591 238 12.7389
604 238 11.9904
30 239 23.9521
43 239 23.9521
60 239 25.4453
75 239 25.4453
76 239 25.4453
497 239 21.4362
498 239 21.4362
513 239 18.5185
514 239 18.5185
515 239 18.5185
523 239 22.6244
524 239 22.6244
525 239 20.3666
526 239 18.5185
527 239 18.5185
528 239 17.7148
529 239 17.7148
530 239 17.7148
535 239 16.2999
536 239 16.2999
580 239 13.1492
581 239 13.1492
582 239 13.1492
591 239 12.7389
592 239 12.3533
616 239 11.9904
31 240 22.6244
76 240 25.4453
514 240 18.5185
515 240 18.5185
527 240 18.5185
528 240 17.7148
529 240 17.7148
544 240 15.674
545 240 15.0943
580 240 13.1492
581 240 13.1492
582 240 13.1492
591 240 12.3533
592 240 12.3533
593 240 12.3533
616 240 11.9904
617 240 11.9904
31 241 22.6244
43 241 23.9521
50 241 23.9521
509 241 19.3986
514 241 18.5185
544 241 15.674
545 241 15.0943
580 241 13.1492
581 241 13.1492
582 241 13.1492
592 241 12.3533
593 241 12.3533
604 241 12.3533
616 241 11.9904
617 241 11.9904
50 242 23.9521
86 242 25.4453
509 242 19.3986
510 242 19.3986
542 242 15.674
545 242 15.674
580 242 13.1492
581 242 13.1492
593 242 12.3533
604 242 12.3533
605 242 12.3533
616 242 11.9904
18 243 22.6244
581 243 13.1492
594 243 12.3533
604 243 12.3533
616 243 11.9904
617 243 11.9904
513 244 18.5185
545 244 15.0943
593 244 12.3533
594 244 12.3533
604 244 12.3533
605 244 12.3533
616 244 11.9904
617 244 11.9904
545 245 15.674
546 245 15.674
580 245 13.1492
581 245 13.1492
593 245 12.3533
594 245 12.3533
595 245 12.3533
603 245 12.3533
604 245 12.3533
605 245 12.3533
616 245 11.9904
617 245 11.9904
17 246 21.4362
546 246 15.674
579 246 13.1492
580 246 13.1492
581 246 13.1492
603 246 12.3533
604 246 12.3533
605 246 12.3533
616 246 11.9904
617 246 11.9904
4 247 21.4362
17 247 21.4362
579 247 13.1492
580 247 13.1492
581 247 13.1492
616 247 11.9904
541 248 15.674
581 248 13.1492
11 249 22.6244
27 249 22.6244
30 249 22.6244
541 249 15.674
581 249 13.1492
587 249 13.1492
588 249 13.1492
592 249 12.3533
593 249 12.3533
27 250 22.6244
548 250 15.674
549 250 15.674
550 250 15.674
581 250 13.1492
592 250 12.3533
593 250 12.3533
15 251 21.4362
422 251 17.7148
548 251 15.674
549 251 15.674
581 251 13.1492
592 251 12.3533
593 251 12.3533
594 251 12.3533
549 252 15.674
580 252 13.1492
581 252 13.1492
582 252 13.1492
538 253 16.9779
548 253 15.674
549 253 15.674
580 253 13.1492
581 253 13.1492
582 253 13.1492
592 253 12.3533
593 253 12.3533
594 253 12.3533
637 253 10.7296
538 254 16.9779
539 254 16.9779
540 254 16.9779
636 255 10.4548
637 255 10.4548
636 256 10.4548
637 256 10.4548
16 257 20.3666
589 260 13.1492
590 260 13.1492
627 260 14.556
635 260 10.7296
636 260 10.7296
254 261 14.556
635 261 10.7296
636 261 10.7296
591 264 12.7389
585 267 13.1492
586 267 13.1492
218 269 13.1492
219 269 12.7389
242 269 12.7389
242 270 12.7389
243 270 12.7389
221 271 12.7389
607 271 12.3533
217 272 12.3533
218 273 12.3533
441 276 13.587
442 276 13.587
443 276 13.1492
444 276 13.1492
445 276 12.3533
446 276 12.3533
447 276 11.9904
637 276 10.7296
446 277 12.3533
447 277 11.9904
49 279 12.7389
49 280 12.7389
50 280 12.7389
214 281 10.7296
215 282 10.7296
231 282 10.7296
130 283 9.70874
215 283 10.7296
216 283 10.7296
232 283 10.7296
130 284 9.70874
571 284 10.4548
572 284 10.4548
124 285 9.48317
130 285 9.70874
202 285 10.1937
203 285 10.1937
551 285 10.1937
567 285 10.7296
568 285 10.4548
569 285 10.4548
570 285 10.4548
571 285 10.4548
124 286 9.48317
125 286 9.48317
137 286 9.9453
170 286 10.1937
566 286 10.7296
567 286 10.7296
568 286 10.4548
569 286 10.4548
570 286 10.4548
137 287 9.9453
138 287 9.9453
217 287 9.9453
126 288 9.48317
200 289 9.48317
237 289 9.9453
183 290 9.70874
200 290 9.48317
201 291 9.48317
163 292 9.70874
173 292 9.48317
195 292 9.26784
196 292 9.26784
169 293 9.26784
197 293 9.26784
139 294 9.26784
169 294 9.26784
170 294 9.26784
222 294 9.06207
568 294 9.48317
136 295 9.06207
219 295 9.06207
220 295 9.06207
571 295 9.48317
572 295 9.48317
136 296 9.06207
137 296 9.06207
220 296 9.06207
581 297 8.86525
118 298 8.86525
106 299 8.67679
119 299 8.86525
205 299 8.67679
564 299 9.70874
565 299 9.70874
566 299 9.70874
567 299 9.48317
568 299 9.48317
569 299 9.06207
570 299 8.86525
572 299 8.86525
574 299 8.67679
575 299 8.49618
592 299 8.86525
593 299 8.86525
594 299 8.86525
607 299 8.86525
608 299 8.86525
177 300 8.86525
566 300 9.70874
567 300 9.48317
568 300 9.48317
569 300 9.06207
570 300 8.86525
571 300 8.86525
572 300 8.86525
573 300 8.67679
574 300 8.67679
575 300 8.49618
576 300 8.49618
577 300 8.32293
132 302 8.67679
174 302 8.32293
174 303 8.32293
175 303 8.32293
203 303 8.15661
204 303 8.15661
164 304 8.15661
165 304 8.15661
175 304 8.32293
176 304 8.32293
194 304 8.32293
200 304 8.15661
204 304 8.15661
615 304 8.49618
616 304 8.49618
106 305 8.32293
110 305 8.15661
122 305 8.32293
140 305 8.32293
159 305 8.15661
160 305 8.15661
165 305 8.15661
170 305 8.15661
171 305 8.15661
176 305 8.15661
200 305 8.15661
201 305 8.32293
107 306 8.32293
111 306 8.15661
123 306 8.32293
156 306 9.06207
157 306 9.06207
160 306 8.15661
161 306 8.15661
171 306 8.15661
172 306 8.15661
624 306 8.32293
625 306 8.32293
111 307 8.15661
112 307 8.15661
137 307 8.15661
154 307 8.15661
155 307 9.06207
160 307 8.15661
161 307 8.15661
172 307 8.15661
173 307 8.15661
188 307 8.15661
628 307 8.32293
629 307 8.32293
97 308 8.15661
98 308 8.15661
122 308 8.15661
161 308 7.9968
162 308 7.9968
189 308 8.15661
122 309 7.9968
142 309 7.9968
145 309 7.9968
84 310 7.69527
94 310 7.84314
118 310 7.9968
122 310 7.9968
142 310 7.9968
172 310 7.84314
78 311 7.55287
102 311 7.9968
172 311 7.84314
182 311 7.55287
78 312 7.55287
90 312 7.84314
172 312 7.84314
182 312 7.55287
183 312 7.55287
90 313 7.84314
108 313 7.84314
183 313 7.55287
184 313 7.55287
188 313 7.55287
604 313 8.32293
45 314 7.28332
103 314 7.69527
104 314 7.69527
183 314 7.55287
184 314 7.55287
185 314 7.41565
605 314 8.15661
606 314 8.15661
607 314 7.9968
609 314 7.69527
610 314 7.69527
611 314 7.55287
78 315 7.41565
104 315 7.69527
133 315 7.55287
134 315 7.55287
185 315 7.41565
186 315 7.41565
216 315 7.69527
607 315 7.9968
608 315 7.84314
609 315 7.69527
610 315 7.69527
611 315 7.55287
612 315 7.55287
46 316 7.28332
78 316 7.41565
99 316 7.55287
130 316 7.55287
162 316 7.55287
168 316 7.41565
172 316 7.28332
186 316 7.41565
614 316 7.03235
615 316 7.03235
78 317 7.41565
99 317 7.55287
131 317 7.55287
172 317 7.28332
205 317 7.41565
212 317 7.55287
89 318 7.41565
123 318 7.41565
124 318 7.41565
125 318 7.41565
172 318 7.28332
89 319 7.41565
173 319 7.15564
74 320 7.28332
87 320 7.41565
170 320 7.15564
171 320 7.15564
29 321 7.03235
74 321 7.28332
75 321 7.28332
118 321 7.15564
156 321 6.7981
157 321 6.7981
165 321 7.15564
166 321 7.15564
171 321 7.03235
29 322 7.03235
30 322 7.03235
70 322 7.03235
71 322 7.03235
82 322 7.03235
83 322 7.03235
95 322 7.03235
96 322 7.03235
97 322 7.03235
117 322 7.03235
118 322 7.03235
119 322 7.15564
139 322 7.15564
156 322 6.7981
157 322 6.7981
165 322 7.03235
166 322 7.03235
26 323 6.91324
29 323 7.03235
30 323 7.03235
46 323 6.91324
47 323 6.91324
70 323 7.03235
71 323 7.03235
90 323 7.03235
91 323 7.03235
98 323 7.03235
106 323 7.03235
170 323 7.03235
26 324 6.91324
27 324 6.91324
45 324 6.91324
47 324 6.91324
48 324 6.91324
71 324 7.03235
91 324 7.03235
92 324 7.03235
106 324 7.03235
107 324 7.03235
116 324 7.03235
167 324 7.03235
44 325 6.91324
45 325 6.91324
48 325 6.91324
85 325 6.91324
110 325 6.91324
44 326 6.91324
45 326 6.91324
110 326 6.7981
181 326 6.91324
61 327 6.68673
104 327 6.68673
162 327 6.68673
30 328 6.7981
94 328 6.68673
95 328 6.68673
104 328 6.68673
112 328 6.7981
96 329 6.68673
149 329 6.47459
178 329 6.68673
86 330 6.68673
92 330 6.68673
93 330 6.68673
164 330 7.03235
166 330 6.47459
167 330 6.47459
168 330 6.47459
191 330 6.57895
49 331 6.57895
86 331 6.68673
94 331 6.68673
146 331 6.47459
164 331 6.47459
167 331 6.47459
168 331 6.47459
169 331 6.47459
188 331 6.68673
50 332 6.57895
86 332 6.68673
87 332 6.68673
139 332 6.18047
154 332 7.28332
161 332 6.37349
162 332 6.37349
168 332 6.47459
169 332 6.47459
188 332 6.68673
189 332 6.68673
190 332 6.68673
104 333 6.18047
105 333 6.18047
110 333 6.18047
156 333 6.37349
161 333 6.37349
162 333 6.37349
163 333 6.37349
21 334 6.37349
67 334 6.47459
68 334 6.47459
110 334 6.18047
111 334 6.18047
161 334 6.37349
162 334 6.37349
163 334 6.27549
164 334 6.27549
165 334 6.18047
24 335 6.27549
49 335 6.47459
135 335 6.18047
143 335 6.18047
144 335 6.18047
145 335 6.18047
154 335 6.27549
155 335 6.27549
161 335 6.37349
163 335 6.27549
164 335 6.27549
20 336 6.27549
21 336 6.18047
49 336 6.47459
88 336 6.18047
101 336 6.08828
135 336 6.18047
136 336 6.18047
144 336 6.18047
145 336 6.18047
156 336 6.27549
9 337 6.27549
18 337 6.57895
21 337 6.18047
22 337 6.18047
44 337 6.27549
45 337 6.27549
62 337 6.18047
69 337 6.27549
73 337 6.27549
74 337 6.27549
88 337 6.18047
7 338 6.27549
8 338 6.27549
27 338 6.18047
32 338 6.18047
52 338 6.37349
53 338 6.37349
59 338 6.57895
62 338 6.18047
74 338 6.27549
81 338 6.18047
82 338 6.18047
95 338 6.08828
102 338 6.08828
125 338 6.18047
126 338 6.18047
8 339 6.27549
29 339 6.08828
32 339 6.18047
49 339 6.08828
59 339 6.08828
62 339 6.18047
68 339 6.18047
69 339 6.18047
96 339 6.08828
97 339 5.9988
125 339 6.18047
126 339 6.18047
127 339 6.18047
154 339 6.08828
155 339 6.08828
156 339 6.08828
175 339 6.08828
176 339 6.08828
196 339 6.18047
30 340 6.18047
57 340 6.08828
58 340 6.08828
68 340 6.08828
79 340 6.18047
80 340 6.18047
98 340 5.91191
99 340 5.91191
126 340 6.18047
127 340 6.18047
153 340 6.18047
156 340 6.08828
161 340 6.18047
176 340 6.08828
177 340 6.08828
54 341 5.9988
57 341 6.08828
58 341 6.08828
68 341 6.08828
100 341 5.91191
153 341 6.18047
154 341 6.08828
177 341 6.08828
178 341 6.08828
54 342 5.9988
68 342 5.9988
72 342 5.9988
182 342 6.08828
71 343 5.9988
72 343 5.9988
73 343 5.9988
169 343 5.9988
529 343 6.7981
52 344 5.9988
71 344 5.9988
72 344 5.9988
73 344 5.9988
100 344 5.82751
529 344 6.7981
530 344 6.68673
531 345 6.47459
532 345 6.37349
533 345 6.27549
536 345 6.08828
537 345 6.08828
541 345 6.08828
542 345 6.08828
543 345 6.08828
544 345 5.9988
545 345 5.9988
178 346 5.82751
532 346 6.37349
533 346 6.27549
534 346 6.18047
535 346 6.08828
536 346 6.08828
537 346 6.08828
538 346 5.9988
539 346 5.9988
540 346 5.9988
541 346 6.08828
543 346 6.08828
544 346 5.9988
545 346 5.9988
546 346 5.74548
46 347 5.82751
536 347 6.08828
537 347 6.08828
538 347 5.9988
539 347 5.9988
540 347 5.9988
545 347 5.9988
546 347 5.74548
547 347 5.58815
32 348 5.66572
140 348 5.66572
548 348 5.58815
549 348 5.43922
137 349 5.66572
139 349 5.66572
140 349 5.66572
141 349 5.66572
24 350 5.74548
25 350 5.74548
132 350 6.37349
137 350 5.66572
138 350 5.66572
25 351 5.74548
26 351 5.74548
80 351 5.43922
131 351 6.37349
132 351 6.37349
137 351 5.58815
138 351 5.66572
139 351 5.66572
168 351 5.74548
67 352 5.36769
69 352 5.36769
77 352 5.36769
139 352 5.58815
168 352 5.74548
169 352 5.74548
31 353 5.51268
65 353 5.43922
69 353 5.36769
77 353 5.36769
78 353 5.43922
128 353 5.51268
135 353 5.58815
168 353 5.74548
28 354 5.51268
31 354 5.51268
65 354 5.43922
120 354 5.43922
129 354 5.51268
185 354 5.74548
25 355 5.51268
26 355 5.51268
31 355 5.51268
45 355 5.29801
65 355 5.36769
121 355 5.51268
126 355 5.51268
127 355 5.51268
25 356 5.51268
26 356 5.51268
27 356 5.51268
113 356 5.36769
117 356 5.43922
118 356 5.43922
127 356 5.51268
7 357 5.36769
25 357 5.51268
26 357 5.51268
27 357 5.51268
59 357 5.29801
160 357 5.43922
108 358 5.29801
162 358 5.43922
21 359 5.36769
22 359 5.36769
102 359 5.23013
107 359 5.36769
108 359 5.29801
109 359 5.29801
110 359 5.29801
162 359 5.43922
21 360 5.36769
22 360 5.36769
120 360 5.36769
139 360 5.29801
70 361 5.23013
71 361 5.23013
77 361 5.16396
136 361 5.29801
72 362 5.23013
76 362 5.16396
77 362 5.16396
118 362 5.36769
136 362 5.29801
137 362 5.29801
5 364 5.03651
6 364 5.03651
72 364 5.16396
5 365 5.03651
6 365 5.03651
72 365 5.16396
73 365 5.16396
5 366 5.03651
63 366 4.85673
73 366 5.16396
66 368 4.97512
70 368 4.97512
121 368 5.03651
66 369 4.97512
67 369 4.97512
71 369 5.03651
93 369 4.91521
67 370 4.97512
68 370 4.97512
93 370 4.91521
124 372 4.91521
126 372 4.91521
127 372 4.91521
127 373 4.91521
128 373 4.91521
75 374 4.63607
101 375 4.85673
102 375 4.85673
102 376 4.85673
103 376 4.85673
139 376 4.91521
69 377 4.74383
78 377 4.68933
140 377 4.91521
60 378 4.53309
60 379 4.53309
61 379 4.53309
65 379 4.4833
60 380 4.53309
61 380 4.53309
65 380 4.4833
78 380 5.23013
84 380 4.584
86 380 4.53309
140 380 4.74383
77 381 5.23013
82 381 4.53309
83 381 4.53309
86 381 4.53309
87 381 4.53309
143 381 4.68933
144 381 4.68933
49 382 4.43459
56 382 4.43459
73 382 4.53309
76 382 5.23013
82 382 4.53309
83 382 4.53309
84 382 4.53309
143 382 4.68933
144 382 4.68933
57 383 4.43459
82 383 4.53309
83 383 4.53309
84 383 4.53309
85 383 4.53309
91 383 4.584
92 383 4.584
93 383 4.584
106 383 4.53309
137 383 4.63607
144 383 4.68933
145 383 4.68933
146 383 4.63607
68 384 4.63607
70 384 4.43459
85 384 4.53309
86 384 4.4833
106 384 4.53309
129 384 4.63607
146 384 4.63607
68 385 4.63607
70 385 4.43459
71 385 4.38693
87 385 4.4833
129 385 4.63607
130 385 4.63607
131 385 4.63607
71 386 4.38693
72 386 4.38693
103 386 4.43459
138 386 4.63607
139 386 4.63607
109 387 4.4833
110 387 4.4833
153 388 4.74383
160 388 4.85673
74 389 4.38693
53 390 4.29461
80 391 4.34028
147 391 4.68933
118 392 4.4833
147 392 4.68933
90 393 4.29461
147 393 4.68933
89 394 4.29461
147 394 4.68933
89 395 4.29461
90 395 4.29461
113 395 4.34028
148 395 4.68933
89 396 4.29461
90 396 4.29461
113 396 4.34028
114 396 4.34028
115 396 4.34028
130 396 4.38693
73 397 4.68933
76 397 4.24989
85 397 4.63607
90 397 4.29461
91 397 4.29461
92 397 4.24989
131 397 4.38693
72 398 4.68933
76 398 4.2061
77 398 4.2061
76 399 4.2061
77 399 4.2061
119 399 4.29461
363 399 4.4833
364 399 4.4833
57 400 4.12116
58 400 4.12116
76 400 4.2061
77 400 4.2061
78 400 4.2061
79 400 4.1632
80 400 4.1632
81 400 4.2061
119 400 4.24989
213 400 4.584
365 400 4.4833
57 401 4.12116
58 401 4.12116
59 401 4.12116
71 401 4.12116
78 401 4.1632
79 401 4.1632
80 401 4.1632
81 401 4.2061
82 401 4.2061
83 401 4.2061
84 401 4.2061
85 401 4.2061
71 402 4.12116
82 402 4.2061
83 402 4.2061
84 402 4.2061
85 402 4.2061
86 402 4.2061
100 402 4.1632
121 402 4.24989
109 405 4.1632
85 406 4.07997
85 407 4.07997
86 407 4.07997
87 407 4.07997
82 408 4.07997
82 409 4.07997
90 409 4.03959
90 410 4.03959
71 411 4.03959
72 411 4.03959
72 412 4.03959
73 412 4.03959
74 412 4.03959
74 413 4.03959
425 415 4.12116
486 415 4.1632
487 415 4.1632
613 415 4.12116
122 419 4.12116
124 419 4.12116
125 419 4.12116
120 421 4.07997
121 421 4.07997
122 421 4.07997
121 422 4.07997
122 422 4.07997
306 422 4.07997
307 422 4.07997
362 422 4.03959
93 444 4.03959
92 445 4.03959
93 445 4.03959
91 446 4.03959
92 446 4.03959
90 447 4.03959
91 447 4.03959
89 448 4.03959
90 448 4.03959
88 449 4.03959
89 449 4.03959
88 450 4.03959
87 451 4.03959
93 452 4.03959
85 455 4.03959
