4 3 22.6244
36 3 22.6244
37 3 22.6244
47 3 22.6244
48 3 22.6244
295 3 23.9521
588 3 16.2999
589 3 16.2999
595 3 16.9779
596 3 16.9779
5 4 22.6244
29 4 22.6244
44 4 22.6244
47 4 22.6244
293 4 23.9521
8 5 22.6244
19 5 22.6244
20 5 22.6244
29 5 22.6244
44 5 22.6244
47 5 22.6244
290 5 23.9521
590 5 16.2999
8 6 22.6244
9 6 22.6244
19 6 22.6244
20 6 22.6244
21 6 22.6244
39 6 22.6244
43 6 22.6244
44 6 22.6244
47 6 22.6244
143 6 36.9686
589 6 16.2999
590 6 16.2999
597 6 16.9779
598 6 16.9779
9 7 22.6244
20 7 22.6244
21 7 22.6244
38 7 22.6244
39 7 22.6244
47 7 22.6244
5 8 19.3986
32 8 22.6244
33 8 22.6244
38 8 22.6244
47 8 22.6244
590 8 16.2999
32 9 22.6244
33 9 22.6244
47 9 22.6244
51 9 22.6244
52 9 22.6244
589 9 16.2999
590 9 16.9779
637 9 22.6244
17 10 21.4362
22 10 21.4362
23 10 21.4362
30 10 21.4362
41 10 22.6244
47 10 22.6244
51 10 22.6244
590 10 16.2999
591 10 16.2999
593 10 16.2999
594 10 16.2999
6 11 21.4362
17 11 21.4362
18 11 21.4362
22 11 21.4362
23 11 21.4362
24 11 21.4362
30 11 22.6244
47 11 22.6244
51 11 22.6244
150 11 36.9686
592 11 16.2999
593 11 16.2999
7 12 22.6244
8 12 22.6244
18 12 21.4362
19 12 21.4362
23 12 21.4362
24 12 21.4362
29 12 22.6244
37 12 21.4362
38 12 21.4362
39 12 21.4362
51 12 22.6244
586 12 16.9779
588 12 16.9779
612 12 16.2999
8 13 22.6244
9 13 22.6244
18 13 22.6244
19 13 22.6244
28 13 22.6244
29 13 22.6244
32 13 22.6244
38 13 21.4362
39 13 21.4362
40 13 22.6244
51 13 22.6244
587 13 16.9779
588 13 16.9779
594 13 16.2999
610 13 16.2999
611 13 16.2999
612 13 16.2999
9 14 22.6244
28 14 22.6244
29 14 22.6244
37 14 21.4362
38 14 21.4362
43 14 22.6244
51 14 22.6244
586 14 16.9779
588 14 16.9779
589 14 16.9779
593 14 16.2999
594 14 16.2999
595 14 16.2999
609 14 16.9779
36 15 21.4362
51 15 22.6244
159 15 36.9686
588 15 16.9779
594 15 16.2999
595 15 16.2999
3 16 22.6244
7 16 23.9521
36 16 22.6244
51 16 22.6244
159 16 36.9686
596 16 16.2999
11 17 22.6244
33 17 22.6244
50 17 22.6244
51 17 22.6244
136 17 33.8983
154 17 33.8983
159 17 36.9686
589 17 16.9779
590 17 16.9779
10 18 22.6244
32 18 22.6244
33 18 22.6244
42 18 23.9521
50 18 22.6244
51 18 23.9521
589 18 16.9779
32 19 22.6244
42 19 23.9521
49 19 23.9521
50 19 23.9521
593 19 16.2999
594 19 16.2999
597 19 16.2999
620 19 15.674
27 20 21.4362
32 20 22.6244
42 20 23.9521
48 20 22.6244
49 20 22.6244
145 20 33.8983
146 20 33.8983
154 20 33.8983
592 20 16.2999
593 20 16.2999
594 20 16.2999
596 20 16.2999
597 20 16.2999
27 21 21.4362
31 21 22.6244
42 21 23.9521
48 21 22.6244
49 21 22.6244
154 21 33.8983
592 21 16.2999
593 21 16.2999
597 21 16.2999
598 21 16.2999
636 21 17.7148
3 22 21.4362
31 22 22.6244
37 22 23.9521
48 22 22.6244
592 22 16.2999
593 22 16.2999
634 22 17.7148
3 23 21.4362
6 23 22.6244
7 23 22.6244
34 23 22.6244
37 23 23.9521
7 24 22.6244
8 24 22.6244
41 24 22.6244
45 24 22.6244
591 24 15.674
600 24 16.2999
621 24 15.674
622 24 15.674
635 24 16.2999
636 24 16.2999
637 24 15.674
8 25 22.6244
41 25 22.6244
44 25 22.6244
592 25 15.674
593 25 15.674
633 25 16.2999
634 25 16.2999
635 25 16.2999
636 25 16.2999
44 26 22.6244
160 26 33.8983
631 26 17.7148
632 26 16.9779
634 26 16.2999
6 27 25.4453
43 27 22.6244
50 27 22.6244
51 27 22.6244
591 27 16.2999
42 28 22.6244
43 28 22.6244
50 28 22.6244
51 28 22.6244
590 28 16.9779
591 28 16.9779
601 28 16.2999
42 29 22.6244
48 29 22.6244
51 29 22.6244
590 29 16.9779
601 29 16.2999
38 30 21.4362
39 30 21.4362
42 30 22.6244
45 30 22.6244
51 30 23.9521
140 30 33.8983
587 30 16.2999
37 31 21.4362
38 31 21.4362
45 31 23.9521
50 31 22.6244
140 31 33.8983
164 31 36.9686
37 32 21.4362
42 32 22.6244
50 32 23.9521
588 32 16.2999
617 32 15.674
4 33 21.4362
5 33 21.4362
49 33 23.9521
50 33 23.9521
139 33 33.8983
142 33 33.8983
164 33 36.9686
588 33 16.2999
592 33 16.2999
593 33 16.2999
594 33 16.2999
4 34 21.4362
5 34 21.4362
35 34 22.6244
36 34 22.6244
48 34 23.9521
49 34 23.9521
142 34 33.8983
164 34 36.9686
603 34 15.674
6 35 21.4362
24 35 23.9521
35 35 22.6244
48 35 22.6244
49 35 22.6244
138 35 33.8983
142 35 36.9686
164 35 36.9686
587 35 16.9779
23 36 23.9521
24 36 23.9521
25 36 23.9521
26 36 22.6244
27 36 21.4362
31 36 22.6244
32 36 22.6244
35 36 22.6244
48 36 22.6244
164 36 36.9686
588 36 16.9779
589 36 16.9779
590 36 16.2999
618 36 15.674
630 36 33.8983
23 37 23.9521
32 37 22.6244
48 37 22.6244
141 37 36.9686
164 37 36.9686
588 37 16.9779
590 37 16.2999
594 37 16.2999
600 37 16.2999
628 37 33.8983
35 38 22.6244
45 38 22.6244
48 38 22.6244
589 38 16.2999
590 38 16.2999
599 38 16.2999
36 39 22.6244
37 39 22.6244
40 39 22.6244
45 39 22.6244
48 39 22.6244
164 39 36.9686
9 40 23.9521
11 40 22.6244
12 40 22.6244
36 40 22.6244
37 40 22.6244
39 40 22.6244
40 40 22.6244
44 40 22.6244
45 40 22.6244
129 40 33.8983
134 40 33.8983
135 40 33.8983
580 40 16.9779
592 40 16.2999
9 41 23.9521
10 41 22.6244
12 41 22.6244
39 41 22.6244
43 41 22.6244
44 41 22.6244
134 41 33.8983
580 41 16.9779
592 41 16.2999
593 41 16.2999
3 42 22.6244
12 42 22.6244
24 42 21.4362
42 42 22.6244
43 42 22.6244
592 42 16.2999
42 43 22.6244
138 43 36.9686
583 43 16.9779
7 44 22.6244
38 44 22.6244
39 44 22.6244
137 44 36.9686
151 44 36.9686
583 44 16.9779
595 44 16.2999
7 45 22.6244
38 45 22.6244
39 45 22.6244
137 45 36.9686
143 45 36.9686
150 45 36.9686
156 45 33.8983
170 45 33.8983
587 45 16.2999
5 46 22.6244
37 46 22.6244
38 46 22.6244
170 46 33.8983
586 46 16.2999
591 46 14.556
8 47 22.6244
9 47 22.6244
16 47 21.4362
20 47 21.4362
37 47 22.6244
45 47 22.6244
167 47 33.8983
586 47 16.2999
9 48 22.6244
37 48 22.6244
45 48 22.6244
170 48 33.8983
604 48 13.1492
10 49 22.6244
36 49 22.6244
37 49 22.6244
138 49 33.8983
157 49 33.8983
170 49 33.8983
588 49 16.2999
591 49 16.2999
592 49 16.2999
593 49 16.2999
597 49 16.2999
599 49 16.2999
5 50 22.6244
35 50 22.6244
36 50 22.6244
37 50 22.6244
38 50 22.6244
45 50 22.6244
46 50 22.6244
137 50 33.8983
157 50 33.8983
170 50 36.9686
591 50 16.9779
592 50 16.2999
596 50 16.2999
599 50 16.2999
6 51 22.6244
35 51 22.6244
45 51 22.6244
46 51 22.6244
157 51 33.8983
169 51 36.9686
170 51 36.9686
592 51 16.2999
593 51 16.2999
594 51 16.2999
599 51 16.2999
9 52 21.4362
10 52 21.4362
49 52 22.6244
140 52 36.9686
169 52 36.9686
170 52 36.9686
591 52 16.9779
592 52 16.9779
593 52 16.2999
10 53 21.4362
26 53 21.4362
45 53 22.6244
48 53 22.6244
140 53 36.9686
161 53 36.9686
169 53 36.9686
595 53 16.2999
25 54 21.4362
26 54 21.4362
27 54 21.4362
48 54 22.6244
157 54 33.8983
161 54 36.9686
169 54 36.9686
594 54 16.2999
595 54 16.2999
4 55 21.4362
6 55 21.4362
7 55 22.6244
26 55 21.4362
47 55 22.6244
50 55 22.6244
169 55 36.9686
595 55 16.2999
596 55 16.2999
597 55 16.2999
616 55 16.2999
617 55 16.2999
8 56 22.6244
50 56 23.9521
51 56 23.9521
155 56 33.8983
169 56 36.9686
347 56 40.6504
348 56 40.6504
505 56 29.0698
5 57 21.4362
50 57 23.9521
155 57 33.8983
596 57 16.2999
597 57 16.2999
600 57 15.0943
601 57 15.0943
5 58 21.4362
29 58 21.4362
36 58 21.4362
41 58 22.6244
50 58 23.9521
573 58 33.8983
596 58 16.9779
597 58 16.9779
40 59 22.6244
41 59 22.6244
48 59 22.6244
49 59 22.6244
50 59 23.9521
161 59 36.9686
3 60 22.6244
27 60 21.4362
41 60 22.6244
47 60 22.6244
48 60 22.6244
49 60 22.6244
147 60 33.8983
160 60 36.9686
161 60 36.9686
168 60 33.8983
169 60 33.8983
480 60 31.2989
3 61 22.6244
27 61 21.4362
46 61 22.6244
47 61 22.6244
48 61 22.6244
147 61 33.8983
167 61 36.9686
168 61 36.9686
47 62 22.6244
48 62 22.6244
167 62 36.9686
574 62 33.8983
6 63 21.4362
7 63 21.4362
25 63 21.4362
43 63 22.6244
44 63 22.6244
47 63 22.6244
142 63 33.8983
167 63 36.9686
573 63 33.8983
574 63 33.8983
7 64 21.4362
43 64 22.6244
44 64 22.6244
47 64 22.6244
48 64 22.6244
136 64 33.8983
599 64 16.2999
600 64 16.2999
625 64 15.674
626 64 15.674
7 65 21.4362
11 65 22.6244
26 65 21.4362
27 65 21.4362
43 65 22.6244
46 65 22.6244
47 65 22.6244
149 65 33.8983
599 65 16.2999
625 65 15.674
627 65 15.674
8 66 21.4362
27 66 22.6244
28 66 22.6244
46 66 22.6244
148 66 33.8983
157 66 40.6504
168 66 33.8983
169 66 33.8983
8 67 21.4362
9 67 21.4362
46 67 22.6244
47 67 22.6244
168 67 33.8983
10 68 21.4362
12 68 21.4362
148 68 33.8983
167 68 33.8983
574 68 36.9686
627 68 15.0943
10 69 21.4362
12 69 21.4362
47 69 22.6244
48 69 22.6244
148 69 33.8983
163 69 33.8983
8 70 21.4362
9 70 21.4362
12 70 21.4362
47 70 22.6244
594 70 16.2999
620 70 15.0943
8 71 21.4362
9 71 21.4362
28 71 21.4362
29 71 21.4362
46 71 22.6244
47 71 22.6244
49 71 22.6244
136 71 33.8983
162 71 33.8983
594 71 16.2999
9 72 21.4362
27 72 21.4362
28 72 21.4362
48 72 22.6244
142 72 36.9686
151 72 36.9686
162 72 33.8983
166 72 36.9686
575 72 33.8983
27 73 21.4362
44 73 22.6244
45 73 22.6244
132 73 33.8983
146 73 36.9686
162 73 33.8983
166 73 36.9686
596 73 16.2999
45 74 22.6244
146 74 36.9686
162 74 33.8983
596 74 16.2999
38 75 22.6244
49 75 22.6244
146 75 36.9686
162 75 33.8983
204 75 45.1467
620 75 15.674
621 75 15.674
26 76 22.6244
33 76 23.9521
38 76 22.6244
49 76 22.6244
161 76 33.8983
204 76 45.1467
620 76 15.674
26 77 22.6244
33 77 23.9521
49 77 22.6244
133 77 33.8983
146 77 36.9686
161 77 33.8983
168 77 33.8983
368 77 36.9686
43 78 22.6244
133 78 33.8983
156 78 33.8983
161 78 33.8983
168 78 33.8983
43 79 22.6244
50 79 22.6244
51 79 22.6244
133 79 33.8983
138 79 33.8983
155 79 33.8983
156 79 33.8983
161 79 33.8983
595 79 17.7148
596 79 17.7148
606 79 16.2999
50 80 22.6244
154 80 33.8983
155 80 33.8983
161 80 33.8983
168 80 33.8983
595 80 17.7148
596 80 17.7148
33 81 21.4362
48 81 22.6244
153 81 33.8983
154 81 33.8983
161 81 33.8983
168 81 33.8983
206 81 45.1467
607 81 16.2999
48 82 22.6244
153 82 33.8983
154 82 33.8983
161 82 33.8983
167 82 36.9686
206 82 45.1467
611 82 15.674
612 82 15.674
17 83 21.4362
60 83 23.9521
132 83 33.8983
153 83 33.8983
154 83 33.8983
166 83 36.9686
167 83 36.9686
206 83 45.1467
610 83 15.674
611 83 15.674
612 83 15.674
54 84 22.6244
61 84 23.9521
132 84 33.8983
136 84 33.8983
166 84 36.9686
331 84 45.1467
332 84 45.1467
484 84 31.2989
591 84 16.9779
609 84 16.2999
610 84 15.674
611 84 15.674
23 85 22.6244
46 85 22.6244
53 85 22.6244
54 85 22.6244
61 85 23.9521
136 85 33.8983
166 85 36.9686
637 85 15.0943
23 86 21.4362
39 86 21.4362
53 86 22.6244
54 86 22.6244
61 86 23.9521
166 86 33.8983
205 86 45.1467
632 86 17.7148
633 86 16.9779
634 86 16.9779
636 86 15.674
637 86 15.674
53 87 22.6244
61 87 23.9521
165 87 33.8983
204 87 45.1467
631 87 17.7148
632 87 17.7148
633 87 16.9779
21 88 22.6244
24 88 22.6244
45 88 22.6244
53 88 22.6244
60 88 23.9521
61 88 23.9521
132 88 33.8983
165 88 33.8983
615 88 15.674
635 88 16.2999
636 88 15.674
53 89 22.6244
60 89 23.9521
61 89 23.9521
164 89 33.8983
165 89 33.8983
199 89 45.1467
615 89 15.674
60 90 22.6244
164 90 33.8983
165 90 33.8983
17 91 21.4362
59 91 22.6244
60 91 22.6244
133 91 33.8983
161 91 33.8983
165 91 33.8983
364 91 36.9686
365 91 36.9686
16 92 21.4362
42 92 23.9521
43 92 23.9521
52 92 22.6244
59 92 22.6244
60 92 22.6244
165 92 33.8983
484 92 31.2989
485 92 31.2989
23 93 21.4362
24 93 21.4362
59 93 22.6244
60 93 22.6244
164 93 33.8983
24 94 21.4362
59 94 23.9521
44 95 21.4362
45 95 21.4362
54 95 22.6244
58 95 23.9521
59 95 23.9521
575 95 45.1467
576 95 45.1467
3 96 21.4362
44 96 21.4362
58 96 23.9521
59 96 23.9521
169 96 33.8983
14 97 21.4362
52 97 22.6244
53 97 22.6244
58 97 22.6244
128 97 33.8983
169 97 33.8983
206 97 45.1467
610 97 16.2999
611 97 16.2999
612 97 16.2999
52 98 22.6244
58 98 22.6244
206 98 45.1467
38 99 22.6244
39 99 22.6244
59 99 22.6244
35 100 31.2989
38 100 22.6244
39 100 22.6244
55 100 22.6244
58 100 22.6244
169 100 36.9686
199 100 45.1467
3 101 21.4362
4 101 22.6244
9 101 21.4362
38 101 22.6244
51 101 22.6244
58 101 22.6244
168 101 36.9686
3 102 21.4362
4 102 22.6244
33 102 31.2989
51 102 22.6244
57 102 22.6244
58 102 22.6244
168 102 36.9686
483 102 33.8983
484 102 33.8983
5 103 22.6244
6 103 22.6244
7 103 22.6244
8 103 21.4362
9 103 21.4362
57 103 22.6244
58 103 22.6244
168 103 36.9686
57 104 22.6244
128 104 33.8983
22 105 21.4362
28 105 21.4362
57 105 22.6244
135 105 33.8983
165 105 31.2989
28 106 21.4362
50 106 22.6244
56 106 22.6244
57 106 22.6244
135 106 33.8983
203 106 45.1467
50 107 22.6244
55 107 22.6244
56 107 22.6244
483 107 33.8983
484 107 33.8983
55 108 22.6244
213 108 45.1467
54 109 23.9521
55 109 23.9521
167 109 33.8983
201 109 45.1467
213 109 45.1467
21 110 21.4362
54 110 23.9521
55 110 23.9521
167 110 33.8983
168 110 33.8983
201 110 45.1467
213 110 45.1467
45 111 22.6244
54 111 23.9521
165 111 33.8983
166 111 33.8983
213 111 45.1467
254 111 57.971
91 112 36.9686
158 112 33.8983
159 112 33.8983
165 112 33.8983
213 112 45.1467
32 113 21.4362
52 113 22.6244
59 113 33.8983
82 113 36.9686
158 113 33.8983
213 113 45.1467
482 113 31.2989
483 113 31.2989
52 114 22.6244
59 114 36.9686
158 114 33.8983
168 114 33.8983
213 114 45.1467
51 115 22.6244
52 115 22.6244
58 115 36.9686
158 115 33.8983
167 115 33.8983
213 115 45.1467
628 115 15.674
19 116 21.4362
50 116 22.6244
51 116 22.6244
58 116 36.9686
77 116 36.9686
117 116 67.5676
158 116 33.8983
167 116 33.8983
628 116 15.674
49 117 22.6244
50 117 22.6244
51 117 22.6244
77 117 36.9686
117 117 67.5676
158 117 33.8983
213 117 45.1467
49 118 22.6244
50 118 22.6244
77 118 36.9686
167 118 33.8983
213 118 45.1467
4 119 22.6244
5 119 22.6244
8 119 21.4362
54 119 22.6244
76 119 36.9686
213 119 45.1467
291 119 22.6244
484 119 31.2989
54 120 22.6244
167 120 33.8983
14 121 21.4362
27 121 21.4362
53 121 22.6244
54 121 22.6244
74 121 36.9686
166 121 33.8983
167 121 33.8983
204 121 45.1467
5 122 21.4362
6 122 21.4362
26 122 21.4362
44 122 22.6244
45 122 22.6244
53 122 22.6244
74 122 36.9686
166 122 33.8983
167 122 33.8983
204 122 45.1467
4 123 21.4362
5 123 21.4362
6 123 21.4362
44 123 22.6244
53 123 22.6244
166 123 33.8983
204 123 45.1467
52 124 22.6244
53 124 22.6244
204 124 45.1467
626 124 16.2999
7 125 22.6244
8 125 21.4362
52 125 22.6244
53 125 22.6244
73 125 36.9686
87 125 36.9686
52 126 22.6244
73 126 36.9686
217 126 45.1467
10 127 21.4362
11 127 21.4362
48 127 22.6244
52 127 22.6244
216 127 45.1467
9 128 21.4362
13 128 22.6244
37 128 22.6244
38 128 22.6244
51 128 22.6244
52 128 23.9521
8 129 21.4362
9 129 21.4362
13 129 22.6244
37 129 22.6244
38 129 22.6244
40 129 22.6244
48 129 22.6244
49 129 22.6244
50 129 22.6244
13 130 22.6244
47 130 22.6244
48 130 22.6244
52 130 36.9686
80 130 36.9686
479 130 45.1467
480 130 45.1467
7 131 21.4362
13 131 22.6244
46 131 22.6244
47 131 22.6244
48 131 22.6244
52 131 36.9686
632 131 15.674
4 132 22.6244
7 132 21.4362
45 132 22.6244
46 132 22.6244
47 132 22.6244
52 132 36.9686
219 132 45.1467
252 132 57.971
631 132 15.674
632 132 15.674
7 133 21.4362
45 133 22.6244
52 133 36.9686
90 133 36.9686
219 133 45.1467
52 134 36.9686
12 135 22.6244
13 135 22.6244
12 136 22.6244
13 136 22.6244
47 136 22.6244
48 136 22.6244
12 137 22.6244
71 137 36.9686
76 137 36.9686
206 137 45.1467
12 138 22.6244
33 138 22.6244
51 138 36.9686
71 138 36.9686
11 139 22.6244
12 139 22.6244
33 139 22.6244
40 139 23.9521
41 139 23.9521
46 139 23.9521
50 139 36.9686
51 139 36.9686
71 139 36.9686
187 139 80.9717
11 140 22.6244
28 140 22.6244
39 140 22.6244
50 140 36.9686
11 141 22.6244
28 141 22.6244
38 141 22.6244
50 141 36.9686
219 141 45.1467
5 142 36.9686
7 142 36.9686
10 142 22.6244
11 142 22.6244
28 142 22.6244
40 142 22.6244
81 142 40.6504
82 142 40.6504
219 142 45.1467
10 143 22.6244
11 143 22.6244
28 143 22.6244
29 143 22.6244
40 143 22.6244
48 143 36.9686
68 143 36.9686
10 144 22.6244
28 144 22.6244
29 144 22.6244
48 144 36.9686
68 144 36.9686
79 144 36.9686
627 144 16.2999
628 144 16.2999
9 145 22.6244
10 145 22.6244
28 145 22.6244
29 145 22.6244
34 145 36.9686
47 145 36.9686
206 145 45.1467
627 145 16.2999
628 145 16.2999
9 146 22.6244
28 146 22.6244
29 146 22.6244
34 146 36.9686
47 146 36.9686
77 146 40.6504
206 146 45.1467
5 147 33.8983
9 147 22.6244
29 147 22.6244
35 147 36.9686
46 147 36.9686
66 147 36.9686
76 147 40.6504
9 148 22.6244
29 148 22.6244
44 148 36.9686
46 148 36.9686
70 148 36.9686
76 148 40.6504
7 149 22.6244
28 149 22.6244
29 149 22.6244
75 149 40.6504
216 149 45.1467
7 150 22.6244
28 150 22.6244
37 150 36.9686
68 150 36.9686
632 150 16.2999
7 151 22.6244
27 151 22.6244
28 151 22.6244
32 151 33.8983
68 151 36.9686
215 151 45.1467
6 152 22.6244
7 152 22.6244
27 152 22.6244
44 152 36.9686
63 152 36.9686
215 152 45.1467
5 153 22.6244
6 153 22.6244
26 153 22.6244
33 153 33.8983
40 153 36.9686
44 153 36.9686
5 154 22.6244
26 154 22.6244
33 154 33.8983
40 154 36.9686
44 154 36.9686
74 154 36.9686
5 155 22.6244
25 155 22.6244
33 155 33.8983
39 155 36.9686
44 155 36.9686
63 155 36.9686
65 155 36.9686
74 155 36.9686
24 156 22.6244
25 156 22.6244
39 156 36.9686
44 156 36.9686
50 156 33.8983
72 156 36.9686
7 157 22.6244
25 157 22.6244
39 157 36.9686
43 157 36.9686
7 158 22.6244
25 158 22.6244
39 158 36.9686
43 158 36.9686
64 158 36.9686
7 159 22.6244
27 159 22.6244
39 159 36.9686
69 159 36.9686
70 159 36.9686
6 160 22.6244
7 160 22.6244
26 160 22.6244
27 160 22.6244
34 160 36.9686
42 160 36.9686
68 160 36.9686
6 161 21.4362
27 161 22.6244
42 161 36.9686
65 161 36.9686
6 162 21.4362
26 162 22.6244
35 162 36.9686
64 162 36.9686
26 163 22.6244
27 163 22.6244
35 163 36.9686
42 163 36.9686
50 163 40.6504
147 163 33.8983
25 164 22.6244
26 164 22.6244
35 164 36.9686
42 164 36.9686
50 164 36.9686
147 164 33.8983
148 164 33.8983
25 165 22.6244
26 165 22.6244
147 165 33.8983
26 166 22.6244
42 166 36.9686
49 166 36.9686
60 166 36.9686
62 166 36.9686
212 166 45.1467
3 167 22.6244
26 167 22.6244
27 167 22.6244
37 167 36.9686
42 167 36.9686
165 167 36.9686
212 167 45.1467
3 168 22.6244
4 168 22.6244
25 168 22.6244
26 168 22.6244
29 168 33.8983
41 168 36.9686
42 168 36.9686
47 168 36.9686
48 168 36.9686
148 168 33.8983
635 168 15.674
4 169 22.6244
5 169 22.6244
25 169 22.6244
33 169 33.8983
41 169 36.9686
42 169 36.9686
47 169 36.9686
61 169 40.6504
74 169 40.6504
148 169 33.8983
4 170 22.6244
5 170 22.6244
25 170 22.6244
60 170 36.9686
61 170 36.9686
148 170 33.8983
4 171 22.6244
5 171 22.6244
37 171 36.9686
42 171 36.9686
46 171 36.9686
52 171 36.9686
57 171 36.9686
60 171 36.9686
4 172 22.6244
8 172 22.6244
28 172 22.6244
37 172 36.9686
42 172 36.9686
43 172 33.8983
57 172 36.9686
59 172 36.9686
3 173 22.6244
4 173 22.6244
28 173 22.6244
36 173 36.9686
40 173 33.8983
43 173 33.8983
59 173 36.9686
206 173 45.1467
635 173 15.674
3 174 22.6244
28 174 22.6244
36 174 36.9686
43 174 36.9686
58 174 36.9686
67 174 36.9686
148 174 33.8983
3 175 22.6244
27 175 22.6244
28 175 22.6244
35 175 36.9686
36 175 36.9686
48 175 36.9686
58 175 36.9686
66 175 36.9686
148 175 33.8983
3 176 22.6244
9 176 22.6244
27 176 22.6244
28 176 22.6244
36 176 36.9686
80 176 36.9686
248 176 57.971
540 176 40.6504
541 176 40.6504
542 176 40.6504
4 177 22.6244
9 177 22.6244
27 177 22.6244
35 177 36.9686
36 177 36.9686
42 177 33.8983
47 177 36.9686
55 177 36.9686
79 177 36.9686
248 177 57.971
4 178 22.6244
9 178 22.6244
26 178 22.6244
27 178 22.6244
35 178 36.9686
36 178 36.9686
47 178 36.9686
48 178 36.9686
57 178 36.9686
165 178 36.9686
4 179 22.6244
5 179 22.6244
9 179 22.6244
13 179 22.6244
27 179 22.6244
35 179 36.9686
36 179 36.9686
48 179 36.9686
61 179 36.9686
62 179 36.9686
480 179 50.7614
481 179 45.1467
482 179 45.1467
483 179 40.6504
4 180 21.4362
5 180 21.4362
13 180 22.6244
27 180 22.6244
35 180 36.9686
36 180 36.9686
44 180 36.9686
51 180 36.9686
54 180 36.9686
60 180 36.9686
61 180 36.9686
78 180 36.9686
79 180 36.9686
150 180 33.8983
479 180 57.971
480 180 50.7614
481 180 50.7614
482 180 45.1467
483 180 40.6504
484 180 40.6504
485 180 36.9686
4 181 21.4362
5 181 22.6244
9 181 22.6244
27 181 22.6244
36 181 36.9686
44 181 36.9686
51 181 36.9686
54 181 36.9686
150 181 33.8983
168 181 36.9686
480 181 50.7614
483 181 40.6504
484 181 40.6504
9 182 22.6244
27 182 22.6244
36 182 36.9686
44 182 36.9686
57 182 33.8983
76 182 36.9686
77 182 36.9686
150 182 33.8983
168 182 36.9686
477 182 200
479 182 67.5676
480 182 50.7614
481 182 50.7614
482 182 45.1467
483 182 40.6504
484 182 40.6504
9 183 22.6244
27 183 22.6244
28 183 22.6244
37 183 36.9686
46 183 33.8983
56 183 33.8983
70 183 36.9686
224 183 50.7614
477 183 200
8 184 22.6244
27 184 22.6244
28 184 22.6244
37 184 36.9686
38 184 36.9686
46 184 33.8983
55 184 33.8983
56 184 33.8983
157 184 36.9686
208 184 45.1467
224 184 50.7614
13 185 21.4362
27 185 22.6244
38 185 36.9686
46 185 33.8983
55 185 33.8983
68 185 36.9686
157 185 36.9686
208 185 45.1467
8 186 22.6244
13 186 21.4362
26 186 22.6244
35 186 36.9686
46 186 33.8983
54 186 33.8983
60 186 67.5676
67 186 36.9686
157 186 36.9686
208 186 45.1467
8 187 22.6244
20 187 21.4362
25 187 22.6244
39 187 36.9686
46 187 33.8983
51 187 57.971
54 187 33.8983
69 187 36.9686
77 187 45.1467
157 187 36.9686
161 187 36.9686
208 187 45.1467
25 188 22.6244
46 188 33.8983
157 188 36.9686
161 188 36.9686
590 188 12.7389
591 188 12.7389
21 189 22.6244
22 189 22.6244
66 189 36.9686
67 189 36.9686
157 189 36.9686
207 189 50.7614
468 189 200
587 189 13.1492
588 189 12.7389
22 190 22.6244
66 190 36.9686
157 190 36.9686
207 190 50.7614
473 190 67.5676
474 190 67.5676
475 190 57.971
476 190 57.971
487 190 23.9521
16 191 22.6244
52 191 36.9686
53 191 36.9686
249 191 57.971
472 191 67.5676
473 191 67.5676
474 191 67.5676
475 191 57.971
476 191 57.971
16 192 22.6244
52 192 36.9686
157 192 36.9686
249 192 57.971
473 192 67.5676
474 192 67.5676
475 192 57.971
62 193 36.9686
157 193 36.9686
583 193 13.1492
23 194 22.6244
41 194 36.9686
61 194 36.9686
157 194 36.9686
582 194 13.1492
597 194 13.1492
598 194 13.1492
11 195 21.4362
23 195 22.6244
59 195 36.9686
60 195 36.9686
157 195 36.9686
247 195 57.971
581 195 13.1492
10 196 21.4362
157 196 36.9686
10 197 21.4362
56 197 36.9686
157 197 36.9686
597 197 12.7389
624 197 14.0548
625 197 14.0548
10 198 21.4362
21 198 22.6244
157 198 36.9686
578 198 13.587
10 199 21.4362
157 199 36.9686
597 199 12.7389
623 199 14.556
140 200 33.8983
157 200 36.9686
161 200 36.9686
596 200 12.3533
597 200 12.3533
621 200 14.556
157 201 36.9686
521 201 21.4362
576 201 13.587
621 201 14.556
10 202 22.6244
157 202 36.9686
10 203 22.6244
157 203 36.9686
189 203 50.7614
596 203 12.3533
21 204 22.6244
157 204 36.9686
493 204 22.6244
494 204 21.4362
495 204 21.4362
496 204 21.4362
596 204 12.3533
5 205 21.4362
21 205 22.6244
157 205 36.9686
496 205 21.4362
595 205 12.7389
596 205 12.7389
5 206 21.4362
11 206 21.4362
51 206 36.9686
157 206 36.9686
595 206 12.7389
11 207 21.4362
51 207 36.9686
157 207 36.9686
161 207 36.9686
247 207 67.5676
565 207 13.587
566 207 13.587
576 207 13.1492
595 207 12.7389
4 208 21.4362
11 208 21.4362
27 208 22.6244
46 208 36.9686
51 208 36.9686
563 208 13.587
564 208 13.587
565 208 13.587
566 208 13.587
574 208 13.587
575 208 13.587
594 208 12.7389
595 208 12.7389
630 208 14.556
26 209 22.6244
46 209 36.9686
51 209 36.9686
504 209 22.6244
505 209 22.6244
563 209 13.587
564 209 13.587
573 209 13.587
574 209 13.587
575 209 13.587
590 209 12.7389
594 209 12.7389
595 209 12.7389
25 210 22.6244
26 210 22.6244
46 210 36.9686
51 210 36.9686
149 210 33.8983
496 210 20.3666
504 210 22.6244
505 210 22.6244
506 210 22.6244
574 210 13.587
575 210 13.587
590 210 12.7389
593 210 12.7389
594 210 12.7389
595 210 12.7389
14 211 21.4362
25 211 22.6244
26 211 22.6244
46 211 36.9686
51 211 36.9686
149 211 33.8983
247 211 57.971
496 211 20.3666
594 211 12.7389
595 211 12.7389
26 212 22.6244
51 212 36.9686
495 212 20.3666
496 212 20.3666
593 212 12.7389
594 212 12.7389
595 212 12.7389
26 213 22.6244
46 213 36.9686
52 213 36.9686
543 213 16.2999
593 213 12.7389
594 213 12.7389
595 213 12.3533
3 214 21.4362
23 214 22.6244
24 214 22.6244
517 214 18.5185
518 214 18.5185
569 214 14.0548
570 214 14.0548
571 214 14.0548
572 214 13.587
589 214 12.7389
592 214 12.7389
593 214 12.7389
594 214 12.7389
595 214 12.3533
3 215 21.4362
23 215 22.6244
52 215 36.9686
388 215 80.9717
389 215 80.9717
390 215 67.5676
391 215 50.7614
392 215 45.1467
517 215 18.5185
568 215 14.0548
569 215 14.0548
570 215 14.0548
571 215 14.0548
23 216 22.6244
52 216 36.9686
378 216 200
388 216 80.9717
389 216 80.9717
492 216 21.4362
495 216 21.4362
511 216 19.3986
512 216 19.3986
513 216 19.3986
542 216 16.2999
543 216 16.2999
568 216 14.0548
569 216 14.0548
570 216 14.0548
23 217 22.6244
52 217 36.9686
148 217 33.8983
495 217 21.4362
512 217 19.3986
513 217 19.3986
514 217 18.5185
4 218 22.6244
5 218 22.6244
23 218 22.6244
148 218 33.8983
543 218 16.2999
544 218 16.2999
22 219 22.6244
23 219 22.6244
51 219 36.9686
584 219 12.7389
585 219 12.7389
586 219 12.7389
22 220 22.6244
23 220 22.6244
51 220 36.9686
584 220 12.7389
585 220 12.7389
589 220 11.6482
590 220 11.6482
3 221 29.0698
22 221 22.6244
23 221 22.6244
51 221 36.9686
126 221 57.971
135 221 50.7614
148 221 33.8983
22 222 22.6244
23 222 22.6244
51 222 36.9686
149 222 33.8983
22 223 22.6244
23 223 22.6244
51 223 36.9686
149 223 33.8983
560 223 14.556
561 223 14.556
562 223 14.556
12 224 22.6244
22 224 22.6244
23 224 22.6244
46 224 36.9686
51 224 36.9686
542 224 16.2999
543 224 16.2999
544 224 16.2999
548 224 16.2999
22 225 22.6244
23 225 22.6244
46 225 36.9686
51 225 36.9686
482 225 22.6244
483 225 22.6244
561 225 14.556
23 226 22.6244
51 226 36.9686
482 226 22.6244
23 227 22.6244
51 227 36.9686
140 227 33.8983
151 227 33.8983
152 227 33.8983
502 227 20.3666
503 227 20.3666
576 227 13.1492
3 228 29.0698
15 228 21.4362
23 228 22.6244
51 228 36.9686
152 228 33.8983
501 228 20.3666
502 228 20.3666
503 228 20.3666
504 228 19.3986
584 228 12.7389
585 228 12.7389
586 228 12.7389
15 229 21.4362
23 229 22.6244
47 229 36.9686
501 229 20.3666
502 229 20.3666
503 229 20.3666
15 230 21.4362
23 230 22.6244
28 230 23.9521
52 230 36.9686
550 230 16.2999
551 230 16.2999
552 230 16.2999
15 231 21.4362
22 231 22.6244
23 231 22.6244
28 231 23.9521
47 231 36.9686
52 231 36.9686
550 231 16.2999
551 231 16.2999
552 231 16.2999
553 231 15.674
560 231 14.556
6 232 21.4362
15 232 21.4362
22 232 22.6244
23 232 22.6244
47 232 36.9686
165 232 33.8983
470 232 23.9521
502 232 20.3666
503 232 20.3666
527 232 16.9779
528 232 16.9779
23 233 21.4362
29 233 23.9521
526 233 16.9779
527 233 16.9779
528 233 16.9779
23 234 21.4362
24 234 21.4362
29 234 23.9521
526 234 16.9779
527 234 16.9779
562 234 14.556
563 234 14.556
6 235 22.6244
24 235 21.4362
25 235 21.4362
29 235 23.9521
486 235 22.6244
487 235 22.6244
561 235 14.556
562 235 14.556
567 235 13.587
568 235 13.587
569 235 13.587
585 235 12.7389
25 236 21.4362
502 236 20.3666
503 236 20.3666
525 236 17.7148
526 236 17.7148
530 236 15.0943
561 236 14.0548
562 236 14.0548
569 236 13.587
585 236 12.7389
36 237 23.9521
502 237 20.3666
568 237 13.587
569 237 13.587
570 237 13.587
584 237 12.7389
585 237 12.7389
586 237 12.7389
36 238 23.9521
37 238 23.9521
507 238 19.3986
561 238 14.556
584 238 12.7389
585 238 12.7389
3 239 21.4362
4 239 21.4362
24 239 22.6244
27 239 23.9521
33 239 23.9521
37 239 23.9521
507 239 19.3986
532 239 16.9779
533 239 16.9779
560 239 14.556
570 239 13.587
3 240 21.4362
17 240 21.4362
24 240 22.6244
27 240 23.9521
37 240 23.9521
531 240 16.9779
532 240 16.9779
533 240 16.9779
570 240 13.587
571 240 13.587
3 241 21.4362
17 241 21.4362
24 241 22.6244
25 241 22.6244
54 241 23.9521
533 241 16.9779
3 242 21.4362
4 242 21.4362
24 242 22.6244
25 242 22.6244
54 242 23.9521
55 242 23.9521
512 242 19.3986
570 242 13.587
571 242 13.587
599 242 36.9686
621 242 11.325
622 242 11.325
623 242 11.325
624 242 11.0193
625 242 10.7296
626 242 10.7296
4 243 21.4362
25 243 22.6244
511 243 19.3986
512 243 19.3986
533 243 16.9779
557 243 15.0943
558 243 15.0943
559 243 14.556
560 243 14.556
561 243 14.0548
571 243 13.587
572 243 13.587
621 243 11.325
622 243 11.325
623 243 11.325
624 243 11.0193
631 243 11.0193
632 243 10.7296
25 244 22.6244
26 244 22.6244
66 244 23.9521
504 244 20.3666
505 244 20.3666
533 244 16.9779
534 244 16.9779
545 244 17.7148
546 244 17.7148
547 244 16.9779
548 244 16.9779
549 244 16.2999
550 244 16.2999
551 244 15.674
557 244 15.0943
558 244 15.0943
559 244 14.556
560 244 14.556
561 244 14.0548
571 244 13.587
572 244 13.587
620 244 11.325
621 244 11.325
622 244 11.325
623 244 11.325
632 244 10.7296
633 244 10.7296
634 244 10.7296
533 245 16.9779
619 245 11.325
621 245 11.325
527 246 16.9779
533 246 16.9779
572 246 13.587
619 246 11.325
620 246 11.325
621 246 11.325
634 246 10.7296
635 246 10.7296
568 247 14.0548
572 247 13.587
573 247 13.587
620 247 11.325
635 247 10.4548
636 247 10.4548
568 248 14.0548
572 248 13.587
618 248 11.325
619 248 11.325
620 248 11.325
635 248 10.4548
636 248 10.4548
572 249 13.587
573 249 13.587
618 249 11.325
619 249 11.325
620 249 11.325
637 249 10.4548
531 250 16.9779
618 250 11.325
619 250 11.325
620 250 11.325
636 250 10.4548
637 250 10.4548
573 251 13.587
618 251 11.325
619 251 11.325
573 252 13.587
574 252 13.587
618 252 11.325
619 252 11.325
637 252 10.4548
573 253 13.587
574 253 13.587
618 253 11.6482
619 253 11.6482
637 253 10.4548
566 254 14.556
567 254 14.556
618 254 11.325
619 254 11.325
566 255 14.556
567 255 14.556
618 255 11.325
619 255 11.325
576 256 14.0548
577 256 14.0548
619 256 11.325
628 256 11.325
629 256 11.325
430 257 16.2999
576 257 13.587
577 257 13.587
619 257 11.325
620 257 11.325
628 257 11.325
634 257 10.7296
635 257 10.7296
636 257 10.7296
576 258 13.587
577 258 13.587
619 258 11.325
620 258 11.325
635 258 10.7296
636 258 10.7296
576 259 13.587
618 259 11.325
619 259 11.325
620 259 11.325
634 259 10.7296
635 259 10.7296
636 259 10.7296
575 260 13.587
576 260 13.587
619 260 11.325
620 260 11.325
634 260 10.7296
563 261 14.556
564 261 14.556
565 261 14.556
576 261 13.587
618 261 11.325
619 261 11.325
620 261 11.325
637 261 10.4548
565 262 14.556
618 262 11.325
619 262 11.325
620 262 11.325
632 262 11.325
633 262 11.0193
634 262 11.0193
635 262 10.7296
636 262 10.7296
637 262 10.4548
637 264 10.4548
634 265 11.0193
636 265 10.7296
637 265 10.4548
621 266 11.325
629 266 11.0193
628 267 11.0193
629 267 11.0193
241 268 12.7389
628 268 11.0193
629 268 11.0193
103 269 14.556
241 269 12.7389
242 269 12.7389
95 270 15.0943
631 270 11.0193
632 270 11.0193
630 271 11.0193
631 271 11.0193
635 271 10.7296
227 273 11.9904
634 275 10.7296
633 276 10.7296
228 278 10.7296
625 278 11.0193
626 278 11.0193
197 279 11.0193
198 279 11.0193
229 279 11.0193
626 279 11.0193
627 279 11.0193
225 280 10.7296
226 280 10.7296
225 281 10.7296
226 281 10.7296
171 282 10.7296
199 282 10.7296
171 283 10.7296
172 283 10.7296
195 283 10.4548
195 284 10.4548
196 284 10.4548
167 287 10.1937
152 288 10.1937
153 288 10.1937
464 289 10.1937
465 289 10.1937
466 289 10.1937
144 290 9.70874
459 290 10.4548
460 290 10.4548
461 290 10.1937
462 290 10.1937
463 290 10.4548
465 290 10.1937
466 290 10.1937
467 290 10.1937
144 291 9.70874
468 291 9.9453
168 292 9.26784
169 292 9.26784
250 292 9.70874
169 293 9.26784
247 294 9.70874
67 296 7.55287
153 296 9.26784
188 296 8.86525
162 297 9.06207
188 297 8.86525
207 297 8.86525
218 297 8.67679
188 298 8.86525
189 298 8.86525
208 298 8.86525
209 298 8.86525
218 298 8.67679
219 298 8.67679
68 299 7.55287
189 299 8.86525
190 299 8.86525
209 299 8.86525
103 300 8.67679
175 300 8.49618
574 300 9.06207
72 301 7.55287
78 301 7.69527
171 301 8.32293
584 301 9.06207
585 301 9.06207
619 301 8.67679
620 301 8.67679
79 302 7.69527
82 302 7.9968
171 302 8.32293
172 302 8.32293
591 302 8.86525
592 302 8.86525
617 302 8.67679
618 302 8.67679
619 302 8.67679
620 302 8.67679
621 302 8.67679
79 303 7.69527
196 303 8.32293
600 303 8.49618
601 303 8.49618
616 303 8.67679
617 303 8.67679
618 303 8.67679
619 303 8.67679
71 304 7.55287
90 304 8.15661
91 304 8.32293
145 304 8.32293
189 304 8.32293
190 304 8.15661
209 304 8.32293
554 304 9.06207
556 304 8.86525
557 304 8.67679
613 304 8.86525
614 304 8.86525
615 304 8.86525
616 304 8.67679
617 304 8.67679
71 305 7.55287
88 305 8.15661
90 305 8.15661
91 305 8.32293
189 305 8.32293
190 305 8.15661
192 305 8.32293
193 305 8.32293
558 305 8.67679
559 305 8.32293
199 306 8.15661
74 307 7.69527
113 307 7.9968
213 307 8.32293
214 307 8.32293
166 308 7.9968
195 308 7.84314
196 308 7.84314
85 309 7.84314
103 309 7.84314
196 309 7.84314
86 310 7.84314
146 310 7.84314
168 310 7.84314
141 311 7.84314
169 311 7.9968
221 311 7.84314
120 312 7.69527
132 312 7.55287
141 312 7.84314
144 312 7.84314
156 312 8.67679
160 312 7.69527
117 313 7.69527
126 313 7.55287
132 313 7.55287
160 313 7.69527
162 313 7.69527
87 314 7.41565
117 314 7.69527
126 314 7.55287
127 314 7.55287
152 314 7.69527
628 314 7.69527
629 314 7.69527
630 314 7.69527
631 314 7.69527
632 314 7.55287
83 315 7.41565
88 315 7.41565
127 315 7.55287
153 315 7.69527
190 315 7.41565
191 315 7.41565
192 315 7.41565
617 315 7.55287
84 316 7.28332
88 316 7.41565
127 316 7.41565
128 316 7.41565
189 316 7.41565
192 316 7.41565
620 316 7.69527
621 316 7.69527
84 317 7.28332
85 317 7.28332
189 317 7.41565
190 317 7.41565
625 317 7.69527
626 317 7.69527
627 317 7.69527
628 317 7.69527
84 318 7.28332
85 318 7.28332
189 318 7.28332
190 318 7.41565
211 318 7.55287
600 318 7.69527
601 318 7.69527
629 318 7.55287
110 319 7.15564
633 319 7.55287
634 319 7.55287
635 319 7.55287
636 319 7.55287
46 320 6.91324
62 320 7.28332
64 320 7.69527
136 320 7.03235
498 320 7.69527
499 320 7.69527
505 320 7.55287
506 320 7.55287
507 320 7.41565
508 320 7.41565
509 320 7.41565
533 320 7.41565
46 321 6.91324
60 321 7.28332
136 321 7.03235
137 321 7.03235
163 321 7.03235
164 321 7.03235
509 321 7.41565
53 322 6.91324
59 322 7.28332
54 323 6.68673
97 323 6.91324
167 323 6.91324
210 323 7.28332
619 323 7.9968
620 323 7.9968
621 323 7.84314
97 324 6.91324
98 324 6.91324
133 324 6.7981
134 324 6.7981
168 324 6.91324
211 324 7.28332
622 324 7.55287
623 324 7.55287
624 324 7.41565
625 324 7.41565
626 324 7.28332
627 324 7.28332
628 324 7.15564
629 324 7.15564
630 324 7.15564
631 324 7.15564
632 324 7.15564
633 324 7.15564
634 324 7.03235
635 324 6.91324
636 324 6.7981
53 325 6.68673
112 325 6.7981
134 325 6.7981
625 325 7.41565
626 325 7.28332
627 325 7.28332
628 325 7.15564
629 325 7.15564
630 325 7.15564
631 325 7.15564
635 325 6.91324
636 325 6.7981
637 325 6.68673
55 326 6.7981
56 326 6.7981
224 326 7.41565
56 327 6.7981
76 327 6.7981
200 329 6.7981
126 330 6.47459
127 330 6.47459
128 330 6.47459
216 330 7.03235
55 331 6.37349
87 331 6.57895
113 331 6.37349
127 331 6.37349
128 331 6.37349
152 331 6.47459
153 331 6.47459
161 331 6.37349
162 331 6.37349
163 331 6.37349
164 331 6.37349
42 332 6.37349
83 332 6.57895
84 332 6.57895
113 332 6.37349
114 332 6.37349
121 332 6.37349
128 332 6.37349
153 332 6.47459
154 332 6.47459
159 332 6.27549
164 332 6.37349
165 332 6.37349
218 332 7.03235
219 332 7.03235
39 333 6.57895
42 333 6.37349
43 333 6.37349
44 333 6.37349
60 333 6.47459
82 333 6.57895
83 333 6.57895
104 333 7.15564
107 333 6.27549
114 333 6.37349
121 333 6.27549
128 333 6.37349
159 333 6.27549
160 333 6.27549
39 334 6.57895
42 334 6.37349
43 334 6.37349
45 334 6.37349
55 334 6.37349
61 334 6.47459
102 334 7.03235
103 334 7.03235
104 334 7.15564
107 334 6.27549
108 334 6.27549
121 334 6.27549
122 334 6.27549
159 334 6.27549
160 334 6.27549
32 335 6.37349
45 335 6.37349
46 335 6.37349
50 335 6.27549
99 335 6.37349
100 335 6.37349
101 335 6.47459
107 335 6.27549
108 335 6.27549
121 335 6.27549
122 335 6.27549
123 335 6.27549
46 336 6.37349
51 336 6.27549
100 336 6.37349
108 336 6.27549
123 336 6.27549
124 336 6.27549
57 337 6.27549
85 337 6.18047
96 337 6.27549
107 337 6.18047
108 337 6.18047
109 337 6.18047
143 337 6.18047
57 338 6.27549
61 338 6.37349
84 338 6.18047
85 338 6.18047
96 338 6.27549
97 338 6.27549
108 338 6.18047
135 338 6.18047
136 338 6.18047
144 338 6.18047
39 339 6.18047
40 339 6.18047
57 339 6.27549
82 339 6.18047
83 339 6.18047
86 339 6.18047
94 339 6.27549
98 339 6.27549
139 339 6.18047
140 339 6.18047
51 340 6.18047
52 340 6.18047
57 340 6.18047
82 340 6.18047
83 340 6.18047
122 340 5.9988
123 340 5.9988
140 340 6.18047
141 340 6.18047
180 340 6.08828
4 341 5.91191
10 341 5.91191
11 341 5.91191
12 341 5.91191
17 341 5.91191
29 341 5.9988
123 341 5.9988
124 341 6.08828
153 341 5.91191
180 341 6.08828
181 341 6.08828
11 342 5.91191
17 342 5.91191
29 342 5.9988
30 342 5.9988
46 342 6.18047
47 342 6.18047
120 342 5.9988
121 342 5.9988
153 342 5.91191
80 343 6.08828
120 343 5.9988
121 343 5.9988
128 343 5.91191
129 343 5.82751
154 343 5.91191
120 344 5.9988
131 344 5.74548
138 344 5.74548
139 344 5.74548
155 344 5.91191
11 345 5.82751
33 345 5.91191
34 345 5.91191
111 345 5.74548
112 345 5.74548
131 345 5.74548
132 345 5.66572
139 345 5.74548
149 345 5.91191
112 346 5.74548
131 346 5.66572
132 346 5.66572
140 346 5.74548
28 347 5.82751
29 347 5.82751
132 347 5.66572
133 347 5.66572
139 347 5.74548
144 347 5.82751
145 347 5.82751
146 347 5.82751
147 347 5.82751
207 347 6.27549
28 348 5.82751
29 348 5.82751
132 348 5.66572
133 348 5.66572
134 348 5.66572
135 348 5.66572
139 348 5.74548
178 348 5.82751
204 348 6.27549
205 348 6.27549
508 348 6.08828
509 348 6.08828
510 348 6.08828
22 349 5.82751
29 349 5.82751
61 349 5.66572
67 349 5.74548
135 349 5.66572
205 349 6.27549
21 350 5.82751
61 350 5.66572
62 350 5.66572
135 350 5.66572
175 350 5.74548
40 351 5.66572
61 351 5.66572
62 351 5.66572
90 351 5.58815
101 351 5.82751
135 351 5.58815
136 351 5.58815
153 351 5.66572
163 351 5.66572
176 351 5.74548
61 352 5.66572
62 352 5.66572
98 352 5.66572
99 352 5.82751
103 352 5.91191
126 352 5.43922
153 352 5.66572
154 352 5.66572
160 352 5.58815
161 352 5.66572
170 352 5.74548
171 352 5.74548
35 353 5.58815
51 353 5.58815
52 353 5.58815
53 353 5.58815
54 353 5.58815
62 353 5.66572
79 353 5.74548
96 353 5.58815
97 353 5.66572
99 353 5.82751
111 353 5.51268
114 353 5.36769
160 353 5.58815
161 353 5.66572
162 353 5.66572
19 354 5.51268
35 354 5.58815
51 354 5.58815
52 354 5.58815
53 354 5.58815
55 354 5.82751
97 354 5.66572
114 354 5.36769
143 354 5.51268
144 354 5.51268
6 355 5.51268
13 355 5.51268
171 355 5.66572
114 356 5.36769
116 356 5.58815
118 356 5.43922
119 356 5.43922
120 356 5.43922
172 356 5.66572
96 357 5.74548
100 357 5.29801
104 357 5.29801
120 357 5.43922
46 358 5.43922
47 358 5.43922
100 358 5.29801
101 358 5.29801
102 358 5.29801
106 358 5.66572
108 358 5.74548
109 358 5.74548
111 358 5.36769
106 359 5.29801
108 359 5.74548
111 359 5.36769
112 359 5.29801
155 359 5.36769
505 359 5.74548
506 359 5.74548
42 360 5.29801
55 360 5.43922
92 360 5.03651
93 360 5.03651
94 360 5.03651
111 360 5.36769
112 360 5.29801
41 361 5.29801
85 361 5.29801
87 361 5.03651
90 361 5.03651
95 361 4.97512
96 361 4.97512
104 361 5.29801
105 361 5.29801
41 362 5.29801
89 362 5.03651
96 362 4.97512
97 362 4.97512
104 362 5.29801
105 362 5.29801
108 362 5.16396
161 362 5.36769
11 363 5.16396
23 363 5.16396
24 363 5.16396
30 363 5.16396
36 363 5.23013
89 363 5.03651
109 363 5.16396
118 363 5.16396
11 364 5.16396
23 364 5.16396
24 364 5.16396
35 364 5.23013
36 364 5.23013
37 364 5.23013
110 364 5.16396
118 364 5.16396
119 364 5.16396
8 365 5.09944
9 365 5.09944
24 365 5.16396
35 365 5.23013
36 365 5.23013
37 365 5.23013
105 365 5.16396
120 365 5.16396
8 366 5.09944
9 366 5.09944
105 366 5.16396
26 367 5.03651
72 367 5.09944
95 367 4.97512
110 367 5.09944
25 368 4.97512
26 368 4.97512
61 368 5.09944
82 368 4.97512
83 368 4.97512
136 368 5.09944
25 369 4.97512
26 369 4.97512
61 369 5.09944
83 369 4.97512
84 369 4.97512
122 369 5.09944
123 369 5.09944
15 370 4.91521
31 370 4.97512
32 370 4.97512
33 370 4.97512
124 370 5.09944
14 371 4.91521
15 371 4.91521
31 371 4.97512
95 371 4.85673
130 371 4.97512
14 372 4.91521
27 372 4.97512
94 372 4.85673
95 372 4.85673
101 372 5.23013
103 372 4.91521
104 372 4.91521
10 373 4.85673
27 373 4.97512
54 373 4.97512
94 373 4.85673
95 373 4.85673
104 373 4.91521
105 373 4.91521
106 373 4.91521
116 373 4.91521
116 374 4.91521
117 374 4.91521
145 374 5.03651
73 377 4.584
114 377 4.79962
115 377 4.79962
134 377 4.79962
135 377 4.79962
70 378 4.68933
72 378 4.63607
73 378 4.584
96 378 4.63607
97 378 4.584
115 378 4.79962
130 378 4.85673
135 378 4.79962
69 379 4.68933
70 379 4.68933
72 379 4.63607
96 379 4.63607
97 379 4.584
98 379 4.584
130 379 4.85673
131 379 4.79962
132 379 4.79962
78 380 4.4833
90 380 4.63607
98 380 4.584
99 380 4.584
131 380 4.79962
132 380 4.79962
133 380 4.74383
78 381 4.4833
86 381 5.09944
90 381 4.63607
91 381 4.63607
99 381 4.584
100 381 4.53309
78 382 4.4833
79 382 4.4833
90 382 4.584
91 382 4.584
100 382 4.53309
101 382 4.53309
78 383 4.4833
79 383 4.4833
90 383 4.584
91 383 4.584
204 383 4.97512
5 384 4.38693
45 384 4.584
90 384 4.584
91 384 4.584
92 384 4.53309
97 384 4.2061
165 384 4.97512
5 385 4.38693
47 385 4.584
53 385 4.29461
54 385 4.29461
91 385 4.53309
92 385 4.53309
93 385 4.53309
131 385 4.63607
165 385 4.97512
4 386 4.38693
5 386 4.38693
13 386 4.38693
53 386 4.29461
54 386 4.29461
61 386 4.43459
64 386 4.43459
71 386 4.53309
77 386 4.53309
84 386 4.79962
87 386 4.43459
88 386 4.4833
92 386 4.53309
93 386 4.53309
94 386 4.4833
13 387 4.38693
63 387 4.43459
64 387 4.43459
78 387 4.4833
87 387 4.43459
88 387 4.43459
89 387 4.4833
103 387 4.53309
123 387 4.584
8 388 4.34028
63 388 4.43459
64 388 4.43459
103 388 4.53309
104 388 4.53309
105 388 4.53309
38 389 4.38693
65 389 4.38693
79 389 4.38693
47 390 4.29461
48 390 4.29461
66 390 4.34028
67 390 4.34028
79 390 4.38693
3 391 4.38693
34 391 4.43459
43 391 4.34028
48 391 4.29461
49 391 4.29461
74 391 4.79962
79 391 4.38693
115 391 4.43459
116 391 4.43459
139 391 4.4833
141 391 4.4833
142 391 4.4833
22 392 4.24989
106 392 4.43459
137 392 4.4833
138 392 4.4833
220 392 4.74383
36 393 4.38693
70 393 4.584
138 393 4.4833
139 393 4.4833
35 394 4.34028
75 394 4.29461
76 394 4.34028
34 395 4.29461
35 395 4.29461
52 395 4.29461
71 395 4.34028
75 395 4.29461
76 395 4.29461
77 395 4.29461
84 395 4.34028
94 395 4.34028
95 395 4.34028
105 395 4.34028
106 395 4.34028
140 395 4.4833
34 396 4.29461
35 396 4.29461
52 396 4.29461
73 396 4.29461
74 396 4.29461
75 396 4.29461
76 396 4.29461
83 396 4.29461
84 396 4.29461
85 396 4.29461
106 396 4.34028
107 396 4.34028
34 397 4.29461
35 397 4.29461
73 397 4.29461
74 397 4.29461
75 397 4.29461
76 397 4.29461
108 397 4.29461
72 398 4.29461
81 398 4.29461
82 398 4.29461
83 398 4.29461
109 398 4.29461
110 398 4.24989
115 398 4.29461
48 399 4.24989
49 399 4.24989
72 399 4.29461
81 399 4.24989
82 399 4.24989
114 399 4.29461
115 399 4.29461
101 400 4.24989
114 400 4.29461
115 400 4.29461
554 402 4.43459
555 402 4.43459
610 403 4.584
611 403 4.53309
612 403 4.53309
611 404 4.53309
612 404 4.53309
613 404 4.4833
614 404 4.43459
615 404 4.38693
626 404 4.38693
627 404 4.38693
628 404 4.38693
629 404 4.38693
630 404 4.34028
631 404 4.29461
632 404 4.24989
633 404 4.24989
223 405 4.4833
224 405 4.4833
225 405 4.4833
613 405 4.4833
614 405 4.43459
615 405 4.38693
616 405 4.38693
617 405 4.34028
618 405 4.29461
619 405 4.24989
620 405 4.24989
621 405 4.24989
622 405 4.24989
623 405 4.24989
624 405 4.34028
625 405 4.38693
627 405 4.38693
628 405 4.38693
629 405 4.38693
630 405 4.34028
631 405 4.29461
632 405 4.24989
633 405 4.2061
615 406 4.38693
616 406 4.38693
617 406 4.34028
618 406 4.29461
619 406 4.24989
620 406 4.24989
621 406 4.24989
622 406 4.24989
623 406 4.24989
624 406 4.34028
626 406 4.38693
627 406 4.38693
631 406 4.29461
632 406 4.24989
633 406 4.2061
634 406 4.07997
635 406 4.03959
96 407 4.07997
104 407 4.07997
105 407 4.07997
107 407 4.07997
618 407 4.29461
619 407 4.24989
621 407 4.24989
622 407 4.24989
634 407 4.03959
635 407 4.03959
636 407 4.03959
23 408 4.03959
103 408 4.07997
104 408 4.07997
105 408 4.07997
633 408 4.07997
634 408 4.03959
635 408 4.03959
636 408 4.03959
120 409 4.12116
121 409 4.12116
120 410 4.12116
63 411 4.03959
66 411 4.03959
70 411 4.03959
98 411 4.03959
393 411 4.24989
64 412 4.03959
65 412 4.03959
70 412 4.03959
98 412 4.03959
99 412 4.03959
100 412 4.03959
199 412 4.29461
65 413 4.03959
44 414 4.03959
45 414 4.03959
36 415 4.43459
42 415 4.03959
43 415 4.03959
44 415 4.03959
34 416 4.43459
35 416 4.43459
39 416 4.03959
42 416 4.03959
43 416 4.03959
41 417 4.03959
42 417 4.03959
43 417 4.03959
41 418 4.03959
40 419 4.03959
111 421 4.03959
112 421 4.03959
113 422 4.03959
