4 3 20.3666
5 3 20.3666
10 3 25.4453
14 3 21.4362
22 3 21.4362
23 3 21.4362
125 3 33.8983
149 3 33.8983
623 3 14.0548
624 3 14.0548
625 3 14.0548
630 3 15.0943
631 3 14.556
4 4 21.4362
5 4 21.4362
14 4 21.4362
22 4 21.4362
125 4 33.8983
149 4 33.8983
622 4 14.556
623 4 14.556
624 4 14.0548
628 4 15.674
629 4 15.0943
125 5 33.8983
149 5 33.8983
13 6 21.4362
16 6 21.4362
19 6 21.4362
143 6 33.8983
18 7 21.4362
24 7 21.4362
621 7 15.0943
18 8 21.4362
135 8 33.8983
607 8 27.137
620 8 15.0943
637 8 14.0548
18 9 21.4362
25 9 21.4362
26 9 21.4362
135 9 33.8983
143 9 31.2989
144 9 31.2989
621 9 14.556
622 9 15.0943
634 9 14.556
635 9 14.556
15 10 20.3666
16 10 20.3666
25 10 21.4362
124 10 33.8983
617 10 14.556
618 10 15.0943
622 10 15.0943
623 10 14.556
634 10 14.556
16 11 20.3666
20 11 21.4362
619 11 15.0943
10 12 20.3666
11 12 20.3666
13 12 20.3666
16 12 20.3666
20 12 21.4362
23 12 21.4362
26 12 21.4362
27 12 21.4362
122 12 33.8983
618 12 14.556
619 12 14.556
624 12 14.556
10 13 20.3666
11 13 20.3666
16 13 20.3666
19 13 21.4362
26 13 21.4362
27 13 21.4362
623 13 15.0943
624 13 14.556
630 13 11.9904
637 13 14.0548
10 14 20.3666
15 14 20.3666
16 14 20.3666
18 14 20.3666
25 14 21.4362
149 14 33.8983
150 14 33.8983
622 14 15.0943
623 14 14.556
625 14 14.556
626 14 14.556
14 15 20.3666
15 15 20.3666
25 15 21.4362
619 15 14.556
624 15 14.556
625 15 14.556
7 16 20.3666
8 16 20.3666
24 16 21.4362
25 16 21.4362
620 16 14.556
621 16 14.556
8 17 20.3666
9 17 20.3666
23 17 21.4362
24 17 21.4362
25 17 21.4362
150 17 31.2989
154 17 33.8983
611 17 27.137
619 17 14.556
620 17 14.556
621 17 14.556
622 17 14.556
626 17 15.0943
633 17 14.0548
14 18 20.3666
15 18 20.3666
22 18 21.4362
23 18 21.4362
24 18 21.4362
129 18 33.8983
610 18 27.137
620 18 14.556
621 18 14.556
625 18 15.0943
14 19 20.3666
22 19 21.4362
23 19 21.4362
128 19 33.8983
129 19 33.8983
154 19 33.8983
607 19 31.2989
6 20 18.5185
14 20 20.3666
22 20 21.4362
23 20 21.4362
128 20 31.2989
135 20 33.8983
154 20 33.8983
6 21 18.5185
7 21 18.5185
8 21 18.5185
13 21 20.3666
14 21 20.3666
22 21 21.4362
23 21 21.4362
602 21 40.6504
610 21 14.556
623 21 15.0943
634 21 15.0943
7 22 18.5185
12 22 20.3666
13 22 20.3666
19 22 21.4362
20 22 21.4362
22 22 21.4362
127 22 31.2989
154 22 31.2989
155 22 31.2989
609 22 14.556
610 22 14.556
622 22 15.0943
623 22 15.0943
624 22 15.0943
633 22 15.0943
634 22 15.0943
11 23 20.3666
12 23 20.3666
13 23 20.3666
19 23 21.4362
20 23 21.4362
127 23 31.2989
154 23 31.2989
155 23 31.2989
623 23 15.0943
632 23 15.0943
16 24 20.3666
19 24 21.4362
118 24 33.8983
126 24 31.2989
613 24 14.556
12 25 20.3666
16 25 20.3666
19 25 22.6244
117 25 33.8983
126 25 31.2989
154 25 33.8983
613 25 14.556
614 25 14.556
616 25 14.556
625 25 15.0943
626 25 14.556
627 25 14.556
16 26 20.3666
116 26 33.8983
616 26 14.556
617 26 14.556
625 26 14.556
626 26 14.556
11 27 20.3666
12 27 20.3666
617 27 14.556
618 27 14.556
11 28 20.3666
154 28 33.8983
616 28 14.556
617 28 14.556
618 28 14.556
17 29 21.4362
117 29 33.8983
122 29 33.8983
123 29 33.8983
158 29 33.8983
616 29 14.556
617 29 14.556
620 29 14.0548
637 29 11.6482
9 30 20.3666
10 30 20.3666
18 30 20.3666
117 30 33.8983
122 30 33.8983
123 30 33.8983
158 30 33.8983
619 30 14.556
637 30 11.6482
10 31 20.3666
122 31 33.8983
622 31 14.556
623 31 14.556
624 31 14.556
633 31 14.0548
634 31 12.3533
10 32 20.3666
18 32 20.3666
19 32 20.3666
126 32 33.8983
130 32 31.2989
622 32 14.556
623 32 14.556
631 32 14.556
632 32 14.556
9 33 21.4362
18 33 20.3666
21 33 20.3666
126 33 33.8983
624 33 14.556
625 33 14.556
630 33 14.556
631 33 14.556
8 34 20.3666
9 34 20.3666
12 34 22.6244
18 34 20.3666
20 34 20.3666
140 34 31.2989
481 34 31.2989
482 34 31.2989
623 34 14.556
624 34 14.556
625 34 14.556
626 34 14.556
630 34 14.556
9 35 21.4362
20 35 20.3666
146 35 33.8983
160 35 31.2989
161 35 31.2989
634 35 14.556
635 35 14.556
22 36 20.3666
161 36 31.2989
467 36 31.2989
627 36 14.556
19 37 21.4362
22 37 21.4362
157 37 31.2989
489 37 29.0698
626 37 14.556
627 37 14.556
628 37 14.556
16 38 21.4362
19 38 20.3666
22 38 20.3666
157 38 31.2989
160 38 33.8983
161 38 33.8983
615 38 27.137
616 38 27.137
626 38 14.556
628 38 14.556
629 38 14.556
16 39 20.3666
21 39 20.3666
22 39 20.3666
126 39 33.8983
160 39 33.8983
161 39 33.8983
627 39 14.556
628 39 14.556
25 40 21.4362
126 40 33.8983
129 40 33.8983
146 40 31.2989
150 40 33.8983
151 40 33.8983
160 40 33.8983
605 40 29.0698
629 40 14.556
630 40 14.556
631 40 14.0548
11 41 19.3986
14 41 20.3666
21 41 20.3666
22 41 20.3666
25 41 21.4362
160 41 33.8983
628 41 14.556
7 42 19.3986
21 42 20.3666
25 42 21.4362
128 42 33.8983
142 42 33.8983
160 42 33.8983
15 43 20.3666
24 43 21.4362
25 43 21.4362
128 43 33.8983
150 43 31.2989
151 43 31.2989
159 43 33.8983
160 43 33.8983
604 43 33.8983
15 44 21.4362
21 44 20.3666
23 44 20.3666
24 44 21.4362
25 44 21.4362
146 44 31.2989
150 44 31.2989
159 44 33.8983
160 44 33.8983
22 45 20.3666
23 45 21.4362
159 45 33.8983
20 46 20.3666
21 46 20.3666
22 46 20.3666
23 46 20.3666
144 46 31.2989
145 46 31.2989
159 46 33.8983
160 46 33.8983
629 46 15.0943
630 46 14.556
20 47 20.3666
21 47 20.3666
144 47 31.2989
159 47 33.8983
350 47 31.2989
631 47 14.556
632 47 14.556
3 48 20.3666
17 48 20.3666
21 48 20.3666
331 48 40.6504
332 48 40.6504
627 48 16.2999
629 48 15.0943
630 48 14.556
631 48 14.556
17 49 20.3666
21 49 20.3666
22 49 20.3666
138 49 31.2989
152 49 33.8983
160 49 31.2989
347 49 40.6504
356 49 33.8983
625 49 16.9779
626 49 16.9779
632 49 14.556
633 49 14.556
17 50 20.3666
20 50 20.3666
21 50 20.3666
22 50 20.3666
126 50 33.8983
136 50 31.2989
137 50 31.2989
151 50 33.8983
152 50 33.8983
159 50 33.8983
16 51 20.3666
17 51 20.3666
136 51 31.2989
137 51 31.2989
150 51 33.8983
158 51 33.8983
159 51 33.8983
585 51 33.8983
612 51 33.8983
8 52 19.3986
16 52 20.3666
20 52 21.4362
157 52 33.8983
158 52 33.8983
489 52 29.0698
3 53 31.2989
7 53 19.3986
8 53 19.3986
20 53 20.3666
130 53 33.8983
137 53 31.2989
157 53 33.8983
489 53 29.0698
7 54 19.3986
8 54 19.3986
21 54 20.3666
124 54 31.2989
130 54 33.8983
137 54 31.2989
623 54 15.0943
628 54 15.0943
632 54 13.587
7 55 19.3986
20 55 20.3666
21 55 20.3666
22 55 20.3666
137 55 31.2989
148 55 31.2989
585 55 33.8983
625 55 15.0943
21 56 20.3666
22 56 20.3666
128 56 33.8983
137 56 31.2989
148 56 31.2989
586 56 33.8983
587 56 33.8983
625 56 15.0943
626 56 15.0943
19 57 21.4362
20 57 20.3666
22 57 20.3666
24 57 20.3666
123 57 33.8983
137 57 31.2989
158 57 33.8983
159 57 33.8983
586 57 33.8983
19 58 21.4362
20 58 20.3666
22 58 20.3666
137 58 31.2989
158 58 33.8983
159 58 33.8983
586 58 33.8983
587 58 33.8983
627 58 15.0943
628 58 14.556
631 58 14.556
19 59 20.3666
137 59 31.2989
157 59 33.8983
586 59 33.8983
627 59 15.0943
628 59 15.0943
19 60 21.4362
137 60 31.2989
153 60 31.2989
489 60 29.0698
586 60 33.8983
11 61 20.3666
12 61 20.3666
21 61 21.4362
24 61 21.4362
11 62 20.3666
12 62 20.3666
21 62 21.4362
24 62 21.4362
124 62 33.8983
152 62 31.2989
20 63 21.4362
21 63 20.3666
23 63 21.4362
24 63 21.4362
120 63 33.8983
131 63 33.8983
152 63 31.2989
157 63 33.8983
159 63 36.9686
602 63 31.2989
120 64 33.8983
134 64 33.8983
152 64 31.2989
156 64 36.9686
627 64 15.0943
25 65 20.3666
135 65 33.8983
151 65 31.2989
152 65 31.2989
497 65 29.0698
625 65 15.0943
626 65 15.0943
627 65 15.0943
24 66 20.3666
25 66 20.3666
151 66 31.2989
152 66 31.2989
496 66 29.0698
24 67 21.4362
151 67 31.2989
580 67 200
595 67 31.2989
5 68 20.3666
6 68 20.3666
15 68 20.3666
21 68 21.4362
121 68 33.8983
135 68 33.8983
151 68 31.2989
594 68 31.2989
595 68 31.2989
6 69 20.3666
15 69 20.3666
21 69 20.3666
22 69 20.3666
23 69 20.3666
121 69 33.8983
126 69 33.8983
150 69 33.8983
151 69 33.8983
158 69 33.8983
198 69 45.1467
375 69 36.9686
376 69 36.9686
486 69 27.137
16 70 20.3666
35 70 20.3666
36 70 20.3666
121 70 33.8983
126 70 33.8983
146 70 31.2989
150 70 33.8983
151 70 33.8983
158 70 31.2989
198 70 45.1467
370 70 33.8983
610 70 31.2989
620 70 15.674
20 71 20.3666
21 71 20.3666
29 71 21.4362
34 71 20.3666
144 71 31.2989
150 71 33.8983
151 71 33.8983
20 72 20.3666
29 72 21.4362
34 72 21.4362
37 72 21.4362
121 72 33.8983
128 72 33.8983
142 72 31.2989
143 72 31.2989
144 72 31.2989
158 72 33.8983
367 72 36.9686
622 72 15.0943
623 72 14.556
28 73 21.4362
29 73 21.4362
31 73 21.4362
34 73 21.4362
37 73 21.4362
143 73 31.2989
158 73 33.8983
482 73 29.0698
594 73 33.8983
623 73 14.556
18 74 20.3666
28 74 21.4362
29 74 21.4362
36 74 21.4362
37 74 21.4362
120 74 33.8983
143 74 31.2989
157 74 33.8983
158 74 33.8983
599 74 31.2989
600 74 31.2989
632 74 14.556
3 75 20.3666
18 75 20.3666
28 75 21.4362
36 75 21.4362
37 75 21.4362
120 75 33.8983
143 75 31.2989
156 75 33.8983
157 75 33.8983
200 75 45.1467
570 75 31.2989
589 75 33.8983
600 75 31.2989
3 76 19.3986
4 76 19.3986
18 76 20.3666
28 76 21.4362
32 76 20.3666
36 76 21.4362
37 76 21.4362
120 76 33.8983
124 76 31.2989
143 76 31.2989
156 76 33.8983
200 76 45.1467
362 76 33.8983
588 76 33.8983
595 76 33.8983
32 77 20.3666
36 77 21.4362
124 77 31.2989
156 77 33.8983
200 77 45.1467
595 77 33.8983
3 78 20.3666
36 78 21.4362
155 78 33.8983
156 78 33.8983
200 78 45.1467
331 78 36.9686
15 79 20.3666
16 79 20.3666
35 79 21.4362
36 79 21.4362
155 79 31.2989
156 79 31.2989
600 79 31.2989
634 79 13.587
15 80 20.3666
16 80 20.3666
25 80 20.3666
26 80 20.3666
30 80 20.3666
35 80 21.4362
120 80 33.8983
155 80 31.2989
506 80 29.0698
631 80 14.556
20 81 20.3666
30 81 20.3666
34 81 21.4362
35 81 21.4362
120 81 33.8983
154 81 31.2989
155 81 31.2989
198 81 45.1467
199 81 45.1467
30 82 20.3666
34 82 21.4362
35 82 21.4362
154 82 31.2989
155 82 31.2989
198 82 45.1467
595 82 31.2989
18 83 20.3666
19 83 20.3666
20 83 20.3666
29 83 20.3666
34 83 21.4362
121 83 33.8983
155 83 31.2989
193 83 40.6504
475 83 29.0698
7 84 19.3986
18 84 21.4362
28 84 20.3666
29 84 20.3666
33 84 21.4362
34 84 21.4362
121 84 33.8983
135 84 33.8983
150 84 33.8983
154 84 31.2989
155 84 31.2989
492 84 31.2989
493 84 31.2989
637 84 15.0943
17 85 21.4362
18 85 21.4362
28 85 20.3666
33 85 21.4362
34 85 21.4362
121 85 33.8983
134 85 33.8983
154 85 31.2989
635 85 15.0943
637 85 15.0943
27 86 20.3666
33 86 20.3666
154 86 33.8983
33 87 21.4362
493 87 29.0698
496 87 27.137
11 88 20.3666
12 88 20.3666
13 88 20.3666
33 88 20.3666
159 88 33.8983
160 88 33.8983
494 88 29.0698
11 89 20.3666
13 89 20.3666
15 89 21.4362
25 89 20.3666
33 89 20.3666
115 89 33.8983
159 89 33.8983
494 89 29.0698
4 90 19.3986
11 90 20.3666
25 90 20.3666
32 90 20.3666
39 90 33.8983
115 90 33.8983
159 90 33.8983
493 90 29.0698
494 90 29.0698
11 91 20.3666
12 91 20.3666
31 91 20.3666
32 91 20.3666
33 91 20.3666
155 91 31.2989
159 91 33.8983
31 92 20.3666
32 92 20.3666
159 92 33.8983
200 92 40.6504
31 93 20.3666
32 93 20.3666
158 93 33.8983
159 93 33.8983
27 94 21.4362
31 94 21.4362
32 94 21.4362
149 94 33.8983
158 94 33.8983
193 94 45.1467
486 94 29.0698
487 94 29.0698
582 94 57.971
621 94 33.8983
622 94 33.8983
31 95 21.4362
122 95 33.8983
149 95 33.8983
158 95 33.8983
6 96 19.3986
25 96 21.4362
30 96 21.4362
31 96 21.4362
157 96 33.8983
158 96 33.8983
492 96 31.2989
6 97 19.3986
25 97 21.4362
30 97 21.4362
116 97 33.8983
122 97 31.2989
493 97 31.2989
30 98 21.4362
122 98 31.2989
5 99 19.3986
24 99 20.3666
29 99 21.4362
30 99 21.4362
122 99 31.2989
155 99 31.2989
207 99 40.6504
19 100 20.3666
20 100 20.3666
24 100 20.3666
29 100 21.4362
30 100 21.4362
122 100 31.2989
155 100 31.2989
4 101 20.3666
18 101 20.3666
19 101 20.3666
32 101 21.4362
134 101 33.8983
19 102 20.3666
63 102 33.8983
124 102 33.8983
492 102 29.0698
493 102 29.0698
15 103 20.3666
27 103 21.4362
157 103 31.2989
207 103 45.1467
208 103 45.1467
26 104 21.4362
27 104 21.4362
42 104 33.8983
126 104 33.8983
155 104 31.2989
156 104 31.2989
157 104 31.2989
158 104 33.8983
194 104 45.1467
195 104 45.1467
207 104 45.1467
493 104 29.0698
10 105 19.3986
26 105 21.4362
42 105 33.8983
154 105 33.8983
155 105 31.2989
207 105 45.1467
25 106 20.3666
26 106 20.3666
63 106 36.9686
76 106 33.8983
207 106 45.1467
23 107 20.3666
24 107 20.3666
25 107 20.3666
32 107 33.8983
42 107 33.8983
63 107 36.9686
68 107 36.9686
207 107 45.1467
23 108 20.3666
42 108 33.8983
119 108 33.8983
157 108 33.8983
158 108 33.8983
207 108 45.1467
250 108 57.971
491 108 27.137
492 108 27.137
21 109 20.3666
28 109 20.3666
41 109 33.8983
42 109 33.8983
119 109 33.8983
157 109 33.8983
207 109 45.1467
493 109 27.137
14 110 20.3666
24 110 20.3666
28 110 20.3666
63 110 33.8983
157 110 33.8983
207 110 45.1467
493 110 27.137
19 111 20.3666
24 111 20.3666
28 111 20.3666
62 111 33.8983
111 111 67.5676
157 111 33.8983
197 111 45.1467
207 111 45.1467
493 111 27.137
19 112 20.3666
27 112 20.3666
31 112 33.8983
62 112 33.8983
207 112 45.1467
493 112 27.137
27 113 20.3666
31 113 33.8983
61 113 33.8983
78 113 36.9686
207 113 45.1467
17 114 20.3666
27 114 20.3666
28 114 20.3666
36 114 33.8983
60 114 33.8983
157 114 31.2989
207 114 45.1467
493 114 29.0698
26 115 20.3666
27 115 20.3666
59 115 36.9686
188 115 45.1467
207 115 45.1467
208 115 45.1467
492 115 29.0698
493 115 29.0698
494 115 29.0698
626 115 29.0698
26 116 20.3666
27 116 20.3666
35 116 33.8983
59 116 33.8983
65 116 33.8983
120 116 31.2989
493 116 29.0698
26 117 20.3666
27 117 20.3666
35 117 33.8983
198 117 45.1467
207 117 45.1467
212 117 45.1467
493 117 29.0698
9 118 19.3986
10 118 19.3986
26 118 21.4362
58 118 36.9686
198 118 45.1467
207 118 45.1467
25 119 21.4362
26 119 21.4362
58 119 36.9686
12 120 22.6244
23 120 21.4362
24 120 21.4362
25 120 21.4362
58 120 36.9686
73 120 36.9686
251 120 57.971
3 121 19.3986
22 121 21.4362
23 121 21.4362
58 121 36.9686
211 121 45.1467
250 121 57.971
251 121 57.971
287 121 20.3666
21 122 20.3666
22 122 21.4362
35 122 33.8983
58 122 36.9686
211 122 45.1467
250 122 57.971
20 123 20.3666
21 123 20.3666
53 123 33.8983
211 123 45.1467
18 124 20.3666
20 124 20.3666
24 124 31.2989
35 124 33.8983
24 125 31.2989
35 125 33.8983
65 125 33.8983
488 125 36.9686
35 126 33.8983
249 126 57.971
487 126 36.9686
488 126 36.9686
21 127 20.3666
35 127 33.8983
46 127 33.8983
213 127 45.1467
492 127 29.0698
20 128 20.3666
21 128 20.3666
22 128 20.3666
35 128 33.8983
39 128 36.9686
76 128 36.9686
213 128 45.1467
6 129 20.3666
21 129 20.3666
24 129 33.8983
41 129 36.9686
56 129 36.9686
213 129 45.1467
5 130 20.3666
21 130 21.4362
33 130 33.8983
41 130 36.9686
213 130 45.1467
5 131 20.3666
13 131 21.4362
14 131 21.4362
20 131 21.4362
54 131 33.8983
75 131 36.9686
199 131 45.1467
5 132 20.3666
20 132 21.4362
34 132 33.8983
199 132 45.1467
287 132 20.3666
11 133 21.4362
12 133 21.4362
20 133 21.4362
34 133 33.8983
56 133 33.8983
67 133 36.9686
215 133 45.1467
14 135 33.8983
40 135 36.9686
9 136 33.8983
15 136 33.8983
68 136 36.9686
15 137 33.8983
31 137 33.8983
67 137 36.9686
68 137 36.9686
214 137 45.1467
11 138 33.8983
30 138 33.8983
31 138 33.8983
58 138 33.8983
213 138 45.1467
11 139 33.8983
17 139 33.8983
30 139 33.8983
65 139 36.9686
212 139 45.1467
11 140 33.8983
17 140 33.8983
30 140 33.8983
64 140 36.9686
81 140 33.8983
212 140 45.1467
17 141 33.8983
29 141 33.8983
51 141 36.9686
63 141 36.9686
27 142 33.8983
48 142 33.8983
50 142 33.8983
51 142 36.9686
62 142 36.9686
200 142 45.1467
11 143 31.2989
18 143 33.8983
30 143 33.8983
48 143 33.8983
55 143 36.9686
61 143 36.9686
200 143 45.1467
210 143 45.1467
11 144 31.2989
28 144 33.8983
54 144 36.9686
61 144 36.9686
211 144 45.1467
11 145 31.2989
14 145 33.8983
27 145 33.8983
28 145 33.8983
54 145 36.9686
210 145 45.1467
211 145 45.1467
14 146 33.8983
27 146 33.8983
50 146 36.9686
53 146 36.9686
210 146 45.1467
7 147 31.2989
14 147 33.8983
27 147 33.8983
48 147 36.9686
49 147 36.9686
60 147 36.9686
209 147 45.1467
14 148 33.8983
15 148 33.8983
26 148 33.8983
27 148 33.8983
49 148 33.8983
209 148 45.1467
14 149 31.2989
15 149 31.2989
20 149 33.8983
26 149 33.8983
79 149 33.8983
494 149 29.0698
15 150 31.2989
20 150 33.8983
26 150 33.8983
43 150 33.8983
47 150 33.8983
59 150 36.9686
156 150 33.8983
7 151 33.8983
15 151 31.2989
22 151 33.8983
26 151 33.8983
33 151 31.2989
39 151 36.9686
47 151 33.8983
49 151 33.8983
58 151 36.9686
156 151 33.8983
5 152 33.8983
22 152 33.8983
26 152 33.8983
33 152 31.2989
47 152 33.8983
49 152 33.8983
57 152 36.9686
4 153 31.2989
5 153 33.8983
14 153 31.2989
17 153 33.8983
21 153 33.8983
26 153 33.8983
49 153 33.8983
5 154 33.8983
14 154 31.2989
17 154 33.8983
21 154 33.8983
25 154 33.8983
48 154 33.8983
55 154 36.9686
25 155 33.8983
46 155 33.8983
48 155 33.8983
54 155 36.9686
55 155 36.9686
25 156 33.8983
46 156 33.8983
19 157 33.8983
24 157 33.8983
30 157 31.2989
46 157 33.8983
51 157 36.9686
155 157 33.8983
19 158 33.8983
24 158 33.8983
46 158 33.8983
49 158 36.9686
6 159 33.8983
14 159 33.8983
24 159 33.8983
34 159 36.9686
42 159 33.8983
76 159 36.9686
136 159 33.8983
15 160 33.8983
18 160 33.8983
23 160 33.8983
24 160 33.8983
34 160 36.9686
76 160 36.9686
136 160 33.8983
137 160 33.8983
8 161 33.8983
17 161 33.8983
24 161 33.8983
33 161 36.9686
47 161 33.8983
76 161 36.9686
136 161 33.8983
9 162 33.8983
24 162 33.8983
33 162 36.9686
41 162 33.8983
44 162 33.8983
45 162 33.8983
47 162 33.8983
136 162 33.8983
9 163 33.8983
21 163 31.2989
23 163 33.8983
24 163 33.8983
40 163 33.8983
44 163 33.8983
46 163 33.8983
75 163 33.8983
257 163 57.971
11 164 33.8983
14 164 33.8983
23 164 33.8983
24 164 33.8983
31 164 36.9686
46 164 33.8983
61 164 36.9686
62 164 36.9686
75 164 33.8983
206 164 45.1467
15 165 33.8983
24 165 33.8983
31 165 36.9686
45 165 33.8983
50 165 33.8983
69 165 36.9686
136 165 33.8983
205 165 45.1467
630 165 27.137
15 166 33.8983
24 166 33.8983
31 166 36.9686
44 166 33.8983
45 166 33.8983
57 166 36.9686
75 166 33.8983
136 166 33.8983
137 166 33.8983
204 166 45.1467
24 167 33.8983
35 167 36.9686
36 167 36.9686
44 167 33.8983
56 167 36.9686
136 167 33.8983
10 168 33.8983
19 168 33.8983
25 168 33.8983
43 168 33.8983
44 168 33.8983
14 169 33.8983
19 169 33.8983
25 169 33.8983
32 169 33.8983
43 169 33.8983
61 169 45.1467
70 169 36.9686
630 169 27.137
18 170 33.8983
19 170 33.8983
25 170 33.8983
31 170 33.8983
32 170 33.8983
42 170 33.8983
43 170 33.8983
53 170 36.9686
69 170 36.9686
494 170 31.2989
495 170 31.2989
18 171 33.8983
26 171 33.8983
31 171 33.8983
42 171 33.8983
43 171 33.8983
51 171 36.9686
52 171 36.9686
136 171 33.8983
137 171 33.8983
18 172 33.8983
27 172 33.8983
31 172 33.8983
42 172 36.9686
136 172 33.8983
137 172 33.8983
252 172 50.7614
18 173 33.8983
31 173 33.8983
50 173 36.9686
70 173 33.8983
71 173 36.9686
622 173 29.0698
623 173 29.0698
630 173 27.137
18 174 33.8983
31 174 33.8983
42 174 36.9686
64 174 36.9686
68 174 33.8983
69 174 33.8983
244 174 57.971
616 174 27.137
3 175 29.0698
18 175 33.8983
26 175 33.8983
41 175 36.9686
68 175 36.9686
244 175 57.971
548 175 40.6504
549 175 36.9686
550 175 36.9686
551 175 36.9686
552 175 33.8983
553 175 33.8983
3 176 29.0698
16 176 33.8983
18 176 33.8983
32 176 33.8983
45 176 33.8983
46 176 33.8983
66 176 36.9686
244 176 57.971
549 176 36.9686
550 176 36.9686
551 176 36.9686
552 176 33.8983
617 176 27.137
16 177 33.8983
18 177 33.8983
32 177 33.8983
43 177 33.8983
44 177 33.8983
45 177 33.8983
65 177 40.6504
67 177 36.9686
138 177 33.8983
139 177 33.8983
244 177 50.7614
618 177 27.137
622 177 29.0698
623 177 29.0698
16 178 33.8983
19 178 33.8983
27 178 33.8983
62 178 33.8983
64 178 36.9686
138 178 33.8983
139 178 33.8983
244 178 50.7614
618 178 27.137
3 179 27.137
16 179 33.8983
19 179 33.8983
29 179 33.8983
34 179 33.8983
40 179 33.8983
41 179 33.8983
61 179 33.8983
62 179 33.8983
138 179 33.8983
139 179 33.8983
202 179 50.7614
244 179 50.7614
473 179 50.7614
484 179 57.971
485 179 57.971
486 179 50.7614
487 179 45.1467
488 179 40.6504
489 179 36.9686
490 179 33.8983
19 180 33.8983
29 180 33.8983
39 180 33.8983
40 180 33.8983
55 180 33.8983
158 180 36.9686
181 180 80.9717
483 180 57.971
484 180 57.971
485 180 57.971
486 180 50.7614
487 180 45.1467
488 180 40.6504
489 180 36.9686
17 181 33.8983
20 181 33.8983
29 181 33.8983
38 181 33.8983
39 181 33.8983
54 181 33.8983
55 181 33.8983
219 181 45.1467
484 181 57.971
485 181 57.971
488 181 40.6504
489 181 40.6504
490 181 33.8983
17 182 33.8983
20 182 33.8983
29 182 33.8983
38 182 33.8983
39 182 33.8983
146 182 33.8983
219 182 45.1467
484 182 57.971
485 182 57.971
486 182 50.7614
487 182 45.1467
488 182 40.6504
489 182 40.6504
18 183 33.8983
29 183 33.8983
34 183 36.9686
38 183 33.8983
146 183 33.8983
202 183 50.7614
219 183 45.1467
485 183 57.971
486 183 50.7614
487 183 45.1467
549 183 36.9686
22 184 33.8983
25 184 31.2989
29 184 33.8983
34 184 36.9686
37 184 33.8983
38 184 33.8983
63 184 40.6504
146 184 33.8983
548 184 36.9686
549 184 36.9686
29 185 33.8983
37 185 33.8983
62 185 40.6504
63 185 40.6504
146 185 33.8983
151 185 36.9686
202 185 50.7614
244 185 50.7614
52 186 36.9686
62 186 40.6504
146 186 33.8983
202 186 50.7614
628 186 11.0193
629 186 11.0193
630 186 11.0193
51 187 36.9686
52 187 36.9686
146 187 33.8983
625 187 11.325
626 187 11.325
627 187 11.0193
628 187 11.0193
36 188 33.8983
146 188 33.8983
151 188 33.8983
288 188 20.3666
625 188 11.325
26 189 33.8983
36 189 33.8983
61 189 40.6504
72 189 67.5676
146 189 33.8983
151 189 36.9686
202 189 57.971
288 189 20.3666
28 190 33.8983
151 190 36.9686
245 190 57.971
477 190 57.971
478 190 57.971
479 190 57.971
480 190 45.1467
36 191 33.8983
46 191 33.8983
151 191 33.8983
226 191 45.1467
245 191 57.971
476 191 67.5676
477 191 57.971
478 191 57.971
479 191 57.971
24 192 33.8983
44 192 33.8983
146 192 33.8983
225 192 45.1467
226 192 45.1467
474 192 80.9717
476 192 67.5676
477 192 57.971
478 192 57.971
479 192 57.971
620 192 11.325
43 193 33.8983
146 193 33.8983
243 193 57.971
477 193 67.5676
478 193 67.5676
146 194 33.8983
622 194 10.7296
40 195 33.8983
621 195 10.7296
146 196 33.8983
151 196 36.9686
616 196 11.6482
620 196 10.7296
146 197 33.8983
146 198 33.8983
151 198 36.9686
35 199 33.8983
146 199 33.8983
151 199 36.9686
201 199 45.1467
614 199 11.6482
35 200 33.8983
146 200 33.8983
151 200 36.9686
201 200 45.1467
534 200 20.3666
613 200 11.6482
146 201 33.8983
151 201 36.9686
612 201 11.6482
146 202 33.8983
182 202 50.7614
74 203 45.1467
146 203 33.8983
34 204 33.8983
146 204 33.8983
201 204 45.1467
508 204 19.3986
509 204 19.3986
510 204 19.3986
610 204 11.6482
34 205 33.8983
146 205 33.8983
151 205 36.9686
192 205 50.7614
201 205 45.1467
509 205 19.3986
510 205 19.3986
34 206 33.8983
637 206 10.7296
29 207 33.8983
34 207 33.8983
146 207 33.8983
540 207 19.3986
582 207 15.0943
583 207 15.0943
584 207 15.0943
29 208 33.8983
34 208 33.8983
137 208 33.8983
146 208 33.8983
504 208 19.3986
598 208 11.6482
599 208 11.6482
600 208 11.6482
610 208 11.9904
611 208 11.6482
637 208 10.7296
29 209 33.8983
34 209 33.8983
137 209 33.8983
503 209 19.3986
504 209 19.3986
597 209 11.9904
598 209 11.6482
599 209 11.6482
600 209 11.6482
610 209 11.9904
611 209 11.6482
636 209 10.7296
637 209 10.7296
29 210 33.8983
137 210 33.8983
510 210 19.3986
518 210 21.4362
519 210 21.4362
598 210 11.6482
608 210 11.9904
609 210 11.9904
610 210 11.9904
611 210 11.6482
631 210 11.0193
632 210 11.0193
636 210 10.7296
637 210 10.7296
29 211 33.8983
37 211 40.6504
362 211 21.4362
509 211 19.3986
510 211 19.3986
518 211 21.4362
519 211 21.4362
609 211 11.9904
610 211 11.9904
631 211 11.0193
632 211 11.0193
636 211 10.7296
637 211 10.7296
29 212 33.8983
136 212 31.2989
503 212 19.3986
509 212 19.3986
510 212 19.3986
578 212 15.674
579 212 15.674
580 212 15.674
636 212 10.7296
637 212 10.7296
29 213 33.8983
136 213 31.2989
137 213 31.2989
503 213 19.3986
509 213 20.3666
510 213 20.3666
625 213 13.587
630 213 11.0193
631 213 11.0193
636 213 10.7296
637 213 10.7296
29 214 33.8983
35 214 33.8983
137 214 31.2989
567 214 14.556
623 214 13.587
630 214 11.0193
631 214 11.0193
635 214 10.7296
636 214 10.7296
637 214 10.7296
29 215 33.8983
35 215 33.8983
136 215 31.2989
137 215 31.2989
535 215 16.9779
536 215 16.9779
537 215 16.9779
538 215 16.9779
541 215 14.556
567 215 14.556
603 215 11.9904
604 215 11.9904
630 215 11.0193
631 215 11.0193
635 215 10.7296
636 215 10.7296
637 215 10.7296
29 216 33.8983
35 216 33.8983
136 216 33.8983
376 216 80.9717
383 216 101.01
535 216 16.9779
536 216 16.9779
567 216 14.556
603 216 12.3533
604 216 11.9904
605 216 11.9904
606 216 11.9904
630 216 11.0193
631 216 11.0193
635 216 10.7296
636 216 10.7296
637 216 10.7296
29 217 33.8983
35 217 33.8983
136 217 33.8983
376 217 80.9717
479 217 22.6244
567 217 14.556
598 217 15.0943
602 217 12.3533
603 217 12.3533
604 217 11.9904
605 217 11.9904
606 217 11.9904
29 218 33.8983
35 218 36.9686
137 218 33.8983
505 218 20.3666
506 218 20.3666
509 218 19.3986
529 218 16.9779
530 218 16.9779
531 218 16.9779
532 218 16.2999
602 218 12.3533
603 218 12.3533
604 218 11.9904
29 219 33.8983
35 219 36.9686
531 219 16.9779
532 219 16.2999
549 219 16.9779
550 219 16.9779
567 219 14.556
568 219 14.556
518 220 19.3986
568 220 14.556
569 220 14.556
29 221 33.8983
35 221 36.9686
136 221 31.2989
137 221 31.2989
477 221 23.9521
625 221 11.0193
34 222 36.9686
35 222 36.9686
136 222 31.2989
137 222 31.2989
476 222 23.9521
620 222 12.7389
622 222 11.325
623 222 11.0193
624 222 11.0193
625 222 11.0193
626 222 11.0193
629 222 11.0193
630 222 11.0193
137 223 31.2989
623 223 11.0193
624 223 11.0193
625 223 11.0193
629 223 11.0193
630 223 11.0193
29 224 33.8983
29 225 33.8983
34 225 33.8983
478 225 22.6244
29 226 33.8983
34 226 33.8983
495 226 20.3666
565 226 15.674
567 226 15.0943
568 226 15.0943
573 226 14.0548
574 226 14.0548
591 226 12.7389
592 226 12.7389
593 226 12.7389
594 226 12.3533
29 227 33.8983
127 227 33.8983
140 227 31.2989
495 227 20.3666
498 227 17.7148
499 227 17.7148
565 227 15.674
567 227 15.0943
568 227 15.0943
574 227 14.0548
592 227 12.7389
593 227 12.7389
29 228 33.8983
35 228 33.8983
140 228 31.2989
29 229 33.8983
35 229 33.8983
140 229 31.2989
494 229 20.3666
495 229 20.3666
9 230 33.8983
35 230 33.8983
75 230 31.2989
494 230 20.3666
517 230 18.5185
518 230 18.5185
519 230 18.5185
520 230 17.7148
522 230 16.2999
523 230 16.2999
9 231 33.8983
30 231 33.8983
35 231 33.8983
494 231 20.3666
517 231 18.5185
518 231 18.5185
519 231 18.5185
612 231 11.6482
613 231 11.6482
10 232 33.8983
30 232 33.8983
154 232 33.8983
518 232 17.7148
624 232 11.0193
625 232 11.0193
626 232 11.0193
11 233 33.8983
625 233 11.0193
626 233 11.0193
11 234 33.8983
25 234 29.0698
518 234 17.7148
575 234 15.0943
576 234 14.556
577 234 14.556
578 234 14.0548
579 234 14.0548
592 234 12.3533
614 234 11.325
517 235 17.7148
518 235 17.7148
519 235 17.7148
550 235 15.0943
577 235 14.556
578 235 14.0548
579 235 14.0548
592 235 12.3533
548 236 15.0943
549 236 15.0943
550 236 15.0943
484 237 22.6244
485 237 22.6244
499 237 20.3666
500 237 20.3666
548 237 15.0943
549 237 15.0943
614 237 11.0193
10 238 22.6244
478 238 22.6244
594 238 12.3533
595 238 12.3533
596 238 12.3533
597 238 11.9904
10 239 22.6244
11 239 22.6244
518 239 18.5185
519 239 18.5185
547 239 15.674
548 239 15.674
593 239 12.3533
594 239 12.3533
595 239 12.3533
600 239 11.9904
601 239 11.9904
6 240 22.6244
7 240 22.6244
10 240 22.6244
11 240 22.6244
547 240 15.674
548 240 15.674
551 240 15.0943
593 240 12.3533
594 240 12.3533
602 240 11.9904
603 240 11.9904
625 240 11.0193
7 241 22.6244
11 241 22.6244
499 241 19.3986
523 241 17.7148
524 241 17.7148
592 241 12.7389
593 241 12.3533
602 241 11.9904
603 241 11.9904
625 241 11.0193
11 242 22.6244
29 242 22.6244
499 242 19.3986
523 242 17.7148
524 242 17.7148
593 242 12.7389
603 242 11.6482
604 242 11.6482
625 242 11.0193
29 243 22.6244
30 243 22.6244
518 243 18.5185
523 243 17.7148
591 243 12.7389
604 243 11.6482
624 243 11.0193
625 243 11.0193
626 243 11.0193
555 244 15.0943
556 244 15.0943
591 244 12.7389
592 244 12.7389
604 244 11.6482
605 244 11.6482
625 244 11.0193
42 245 22.6244
555 245 15.0943
556 245 15.0943
604 245 11.6482
605 245 11.6482
42 246 22.6244
43 246 22.6244
529 246 17.7148
43 247 22.6244
528 247 17.7148
529 247 17.7148
605 247 11.6482
606 247 11.6482
17 248 20.3666
35 248 21.4362
519 248 18.5185
520 248 18.5185
521 248 18.5185
555 248 15.0943
556 248 15.0943
588 248 13.587
589 248 13.1492
590 248 12.7389
591 248 12.3533
592 248 12.3533
605 248 11.6482
606 248 11.6482
607 248 11.6482
35 249 21.4362
555 249 15.0943
556 249 15.0943
568 249 16.9779
569 249 16.9779
570 249 16.2999
571 249 16.2999
572 249 15.0943
573 249 14.556
574 249 14.556
575 249 14.0548
576 249 14.0548
577 249 13.587
578 249 13.1492
583 249 14.556
584 249 14.556
585 249 14.556
586 249 14.556
587 249 13.587
588 249 13.587
589 249 13.1492
590 249 12.7389
591 249 12.3533
592 249 12.3533
606 249 11.6482
549 250 15.0943
555 250 15.0943
556 250 15.0943
573 250 14.556
574 250 14.556
591 250 12.3533
548 251 15.0943
549 251 15.0943
555 251 15.0943
556 251 15.0943
606 251 11.6482
607 251 11.6482
548 252 15.0943
549 252 15.0943
606 252 11.6482
607 252 11.6482
601 253 11.9904
602 253 11.9904
607 253 11.6482
602 254 11.9904
607 254 11.6482
553 255 15.0943
554 255 15.0943
601 255 11.9904
602 255 11.9904
607 255 11.6482
608 255 11.6482
602 256 11.9904
608 256 11.6482
608 257 11.6482
608 258 11.6482
596 259 12.3533
608 260 11.6482
609 260 11.6482
610 260 11.6482
599 261 12.3533
608 261 11.6482
609 261 11.6482
610 261 11.6482
599 262 12.3533
600 262 12.3533
441 263 14.556
599 263 12.3533
600 263 12.3533
601 263 12.3533
119 264 15.674
612 264 11.9904
613 264 11.9904
595 265 12.3533
612 265 11.9904
613 265 11.9904
14 266 15.674
15 266 15.674
595 266 12.3533
611 266 11.9904
612 266 11.9904
630 266 200
595 267 12.3533
600 267 11.9904
601 267 11.9904
611 267 11.9904
612 267 11.9904
611 268 11.9904
612 268 11.9904
619 268 13.1492
620 268 13.1492
611 269 11.9904
596 270 12.3533
597 270 12.3533
219 271 11.6482
597 271 12.3533
590 274 11.9904
591 274 11.9904
69 276 12.7389
58 277 12.7389
59 277 12.7389
60 277 12.7389
227 277 10.4548
224 278 10.4548
225 278 10.7296
225 279 10.7296
209 282 10.1937
216 282 10.1937
206 283 10.1937
207 283 10.1937
234 284 10.1937
183 287 9.48317
222 287 9.70874
222 288 9.70874
132 291 9.06207
169 291 9.26784
205 291 9.06207
206 291 9.06207
229 291 9.26784
169 292 9.26784
170 292 9.26784
201 292 9.06207
206 292 9.06207
229 292 9.26784
201 293 9.06207
202 293 9.06207
211 293 9.06207
212 293 9.06207
220 293 9.06207
201 294 9.06207
202 294 9.06207
209 294 9.06207
170 295 8.86525
210 295 9.06207
135 296 8.67679
166 296 8.67679
170 296 8.86525
171 296 8.86525
135 297 8.67679
165 297 8.67679
232 297 8.86525
137 298 8.67679
193 298 8.32293
137 299 8.49618
163 299 8.49618
164 299 8.49618
247 299 9.26784
163 300 8.15661
164 300 8.15661
183 300 8.32293
189 300 8.15661
219 300 8.32293
248 300 9.26784
176 301 8.32293
183 301 8.32293
208 301 8.32293
209 301 8.32293
121 302 8.32293
128 302 8.32293
129 302 8.32293
132 302 8.32293
163 302 8.15661
243 302 8.86525
244 302 8.86525
121 303 8.32293
129 303 8.32293
130 303 8.32293
192 303 8.32293
244 303 8.86525
109 304 7.9968
110 304 7.9968
115 304 8.15661
181 304 8.86525
185 304 7.84314
112 305 7.9968
184 305 7.84314
185 305 7.84314
198 306 8.15661
484 307 8.67679
485 307 8.49618
491 307 7.9968
492 307 8.15661
493 307 7.9968
494 307 7.9968
148 308 7.55287
155 308 7.69527
156 308 7.69527
485 308 8.49618
486 308 8.49618
487 308 8.32293
488 308 8.15661
489 308 8.15661
490 308 8.15661
491 308 7.9968
493 308 7.9968
494 308 7.9968
495 308 7.84314
113 309 7.69527
117 309 7.69527
127 309 7.69527
149 309 7.55287
156 309 7.69527
217 309 7.69527
495 309 7.84314
496 309 7.55287
554 309 7.69527
117 310 7.69527
127 310 7.55287
193 310 7.41565
194 310 7.41565
214 310 7.84314
228 310 7.84314
229 310 7.84314
562 310 7.84314
563 310 7.84314
69 311 7.55287
107 311 7.41565
117 311 7.69527
127 311 7.55287
128 311 7.55287
187 311 7.41565
194 311 7.41565
195 311 7.41565
215 311 7.69527
228 311 7.84314
229 311 7.84314
64 312 7.55287
109 312 7.41565
127 312 7.55287
128 312 7.55287
129 312 7.55287
148 312 7.28332
557 312 7.9968
580 312 7.84314
94 313 7.41565
129 313 7.55287
183 313 7.28332
225 313 7.55287
559 313 7.9968
560 313 7.9968
87 314 7.41565
180 314 7.28332
225 314 7.55287
226 314 7.55287
563 314 7.84314
564 314 7.69527
83 315 7.41565
106 315 7.28332
566 315 7.55287
567 315 7.55287
90 316 7.03235
106 316 7.28332
149 316 7.15564
152 316 7.15564
569 316 7.55287
570 316 7.41565
571 316 7.41565
90 317 7.03235
91 317 7.03235
95 317 7.03235
116 317 7.15564
117 317 7.15564
149 317 7.15564
150 317 7.15564
153 317 7.15564
154 317 7.15564
177 317 7.03235
573 317 7.28332
81 318 7.28332
82 318 7.28332
91 318 7.03235
95 318 7.03235
116 318 7.15564
117 318 7.15564
149 318 7.03235
150 318 7.03235
177 318 7.03235
178 318 7.03235
186 318 6.91324
575 318 7.41565
576 318 7.55287
91 319 7.03235
149 319 7.03235
150 319 7.03235
186 319 6.91324
187 319 6.91324
149 320 7.03235
150 320 7.03235
151 320 7.03235
173 320 6.91324
174 320 6.91324
175 320 6.91324
187 320 6.91324
188 320 6.91324
581 320 7.28332
582 320 7.28332
41 321 7.03235
174 321 6.91324
175 321 6.91324
176 321 6.7981
585 321 7.28332
586 321 7.28332
144 322 6.7981
129 323 6.68673
154 323 6.7981
211 323 7.03235
591 323 7.15564
592 323 7.15564
628 323 7.15564
629 323 7.15564
130 324 6.68673
195 324 6.7981
196 324 6.7981
632 324 6.91324
633 324 6.91324
634 324 6.91324
635 324 6.91324
636 324 6.91324
56 325 6.57895
61 325 6.57895
123 325 6.57895
124 325 6.57895
125 325 6.57895
196 325 6.7981
574 325 7.15564
575 325 7.15564
598 325 7.15564
50 326 6.47459
56 326 6.57895
124 326 6.57895
125 326 6.57895
126 326 6.57895
139 326 6.57895
143 326 6.57895
600 326 6.91324
601 326 6.91324
602 326 6.91324
125 327 6.57895
150 327 7.28332
604 327 6.7981
605 327 6.68673
90 328 6.57895
92 328 6.57895
113 328 6.47459
149 328 6.47459
153 328 6.37349
154 328 6.47459
155 328 6.47459
156 328 6.47459
172 328 6.47459
607 328 6.68673
608 328 6.68673
18 329 6.27549
19 329 6.27549
95 329 6.18047
109 329 6.47459
110 329 6.47459
146 329 6.37349
147 329 6.37349
155 329 6.47459
156 329 6.47459
172 329 6.47459
173 329 6.47459
178 329 6.57895
179 329 6.47459
610 329 6.91324
611 329 6.91324
15 330 6.18047
18 330 6.27549
19 330 6.27549
20 330 6.27549
42 330 6.37349
110 330 6.47459
146 330 6.37349
147 330 6.37349
151 330 6.27549
172 330 6.47459
173 330 6.47459
612 330 6.91324
613 330 6.91324
614 330 6.91324
615 330 6.7981
15 331 6.18047
22 331 6.27549
35 331 6.18047
61 331 6.27549
63 331 6.27549
121 331 6.27549
147 331 6.37349
148 331 6.37349
149 331 6.27549
150 331 6.18047
151 331 6.18047
152 331 6.27549
181 331 6.47459
615 331 6.7981
616 331 6.68673
617 331 6.57895
618 331 6.47459
16 332 6.18047
22 332 6.27549
23 332 6.18047
49 332 6.27549
60 332 6.27549
61 332 6.27549
139 332 6.27549
178 332 6.37349
620 332 6.47459
45 333 6.18047
46 333 6.18047
55 333 6.18047
139 333 6.27549
140 333 6.27549
157 333 6.18047
178 333 6.37349
179 333 6.47459
12 334 6.18047
45 334 6.18047
46 334 6.18047
69 334 6.18047
152 334 6.08828
158 334 6.18047
202 334 6.37349
625 334 6.68673
12 335 6.08828
13 335 6.08828
22 335 5.9988
23 335 5.9988
30 335 5.9988
34 335 6.08828
78 335 5.9988
152 335 6.08828
153 335 6.08828
203 335 6.37349
8 336 5.9988
14 336 6.08828
23 336 5.9988
30 336 5.9988
31 336 5.9988
35 336 6.08828
92 336 5.9988
95 336 6.08828
121 336 6.08828
133 336 6.08828
152 336 6.08828
153 336 6.08828
203 336 6.37349
632 336 6.57895
8 337 5.9988
14 337 6.08828
17 337 5.9988
30 337 5.9988
31 337 5.9988
55 337 5.9988
59 337 5.91191
92 337 5.9988
102 337 5.9988
113 337 5.82751
121 337 6.08828
143 337 6.08828
635 337 6.37349
17 338 5.9988
31 338 5.9988
59 338 5.91191
87 338 5.91191
92 338 5.9988
93 338 5.9988
113 338 5.82751
114 338 5.82751
124 338 5.74548
153 338 5.91191
154 338 5.91191
185 338 6.18047
206 338 6.47459
37 339 5.91191
56 339 5.9988
86 339 5.91191
108 339 6.57895
113 339 5.82751
114 339 5.82751
135 339 5.9988
136 339 5.9988
153 339 5.82751
154 339 5.82751
155 339 5.82751
185 339 6.18047
186 339 6.18047
37 340 5.91191
80 340 5.91191
86 340 5.82751
87 340 5.82751
115 340 5.82751
116 340 5.91191
117 340 5.91191
185 340 6.18047
186 340 6.18047
204 340 6.47459
18 341 5.91191
35 341 5.91191
80 341 5.91191
82 341 5.82751
83 341 5.82751
104 341 5.82751
117 341 5.91191
35 342 5.91191
51 342 5.82751
52 342 5.82751
84 342 5.82751
85 342 5.82751
99 342 6.47459
100 342 6.47459
103 342 5.82751
104 342 5.82751
36 343 5.82751
48 343 5.74548
52 343 5.82751
65 343 5.58815
98 343 6.47459
103 343 5.82751
104 343 5.82751
48 344 5.74548
49 344 5.74548
60 344 5.58815
65 344 5.58815
104 344 5.82751
105 344 5.82751
106 344 5.82751
107 344 5.74548
123 344 5.66572
169 344 5.82751
46 345 5.74548
49 345 5.74548
65 345 5.58815
88 345 5.66572
94 345 5.91191
95 345 5.91191
106 345 5.74548
107 345 5.74548
28 346 5.43922
56 346 5.58815
57 346 5.58815
94 346 5.91191
95 346 5.91191
151 346 5.58815
28 347 5.43922
57 347 5.58815
58 347 5.58815
98 347 5.29801
146 347 5.58815
151 347 5.58815
152 347 5.58815
58 348 5.58815
143 348 5.51268
5 349 5.43922
58 349 5.51268
59 349 5.51268
86 349 5.58815
141 349 5.51268
143 349 5.51268
144 349 5.51268
5 350 5.43922
87 350 5.58815
139 350 5.51268
140 350 5.51268
144 350 5.51268
145 350 5.51268
6 351 5.43922
95 351 5.51268
117 351 5.43922
118 351 5.43922
139 351 5.51268
140 351 5.51268
169 351 5.58815
118 352 5.43922
140 352 5.43922
141 352 5.43922
169 352 5.58815
170 352 5.58815
141 353 5.43922
170 353 5.58815
196 353 5.91191
32 354 5.29801
109 354 5.29801
110 354 5.29801
590 354 5.9988
37 355 5.23013
45 355 5.23013
46 355 5.23013
47 355 5.23013
71 355 5.23013
110 355 5.29801
135 355 5.29801
548 355 5.74548
592 355 5.74548
593 355 5.74548
46 356 5.23013
47 356 5.23013
48 356 5.23013
135 356 5.29801
194 356 5.82751
549 356 5.74548
550 356 5.66572
551 356 5.58815
552 356 5.51268
553 356 5.43922
554 356 5.43922
556 356 5.43922
558 356 5.51268
559 356 5.51268
560 356 5.51268
561 356 5.51268
562 356 5.43922
563 356 5.43922
564 356 5.36769
593 356 5.74548
594 356 5.74548
595 356 5.66572
596 356 5.58815
597 356 5.51268
65 357 5.09944
71 357 5.16396
100 357 5.09944
106 357 5.16396
553 357 5.43922
554 357 5.43922
555 357 5.43922
556 357 5.43922
563 357 5.43922
564 357 5.36769
6 358 5.03651
7 358 5.03651
34 358 5.16396
65 358 5.09944
66 358 5.09944
71 358 5.16396
100 358 5.09944
101 358 5.09944
103 358 5.09944
7 359 5.03651
34 359 5.16396
35 359 5.16396
58 359 5.16396
71 359 5.16396
72 359 5.16396
101 359 5.09944
169 359 5.29801
170 359 5.29801
35 360 5.16396
58 360 5.16396
102 360 5.09944
125 360 5.09944
162 360 5.9988
170 360 5.23013
281 360 5.74548
11 361 5.09944
12 361 5.09944
125 361 5.03651
145 361 5.09944
146 361 5.09944
166 361 5.23013
167 361 5.23013
168 361 5.23013
186 361 5.58815
282 361 5.74548
11 362 5.09944
20 362 5.03651
22 362 5.03651
27 362 5.03651
126 362 5.03651
127 362 5.03651
146 362 5.09944
147 362 5.09944
167 362 5.23013
168 362 5.23013
169 362 5.16396
186 362 5.58815
187 362 5.58815
244 362 5.58815
28 363 5.03651
59 363 5.03651
60 363 5.03651
100 363 4.91521
127 363 5.03651
128 363 5.03651
141 363 5.16396
187 363 5.58815
26 364 5.03651
59 364 5.03651
60 364 5.03651
100 364 4.91521
101 364 4.91521
105 364 4.91521
112 364 4.97512
117 364 4.97512
123 364 5.03651
124 364 5.03651
141 364 5.16396
157 364 5.09944
170 364 5.09944
380 364 5.43922
66 365 4.85673
80 365 4.91521
105 365 4.91521
106 365 4.91521
118 365 4.97512
124 365 5.03651
156 365 5.09944
157 365 5.09944
170 365 5.09944
171 365 5.09944
262 365 5.51268
256 366 5.43922
257 366 5.43922
263 366 5.43922
161 367 4.97512
167 367 5.03651
92 368 4.79962
93 368 4.85673
99 368 4.85673
100 368 4.85673
101 368 4.85673
167 368 5.03651
260 368 5.36769
261 368 5.36769
85 369 4.85673
86 369 4.85673
167 369 5.03651
59 370 4.74383
87 370 4.79962
88 370 4.79962
89 370 4.74383
90 370 4.79962
222 370 5.29801
79 371 4.74383
90 371 4.79962
110 371 4.74383
119 371 4.85673
223 371 5.29801
50 372 4.63607
76 372 4.74383
80 372 4.74383
110 372 4.74383
135 372 4.79962
148 372 4.85673
149 372 4.85673
50 373 4.63607
76 373 4.74383
77 373 4.74383
86 373 4.68933
150 373 4.85673
174 373 5.09944
175 373 5.09944
76 374 4.74383
77 374 4.74383
78 374 4.74383
86 374 4.68933
115 374 4.74383
163 374 4.91521
169 374 5.03651
175 374 5.09944
176 374 5.03651
179 374 4.97512
218 374 5.16396
77 375 4.68933
86 375 4.63607
128 375 4.79962
169 375 5.03651
176 375 5.03651
177 375 5.09944
178 375 5.03651
40 376 4.4833
41 376 4.4833
79 376 4.63607
80 376 4.584
87 376 4.63607
99 376 4.584
40 377 4.4833
41 377 4.4833
70 377 4.63607
79 377 4.584
80 377 4.584
88 377 4.584
99 377 4.584
116 377 4.68933
22 378 4.4833
34 378 4.53309
35 378 4.53309
42 378 4.4833
44 378 4.43459
71 378 4.63607
80 378 4.584
81 378 4.584
82 378 4.53309
109 378 4.68933
172 378 5.03651
21 379 4.43459
22 379 4.43459
33 379 4.53309
34 379 4.53309
44 379 4.43459
45 379 4.43459
71 379 4.63607
81 379 4.53309
82 379 4.53309
83 379 4.53309
92 379 4.43459
93 379 4.43459
94 379 4.43459
95 379 4.43459
100 379 4.584
21 380 4.43459
22 380 4.43459
24 380 4.4833
32 380 4.4833
33 380 4.53309
72 380 4.584
86 380 4.43459
87 380 4.43459
94 380 4.43459
95 380 4.43459
5 381 4.53309
13 381 4.4833
21 381 4.38693
24 381 4.43459
25 381 4.43459
32 381 4.4833
33 381 4.4833
86 381 4.43459
87 381 4.43459
96 381 4.43459
4 382 4.53309
5 382 4.53309
12 382 4.4833
13 382 4.4833
14 382 4.4833
24 382 4.43459
25 382 4.43459
32 382 4.4833
33 382 4.4833
41 382 4.38693
86 382 4.43459
87 382 4.43459
4 383 4.53309
5 383 4.53309
13 383 4.43459
14 383 4.43459
32 383 4.43459
33 383 4.43459
34 383 4.43459
55 383 4.43459
86 383 4.38693
87 383 4.38693
88 383 4.38693
111 383 4.4833
13 384 4.43459
14 384 4.43459
33 384 4.43459
34 384 4.43459
35 384 4.43459
36 384 4.43459
13 385 4.38693
35 385 4.43459
36 385 4.43459
37 385 4.38693
104 385 4.43459
13 386 4.34028
25 386 4.34028
38 386 4.38693
104 386 4.43459
106 386 4.34028
13 387 4.34028
18 387 4.4833
25 387 4.34028
26 387 4.34028
39 387 4.34028
43 387 4.34028
58 387 4.34028
107 387 4.34028
108 387 4.34028
13 388 4.34028
14 388 4.34028
18 388 4.4833
51 388 4.38693
60 388 4.29461
61 388 4.29461
82 388 4.29461
83 388 4.29461
18 389 4.4833
50 389 4.34028
51 389 4.38693
52 389 4.34028
53 389 4.29461
61 389 4.29461
81 389 4.29461
82 389 4.29461
83 389 4.29461
265 389 4.79962
48 390 4.24989
52 390 4.34028
53 390 4.29461
54 390 4.29461
61 390 4.29461
62 390 4.29461
48 391 4.24989
54 391 4.29461
55 391 4.29461
62 391 4.29461
72 391 4.29461
97 391 4.34028
45 392 4.2061
54 392 4.29461
55 392 4.24989
56 392 4.24989
72 392 4.29461
73 392 4.29461
98 392 4.34028
116 392 4.34028
117 392 4.34028
45 393 4.2061
55 393 4.24989
56 393 4.24989
57 393 4.24989
59 393 4.24989
73 393 4.29461
113 393 4.29461
114 393 4.29461
117 393 4.29461
29 394 4.1632
45 394 4.1632
57 394 4.24989
58 394 4.24989
59 394 4.24989
89 394 4.24989
90 394 4.24989
110 394 4.584
113 394 4.29461
114 394 4.29461
115 394 4.29461
29 395 4.1632
45 395 4.1632
110 395 4.584
114 395 4.29461
115 395 4.29461
131 395 4.29461
26 396 4.2061
29 396 4.1632
30 396 4.1632
45 396 4.12116
59 396 4.1632
25 397 4.1632
26 397 4.1632
30 397 4.1632
60 397 4.2061
25 398 4.1632
26 398 4.1632
70 398 4.03959
105 398 4.1632
25 399 4.1632
26 399 4.1632
78 399 4.12116
79 399 4.12116
106 399 4.1632
107 399 4.1632
143 399 4.38693
24 400 4.12116
25 400 4.12116
26 400 4.12116
75 400 4.07997
76 400 4.12116
109 400 4.1632
143 400 4.38693
144 400 4.38693
75 401 4.07997
76 401 4.12116
77 401 4.12116
9 402 4.03959
64 402 4.07997
65 402 4.07997
150 402 4.38693
152 402 4.38693
153 402 4.34028
154 402 4.38693
300 402 4.43459
7 403 4.03959
8 403 4.03959
9 403 4.03959
64 403 4.07997
65 403 4.07997
66 403 4.07997
149 403 4.38693
154 403 4.38693
155 403 4.34028
8 404 4.03959
9 404 4.03959
63 404 4.07997
64 404 4.07997
88 404 4.03959
149 404 4.38693
150 404 4.38693
151 404 4.38693
152 404 4.38693
577 404 4.38693
580 404 4.29461
48 405 4.03959
89 405 4.03959
578 405 4.34028
49 406 4.03959
105 406 4.03959
106 406 4.03959
579 406 4.29461
580 406 4.29461
581 406 4.24989
582 406 4.24989
583 406 4.24989
34 407 4.03959
50 407 4.03959
58 407 4.03959
59 407 4.03959
105 407 4.03959
106 407 4.03959
211 407 4.34028
212 407 4.34028
366 407 4.29461
580 407 4.29461
581 407 4.24989
582 407 4.24989
583 407 4.24989
34 408 4.03959
35 408 4.03959
50 408 4.03959
58 408 4.03959
106 408 4.03959
34 409 4.03959
37 409 4.03959
38 409 4.03959
48 409 4.03959
36 410 4.03959
37 410 4.03959
47 410 4.03959
36 411 4.03959
37 411 4.03959
35 412 4.03959
39 413 4.03959
81 413 4.03959
99 413 4.03959
38 414 4.03959
99 414 4.03959
352 415 4.1632
353 415 4.1632
196 416 4.1632
197 416 4.1632
70 419 4.12116
104 425 4.03959
215 425 4.03959
237 425 4.03959
579 425 4.03959
580 426 4.03959
581 427 4.03959
