129 3 31.2989
138 3 31.2989
631 3 27.137
634 3 25.4453
138 4 29.0698
632 4 27.137
633 4 27.137
129 5 31.2989
632 5 27.137
139 6 31.2989
143 6 31.2989
633 6 27.137
634 6 27.137
137 7 31.2989
139 7 31.2989
633 7 27.137
116 8 31.2989
126 8 29.0698
115 9 31.2989
126 9 29.0698
143 9 33.8983
634 9 27.137
635 9 25.4453
123 10 33.8983
143 10 31.2989
636 10 23.9521
637 10 23.9521
115 11 31.2989
114 12 31.2989
115 12 31.2989
143 12 31.2989
144 12 31.2989
637 12 25.4453
114 13 31.2989
117 13 31.2989
143 13 31.2989
144 13 31.2989
637 13 25.4453
113 14 31.2989
126 14 31.2989
143 14 31.2989
637 14 25.4453
103 15 31.2989
113 15 31.2989
103 16 31.2989
117 16 31.2989
144 17 31.2989
143 18 31.2989
509 18 27.137
104 19 31.2989
109 19 31.2989
110 19 31.2989
143 19 31.2989
637 19 27.137
104 20 31.2989
109 20 31.2989
117 20 31.2989
147 20 31.2989
109 21 31.2989
113 21 31.2989
113 22 31.2989
119 24 31.2989
128 24 29.0698
597 24 29.0698
136 25 29.0698
150 25 31.2989
597 25 29.0698
614 25 31.2989
149 26 31.2989
150 26 31.2989
503 26 29.0698
150 27 31.2989
476 27 27.137
502 27 29.0698
637 27 29.0698
146 28 31.2989
150 28 31.2989
134 29 29.0698
146 29 31.2989
149 29 31.2989
150 29 31.2989
499 29 27.137
149 30 31.2989
150 30 31.2989
498 30 27.137
499 30 27.137
594 30 31.2989
126 31 31.2989
139 31 29.0698
149 31 31.2989
115 32 31.2989
126 32 31.2989
139 32 29.0698
149 32 31.2989
150 32 31.2989
510 32 27.137
115 33 31.2989
139 33 31.2989
149 33 31.2989
150 33 31.2989
139 34 31.2989
149 34 31.2989
138 35 31.2989
139 35 31.2989
148 35 31.2989
149 35 31.2989
619 35 31.2989
110 36 31.2989
115 36 31.2989
149 36 31.2989
598 36 31.2989
110 37 31.2989
132 37 29.0698
148 37 31.2989
149 37 31.2989
149 39 29.0698
499 39 27.137
609 39 200
109 40 31.2989
125 40 31.2989
141 40 31.2989
149 40 29.0698
619 40 31.2989
113 41 31.2989
124 41 31.2989
125 41 31.2989
140 41 31.2989
141 41 31.2989
148 41 31.2989
124 42 31.2989
140 42 31.2989
147 42 31.2989
148 42 31.2989
330 42 40.6504
331 42 40.6504
124 43 31.2989
147 43 31.2989
124 44 31.2989
146 44 31.2989
147 44 31.2989
497 44 29.0698
498 44 29.0698
598 44 31.2989
117 45 31.2989
125 45 29.0698
598 45 31.2989
125 46 29.0698
486 46 25.4453
598 46 31.2989
125 47 29.0698
136 47 29.0698
109 48 31.2989
110 48 31.2989
125 48 29.0698
136 48 29.0698
109 49 31.2989
125 49 29.0698
136 49 29.0698
147 49 31.2989
148 49 31.2989
610 49 31.2989
125 50 29.0698
147 50 31.2989
148 50 31.2989
598 50 33.8983
599 50 33.8983
125 51 29.0698
146 51 31.2989
598 51 33.8983
599 51 33.8983
125 52 29.0698
142 52 31.2989
111 53 31.2989
125 53 29.0698
141 53 31.2989
498 53 29.0698
613 53 31.2989
110 54 31.2989
141 54 31.2989
498 54 29.0698
106 55 31.2989
107 55 31.2989
118 55 31.2989
140 55 31.2989
146 55 31.2989
528 55 25.4453
600 55 31.2989
617 55 31.2989
106 56 31.2989
121 56 29.0698
140 56 31.2989
145 56 31.2989
281 56 19.3986
616 56 31.2989
626 56 29.0698
628 56 29.0698
4 57 18.5185
5 57 18.5185
140 57 31.2989
145 57 31.2989
146 57 31.2989
625 57 31.2989
4 58 18.5185
137 58 31.2989
140 58 31.2989
145 58 31.2989
600 58 31.2989
4 59 18.5185
8 59 19.3986
122 59 31.2989
140 59 31.2989
506 59 27.137
8 60 19.3986
107 60 31.2989
122 60 31.2989
140 60 31.2989
281 60 19.3986
454 60 33.8983
505 60 27.137
506 60 27.137
3 61 19.3986
7 61 19.3986
8 61 19.3986
107 61 31.2989
139 61 31.2989
147 61 31.2989
501 61 27.137
3 62 19.3986
7 62 19.3986
107 62 31.2989
112 62 31.2989
139 62 31.2989
147 62 31.2989
7 63 19.3986
8 63 19.3986
112 63 31.2989
139 63 31.2989
496 63 25.4453
601 63 31.2989
608 63 31.2989
633 63 25.4453
7 64 19.3986
121 64 29.0698
132 64 31.2989
139 64 31.2989
191 64 40.6504
372 64 36.9686
601 64 31.2989
607 64 31.2989
608 64 31.2989
6 65 19.3986
7 65 19.3986
107 65 31.2989
124 65 31.2989
130 65 31.2989
131 65 31.2989
147 65 31.2989
191 65 40.6504
370 65 33.8983
601 65 31.2989
624 65 31.2989
636 65 25.4453
6 66 19.3986
106 66 31.2989
124 66 31.2989
130 66 31.2989
139 66 31.2989
147 66 31.2989
191 66 40.6504
281 66 19.3986
500 66 27.137
608 66 31.2989
626 66 31.2989
6 67 19.3986
106 67 31.2989
130 67 31.2989
131 67 31.2989
139 67 31.2989
146 67 31.2989
368 67 36.9686
608 67 31.2989
5 68 19.3986
6 68 19.3986
106 68 31.2989
130 68 31.2989
131 68 31.2989
138 68 31.2989
145 68 31.2989
146 68 31.2989
608 68 31.2989
5 69 19.3986
106 69 31.2989
111 69 31.2989
131 69 31.2989
144 69 31.2989
145 69 31.2989
4 70 19.3986
5 70 19.3986
106 70 31.2989
111 70 31.2989
144 70 31.2989
194 70 40.6504
615 70 31.2989
4 71 19.3986
144 71 31.2989
194 71 45.1467
502 71 27.137
581 71 33.8983
582 71 33.8983
602 71 31.2989
603 71 31.2989
614 71 31.2989
4 72 19.3986
106 72 31.2989
144 72 31.2989
193 72 45.1467
567 72 31.2989
3 73 19.3986
4 73 19.3986
106 73 31.2989
143 73 31.2989
144 73 31.2989
193 73 45.1467
609 73 31.2989
3 74 19.3986
131 74 29.0698
143 74 31.2989
609 74 31.2989
3 75 19.3986
107 75 31.2989
143 75 31.2989
281 75 19.3986
605 75 31.2989
3 76 19.3986
107 76 31.2989
114 76 29.0698
139 76 29.0698
143 76 31.2989
192 76 40.6504
613 76 31.2989
3 77 18.5185
107 77 31.2989
122 77 31.2989
139 77 29.0698
143 77 31.2989
191 77 40.6504
192 77 40.6504
503 77 27.137
539 77 25.4453
611 77 31.2989
621 77 31.2989
627 77 27.137
107 78 31.2989
121 78 31.2989
143 78 31.2989
191 78 40.6504
503 78 27.137
608 78 31.2989
611 78 31.2989
20 79 31.2989
119 79 31.2989
121 79 31.2989
142 79 31.2989
143 79 31.2989
186 79 40.6504
502 79 27.137
503 79 27.137
608 79 31.2989
22 80 31.2989
130 80 29.0698
281 81 19.3986
21 82 31.2989
101 82 31.2989
108 82 31.2989
148 82 31.2989
281 82 19.3986
5 83 29.0698
6 83 29.0698
20 83 31.2989
100 83 31.2989
101 83 31.2989
148 83 31.2989
503 83 27.137
610 83 31.2989
619 83 31.2989
5 84 29.0698
20 84 31.2989
100 84 31.2989
122 84 31.2989
148 84 31.2989
503 84 27.137
610 84 31.2989
618 84 31.2989
619 84 31.2989
5 85 29.0698
20 85 31.2989
45 85 33.8983
111 85 29.0698
143 85 31.2989
148 85 31.2989
20 86 31.2989
111 86 29.0698
143 86 31.2989
148 86 31.2989
281 86 19.3986
613 86 31.2989
100 87 31.2989
118 87 31.2989
147 87 31.2989
613 87 31.2989
6 88 31.2989
109 88 31.2989
142 88 67.5676
147 88 31.2989
193 88 40.6504
281 88 19.3986
503 88 27.137
632 88 33.8983
6 89 31.2989
24 89 31.2989
109 89 31.2989
115 89 31.2989
146 89 31.2989
147 89 31.2989
187 89 45.1467
193 89 40.6504
495 89 27.137
496 89 27.137
6 90 31.2989
24 90 31.2989
108 90 31.2989
146 90 31.2989
186 90 45.1467
281 90 19.3986
18 91 31.2989
101 91 31.2989
108 91 29.0698
115 91 31.2989
146 91 31.2989
281 91 19.3986
545 91 25.4453
108 92 29.0698
497 92 27.137
502 92 27.137
586 92 80.9717
108 93 31.2989
143 93 33.8983
6 94 29.0698
108 94 29.0698
118 94 29.0698
140 94 50.7614
141 94 50.7614
143 94 33.8983
612 94 31.2989
22 95 33.8983
54 95 33.8983
121 95 31.2989
144 95 31.2989
24 96 33.8983
46 96 31.2989
54 96 33.8983
110 96 29.0698
114 96 31.2989
121 96 31.2989
200 96 40.6504
281 96 19.3986
18 97 31.2989
24 97 33.8983
110 97 29.0698
115 97 31.2989
120 97 31.2989
146 97 29.0698
190 97 40.6504
200 97 40.6504
281 97 19.3986
501 97 27.137
502 97 27.137
24 98 33.8983
146 98 29.0698
488 98 27.137
502 98 27.137
505 98 23.9521
7 99 31.2989
24 99 33.8983
121 99 31.2989
143 99 31.2989
146 99 29.0698
502 99 27.137
7 100 31.2989
22 100 33.8983
47 100 33.8983
60 100 31.2989
104 100 31.2989
121 100 31.2989
143 100 31.2989
187 100 40.6504
201 100 40.6504
502 100 27.137
7 101 31.2989
13 101 31.2989
18 101 31.2989
24 101 33.8983
60 101 31.2989
86 101 33.8983
121 101 31.2989
201 101 40.6504
18 102 31.2989
24 102 33.8983
52 102 33.8983
121 102 31.2989
146 102 31.2989
201 102 40.6504
537 102 25.4453
17 103 31.2989
24 103 33.8983
104 103 29.0698
146 103 31.2989
201 103 40.6504
24 104 33.8983
44 104 31.2989
49 104 33.8983
50 104 33.8983
115 104 31.2989
201 104 40.6504
248 104 50.7614
501 104 27.137
502 104 27.137
15 105 31.2989
21 105 31.2989
44 105 33.8983
201 105 40.6504
502 105 27.137
503 105 27.137
11 106 31.2989
21 106 31.2989
46 106 33.8983
200 106 40.6504
502 106 27.137
11 107 31.2989
45 107 33.8983
150 107 67.5676
200 107 40.6504
501 107 27.137
502 107 27.137
11 108 31.2989
14 108 31.2989
45 108 33.8983
64 108 36.9686
190 108 45.1467
200 108 40.6504
43 109 33.8983
145 109 31.2989
180 109 45.1467
201 109 40.6504
16 110 31.2989
26 110 31.2989
28 110 31.2989
39 110 31.2989
43 110 33.8983
60 110 33.8983
145 110 31.2989
201 110 40.6504
5 111 33.8983
16 111 31.2989
28 111 31.2989
39 111 31.2989
42 111 33.8983
59 111 33.8983
201 111 40.6504
502 111 29.0698
503 111 29.0698
20 112 31.2989
42 112 33.8983
201 112 40.6504
502 112 29.0698
503 112 29.0698
14 113 31.2989
19 113 31.2989
42 113 33.8983
181 113 45.1467
201 113 40.6504
206 113 40.6504
492 113 101.01
502 113 29.0698
503 113 29.0698
6 114 29.0698
14 114 31.2989
41 114 33.8983
42 114 33.8983
191 114 40.6504
502 114 29.0698
29 115 31.2989
41 115 33.8983
191 115 40.6504
201 115 40.6504
281 115 19.3986
29 116 31.2989
41 116 33.8983
52 116 31.2989
53 116 31.2989
201 116 40.6504
281 116 19.3986
16 117 31.2989
29 117 31.2989
41 117 33.8983
52 117 31.2989
65 117 33.8983
142 117 57.971
150 117 67.5676
493 117 27.137
35 118 31.2989
41 118 33.8983
191 118 40.6504
205 118 40.6504
500 118 29.0698
501 118 29.0698
16 119 31.2989
28 119 31.2989
46 119 33.8983
48 119 33.8983
63 119 33.8983
205 119 40.6504
247 119 50.7614
4 120 33.8983
16 120 31.2989
39 120 33.8983
48 120 33.8983
184 120 45.1467
204 120 40.6504
4 121 33.8983
16 121 31.2989
26 121 33.8983
204 121 40.6504
491 121 27.137
4 122 33.8983
16 122 31.2989
27 122 33.8983
28 122 33.8983
62 122 33.8983
63 122 33.8983
4 123 33.8983
16 123 31.2989
28 123 33.8983
38 123 33.8983
496 123 36.9686
497 123 36.9686
501 123 27.137
4 124 33.8983
15 124 31.2989
16 124 31.2989
24 124 33.8983
40 124 33.8983
60 124 33.8983
501 124 27.137
39 125 33.8983
207 125 40.6504
6 126 33.8983
39 126 33.8983
48 126 33.8983
207 126 40.6504
489 126 29.0698
490 126 29.0698
17 127 33.8983
23 127 33.8983
37 127 33.8983
39 127 33.8983
48 127 33.8983
193 127 45.1467
207 127 40.6504
14 128 31.2989
16 128 33.8983
37 128 33.8983
52 128 33.8983
206 128 40.6504
14 129 31.2989
29 129 33.8983
51 129 33.8983
56 129 33.8983
192 129 40.6504
9 130 31.2989
13 130 31.2989
29 130 33.8983
38 130 33.8983
192 130 40.6504
3 131 33.8983
11 131 31.2989
13 131 31.2989
23 131 33.8983
37 131 33.8983
193 131 40.6504
209 131 40.6504
3 132 33.8983
37 132 33.8983
60 132 33.8983
193 132 40.6504
11 133 31.2989
12 133 31.2989
36 133 33.8983
53 133 36.9686
281 133 19.3986
11 134 31.2989
12 134 31.2989
23 134 33.8983
41 134 33.8983
52 134 36.9686
74 134 36.9686
208 134 40.6504
11 135 31.2989
35 135 33.8983
41 135 33.8983
207 135 40.6504
10 136 31.2989
34 136 33.8983
49 136 33.8983
207 136 40.6504
10 137 31.2989
11 137 31.2989
21 137 36.9686
34 137 33.8983
48 137 36.9686
71 137 33.8983
3 138 33.8983
9 138 31.2989
33 138 33.8983
34 138 33.8983
47 138 33.8983
206 138 40.6504
9 139 31.2989
33 139 33.8983
38 139 33.8983
45 139 33.8983
46 139 33.8983
8 140 31.2989
37 140 33.8983
45 140 33.8983
72 140 33.8983
193 140 45.1467
8 141 31.2989
21 141 33.8983
31 141 33.8983
37 141 33.8983
45 141 33.8983
71 141 33.8983
90 141 67.5676
193 141 45.1467
204 141 40.6504
4 142 33.8983
7 142 31.2989
8 142 31.2989
21 142 33.8983
37 142 33.8983
42 142 33.8983
44 142 33.8983
45 142 33.8983
70 142 33.8983
204 142 40.6504
4 143 33.8983
7 143 31.2989
21 143 33.8983
32 143 33.8983
33 143 33.8983
37 143 33.8983
44 143 33.8983
69 143 33.8983
204 143 40.6504
7 144 31.2989
30 144 33.8983
32 144 33.8983
43 144 33.8983
69 144 33.8983
204 144 40.6504
6 145 31.2989
7 145 31.2989
30 145 33.8983
32 145 33.8983
43 145 33.8983
56 145 33.8983
503 145 27.137
6 146 31.2989
7 146 31.2989
24 146 33.8983
31 146 33.8983
503 146 27.137
6 147 31.2989
31 147 33.8983
145 147 31.2989
202 147 40.6504
6 148 31.2989
13 148 31.2989
21 148 33.8983
22 148 33.8983
42 148 33.8983
65 148 33.8983
202 148 40.6504
6 149 31.2989
13 149 31.2989
29 149 33.8983
31 149 33.8983
32 149 33.8983
40 149 33.8983
6 150 31.2989
31 150 33.8983
39 150 31.2989
22 151 29.0698
31 151 33.8983
38 151 33.8983
206 151 45.1467
3 152 31.2989
5 152 31.2989
6 152 31.2989
11 152 31.2989
31 152 33.8983
37 152 33.8983
41 152 33.8983
101 152 31.2989
5 153 31.2989
11 153 31.2989
30 153 33.8983
48 153 31.2989
62 153 33.8983
4 154 31.2989
11 154 31.2989
29 154 33.8983
4 155 31.2989
61 155 33.8983
143 155 31.2989
4 156 31.2989
11 156 33.8983
28 156 33.8983
32 156 33.8983
53 156 31.2989
61 156 33.8983
143 156 31.2989
4 157 31.2989
16 157 33.8983
32 157 33.8983
53 157 31.2989
61 157 33.8983
143 157 31.2989
4 158 31.2989
15 158 33.8983
30 158 33.8983
60 158 33.8983
123 158 29.0698
143 158 31.2989
4 159 31.2989
15 159 33.8983
23 159 31.2989
27 159 33.8983
29 159 33.8983
30 159 33.8983
51 159 31.2989
60 159 33.8983
122 159 29.0698
143 159 31.2989
4 160 31.2989
22 160 31.2989
29 160 33.8983
60 160 33.8983
122 160 29.0698
143 160 31.2989
3 161 31.2989
4 161 31.2989
13 161 33.8983
26 161 33.8983
29 161 33.8983
71 161 36.9686
122 161 29.0698
143 161 31.2989
146 161 33.8983
4 162 31.2989
13 162 33.8983
26 162 33.8983
45 162 33.8983
46 162 33.8983
59 162 33.8983
70 162 36.9686
71 162 36.9686
122 162 29.0698
143 162 31.2989
146 162 33.8983
4 163 31.2989
13 163 33.8983
37 163 33.8983
45 163 33.8983
143 163 31.2989
146 163 33.8983
627 163 23.9521
4 164 31.2989
13 164 33.8983
17 164 31.2989
26 164 33.8983
27 164 33.8983
37 164 33.8983
40 164 31.2989
56 164 33.8983
59 164 33.8983
67 164 33.8983
123 164 31.2989
143 164 31.2989
146 164 33.8983
199 164 40.6504
4 165 31.2989
23 165 33.8983
26 165 33.8983
30 165 33.8983
56 165 33.8983
59 165 33.8983
123 165 31.2989
124 165 31.2989
143 165 31.2989
5 166 31.2989
23 166 33.8983
26 166 33.8983
45 166 31.2989
57 166 33.8983
58 166 33.8983
143 166 31.2989
5 167 31.2989
14 167 33.8983
25 167 33.8983
26 167 33.8983
46 167 31.2989
57 167 33.8983
143 167 31.2989
503 167 29.0698
504 167 29.0698
629 167 25.4453
6 168 31.2989
13 168 33.8983
14 168 33.8983
25 168 33.8983
36 168 36.9686
54 168 36.9686
143 168 31.2989
617 168 67.5676
618 168 67.5676
629 168 25.4453
7 169 31.2989
13 169 33.8983
24 169 33.8983
25 169 33.8983
35 169 36.9686
47 169 31.2989
123 169 31.2989
143 169 31.2989
13 170 33.8983
24 170 33.8983
35 170 36.9686
59 170 45.1467
61 170 45.1467
123 170 31.2989
504 170 27.137
13 171 33.8983
61 171 45.1467
123 171 31.2989
146 171 33.8983
6 172 33.8983
13 172 33.8983
24 172 33.8983
25 172 33.8983
33 172 36.9686
48 172 33.8983
53 172 33.8983
54 172 33.8983
61 172 45.1467
113 172 29.0698
146 172 33.8983
503 172 27.137
504 172 27.137
6 173 33.8983
10 173 31.2989
24 173 33.8983
47 173 33.8983
48 173 33.8983
52 173 33.8983
53 173 33.8983
146 173 33.8983
633 173 25.4453
8 174 31.2989
10 174 31.2989
29 174 33.8983
52 174 33.8983
143 174 31.2989
146 174 33.8983
10 175 31.2989
13 175 33.8983
14 175 33.8983
27 175 33.8983
28 175 33.8983
49 175 33.8983
146 175 33.8983
240 175 50.7614
634 175 25.4453
14 176 33.8983
26 176 33.8983
27 176 33.8983
42 176 31.2989
48 176 33.8983
125 176 29.0698
146 176 33.8983
240 176 50.7614
557 176 40.6504
558 176 40.6504
559 176 40.6504
560 176 36.9686
561 176 33.8983
562 176 33.8983
563 176 31.2989
635 176 25.4453
7 177 31.2989
19 177 33.8983
23 177 33.8983
45 177 33.8983
46 177 33.8983
125 177 29.0698
146 177 33.8983
552 177 200
553 177 200
557 177 40.6504
558 177 40.6504
559 177 40.6504
560 177 36.9686
561 177 33.8983
562 177 33.8983
7 178 31.2989
10 178 31.2989
16 178 33.8983
22 178 33.8983
23 178 33.8983
44 178 33.8983
45 178 33.8983
125 178 29.0698
146 178 33.8983
196 178 50.7614
636 178 25.4453
10 179 31.2989
16 179 31.2989
17 179 33.8983
21 179 33.8983
22 179 33.8983
38 179 33.8983
125 179 29.0698
143 179 31.2989
146 179 33.8983
619 179 31.2989
637 179 25.4453
10 180 31.2989
20 180 33.8983
21 180 33.8983
47 180 40.6504
146 180 33.8983
196 180 50.7614
239 180 57.971
489 180 50.7614
490 180 50.7614
491 180 50.7614
492 180 45.1467
493 180 40.6504
494 180 36.9686
637 180 25.4453
10 181 31.2989
20 181 33.8983
21 181 33.8983
60 181 36.9686
134 181 31.2989
196 181 50.7614
213 181 45.1467
239 181 57.971
485 181 200
486 181 200
490 181 50.7614
491 181 50.7614
493 181 40.6504
494 181 36.9686
495 181 36.9686
496 181 33.8983
10 182 31.2989
15 182 31.2989
20 182 33.8983
134 182 31.2989
196 182 50.7614
213 182 45.1467
490 182 50.7614
491 182 50.7614
492 182 45.1467
493 182 40.6504
494 182 40.6504
495 182 36.9686
6 183 67.5676
10 183 31.2989
15 183 31.2989
19 183 33.8983
134 183 31.2989
196 183 50.7614
213 183 45.1467
489 183 50.7614
490 183 50.7614
491 183 45.1467
492 183 45.1467
493 183 40.6504
494 183 40.6504
495 183 36.9686
10 184 31.2989
11 184 31.2989
19 184 33.8983
47 184 36.9686
56 184 40.6504
134 184 31.2989
196 184 50.7614
239 184 57.971
488 184 57.971
490 184 50.7614
492 184 45.1467
493 184 40.6504
19 185 33.8983
42 185 67.5676
46 185 36.9686
134 185 31.2989
139 185 33.8983
196 185 50.7614
239 185 57.971
490 185 50.7614
491 185 45.1467
492 185 45.1467
493 185 40.6504
558 185 36.9686
31 186 50.7614
42 186 67.5676
46 186 36.9686
134 186 31.2989
139 186 33.8983
196 186 50.7614
240 186 57.971
558 186 36.9686
18 187 33.8983
42 187 67.5676
46 187 36.9686
134 187 31.2989
139 187 33.8983
240 187 57.971
6 188 31.2989
18 188 33.8983
45 188 36.9686
46 188 36.9686
134 188 31.2989
139 188 33.8983
240 188 50.7614
18 189 33.8983
63 189 67.5676
134 189 31.2989
139 189 33.8983
196 189 50.7614
282 189 19.3986
18 190 33.8983
53 190 36.9686
111 190 31.2989
134 190 31.2989
139 190 33.8983
196 190 50.7614
241 190 57.971
5 191 33.8983
134 191 31.2989
196 191 50.7614
282 191 19.3986
5 192 33.8983
25 192 33.8983
26 192 33.8983
134 192 31.2989
196 192 50.7614
282 192 19.3986
480 192 57.971
481 192 57.971
482 192 57.971
488 192 29.0698
489 192 29.0698
490 192 29.0698
491 192 27.137
613 192 31.2989
614 192 31.2989
24 193 33.8983
25 193 33.8983
134 193 31.2989
196 193 50.7614
480 193 57.971
481 193 57.971
482 193 57.971
483 193 57.971
489 193 29.0698
490 193 29.0698
612 193 31.2989
613 193 31.2989
614 193 31.2989
22 194 33.8983
134 194 31.2989
480 194 57.971
481 194 57.971
482 194 57.971
134 195 31.2989
139 195 33.8983
480 195 57.971
481 195 57.971
134 196 31.2989
139 196 33.8983
291 196 80.9717
134 197 31.2989
139 197 33.8983
134 198 31.2989
139 198 33.8983
16 199 31.2989
134 199 31.2989
139 199 33.8983
134 200 31.2989
139 200 33.8983
134 201 31.2989
139 201 33.8983
134 202 31.2989
139 202 33.8983
164 202 45.1467
194 202 45.1467
134 203 31.2989
164 203 45.1467
175 203 50.7614
15 204 31.2989
134 204 33.8983
139 204 33.8983
15 205 31.2989
134 205 33.8983
15 206 31.2989
139 206 33.8983
185 206 50.7614
194 206 45.1467
523 206 18.5185
524 206 18.5185
525 206 17.7148
526 206 17.7148
527 206 17.7148
528 206 16.9779
15 207 31.2989
134 207 31.2989
525 207 17.7148
526 207 17.7148
15 208 31.2989
57 208 45.1467
134 208 31.2989
194 208 45.1467
15 209 31.2989
124 209 31.2989
616 209 13.1492
617 209 13.1492
10 210 33.8983
15 210 31.2989
16 210 31.2989
124 210 31.2989
615 210 13.1492
10 211 33.8983
21 211 36.9686
239 211 57.971
560 211 17.7148
10 212 33.8983
21 212 36.9686
239 212 57.971
519 212 17.7148
526 212 17.7148
534 212 19.3986
535 212 19.3986
560 212 17.7148
561 212 17.7148
10 213 31.2989
111 213 31.2989
123 213 31.2989
162 213 45.1467
513 213 20.3666
526 213 17.7148
534 213 19.3986
535 213 19.3986
561 213 17.7148
10 214 31.2989
18 214 36.9686
111 214 31.2989
123 214 31.2989
357 214 57.971
396 214 101.01
397 214 101.01
416 214 15.0943
526 214 17.7148
602 214 16.9779
603 214 16.9779
604 214 16.2999
605 214 15.674
606 214 15.674
607 214 15.0943
10 215 31.2989
18 215 36.9686
123 215 31.2989
396 215 101.01
397 215 101.01
525 215 17.7148
526 215 17.7148
610 215 13.587
10 216 31.2989
18 216 36.9686
123 216 31.2989
518 216 17.7148
519 216 17.7148
525 216 17.7148
526 216 17.7148
10 217 31.2989
18 217 36.9686
42 217 40.6504
123 217 31.2989
494 217 20.3666
495 217 20.3666
598 217 12.7389
10 218 31.2989
18 218 36.9686
352 218 50.7614
380 218 101.01
497 218 20.3666
558 218 15.0943
559 218 15.0943
560 218 15.0943
597 218 12.7389
598 218 12.7389
10 219 31.2989
18 219 36.9686
44 219 40.6504
123 219 31.2989
373 219 40.6504
379 219 101.01
381 219 101.01
491 219 20.3666
558 219 15.0943
559 219 15.0943
597 219 12.7389
598 219 12.7389
10 220 31.2989
18 220 36.9686
111 220 31.2989
123 220 31.2989
569 220 14.0548
636 220 14.556
10 221 31.2989
18 221 40.6504
521 221 17.7148
522 221 17.7148
551 221 16.2999
552 221 15.674
553 221 15.674
554 221 15.0943
599 221 12.7389
10 222 33.8983
18 222 40.6504
44 222 40.6504
123 222 31.2989
549 222 16.9779
550 222 16.2999
551 222 16.2999
552 222 15.674
553 222 15.674
554 222 15.0943
567 222 14.556
568 222 14.556
599 222 12.7389
10 223 33.8983
18 223 40.6504
44 223 40.6504
111 223 31.2989
123 223 31.2989
488 223 21.4362
567 223 14.556
572 223 15.674
599 223 12.7389
10 224 33.8983
18 224 40.6504
23 224 36.9686
44 224 40.6504
123 224 31.2989
580 224 12.7389
599 224 12.7389
600 224 12.7389
10 225 33.8983
18 225 40.6504
23 225 36.9686
44 225 40.6504
123 225 31.2989
124 225 31.2989
487 225 21.4362
488 225 21.4362
555 225 15.0943
556 225 15.0943
598 225 12.7389
599 225 12.7389
600 225 12.7389
10 226 33.8983
18 226 40.6504
23 226 36.9686
44 226 40.6504
10 227 33.8983
15 227 31.2989
10 228 33.8983
15 228 33.8983
16 228 33.8983
127 228 31.2989
10 229 33.8983
15 229 33.8983
16 229 33.8983
112 229 31.2989
126 229 29.0698
10 230 33.8983
16 230 33.8983
112 230 31.2989
126 230 29.0698
127 230 29.0698
490 230 20.3666
510 230 18.5185
614 230 12.7389
634 230 10.7296
10 231 31.2989
16 231 33.8983
58 231 31.2989
127 231 31.2989
508 231 18.5185
509 231 18.5185
510 231 18.5185
513 231 16.2999
514 231 16.2999
598 231 13.1492
599 231 12.7389
633 231 10.7296
634 231 10.7296
635 231 10.7296
10 232 31.2989
16 232 33.8983
138 232 31.2989
509 232 18.5185
595 232 13.587
596 232 13.587
597 232 13.1492
598 232 13.1492
599 232 12.7389
600 232 12.7389
605 232 12.7389
606 232 12.7389
607 232 12.7389
630 232 11.6482
635 232 10.7296
10 233 31.2989
16 233 31.2989
509 233 18.5185
599 233 12.7389
10 234 31.2989
141 234 29.0698
508 234 18.5185
509 234 18.5185
538 234 16.2999
539 234 15.674
633 234 10.7296
508 235 18.5185
536 235 16.2999
537 235 16.2999
538 235 16.2999
539 235 16.2999
542 235 14.0548
543 235 14.0548
632 235 11.0193
508 236 18.5185
532 236 20.3666
533 236 20.3666
534 236 18.5185
535 236 16.9779
536 236 16.2999
537 236 16.2999
538 236 16.2999
537 237 16.2999
491 239 20.3666
536 240 16.9779
537 240 16.2999
608 240 13.1492
609 240 12.7389
610 240 12.7389
611 240 12.7389
528 241 21.4362
529 241 20.3666
531 241 19.3986
532 241 18.5185
533 241 18.5185
534 241 17.7148
535 241 16.9779
536 241 16.9779
537 241 16.2999
576 241 13.587
577 241 13.1492
578 241 13.1492
609 241 12.7389
610 241 12.7389
611 241 12.7389
612 241 12.3533
633 241 10.7296
634 241 10.7296
496 242 20.3666
576 242 13.587
577 242 13.1492
612 242 12.3533
515 243 17.7148
542 243 16.2999
543 243 16.2999
574 243 13.587
575 243 13.587
576 243 13.587
633 243 10.7296
513 244 17.7148
514 244 17.7148
542 244 16.2999
543 244 16.2999
575 244 13.587
576 244 13.587
509 245 18.5185
637 245 10.7296
537 246 16.2999
538 246 16.2999
574 246 13.587
575 246 13.587
635 246 10.7296
636 246 10.7296
637 246 10.7296
513 247 17.7148
514 247 17.7148
537 247 16.2999
543 247 15.674
544 247 15.674
574 247 13.587
575 247 13.587
635 247 10.7296
636 247 10.7296
637 247 10.7296
514 248 17.7148
543 248 15.674
544 248 15.674
581 248 13.587
582 248 13.587
634 248 10.7296
635 248 10.7296
636 248 10.7296
14 249 20.3666
537 249 16.2999
543 249 15.674
622 249 12.3533
634 249 10.7296
635 249 10.7296
636 249 10.7296
15 250 20.3666
537 250 16.2999
633 250 10.7296
634 250 10.7296
635 250 10.7296
579 251 13.587
584 252 13.1492
585 252 13.1492
621 252 12.3533
633 252 10.7296
550 253 15.674
584 253 13.1492
632 253 10.7296
633 253 10.7296
549 254 15.674
550 254 15.674
576 254 13.587
632 254 10.7296
633 254 10.7296
538 255 16.2999
539 255 16.2999
540 255 16.2999
576 255 13.587
632 255 10.7296
583 256 13.1492
584 256 13.1492
585 256 13.1492
632 256 10.7296
243 257 16.2999
583 257 13.1492
584 257 13.1492
601 257 14.556
602 257 14.556
603 257 14.0548
604 257 14.0548
605 257 13.587
606 257 13.1492
607 257 12.7389
608 257 12.3533
609 257 11.9904
610 257 11.6482
628 257 11.6482
629 257 11.325
630 257 10.7296
632 257 10.7296
584 258 13.1492
600 258 14.556
601 258 14.556
602 258 14.556
603 258 14.0548
604 258 14.0548
605 258 13.587
606 258 13.1492
607 258 12.7389
608 258 12.3533
609 258 11.9904
610 258 11.6482
611 258 11.6482
612 258 11.325
618 258 13.587
619 258 13.587
620 258 13.587
622 258 12.7389
623 258 12.3533
624 258 12.3533
625 258 11.9904
626 258 11.9904
627 258 11.6482
628 258 11.6482
629 258 11.325
630 258 11.0193
631 258 10.7296
632 258 10.7296
633 258 10.7296
575 259 13.587
584 259 13.1492
585 259 13.1492
631 259 10.7296
632 259 10.7296
576 260 13.587
583 260 13.1492
584 260 13.1492
585 260 13.1492
576 261 13.587
577 261 13.587
584 261 13.1492
577 262 13.587
580 262 13.587
580 264 13.587
581 264 13.1492
582 264 13.1492
583 264 13.1492
581 265 13.587
582 265 13.587
216 267 12.7389
541 267 13.587
88 272 13.1492
88 273 13.1492
89 273 13.1492
90 273 13.1492
449 273 13.587
450 273 13.587
451 273 13.587
452 273 13.587
453 273 12.7389
454 273 12.3533
455 273 11.9904
456 273 11.6482
454 274 12.3533
455 274 11.9904
456 274 11.6482
457 274 11.325
637 275 10.4548
636 276 10.4548
637 276 10.4548
637 277 10.4548
637 279 10.4548
169 281 10.7296
233 283 10.1937
234 283 10.1937
234 284 10.1937
602 284 10.7296
603 284 10.7296
220 286 9.70874
221 286 9.70874
22 287 11.0193
23 287 11.0193
24 287 11.0193
208 287 9.9453
10 289 11.0193
11 289 11.0193
209 289 9.48317
633 289 9.9453
634 289 9.9453
635 289 9.9453
11 290 11.0193
12 290 11.0193
195 290 9.48317
209 290 9.48317
197 291 9.48317
203 292 9.06207
195 293 10.7296
198 293 9.06207
200 293 9.06207
200 294 9.06207
201 294 9.06207
473 294 9.9453
480 294 9.48317
481 294 9.48317
620 296 9.26784
621 296 9.26784
622 296 9.26784
188 297 8.67679
188 298 8.67679
188 299 8.67679
165 300 8.32293
176 300 8.32293
179 300 8.32293
180 300 8.32293
189 300 8.49618
199 300 8.32293
200 300 8.32293
205 300 8.32293
176 301 8.32293
177 301 8.32293
209 301 8.32293
177 302 8.32293
210 302 8.32293
129 303 7.9968
211 303 8.32293
178 304 8.15661
172 305 7.9968
145 306 7.69527
193 306 7.9968
146 307 7.69527
194 307 7.9968
132 308 7.69527
135 308 7.69527
174 308 7.69527
175 308 7.69527
176 308 7.69527
175 309 7.69527
176 309 7.69527
135 311 7.41565
136 311 7.41565
187 311 7.55287
202 311 7.69527
204 311 8.15661
78 312 7.15564
131 312 7.41565
201 312 7.55287
125 313 7.41565
126 313 7.41565
127 313 7.41565
167 313 7.9968
170 313 7.15564
171 313 7.15564
192 313 7.41565
125 314 7.41565
126 314 7.41565
127 314 7.41565
128 314 7.41565
171 314 7.15564
193 314 7.28332
194 314 7.28332
201 314 7.55287
217 314 7.69527
126 315 7.41565
165 315 7.15564
171 315 7.15564
176 315 7.41565
177 315 7.41565
178 315 7.41565
194 315 7.28332
195 315 7.28332
196 315 7.28332
201 315 7.41565
202 315 7.41565
218 315 7.69527
108 316 7.41565
165 316 7.03235
179 316 7.41565
188 316 7.28332
189 316 7.28332
223 316 7.55287
224 316 7.55287
137 317 7.15564
164 317 7.15564
165 317 7.03235
175 317 7.28332
176 317 7.28332
192 317 7.28332
130 318 7.03235
165 318 7.03235
166 318 7.03235
167 318 7.03235
176 318 7.28332
177 318 7.28332
122 319 7.69527
125 319 7.03235
131 319 7.03235
79 320 6.7981
119 320 6.91324
125 320 7.03235
79 321 6.7981
89 321 6.91324
90 321 6.91324
118 321 6.91324
119 321 6.91324
203 321 7.15564
204 321 7.15564
79 322 6.7981
88 322 6.91324
88 323 6.91324
176 323 6.91324
81 324 6.7981
82 324 6.7981
83 324 6.7981
107 324 6.7981
151 324 6.68673
152 324 6.68673
223 324 7.28332
224 324 7.28332
113 325 6.57895
114 325 6.57895
115 325 6.57895
229 325 7.28332
230 325 7.28332
93 326 6.47459
113 326 6.57895
114 326 6.57895
133 326 6.68673
135 326 7.28332
138 326 6.68673
139 326 6.68673
145 326 6.57895
146 326 6.57895
147 326 6.57895
90 327 6.47459
93 327 6.47459
131 327 6.47459
138 327 6.68673
139 327 6.68673
171 327 6.57895
172 327 6.57895
190 327 6.57895
71 328 6.47459
89 328 6.47459
90 328 6.47459
121 328 6.47459
130 328 6.68673
170 328 6.68673
172 328 6.57895
173 328 6.68673
190 328 6.57895
191 328 6.57895
217 328 7.03235
218 328 7.03235
219 328 7.03235
59 329 6.57895
60 329 6.57895
68 329 6.47459
69 329 6.57895
72 329 6.47459
95 329 6.47459
111 329 6.37349
116 329 6.47459
118 329 6.47459
143 329 6.37349
144 329 6.37349
145 329 6.37349
153 329 6.37349
218 329 7.03235
219 329 7.03235
223 329 7.03235
59 330 6.57895
60 330 6.57895
68 330 6.47459
69 330 6.47459
70 330 6.47459
111 330 6.37349
112 330 6.37349
118 330 6.47459
119 330 6.47459
224 330 7.03235
225 330 7.03235
99 331 6.37349
112 331 6.37349
113 331 6.37349
149 331 6.37349
163 331 6.37349
38 332 6.18047
40 332 6.27549
41 332 6.27549
42 332 6.27549
44 332 6.27549
47 332 6.27549
48 332 6.27549
49 332 6.27549
70 332 6.47459
141 332 6.18047
149 332 6.37349
185 332 6.37349
38 333 6.18047
39 333 6.18047
40 333 6.27549
41 333 6.27549
42 333 6.27549
43 333 6.27549
45 333 6.27549
46 333 6.27549
134 333 6.47459
141 333 6.18047
177 333 6.27549
46 334 6.27549
47 334 6.27549
111 334 6.18047
134 334 6.47459
137 334 6.08828
142 334 6.18047
161 334 6.18047
111 335 6.18047
136 335 6.08828
137 335 6.08828
138 335 6.08828
91 336 5.91191
136 336 6.08828
199 336 6.27549
522 336 7.03235
523 336 6.7981
531 336 6.68673
532 336 6.68673
533 336 6.68673
534 336 6.57895
535 336 6.47459
536 336 6.37349
53 337 6.18047
91 337 5.91191
92 337 5.91191
125 337 5.91191
136 337 6.08828
137 337 5.9988
523 337 6.7981
524 337 6.7981
525 337 6.68673
526 337 6.68673
527 337 6.68673
528 337 6.68673
529 337 6.68673
530 337 6.68673
531 337 6.68673
532 337 6.68673
533 337 6.68673
534 337 6.57895
535 337 6.47459
536 337 6.37349
95 338 5.9988
106 338 6.08828
107 338 6.08828
139 338 5.9988
156 338 5.9988
525 338 6.68673
526 338 6.68673
527 338 6.68673
528 338 6.68673
529 338 6.68673
530 338 6.68673
531 338 6.68673
534 338 6.57895
535 338 6.47459
536 338 6.37349
537 338 6.37349
538 338 6.18047
45 339 5.91191
52 339 5.9988
97 339 5.91191
106 339 6.08828
107 339 6.08828
605 339 6.57895
606 339 6.57895
607 339 6.57895
52 340 5.91191
94 340 6.37349
97 340 5.82751
98 340 5.82751
107 340 6.08828
609 340 6.37349
610 340 6.27549
611 340 6.27549
612 340 6.27549
40 341 5.74548
41 341 5.74548
53 341 5.91191
60 341 5.9988
86 341 5.66572
98 341 5.82751
99 341 5.82751
150 341 5.91191
151 341 5.91191
178 341 5.91191
617 341 6.37349
618 341 6.37349
41 342 5.74548
54 342 5.91191
60 342 5.9988
65 342 5.82751
86 342 5.66572
87 342 5.66572
99 342 5.82751
193 342 5.9988
194 342 5.9988
622 342 6.27549
623 342 6.27549
624 342 6.18047
625 342 6.27549
626 342 6.18047
60 343 5.9988
64 343 5.66572
67 343 5.91191
83 343 5.66572
84 343 5.66572
119 343 5.74548
148 343 5.74548
174 343 5.91191
175 343 5.91191
176 343 5.91191
193 343 5.9988
194 343 5.9988
195 343 5.9988
612 343 6.27549
613 343 6.27549
631 343 6.27549
632 343 6.27549
59 344 5.9988
60 344 5.9988
61 344 5.9988
84 344 5.66572
115 344 5.74548
121 344 5.74548
135 344 5.66572
136 344 5.66572
145 344 5.66572
146 344 5.66572
147 344 5.66572
193 344 5.9988
194 344 5.9988
615 344 6.27549
637 344 5.9988
60 345 5.82751
64 345 5.66572
106 345 5.74548
107 345 5.74548
136 345 5.66572
137 345 5.66572
147 345 5.66572
148 345 5.66572
202 345 6.18047
618 345 6.08828
619 345 6.18047
620 345 6.08828
13 346 5.66572
83 346 5.66572
108 346 5.74548
137 346 5.66572
621 346 6.08828
622 346 6.08828
623 346 6.08828
13 347 5.66572
60 347 5.74548
83 347 5.66572
138 347 5.58815
188 347 5.74548
200 347 6.18047
201 347 6.18047
624 347 6.08828
625 347 6.08828
626 347 6.08828
67 348 5.66572
69 348 5.66572
127 348 5.51268
129 348 5.51268
180 348 5.74548
184 348 5.66572
187 348 5.74548
188 348 5.74548
189 348 5.74548
628 348 5.9988
629 348 5.9988
630 348 5.9988
129 349 5.51268
130 349 5.51268
131 349 5.51268
28 350 5.58815
125 350 5.43922
126 350 5.43922
633 350 5.91191
634 350 5.91191
635 350 5.91191
25 351 5.43922
26 351 5.58815
28 351 5.58815
71 351 5.43922
72 351 5.43922
125 351 5.43922
126 351 5.43922
457 351 5.91191
635 351 5.91191
636 351 5.91191
637 351 5.91191
21 352 5.29801
83 352 5.43922
126 352 5.43922
127 352 5.43922
7 353 5.23013
83 353 5.36769
85 353 5.36769
87 353 5.36769
116 353 5.51268
7 354 5.23013
8 354 5.23013
68 354 5.36769
69 354 5.36769
83 354 5.36769
87 354 5.36769
88 354 5.36769
109 354 5.43922
8 355 5.23013
9 355 5.23013
15 355 5.23013
16 355 5.29801
39 355 5.36769
40 355 5.36769
67 355 5.36769
68 355 5.36769
69 355 5.36769
82 355 5.36769
83 355 5.36769
84 355 5.36769
89 355 5.36769
90 355 5.36769
91 355 5.23013
92 355 5.36769
93 355 5.23013
111 355 5.29801
112 355 5.29801
118 355 5.29801
13 356 5.23013
16 356 5.29801
39 356 5.36769
40 356 5.36769
56 356 5.29801
84 356 5.36769
120 356 5.29801
13 357 5.23013
117 357 5.66572
120 357 5.29801
121 357 5.29801
53 358 5.23013
82 358 5.23013
112 358 5.23013
121 358 5.29801
122 358 5.29801
131 358 5.16396
133 358 5.16396
135 358 5.23013
81 359 5.23013
82 359 5.23013
83 359 5.23013
84 359 5.23013
85 359 5.23013
114 359 5.23013
131 359 5.16396
132 359 5.16396
136 359 5.09944
237 359 5.74548
82 360 5.23013
83 360 5.23013
84 360 5.23013
85 360 5.23013
114 360 5.23013
115 360 5.16396
116 360 5.16396
131 360 5.16396
132 360 5.16396
133 360 5.16396
134 360 5.16396
115 361 5.16396
116 361 5.16396
117 361 5.16396
118 361 5.16396
134 361 5.16396
135 361 5.09944
109 362 4.97512
110 362 4.97512
111 362 4.97512
112 362 4.97512
117 362 5.16396
114 363 5.09944
87 364 5.16396
88 364 5.16396
164 364 5.16396
57 365 5.03651
87 365 5.16396
88 365 5.16396
40 366 5.91191
49 366 4.85673
142 366 5.03651
143 366 5.03651
46 367 5.29801
48 367 4.91521
49 367 4.85673
50 367 4.85673
64 367 5.09944
137 367 5.58815
142 367 5.03651
143 367 5.03651
144 367 5.03651
50 368 4.85673
51 368 4.85673
63 368 4.97512
41 369 4.85673
42 369 4.85673
61 369 4.85673
95 369 4.85673
99 369 4.85673
106 369 4.85673
107 369 4.85673
40 370 5.03651
41 370 4.85673
42 370 4.85673
43 370 4.79962
63 370 4.79962
96 370 4.85673
43 371 4.79962
44 371 4.79962
61 371 4.79962
62 371 4.79962
122 371 4.91521
36 372 4.63607
37 372 4.63607
61 372 4.79962
62 372 4.79962
122 372 4.91521
37 373 4.63607
38 373 4.63607
62 373 4.79962
219 373 5.23013
41 374 4.74383
75 374 5.16396
116 374 4.79962
22 375 4.63607
41 375 4.74383
63 375 4.74383
64 375 4.74383
73 375 5.09944
74 375 5.16396
75 375 5.16396
78 375 4.68933
79 375 4.68933
80 375 4.68933
81 375 4.63607
116 375 4.79962
117 375 4.79962
118 375 4.97512
22 376 4.63607
63 376 4.74383
64 376 4.74383
71 376 4.79962
73 376 5.09944
74 376 5.16396
78 376 4.68933
79 376 4.68933
80 376 4.68933
81 376 4.63607
82 376 4.63607
83 376 4.63607
106 376 4.68933
114 376 4.97512
115 376 4.74383
18 377 4.63607
69 377 4.584
83 377 4.63607
84 377 4.63607
106 377 4.68933
18 378 4.63607
68 378 4.584
69 378 4.584
70 378 4.584
106 378 4.68933
107 378 4.68933
109 378 4.68933
111 378 4.68933
18 379 4.63607
64 379 5.09944
65 379 5.09944
68 379 4.584
69 379 4.584
70 379 4.584
71 379 4.584
106 379 4.68933
112 379 4.68933
29 380 4.4833
30 380 4.4833
71 380 4.584
72 380 4.584
73 380 4.53309
74 380 4.4833
75 380 4.4833
116 380 4.63607
29 381 4.4833
30 381 4.4833
73 381 4.53309
74 381 4.4833
75 381 4.4833
76 381 4.53309
110 381 4.63607
113 381 4.63607
115 381 4.63607
117 381 4.63607
118 381 4.63607
123 381 4.63607
125 381 4.63607
30 382 4.4833
60 382 4.53309
61 382 4.68933
113 382 4.63607
114 382 4.63607
535 382 4.97512
536 382 4.97512
30 383 4.43459
56 383 4.4833
57 383 4.4833
108 383 5.03651
113 383 4.63607
114 383 4.63607
115 383 4.63607
122 383 4.584
123 383 4.584
151 383 4.63607
57 384 4.4833
58 384 4.4833
123 384 4.584
151 384 4.63607
152 384 4.63607
78 385 4.34028
95 385 4.53309
124 385 4.584
144 385 4.53309
146 385 4.53309
152 385 4.63607
75 386 4.63607
78 386 4.34028
79 386 4.34028
80 386 4.34028
80 387 4.34028
81 387 4.34028
90 387 4.85673
72 388 4.34028
87 388 4.4833
88 388 4.4833
94 388 4.34028
95 388 4.34028
71 389 4.34028
72 389 4.34028
73 389 4.34028
74 389 4.34028
94 389 4.34028
95 389 4.34028
96 389 4.34028
44 390 4.34028
45 390 4.34028
61 390 4.29461
71 390 4.34028
73 390 4.34028
152 390 4.63607
59 391 4.24989
99 391 4.34028
152 391 4.63607
59 392 4.24989
60 392 4.24989
92 392 4.34028
59 393 4.24989
78 393 4.24989
30 394 4.12116
71 394 4.2061
9 395 4.03959
10 395 4.03959
30 395 4.12116
46 395 4.24989
47 395 4.24989
70 395 4.24989
71 395 4.2061
72 395 4.2061
73 395 4.24989
75 395 4.2061
85 395 4.2061
86 395 4.2061
95 395 4.29461
101 395 4.53309
119 395 4.34028
120 395 4.34028
9 396 4.03959
10 396 4.03959
30 396 4.12116
46 396 4.24989
47 396 4.24989
72 396 4.2061
73 396 4.24989
74 396 4.2061
84 396 4.24989
86 396 4.2061
87 396 4.2061
99 396 4.53309
101 396 4.53309
104 396 4.24989
105 396 4.24989
106 396 4.2061
119 396 4.34028
120 396 4.34028
10 397 4.03959
18 397 4.2061
105 397 4.24989
106 397 4.2061
107 397 4.2061
108 397 4.2061
109 397 4.1632
118 397 4.34028
119 397 4.34028
120 397 4.34028
17 400 4.07997
6 401 4.07997
26 401 4.03959
88 401 4.12116
113 401 4.1632
114 401 4.1632
26 402 4.03959
27 402 4.03959
10 404 4.03959
109 404 4.12116
110 404 4.12116
183 405 4.43459
184 405 4.43459
304 410 4.29461
305 410 4.29461
68 411 4.1632
71 412 4.03959
71 413 4.03959
40 414 4.24989
47 414 4.03959
48 414 4.03959
39 415 4.24989
47 415 4.03959
48 415 4.03959
48 416 4.03959
44 417 4.03959
44 418 4.03959
130 418 4.07997
371 418 4.12116
44 419 4.03959
130 419 4.07997
131 419 4.07997
132 419 4.07997
225 419 4.12116
226 419 4.12116
132 420 4.07997
176 420 4.07997
260 421 4.07997
261 421 4.07997
555 421 4.07997
127 423 4.03959
128 423 4.03959
128 424 4.03959
194 429 4.1632
194 430 4.1632
253 431 4.03959
72 436 4.03959
73 436 4.03959
72 437 4.03959
70 438 4.03959
71 438 4.03959
69 439 4.03959
70 439 4.03959
