87 3 29.0698
89 3 29.0698
112 3 31.2989
130 3 29.0698
87 4 29.0698
112 4 31.2989
117 4 29.0698
129 4 29.0698
518 4 25.4453
86 5 29.0698
87 5 29.0698
96 5 29.0698
97 5 29.0698
102 5 29.0698
130 7 29.0698
131 7 29.0698
134 7 31.2989
274 7 17.7148
88 8 29.0698
94 8 29.0698
130 8 29.0698
88 9 29.0698
93 9 29.0698
94 9 29.0698
134 9 31.2989
88 10 29.0698
94 10 29.0698
97 10 29.0698
126 10 29.0698
134 10 31.2989
93 11 29.0698
97 11 29.0698
126 11 29.0698
274 11 17.7148
89 12 29.0698
274 12 17.7148
514 12 25.4453
274 13 17.7148
122 14 27.137
274 14 17.7148
121 15 27.137
122 15 27.137
137 15 29.0698
274 15 17.7148
137 16 29.0698
138 16 29.0698
137 17 29.0698
138 17 29.0698
274 17 17.7148
119 18 29.0698
120 18 29.0698
137 18 29.0698
119 19 29.0698
120 19 29.0698
137 19 29.0698
274 19 17.7148
119 20 29.0698
120 20 29.0698
136 20 29.0698
137 20 29.0698
274 20 17.7148
119 21 29.0698
136 21 29.0698
137 21 29.0698
628 21 27.137
630 21 27.137
126 22 29.0698
128 22 29.0698
136 22 29.0698
137 22 29.0698
274 22 17.7148
116 23 29.0698
125 23 29.0698
126 23 29.0698
136 23 29.0698
137 23 29.0698
274 23 17.7148
528 23 27.137
529 23 27.137
549 23 23.9521
610 23 27.137
125 24 29.0698
126 24 29.0698
136 24 29.0698
137 24 29.0698
274 24 17.7148
95 25 29.0698
125 25 29.0698
136 25 29.0698
95 26 29.0698
120 26 31.2989
124 26 29.0698
125 26 29.0698
136 26 29.0698
94 27 29.0698
95 27 29.0698
100 27 29.0698
119 27 31.2989
136 27 29.0698
274 27 17.7148
634 27 29.0698
135 28 29.0698
136 28 29.0698
366 28 29.0698
610 28 31.2989
611 28 31.2989
633 28 29.0698
634 28 29.0698
135 29 29.0698
136 29 29.0698
93 30 29.0698
111 30 29.0698
128 30 27.137
135 30 29.0698
136 30 29.0698
274 30 16.9779
93 31 29.0698
97 31 29.0698
98 31 29.0698
111 31 29.0698
128 31 27.137
135 31 29.0698
136 31 29.0698
274 31 17.7148
508 31 27.137
97 32 29.0698
101 32 29.0698
110 32 29.0698
118 32 27.137
134 32 29.0698
135 32 29.0698
136 32 29.0698
274 32 16.9779
615 32 29.0698
634 32 29.0698
93 33 29.0698
101 33 29.0698
109 33 29.0698
110 33 29.0698
118 33 27.137
127 33 29.0698
134 33 29.0698
135 33 29.0698
274 33 17.7148
615 33 29.0698
634 33 29.0698
93 34 29.0698
109 34 29.0698
110 34 29.0698
118 34 27.137
134 34 29.0698
274 34 17.7148
101 35 29.0698
110 35 29.0698
133 35 31.2989
134 35 31.2989
110 36 29.0698
132 36 31.2989
508 36 25.4453
110 37 29.0698
507 37 25.4453
508 37 25.4453
610 37 29.0698
611 37 29.0698
93 38 29.0698
94 38 29.0698
110 38 29.0698
122 38 29.0698
126 38 29.0698
274 38 17.7148
495 38 25.4453
93 39 29.0698
94 39 29.0698
110 39 29.0698
122 39 29.0698
274 39 17.7148
612 39 29.0698
626 39 29.0698
93 40 29.0698
110 40 29.0698
122 40 29.0698
135 40 29.0698
136 40 29.0698
274 40 17.7148
508 40 25.4453
611 40 29.0698
612 40 29.0698
101 41 29.0698
110 41 29.0698
122 41 29.0698
134 41 29.0698
135 41 29.0698
136 41 29.0698
274 41 17.7148
110 42 29.0698
134 42 29.0698
135 42 29.0698
274 42 17.7148
518 42 27.137
103 43 29.0698
110 43 29.0698
274 43 16.9779
612 43 29.0698
110 44 29.0698
128 44 29.0698
274 44 16.9779
611 44 29.0698
94 45 27.137
110 45 29.0698
113 45 31.2989
128 45 29.0698
274 45 16.9779
613 45 29.0698
90 46 29.0698
91 46 29.0698
103 46 29.0698
113 46 31.2989
127 46 29.0698
128 46 29.0698
274 46 16.9779
507 46 27.137
508 46 27.137
517 46 25.4453
612 46 31.2989
613 46 31.2989
628 46 31.2989
90 47 29.0698
103 47 29.0698
127 47 29.0698
133 47 31.2989
274 47 16.9779
517 47 25.4453
90 48 29.0698
106 48 27.137
127 48 29.0698
132 48 31.2989
133 48 31.2989
274 48 17.7148
127 49 29.0698
132 49 31.2989
274 49 17.7148
614 49 29.0698
93 50 29.0698
127 50 29.0698
132 50 31.2989
613 50 29.0698
614 50 29.0698
631 50 29.0698
91 51 29.0698
107 51 29.0698
127 51 29.0698
274 51 17.7148
508 51 25.4453
613 51 29.0698
614 51 29.0698
631 51 29.0698
91 52 29.0698
106 52 29.0698
126 52 29.0698
274 52 16.9779
515 52 27.137
516 52 27.137
613 52 31.2989
614 52 31.2989
91 53 29.0698
125 53 29.0698
126 53 29.0698
134 53 29.0698
179 53 40.6504
274 53 16.9779
515 53 27.137
91 54 29.0698
97 54 29.0698
125 54 29.0698
126 54 29.0698
134 54 29.0698
274 54 16.9779
91 55 29.0698
97 55 29.0698
106 55 27.137
119 55 29.0698
125 55 29.0698
274 55 16.9779
458 55 33.8983
633 55 27.137
91 56 29.0698
106 56 29.0698
118 56 29.0698
125 56 29.0698
274 56 16.9779
614 56 29.0698
630 56 29.0698
632 56 27.137
91 57 29.0698
106 57 29.0698
109 57 29.0698
116 57 29.0698
117 57 29.0698
118 57 29.0698
274 57 16.9779
374 57 31.2989
506 57 25.4453
90 58 29.0698
106 58 29.0698
109 58 29.0698
116 58 29.0698
134 58 29.0698
135 58 29.0698
274 58 16.9779
372 58 31.2989
373 58 31.2989
509 58 25.4453
615 58 29.0698
621 58 31.2989
622 58 31.2989
90 59 29.0698
106 59 29.0698
109 59 29.0698
116 59 29.0698
125 59 29.0698
133 59 29.0698
134 59 29.0698
183 59 40.6504
274 59 16.9779
371 59 31.2989
521 59 25.4453
614 59 31.2989
615 59 31.2989
621 59 31.2989
116 60 29.0698
125 60 29.0698
132 60 29.0698
133 60 29.0698
183 60 40.6504
274 60 16.9779
614 60 31.2989
89 61 29.0698
116 61 29.0698
125 61 29.0698
132 61 29.0698
183 61 40.6504
274 61 16.9779
561 61 23.9521
622 61 31.2989
89 62 27.137
95 62 31.2989
96 62 31.2989
131 62 29.0698
274 62 16.9779
375 62 40.6504
621 62 31.2989
622 62 31.2989
131 63 29.0698
175 63 40.6504
274 63 16.9779
621 63 31.2989
622 63 31.2989
629 63 29.0698
90 64 29.0698
121 64 29.0698
130 64 29.0698
131 64 29.0698
186 64 40.6504
274 64 16.9779
512 64 25.4453
621 64 31.2989
629 64 29.0698
90 65 29.0698
103 65 29.0698
115 65 29.0698
130 65 29.0698
186 65 40.6504
274 65 16.9779
512 65 25.4453
84 66 27.137
90 66 29.0698
130 66 29.0698
186 66 40.6504
274 66 16.9779
116 67 29.0698
117 67 29.0698
129 67 29.0698
130 67 29.0698
186 67 40.6504
274 67 16.9779
622 67 31.2989
623 67 31.2989
91 68 29.0698
97 68 27.137
98 68 27.137
116 68 29.0698
129 68 29.0698
130 68 29.0698
185 68 40.6504
274 68 16.9779
578 68 31.2989
622 68 31.2989
623 68 31.2989
91 69 29.0698
98 69 27.137
106 69 27.137
125 69 27.137
129 69 29.0698
130 69 29.0698
185 69 40.6504
274 69 16.9779
526 69 27.137
622 69 31.2989
637 69 29.0698
91 70 29.0698
106 70 27.137
125 70 27.137
129 70 29.0698
130 70 29.0698
185 70 40.6504
274 70 16.9779
513 70 25.4453
628 70 29.0698
637 70 29.0698
103 71 29.0698
105 71 27.137
125 71 27.137
129 71 29.0698
130 71 29.0698
184 71 40.6504
274 71 16.9779
512 71 25.4453
513 71 25.4453
627 71 29.0698
628 71 29.0698
84 72 27.137
115 72 29.0698
125 72 27.137
129 72 29.0698
184 72 40.6504
274 72 16.9779
513 72 25.4453
553 72 23.9521
624 72 31.2989
625 72 31.2989
636 72 29.0698
92 73 29.0698
115 73 29.0698
129 73 29.0698
183 73 40.6504
184 73 40.6504
274 73 16.9779
513 73 25.4453
635 73 29.0698
636 73 29.0698
7 74 29.0698
92 74 29.0698
129 74 31.2989
183 74 40.6504
274 74 16.9779
512 74 25.4453
513 74 25.4453
621 74 31.2989
6 75 29.0698
85 75 29.0698
92 75 29.0698
104 75 27.137
107 75 27.137
116 75 29.0698
135 75 29.0698
136 75 29.0698
177 75 40.6504
274 75 16.9779
84 76 29.0698
107 76 27.137
116 76 29.0698
135 76 29.0698
136 76 29.0698
274 76 16.9779
368 76 29.0698
5 77 29.0698
83 77 29.0698
84 77 29.0698
135 77 29.0698
274 77 16.9779
623 77 31.2989
624 77 31.2989
135 78 29.0698
274 78 16.9779
513 78 25.4453
623 78 31.2989
624 78 31.2989
25 79 31.2989
26 79 31.2989
83 79 29.0698
95 79 29.0698
135 79 29.0698
274 79 16.9779
83 80 29.0698
95 80 29.0698
103 80 31.2989
134 80 29.0698
135 80 29.0698
274 80 16.9779
632 80 29.0698
633 80 29.0698
634 80 29.0698
36 81 31.2989
93 81 29.0698
102 81 31.2989
134 81 31.2989
274 81 16.9779
624 81 31.2989
625 81 31.2989
632 81 29.0698
633 81 29.0698
20 82 29.0698
36 82 31.2989
84 82 29.0698
87 82 29.0698
92 82 29.0698
93 82 29.0698
99 82 29.0698
134 82 31.2989
274 82 16.9779
624 82 31.2989
625 82 31.2989
134 83 31.2989
274 83 16.9779
475 83 25.4453
553 83 23.9521
624 83 31.2989
3 84 29.0698
86 84 29.0698
92 84 27.137
185 84 40.6504
190 84 40.6504
274 84 16.9779
504 84 25.4453
505 84 25.4453
506 84 25.4453
3 85 29.0698
84 85 29.0698
92 85 27.137
185 85 40.6504
190 85 40.6504
274 85 16.9779
32 86 31.2989
92 86 27.137
178 86 40.6504
274 86 16.9779
506 86 25.4453
511 86 27.137
91 87 27.137
92 87 27.137
102 87 29.0698
113 87 29.0698
274 87 16.9779
511 87 27.137
512 87 27.137
5 88 29.0698
43 88 31.2989
87 88 29.0698
92 88 27.137
102 88 29.0698
134 88 67.5676
274 88 16.9779
602 88 40.6504
625 88 31.2989
626 88 31.2989
632 88 31.2989
26 89 31.2989
45 89 31.2989
85 89 29.0698
103 89 29.0698
106 89 29.0698
274 89 16.9779
625 89 29.0698
626 89 29.0698
631 89 29.0698
632 89 31.2989
4 90 31.2989
26 90 31.2989
106 90 29.0698
133 90 57.971
274 90 16.9779
625 90 29.0698
626 90 29.0698
629 90 31.2989
631 90 29.0698
4 91 31.2989
26 91 31.2989
42 91 31.2989
88 91 29.0698
105 91 29.0698
133 91 57.971
193 91 40.6504
274 91 16.9779
626 91 29.0698
4 92 31.2989
26 92 31.2989
42 92 31.2989
274 92 16.9779
106 93 29.0698
132 93 40.6504
182 93 40.6504
274 93 16.9779
87 94 29.0698
103 94 27.137
106 94 29.0698
181 94 40.6504
192 94 40.6504
274 94 16.9779
511 94 27.137
512 94 27.137
513 94 27.137
3 95 29.0698
4 95 31.2989
25 95 29.0698
28 95 31.2989
42 95 31.2989
103 95 27.137
106 95 29.0698
133 95 40.6504
511 95 27.137
3 96 29.0698
4 96 31.2989
25 96 29.0698
28 96 31.2989
42 96 31.2989
106 96 29.0698
112 96 29.0698
133 96 45.1467
274 96 16.9779
3 97 29.0698
25 97 29.0698
28 97 31.2989
34 97 31.2989
88 97 29.0698
106 97 29.0698
111 97 29.0698
179 97 40.6504
193 97 45.1467
194 97 45.1467
274 97 16.9779
88 98 29.0698
106 98 29.0698
111 98 29.0698
143 98 67.5676
179 98 40.6504
193 98 45.1467
194 98 45.1467
274 98 16.9779
511 98 25.4453
25 99 29.0698
88 99 29.0698
106 99 29.0698
193 99 45.1467
274 99 16.9779
511 99 25.4453
25 100 31.2989
29 100 31.2989
30 100 31.2989
140 100 67.5676
193 100 45.1467
194 100 45.1467
274 100 16.9779
511 100 25.4453
512 100 25.4453
627 100 29.0698
28 101 31.2989
83 101 29.0698
87 101 29.0698
193 101 45.1467
194 101 45.1467
274 101 16.9779
511 101 25.4453
512 101 25.4453
559 101 23.9521
24 102 31.2989
27 102 31.2989
83 102 29.0698
193 102 45.1467
274 102 16.9779
27 103 33.8983
193 103 45.1467
512 103 25.4453
7 104 29.0698
13 104 31.2989
27 104 33.8983
47 104 33.8983
55 104 31.2989
135 104 57.971
182 104 40.6504
193 104 45.1467
511 104 25.4453
512 104 25.4453
7 105 29.0698
13 105 31.2989
18 105 27.137
24 105 31.2989
134 105 57.971
135 105 57.971
171 105 40.6504
193 105 40.6504
274 105 16.9779
7 106 29.0698
24 106 31.2989
119 106 27.137
134 106 57.971
193 106 40.6504
274 106 16.9779
512 106 25.4453
6 107 29.0698
23 107 31.2989
39 107 31.2989
134 107 57.971
193 107 40.6504
274 107 16.9779
6 108 29.0698
23 108 31.2989
82 108 29.0698
172 108 40.6504
193 108 40.6504
274 108 16.9779
5 109 29.0698
23 109 31.2989
67 109 31.2989
172 109 40.6504
193 109 40.6504
274 109 16.9779
8 110 29.0698
22 110 31.2989
67 110 31.2989
274 110 16.9779
8 111 29.0698
22 111 31.2989
34 111 31.2989
58 111 31.2989
183 111 40.6504
193 111 45.1467
198 111 40.6504
274 111 16.9779
8 112 29.0698
17 112 29.0698
22 112 31.2989
28 112 29.0698
33 112 31.2989
83 112 29.0698
183 112 40.6504
193 112 45.1467
198 112 40.6504
14 113 29.0698
22 113 31.2989
47 113 31.2989
193 113 45.1467
274 113 16.9779
503 113 25.4453
510 113 25.4453
511 113 25.4453
21 114 31.2989
46 114 31.2989
65 114 31.2989
182 114 40.6504
193 114 45.1467
274 114 16.9779
510 114 25.4453
511 114 25.4453
5 115 29.0698
21 115 31.2989
27 115 29.0698
30 115 33.8983
45 115 31.2989
65 115 31.2989
67 115 31.2989
274 115 16.9779
5 116 29.0698
6 116 29.0698
21 116 31.2989
67 116 31.2989
143 116 67.5676
183 116 40.6504
197 116 40.6504
274 116 16.9779
5 117 29.0698
7 117 29.0698
19 117 31.2989
21 117 31.2989
44 117 31.2989
134 117 57.971
197 117 40.6504
274 117 16.9779
7 118 31.2989
19 118 31.2989
31 118 31.2989
44 118 31.2989
134 118 57.971
188 118 36.9686
197 118 40.6504
242 118 50.7614
274 118 16.9779
7 119 31.2989
19 119 31.2989
27 119 31.2989
64 119 29.0698
197 119 40.6504
274 119 16.9779
20 120 31.2989
42 120 31.2989
142 120 67.5676
274 120 16.9779
510 120 27.137
511 120 27.137
20 121 31.2989
42 121 31.2989
141 121 67.5676
199 121 40.6504
274 121 16.9779
7 122 31.2989
20 122 31.2989
25 122 29.0698
63 122 29.0698
69 122 31.2989
199 122 40.6504
241 122 50.7614
274 122 16.9779
8 123 31.2989
18 123 31.2989
20 123 31.2989
29 123 31.2989
68 123 31.2989
199 123 40.6504
274 123 16.9779
498 123 25.4453
499 123 25.4453
8 124 31.2989
19 124 31.2989
199 124 40.6504
240 124 50.7614
274 124 16.9779
497 124 25.4453
19 125 31.2989
34 125 33.8983
39 125 33.8983
51 125 31.2989
199 125 40.6504
274 125 16.9779
3 126 31.2989
9 126 31.2989
18 126 31.2989
25 126 31.2989
38 126 33.8983
185 126 40.6504
199 126 40.6504
274 126 16.9779
3 127 31.2989
18 127 31.2989
25 127 31.2989
38 127 33.8983
66 127 31.2989
184 127 40.6504
240 127 50.7614
274 127 16.9779
3 128 31.2989
9 128 31.2989
17 128 31.2989
18 128 31.2989
31 128 31.2989
184 128 40.6504
185 128 40.6504
274 128 16.9779
8 129 31.2989
9 129 31.2989
17 129 31.2989
140 129 67.5676
185 129 40.6504
274 129 16.9779
16 130 31.2989
22 130 31.2989
23 130 31.2989
27 130 31.2989
35 130 33.8983
57 130 33.8983
140 130 67.5676
153 130 67.5676
185 130 40.6504
196 130 40.6504
274 130 16.9779
16 131 31.2989
21 131 31.2989
22 131 31.2989
27 131 31.2989
34 131 33.8983
35 131 33.8983
58 131 33.8983
59 131 33.8983
201 131 40.6504
274 131 16.9779
15 132 31.2989
58 132 33.8983
59 132 33.8983
274 132 16.9779
14 133 31.2989
15 133 31.2989
20 133 31.2989
26 133 31.2989
31 133 31.2989
200 133 40.6504
274 133 16.9779
10 134 31.2989
14 134 31.2989
19 134 31.2989
29 134 31.2989
54 134 31.2989
56 134 31.2989
200 134 40.6504
13 135 31.2989
14 135 31.2989
18 135 31.2989
28 135 31.2989
29 135 31.2989
199 135 40.6504
11 136 31.2989
13 136 31.2989
18 136 31.2989
46 136 31.2989
55 136 31.2989
198 136 40.6504
274 136 17.7148
11 137 31.2989
13 137 31.2989
18 137 31.2989
24 137 31.2989
26 137 31.2989
54 137 31.2989
198 137 40.6504
11 138 31.2989
18 138 31.2989
26 138 31.2989
54 138 31.2989
185 138 40.6504
198 138 40.6504
274 138 17.7148
11 139 31.2989
18 139 31.2989
25 139 31.2989
53 139 31.2989
185 139 40.6504
196 139 40.6504
241 139 50.7614
13 140 31.2989
25 140 31.2989
52 140 31.2989
196 140 40.6504
241 140 50.7614
10 141 31.2989
12 141 31.2989
13 141 31.2989
37 141 33.8983
51 141 31.2989
52 141 31.2989
111 141 29.0698
196 141 40.6504
197 141 40.6504
10 142 31.2989
12 142 31.2989
24 142 31.2989
52 142 31.2989
196 142 40.6504
197 142 40.6504
512 142 27.137
24 143 31.2989
39 143 33.8983
196 143 40.6504
10 144 31.2989
11 144 31.2989
24 144 31.2989
48 144 31.2989
235 144 50.7614
513 144 25.4453
9 145 31.2989
11 145 31.2989
46 145 31.2989
47 145 31.2989
48 145 31.2989
56 145 33.8983
131 145 31.2989
132 145 31.2989
195 145 40.6504
516 145 25.4453
9 146 31.2989
45 146 31.2989
131 146 31.2989
194 146 40.6504
513 146 25.4453
9 147 31.2989
12 147 31.2989
194 147 40.6504
11 148 31.2989
19 148 29.0698
20 148 29.0698
38 148 31.2989
43 148 31.2989
45 148 31.2989
11 149 31.2989
513 149 25.4453
8 150 29.0698
10 150 31.2989
11 150 31.2989
18 150 29.0698
28 150 31.2989
44 150 31.2989
199 150 40.6504
10 151 31.2989
16 151 29.0698
28 151 31.2989
36 151 33.8983
44 151 31.2989
9 152 31.2989
15 152 31.2989
43 152 31.2989
161 152 50.7614
8 153 31.2989
35 153 31.2989
43 153 31.2989
130 153 31.2989
8 154 31.2989
11 154 31.2989
42 154 31.2989
43 154 31.2989
107 154 29.0698
130 154 31.2989
133 154 31.2989
11 155 31.2989
18 155 29.0698
19 155 29.0698
33 155 31.2989
42 155 31.2989
43 155 31.2989
107 155 29.0698
130 155 31.2989
133 155 31.2989
7 156 31.2989
10 156 31.2989
42 156 31.2989
107 156 29.0698
133 156 31.2989
7 157 31.2989
10 157 31.2989
32 157 31.2989
41 157 31.2989
42 157 31.2989
107 157 29.0698
130 157 31.2989
133 157 31.2989
6 158 31.2989
9 158 31.2989
41 158 31.2989
55 158 33.8983
106 158 29.0698
107 158 29.0698
130 158 31.2989
133 158 31.2989
6 159 31.2989
9 159 31.2989
41 159 31.2989
107 159 29.0698
130 159 31.2989
133 159 31.2989
5 160 31.2989
54 160 33.8983
59 160 29.0698
107 160 29.0698
130 160 31.2989
133 160 31.2989
9 161 31.2989
10 161 29.0698
26 161 31.2989
27 161 31.2989
40 161 31.2989
107 161 29.0698
130 161 31.2989
133 161 31.2989
7 162 31.2989
26 162 31.2989
38 162 31.2989
41 162 31.2989
51 162 33.8983
61 162 29.0698
107 162 29.0698
130 162 31.2989
133 162 31.2989
249 162 50.7614
6 163 31.2989
7 163 31.2989
23 163 29.0698
38 163 31.2989
40 163 31.2989
41 163 31.2989
42 163 31.2989
107 163 29.0698
133 163 31.2989
191 163 40.6504
249 163 50.7614
6 164 31.2989
40 164 31.2989
107 164 29.0698
133 164 31.2989
5 165 31.2989
39 165 31.2989
50 165 33.8983
107 165 29.0698
130 165 31.2989
5 166 31.2989
7 166 31.2989
17 166 31.2989
18 166 31.2989
38 166 31.2989
49 166 33.8983
50 166 33.8983
107 166 29.0698
130 166 31.2989
133 166 31.2989
4 167 31.2989
5 167 31.2989
16 167 31.2989
17 167 31.2989
27 167 31.2989
37 167 31.2989
107 167 29.0698
121 167 31.2989
125 167 31.2989
133 167 31.2989
513 167 27.137
4 168 31.2989
16 168 31.2989
27 168 31.2989
33 168 33.8983
34 168 33.8983
107 168 27.137
133 168 31.2989
4 169 31.2989
15 169 31.2989
16 169 31.2989
17 169 31.2989
40 169 31.2989
41 169 31.2989
107 169 27.137
108 169 27.137
133 169 31.2989
4 170 31.2989
6 170 31.2989
13 170 31.2989
37 170 31.2989
133 170 31.2989
513 170 27.137
514 170 27.137
4 171 31.2989
13 171 31.2989
35 171 31.2989
97 171 29.0698
110 171 29.0698
133 171 31.2989
513 171 27.137
514 171 27.137
3 172 31.2989
28 172 31.2989
33 172 31.2989
34 172 31.2989
97 172 29.0698
110 172 29.0698
133 172 31.2989
513 172 27.137
514 172 27.137
3 173 29.0698
9 173 31.2989
10 173 31.2989
27 173 31.2989
33 173 31.2989
34 173 31.2989
35 173 31.2989
130 173 31.2989
133 173 31.2989
189 173 57.971
513 173 27.137
514 173 27.137
8 174 29.0698
30 174 31.2989
121 174 31.2989
133 174 31.2989
198 174 67.5676
6 175 29.0698
29 175 31.2989
133 175 31.2989
5 176 29.0698
6 176 29.0698
21 176 31.2989
28 176 31.2989
110 176 29.0698
133 176 31.2989
234 176 50.7614
235 176 50.7614
568 176 36.9686
569 176 36.9686
570 176 33.8983
571 176 31.2989
572 176 31.2989
4 177 29.0698
6 177 29.0698
26 177 33.8983
27 177 31.2989
110 177 29.0698
133 177 31.2989
189 177 50.7614
234 177 50.7614
566 177 40.6504
567 177 36.9686
568 177 36.9686
569 177 36.9686
570 177 33.8983
571 177 31.2989
572 177 31.2989
573 177 29.0698
574 177 29.0698
17 178 29.0698
27 178 33.8983
110 178 29.0698
133 178 31.2989
189 178 50.7614
234 178 50.7614
567 178 36.9686
568 178 36.9686
569 178 36.9686
570 178 33.8983
571 178 31.2989
572 178 31.2989
12 179 29.0698
17 179 29.0698
22 179 31.2989
23 179 31.2989
110 179 29.0698
133 179 31.2989
189 179 50.7614
234 179 50.7614
16 180 29.0698
52 180 40.6504
133 180 31.2989
189 180 50.7614
234 180 50.7614
633 180 29.0698
634 180 29.0698
43 181 33.8983
44 181 33.8983
54 181 40.6504
120 181 29.0698
125 181 31.2989
189 181 50.7614
234 181 50.7614
494 181 57.971
495 181 50.7614
496 181 50.7614
497 181 40.6504
498 181 40.6504
499 181 36.9686
634 181 29.0698
13 182 31.2989
120 182 29.0698
125 182 31.2989
189 182 50.7614
206 182 45.1467
234 182 50.7614
494 182 57.971
495 182 50.7614
496 182 45.1467
497 182 40.6504
498 182 40.6504
499 182 36.9686
500 182 36.9686
501 182 33.8983
6 183 27.137
12 183 31.2989
17 183 33.8983
24 183 50.7614
48 183 33.8983
120 183 29.0698
125 183 31.2989
189 183 50.7614
206 183 45.1467
234 183 50.7614
491 183 200
492 183 101.01
494 183 57.971
495 183 50.7614
496 183 45.1467
498 183 40.6504
499 183 36.9686
500 183 36.9686
568 183 33.8983
15 184 33.8983
24 184 50.7614
120 184 29.0698
125 184 31.2989
189 184 50.7614
206 184 45.1467
234 184 50.7614
491 184 200
498 184 40.6504
499 184 36.9686
10 185 31.2989
14 185 33.8983
15 185 33.8983
22 185 67.5676
37 185 33.8983
97 185 27.137
120 185 29.0698
125 185 31.2989
189 185 50.7614
234 185 50.7614
572 185 33.8983
14 186 33.8983
31 186 57.971
37 186 33.8983
45 186 33.8983
120 186 29.0698
125 186 31.2989
189 186 50.7614
234 186 50.7614
275 186 16.9779
495 186 45.1467
496 186 40.6504
497 186 40.6504
498 186 40.6504
499 186 36.9686
572 186 33.8983
22 187 67.5676
31 187 57.971
120 187 29.0698
125 187 31.2989
189 187 50.7614
234 187 50.7614
495 187 45.1467
496 187 45.1467
497 187 40.6504
498 187 40.6504
572 187 33.8983
11 188 31.2989
31 188 57.971
120 188 29.0698
125 188 31.2989
189 188 50.7614
235 188 50.7614
275 188 16.9779
568 188 33.8983
572 188 33.8983
3 189 31.2989
10 189 31.2989
39 189 57.971
120 189 29.0698
125 189 31.2989
189 189 50.7614
235 189 50.7614
275 189 16.9779
10 190 31.2989
40 190 57.971
53 190 67.5676
120 190 29.0698
125 190 31.2989
189 190 50.7614
235 190 50.7614
275 190 16.9779
6 191 31.2989
57 191 36.9686
120 191 29.0698
125 191 31.2989
189 191 50.7614
236 191 50.7614
275 191 16.9779
5 192 31.2989
6 192 31.2989
57 192 36.9686
120 192 29.0698
125 192 31.2989
189 192 50.7614
274 192 16.9779
4 193 31.2989
120 193 29.0698
125 193 31.2989
189 193 50.7614
274 193 16.9779
483 193 57.971
484 193 57.971
485 193 50.7614
491 193 57.971
492 193 57.971
120 194 29.0698
125 194 31.2989
189 194 50.7614
215 194 101.01
230 194 57.971
274 194 16.9779
483 194 57.971
484 194 50.7614
485 194 50.7614
486 194 50.7614
492 194 29.0698
493 194 29.0698
496 194 23.9521
620 194 29.0698
627 194 29.0698
628 194 29.0698
629 194 29.0698
632 194 29.0698
120 195 29.0698
125 195 31.2989
189 195 50.7614
274 195 16.9779
482 195 67.5676
483 195 57.971
484 195 50.7614
485 195 50.7614
486 195 50.7614
490 195 57.971
491 195 29.0698
492 195 29.0698
493 195 29.0698
626 195 31.2989
627 195 29.0698
629 195 29.0698
120 196 29.0698
125 196 31.2989
189 196 50.7614
274 196 16.9779
482 196 67.5676
483 196 57.971
484 196 57.971
485 196 50.7614
486 196 50.7614
492 196 29.0698
120 197 29.0698
125 197 31.2989
593 197 50.7614
120 198 29.0698
125 198 31.2989
120 199 29.0698
125 199 31.2989
187 199 67.5676
215 199 134.228
120 200 29.0698
125 200 31.2989
120 201 29.0698
125 201 31.2989
120 202 29.0698
125 202 31.2989
120 203 29.0698
125 203 31.2989
155 203 45.1467
46 204 40.6504
120 204 31.2989
125 204 31.2989
155 204 45.1467
167 204 45.1467
120 205 31.2989
125 205 31.2989
156 205 45.1467
167 205 45.1467
125 206 31.2989
577 206 16.9779
578 206 16.9779
579 206 16.2999
580 206 16.2999
581 206 15.674
125 207 31.2989
156 207 45.1467
120 208 31.2989
125 208 31.2989
178 208 45.1467
186 208 45.1467
235 208 67.5676
541 208 17.7148
542 208 16.9779
543 208 16.2999
544 208 16.2999
545 208 16.2999
120 209 31.2989
186 209 45.1467
235 209 67.5676
544 209 16.2999
545 209 16.2999
546 209 15.674
110 210 40.6504
618 211 11.9904
577 212 16.9779
578 212 16.9779
3 213 36.9686
93 213 29.0698
582 213 16.2999
583 213 16.2999
31 214 36.9686
93 214 29.0698
110 214 40.6504
164 214 45.1467
582 214 16.2999
583 214 16.2999
31 215 36.9686
94 215 29.0698
110 215 40.6504
552 215 16.9779
553 215 16.9779
94 216 29.0698
110 216 40.6504
350 216 101.01
351 216 80.9717
352 216 80.9717
353 216 80.9717
394 216 80.9717
395 216 80.9717
408 216 101.01
554 216 16.9779
576 216 16.9779
583 216 15.674
584 216 15.674
152 217 45.1467
352 217 80.9717
394 217 80.9717
395 217 80.9717
396 217 80.9717
408 217 101.01
409 217 101.01
415 217 40.6504
526 217 19.3986
545 217 16.2999
546 217 16.2999
554 217 16.9779
584 217 15.674
585 217 15.674
26 218 40.6504
41 218 40.6504
94 218 29.0698
110 218 40.6504
545 218 16.2999
546 218 16.2999
554 218 16.9779
604 218 12.3533
26 219 40.6504
41 219 40.6504
94 219 29.0698
545 219 16.2999
546 219 16.2999
28 220 40.6504
41 220 40.6504
109 220 40.6504
110 220 40.6504
373 220 200
375 220 134.228
508 220 18.5185
545 220 16.2999
26 221 40.6504
93 221 29.0698
109 221 45.1467
110 221 45.1467
373 221 200
374 221 134.228
376 221 80.9717
377 221 80.9717
588 221 13.1492
602 221 12.3533
628 221 11.325
636 221 11.325
637 221 11.325
94 222 29.0698
586 222 13.1492
587 222 13.1492
588 222 13.1492
602 222 12.3533
628 222 11.325
637 222 11.325
110 223 45.1467
226 223 45.1467
540 223 15.674
565 223 15.674
586 223 13.1492
587 223 13.1492
637 223 11.325
28 224 40.6504
110 224 45.1467
637 224 11.0193
28 225 40.6504
95 225 29.0698
110 225 45.1467
539 225 15.674
540 225 15.674
541 225 15.674
542 225 15.674
578 225 13.587
579 225 13.1492
580 225 13.1492
581 225 13.1492
637 225 11.325
5 226 36.9686
28 226 40.6504
95 226 29.0698
541 226 15.674
545 226 15.674
579 226 13.1492
580 226 13.1492
581 226 13.1492
5 227 36.9686
28 227 40.6504
53 227 45.1467
108 227 45.1467
500 227 19.3986
598 227 12.7389
599 227 12.7389
5 228 36.9686
26 228 40.6504
28 228 40.6504
41 228 36.9686
53 228 45.1467
500 228 19.3986
557 228 15.0943
580 228 13.1492
581 228 13.1492
582 228 13.1492
587 228 13.587
588 228 13.587
597 228 12.7389
598 228 12.7389
602 228 14.556
603 228 14.556
41 229 36.9686
582 230 13.1492
583 230 13.1492
95 231 27.137
637 231 11.325
12 232 36.9686
95 232 27.137
110 232 29.0698
95 233 27.137
111 233 29.0698
9 234 27.137
39 234 31.2989
41 234 31.2989
111 234 29.0698
112 234 29.0698
503 234 18.5185
124 235 29.0698
525 235 16.9779
526 235 16.9779
527 235 16.9779
125 236 29.0698
525 236 16.9779
526 236 16.9779
527 236 16.9779
530 236 16.2999
531 236 16.2999
127 237 29.0698
525 237 16.9779
526 237 16.9779
525 238 16.9779
526 238 16.9779
590 238 12.3533
629 238 15.0943
631 238 14.556
632 238 13.587
633 238 13.1492
634 238 12.7389
635 238 12.3533
636 238 11.6482
637 238 11.6482
525 239 16.9779
562 239 14.0548
637 239 11.325
560 240 14.556
561 240 14.556
562 240 14.0548
567 240 12.3533
525 241 16.9779
553 241 19.3986
554 241 19.3986
555 241 18.5185
556 241 17.7148
557 241 16.2999
558 241 15.0943
559 241 14.556
560 241 14.556
561 241 14.556
562 241 14.0548
559 242 14.556
560 242 14.556
561 242 14.556
9 243 23.9521
503 244 19.3986
504 244 19.3986
531 244 16.2999
559 244 14.556
530 245 16.2999
531 245 16.2999
553 246 18.5185
554 246 18.5185
557 246 15.0943
558 246 15.0943
559 246 14.556
560 246 14.556
563 246 13.1492
544 247 21.4362
555 247 16.2999
556 247 15.674
557 247 15.674
558 247 15.0943
559 247 15.0943
560 247 14.556
637 247 10.7296
500 248 19.3986
547 248 15.674
531 249 16.2999
532 249 16.2999
533 249 16.2999
610 249 11.6482
611 249 11.6482
612 249 11.6482
563 250 15.674
566 250 14.0548
567 250 14.0548
568 250 14.0548
610 250 11.6482
611 250 11.6482
566 251 14.0548
567 251 14.0548
568 251 14.0548
609 251 11.9904
610 251 11.6482
622 251 11.0193
446 252 17.7148
526 252 16.9779
608 252 11.9904
609 252 11.6482
531 253 16.2999
559 253 14.556
560 253 14.556
561 253 14.556
608 253 11.6482
609 253 11.6482
623 253 11.0193
560 254 14.556
567 254 14.0548
568 254 14.0548
609 254 11.6482
567 255 14.0548
568 255 14.0548
614 255 11.6482
568 256 14.0548
608 256 11.6482
560 257 14.556
561 257 14.556
568 257 14.0548
608 257 11.6482
617 257 11.6482
166 258 17.7148
568 258 14.0548
617 258 11.6482
618 258 11.6482
73 259 17.7148
614 259 11.6482
614 260 11.6482
615 260 11.6482
621 260 11.325
261 261 15.0943
575 261 14.0548
576 261 14.0548
614 261 11.6482
615 261 11.6482
620 261 11.325
621 261 11.325
622 261 11.325
565 262 14.556
574 262 14.0548
575 262 14.0548
617 262 11.325
620 262 11.325
621 262 11.325
622 262 11.325
611 263 11.6482
610 264 11.6482
611 264 11.6482
229 265 14.0548
619 266 11.6482
620 266 11.6482
621 266 11.6482
537 267 13.587
610 267 11.6482
619 267 11.6482
620 267 11.6482
621 267 11.6482
250 268 13.1492
610 268 11.6482
609 269 11.6482
610 269 11.6482
613 269 11.6482
621 269 11.325
620 270 11.325
621 270 11.325
622 270 11.325
611 271 11.6482
620 271 11.325
621 271 11.325
611 272 11.6482
612 272 11.6482
615 272 11.6482
616 272 11.6482
620 272 11.6482
615 273 11.6482
616 273 11.6482
615 275 11.6482
616 275 11.6482
617 275 11.6482
618 275 11.6482
617 276 11.6482
618 276 11.6482
619 276 11.6482
620 276 11.325
571 278 11.6482
194 279 11.0193
195 279 11.0193
623 281 11.0193
47 284 11.6482
48 284 11.6482
49 284 11.6482
50 284 11.6482
51 284 11.6482
466 286 11.325
467 286 11.6482
468 286 11.6482
469 286 11.325
470 286 11.325
471 286 11.325
472 286 11.0193
473 286 10.7296
474 286 10.4548
216 287 9.70874
474 287 10.4548
475 287 10.4548
604 287 10.4548
605 287 10.4548
219 290 9.48317
151 291 9.26784
208 296 8.67679
235 298 9.06207
167 300 8.32293
168 300 8.32293
213 300 8.49618
209 301 8.49618
210 301 8.49618
211 301 8.49618
203 302 8.15661
211 302 8.49618
212 302 8.49618
164 303 8.15661
188 303 8.32293
190 303 8.15661
249 303 9.06207
180 304 7.9968
190 304 8.15661
192 304 7.9968
114 305 8.15661
150 305 7.9968
180 305 7.9968
190 305 8.15661
191 305 7.9968
192 305 7.9968
193 305 7.9968
236 305 8.32293
177 306 7.84314
178 306 7.9968
192 306 7.9968
193 306 7.9968
111 307 7.9968
178 307 7.9968
157 308 8.86525
161 309 7.84314
162 309 7.84314
154 310 7.69527
159 310 8.15661
164 310 7.69527
176 310 7.55287
177 310 7.55287
180 310 7.55287
126 311 7.41565
164 311 7.69527
165 311 7.55287
176 311 7.55287
177 311 7.55287
123 312 7.41565
159 312 7.41565
160 313 7.41565
161 313 7.41565
160 314 7.69527
167 314 7.15564
203 314 7.41565
84 315 7.55287
167 315 7.15564
168 315 7.15564
510 315 7.84314
157 316 8.67679
158 316 8.49618
161 316 7.28332
164 316 7.03235
502 316 7.84314
503 316 7.84314
504 316 7.84314
511 316 7.84314
512 316 7.84314
513 316 7.69527
163 317 7.03235
164 317 7.03235
165 317 7.03235
194 317 7.28332
195 317 7.28332
70 318 7.28332
154 318 7.03235
163 318 7.03235
164 318 7.03235
194 318 7.28332
195 318 7.28332
67 319 7.28332
150 320 7.03235
152 320 7.03235
123 321 7.03235
124 321 7.03235
146 321 6.91324
147 321 6.91324
195 321 7.15564
147 322 6.91324
202 322 7.15564
131 323 6.91324
182 323 6.91324
147 324 6.68673
150 324 6.7981
147 325 6.68673
204 325 7.03235
205 325 7.03235
115 326 6.57895
133 326 6.57895
147 326 6.68673
155 326 7.41565
156 326 7.41565
159 326 6.57895
160 326 6.57895
165 326 6.91324
166 326 6.68673
168 326 6.68673
178 326 6.68673
115 327 6.57895
116 327 6.57895
129 327 6.47459
134 327 6.57895
135 327 6.57895
159 327 6.57895
160 327 6.57895
167 327 6.7981
168 327 6.68673
169 327 6.68673
173 327 6.47459
129 328 6.47459
130 328 6.47459
131 328 6.47459
135 328 6.57895
171 328 6.7981
176 328 6.68673
130 329 6.47459
131 329 6.47459
172 329 6.68673
73 330 6.37349
177 330 6.47459
174 331 6.47459
179 331 6.47459
34 332 6.37349
68 332 6.27549
161 332 6.37349
162 332 6.37349
176 332 6.68673
177 332 6.47459
51 333 6.18047
126 333 6.57895
127 333 6.7981
130 333 6.18047
186 333 6.47459
119 334 6.08828
124 334 6.18047
126 334 6.18047
130 334 6.18047
131 334 6.18047
99 335 6.08828
122 335 6.18047
126 335 6.18047
130 335 6.18047
184 335 6.47459
77 336 6.08828
88 336 5.9988
90 336 6.37349
121 336 6.08828
122 336 6.18047
123 336 6.18047
127 336 6.18047
128 336 6.18047
61 337 6.08828
86 337 5.9988
87 337 5.9988
122 337 6.18047
128 337 6.08828
129 337 6.08828
149 337 6.08828
57 338 5.9988
86 338 5.9988
130 338 6.08828
150 338 6.08828
151 338 6.08828
57 339 5.9988
65 339 6.08828
98 339 5.91191
124 339 6.08828
125 339 6.08828
126 339 6.08828
127 339 6.08828
130 339 6.08828
67 340 6.08828
71 340 5.82751
122 340 5.9988
123 340 5.9988
126 340 6.08828
127 340 6.08828
128 340 6.08828
217 340 6.57895
71 341 5.82751
77 341 5.91191
116 341 5.91191
117 341 5.91191
122 341 5.9988
185 342 6.08828
74 343 5.91191
159 343 5.91191
160 343 5.91191
57 344 5.9988
58 344 5.9988
69 344 5.82751
70 344 5.82751
150 344 5.74548
158 344 5.91191
161 344 5.91191
69 345 5.82751
70 345 5.82751
138 345 5.74548
139 345 5.74548
150 345 5.74548
151 345 5.74548
158 345 5.91191
48 346 5.66572
63 346 5.91191
64 346 5.66572
66 346 5.66572
134 346 5.66572
154 346 5.9988
157 346 5.91191
66 347 5.66572
134 347 5.66572
56 348 5.66572
57 348 5.58815
134 348 5.66572
55 349 5.66572
56 349 5.58815
57 349 5.58815
58 349 5.58815
60 349 5.51268
61 349 5.58815
63 349 5.58815
93 349 5.58815
109 349 5.91191
111 349 5.43922
112 349 5.43922
156 349 5.58815
178 349 5.82751
57 350 5.58815
58 350 5.58815
59 350 5.51268
63 350 5.58815
112 350 5.43922
113 350 5.43922
114 350 5.43922
143 350 5.51268
156 350 5.58815
157 350 5.58815
178 350 5.82751
179 350 5.82751
180 350 5.82751
51 351 5.58815
57 351 5.51268
58 351 5.51268
59 351 5.51268
87 351 5.43922
106 351 5.36769
114 351 5.36769
146 351 5.51268
147 351 5.58815
156 351 5.58815
157 351 5.58815
46 352 5.66572
47 352 5.66572
96 352 5.74548
105 352 5.36769
114 352 5.36769
122 352 5.51268
123 352 5.51268
124 352 5.51268
125 352 5.51268
146 352 5.51268
147 352 5.58815
148 352 5.58815
149 352 5.58815
150 352 5.58815
185 352 5.58815
186 352 5.58815
30 353 5.43922
39 353 5.43922
105 353 5.36769
106 353 5.36769
114 353 5.36769
121 353 5.51268
125 353 5.51268
126 353 5.51268
185 353 5.58815
186 353 5.58815
187 353 5.58815
30 354 5.43922
99 354 5.43922
101 354 5.43922
105 354 5.36769
120 354 5.43922
121 354 5.43922
137 354 5.43922
201 354 6.18047
202 354 6.18047
99 355 5.43922
104 355 5.29801
105 355 5.29801
110 355 5.16396
120 355 5.43922
121 355 5.43922
122 355 5.43922
142 355 5.43922
178 355 5.51268
67 356 5.29801
104 356 5.29801
105 356 5.29801
106 356 5.29801
107 356 5.36769
120 356 5.43922
121 356 5.43922
122 356 5.43922
198 356 5.91191
60 357 5.43922
104 357 5.29801
105 357 5.29801
106 357 5.29801
107 357 5.36769
108 357 5.23013
175 357 5.51268
176 357 5.51268
177 357 5.51268
49 358 5.16396
61 358 5.23013
63 358 5.23013
92 358 5.16396
158 358 5.29801
159 358 5.36769
176 358 5.51268
49 359 5.16396
50 359 5.16396
58 359 5.23013
59 359 5.23013
63 359 5.23013
90 359 5.16396
91 359 5.16396
92 359 5.16396
42 360 5.16396
49 360 5.16396
50 360 5.16396
58 360 5.23013
59 360 5.23013
91 360 5.16396
92 360 5.16396
156 360 5.29801
157 360 5.29801
158 360 5.29801
49 361 5.16396
50 361 5.16396
195 361 5.74548
326 361 5.74548
327 361 5.74548
40 362 5.16396
44 362 5.23013
66 362 5.29801
136 362 5.29801
39 363 5.09944
40 363 5.09944
112 363 5.09944
113 363 5.09944
121 363 5.16396
112 364 5.09944
113 364 5.09944
174 364 5.23013
184 364 5.43922
112 365 5.09944
113 365 5.09944
118 365 5.16396
184 365 5.43922
191 365 5.43922
192 365 5.43922
128 366 5.16396
130 366 5.09944
131 366 5.16396
182 366 5.43922
191 366 5.43922
192 366 5.43922
193 366 5.43922
71 367 5.58815
109 367 4.97512
110 367 4.97512
142 367 5.09944
35 368 4.97512
77 368 4.97512
78 368 4.85673
80 368 4.85673
142 368 5.09944
143 368 5.09944
144 368 5.09944
177 368 5.29801
178 368 5.29801
65 369 4.91521
66 369 5.03651
76 369 4.97512
80 369 4.85673
81 369 4.74383
89 369 5.03651
177 369 5.29801
178 369 5.29801
179 369 5.29801
29 370 4.79962
30 370 4.79962
36 370 4.97512
63 370 4.85673
65 370 4.85673
67 370 5.03651
112 370 4.91521
139 370 5.03651
176 370 5.29801
178 370 5.29801
28 371 4.79962
29 371 4.79962
62 371 4.79962
63 371 4.85673
72 371 4.74383
73 371 4.74383
113 371 4.91521
175 371 5.23013
176 371 5.23013
177 371 5.23013
27 372 4.79962
28 372 4.79962
56 372 5.43922
62 372 4.79962
63 372 4.79962
72 372 4.74383
73 372 4.74383
74 372 4.74383
175 372 5.23013
176 372 5.23013
177 372 5.23013
182 372 5.29801
62 373 4.79962
63 373 4.79962
64 373 4.79962
107 373 4.79962
108 373 4.79962
109 373 4.79962
110 373 4.79962
183 373 5.29801
184 373 5.29801
185 373 5.29801
50 374 4.63607
61 374 4.74383
62 374 4.74383
63 374 4.74383
64 374 4.79962
108 374 4.79962
109 374 4.79962
110 374 4.79962
111 374 4.79962
123 374 4.68933
32 375 4.91521
48 375 4.63607
123 375 4.68933
124 375 4.68933
132 375 4.68933
32 376 4.63607
47 376 4.584
48 376 4.63607
67 376 4.68933
132 376 4.68933
133 376 4.68933
134 376 4.68933
135 376 4.68933
11 377 4.85673
28 377 4.63607
30 377 4.63607
34 377 4.63607
35 377 4.584
38 377 4.63607
66 377 4.68933
67 377 4.68933
68 377 4.68933
69 377 4.68933
70 377 4.68933
134 377 4.68933
135 377 4.68933
30 378 4.63607
31 378 4.584
34 378 4.63607
38 378 4.63607
39 378 4.63607
66 378 4.68933
67 378 4.68933
70 378 4.68933
71 378 4.63607
75 378 4.63607
77 378 4.63607
78 378 4.584
9 379 4.584
23 379 4.53309
30 379 4.584
31 379 4.584
44 379 4.53309
45 379 4.53309
78 379 4.584
139 379 4.74383
174 379 5.09944
8 380 4.4833
9 380 4.4833
21 380 4.53309
30 380 4.584
44 380 4.53309
73 380 4.53309
92 380 4.53309
93 380 4.53309
21 381 4.4833
93 381 4.53309
131 381 4.63607
3 382 4.53309
21 382 4.4833
22 382 4.4833
64 382 5.09944
71 382 4.53309
72 382 4.53309
124 382 4.63607
125 382 4.63607
21 383 4.43459
22 383 4.43459
33 383 4.4833
71 383 4.53309
72 383 4.53309
73 383 4.53309
114 383 4.63607
139 383 4.584
140 383 4.584
70 384 4.53309
71 384 4.53309
139 384 4.584
56 385 4.584
50 386 4.584
55 386 4.68933
56 386 4.584
58 386 4.34028
589 386 5.09944
590 386 5.09944
591 386 5.09944
592 386 4.97512
593 386 4.97512
597 386 4.97512
598 386 4.97512
599 386 4.97512
600 386 4.97512
601 386 4.97512
602 386 4.97512
603 386 4.91521
605 386 4.85673
606 386 4.79962
607 386 4.74383
608 386 4.74383
46 387 4.34028
49 387 4.584
50 387 4.38693
55 387 4.584
59 387 4.34028
85 387 4.53309
86 387 4.43459
88 387 4.53309
106 387 4.4833
107 387 4.4833
144 387 4.53309
145 387 4.53309
591 387 5.09944
592 387 4.97512
593 387 4.97512
594 387 4.97512
595 387 4.97512
596 387 4.97512
597 387 4.97512
598 387 4.97512
599 387 4.97512
600 387 4.97512
601 387 4.97512
602 387 4.97512
603 387 4.91521
604 387 4.91521
605 387 4.85673
606 387 4.79962
607 387 4.74383
608 387 4.74383
46 388 4.34028
47 388 4.34028
51 388 4.38693
52 388 4.38693
59 388 4.34028
83 388 4.38693
84 388 4.53309
85 388 4.53309
106 388 4.4833
114 388 4.68933
116 388 4.68933
145 388 4.53309
592 388 4.97512
593 388 4.97512
594 388 4.97512
595 388 4.97512
599 388 4.97512
600 388 4.97512
606 388 4.79962
607 388 4.74383
608 388 4.74383
609 388 4.68933
46 389 4.34028
51 389 4.34028
52 389 4.34028
53 389 4.34028
59 389 4.34028
141 389 4.53309
594 389 4.85673
595 389 4.97512
609 389 4.63607
610 389 4.584
14 390 4.24989
50 390 4.24989
51 390 4.29461
53 390 4.34028
82 390 4.38693
142 390 4.53309
14 391 4.24989
50 391 4.2061
51 391 4.24989
53 391 4.29461
47 392 4.24989
50 392 4.2061
51 392 4.24989
94 392 4.4833
101 392 4.38693
112 392 4.4833
116 392 4.38693
117 392 4.38693
231 392 4.74383
232 392 4.74383
49 393 4.2061
56 393 4.24989
69 393 4.29461
71 393 4.38693
72 393 4.29461
73 393 4.29461
92 393 4.4833
129 393 4.38693
232 393 4.74383
49 394 4.24989
56 394 4.2061
57 394 4.2061
66 394 4.24989
76 394 4.24989
77 394 4.24989
58 395 4.2061
66 395 4.24989
67 395 4.38693
68 395 4.38693
76 395 4.24989
77 395 4.24989
78 395 4.24989
47 396 4.07997
58 396 4.2061
68 396 4.24989
76 396 4.24989
89 396 4.43459
109 396 4.38693
30 397 4.2061
47 397 4.07997
357 397 4.584
27 398 4.03959
31 398 4.2061
88 398 4.43459
69 399 4.07997
148 399 4.74383
151 399 4.584
249 399 4.63607
250 399 4.63607
59 400 4.1632
66 400 4.07997
66 401 4.07997
104 401 4.1632
105 401 4.1632
106 401 4.12116
107 401 4.12116
108 401 4.07997
57 402 4.1632
66 402 4.03959
67 402 4.07997
68 402 4.07997
103 402 4.1632
104 402 4.1632
106 402 4.12116
107 402 4.12116
111 402 4.1632
112 402 4.1632
113 402 4.1632
130 402 4.1632
131 402 4.12116
132 402 4.1632
133 402 4.12116
67 403 4.03959
102 403 4.1632
103 403 4.1632
104 403 4.1632
105 403 4.12116
106 403 4.12116
130 403 4.1632
131 403 4.12116
132 403 4.1632
144 403 4.43459
145 403 4.43459
146 403 4.43459
381 403 4.53309
62 404 4.03959
64 404 4.03959
101 404 4.12116
102 404 4.12116
103 404 4.12116
104 404 4.12116
127 404 4.12116
129 404 4.1632
130 404 4.1632
144 404 4.38693
145 404 4.38693
146 404 4.38693
36 405 4.03959
64 405 4.03959
143 405 4.38693
144 405 4.38693
145 405 4.38693
124 406 4.12116
125 406 4.12116
142 406 4.34028
143 406 4.34028
144 406 4.38693
56 407 4.03959
57 407 4.03959
111 407 4.07997
123 407 4.12116
124 407 4.12116
142 407 4.34028
143 407 4.34028
40 408 4.03959
57 408 4.03959
60 408 4.12116
142 408 4.34028
35 409 4.03959
39 409 4.03959
40 409 4.03959
132 409 4.2061
56 410 4.03959
37 411 4.03959
61 411 4.03959
502 411 4.29461
503 411 4.29461
61 412 4.03959
103 412 4.03959
104 412 4.03959
105 412 4.03959
107 412 4.07997
108 412 4.12116
109 412 4.12116
110 412 4.12116
111 412 4.12116
113 412 4.03959
115 412 4.03959
116 412 4.03959
117 412 4.03959
118 412 4.03959
119 412 4.03959
146 412 4.29461
204 412 4.29461
205 412 4.29461
107 413 4.07997
108 413 4.12116
114 413 4.03959
115 413 4.03959
116 413 4.03959
119 413 4.03959
120 413 4.03959
122 413 4.1632
122 414 4.12116
507 414 4.1632
122 415 4.12116
122 416 4.12116
124 416 4.12116
124 417 4.03959
125 417 4.03959
235 417 4.2061
236 417 4.2061
136 418 4.12116
188 418 4.29461
190 418 4.1632
191 418 4.1632
133 419 4.12116
133 420 4.12116
134 420 4.12116
135 420 4.12116
132 421 4.12116
200 422 4.12116
150 423 4.03959
205 424 4.12116
206 424 4.12116
259 424 4.03959
260 424 4.03959
361 425 4.12116
469 425 4.07997
470 425 4.07997
29 426 4.03959
30 426 4.03959
192 426 4.03959
193 426 4.03959
363 426 4.12116
28 427 4.03959
188 428 4.03959
189 428 4.03959
189 429 4.03959
190 429 4.03959
304 437 4.03959
252 440 4.03959
