55 3 25.4453
80 3 23.9521
87 3 25.4453
104 3 25.4453
253 3 13.587
254 3 13.587
556 3 22.6244
104 4 25.4453
254 4 13.587
546 4 22.6244
53 5 23.9521
81 5 23.9521
103 5 25.4453
104 5 25.4453
254 5 13.587
360 5 25.4453
545 5 22.6244
53 6 23.9521
59 6 25.4453
81 6 23.9521
94 6 25.4453
95 6 25.4453
103 6 25.4453
104 6 25.4453
253 6 13.587
254 6 13.587
365 6 27.137
366 6 27.137
514 6 20.3666
529 6 22.6244
530 6 22.6244
541 6 21.4362
542 6 21.4362
53 7 23.9521
58 7 25.4453
93 7 25.4453
94 7 25.4453
103 7 25.4453
253 7 13.587
254 7 13.587
514 7 20.3666
515 7 20.3666
529 7 22.6244
540 7 21.4362
541 7 21.4362
560 7 20.3666
52 8 23.9521
53 8 23.9521
58 8 25.4453
63 8 25.4453
73 8 25.4453
74 8 25.4453
89 8 25.4453
93 8 25.4453
102 8 25.4453
103 8 25.4453
251 8 14.0548
254 8 13.587
533 8 22.6244
535 8 22.6244
536 8 22.6244
556 8 23.9521
52 9 23.9521
53 9 23.9521
56 9 25.4453
58 9 25.4453
63 9 25.4453
72 9 25.4453
73 9 25.4453
102 9 25.4453
103 9 25.4453
254 9 13.587
535 9 22.6244
536 9 22.6244
53 10 23.9521
72 10 25.4453
73 10 25.4453
82 10 25.4453
83 10 25.4453
88 10 25.4453
101 10 25.4453
102 10 25.4453
254 10 13.587
563 10 20.3666
564 10 20.3666
53 11 25.4453
72 11 25.4453
73 11 25.4453
82 11 25.4453
94 11 25.4453
101 11 25.4453
102 11 27.137
254 11 13.587
528 11 22.6244
529 11 22.6244
561 11 21.4362
562 11 20.3666
563 11 20.3666
53 12 25.4453
72 12 25.4453
82 12 25.4453
101 12 27.137
254 12 13.587
528 12 22.6244
529 12 22.6244
547 12 19.3986
570 12 20.3666
63 13 23.9521
77 13 25.4453
82 13 25.4453
99 13 25.4453
102 13 27.137
254 13 13.587
360 13 31.2989
528 13 22.6244
529 13 22.6244
543 13 22.6244
73 14 25.4453
77 14 25.4453
82 14 25.4453
83 14 25.4453
98 14 25.4453
99 14 25.4453
254 14 13.587
542 14 22.6244
543 14 22.6244
53 15 23.9521
73 15 25.4453
76 15 25.4453
82 15 25.4453
254 15 13.587
329 15 31.2989
330 15 31.2989
522 15 20.3666
548 15 22.6244
52 16 23.9521
53 16 23.9521
62 16 23.9521
73 16 25.4453
103 16 25.4453
254 16 13.587
62 17 23.9521
73 17 25.4453
93 17 25.4453
95 17 25.4453
103 17 25.4453
253 17 13.587
254 17 13.587
554 17 20.3666
56 18 23.9521
62 18 23.9521
73 18 23.9521
74 18 23.9521
103 18 25.4453
254 18 13.587
529 18 22.6244
51 19 25.4453
56 19 23.9521
65 19 25.4453
74 19 25.4453
87 19 25.4453
95 19 25.4453
102 19 25.4453
103 19 25.4453
253 19 13.587
254 19 13.587
65 20 25.4453
73 20 25.4453
74 20 25.4453
87 20 25.4453
101 20 25.4453
102 20 25.4453
103 20 25.4453
253 20 13.587
254 20 13.587
561 20 21.4362
73 21 25.4453
74 21 25.4453
101 21 25.4453
102 21 25.4453
253 21 13.587
254 21 13.587
525 21 21.4362
561 21 21.4362
56 22 23.9521
59 22 23.9521
65 22 25.4453
73 22 25.4453
74 22 25.4453
78 22 25.4453
95 22 25.4453
101 22 25.4453
254 22 13.587
353 22 36.9686
543 22 19.3986
561 22 21.4362
50 23 23.9521
51 23 23.9521
59 23 23.9521
74 23 25.4453
95 23 25.4453
103 23 25.4453
254 23 13.587
352 23 36.9686
362 23 25.4453
570 23 21.4362
49 24 23.9521
50 24 23.9521
58 24 23.9521
74 24 25.4453
93 24 25.4453
95 24 25.4453
103 24 25.4453
253 24 13.587
254 24 13.587
361 24 25.4453
362 24 25.4453
524 24 20.3666
525 24 20.3666
49 25 23.9521
55 25 25.4453
58 25 23.9521
65 25 25.4453
77 25 27.137
93 25 25.4453
102 25 25.4453
103 25 25.4453
253 25 13.587
254 25 13.587
564 25 21.4362
565 25 21.4362
49 26 23.9521
65 26 25.4453
92 26 25.4453
93 26 25.4453
100 26 25.4453
102 26 25.4453
253 26 13.587
254 26 13.587
526 26 20.3666
565 26 21.4362
566 26 21.4362
49 27 23.9521
69 27 25.4453
92 27 25.4453
99 27 25.4453
100 27 25.4453
253 27 13.587
254 27 13.587
542 27 19.3986
573 27 22.6244
99 28 25.4453
100 28 25.4453
254 28 13.587
530 28 22.6244
538 28 23.9521
49 29 23.9521
50 29 23.9521
53 29 25.4453
54 29 25.4453
64 29 23.9521
99 29 25.4453
253 29 13.587
254 29 13.587
529 29 21.4362
530 29 22.6244
49 30 23.9521
64 30 23.9521
67 30 23.9521
85 30 25.4453
90 30 25.4453
91 30 25.4453
99 30 27.137
100 30 27.137
253 30 13.587
254 30 13.587
532 30 21.4362
50 31 23.9521
53 31 25.4453
64 31 23.9521
90 31 25.4453
91 31 25.4453
99 31 27.137
100 31 27.137
253 31 13.587
254 31 13.587
50 32 23.9521
90 32 25.4453
254 32 13.587
50 33 25.4453
58 33 23.9521
70 33 25.4453
84 33 25.4453
101 33 25.4453
253 33 13.587
254 33 13.587
47 34 23.9521
58 34 23.9521
84 34 25.4453
92 34 25.4453
93 34 25.4453
102 34 25.4453
253 34 13.587
254 34 13.587
51 35 25.4453
58 35 23.9521
68 35 23.9521
84 35 25.4453
92 35 25.4453
102 35 25.4453
254 35 13.587
527 35 21.4362
528 35 21.4362
529 35 21.4362
51 36 25.4453
56 36 23.9521
58 36 25.4453
60 36 23.9521
67 36 23.9521
68 36 23.9521
83 36 25.4453
89 36 25.4453
90 36 25.4453
91 36 25.4453
102 36 25.4453
159 36 36.9686
254 36 13.587
547 36 21.4362
51 37 25.4453
60 37 25.4453
67 37 23.9521
71 37 25.4453
81 37 25.4453
82 37 25.4453
89 37 25.4453
90 37 25.4453
99 37 25.4453
102 37 25.4453
253 37 13.587
254 37 13.587
545 37 21.4362
546 37 21.4362
48 38 23.9521
49 38 25.4453
51 38 25.4453
68 38 25.4453
71 38 25.4453
80 38 25.4453
81 38 25.4453
82 38 25.4453
89 38 25.4453
102 38 25.4453
159 38 36.9686
253 38 13.587
254 38 13.587
521 38 22.6244
523 38 22.6244
48 39 23.9521
68 39 25.4453
71 39 25.4453
80 39 25.4453
81 39 25.4453
89 39 25.4453
95 39 25.4453
102 39 25.4453
159 39 36.9686
253 39 13.587
254 39 13.587
378 39 29.0698
379 39 29.0698
504 39 23.9521
51 40 25.4453
58 40 23.9521
61 40 23.9521
70 40 25.4453
71 40 25.4453
80 40 25.4453
81 40 25.4453
85 40 40.6504
89 40 25.4453
98 40 25.4453
101 40 25.4453
102 40 25.4453
159 40 36.9686
253 40 13.587
254 40 13.587
377 40 29.0698
378 40 29.0698
58 41 23.9521
81 41 25.4453
88 41 25.4453
98 41 25.4453
101 41 27.137
253 41 13.587
254 41 13.587
371 41 29.0698
372 41 29.0698
373 41 29.0698
383 41 29.0698
384 41 29.0698
617 41 27.137
48 42 23.9521
49 42 25.4453
57 42 23.9521
66 42 25.4453
70 42 25.4453
81 42 25.4453
97 42 25.4453
98 42 25.4453
253 42 13.587
254 42 13.587
370 42 29.0698
371 42 29.0698
57 43 23.9521
60 43 23.9521
61 43 23.9521
80 43 25.4453
97 43 25.4453
151 43 36.9686
253 43 13.587
254 43 13.587
369 43 29.0698
533 43 22.6244
49 44 23.9521
57 44 23.9521
62 44 23.9521
80 44 25.4453
85 44 25.4453
90 44 25.4453
96 44 25.4453
97 44 25.4453
150 44 36.9686
253 44 13.587
254 44 13.587
534 44 22.6244
535 44 22.6244
562 44 21.4362
49 45 23.9521
57 45 23.9521
85 45 25.4453
96 45 25.4453
97 45 25.4453
164 45 36.9686
253 45 13.587
254 45 13.587
530 45 21.4362
533 45 22.6244
534 45 22.6244
535 45 22.6244
42 46 23.9521
43 46 23.9521
49 46 25.4453
79 46 23.9521
80 46 23.9521
96 46 25.4453
163 46 36.9686
164 46 36.9686
253 46 13.587
254 46 13.587
367 46 29.0698
531 46 21.4362
568 46 20.3666
569 46 20.3666
42 47 23.9521
44 47 23.9521
62 47 23.9521
96 47 25.4453
163 47 36.9686
164 47 36.9686
254 47 13.587
366 47 29.0698
50 48 25.4453
58 48 23.9521
67 48 25.4453
80 48 25.4453
96 48 25.4453
163 48 36.9686
253 48 13.587
254 48 13.587
47 49 25.4453
50 49 25.4453
58 49 23.9521
63 49 23.9521
67 49 25.4453
80 49 25.4453
88 49 25.4453
95 49 25.4453
96 49 25.4453
155 49 36.9686
163 49 36.9686
253 49 13.587
254 49 13.587
362 49 33.8983
548 49 23.9521
549 49 23.9521
578 49 21.4362
583 49 20.3666
50 50 25.4453
58 50 23.9521
79 50 25.4453
80 50 25.4453
95 50 25.4453
96 50 25.4453
253 50 13.587
254 50 13.587
360 50 33.8983
535 50 21.4362
536 50 21.4362
592 50 20.3666
621 50 27.137
50 51 23.9521
58 51 23.9521
79 51 25.4453
90 51 25.4453
95 51 25.4453
167 51 36.9686
253 51 13.587
254 51 13.587
512 51 22.6244
535 51 21.4362
536 51 21.4362
63 52 23.9521
64 52 23.9521
66 52 23.9521
69 52 27.137
70 52 27.137
80 52 25.4453
90 52 25.4453
95 52 25.4453
96 52 25.4453
167 52 36.9686
253 52 13.587
254 52 13.587
512 52 22.6244
535 52 21.4362
536 52 21.4362
42 53 23.9521
54 53 23.9521
64 53 23.9521
80 53 25.4453
88 53 25.4453
95 53 25.4453
96 53 25.4453
166 53 36.9686
167 53 36.9686
253 53 13.587
254 53 13.587
536 53 21.4362
42 54 23.9521
54 54 23.9521
64 54 23.9521
79 54 25.4453
80 54 25.4453
95 54 25.4453
96 54 25.4453
253 54 13.587
254 54 13.587
336 54 33.8983
51 55 23.9521
79 55 25.4453
80 55 25.4453
95 55 25.4453
159 55 36.9686
166 55 36.9686
253 55 13.587
254 55 13.587
43 56 23.9521
49 56 23.9521
51 56 23.9521
54 56 23.9521
65 56 23.9521
79 56 25.4453
95 56 25.4453
166 56 36.9686
253 56 13.587
254 56 13.587
43 57 23.9521
61 57 23.9521
65 57 23.9521
66 57 23.9521
91 57 25.4453
95 57 25.4453
165 57 36.9686
166 57 36.9686
253 57 13.587
254 57 13.587
42 58 23.9521
43 58 23.9521
45 58 23.9521
53 58 23.9521
60 58 23.9521
65 58 23.9521
68 58 25.4453
69 58 25.4453
78 58 27.137
87 58 25.4453
95 58 25.4453
103 58 25.4453
165 58 36.9686
253 58 13.587
254 58 13.587
535 58 22.6244
536 58 22.6244
40 59 23.9521
42 59 23.9521
45 59 23.9521
49 59 25.4453
60 59 23.9521
68 59 25.4453
78 59 29.0698
87 59 25.4453
94 59 25.4453
102 59 25.4453
103 59 25.4453
165 59 36.9686
253 59 13.587
254 59 13.587
535 59 22.6244
58 60 23.9521
59 60 23.9521
102 60 25.4453
164 60 36.9686
165 60 36.9686
253 60 13.587
254 60 13.587
535 60 22.6244
536 60 22.6244
573 60 22.6244
574 60 22.6244
590 60 21.4362
48 61 25.4453
54 61 23.9521
58 61 23.9521
59 61 23.9521
102 61 25.4453
164 61 36.9686
253 61 13.587
254 61 13.587
535 61 22.6244
40 62 23.9521
41 62 23.9521
95 62 25.4453
96 62 25.4453
97 62 25.4453
102 62 25.4453
164 62 36.9686
253 62 13.587
254 62 13.587
55 63 23.9521
56 63 23.9521
61 63 29.0698
69 63 25.4453
87 63 25.4453
95 63 25.4453
96 63 25.4453
101 63 25.4453
102 63 25.4453
157 63 36.9686
164 63 36.9686
253 63 13.587
254 63 13.587
42 64 23.9521
45 64 25.4453
52 64 23.9521
53 64 23.9521
56 64 23.9521
86 64 25.4453
87 64 25.4453
95 64 25.4453
101 64 25.4453
254 64 13.587
534 64 23.9521
538 64 19.3986
585 64 20.3666
629 64 27.137
11 65 29.0698
41 65 23.9521
42 65 23.9521
52 65 25.4453
58 65 23.9521
87 65 25.4453
101 65 25.4453
169 65 36.9686
253 65 13.587
254 65 13.587
590 65 20.3666
45 66 25.4453
83 66 25.4453
87 66 25.4453
100 66 25.4453
101 66 25.4453
253 66 13.1492
254 66 13.1492
380 66 29.0698
534 66 23.9521
591 66 20.3666
41 67 23.9521
42 67 23.9521
45 67 25.4453
52 67 25.4453
100 67 25.4453
101 67 25.4453
250 67 16.2999
253 67 13.587
254 67 13.587
523 67 27.137
524 67 25.4453
525 67 22.6244
526 67 22.6244
527 67 22.6244
538 67 21.4362
591 67 20.3666
45 68 25.4453
51 68 25.4453
52 68 25.4453
58 68 25.4453
90 68 25.4453
99 68 25.4453
100 68 25.4453
250 68 16.2999
253 68 13.587
254 68 13.587
377 68 29.0698
523 68 27.137
538 68 21.4362
66 69 23.9521
68 69 23.9521
96 69 25.4453
99 69 27.137
100 69 27.137
253 69 13.587
254 69 13.587
373 69 40.6504
376 69 29.0698
527 69 22.6244
528 69 22.6244
548 69 22.6244
42 70 23.9521
50 70 25.4453
55 70 23.9521
58 70 23.9521
66 70 23.9521
253 70 13.587
254 70 13.587
529 70 22.6244
533 70 22.6244
534 70 22.6244
546 70 22.6244
42 71 23.9521
43 71 23.9521
66 71 25.4453
76 71 27.137
77 71 27.137
95 71 25.4453
96 71 25.4453
250 71 16.2999
253 71 13.587
254 71 13.587
528 71 22.6244
534 71 22.6244
538 71 21.4362
45 72 25.4453
46 72 25.4453
52 72 25.4453
60 72 25.4453
64 72 23.9521
68 72 25.4453
95 72 25.4453
250 72 16.2999
253 72 13.587
254 72 13.587
537 72 21.4362
538 72 21.4362
43 73 23.9521
52 73 25.4453
64 73 23.9521
68 73 25.4453
95 73 25.4453
171 73 36.9686
253 73 13.587
254 73 13.587
538 73 21.4362
4 74 29.0698
53 74 25.4453
56 74 23.9521
57 74 23.9521
67 74 25.4453
68 74 25.4453
86 74 25.4453
95 74 25.4453
165 74 36.9686
171 74 36.9686
253 74 13.587
254 74 13.587
4 75 29.0698
44 75 23.9521
46 75 25.4453
47 75 25.4453
55 75 23.9521
57 75 23.9521
67 75 25.4453
68 75 25.4453
157 75 36.9686
171 75 36.9686
253 75 13.587
254 75 13.587
607 75 20.3666
4 76 29.0698
44 76 23.9521
57 76 23.9521
91 76 23.9521
147 76 36.9686
157 76 36.9686
158 76 36.9686
253 76 13.587
254 76 13.587
533 76 21.4362
534 76 21.4362
606 76 20.3666
607 76 20.3666
4 77 29.0698
25 77 25.4453
57 77 23.9521
63 77 25.4453
85 77 25.4453
99 77 25.4453
113 77 67.5676
158 77 36.9686
174 77 33.8983
253 77 13.587
254 77 13.587
534 77 21.4362
537 77 21.4362
538 77 22.6244
25 78 25.4453
45 78 23.9521
48 78 23.9521
57 78 23.9521
63 78 25.4453
96 78 23.9521
99 78 25.4453
113 78 67.5676
174 78 36.9686
253 78 13.587
254 78 13.587
534 78 21.4362
535 78 22.6244
589 78 22.6244
621 78 36.9686
11 79 25.4453
45 79 23.9521
46 79 23.9521
56 79 23.9521
57 79 23.9521
67 79 25.4453
68 79 25.4453
96 79 25.4453
99 79 25.4453
110 79 67.5676
174 79 36.9686
253 79 13.587
254 79 13.587
620 79 36.9686
621 79 36.9686
10 80 25.4453
46 80 23.9521
55 80 23.9521
56 80 23.9521
68 80 25.4453
89 80 25.4453
96 80 25.4453
174 80 36.9686
253 80 13.587
254 80 13.587
621 80 36.9686
45 81 23.9521
46 81 23.9521
55 81 23.9521
68 81 25.4453
84 81 25.4453
88 81 25.4453
89 81 25.4453
95 81 25.4453
96 81 25.4453
174 81 36.9686
253 81 13.587
254 81 13.587
538 81 22.6244
590 81 22.6244
45 82 23.9521
49 82 25.4453
55 82 23.9521
65 82 25.4453
68 82 25.4453
88 82 25.4453
174 82 36.9686
250 82 16.2999
253 82 13.587
254 82 13.587
532 82 21.4362
533 82 21.4362
534 82 21.4362
589 82 22.6244
7 83 29.0698
45 83 23.9521
46 83 23.9521
68 83 25.4453
118 83 67.5676
151 83 36.9686
174 83 36.9686
250 83 16.2999
253 83 13.587
254 83 13.587
532 83 21.4362
533 83 21.4362
578 83 22.6244
3 84 25.4453
7 84 29.0698
45 84 23.9521
46 84 23.9521
62 84 23.9521
67 84 25.4453
68 84 25.4453
86 84 25.4453
87 84 25.4453
99 84 25.4453
115 84 67.5676
161 84 36.9686
162 84 36.9686
173 84 36.9686
174 84 36.9686
253 84 13.587
254 84 13.587
534 84 21.4362
535 84 21.4362
43 85 23.9521
54 85 23.9521
62 85 23.9521
67 85 25.4453
85 85 25.4453
86 85 25.4453
87 85 25.4453
99 85 25.4453
116 85 67.5676
161 85 36.9686
173 85 36.9686
253 85 13.587
254 85 13.587
533 85 21.4362
534 85 21.4362
535 85 21.4362
592 85 20.3666
34 86 29.0698
45 86 23.9521
54 86 23.9521
86 86 25.4453
250 86 16.2999
253 86 13.587
254 86 13.587
31 87 29.0698
33 87 27.137
42 87 25.4453
45 87 23.9521
83 87 25.4453
84 87 25.4453
91 87 27.137
98 87 25.4453
116 87 67.5676
117 87 67.5676
175 87 36.9686
253 87 13.587
254 87 13.587
391 87 36.9686
42 88 25.4453
57 88 25.4453
84 88 25.4453
85 88 25.4453
91 88 27.137
98 88 25.4453
116 88 67.5676
159 88 36.9686
174 88 33.8983
175 88 33.8983
253 88 13.587
254 88 13.587
534 88 21.4362
535 88 21.4362
6 89 29.0698
42 89 25.4453
103 89 57.971
115 89 67.5676
116 89 67.5676
159 89 36.9686
174 89 33.8983
175 89 33.8983
253 89 13.587
254 89 13.587
535 89 21.4362
6 90 29.0698
42 90 25.4453
52 90 25.4453
114 90 57.971
115 90 57.971
175 90 33.8983
253 90 13.587
254 90 13.587
534 90 21.4362
535 90 21.4362
550 90 21.4362
56 91 25.4453
87 91 25.4453
88 91 25.4453
98 91 25.4453
114 91 67.5676
151 91 36.9686
170 91 57.971
175 91 33.8983
250 91 16.2999
253 91 13.1492
254 91 13.1492
534 91 21.4362
535 91 21.4362
552 91 21.4362
6 92 29.0698
11 92 27.137
12 92 29.0698
46 92 23.9521
56 92 25.4453
82 92 25.4453
83 92 25.4453
88 92 25.4453
114 92 67.5676
172 92 57.971
178 92 50.7614
253 92 13.1492
254 92 13.1492
534 92 22.6244
535 92 22.6244
551 92 21.4362
552 92 21.4362
6 93 29.0698
53 93 25.4453
55 93 25.4453
82 93 25.4453
83 93 25.4453
97 93 25.4453
113 93 67.5676
114 93 67.5676
127 93 67.5676
178 93 50.7614
250 93 16.2999
254 93 13.1492
5 94 29.0698
9 94 29.0698
39 94 23.9521
82 94 25.4453
83 94 25.4453
97 94 25.4453
109 94 67.5676
114 94 67.5676
178 94 50.7614
253 94 13.1492
254 94 13.1492
5 95 29.0698
12 95 27.137
28 95 29.0698
83 95 25.4453
96 95 25.4453
114 95 67.5676
124 95 57.971
250 95 16.2999
253 95 13.1492
254 95 13.1492
12 96 27.137
40 96 23.9521
53 96 23.9521
82 96 25.4453
95 96 25.4453
96 96 25.4453
114 96 67.5676
150 96 36.9686
162 96 36.9686
174 96 33.8983
220 96 50.7614
250 96 16.2999
253 96 13.587
254 96 13.587
534 96 22.6244
27 97 29.0698
46 97 23.9521
50 97 23.9521
51 97 23.9521
53 97 23.9521
82 97 25.4453
95 97 27.137
114 97 67.5676
150 97 36.9686
174 97 33.8983
175 97 33.8983
180 97 36.9686
250 97 16.2999
253 97 13.587
254 97 13.587
560 97 21.4362
26 98 29.0698
46 98 23.9521
53 98 23.9521
114 98 67.5676
150 98 36.9686
175 98 33.8983
180 98 36.9686
250 98 16.2999
253 98 13.587
254 98 13.587
634 98 101.01
4 99 29.0698
16 99 27.137
26 99 29.0698
40 99 23.9521
43 99 25.4453
46 99 23.9521
83 99 25.4453
118 99 57.971
150 99 36.9686
175 99 33.8983
180 99 36.9686
181 99 36.9686
253 99 13.587
254 99 13.587
495 99 22.6244
496 99 22.6244
497 99 22.6244
4 100 29.0698
6 100 29.0698
15 100 27.137
40 100 23.9521
46 100 23.9521
81 100 25.4453
82 100 25.4453
118 100 57.971
151 100 36.9686
175 100 33.8983
180 100 36.9686
250 100 16.2999
253 100 13.587
254 100 13.587
524 100 22.6244
525 100 22.6244
534 100 21.4362
40 101 23.9521
46 101 23.9521
62 101 23.9521
63 101 23.9521
81 101 25.4453
97 101 27.137
118 101 57.971
151 101 36.9686
175 101 33.8983
253 101 13.587
254 101 13.587
509 101 21.4362
510 101 21.4362
533 101 21.4362
534 101 21.4362
535 101 21.4362
5 102 29.0698
9 102 27.137
10 102 27.137
15 102 27.137
117 102 57.971
118 102 57.971
151 102 36.9686
175 102 33.8983
180 102 36.9686
250 102 16.2999
253 102 13.587
254 102 13.587
9 103 27.137
15 103 27.137
28 103 27.137
117 103 57.971
118 103 57.971
125 103 57.971
159 103 36.9686
180 103 36.9686
250 103 16.2999
253 103 13.587
254 103 13.587
513 103 23.9521
4 104 29.0698
14 104 27.137
26 104 27.137
27 104 27.137
40 104 23.9521
41 104 23.9521
116 104 57.971
152 104 36.9686
174 104 33.8983
179 104 36.9686
180 104 36.9686
250 104 16.2999
253 104 13.587
254 104 13.587
4 105 29.0698
26 105 27.137
40 105 23.9521
44 105 23.9521
48 105 23.9521
87 105 50.7614
115 105 67.5676
163 105 36.9686
169 105 36.9686
174 105 36.9686
179 105 36.9686
250 105 16.2999
253 105 13.587
254 105 13.587
25 106 27.137
26 106 27.137
48 106 23.9521
50 106 23.9521
95 106 25.4453
115 106 57.971
163 106 36.9686
169 106 36.9686
179 106 36.9686
250 106 16.2999
253 106 13.587
254 106 13.587
520 106 22.6244
521 106 22.6244
25 107 27.137
33 107 29.0698
41 107 23.9521
45 107 23.9521
62 107 23.9521
89 107 50.7614
95 107 25.4453
120 107 57.971
152 107 36.9686
163 107 36.9686
179 107 36.9686
250 107 16.2999
253 107 13.587
254 107 13.587
532 107 22.6244
24 108 27.137
33 108 29.0698
41 108 23.9521
62 108 23.9521
120 108 57.971
179 108 36.9686
250 108 16.2999
253 108 13.587
254 108 13.587
532 108 22.6244
533 108 22.6244
566 108 21.4362
23 109 27.137
24 109 27.137
45 109 25.4453
71 109 23.9521
119 109 57.971
179 109 36.9686
250 109 16.2999
253 109 13.587
254 109 13.587
23 110 27.137
29 110 27.137
42 110 23.9521
45 110 25.4453
119 110 57.971
155 110 36.9686
179 110 36.9686
250 110 16.2999
253 110 13.587
254 110 13.587
18 111 27.137
28 111 27.137
29 111 27.137
42 111 23.9521
101 111 25.4453
127 111 67.5676
155 111 36.9686
169 111 36.9686
179 111 36.9686
250 111 16.2999
253 111 13.587
254 111 13.587
22 112 29.0698
27 112 27.137
43 112 23.9521
110 112 29.0698
118 112 57.971
127 112 67.5676
168 112 36.9686
179 112 36.9686
180 112 36.9686
250 112 16.2999
253 112 13.587
254 112 13.587
22 113 27.137
23 113 27.137
27 113 27.137
43 113 23.9521
111 113 29.0698
117 113 57.971
118 113 57.971
127 113 67.5676
168 113 36.9686
179 113 33.8983
180 113 33.8983
230 113 50.7614
253 113 13.587
254 113 13.587
21 114 27.137
22 114 27.137
26 114 27.137
43 114 23.9521
111 114 29.0698
117 114 57.971
118 114 57.971
181 114 36.9686
230 114 50.7614
253 114 13.587
254 114 13.587
101 115 25.4453
102 115 25.4453
117 115 57.971
120 115 57.971
181 115 36.9686
230 115 50.7614
250 115 16.2999
253 115 13.587
254 115 13.587
20 116 27.137
22 116 27.137
25 116 27.137
126 116 67.5676
181 116 36.9686
182 116 36.9686
224 116 50.7614
250 116 16.2999
253 116 13.587
254 116 13.587
19 117 27.137
21 117 27.137
25 117 27.137
41 117 23.9521
44 117 23.9521
45 117 23.9521
116 117 67.5676
126 117 67.5676
167 117 36.9686
168 117 36.9686
181 117 36.9686
250 117 16.2999
253 117 13.587
254 117 13.587
18 118 27.137
20 118 27.137
34 118 29.0698
41 118 23.9521
44 118 23.9521
45 118 23.9521
82 118 25.4453
126 118 67.5676
166 118 36.9686
181 118 36.9686
229 118 50.7614
250 118 16.2999
253 118 13.587
254 118 13.587
17 119 27.137
34 119 29.0698
82 119 25.4453
101 119 27.137
181 119 36.9686
228 119 50.7614
250 119 16.2999
253 119 13.587
254 119 13.587
16 120 27.137
100 120 27.137
165 120 36.9686
181 120 36.9686
250 120 16.2999
253 120 13.587
254 120 13.587
7 121 27.137
15 121 27.137
100 121 27.137
165 121 36.9686
228 121 50.7614
250 121 16.2999
253 121 13.587
254 121 13.587
42 122 23.9521
46 122 25.4453
100 122 27.137
165 122 36.9686
184 122 36.9686
224 122 45.1467
228 122 50.7614
253 122 13.587
254 122 13.587
16 123 27.137
19 123 29.0698
46 123 25.4453
67 123 23.9521
82 123 25.4453
100 123 27.137
101 123 27.137
165 123 36.9686
184 123 36.9686
253 123 13.587
254 123 13.587
7 124 27.137
10 124 29.0698
15 124 27.137
16 124 27.137
19 124 29.0698
40 124 23.9521
101 124 31.2989
253 124 13.587
254 124 13.587
3 125 29.0698
14 125 27.137
15 125 27.137
79 125 25.4453
183 125 36.9686
219 125 50.7614
253 125 13.587
254 125 13.587
14 126 27.137
15 126 27.137
79 126 25.4453
105 126 67.5676
125 126 67.5676
183 126 36.9686
219 126 50.7614
250 126 16.2999
253 126 13.587
254 126 13.587
4 127 29.0698
5 127 29.0698
11 127 27.137
13 127 27.137
182 127 36.9686
253 127 13.587
254 127 13.587
4 128 29.0698
12 128 27.137
13 128 27.137
124 128 67.5676
182 128 36.9686
253 128 13.587
254 128 13.587
12 129 27.137
43 129 23.9521
88 129 23.9521
181 129 36.9686
182 129 36.9686
250 129 16.2999
253 129 13.587
254 129 13.587
11 130 27.137
12 130 27.137
179 130 36.9686
253 130 13.587
254 130 13.587
10 131 27.137
11 131 27.137
179 131 36.9686
180 131 36.9686
250 131 16.2999
253 131 13.587
254 131 13.587
180 132 36.9686
250 132 16.2999
253 132 13.587
254 132 13.587
8 133 27.137
9 133 27.137
74 133 25.4453
165 133 36.9686
180 133 36.9686
253 133 13.587
254 133 13.587
8 134 27.137
30 134 29.0698
39 134 29.0698
44 134 25.4453
74 134 25.4453
83 134 25.4453
165 134 36.9686
178 134 36.9686
253 134 13.1492
254 134 13.1492
165 135 36.9686
178 135 36.9686
253 135 13.1492
254 135 13.1492
5 136 27.137
100 136 27.137
178 136 36.9686
179 136 36.9686
254 136 13.1492
5 137 27.137
26 137 29.0698
100 137 27.137
139 137 57.971
178 137 36.9686
229 137 50.7614
254 137 13.1492
535 137 22.6244
536 137 22.6244
4 138 27.137
5 138 27.137
92 138 27.137
99 138 27.137
100 138 27.137
178 138 36.9686
254 138 13.1492
535 138 22.6244
539 138 22.6244
92 139 27.137
99 139 27.137
254 139 13.587
27 140 36.9686
92 140 27.137
254 140 13.587
92 141 27.137
100 141 27.137
176 141 36.9686
222 141 50.7614
223 141 50.7614
20 142 29.0698
92 142 27.137
100 142 27.137
176 142 36.9686
254 142 13.587
21 143 29.0698
22 143 29.0698
44 143 23.9521
72 143 23.9521
254 143 13.587
18 144 29.0698
210 144 50.7614
92 145 27.137
181 145 36.9686
71 146 25.4453
87 146 27.137
92 146 27.137
181 146 36.9686
16 147 31.2989
71 147 25.4453
92 147 27.137
97 147 27.137
98 147 27.137
254 147 13.1492
17 148 31.2989
70 148 25.4453
71 148 25.4453
92 148 27.137
101 148 27.137
540 148 21.4362
37 149 29.0698
41 149 50.7614
70 149 25.4453
97 149 27.137
101 149 27.137
26 150 33.8983
57 150 25.4453
70 150 25.4453
75 150 27.137
101 150 27.137
70 151 25.4453
75 151 27.137
97 151 27.137
101 151 27.137
14 152 29.0698
23 152 27.137
70 152 25.4453
101 152 27.137
13 153 29.0698
14 153 29.0698
70 153 27.137
71 153 27.137
97 153 27.137
101 153 27.137
13 154 29.0698
14 154 29.0698
19 154 29.0698
92 154 27.137
97 154 27.137
101 154 27.137
13 155 29.0698
87 155 27.137
97 155 27.137
101 155 27.137
13 156 29.0698
27 156 27.137
69 156 27.137
97 156 27.137
101 156 27.137
10 157 29.0698
97 157 27.137
101 157 27.137
181 157 67.5676
10 158 29.0698
23 158 31.2989
71 158 27.137
97 158 27.137
101 158 27.137
174 158 45.1467
181 158 67.5676
540 158 22.6244
71 159 27.137
75 159 27.137
97 159 27.137
101 159 27.137
174 159 45.1467
254 159 13.1492
11 160 29.0698
70 160 27.137
71 160 27.137
97 160 27.137
101 160 27.137
174 160 45.1467
27 161 27.137
70 161 27.137
71 161 27.137
97 161 27.137
101 161 27.137
332 161 134.228
6 162 29.0698
34 162 29.0698
35 162 29.0698
36 162 29.0698
71 162 27.137
87 162 27.137
97 162 27.137
101 162 27.137
535 162 22.6244
536 162 22.6244
6 163 29.0698
19 163 31.2989
87 163 27.137
91 163 27.137
97 163 27.137
101 163 27.137
11 164 29.0698
70 164 27.137
97 164 27.137
101 164 27.137
174 164 45.1467
248 164 13.587
536 164 22.6244
12 165 29.0698
70 165 27.137
71 165 27.137
97 165 27.137
101 165 27.137
174 165 45.1467
12 166 29.0698
18 166 29.0698
70 166 27.137
71 166 27.137
97 166 27.137
101 166 27.137
248 166 13.587
264 166 80.9717
57 167 25.4453
75 167 27.137
97 167 27.137
101 167 27.137
248 167 13.1492
536 167 22.6244
537 167 22.6244
18 168 29.0698
57 168 25.4453
75 168 27.137
97 168 27.137
101 168 27.137
164 168 36.9686
535 168 22.6244
536 168 22.6244
537 168 22.6244
13 169 36.9686
18 169 31.2989
57 169 25.4453
97 169 27.137
101 169 27.137
248 169 13.1492
264 169 101.01
541 169 22.6244
87 170 27.137
91 170 27.137
97 170 27.137
101 170 27.137
264 170 101.01
541 170 22.6244
86 171 27.137
87 171 27.137
91 171 27.137
97 171 27.137
101 171 27.137
291 171 101.01
97 172 27.137
101 172 27.137
536 172 22.6244
23 173 40.6504
72 173 23.9521
101 173 27.137
541 173 22.6244
5 174 31.2989
72 174 23.9521
91 174 27.137
101 174 27.137
169 174 57.971
590 174 31.2989
591 174 31.2989
592 174 29.0698
5 175 31.2989
72 175 23.9521
91 175 27.137
101 175 27.137
223 175 50.7614
254 175 13.1492
586 175 45.1467
587 175 45.1467
588 175 36.9686
589 175 33.8983
590 175 31.2989
591 175 31.2989
592 175 29.0698
593 175 29.0698
594 175 29.0698
595 175 27.137
5 176 31.2989
11 176 33.8983
97 176 27.137
101 176 27.137
174 176 45.1467
222 176 50.7614
254 176 13.1492
592 176 29.0698
593 176 29.0698
594 176 29.0698
6 177 33.8983
7 177 33.8983
71 177 25.4453
97 177 27.137
101 177 27.137
174 177 45.1467
222 177 45.1467
254 177 13.1492
590 177 31.2989
591 177 29.0698
592 177 29.0698
593 177 29.0698
23 178 45.1467
33 178 40.6504
86 178 27.137
87 178 27.137
101 178 27.137
174 178 45.1467
222 178 45.1467
536 178 22.6244
15 179 33.8983
16 179 33.8983
30 179 40.6504
33 179 40.6504
86 179 27.137
91 179 27.137
174 179 45.1467
222 179 45.1467
17 180 33.8983
18 180 36.9686
39 180 57.971
86 180 27.137
91 180 27.137
174 180 45.1467
222 180 45.1467
505 180 45.1467
506 180 45.1467
507 180 40.6504
508 180 36.9686
509 180 36.9686
510 180 33.8983
511 180 33.8983
512 180 29.0698
18 181 33.8983
86 181 25.4453
91 181 27.137
92 181 27.137
185 181 67.5676
222 181 45.1467
501 181 200
504 181 50.7614
505 181 50.7614
506 181 45.1467
507 181 40.6504
508 181 36.9686
509 181 33.8983
510 181 33.8983
86 182 25.4453
91 182 27.137
92 182 27.137
103 182 36.9686
174 182 50.7614
185 182 67.5676
190 182 40.6504
222 182 45.1467
254 182 13.587
510 182 33.8983
17 183 31.2989
86 183 25.4453
91 183 27.137
92 183 27.137
103 183 36.9686
174 183 50.7614
190 183 40.6504
206 183 101.01
222 183 45.1467
254 183 13.587
505 183 50.7614
510 183 33.8983
511 183 33.8983
588 183 31.2989
7 184 29.0698
11 184 29.0698
40 184 40.6504
41 184 40.6504
86 184 25.4453
91 184 27.137
92 184 27.137
173 184 50.7614
222 184 45.1467
254 184 13.587
505 184 50.7614
506 184 45.1467
507 184 45.1467
508 184 36.9686
509 184 33.8983
510 184 33.8983
8 185 29.0698
19 185 29.0698
86 185 25.4453
174 185 45.1467
206 185 101.01
509 185 36.9686
86 186 25.4453
91 186 27.137
92 186 27.137
174 186 45.1467
206 186 101.01
505 186 50.7614
506 186 45.1467
507 186 40.6504
508 186 40.6504
509 186 36.9686
624 186 40.6504
14 187 29.0698
18 187 29.0698
30 187 57.971
86 187 25.4453
174 187 45.1467
624 187 40.6504
7 188 57.971
86 188 25.4453
223 188 57.971
624 188 40.6504
7 189 57.971
12 189 29.0698
15 189 57.971
18 189 29.0698
19 189 29.0698
86 189 25.4453
91 189 27.137
223 189 57.971
254 189 13.587
7 190 57.971
16 190 29.0698
18 190 31.2989
30 190 57.971
86 190 25.4453
91 190 27.137
174 190 45.1467
223 190 57.971
253 190 13.587
254 190 13.587
512 190 36.9686
16 191 29.0698
19 191 29.0698
21 191 36.9686
22 191 36.9686
24 191 29.0698
26 191 29.0698
30 191 57.971
86 191 25.4453
91 191 27.137
224 191 57.971
247 191 13.587
253 191 13.587
86 192 25.4453
91 192 27.137
129 192 45.1467
224 192 50.7614
42 193 57.971
86 193 25.4453
91 193 27.137
173 193 50.7614
174 193 50.7614
253 193 13.587
254 193 13.587
496 193 57.971
36 194 50.7614
42 194 57.971
86 194 27.137
91 194 27.137
206 194 101.01
217 194 50.7614
253 194 13.1492
254 194 13.1492
489 194 50.7614
490 194 50.7614
491 194 50.7614
494 194 67.5676
495 194 57.971
496 194 57.971
497 194 57.971
498 194 57.971
86 195 27.137
91 195 27.137
118 195 67.5676
173 195 50.7614
206 195 101.01
253 195 13.1492
254 195 13.1492
488 195 57.971
489 195 50.7614
490 195 50.7614
491 195 50.7614
494 195 67.5676
495 195 57.971
496 195 57.971
497 195 57.971
86 196 27.137
91 196 27.137
173 196 50.7614
254 196 13.1492
486 196 67.5676
488 196 57.971
489 196 50.7614
490 196 50.7614
491 196 50.7614
492 196 50.7614
495 196 57.971
496 196 57.971
497 196 57.971
607 196 45.1467
616 196 40.6504
55 197 23.9521
86 197 27.137
91 197 27.137
173 197 50.7614
174 197 50.7614
254 197 13.1492
488 197 57.971
489 197 57.971
490 197 50.7614
491 197 50.7614
495 197 57.971
496 197 57.971
55 198 23.9521
85 198 27.137
86 198 27.137
91 198 27.137
173 198 50.7614
174 198 50.7614
221 198 45.1467
55 199 23.9521
56 199 23.9521
85 199 27.137
86 199 27.137
91 199 27.137
173 199 50.7614
221 199 45.1467
85 200 27.137
86 200 27.137
91 200 27.137
173 200 50.7614
56 201 23.9521
85 201 27.137
86 201 27.137
91 201 27.137
173 201 50.7614
282 201 101.01
56 202 23.9521
85 202 27.137
86 202 27.137
91 202 27.137
56 203 23.9521
70 203 23.9521
86 203 27.137
91 203 27.137
264 203 80.9717
282 203 101.01
70 204 25.4453
86 204 27.137
91 204 27.137
282 204 101.01
70 205 25.4453
91 205 27.137
135 205 40.6504
166 205 36.9686
563 205 13.587
12 206 36.9686
70 206 23.9521
84 206 36.9686
91 206 27.137
135 206 40.6504
148 206 40.6504
166 206 36.9686
559 206 14.556
78 207 40.6504
84 207 36.9686
91 207 27.137
135 207 40.6504
148 207 40.6504
149 207 40.6504
282 207 101.01
637 207 13.1492
84 208 36.9686
91 208 27.137
165 208 36.9686
86 209 27.137
91 209 27.137
136 209 40.6504
165 209 36.9686
166 209 36.9686
593 209 13.1492
594 209 13.1492
85 210 27.137
86 210 27.137
91 210 27.137
225 210 67.5676
592 210 13.587
595 210 13.1492
596 210 12.7389
597 210 12.3533
598 210 12.3533
599 210 11.9904
601 210 10.7296
602 210 10.7296
70 211 23.9521
71 211 23.9521
72 211 23.9521
80 211 57.971
86 211 27.137
91 211 27.137
225 211 67.5676
254 211 13.1492
595 211 13.1492
596 211 12.7389
597 211 12.3533
598 211 12.3533
166 212 33.8983
254 212 13.1492
633 212 13.587
8 213 36.9686
86 213 27.137
155 213 45.1467
166 213 36.9686
254 213 13.1492
592 213 12.7389
633 213 13.587
634 213 13.587
8 214 36.9686
69 214 25.4453
86 214 27.137
91 214 27.137
166 214 36.9686
206 214 101.01
221 214 45.1467
254 214 13.1492
630 214 13.587
8 215 36.9686
69 215 25.4453
91 215 27.137
155 215 45.1467
166 215 36.9686
221 215 45.1467
254 215 13.1492
592 215 12.7389
596 215 12.7389
597 215 12.7389
629 215 13.587
630 215 13.587
8 216 36.9686
52 216 23.9521
68 216 25.4453
69 216 25.4453
132 216 45.1467
144 216 45.1467
155 216 45.1467
166 216 36.9686
221 216 45.1467
253 216 13.1492
254 216 13.1492
421 216 134.228
6 217 36.9686
8 217 36.9686
52 217 23.9521
68 217 25.4453
69 217 25.4453
85 217 40.6504
132 217 40.6504
144 217 45.1467
221 217 45.1467
421 217 134.228
422 217 134.228
632 217 13.587
6 218 36.9686
24 218 36.9686
53 218 23.9521
68 218 23.9521
69 218 23.9521
167 218 36.9686
334 218 200
337 218 101.01
338 218 80.9717
340 218 50.7614
341 218 50.7614
389 218 80.9717
566 218 15.674
597 218 12.3533
598 218 12.3533
599 218 12.3533
603 218 13.1492
604 218 13.1492
632 218 13.587
53 219 23.9521
68 219 23.9521
69 219 23.9521
131 219 40.6504
167 219 36.9686
336 219 101.01
337 219 101.01
338 219 80.9717
340 219 50.7614
389 219 80.9717
398 219 27.137
412 219 80.9717
559 219 14.0548
565 219 15.674
598 219 12.3533
599 219 12.3533
603 219 13.1492
604 219 13.1492
8 220 36.9686
68 220 23.9521
69 220 23.9521
84 220 36.9686
254 220 13.1492
389 220 80.9717
390 220 80.9717
398 220 27.137
399 220 27.137
558 220 14.0548
559 220 14.0548
605 220 13.1492
6 221 36.9686
8 221 36.9686
21 221 36.9686
53 221 25.4453
68 221 23.9521
69 221 23.9521
84 221 36.9686
588 221 12.3533
598 221 12.3533
599 221 12.3533
629 221 13.587
630 221 13.587
8 222 36.9686
19 222 36.9686
21 222 36.9686
53 222 25.4453
68 222 23.9521
84 222 36.9686
130 222 40.6504
598 222 12.7389
599 222 12.7389
605 222 13.1492
606 222 13.1492
8 223 36.9686
21 223 36.9686
53 223 25.4453
68 223 23.9521
84 223 36.9686
107 223 50.7614
155 223 45.1467
348 223 200
351 223 80.9717
558 223 14.0548
598 223 12.3533
599 223 12.3533
6 224 36.9686
8 224 36.9686
21 224 36.9686
68 224 23.9521
84 224 36.9686
155 224 45.1467
348 224 200
353 224 80.9717
543 224 15.0943
544 224 15.0943
558 224 14.0548
587 224 12.3533
598 224 12.3533
599 224 12.3533
6 225 36.9686
8 225 36.9686
21 225 36.9686
52 225 23.9521
68 225 23.9521
69 225 23.9521
84 225 36.9686
107 225 50.7614
254 225 13.1492
542 225 15.0943
543 225 15.0943
544 225 15.0943
599 225 12.3533
6 226 36.9686
8 226 36.9686
21 226 36.9686
53 226 23.9521
68 226 23.9521
69 226 23.9521
84 226 36.9686
107 226 50.7614
547 226 15.0943
595 226 12.3533
6 227 36.9686
8 227 36.9686
21 227 36.9686
53 227 23.9521
68 227 23.9521
84 227 36.9686
107 227 50.7614
535 227 15.674
536 227 15.674
539 227 14.0548
540 227 14.0548
592 227 12.3533
6 228 36.9686
8 228 36.9686
21 228 36.9686
54 228 23.9521
68 228 23.9521
69 228 23.9521
84 228 36.9686
107 228 50.7614
534 228 15.674
592 228 12.3533
599 228 12.3533
6 229 36.9686
21 229 36.9686
53 229 23.9521
54 229 23.9521
68 229 23.9521
69 229 23.9521
84 229 36.9686
533 229 15.674
592 229 12.3533
593 229 12.3533
599 229 12.3533
600 229 12.3533
624 229 12.3533
625 229 12.3533
626 229 12.3533
6 230 36.9686
8 230 36.9686
21 230 36.9686
53 230 23.9521
54 230 23.9521
68 230 23.9521
69 230 23.9521
84 230 33.8983
176 230 36.9686
533 230 15.674
592 230 12.3533
599 230 12.3533
600 230 12.3533
6 231 36.9686
8 231 36.9686
21 231 36.9686
68 231 23.9521
69 231 23.9521
592 231 12.3533
593 231 12.3533
594 231 12.3533
599 231 12.3533
600 231 12.3533
6 232 36.9686
8 232 36.9686
21 232 36.9686
53 232 23.9521
69 232 23.9521
70 232 23.9521
592 232 12.3533
593 232 12.3533
594 232 12.3533
595 232 11.9904
599 232 12.3533
600 232 12.3533
6 233 36.9686
21 233 36.9686
53 233 23.9521
70 233 23.9521
599 233 12.3533
600 233 12.3533
6 234 36.9686
8 234 36.9686
254 234 13.587
514 234 16.9779
515 234 16.9779
530 234 16.2999
531 234 16.2999
613 234 11.9904
614 234 11.9904
615 234 11.9904
6 235 36.9686
8 235 36.9686
530 235 16.2999
531 235 16.2999
613 235 11.9904
614 235 11.9904
8 236 36.9686
74 236 23.9521
37 237 29.0698
53 237 23.9521
54 237 23.9521
74 237 23.9521
502 237 27.137
26 238 27.137
54 238 23.9521
72 238 23.9521
73 239 23.9521
530 239 15.674
531 239 15.674
534 239 15.674
535 239 15.674
74 240 23.9521
75 240 23.9521
90 240 25.4453
531 240 15.674
91 241 25.4453
93 243 25.4453
571 243 13.1492
572 243 13.1492
573 243 13.1492
574 243 12.7389
571 244 13.1492
572 244 13.1492
573 244 13.1492
570 245 13.1492
571 245 13.1492
572 245 13.1492
578 245 12.7389
22 246 22.6244
37 246 22.6244
570 246 13.1492
571 246 13.1492
569 247 13.1492
570 247 13.1492
571 247 13.1492
10 248 21.4362
15 248 21.4362
569 248 13.1492
570 248 13.1492
536 249 15.674
570 249 13.1492
597 249 12.3533
598 249 12.3533
599 249 12.3533
253 250 13.587
254 250 13.587
569 250 13.1492
628 250 10.7296
629 250 10.7296
630 250 10.4548
253 251 13.587
254 251 13.587
507 251 18.5185
569 251 13.1492
570 251 13.1492
618 251 13.1492
619 251 13.1492
620 251 12.7389
621 251 11.9904
622 251 11.9904
623 251 11.6482
624 251 11.325
625 251 11.0193
626 251 11.0193
627 251 10.7296
628 251 10.7296
254 252 13.587
569 252 13.1492
573 252 11.9904
622 252 11.9904
623 252 11.6482
624 252 11.325
625 252 11.0193
626 252 11.0193
627 252 11.0193
628 252 10.7296
536 253 15.0943
537 253 15.0943
569 253 13.1492
573 253 11.9904
625 253 11.0193
626 253 11.0193
627 253 11.0193
537 254 15.0943
538 254 15.0943
569 254 13.1492
573 254 11.9904
625 254 11.0193
569 255 13.1492
579 255 12.7389
580 255 12.7389
578 256 12.7389
579 256 12.7389
580 256 12.7389
624 256 11.0193
625 256 11.0193
12 257 19.3986
254 257 13.587
531 257 15.674
578 257 12.7389
624 257 11.0193
625 257 11.0193
465 258 16.2999
531 258 15.674
532 258 15.674
544 258 15.0943
621 258 11.6482
623 258 11.0193
624 258 11.0193
625 258 11.0193
614 259 13.1492
616 259 12.7389
617 259 12.7389
618 259 12.3533
619 259 11.9904
620 259 11.9904
621 259 11.6482
622 259 11.325
623 259 11.0193
624 259 11.0193
625 259 11.0193
580 260 12.3533
581 260 12.3533
601 260 11.9904
602 260 11.9904
603 260 11.6482
604 260 11.6482
605 260 11.6482
606 260 11.325
633 260 10.7296
547 261 15.0943
548 261 15.0943
549 261 15.0943
580 261 12.3533
581 261 12.3533
633 261 10.7296
634 261 10.7296
548 262 15.0943
549 262 15.0943
551 262 14.556
552 262 15.0943
580 262 12.7389
581 262 12.3533
582 262 12.3533
571 263 13.1492
637 263 10.4548
463 264 15.674
578 264 12.7389
626 264 12.7389
627 264 12.7389
630 264 10.7296
631 264 11.0193
464 265 15.674
465 265 15.0943
466 265 15.0943
467 265 15.0943
468 265 14.556
572 265 13.1492
631 265 11.0193
633 265 10.7296
634 265 11.0193
635 265 11.0193
578 266 13.1492
579 266 13.1492
580 266 13.1492
634 266 11.0193
635 266 11.0193
627 268 10.7296
627 269 10.7296
637 269 10.7296
634 270 11.0193
635 270 11.0193
636 270 10.7296
637 270 10.7296
636 271 10.7296
637 271 10.7296
118 272 14.0548
119 272 14.0548
120 272 14.0548
121 272 14.0548
632 272 11.325
3 273 14.556
4 273 14.556
637 276 10.7296
632 277 10.7296
633 277 10.7296
634 277 10.7296
626 278 11.0193
627 278 11.0193
633 278 10.7296
216 279 11.325
217 280 11.325
218 280 11.325
219 280 11.325
233 280 11.0193
627 280 10.7296
628 280 10.7296
634 280 10.7296
635 280 10.7296
629 282 10.7296
630 282 10.7296
606 283 10.7296
630 283 10.7296
631 283 10.7296
188 286 10.4548
184 287 10.1937
241 287 10.1937
596 287 10.4548
222 288 9.70874
598 288 10.1937
599 288 10.1937
600 288 10.1937
601 288 10.1937
223 289 9.70874
233 290 9.70874
212 291 9.48317
213 291 9.48317
199 292 9.26784
213 292 9.48317
214 292 9.48317
231 295 9.26784
247 297 9.48317
194 298 8.86525
248 298 9.48317
153 299 8.86525
154 299 8.86525
194 299 8.67679
191 300 8.49618
223 300 8.67679
191 301 8.49618
192 301 8.67679
210 302 8.32293
134 304 8.15661
198 304 8.15661
134 305 8.15661
134 306 8.15661
123 307 7.9968
138 308 7.84314
213 308 7.9968
126 309 7.84314
127 309 7.84314
140 312 7.41565
176 312 7.41565
177 312 7.41565
177 313 7.41565
178 313 7.41565
237 313 8.32293
137 314 7.28332
147 314 7.15564
147 315 7.15564
148 315 7.15564
185 315 7.41565
120 316 7.03235
158 316 7.15564
178 316 7.28332
185 316 7.41565
120 317 7.03235
143 317 7.15564
158 317 7.15564
170 317 6.7981
208 317 7.15564
121 318 7.03235
170 318 6.7981
182 318 7.03235
193 318 7.15564
209 318 7.15564
210 318 7.15564
211 318 7.15564
230 318 7.69527
231 318 7.69527
148 319 7.03235
165 319 7.03235
167 319 7.03235
175 319 6.91324
179 319 7.03235
180 319 7.03235
211 319 7.15564
231 319 7.69527
111 320 6.91324
145 320 7.03235
179 320 7.03235
180 320 7.03235
108 321 6.91324
111 321 6.91324
112 321 6.91324
146 321 7.03235
152 321 6.7981
153 321 6.7981
231 321 7.55287
96 322 6.7981
108 322 6.91324
109 322 6.91324
153 322 6.7981
154 322 6.7981
169 322 6.7981
189 322 6.68673
226 322 7.41565
232 322 7.69527
97 323 6.7981
154 323 6.7981
166 323 6.7981
525 323 7.41565
533 323 7.28332
534 323 7.28332
105 324 6.68673
106 324 6.68673
167 324 6.7981
201 324 6.91324
523 324 7.55287
524 324 7.41565
525 324 7.41565
526 324 7.41565
527 324 7.41565
528 324 7.41565
529 324 7.41565
530 324 7.41565
531 324 7.41565
532 324 7.28332
533 324 7.28332
534 324 7.28332
535 324 7.15564
125 325 6.68673
143 325 6.57895
202 325 6.91324
203 325 6.91324
204 325 6.7981
226 325 7.41565
525 325 7.41565
526 325 7.41565
527 325 7.41565
528 325 7.41565
529 325 7.41565
530 325 7.41565
531 325 7.41565
533 325 7.28332
534 325 7.28332
535 325 7.15564
536 325 6.91324
537 325 6.7981
117 326 6.68673
131 326 6.57895
132 326 6.57895
175 326 6.68673
176 326 6.68673
182 326 6.68673
100 327 6.57895
170 327 6.57895
186 327 6.57895
223 327 7.28332
224 327 7.28332
186 328 6.57895
190 328 6.57895
224 328 7.28332
225 328 7.28332
77 329 6.18047
83 329 6.27549
190 329 6.57895
191 329 6.57895
73 330 6.18047
74 330 6.27549
70 331 5.91191
71 331 6.18047
73 331 6.18047
74 331 6.27549
169 332 6.37349
189 332 6.37349
142 333 6.18047
143 333 6.18047
193 333 6.57895
142 334 6.18047
143 334 6.18047
194 334 6.57895
134 336 6.08828
185 336 6.27549
141 337 5.9988
143 337 5.9988
144 337 5.9988
186 337 6.27549
102 338 5.91191
143 338 5.9988
144 338 5.9988
189 338 6.27549
102 339 5.91191
103 339 5.91191
138 339 5.82751
139 339 5.82751
190 339 6.27549
81 340 5.82751
132 340 5.82751
138 340 5.82751
139 340 5.82751
140 340 5.82751
141 340 5.82751
147 340 5.74548
153 340 5.9988
186 340 6.18047
76 341 5.74548
117 341 5.74548
132 341 5.82751
77 342 5.74548
78 342 5.74548
79 342 5.74548
132 342 5.82751
133 342 5.82751
142 342 5.82751
143 343 5.74548
137 344 5.66572
138 344 5.66572
139 344 5.66572
154 344 5.74548
109 345 5.58815
119 345 5.66572
138 345 5.66572
151 346 5.74548
127 347 5.51268
190 347 5.82751
128 348 5.51268
85 349 5.43922
124 349 5.43922
140 349 5.43922
141 349 5.43922
151 349 5.58815
116 350 5.43922
124 350 5.43922
125 350 5.43922
138 350 5.43922
146 350 5.43922
26 351 5.23013
69 351 5.51268
70 351 5.51268
82 351 5.43922
83 351 5.43922
115 351 5.43922
116 351 5.43922
137 351 5.43922
138 351 5.43922
139 351 5.43922
146 351 5.43922
147 351 5.43922
164 351 5.58815
22 352 5.23013
26 352 5.23013
27 352 5.23013
94 352 5.29801
116 352 5.43922
168 352 5.51268
22 353 5.23013
23 353 5.23013
73 353 5.36769
101 353 5.16396
107 353 5.23013
116 353 5.36769
123 353 5.23013
169 353 5.51268
23 354 5.23013
107 354 5.16396
116 354 5.36769
137 354 5.29801
145 354 5.29801
634 354 5.66572
635 354 5.66572
636 354 5.66572
104 355 5.09944
137 355 5.29801
65 356 5.23013
66 356 5.23013
73 356 5.23013
105 356 5.09944
116 356 5.29801
117 356 5.29801
118 356 5.29801
119 356 5.23013
241 356 5.82751
57 357 5.16396
73 357 5.23013
116 357 5.29801
117 357 5.23013
119 357 5.23013
92 358 5.09944
96 358 5.03651
156 358 5.23013
239 358 5.82751
240 358 5.82751
31 359 5.16396
32 359 5.16396
92 359 5.09944
96 359 5.03651
109 359 5.03651
117 359 5.23013
227 359 5.74548
31 360 5.16396
32 360 5.16396
153 360 5.23013
154 360 5.23013
155 360 5.23013
102 361 4.97512
153 361 5.23013
154 361 5.16396
155 361 5.16396
156 361 5.23013
28 362 4.85673
77 362 5.03651
83 362 4.97512
102 362 4.97512
103 362 4.97512
134 362 5.09944
158 362 5.23013
83 363 4.97512
145 363 5.03651
147 363 5.03651
85 364 4.91521
147 364 5.03651
148 364 5.03651
191 364 5.43922
75 365 4.85673
85 365 4.85673
86 365 4.85673
119 365 4.91521
120 365 4.97512
121 365 4.97512
122 365 4.97512
181 365 5.43922
191 365 5.43922
192 365 5.43922
75 366 4.85673
86 366 4.85673
115 366 4.97512
121 366 4.97512
122 366 4.97512
123 366 4.97512
181 366 5.43922
187 366 5.36769
188 366 5.36769
31 367 4.68933
75 367 4.85673
104 367 4.79962
105 367 4.79962
106 367 4.79962
114 367 5.03651
115 367 4.97512
116 367 4.91521
117 367 4.91521
144 367 5.03651
188 367 5.36769
189 367 5.36769
31 368 4.68933
32 368 4.68933
106 368 4.79962
116 368 4.91521
117 368 4.91521
118 368 4.91521
146 368 4.97512
148 368 4.91521
149 368 4.91521
150 368 4.91521
184 368 5.36769
185 368 5.36769
189 368 5.36769
32 369 4.68933
35 369 4.63607
76 369 4.79962
99 369 4.74383
117 369 4.91521
118 369 4.91521
119 369 4.91521
154 369 4.97512
185 369 5.29801
186 369 5.36769
187 369 5.36769
497 369 5.23013
498 369 5.23013
32 370 4.63607
33 370 4.68933
34 370 4.63607
35 370 4.63607
76 370 4.79962
77 370 4.79962
81 370 4.79962
82 370 4.79962
95 370 4.79962
99 370 4.74383
100 370 4.74383
118 370 4.91521
269 370 5.36769
34 371 4.63607
35 371 4.63607
77 371 4.79962
81 371 4.74383
82 371 4.74383
100 371 4.74383
101 371 4.74383
269 371 5.36769
270 371 5.29801
271 371 5.29801
272 371 5.23013
54 372 4.63607
82 372 4.74383
83 372 4.74383
91 372 4.74383
92 372 4.74383
127 372 4.85673
71 373 4.68933
72 373 4.68933
79 373 4.74383
82 373 4.74383
83 373 4.74383
84 373 4.68933
91 373 4.74383
92 373 4.74383
93 373 4.74383
136 373 4.79962
33 374 4.584
72 374 4.68933
73 374 4.68933
85 374 4.68933
92 374 4.74383
93 374 4.74383
94 374 4.74383
137 374 4.79962
138 374 4.79962
19 375 4.584
73 375 4.68933
74 375 4.68933
86 375 4.68933
124 375 4.74383
19 376 4.584
74 376 4.68933
75 376 4.68933
76 376 4.68933
77 376 4.68933
88 376 4.63607
96 376 4.63607
98 376 4.63607
162 376 4.85673
19 377 4.584
26 377 4.53309
27 377 4.53309
55 377 4.53309
77 377 4.68933
78 377 4.68933
89 377 4.584
114 377 4.63607
115 377 4.63607
20 378 4.584
27 378 4.53309
41 378 4.584
72 378 4.43459
73 378 4.43459
77 378 4.68933
91 378 4.53309
115 378 4.63607
144 378 4.63607
145 378 4.68933
146 378 4.68933
147 378 4.63607
155 378 4.68933
156 378 4.68933
281 378 5.09944
282 378 5.09944
41 379 4.584
72 379 4.43459
73 379 4.43459
92 379 4.53309
155 379 4.68933
156 379 4.68933
157 379 4.68933
52 380 4.4833
73 380 4.43459
74 380 4.43459
81 380 4.03959
88 380 4.43459
89 380 4.43459
125 380 4.584
156 380 4.68933
157 380 4.68933
518 380 4.91521
52 381 4.4833
73 381 4.43459
89 381 4.43459
125 381 4.584
126 381 4.584
141 381 4.63607
149 381 4.584
150 381 4.63607
151 381 4.63607
152 381 4.63607
153 381 4.63607
154 381 4.63607
52 382 4.4833
70 382 4.584
73 382 4.43459
130 382 4.63607
20 383 4.38693
52 383 4.4833
53 383 4.4833
70 383 4.584
72 383 4.43459
73 383 4.38693
93 383 4.38693
94 383 4.38693
110 383 4.53309
121 383 4.584
154 383 4.68933
18 384 4.38693
20 384 4.38693
34 384 4.34028
35 384 4.34028
45 384 4.34028
46 384 4.34028
53 384 4.4833
72 384 4.38693
73 384 4.38693
74 384 4.38693
89 384 4.38693
93 384 4.38693
94 384 4.38693
95 384 4.38693
122 384 4.584
154 384 4.68933
155 384 4.68933
526 384 4.63607
5 385 4.29461
35 385 4.34028
44 385 4.38693
45 385 4.34028
46 385 4.34028
66 385 4.38693
67 385 4.38693
74 385 4.38693
75 385 4.34028
76 385 4.24989
89 385 4.38693
94 385 4.38693
95 385 4.38693
155 385 4.68933
230 385 4.85673
231 385 4.85673
35 386 4.34028
44 386 4.38693
45 386 4.34028
46 386 4.34028
47 386 4.34028
65 386 4.34028
66 386 4.38693
71 386 4.38693
76 386 4.24989
104 386 4.43459
130 386 4.53309
155 386 4.68933
47 387 4.34028
48 387 4.34028
63 387 4.34028
129 387 4.53309
130 387 4.53309
155 387 4.68933
53 388 4.29461
54 388 4.29461
88 388 4.29461
129 388 4.53309
156 388 4.68933
54 389 4.29461
55 389 4.29461
68 389 4.34028
74 389 4.34028
81 389 4.24989
85 389 4.24989
89 389 4.29461
54 390 4.29461
55 390 4.29461
68 390 4.34028
84 390 4.24989
90 390 4.29461
73 391 4.34028
145 391 4.43459
155 391 4.63607
286 391 4.68933
119 392 4.29461
155 392 4.63607
156 392 4.63607
370 392 4.68933
10 393 4.1632
112 393 4.29461
156 393 4.63607
7 394 4.12116
9 394 4.2061
10 394 4.1632
79 394 4.12116
84 394 4.2061
6 395 4.1632
7 395 4.12116
9 395 4.2061
48 395 4.07997
72 395 4.12116
80 395 4.12116
101 395 4.2061
5 396 4.1632
6 396 4.1632
28 396 4.07997
48 396 4.07997
49 396 4.07997
73 396 4.12116
102 396 4.2061
103 396 4.2061
104 396 4.2061
102 397 4.2061
103 397 4.2061
46 398 4.07997
98 398 4.12116
99 398 4.12116
343 398 4.53309
29 399 4.03959
29 400 4.03959
62 400 4.53309
627 400 4.4833
628 400 4.43459
30 401 4.03959
31 401 4.03959
32 401 4.03959
51 401 4.07997
52 401 4.07997
55 401 4.07997
69 401 4.03959
87 401 4.1632
628 401 4.43459
629 401 4.38693
630 401 4.34028
631 401 4.34028
632 401 4.34028
633 401 4.34028
634 401 4.29461
635 401 4.24989
637 401 4.2061
30 402 4.03959
31 402 4.03959
64 402 4.03959
67 402 4.03959
68 402 4.03959
69 402 4.03959
70 402 4.03959
75 402 4.03959
86 402 4.03959
88 402 4.03959
90 402 4.03959
91 402 4.03959
109 402 4.12116
630 402 4.34028
631 402 4.34028
632 402 4.34028
633 402 4.34028
634 402 4.29461
635 402 4.24989
636 402 4.2061
637 402 4.2061
10 403 4.03959
30 403 4.03959
31 403 4.03959
65 403 4.03959
66 403 4.03959
85 403 4.03959
109 403 4.12116
169 403 4.38693
10 404 4.03959
11 404 4.03959
65 404 4.03959
66 404 4.03959
67 404 4.03959
68 404 4.03959
85 404 4.03959
86 404 4.03959
87 404 4.03959
369 404 4.38693
370 404 4.38693
10 405 4.03959
11 405 4.03959
34 405 4.03959
87 405 4.03959
39 407 4.03959
97 407 4.03959
140 407 4.29461
141 407 4.29461
225 407 4.34028
390 408 4.29461
391 408 4.29461
392 408 4.29461
393 408 4.24989
393 409 4.24989
394 409 4.24989
73 412 4.03959
614 415 4.07997
60 416 4.03959
612 416 4.07997
613 416 4.07997
142 418 4.07997
142 419 4.03959
143 419 4.03959
138 420 4.07997
139 420 4.07997
140 420 4.07997
530 420 4.07997
531 420 4.07997
139 421 4.07997
140 421 4.07997
141 421 4.03959
142 421 4.03959
217 421 4.03959
218 421 4.03959
219 421 4.03959
112 423 4.03959
290 424 4.03959
235 426 4.1632
209 431 4.03959
189 433 4.03959
