6 3 19.3986
18 3 20.3666
19 3 20.3666
29 3 20.3666
30 3 21.4362
32 3 21.4362
33 3 21.4362
35 3 22.6244
42 3 21.4362
201 3 9.26784
207 3 9.26784
208 3 9.26784
377 3 23.9521
535 3 19.3986
536 3 19.3986
554 3 18.5185
558 3 17.7148
565 3 18.5185
566 3 18.5185
610 3 16.2999
611 3 16.2999
623 3 17.7148
18 4 20.3666
19 4 20.3666
28 4 21.4362
29 4 21.4362
41 4 21.4362
42 4 21.4362
46 4 21.4362
47 4 21.4362
201 4 9.26784
207 4 9.26784
208 4 9.26784
291 4 27.137
292 4 27.137
340 4 22.6244
558 4 17.7148
559 4 17.7148
565 4 18.5185
566 4 18.5185
18 5 20.3666
19 5 20.3666
40 5 21.4362
46 5 21.4362
201 5 9.26784
207 5 9.26784
208 5 9.26784
380 5 22.6244
572 5 18.5185
590 5 19.3986
610 5 16.9779
5 6 21.4362
18 6 20.3666
40 6 21.4362
46 6 21.4362
201 6 9.26784
207 6 9.26784
208 6 9.26784
302 6 31.2989
566 6 17.7148
567 6 18.5185
569 6 17.7148
570 6 18.5185
572 6 18.5185
608 6 17.7148
609 6 17.7148
618 6 16.2999
3 7 21.4362
21 7 21.4362
28 7 20.3666
29 7 20.3666
32 7 21.4362
35 7 21.4362
45 7 21.4362
46 7 21.4362
201 7 9.26784
207 7 9.26784
208 7 9.26784
562 7 17.7148
563 7 17.7148
569 7 17.7148
570 7 18.5185
21 8 21.4362
28 8 20.3666
29 8 20.3666
39 8 21.4362
40 8 21.4362
41 8 21.4362
45 8 21.4362
201 8 9.26784
203 8 9.26784
207 8 9.26784
208 8 9.26784
468 8 27.137
563 8 17.7148
564 8 17.7148
635 8 18.5185
28 9 20.3666
38 9 21.4362
39 9 21.4362
40 9 21.4362
44 9 21.4362
201 9 9.26784
207 9 9.26784
471 9 25.4453
564 9 17.7148
570 9 17.7148
571 9 18.5185
637 9 16.9779
24 10 21.4362
28 10 20.3666
38 10 20.3666
39 10 21.4362
44 10 21.4362
201 10 9.26784
203 10 9.26784
207 10 9.26784
208 10 9.26784
334 10 29.0698
542 10 17.7148
566 10 17.7148
567 10 17.7148
592 10 16.9779
603 10 16.9779
604 10 16.2999
610 10 18.5185
24 11 20.3666
26 11 20.3666
27 11 20.3666
28 11 20.3666
37 11 20.3666
38 11 20.3666
201 11 9.26784
207 11 9.26784
392 11 22.6244
393 11 22.6244
567 11 17.7148
568 11 17.7148
591 11 16.9779
592 11 16.9779
601 11 18.5185
605 11 16.2999
608 11 18.5185
609 11 18.5185
616 11 16.9779
24 12 20.3666
28 12 20.3666
36 12 20.3666
37 12 20.3666
124 12 31.2989
201 12 9.26784
207 12 9.26784
375 12 25.4453
376 12 25.4453
377 12 22.6244
378 12 22.6244
379 12 22.6244
380 12 22.6244
385 12 21.4362
386 12 21.4362
397 12 22.6244
568 12 17.7148
569 12 17.7148
611 12 17.7148
24 13 21.4362
36 13 20.3666
118 13 31.2989
127 13 31.2989
201 13 9.26784
207 13 9.26784
372 13 25.4453
374 13 25.4453
375 13 25.4453
376 13 25.4453
384 13 21.4362
385 13 21.4362
529 13 18.5185
555 13 57.971
568 13 17.7148
569 13 17.7148
570 13 17.7148
24 14 21.4362
25 14 21.4362
201 14 9.26784
207 14 9.26784
208 14 9.26784
371 14 22.6244
374 14 25.4453
383 14 22.6244
570 14 17.7148
571 14 17.7148
578 14 14.556
636 14 16.2999
637 14 16.2999
3 15 20.3666
24 15 21.4362
25 15 20.3666
27 15 20.3666
28 15 20.3666
37 15 20.3666
118 15 31.2989
127 15 31.2989
128 15 31.2989
201 15 9.26784
207 15 9.26784
369 15 22.6244
570 15 17.7148
571 15 17.7148
572 15 17.7148
612 15 18.5185
613 15 18.5185
635 15 16.2999
636 15 16.2999
3 16 20.3666
18 16 20.3666
27 16 20.3666
28 16 20.3666
29 16 20.3666
37 16 20.3666
127 16 31.2989
201 16 9.26784
207 16 9.26784
368 16 23.9521
369 16 22.6244
570 16 17.7148
571 16 17.7148
572 16 17.7148
637 16 16.2999
18 17 20.3666
19 17 20.3666
29 17 20.3666
36 17 20.3666
37 17 20.3666
127 17 31.2989
201 17 9.26784
207 17 9.26784
367 17 23.9521
542 17 16.9779
575 17 17.7148
576 17 17.7148
622 17 18.5185
623 17 18.5185
3 18 20.3666
4 18 20.3666
18 18 20.3666
20 18 20.3666
36 18 20.3666
37 18 20.3666
127 18 31.2989
201 18 9.26784
207 18 9.26784
416 18 23.9521
571 18 17.7148
572 18 17.7148
575 18 17.7148
3 19 20.3666
4 19 20.3666
18 19 20.3666
20 19 20.3666
30 19 20.3666
36 19 20.3666
127 19 31.2989
201 19 9.26784
207 19 9.26784
571 19 18.5185
572 19 18.5185
584 19 19.3986
585 19 19.3986
17 20 20.3666
18 20 21.4362
30 20 20.3666
36 20 20.3666
117 20 31.2989
122 20 31.2989
201 20 9.26784
207 20 9.26784
365 20 23.9521
381 20 31.2989
544 20 17.7148
555 20 134.228
556 20 134.228
571 20 18.5185
572 20 18.5185
579 20 15.674
585 20 19.3986
586 20 19.3986
627 20 16.9779
637 20 16.2999
3 21 19.3986
11 21 200
18 21 21.4362
36 21 20.3666
117 21 31.2989
122 21 31.2989
126 21 33.8983
127 21 33.8983
201 21 9.26784
207 21 9.26784
364 21 23.9521
365 21 23.9521
544 21 17.7148
545 21 17.7148
572 21 18.5185
586 21 19.3986
587 21 18.5185
618 21 17.7148
637 21 16.2999
18 22 20.3666
29 22 21.4362
36 22 20.3666
37 22 20.3666
117 22 31.2989
126 22 33.8983
201 22 9.26784
207 22 9.26784
364 22 23.9521
509 22 23.9521
513 22 20.3666
514 22 20.3666
545 22 17.7148
571 22 18.5185
572 22 18.5185
577 22 15.674
631 22 16.2999
636 22 16.2999
637 22 16.2999
21 23 20.3666
29 23 20.3666
30 23 20.3666
36 23 21.4362
37 23 21.4362
111 23 31.2989
116 23 33.8983
132 23 31.2989
201 23 9.26784
207 23 9.26784
379 23 29.0698
381 23 29.0698
508 23 23.9521
509 23 23.9521
3 24 21.4362
4 24 21.4362
17 24 21.4362
20 24 20.3666
21 24 20.3666
37 24 21.4362
116 24 33.8983
132 24 31.2989
133 24 31.2989
201 24 9.26784
203 24 9.26784
207 24 9.26784
346 24 29.0698
347 24 29.0698
378 24 31.2989
572 24 18.5185
624 24 16.9779
4 25 21.4362
20 25 20.3666
37 25 21.4362
42 25 21.4362
132 25 31.2989
201 25 9.26784
207 25 9.26784
346 25 29.0698
483 25 18.5185
571 25 18.5185
572 25 18.5185
617 25 17.7148
4 26 21.4362
14 26 21.4362
15 26 20.3666
37 26 21.4362
132 26 31.2989
201 26 9.26784
207 26 9.26784
483 26 18.5185
571 26 18.5185
572 26 18.5185
576 26 17.7148
621 26 17.7148
14 27 21.4362
15 27 21.4362
25 27 20.3666
31 27 21.4362
39 27 21.4362
46 27 20.3666
131 27 31.2989
132 27 31.2989
201 27 9.26784
207 27 9.06207
554 27 17.7148
555 27 17.7148
572 27 18.5185
576 27 17.7148
620 27 17.7148
621 27 17.7148
26 28 20.3666
38 28 21.4362
45 28 20.3666
46 28 20.3666
112 28 31.2989
122 28 31.2989
131 28 31.2989
201 28 9.26784
207 28 9.06207
541 28 17.7148
576 28 17.7148
24 29 20.3666
25 29 20.3666
26 29 20.3666
36 29 21.4362
37 29 21.4362
45 29 20.3666
122 29 31.2989
201 29 9.26784
207 29 9.06207
576 29 17.7148
577 29 17.7148
24 30 20.3666
36 30 21.4362
40 30 21.4362
44 30 20.3666
46 30 21.4362
47 30 21.4362
122 30 31.2989
128 30 33.8983
200 30 9.26784
207 30 9.06207
332 30 29.0698
333 30 29.0698
543 30 17.7148
571 30 18.5185
572 30 18.5185
576 30 17.7148
3 31 21.4362
35 31 21.4362
39 31 21.4362
45 31 21.4362
127 31 33.8983
136 31 31.2989
200 31 9.26784
207 31 9.06207
331 31 29.0698
332 31 29.0698
543 31 17.7148
571 31 18.5185
3 32 21.4362
4 32 21.4362
32 32 20.3666
35 32 20.3666
39 32 21.4362
45 32 21.4362
126 32 33.8983
136 32 31.2989
207 32 9.06207
316 32 27.137
330 32 29.0698
592 32 19.3986
593 32 19.3986
616 32 19.3986
617 32 19.3986
4 33 21.4362
31 33 20.3666
32 33 20.3666
35 33 20.3666
38 33 21.4362
44 33 21.4362
45 33 21.4362
136 33 31.2989
207 33 9.06207
288 33 27.137
297 33 27.137
298 33 27.137
310 33 27.137
328 33 31.2989
329 33 31.2989
593 33 19.3986
633 33 18.5185
25 34 20.3666
31 34 20.3666
35 34 20.3666
44 34 21.4362
127 34 33.8983
136 34 31.2989
207 34 9.06207
327 34 31.2989
576 34 17.7148
18 35 20.3666
19 35 19.3986
20 35 19.3986
25 35 21.4362
26 35 21.4362
44 35 21.4362
113 35 31.2989
127 35 33.8983
200 35 9.26784
207 35 9.06207
527 35 16.2999
571 35 18.5185
576 35 17.7148
583 35 16.9779
26 36 21.4362
43 36 21.4362
44 36 21.4362
135 36 33.8983
136 36 33.8983
200 36 9.26784
207 36 9.06207
325 36 31.2989
559 36 18.5185
560 36 18.5185
571 36 18.5185
576 36 17.7148
16 37 20.3666
26 37 21.4362
27 37 21.4362
43 37 21.4362
44 37 21.4362
117 37 31.2989
134 37 33.8983
135 37 33.8983
200 37 9.26784
207 37 9.06207
324 37 29.0698
570 37 18.5185
571 37 18.5185
576 37 17.7148
28 38 21.4362
29 38 21.4362
43 38 21.4362
44 38 21.4362
128 38 31.2989
134 38 33.8983
135 38 33.8983
200 38 9.26784
207 38 9.06207
323 38 29.0698
369 38 22.6244
570 38 18.5185
571 38 18.5185
576 38 17.7148
595 38 19.3986
28 39 21.4362
29 39 22.6244
42 39 21.4362
43 39 21.4362
123 39 31.2989
133 39 33.8983
134 39 33.8983
200 39 9.26784
207 39 9.06207
557 39 19.3986
558 39 19.3986
559 39 18.5185
561 39 18.5185
576 39 17.7148
592 39 18.5185
593 39 18.5185
33 40 21.4362
42 40 21.4362
116 40 31.2989
123 40 31.2989
133 40 31.2989
200 40 9.26784
207 40 9.06207
560 40 18.5185
561 40 18.5185
562 40 18.5185
575 40 17.7148
576 40 17.7148
12 41 20.3666
13 41 20.3666
14 41 20.3666
31 41 22.6244
32 41 21.4362
38 41 21.4362
39 41 21.4362
41 41 21.4362
42 41 21.4362
133 41 31.2989
200 41 9.26784
207 41 9.06207
371 41 22.6244
372 41 22.6244
373 41 22.6244
538 41 16.9779
539 41 16.9779
561 41 18.5185
562 41 18.5185
11 42 20.3666
13 42 20.3666
14 42 20.3666
37 42 21.4362
38 42 21.4362
41 42 21.4362
133 42 31.2989
200 42 9.26784
207 42 9.06207
362 42 20.3666
363 42 20.3666
539 42 16.9779
562 42 18.5185
563 42 18.5185
569 42 18.5185
27 43 20.3666
37 43 21.4362
38 43 21.4362
111 43 31.2989
200 43 9.26784
207 43 9.06207
534 43 19.3986
535 43 19.3986
568 43 18.5185
569 43 18.5185
570 43 18.5185
11 44 20.3666
12 44 20.3666
15 44 20.3666
16 44 20.3666
23 44 21.4362
27 44 20.3666
28 44 20.3666
37 44 21.4362
38 44 21.4362
133 44 33.8983
200 44 9.26784
207 44 9.06207
384 44 31.2989
535 44 19.3986
569 44 18.5185
570 44 18.5185
575 44 17.7148
11 45 20.3666
12 45 20.3666
16 45 20.3666
23 45 21.4362
29 45 20.3666
36 45 21.4362
37 45 21.4362
38 45 21.4362
128 45 33.8983
200 45 9.26784
206 45 9.06207
207 45 9.06207
366 45 22.6244
539 45 19.3986
544 45 16.9779
545 45 16.9779
547 45 16.9779
569 45 18.5185
570 45 18.5185
571 45 18.5185
575 45 17.7148
587 45 19.3986
11 46 20.3666
12 46 20.3666
23 46 20.3666
36 46 21.4362
37 46 21.4362
137 46 31.2989
200 46 9.26784
206 46 9.06207
207 46 9.06207
362 46 33.8983
569 46 18.5185
570 46 18.5185
575 46 17.7148
634 46 16.9779
635 46 16.9779
22 47 21.4362
33 47 29.0698
36 47 21.4362
130 47 33.8983
200 47 9.26784
207 47 9.06207
361 47 33.8983
575 47 17.7148
22 48 20.3666
36 48 21.4362
40 48 21.4362
111 48 31.2989
122 48 31.2989
200 48 9.26784
207 48 9.06207
294 48 29.0698
375 48 23.9521
472 48 27.137
473 48 27.137
567 48 18.5185
568 48 18.5185
575 48 17.7148
40 49 21.4362
126 49 31.2989
200 49 9.26784
206 49 9.06207
207 49 9.06207
292 49 29.0698
293 49 29.0698
374 49 23.9521
375 49 23.9521
471 49 27.137
472 49 27.137
569 49 17.7148
570 49 17.7148
575 49 17.7148
609 49 15.674
610 49 17.7148
613 49 17.7148
126 50 31.2989
200 50 9.26784
206 50 9.06207
207 50 9.06207
373 50 23.9521
374 50 23.9521
569 50 17.7148
570 50 17.7148
571 50 17.7148
575 50 17.7148
600 50 17.7148
601 50 17.7148
21 51 20.3666
23 51 20.3666
41 51 21.4362
42 51 21.4362
125 51 31.2989
143 51 29.0698
200 51 9.26784
206 51 9.26784
207 51 9.26784
373 51 23.9521
564 51 16.9779
569 51 17.7148
570 51 17.7148
575 51 17.7148
590 51 16.9779
591 51 16.9779
611 51 15.674
612 51 17.7148
621 51 16.2999
21 52 20.3666
37 52 20.3666
41 52 21.4362
42 52 21.4362
200 52 9.26784
206 52 9.26784
207 52 9.26784
529 52 17.7148
563 52 17.7148
564 52 16.9779
565 52 16.9779
566 52 16.9779
575 52 17.7148
595 52 16.2999
596 52 16.2999
618 52 17.7148
619 52 16.9779
620 52 16.9779
621 52 16.2999
622 52 16.2999
33 53 20.3666
37 53 20.3666
38 53 20.3666
41 53 21.4362
113 53 31.2989
124 53 31.2989
125 53 31.2989
200 53 9.26784
206 53 9.26784
207 53 9.26784
566 53 16.9779
567 53 16.9779
575 53 17.7148
576 53 17.7148
596 53 16.2999
633 53 18.5185
634 53 18.5185
22 54 20.3666
23 54 20.3666
25 54 20.3666
31 54 20.3666
32 54 20.3666
37 54 21.4362
38 54 21.4362
42 54 21.4362
124 54 31.2989
134 54 31.2989
141 54 31.2989
200 54 9.26784
206 54 9.26784
207 54 9.26784
465 54 29.0698
566 54 16.9779
624 54 17.7148
628 54 17.7148
21 55 20.3666
22 55 20.3666
23 55 20.3666
37 55 21.4362
38 55 21.4362
42 55 21.4362
124 55 31.2989
134 55 31.2989
141 55 31.2989
145 55 33.8983
200 55 9.26784
206 55 9.26784
207 55 9.26784
356 55 29.0698
464 55 29.0698
12 56 19.3986
22 56 20.3666
23 56 20.3666
31 56 20.3666
37 56 21.4362
42 56 21.4362
129 56 33.8983
141 56 31.2989
200 56 9.26784
206 56 9.26784
207 56 9.26784
356 56 29.0698
570 56 16.9779
576 56 17.7148
626 56 17.7148
627 56 17.7148
629 56 16.9779
30 57 20.3666
31 57 20.3666
42 57 21.4362
112 57 31.2989
126 57 31.2989
133 57 31.2989
134 57 31.2989
140 57 31.2989
141 57 31.2989
144 57 33.8983
200 57 9.26784
206 57 9.26784
207 57 9.26784
570 57 16.9779
18 58 16.2999
29 58 20.3666
30 58 20.3666
42 58 21.4362
112 58 31.2989
133 58 31.2989
140 58 31.2989
200 58 9.26784
206 58 9.26784
207 58 9.26784
355 58 40.6504
570 58 16.9779
571 58 16.9779
618 58 18.5185
619 58 18.5185
630 58 16.9779
635 58 18.5185
637 58 18.5185
21 59 20.3666
24 59 20.3666
28 59 20.3666
29 59 20.3666
34 59 20.3666
41 59 21.4362
42 59 21.4362
112 59 31.2989
140 59 31.2989
200 59 9.26784
206 59 9.26784
207 59 9.26784
491 59 17.7148
570 59 16.9779
571 59 16.9779
618 59 18.5185
628 59 17.7148
629 59 17.7148
630 59 16.9779
631 59 16.9779
632 59 16.9779
12 60 21.4362
13 60 21.4362
24 60 20.3666
27 60 20.3666
28 60 21.4362
37 60 21.4362
41 60 21.4362
42 60 21.4362
125 60 31.2989
126 60 31.2989
144 60 31.2989
200 60 9.26784
206 60 9.26784
207 60 9.26784
510 60 18.5185
580 60 18.5185
583 60 16.2999
600 60 16.9779
632 60 16.9779
13 61 21.4362
14 61 21.4362
27 61 21.4362
37 61 20.3666
40 61 21.4362
125 61 31.2989
143 61 31.2989
144 61 31.2989
200 61 9.26784
206 61 9.26784
207 61 9.26784
579 61 18.5185
592 61 16.9779
598 61 17.7148
599 61 17.7148
600 61 16.9779
602 61 16.9779
634 61 16.9779
635 61 16.9779
22 62 20.3666
27 62 21.4362
32 62 21.4362
40 62 21.4362
126 62 31.2989
143 62 31.2989
144 62 31.2989
200 62 9.26784
206 62 9.26784
207 62 9.26784
457 62 29.0698
569 62 19.3986
570 62 19.3986
571 62 18.5185
602 62 16.9779
633 62 16.9779
22 63 20.3666
23 63 20.3666
31 63 21.4362
32 63 21.4362
35 63 20.3666
40 63 20.3666
126 63 31.2989
129 63 33.8983
200 63 9.26784
206 63 9.26784
207 63 9.26784
568 63 19.3986
569 63 19.3986
570 63 19.3986
575 63 18.5185
593 63 16.9779
614 63 18.5185
22 64 20.3666
24 64 20.3666
30 64 21.4362
31 64 21.4362
35 64 20.3666
39 64 20.3666
40 64 20.3666
126 64 31.2989
144 64 31.2989
200 64 9.26784
202 64 9.26784
206 64 9.26784
207 64 9.26784
575 64 18.5185
22 65 20.3666
34 65 20.3666
35 65 20.3666
39 65 20.3666
40 65 20.3666
117 65 33.8983
144 65 31.2989
200 65 9.26784
206 65 9.26784
207 65 9.26784
452 65 27.137
34 66 20.3666
39 66 20.3666
86 66 57.971
117 66 33.8983
144 66 31.2989
200 66 9.26784
206 66 9.26784
207 66 9.26784
396 66 31.2989
397 66 31.2989
618 66 17.7148
20 67 19.3986
21 67 20.3666
24 67 20.3666
34 67 20.3666
39 67 20.3666
91 67 57.971
116 67 33.8983
117 67 33.8983
144 67 31.2989
200 67 9.26784
206 67 9.26784
207 67 9.26784
382 67 33.8983
570 67 18.5185
571 67 18.5185
587 67 18.5185
588 67 18.5185
18 68 19.3986
20 68 19.3986
21 68 20.3666
28 68 20.3666
39 68 20.3666
143 68 31.2989
144 68 31.2989
148 68 33.8983
200 68 9.26784
206 68 9.26784
207 68 9.26784
332 68 29.0698
382 68 33.8983
448 68 27.137
570 68 18.5185
571 68 18.5185
587 68 18.5185
18 69 19.3986
29 69 20.3666
38 69 20.3666
39 69 20.3666
88 69 67.5676
118 69 33.8983
143 69 31.2989
200 69 9.26784
206 69 9.26784
207 69 9.26784
332 69 29.0698
570 69 18.5185
571 69 18.5185
594 69 16.9779
595 69 16.9779
596 69 16.9779
618 69 18.5185
13 70 19.3986
14 70 19.3986
22 70 20.3666
34 70 21.4362
38 70 20.3666
85 70 67.5676
88 70 67.5676
118 70 31.2989
128 70 31.2989
129 70 31.2989
143 70 31.2989
147 70 31.2989
200 70 9.26784
206 70 9.26784
207 70 9.26784
362 70 31.2989
570 70 18.5185
571 70 18.5185
596 70 16.9779
13 71 19.3986
14 71 19.3986
19 71 20.3666
37 71 21.4362
38 71 21.4362
93 71 50.7614
128 71 31.2989
147 71 31.2989
206 71 9.26784
207 71 9.26784
596 71 16.9779
13 72 19.3986
14 72 19.3986
18 72 20.3666
25 72 21.4362
28 72 20.3666
32 72 21.4362
36 72 21.4362
37 72 21.4362
38 72 21.4362
79 72 67.5676
119 72 31.2989
128 72 31.2989
133 72 33.8983
145 72 31.2989
146 72 31.2989
200 72 9.26784
206 72 9.26784
207 72 9.26784
333 72 27.137
570 72 18.5185
571 72 18.5185
14 73 19.3986
18 73 20.3666
36 73 21.4362
37 73 21.4362
89 73 57.971
119 73 31.2989
145 73 31.2989
206 73 9.26784
207 73 9.26784
569 73 18.5185
570 73 18.5185
24 74 21.4362
30 74 20.3666
36 74 21.4362
89 74 57.971
144 74 31.2989
145 74 31.2989
206 74 9.26784
207 74 9.26784
391 74 31.2989
441 74 29.0698
574 74 18.5185
24 75 21.4362
38 75 21.4362
39 75 20.3666
93 75 57.971
117 75 31.2989
144 75 31.2989
145 75 31.2989
206 75 9.26784
207 75 9.26784
522 75 19.3986
570 75 18.5185
601 75 17.7148
602 75 17.7148
603 75 16.9779
604 75 16.9779
21 76 21.4362
29 76 20.3666
38 76 20.3666
39 76 20.3666
44 76 200
90 76 57.971
93 76 57.971
117 76 33.8983
128 76 31.2989
145 76 31.2989
200 76 9.26784
206 76 9.26784
207 76 9.26784
542 76 16.2999
574 76 18.5185
603 76 16.9779
604 76 16.9779
11 77 19.3986
19 77 21.4362
24 77 21.4362
28 77 20.3666
29 77 20.3666
35 77 20.3666
38 77 20.3666
145 77 31.2989
200 77 9.26784
206 77 9.26784
207 77 9.26784
389 77 31.2989
544 77 16.2999
574 77 18.5185
605 77 16.9779
11 78 19.3986
12 78 19.3986
15 78 19.3986
28 78 20.3666
38 78 21.4362
118 78 33.8983
145 78 31.2989
206 78 9.26784
207 78 9.26784
559 78 17.7148
560 78 17.7148
561 78 17.7148
575 78 18.5185
28 79 20.3666
29 79 20.3666
37 79 20.3666
40 79 21.4362
44 79 21.4362
75 79 57.971
92 79 57.971
93 79 57.971
141 79 31.2989
145 79 31.2989
206 79 9.26784
207 79 9.26784
559 79 17.7148
560 79 17.7148
569 79 17.7148
575 79 17.7148
20 80 20.3666
29 80 20.3666
37 80 21.4362
40 80 21.4362
44 80 21.4362
76 80 57.971
91 80 57.971
92 80 57.971
126 80 31.2989
206 80 9.26784
207 80 9.26784
570 80 17.7148
584 80 17.7148
606 80 17.7148
607 80 17.7148
20 81 20.3666
27 81 20.3666
38 81 21.4362
39 81 21.4362
76 81 57.971
91 81 57.971
92 81 57.971
116 81 31.2989
124 81 31.2989
144 81 31.2989
206 81 9.26784
207 81 9.26784
569 81 17.7148
570 81 17.7148
27 82 20.3666
32 82 21.4362
38 82 21.4362
43 82 21.4362
76 82 57.971
82 82 57.971
90 82 57.971
91 82 57.971
116 82 31.2989
144 82 31.2989
154 82 45.1467
206 82 9.26784
207 82 9.26784
328 82 36.9686
569 82 17.7148
570 82 17.7148
11 83 20.3666
25 83 20.3666
31 83 21.4362
32 83 21.4362
38 83 21.4362
43 83 21.4362
72 83 57.971
89 83 57.971
116 83 31.2989
124 83 31.2989
144 83 31.2989
154 83 45.1467
206 83 9.26784
207 83 9.26784
542 83 18.5185
543 83 18.5185
556 83 17.7148
557 83 17.7148
587 83 17.7148
588 83 17.7148
590 83 16.9779
25 84 20.3666
35 84 20.3666
38 84 21.4362
45 84 21.4362
72 84 57.971
89 84 57.971
116 84 31.2989
124 84 33.8983
144 84 31.2989
154 84 45.1467
206 84 9.26784
207 84 9.26784
574 84 17.7148
575 84 17.7148
588 84 17.7148
16 85 18.5185
17 85 18.5185
24 85 20.3666
25 85 20.3666
35 85 20.3666
45 85 21.4362
76 85 57.971
84 85 57.971
88 85 57.971
89 85 57.971
116 85 31.2989
135 85 31.2989
144 85 31.2989
154 85 45.1467
206 85 9.26784
207 85 9.26784
385 85 31.2989
575 85 17.7148
587 85 17.7148
591 85 16.2999
15 86 18.5185
24 86 20.3666
25 86 20.3666
34 86 20.3666
35 86 20.3666
42 86 21.4362
45 86 21.4362
76 86 57.971
84 86 57.971
88 86 57.971
102 86 57.971
103 86 57.971
116 86 31.2989
144 86 31.2989
145 86 31.2989
154 86 45.1467
206 86 9.26784
207 86 9.26784
384 86 31.2989
550 86 18.5185
601 86 15.674
14 87 18.5185
17 87 18.5185
21 87 20.3666
35 87 21.4362
83 87 57.971
116 87 31.2989
144 87 31.2989
145 87 31.2989
154 87 45.1467
206 87 9.26784
207 87 9.26784
552 87 18.5185
21 88 21.4362
28 88 20.3666
35 88 21.4362
39 88 21.4362
48 88 50.7614
88 88 57.971
89 88 57.971
99 88 57.971
100 88 57.971
117 88 31.2989
144 88 31.2989
145 88 31.2989
154 88 45.1467
206 88 9.26784
207 88 9.26784
563 88 18.5185
564 88 18.5185
565 88 19.3986
590 88 17.7148
591 88 17.7148
592 88 17.7148
9 89 20.3666
21 89 21.4362
34 89 21.4362
88 89 57.971
99 89 57.971
117 89 31.2989
144 89 31.2989
145 89 31.2989
154 89 45.1467
206 89 9.26784
421 89 45.1467
554 89 18.5185
555 89 18.5185
568 89 18.5185
569 89 18.5185
574 89 17.7148
575 89 17.7148
9 90 20.3666
10 90 20.3666
12 90 20.3666
21 90 21.4362
22 90 21.4362
25 90 22.6244
26 90 20.3666
46 90 22.6244
97 90 57.971
125 90 31.2989
130 90 31.2989
144 90 31.2989
151 90 31.2989
154 90 45.1467
199 90 9.26784
206 90 9.26784
207 90 9.26784
382 90 31.2989
553 90 18.5185
554 90 18.5185
567 90 18.5185
568 90 18.5185
569 90 18.5185
575 90 18.5185
592 90 17.7148
593 90 17.7148
9 91 20.3666
10 91 20.3666
17 91 19.3986
46 91 22.6244
76 91 67.5676
89 91 57.971
118 91 33.8983
130 91 31.2989
143 91 31.2989
144 91 31.2989
154 91 45.1467
206 91 9.26784
10 92 20.3666
51 92 57.971
76 92 67.5676
93 92 57.971
129 92 31.2989
143 92 31.2989
144 92 31.2989
154 92 45.1467
199 92 9.48317
206 92 9.26784
207 92 9.26784
569 92 18.5185
574 92 18.5185
10 93 20.3666
46 93 22.6244
68 93 57.971
75 93 67.5676
93 93 57.971
129 93 31.2989
138 93 31.2989
144 93 31.2989
154 93 45.1467
199 93 9.48317
206 93 9.26784
207 93 9.26784
568 93 18.5185
569 93 18.5185
570 93 18.5185
574 93 18.5185
575 93 18.5185
581 93 16.9779
13 94 22.6244
46 94 22.6244
58 94 22.6244
92 94 57.971
93 94 57.971
119 94 33.8983
129 94 31.2989
144 94 31.2989
145 94 31.2989
154 94 45.1467
199 94 9.48317
206 94 9.26784
490 94 20.3666
550 94 19.3986
574 94 18.5185
575 94 18.5185
3 95 134.228
46 95 22.6244
58 95 22.6244
92 95 57.971
93 95 57.971
103 95 67.5676
118 95 33.8983
145 95 31.2989
149 95 36.9686
199 95 9.48317
206 95 9.26784
207 95 9.26784
570 95 18.5185
574 95 18.5185
575 95 18.5185
57 96 22.6244
58 96 22.6244
59 96 22.6244
92 96 57.971
93 96 57.971
154 96 45.1467
199 96 9.48317
206 96 9.26784
207 96 9.26784
311 96 31.2989
569 96 18.5185
570 96 18.5185
598 96 16.9779
45 97 21.4362
57 97 22.6244
58 97 22.6244
59 97 22.6244
88 97 57.971
92 97 57.971
93 97 57.971
101 97 67.5676
130 97 31.2989
144 97 33.8983
154 97 45.1467
199 97 9.48317
206 97 9.26784
207 97 9.26784
417 97 27.137
587 97 16.2999
45 98 21.4362
46 98 21.4362
51 98 25.4453
52 98 25.4453
53 98 25.4453
54 98 25.4453
92 98 57.971
121 98 33.8983
130 98 31.2989
149 98 31.2989
199 98 9.48317
206 98 9.26784
207 98 9.26784
18 99 20.3666
43 99 21.4362
50 99 23.9521
80 99 67.5676
121 99 33.8983
149 99 31.2989
199 99 9.48317
206 99 9.26784
207 99 9.26784
600 99 16.9779
66 100 57.971
75 100 67.5676
95 100 57.971
149 100 31.2989
154 100 45.1467
206 100 9.26784
304 100 33.8983
500 100 16.9779
575 100 18.5185
45 101 21.4362
57 101 50.7614
67 101 57.971
75 101 67.5676
76 101 67.5676
95 101 57.971
127 101 33.8983
133 101 31.2989
150 101 31.2989
199 101 9.26784
206 101 9.26784
207 101 9.26784
500 101 16.9779
508 101 19.3986
575 101 18.5185
45 102 21.4362
76 102 67.5676
95 102 57.971
133 102 31.2989
153 102 45.1467
199 102 9.26784
206 102 9.26784
207 102 9.26784
411 102 33.8983
575 102 18.5185
590 102 17.7148
6 103 19.3986
45 103 21.4362
75 103 67.5676
76 103 67.5676
94 103 57.971
104 103 57.971
153 103 45.1467
199 103 9.26784
206 103 9.26784
410 103 33.8983
575 103 18.5185
576 103 18.5185
18 104 20.3666
45 104 22.6244
57 104 57.971
94 104 57.971
104 104 57.971
137 104 31.2989
154 104 45.1467
199 104 9.26784
206 104 9.26784
207 104 9.26784
293 104 27.137
315 104 33.8983
316 104 33.8983
374 104 36.9686
562 104 33.8983
569 104 18.5185
570 104 18.5185
571 104 18.5185
575 104 17.7148
576 104 17.7148
18 105 20.3666
26 105 20.3666
33 105 22.6244
45 105 22.6244
57 105 57.971
71 105 57.971
92 105 57.971
93 105 57.971
104 105 57.971
153 105 45.1467
199 105 9.26784
206 105 9.26784
207 105 9.26784
576 105 17.7148
27 106 20.3666
45 106 22.6244
57 106 57.971
72 106 57.971
92 106 57.971
93 106 57.971
104 106 57.971
137 106 31.2989
153 106 45.1467
199 106 9.26784
206 106 9.26784
207 106 9.26784
576 106 17.7148
15 107 20.3666
16 107 20.3666
20 107 20.3666
24 107 20.3666
45 107 22.6244
92 107 57.971
99 107 67.5676
104 107 57.971
145 107 31.2989
153 107 45.1467
199 107 9.26784
206 107 9.26784
498 107 20.3666
499 107 20.3666
15 108 20.3666
32 108 21.4362
45 108 22.6244
58 108 57.971
92 108 57.971
103 108 67.5676
104 108 67.5676
121 108 31.2989
145 108 31.2989
153 108 45.1467
199 108 9.26784
206 108 9.26784
326 108 31.2989
14 109 20.3666
45 109 22.6244
59 109 57.971
92 109 57.971
95 109 57.971
135 109 31.2989
148 109 50.7614
153 109 40.6504
199 109 9.26784
200 109 9.26784
206 109 9.26784
373 109 27.137
403 109 29.0698
14 110 20.3666
45 110 22.6244
66 110 57.971
77 110 67.5676
103 110 57.971
132 110 31.2989
206 110 9.26784
207 110 9.26784
610 110 16.9779
12 111 20.3666
45 111 22.6244
65 111 57.971
91 111 57.971
103 111 67.5676
132 111 31.2989
133 111 31.2989
153 111 33.8983
155 111 33.8983
199 111 9.26784
206 111 9.26784
207 111 9.26784
12 112 20.3666
45 112 22.6244
65 112 57.971
66 112 57.971
77 112 57.971
91 112 57.971
102 112 67.5676
132 112 31.2989
133 112 31.2989
151 112 40.6504
155 112 33.8983
199 112 9.26784
206 112 9.26784
12 113 20.3666
45 113 21.4362
61 113 50.7614
66 113 57.971
75 113 57.971
91 113 57.971
101 113 67.5676
102 113 67.5676
155 113 33.8983
199 113 9.26784
206 113 9.26784
207 113 9.26784
10 114 20.3666
11 114 20.3666
12 114 20.3666
25 114 20.3666
45 114 21.4362
66 114 57.971
67 114 57.971
101 114 67.5676
148 114 31.2989
153 114 33.8983
199 114 9.26784
206 114 9.26784
9 115 19.3986
45 115 21.4362
52 115 57.971
53 115 57.971
66 115 57.971
67 115 57.971
154 115 33.8983
206 115 9.26784
8 116 19.3986
41 116 21.4362
45 116 21.4362
67 116 57.971
68 116 57.971
154 116 36.9686
199 116 11.6482
206 116 9.26784
8 117 19.3986
41 117 21.4362
45 117 21.4362
57 117 57.971
68 117 57.971
69 117 57.971
75 117 67.5676
153 117 36.9686
154 117 36.9686
200 117 11.6482
206 117 9.26784
394 117 31.2989
8 118 20.3666
45 118 21.4362
57 118 57.971
69 118 57.971
137 118 31.2989
153 118 36.9686
154 118 36.9686
200 118 11.6482
206 118 9.26784
7 119 20.3666
8 119 20.3666
20 119 20.3666
45 119 21.4362
57 119 57.971
70 119 57.971
153 119 40.6504
154 119 40.6504
206 119 9.26784
7 120 20.3666
20 120 20.3666
24 120 20.3666
45 120 21.4362
79 120 57.971
153 120 40.6504
200 120 11.6482
206 120 9.26784
7 121 20.3666
8 121 20.3666
56 121 50.7614
61 121 40.6504
64 121 57.971
78 121 57.971
79 121 57.971
153 121 40.6504
206 121 9.26784
391 121 29.0698
55 122 50.7614
56 122 50.7614
64 122 57.971
129 122 31.2989
153 122 40.6504
206 122 9.26784
390 122 29.0698
11 123 20.3666
12 123 20.3666
35 123 22.6244
56 123 50.7614
150 123 31.2989
153 123 45.1467
198 123 9.48317
206 123 9.26784
7 124 20.3666
35 124 22.6244
44 124 21.4362
45 124 21.4362
132 124 31.2989
150 124 31.2989
153 124 45.1467
206 124 9.26784
6 125 20.3666
7 125 20.3666
8 125 20.3666
34 125 22.6244
35 125 22.6244
44 125 21.4362
45 125 21.4362
132 125 31.2989
206 125 9.26784
6 126 20.3666
11 126 29.0698
34 126 22.6244
35 126 22.6244
44 126 21.4362
132 126 31.2989
147 126 31.2989
148 126 31.2989
153 126 50.7614
206 126 9.26784
5 127 20.3666
34 127 22.6244
44 127 22.6244
133 127 31.2989
148 127 31.2989
153 127 50.7614
198 127 9.48317
206 127 9.06207
4 128 20.3666
5 128 20.3666
34 128 22.6244
44 128 22.6244
61 128 50.7614
97 128 57.971
148 128 31.2989
153 128 50.7614
198 128 9.48317
206 128 9.06207
5 129 20.3666
34 129 22.6244
44 129 22.6244
148 129 31.2989
153 129 45.1467
198 129 9.48317
200 129 9.48317
206 129 9.06207
5 130 20.3666
6 130 20.3666
34 130 22.6244
44 130 22.6244
148 130 31.2989
198 130 9.48317
206 130 9.06207
5 131 20.3666
7 131 20.3666
28 131 21.4362
34 131 22.6244
44 131 22.6244
46 131 22.6244
65 131 57.971
198 131 9.48317
206 131 9.06207
211 131 40.6504
4 132 20.3666
5 132 20.3666
28 132 21.4362
198 132 9.48317
206 132 9.06207
5 133 20.3666
28 133 21.4362
34 133 22.6244
68 133 50.7614
146 133 31.2989
198 133 9.48317
206 133 9.06207
4 134 20.3666
5 134 20.3666
34 134 22.6244
198 134 9.48317
206 134 9.06207
4 135 20.3666
28 135 22.6244
34 135 22.6244
198 135 9.48317
206 135 9.06207
370 135 29.0698
3 136 20.3666
4 136 20.3666
28 136 22.6244
34 136 22.6244
41 136 21.4362
42 136 21.4362
198 136 9.48317
206 136 9.06207
3 137 20.3666
4 137 20.3666
11 137 31.2989
34 137 22.6244
37 137 22.6244
41 137 21.4362
46 137 22.6244
198 137 9.48317
206 137 9.06207
215 137 40.6504
3 138 19.3986
4 138 19.3986
28 138 22.6244
34 138 22.6244
41 138 21.4362
46 138 22.6244
151 138 31.2989
198 138 9.48317
206 138 9.06207
215 138 40.6504
3 139 20.3666
34 139 22.6244
41 139 21.4362
46 139 22.6244
159 139 57.971
198 139 9.48317
206 139 9.06207
215 139 40.6504
15 140 22.6244
34 140 22.6244
41 140 21.4362
46 140 22.6244
198 140 9.48317
206 140 9.06207
15 141 22.6244
34 141 22.6244
41 141 21.4362
46 141 22.6244
198 141 9.48317
206 141 9.06207
34 142 22.6244
41 142 21.4362
46 142 22.6244
198 142 9.48317
206 142 9.06207
371 142 31.2989
372 142 31.2989
34 143 22.6244
41 143 21.4362
46 143 22.6244
198 143 9.48317
206 143 9.06207
13 144 22.6244
34 144 22.6244
41 144 22.6244
46 144 22.6244
158 144 57.971
198 144 9.48317
206 144 9.06207
5 145 33.8983
13 145 22.6244
28 145 22.6244
41 145 22.6244
46 145 22.6244
198 145 9.48317
206 145 9.06207
13 146 22.6244
41 146 22.6244
46 146 22.6244
206 146 9.06207
13 147 22.6244
28 147 22.6244
33 147 22.6244
34 147 22.6244
40 147 22.6244
41 147 22.6244
46 147 22.6244
206 147 9.06207
34 148 22.6244
41 148 22.6244
46 148 22.6244
14 149 22.6244
41 149 22.6244
45 149 22.6244
46 149 22.6244
193 149 45.1467
14 150 22.6244
40 150 22.6244
41 150 22.6244
45 150 22.6244
46 150 22.6244
206 150 9.06207
207 150 9.06207
219 150 40.6504
14 151 22.6244
41 151 22.6244
45 151 22.6244
46 151 22.6244
207 151 9.06207
219 151 40.6504
14 152 22.6244
41 152 22.6244
45 152 22.6244
46 152 22.6244
206 152 9.26784
219 152 40.6504
41 153 22.6244
45 153 22.6244
46 153 22.6244
163 153 67.5676
206 153 9.26784
28 154 22.6244
33 154 21.4362
34 154 22.6244
41 154 22.6244
45 154 22.6244
46 154 22.6244
141 154 31.2989
206 154 9.26784
27 155 22.6244
28 155 22.6244
33 155 21.4362
34 155 21.4362
40 155 22.6244
41 155 22.6244
45 155 22.6244
46 155 22.6244
141 155 31.2989
206 155 9.26784
9 156 22.6244
27 156 22.6244
28 156 22.6244
33 156 21.4362
36 156 22.6244
40 156 22.6244
45 156 22.6244
46 156 22.6244
206 156 9.26784
9 157 22.6244
33 157 21.4362
40 157 22.6244
45 157 22.6244
46 157 22.6244
206 157 9.26784
221 157 40.6504
9 158 22.6244
14 158 22.6244
33 158 21.4362
40 158 21.4362
45 158 22.6244
149 158 40.6504
206 158 9.06207
220 158 40.6504
14 159 22.6244
33 159 21.4362
40 159 21.4362
45 159 22.6244
206 159 9.06207
220 159 40.6504
14 160 22.6244
33 160 21.4362
40 160 21.4362
45 160 22.6244
206 160 9.06207
219 160 40.6504
14 161 22.6244
33 161 21.4362
40 161 21.4362
45 161 22.6244
138 161 45.1467
149 161 45.1467
206 161 9.06207
8 162 20.3666
14 162 22.6244
40 162 21.4362
45 162 22.6244
149 162 45.1467
325 162 101.01
8 163 20.3666
40 163 21.4362
45 163 22.6244
147 163 45.1467
149 163 45.1467
206 163 9.06207
252 163 80.9717
7 164 20.3666
8 164 20.3666
27 164 21.4362
28 164 21.4362
33 164 22.6244
36 164 22.6244
40 164 22.6244
45 164 22.6244
147 164 57.971
206 164 9.06207
217 164 36.9686
6 165 19.3986
7 165 20.3666
27 165 21.4362
28 165 21.4362
33 165 22.6244
36 165 22.6244
40 165 22.6244
45 165 22.6244
206 165 9.06207
252 165 80.9717
325 165 101.01
6 166 19.3986
9 166 22.6244
27 166 21.4362
33 166 22.6244
40 166 22.6244
45 166 22.6244
140 166 57.971
206 166 9.06207
243 166 80.9717
252 166 80.9717
9 167 22.6244
14 167 22.6244
33 167 22.6244
40 167 22.6244
45 167 22.6244
89 167 33.8983
201 167 12.3533
223 167 80.9717
281 167 101.01
9 168 22.6244
14 168 22.6244
33 168 22.6244
40 168 22.6244
45 168 22.6244
77 168 33.8983
201 168 12.3533
208 168 9.06207
223 168 80.9717
243 168 80.9717
252 168 80.9717
572 168 18.5185
9 169 22.6244
14 169 22.6244
33 169 22.6244
40 169 22.6244
45 169 22.6244
243 169 80.9717
252 169 80.9717
5 170 18.5185
9 170 22.6244
14 170 22.6244
33 170 22.6244
40 170 22.6244
45 170 22.6244
207 170 9.26784
223 170 80.9717
243 170 80.9717
252 170 80.9717
281 170 101.01
33 171 22.6244
40 171 22.6244
45 171 22.6244
147 171 57.971
149 171 57.971
199 171 13.587
207 171 9.26784
223 171 80.9717
238 171 101.01
243 171 80.9717
252 171 80.9717
281 171 101.01
4 172 18.5185
5 172 18.5185
40 172 22.6244
45 172 22.6244
147 172 57.971
207 172 9.26784
223 172 80.9717
281 172 101.01
27 173 21.4362
33 173 22.6244
45 173 22.6244
202 173 45.1467
203 173 45.1467
207 173 9.26784
223 173 80.9717
281 173 101.01
619 173 29.0698
620 173 29.0698
621 173 27.137
622 173 27.137
623 173 25.4453
3 174 20.3666
4 174 20.3666
27 174 21.4362
33 174 22.6244
126 174 31.2989
202 174 45.1467
207 174 9.26784
223 174 80.9717
281 174 101.01
618 174 31.2989
620 174 27.137
621 174 27.137
622 174 27.137
623 174 25.4453
626 174 23.9521
3 175 21.4362
4 175 21.4362
27 175 21.4362
33 175 21.4362
126 175 31.2989
149 175 45.1467
202 175 45.1467
207 175 9.26784
623 175 25.4453
624 175 25.4453
27 176 21.4362
33 176 21.4362
149 176 45.1467
200 176 45.1467
202 176 45.1467
207 176 9.26784
622 176 27.137
623 176 25.4453
27 177 21.4362
33 177 21.4362
149 177 45.1467
202 177 45.1467
207 177 9.26784
297 177 80.9717
3 178 21.4362
27 178 21.4362
33 178 21.4362
149 178 40.6504
202 178 45.1467
207 178 9.26784
27 179 21.4362
33 179 22.6244
73 179 31.2989
125 179 31.2989
149 179 40.6504
154 179 45.1467
164 179 33.8983
202 179 45.1467
207 179 9.26784
621 179 27.137
622 179 25.4453
623 179 25.4453
6 180 31.2989
27 180 21.4362
33 180 22.6244
61 180 31.2989
62 180 31.2989
149 180 45.1467
154 180 45.1467
164 180 33.8983
200 180 45.1467
202 180 45.1467
207 180 9.26784
518 180 40.6504
519 180 40.6504
520 180 40.6504
521 180 36.9686
522 180 33.8983
523 180 31.2989
524 180 31.2989
525 180 29.0698
617 180 31.2989
618 180 31.2989
619 180 29.0698
620 180 27.137
621 180 27.137
622 180 25.4453
623 180 25.4453
624 180 25.4453
625 180 22.6244
632 180 15.674
27 181 21.4362
33 181 22.6244
61 181 31.2989
62 181 31.2989
149 181 45.1467
163 181 33.8983
164 181 33.8983
167 181 36.9686
179 181 57.971
202 181 45.1467
207 181 9.26784
317 181 134.228
519 181 40.6504
618 181 31.2989
619 181 29.0698
620 181 27.137
621 181 27.137
622 181 25.4453
623 181 25.4453
624 181 25.4453
625 181 22.6244
627 181 21.4362
27 182 21.4362
33 182 22.6244
136 182 57.971
149 182 45.1467
154 182 50.7614
163 182 36.9686
164 182 36.9686
167 182 36.9686
180 182 57.971
202 182 45.1467
206 182 9.26784
256 182 80.9717
519 182 40.6504
520 182 40.6504
521 182 36.9686
522 182 33.8983
523 182 31.2989
524 182 31.2989
525 182 29.0698
575 182 16.9779
620 182 29.0698
621 182 27.137
622 182 27.137
623 182 25.4453
5 183 29.0698
6 183 29.0698
7 183 29.0698
26 183 21.4362
27 183 21.4362
33 183 22.6244
148 183 45.1467
149 183 45.1467
154 183 50.7614
163 183 36.9686
202 183 40.6504
256 183 80.9717
517 183 45.1467
26 184 21.4362
27 184 21.4362
33 184 22.6244
148 184 45.1467
149 184 45.1467
154 184 45.1467
202 184 45.1467
276 184 101.01
26 185 21.4362
27 185 21.4362
33 185 22.6244
148 185 45.1467
149 185 45.1467
154 185 45.1467
197 185 9.70874
199 185 9.70874
202 185 40.6504
256 185 80.9717
26 186 22.6244
27 186 22.6244
33 186 22.6244
133 186 31.2989
148 186 45.1467
149 186 45.1467
154 186 45.1467
173 186 33.8983
197 186 9.70874
275 186 101.01
285 186 101.01
625 186 25.4453
26 187 22.6244
27 187 22.6244
33 187 22.6244
148 187 45.1467
149 187 45.1467
154 187 45.1467
164 187 33.8983
285 187 101.01
513 187 134.228
517 187 45.1467
518 187 45.1467
519 187 40.6504
520 187 40.6504
521 187 36.9686
522 187 31.2989
523 187 29.0698
524 187 29.0698
525 187 27.137
526 187 27.137
527 187 22.6244
618 187 27.137
26 188 22.6244
27 188 22.6244
33 188 22.6244
148 188 45.1467
149 188 45.1467
154 188 45.1467
164 188 33.8983
285 188 101.01
519 188 40.6504
523 188 31.2989
524 188 29.0698
618 188 27.137
26 189 22.6244
27 189 22.6244
33 189 22.6244
148 189 45.1467
149 189 45.1467
154 189 45.1467
164 189 33.8983
285 189 101.01
517 189 40.6504
518 189 40.6504
519 189 40.6504
523 189 31.2989
524 189 29.0698
4 190 21.4362
26 190 22.6244
27 190 22.6244
33 190 22.6244
148 190 45.1467
149 190 45.1467
154 190 45.1467
164 190 33.8983
197 190 9.06207
519 190 40.6504
520 190 36.9686
521 190 33.8983
522 190 31.2989
523 190 31.2989
626 190 27.137
5 191 21.4362
26 191 22.6244
27 191 22.6244
33 191 22.6244
148 191 45.1467
149 191 45.1467
154 191 45.1467
164 191 33.8983
197 191 9.06207
223 191 101.01
285 191 101.01
519 191 40.6504
520 191 36.9686
521 191 33.8983
522 191 31.2989
523 191 31.2989
26 192 22.6244
27 192 22.6244
33 192 22.6244
148 192 45.1467
149 192 45.1467
154 192 45.1467
197 192 9.06207
519 192 36.9686
520 192 36.9686
521 192 33.8983
522 192 33.8983
26 193 22.6244
27 193 22.6244
33 193 22.6244
105 193 36.9686
148 193 45.1467
149 193 45.1467
154 193 45.1467
197 193 9.06207
3 194 20.3666
26 194 22.6244
27 194 22.6244
33 194 22.6244
148 194 45.1467
149 194 45.1467
154 194 45.1467
173 194 33.8983
197 194 9.06207
206 194 9.26784
26 195 22.6244
27 195 22.6244
33 195 22.6244
126 195 31.2989
148 195 45.1467
154 195 45.1467
164 195 33.8983
169 195 36.9686
197 195 9.06207
206 195 9.26784
26 196 22.6244
27 196 22.6244
33 196 22.6244
148 196 45.1467
154 196 45.1467
164 196 33.8983
197 196 9.06207
201 196 40.6504
206 196 9.26784
499 196 50.7614
500 196 50.7614
501 196 50.7614
502 196 50.7614
3 197 20.3666
26 197 22.6244
27 197 22.6244
33 197 22.6244
148 197 45.1467
154 197 45.1467
164 197 33.8983
197 197 9.06207
201 197 40.6504
494 197 50.7614
495 197 50.7614
496 197 50.7614
499 197 50.7614
500 197 50.7614
501 197 50.7614
502 197 45.1467
504 197 25.4453
505 197 25.4453
506 197 25.4453
3 198 20.3666
33 198 22.6244
148 198 45.1467
197 198 9.06207
201 198 45.1467
494 198 50.7614
495 198 50.7614
496 198 50.7614
497 198 50.7614
500 198 50.7614
501 198 50.7614
3 199 19.3986
27 199 22.6244
33 199 22.6244
206 199 9.06207
491 199 200
492 199 57.971
493 199 57.971
494 199 50.7614
495 199 50.7614
496 199 50.7614
497 199 50.7614
499 199 50.7614
500 199 50.7614
501 199 50.7614
503 199 40.6504
504 199 25.4453
3 200 20.3666
4 200 20.3666
33 200 22.6244
201 200 45.1467
206 200 9.06207
494 200 50.7614
495 200 50.7614
496 200 50.7614
499 200 50.7614
500 200 57.971
3 201 20.3666
4 201 20.3666
27 201 22.6244
33 201 22.6244
37 201 36.9686
148 201 45.1467
149 201 45.1467
200 201 45.1467
201 201 45.1467
206 201 9.06207
252 201 80.9717
3 202 20.3666
33 202 22.6244
37 202 36.9686
50 202 40.6504
200 202 45.1467
252 202 80.9717
271 202 101.01
3 203 20.3666
33 203 22.6244
200 203 45.1467
234 203 80.9717
252 203 80.9717
271 203 101.01
284 203 101.01
33 204 22.6244
133 204 33.8983
206 204 9.06207
234 204 80.9717
252 204 80.9717
45 205 36.9686
101 205 36.9686
107 205 36.9686
133 205 33.8983
148 205 45.1467
149 205 45.1467
206 205 9.06207
234 205 80.9717
252 205 80.9717
271 205 101.01
36 206 33.8983
44 206 36.9686
45 206 36.9686
101 206 36.9686
107 206 36.9686
133 206 33.8983
149 206 45.1467
252 206 80.9717
271 206 101.01
36 207 33.8983
44 207 36.9686
45 207 36.9686
101 207 36.9686
117 207 36.9686
118 207 36.9686
122 207 40.6504
133 207 33.8983
206 207 9.06207
234 207 80.9717
252 207 80.9717
271 207 101.01
3 208 20.3666
26 208 21.4362
33 208 22.6244
37 208 33.8983
44 208 36.9686
45 208 36.9686
102 208 36.9686
118 208 36.9686
122 208 40.6504
133 208 33.8983
149 208 45.1467
206 208 9.06207
229 208 101.01
252 208 80.9717
271 208 101.01
284 208 101.01
26 209 21.4362
32 209 22.6244
33 209 22.6244
44 209 36.9686
45 209 36.9686
102 209 36.9686
118 209 36.9686
133 209 33.8983
149 209 45.1467
206 209 9.06207
234 209 80.9717
252 209 80.9717
271 209 101.01
26 210 21.4362
32 210 22.6244
33 210 22.6244
45 210 36.9686
102 210 36.9686
107 210 36.9686
133 210 33.8983
206 210 9.06207
234 210 80.9717
26 211 21.4362
32 211 22.6244
33 211 22.6244
102 211 36.9686
123 211 40.6504
132 211 33.8983
133 211 33.8983
206 211 9.06207
280 211 80.9717
38 212 36.9686
133 212 33.8983
24 213 21.4362
26 213 21.4362
38 213 36.9686
45 213 36.9686
87 213 33.8983
133 213 33.8983
134 213 33.8983
206 213 9.06207
209 213 57.971
300 213 67.5676
636 213 9.48317
637 213 9.48317
3 214 20.3666
24 214 21.4362
26 214 21.4362
32 214 21.4362
45 214 36.9686
46 214 36.9686
200 214 45.1467
205 214 9.06207
206 214 9.06207
634 214 9.70874
26 215 21.4362
32 215 21.4362
200 215 45.1467
205 215 9.06207
206 215 9.06207
32 216 21.4362
200 216 45.1467
38 217 36.9686
46 217 36.9686
104 217 36.9686
136 217 40.6504
200 217 45.1467
38 218 36.9686
45 218 36.9686
46 218 36.9686
98 218 36.9686
104 218 36.9686
200 218 45.1467
201 218 45.1467
38 219 36.9686
45 219 36.9686
98 219 36.9686
112 219 36.9686
147 219 45.1467
201 219 45.1467
205 219 9.26784
45 220 36.9686
97 220 36.9686
112 220 36.9686
147 220 45.1467
166 220 36.9686
201 220 45.1467
206 220 9.26784
414 220 134.228
415 220 134.228
38 221 36.9686
45 221 36.9686
97 221 36.9686
134 221 33.8983
147 221 45.1467
201 221 45.1467
239 221 101.01
313 221 50.7614
314 221 50.7614
315 221 45.1467
317 221 40.6504
318 221 36.9686
39 222 36.9686
45 222 36.9686
134 222 33.8983
201 222 45.1467
220 222 80.9717
314 222 50.7614
315 222 45.1467
316 222 40.6504
317 222 40.6504
318 222 36.9686
378 222 67.5676
379 222 67.5676
382 222 36.9686
387 222 80.9717
39 223 36.9686
44 223 36.9686
45 223 36.9686
76 223 50.7614
220 223 80.9717
266 223 80.9717
353 223 7.28332
378 223 67.5676
379 223 67.5676
387 223 80.9717
388 223 80.9717
389 223 80.9717
401 223 21.4362
402 223 21.4362
39 224 36.9686
45 224 36.9686
147 224 45.1467
206 224 9.06207
266 224 80.9717
353 224 7.28332
378 224 67.5676
379 224 67.5676
387 224 80.9717
388 224 80.9717
39 225 36.9686
61 225 45.1467
76 225 50.7614
147 225 45.1467
201 225 50.7614
220 225 80.9717
239 225 101.01
632 225 12.7389
7 226 36.9686
39 226 36.9686
45 226 36.9686
68 226 45.1467
76 226 50.7614
147 226 45.1467
201 226 50.7614
205 226 9.06207
206 226 9.06207
7 227 36.9686
39 227 36.9686
45 227 36.9686
76 227 50.7614
147 227 45.1467
201 227 50.7614
337 227 67.5676
338 227 57.971
339 227 57.971
340 227 45.1467
341 227 45.1467
342 227 40.6504
343 227 36.9686
7 228 36.9686
39 228 36.9686
45 228 36.9686
76 228 50.7614
87 228 33.8983
102 228 36.9686
173 228 200
201 228 50.7614
220 228 80.9717
239 228 101.01
322 228 80.9717
323 228 80.9717
324 228 67.5676
325 228 57.971
326 228 50.7614
327 228 40.6504
328 228 36.9686
329 228 36.9686
330 228 36.9686
335 228 101.01
336 228 80.9717
337 228 67.5676
339 228 57.971
340 228 45.1467
342 228 40.6504
7 229 36.9686
39 229 36.9686
45 229 36.9686
76 229 50.7614
205 229 9.06207
206 229 9.06207
322 229 80.9717
323 229 80.9717
326 229 50.7614
327 229 40.6504
328 229 36.9686
336 229 80.9717
338 229 57.971
339 229 57.971
340 229 45.1467
341 229 40.6504
342 229 40.6504
610 229 11.0193
7 230 36.9686
39 230 36.9686
45 230 36.9686
76 230 50.7614
342 230 40.6504
609 230 11.0193
618 230 10.7296
7 231 36.9686
34 231 40.6504
39 231 36.9686
45 231 36.9686
76 231 50.7614
7 232 36.9686
39 232 36.9686
45 232 36.9686
76 232 50.7614
606 232 10.7296
607 232 10.4548
617 232 10.7296
38 233 36.9686
39 233 36.9686
45 233 36.9686
135 233 31.2989
605 233 10.7296
606 233 10.7296
607 233 10.4548
608 233 10.4548
7 234 36.9686
38 234 36.9686
39 234 36.9686
45 234 36.9686
135 234 31.2989
144 234 31.2989
604 234 10.7296
605 234 10.7296
607 234 10.4548
608 234 10.4548
609 234 10.4548
613 234 10.7296
614 234 10.7296
615 234 10.7296
7 235 36.9686
38 235 33.8983
144 235 31.2989
145 235 31.2989
613 235 10.7296
614 235 10.7296
615 235 10.7296
626 235 11.325
9 236 36.9686
601 236 11.325
613 236 10.7296
614 236 10.7296
619 236 10.7296
600 237 11.325
604 237 11.325
32 238 22.6244
156 238 33.8983
604 238 11.325
32 239 22.6244
596 239 11.6482
597 239 11.325
598 239 11.325
17 240 27.137
18 240 27.137
595 240 11.6482
596 240 11.6482
546 241 16.2999
547 241 16.2999
593 241 11.6482
594 241 11.6482
6 242 20.3666
205 242 9.26784
206 242 9.26784
545 242 16.2999
546 242 16.2999
591 242 11.6482
592 242 11.6482
593 242 11.6482
6 243 20.3666
7 243 20.3666
545 243 16.2999
546 243 16.2999
591 243 11.6482
592 243 11.6482
7 244 20.3666
554 244 12.7389
590 244 11.9904
591 244 11.6482
7 245 20.3666
590 245 11.9904
3 246 19.3986
7 246 20.3666
589 246 11.9904
634 246 9.9453
635 246 9.9453
636 246 9.9453
4 247 19.3986
5 247 19.3986
30 247 21.4362
6 248 19.3986
7 248 19.3986
31 248 21.4362
588 248 11.9904
7 249 20.3666
33 250 21.4362
33 251 21.4362
592 252 11.6482
593 252 11.325
594 252 11.325
590 253 11.6482
591 253 11.6482
592 253 11.6482
593 253 11.325
590 254 11.6482
591 254 11.6482
598 254 11.325
599 254 11.325
495 255 18.5185
589 255 11.6482
590 255 11.6482
591 255 11.6482
589 256 11.6482
590 256 11.6482
591 256 11.6482
589 257 11.6482
590 257 11.6482
601 257 11.0193
543 259 15.0943
544 259 15.0943
589 259 11.6482
602 259 11.0193
544 260 15.0943
589 260 11.6482
602 260 11.0193
608 260 10.7296
589 261 11.6482
593 261 10.7296
589 262 11.6482
593 262 10.7296
598 262 11.325
603 262 11.0193
589 263 11.6482
593 263 10.7296
598 263 11.325
599 263 11.325
603 263 11.0193
629 263 134.228
214 264 16.2999
215 264 16.2999
589 264 11.6482
593 264 10.7296
598 264 11.325
493 265 15.0943
589 265 11.6482
53 266 16.2999
54 266 16.2999
90 266 16.2999
154 266 15.674
155 266 15.674
156 266 15.674
543 266 14.556
544 266 14.556
589 266 11.6482
272 267 13.1492
589 267 11.6482
602 267 11.0193
605 267 10.4548
270 268 13.1492
589 268 11.6482
599 268 11.325
600 268 11.325
601 268 11.325
602 268 11.0193
605 268 10.4548
606 268 10.4548
599 269 11.325
600 269 11.325
601 269 11.325
600 270 11.325
589 272 11.6482
590 272 11.6482
593 272 11.6482
594 272 11.6482
590 273 11.6482
602 273 11.0193
590 274 11.6482
602 274 11.0193
603 274 11.0193
590 275 11.6482
602 275 11.0193
598 276 11.325
599 276 11.325
598 277 11.325
599 277 11.325
591 278 11.325
592 278 11.325
103 279 12.7389
591 279 11.325
592 279 11.325
593 279 11.325
599 279 11.325
205 282 9.06207
574 283 11.6482
575 283 11.6482
586 283 11.6482
587 283 11.6482
588 283 11.6482
195 285 9.06207
217 285 10.4548
620 286 10.7296
621 286 10.7296
622 286 11.0193
234 287 10.4548
235 287 10.4548
624 287 10.7296
625 287 10.7296
626 287 10.7296
625 288 10.7296
626 288 10.7296
505 291 11.325
507 291 10.1937
208 292 9.70874
507 292 10.1937
508 292 10.1937
509 292 10.1937
510 292 10.1937
511 292 10.1937
512 292 9.9453
513 292 9.9453
514 292 9.9453
515 292 9.48317
206 293 9.70874
243 295 9.70874
244 295 9.70874
601 295 9.48317
602 295 9.48317
195 296 9.26784
244 296 9.70874
602 296 9.48317
635 296 9.70874
195 297 9.26784
228 297 9.26784
635 297 9.70874
636 297 9.70874
637 297 9.70874
12 301 9.70874
13 301 9.70874
15 301 9.9453
16 301 9.9453
17 301 9.9453
222 302 8.67679
180 303 8.32293
222 303 8.67679
223 303 8.67679
239 303 9.06207
240 303 9.06207
632 304 8.86525
633 304 8.86525
253 305 8.86525
193 306 8.15661
209 306 8.15661
250 306 8.86525
193 307 8.15661
210 307 8.15661
250 307 8.86525
251 307 8.86525
171 308 7.9968
208 308 8.15661
218 308 8.49618
251 308 8.86525
171 309 7.9968
172 309 7.9968
193 310 7.84314
163 313 7.55287
172 313 7.55287
153 314 7.55287
163 314 7.55287
228 314 8.32293
229 314 8.32293
153 315 7.55287
168 315 7.28332
193 315 7.55287
168 316 7.28332
169 316 7.28332
212 317 7.69527
164 318 7.28332
165 318 7.28332
215 318 7.55287
156 319 7.28332
170 319 7.28332
157 320 7.28332
194 320 7.15564
196 320 7.15564
216 320 7.55287
164 321 7.03235
196 321 7.15564
212 321 7.41565
139 322 7.15564
140 322 7.15564
213 322 7.41565
109 323 7.03235
116 323 6.91324
117 323 6.91324
140 323 7.03235
141 323 7.15564
194 323 7.15564
117 324 6.91324
132 324 7.03235
133 324 6.91324
134 324 6.91324
147 324 7.03235
157 324 7.15564
159 324 7.03235
169 324 7.03235
217 324 7.55287
218 324 7.55287
132 325 7.03235
133 325 6.91324
134 325 6.91324
135 325 6.7981
136 325 6.7981
137 325 6.7981
138 325 6.7981
158 325 7.03235
159 325 7.03235
170 325 6.7981
120 326 6.91324
150 326 6.91324
160 326 7.03235
165 326 6.91324
166 326 6.91324
172 326 6.57895
160 327 7.03235
165 327 6.91324
166 327 6.91324
187 327 6.91324
157 328 6.68673
166 328 6.91324
168 328 6.91324
173 328 6.57895
133 329 6.68673
174 329 6.57895
133 330 6.68673
134 330 6.68673
145 330 6.57895
146 330 6.57895
189 330 6.68673
200 330 6.7981
212 330 7.03235
213 330 7.03235
102 331 6.68673
116 331 6.57895
133 331 6.68673
134 331 6.68673
189 331 6.68673
190 331 6.68673
200 331 6.7981
201 331 6.7981
213 331 7.03235
102 332 6.68673
116 332 6.57895
109 334 6.37349
159 334 6.27549
198 334 6.57895
199 334 6.57895
109 335 6.37349
109 336 6.37349
169 336 6.18047
170 336 6.27549
171 336 6.27549
172 336 6.27549
173 336 6.27549
110 337 6.27549
111 337 6.27549
152 337 6.27549
153 337 6.37349
204 337 6.91324
112 338 6.08828
130 338 6.27549
131 338 6.27549
149 338 6.27549
150 338 6.37349
205 338 6.91324
131 339 6.27549
150 339 6.37349
162 339 6.08828
100 340 5.9988
173 340 5.9988
174 340 5.9988
94 341 5.91191
100 341 5.91191
173 341 5.9988
174 341 5.9988
71 342 6.08828
94 342 5.82751
175 342 5.9988
176 342 5.9988
71 343 6.08828
94 343 5.82751
101 343 5.91191
165 343 5.91191
64 344 5.9988
74 344 5.82751
94 344 5.82751
95 344 5.82751
118 344 5.91191
166 344 5.91191
167 344 5.91191
568 344 6.18047
569 344 6.18047
570 344 6.18047
571 344 6.18047
572 344 6.08828
576 344 6.18047
578 344 6.18047
579 344 6.18047
580 344 6.18047
581 344 6.08828
64 345 5.9988
65 345 5.9988
95 345 5.82751
118 345 5.91191
133 345 5.82751
160 345 5.82751
179 345 5.9988
95 346 5.82751
129 346 5.82751
138 346 5.82751
161 346 5.82751
162 346 5.82751
180 346 5.9988
129 347 5.82751
130 347 5.82751
162 347 5.82751
163 347 5.82751
164 347 5.74548
165 347 5.74548
173 347 5.91191
178 347 5.9988
72 348 5.74548
130 348 5.82751
131 348 5.82751
132 348 5.74548
194 349 6.27549
195 349 6.27549
196 349 6.27549
100 350 5.51268
101 350 5.58815
146 350 5.66572
195 350 6.27549
196 350 6.27549
98 351 5.51268
123 351 5.36769
91 352 5.43922
92 352 5.43922
119 352 5.36769
126 352 5.36769
127 352 5.36769
146 352 5.66572
58 353 5.58815
119 353 5.36769
120 353 5.36769
142 353 5.51268
146 353 5.58815
59 354 5.58815
120 354 5.36769
123 354 5.36769
124 354 5.36769
142 354 5.51268
143 354 5.51268
146 354 5.58815
174 354 5.66572
76 355 5.43922
104 355 5.36769
124 355 5.36769
142 355 5.51268
143 355 5.51268
174 355 5.66572
175 355 5.66572
73 356 5.43922
104 356 5.36769
105 356 5.36769
106 356 5.36769
125 356 5.36769
142 356 5.51268
143 356 5.51268
167 356 5.51268
100 357 5.36769
109 357 5.29801
167 357 5.51268
168 357 5.51268
391 357 5.91191
392 357 5.91191
93 358 5.29801
99 358 5.29801
100 358 5.29801
109 358 5.29801
110 358 5.29801
168 358 5.51268
169 358 5.51268
93 359 5.29801
94 359 5.29801
99 359 5.29801
100 359 5.29801
101 359 5.29801
110 359 5.29801
128 359 5.29801
166 359 5.51268
186 359 5.51268
77 360 5.09944
79 360 5.09944
80 360 5.09944
100 360 5.29801
101 360 5.29801
102 360 5.23013
128 360 5.29801
161 360 5.36769
103 361 5.16396
104 361 5.09944
109 361 5.23013
68 362 5.16396
76 362 5.03651
77 362 5.09944
89 362 5.16396
103 362 5.16396
104 362 5.09944
105 362 5.09944
106 362 5.09944
153 362 5.29801
154 362 5.29801
158 362 5.29801
77 363 5.03651
78 363 5.03651
105 363 5.09944
106 363 5.09944
141 363 5.09944
154 363 5.29801
58 364 5.03651
142 364 5.09944
143 364 5.09944
143 365 5.09944
144 365 5.09944
178 365 5.58815
179 365 5.58815
69 366 5.03651
70 366 5.03651
93 366 5.03651
144 366 5.09944
145 366 5.09944
70 367 4.97512
44 368 4.85673
72 368 4.97512
106 368 4.97512
44 369 4.85673
45 369 4.85673
68 369 4.91521
107 369 4.97512
121 369 4.97512
122 369 4.97512
45 370 4.85673
46 370 4.85673
68 370 4.91521
69 370 4.91521
122 370 4.97512
129 370 4.91521
130 370 4.91521
141 370 4.97512
142 370 4.97512
143 370 4.97512
165 370 5.23013
166 370 5.16396
619 370 5.23013
69 371 4.91521
97 371 4.79962
112 371 4.79962
129 371 4.91521
130 371 4.91521
142 371 4.97512
143 371 4.97512
153 371 5.03651
166 371 5.16396
167 371 5.16396
55 372 4.74383
97 372 4.79962
98 372 4.79962
113 372 4.79962
130 372 4.91521
163 372 5.16396
167 372 5.16396
163 373 5.16396
164 373 5.16396
126 374 4.79962
164 374 5.16396
165 374 5.09944
126 375 4.74383
127 375 4.74383
165 375 5.09944
166 375 5.09944
167 375 5.09944
123 376 4.74383
124 376 4.79962
128 376 4.79962
162 376 5.09944
167 376 5.09944
86 377 4.74383
123 377 4.74383
124 377 4.79962
125 377 4.74383
162 377 5.16396
78 378 4.584
56 379 4.63607
138 379 4.79962
49 380 4.4833
53 380 4.584
57 380 4.63607
74 380 4.53309
86 380 4.584
168 380 5.03651
169 380 5.03651
242 380 5.09944
243 380 5.09944
50 381 4.4833
53 381 4.53309
134 381 4.68933
161 381 5.09944
165 381 5.03651
50 382 4.4833
53 382 4.53309
54 382 4.53309
71 382 4.584
102 382 4.584
122 382 4.63607
126 382 4.68933
161 382 5.09944
165 382 5.03651
166 382 5.03651
167 382 5.03651
54 383 4.53309
71 383 4.584
102 383 4.584
123 383 4.584
127 383 4.68933
131 383 4.68933
166 383 5.03651
167 383 4.97512
168 383 4.97512
71 384 4.584
72 384 4.584
74 384 4.53309
168 384 4.97512
169 384 4.97512
112 385 4.53309
120 385 4.584
121 385 4.584
112 386 4.53309
113 386 4.53309
164 386 4.91521
70 387 4.43459
72 387 4.43459
74 387 4.38693
75 387 4.38693
88 387 4.43459
113 387 4.53309
114 387 4.53309
165 387 4.91521
70 388 4.43459
71 388 4.43459
92 388 4.43459
98 388 4.43459
99 388 4.43459
104 388 4.38693
105 388 4.38693
113 388 4.4833
114 388 4.4833
40 389 4.34028
41 389 4.34028
71 389 4.43459
72 389 4.43459
73 389 4.38693
92 389 4.43459
93 389 4.43459
94 389 4.43459
105 389 4.38693
114 389 4.4833
40 390 4.34028
41 390 4.34028
74 390 4.34028
38 391 4.34028
41 391 4.29461
111 391 4.38693
335 391 4.74383
35 392 4.29461
41 392 4.29461
69 392 4.2061
99 392 4.29461
336 392 4.74383
337 392 4.74383
34 393 4.24989
35 393 4.24989
42 393 4.24989
69 393 4.2061
99 393 4.29461
117 393 4.43459
361 393 4.63607
362 393 4.63607
363 393 4.63607
34 394 4.24989
35 394 4.24989
70 394 4.2061
636 394 4.53309
637 394 4.53309
34 395 4.2061
35 395 4.2061
36 395 4.2061
57 395 4.2061
100 395 4.29461
148 395 4.68933
94 396 4.2061
95 396 4.2061
118 396 4.34028
119 396 4.34028
148 396 4.68933
149 396 4.68933
361 396 4.584
362 396 4.584
32 397 4.1632
33 397 4.1632
34 397 4.1632
79 397 4.2061
94 397 4.2061
95 397 4.2061
96 397 4.2061
119 397 4.34028
121 397 4.29461
122 397 4.2061
129 397 4.29461
149 397 4.68933
363 397 4.584
364 397 4.53309
32 398 4.1632
33 398 4.12116
34 398 4.12116
35 398 4.12116
63 398 4.07997
86 398 4.2061
87 398 4.2061
96 398 4.2061
97 398 4.2061
129 398 4.29461
130 398 4.29461
131 398 4.29461
64 399 4.07997
87 399 4.2061
116 399 4.24989
126 399 4.34028
42 400 4.12116
65 400 4.07997
92 400 4.1632
113 400 4.24989
116 400 4.24989
117 400 4.24989
121 400 4.24989
127 400 4.34028
213 400 4.584
313 400 4.4833
65 401 4.07997
74 401 4.07997
93 401 4.1632
104 401 4.1632
113 401 4.24989
114 401 4.24989
131 401 4.34028
66 402 4.07997
73 402 4.07997
75 402 4.03959
131 402 4.34028
132 402 4.34028
72 403 4.07997
73 403 4.07997
74 403 4.07997
76 403 4.03959
77 403 4.03959
84 403 4.07997
85 403 4.07997
86 403 4.07997
128 403 4.34028
132 403 4.34028
41 404 4.07997
54 404 4.1632
58 404 4.03959
63 404 4.03959
73 404 4.07997
74 404 4.03959
83 404 4.07997
84 404 4.07997
85 404 4.07997
105 404 4.12116
128 404 4.34028
129 404 4.34028
132 404 4.34028
26 405 4.03959
37 405 4.03959
43 405 4.07997
51 405 4.07997
59 405 4.03959
74 405 4.03959
84 405 4.07997
85 405 4.07997
129 405 4.34028
138 405 4.38693
33 406 4.03959
34 406 4.03959
35 406 4.03959
36 406 4.03959
37 406 4.03959
43 406 4.07997
51 406 4.07997
52 406 4.07997
53 406 4.07997
55 406 4.07997
129 406 4.34028
203 406 4.43459
204 406 4.43459
36 407 4.03959
37 407 4.03959
51 407 4.07997
52 407 4.07997
55 407 4.07997
56 407 4.03959
84 407 4.07997
130 407 4.29461
135 407 4.34028
523 407 4.34028
524 407 4.34028
36 408 4.03959
130 408 4.29461
136 408 4.34028
29 409 4.03959
105 409 4.03959
106 409 4.03959
131 409 4.29461
358 409 4.34028
269 410 4.34028
270 410 4.34028
102 411 4.03959
103 411 4.03959
297 411 4.29461
297 412 4.29461
298 412 4.29461
93 414 4.07997
529 414 4.2061
530 414 4.2061
91 416 4.07997
69 418 4.12116
70 418 4.12116
69 419 4.12116
68 420 4.12116
233 420 4.12116
234 420 4.12116
234 421 4.12116
235 421 4.12116
127 422 4.07997
303 422 4.07997
304 422 4.07997
323 423 4.03959
427 424 4.03959
471 424 4.03959
472 424 4.03959
114 428 4.03959
115 428 4.03959
117 428 4.03959
114 429 4.03959
115 429 4.03959
116 429 4.03959
115 430 4.03959
337 431 4.03959
107 436 4.03959
108 436 4.03959
110 436 4.12116
106 437 4.03959
107 437 4.03959
106 438 4.03959
105 439 4.03959
101 440 4.12116
104 440 4.03959
100 441 4.1632
103 441 4.03959
88 453 4.03959
83 458 4.03959
82 459 4.03959
81 460 4.03959
