56 3 28.6944
57 3 28.6944
62 3 28.6944
63 3 28.6944
264 3 22.3214
265 3 22.3214
266 3 22.3214
281 3 18.2648
299 3 22.3214
360 3 22.3214
361 3 18.2648
383 3 28.6944
407 3 22.3214
558 3 10.5764
636 3 15.456
637 3 15.456
62 4 28.6944
260 4 22.3214
261 4 22.3214
262 4 22.3214
284 4 22.3214
360 4 22.3214
406 4 22.3214
407 4 22.3214
419 4 11.8203
444 4 18.2648
452 4 18.2648
492 4 22.3214
553 4 11.8203
554 4 11.8203
622 4 13.3958
627 4 11.8203
41 5 22.3214
42 5 22.3214
50 5 28.6944
57 5 22.3214
258 5 22.3214
259 5 22.3214
348 5 66.8896
354 5 28.6944
359 5 22.3214
360 5 22.3214
406 5 22.3214
442 5 18.2648
483 5 22.3214
488 5 22.3214
489 5 22.3214
549 5 13.3958
550 5 13.3958
554 5 11.8203
585 5 13.3958
628 5 11.8203
34 6 22.3214
45 6 22.3214
52 6 22.3214
253 6 22.3214
254 6 22.3214
288 6 22.3214
289 6 22.3214
300 6 22.3214
301 6 22.3214
354 6 28.6944
360 6 18.2648
388 6 18.2648
401 6 40.1606
487 6 22.3214
488 6 22.3214
585 6 13.3958
586 6 13.3958
637 6 13.3958
33 7 22.3214
34 7 22.3214
45 7 22.3214
252 7 22.3214
253 7 22.3214
258 7 22.3214
286 7 22.3214
300 7 22.3214
301 7 22.3214
334 7 200
354 7 28.6944
359 7 18.2648
360 7 18.2648
370 7 28.6944
381 7 22.3214
405 7 22.3214
480 7 22.3214
548 7 13.3958
580 7 15.456
586 7 13.3958
634 7 15.456
50 8 22.3214
73 8 28.6944
234 8 22.3214
235 8 22.3214
297 8 28.6944
334 8 200
342 8 22.3214
354 8 28.6944
359 8 18.2648
368 8 28.6944
369 8 28.6944
486 8 22.3214
557 8 13.3958
48 9 22.3214
49 9 22.3214
50 9 22.3214
51 9 22.3214
234 9 22.3214
301 9 22.3214
334 9 200
338 9 6.48298
376 9 28.6944
377 9 28.6944
407 9 22.3214
484 9 22.3214
485 9 22.3214
489 9 15.456
636 9 15.456
32 10 22.3214
47 10 22.3214
48 10 22.3214
63 10 22.3214
71 10 22.3214
288 10 22.3214
298 10 28.6944
344 10 28.6944
347 10 66.8896
360 10 18.2648
427 10 18.2648
482 10 22.3214
484 10 22.3214
485 10 22.3214
572 10 13.3958
39 11 22.3214
47 11 22.3214
48 11 22.3214
49 11 22.3214
50 11 22.3214
61 11 28.6944
62 11 28.6944
71 11 22.3214
72 11 22.3214
302 11 22.3214
343 11 28.6944
360 11 18.2648
435 11 22.3214
464 11 18.2648
480 11 22.3214
481 11 22.3214
624 11 28.6944
636 11 13.3958
62 12 28.6944
63 12 28.6944
75 12 28.6944
302 12 22.3214
342 12 28.6944
360 12 18.2648
461 12 22.3214
479 12 22.3214
480 12 22.3214
636 12 13.3958
48 13 28.6944
62 13 28.6944
74 13 28.6944
75 13 28.6944
299 13 22.3214
302 13 22.3214
303 13 22.3214
359 13 18.2648
374 13 10.5764
402 13 22.3214
405 13 18.2648
478 13 22.3214
479 13 22.3214
486 13 22.3214
487 13 22.3214
553 13 13.3958
554 13 13.3958
631 13 13.3958
636 13 13.3958
39 14 28.6944
50 14 40.1606
51 14 40.1606
70 14 22.3214
75 14 28.6944
296 14 22.3214
299 14 28.6944
303 14 22.3214
341 14 28.6944
343 14 28.6944
397 14 28.6944
400 14 28.6944
401 14 28.6944
402 14 28.6944
405 14 18.2648
466 14 18.2648
477 14 22.3214
478 14 22.3214
631 14 13.3958
32 15 22.3214
33 15 22.3214
60 15 28.6944
69 15 22.3214
70 15 22.3214
300 15 22.3214
303 15 22.3214
340 15 28.6944
374 15 10.5764
399 15 28.6944
400 15 28.6944
411 15 13.3958
476 15 22.3214
602 15 11.8203
631 15 13.3958
44 16 22.3214
45 16 22.3214
60 16 28.6944
61 16 28.6944
69 16 28.6944
70 16 28.6944
75 16 28.6944
300 16 28.6944
340 16 28.6944
360 16 18.2648
364 16 15.456
374 16 10.5764
399 16 28.6944
400 16 28.6944
461 16 22.3214
462 16 22.3214
474 16 22.3214
475 16 22.3214
602 16 11.8203
61 17 28.6944
69 17 28.6944
70 17 28.6944
75 17 28.6944
304 17 22.3214
339 17 28.6944
360 17 18.2648
364 17 15.456
398 17 28.6944
473 17 22.3214
474 17 22.3214
547 17 13.3958
560 17 13.3958
50 18 22.3214
51 18 22.3214
63 18 28.6944
69 18 28.6944
74 18 28.6944
75 18 28.6944
304 18 22.3214
305 18 22.3214
342 18 28.6944
360 18 18.2648
374 18 10.5764
472 18 22.3214
473 18 22.3214
543 18 13.3958
547 18 13.3958
49 19 22.3214
51 19 22.3214
74 19 28.6944
301 19 22.3214
304 19 22.3214
305 19 22.3214
354 19 28.6944
360 19 18.2648
374 19 10.5764
398 19 22.3214
399 19 22.3214
471 19 22.3214
513 19 28.6944
543 19 13.3958
568 19 13.3958
47 20 22.3214
48 20 22.3214
51 20 22.3214
66 20 66.8896
73 20 28.6944
74 20 28.6944
305 20 22.3214
349 20 13.3958
354 20 28.6944
360 20 18.2648
458 20 22.3214
470 20 22.3214
568 20 13.3958
634 20 11.8203
637 20 11.8203
67 21 66.8896
74 21 28.6944
305 21 22.3214
345 21 18.2648
360 21 18.2648
395 21 28.6944
465 21 40.1606
468 21 22.3214
469 21 22.3214
494 21 22.3214
569 21 13.3958
631 21 11.8203
632 21 11.8203
633 21 11.8203
636 21 11.8203
51 22 22.3214
68 22 66.8896
72 22 28.6944
74 22 28.6944
305 22 22.3214
306 22 22.3214
331 22 18.2648
337 22 15.456
342 22 18.2648
354 22 28.6944
360 22 18.2648
363 22 28.6944
561 22 13.3958
562 22 13.3958
630 22 13.3958
633 22 11.8203
634 22 11.8203
636 22 11.8203
51 23 28.6944
68 23 28.6944
72 23 28.6944
306 23 22.3214
331 23 22.3214
342 23 18.2648
345 23 18.2648
354 23 28.6944
395 23 22.3214
483 23 22.3214
493 23 22.3214
619 23 13.3958
630 23 13.3958
631 23 13.3958
634 23 11.8203
38 24 22.3214
48 24 40.1606
52 24 22.3214
306 24 22.3214
329 24 22.3214
394 24 22.3214
395 24 22.3214
456 24 200
466 24 22.3214
468 24 22.3214
480 24 22.3214
485 24 22.3214
486 24 22.3214
572 24 13.3958
578 24 11.8203
619 24 13.3958
631 24 13.3958
634 24 11.8203
37 25 22.3214
38 25 22.3214
49 25 40.1606
50 25 28.6944
52 25 22.3214
60 25 28.6944
67 25 22.3214
74 25 22.3214
307 25 22.3214
329 25 22.3214
342 25 22.3214
370 25 7.44324
393 25 22.3214
464 25 22.3214
465 25 22.3214
466 25 22.3214
475 25 22.3214
636 25 13.3958
53 26 22.3214
68 26 22.3214
74 26 22.3214
75 26 22.3214
307 26 22.3214
361 26 18.2648
370 26 7.44324
392 26 22.3214
455 26 200
463 26 22.3214
464 26 22.3214
616 26 10.5764
625 26 11.8203
636 26 13.3958
53 27 22.3214
54 27 22.3214
60 27 28.6944
75 27 22.3214
307 27 22.3214
340 27 28.6944
372 27 7.44324
392 27 22.3214
461 27 22.3214
462 27 22.3214
463 27 22.3214
489 27 28.6944
612 27 11.8203
613 27 11.8203
626 27 11.8203
627 27 11.8203
340 28 28.6944
391 28 22.3214
460 28 22.3214
461 28 22.3214
487 28 28.6944
613 28 11.8203
628 28 11.8203
634 28 15.456
36 29 22.3214
73 29 28.6944
76 29 28.6944
79 29 28.6944
309 29 22.3214
364 29 8.73744
390 29 22.3214
391 29 22.3214
459 29 22.3214
460 29 22.3214
613 29 11.8203
625 29 11.8203
629 29 11.8203
53 30 22.3214
54 30 22.3214
55 30 22.3214
78 30 28.6944
79 30 28.6944
308 30 22.3214
309 30 22.3214
323 30 18.2648
364 30 8.73744
389 30 22.3214
390 30 22.3214
451 30 22.3214
457 30 22.3214
458 30 22.3214
536 30 13.3958
537 30 13.3958
580 30 13.3958
629 30 11.8203
73 31 22.3214
74 31 22.3214
78 31 28.6944
79 31 28.6944
308 31 22.3214
309 31 22.3214
322 31 18.2648
354 31 11.8203
355 31 11.8203
364 31 8.73744
372 31 22.3214
456 31 22.3214
457 31 22.3214
531 31 15.456
532 31 15.456
537 31 13.3958
572 31 13.3958
573 31 13.3958
574 31 13.3958
575 31 13.3958
576 31 13.3958
577 31 13.3958
578 31 13.3958
581 31 13.3958
588 31 13.3958
597 31 11.8203
637 31 22.3214
39 32 28.6944
54 32 22.3214
55 32 22.3214
78 32 28.6944
305 32 28.6944
308 32 22.3214
309 32 22.3214
322 32 18.2648
340 32 22.3214
354 32 11.8203
364 32 8.73744
395 32 15.456
454 32 22.3214
455 32 22.3214
456 32 22.3214
565 32 15.456
566 32 13.3958
570 32 15.456
582 32 13.3958
585 32 13.3958
586 32 13.3958
53 33 28.6944
54 33 28.6944
55 33 28.6944
76 33 28.6944
77 33 28.6944
78 33 28.6944
309 33 22.3214
334 33 40.1606
340 33 22.3214
354 33 11.8203
358 33 10.5764
364 33 8.73744
388 33 22.3214
449 33 40.1606
453 33 22.3214
454 33 22.3214
561 33 15.456
562 33 15.456
563 33 15.456
564 33 15.456
582 33 13.3958
583 33 13.3958
589 33 13.3958
590 33 13.3958
591 33 13.3958
603 33 11.8203
54 34 28.6944
55 34 28.6944
72 34 40.1606
75 34 28.6944
77 34 28.6944
306 34 28.6944
309 34 22.3214
315 34 18.2648
334 34 40.1606
354 34 11.8203
358 34 10.5764
364 34 8.73744
371 34 28.6944
387 34 22.3214
388 34 22.3214
452 34 22.3214
453 34 22.3214
554 34 15.456
580 34 15.456
581 34 13.3958
593 34 13.3958
597 34 13.3958
599 34 13.3958
600 34 13.3958
603 34 13.3958
604 34 13.3958
605 34 11.8203
606 34 13.3958
614 34 10.5764
615 34 10.5764
41 35 28.6944
55 35 28.6944
75 35 28.6944
76 35 28.6944
77 35 28.6944
306 35 28.6944
309 35 22.3214
314 35 18.2648
334 35 40.1606
339 35 28.6944
354 35 11.8203
358 35 10.5764
370 35 28.6944
387 35 22.3214
388 35 22.3214
451 35 22.3214
452 35 22.3214
599 35 13.3958
600 35 13.3958
601 35 13.3958
602 35 13.3958
609 35 11.8203
610 35 11.8203
611 35 11.8203
615 35 10.5764
55 36 28.6944
76 36 28.6944
306 36 28.6944
309 36 22.3214
334 36 40.1606
339 36 28.6944
354 36 11.8203
358 36 10.5764
370 36 28.6944
449 36 22.3214
450 36 22.3214
451 36 22.3214
501 36 15.456
592 36 15.456
603 36 13.3958
604 36 13.3958
605 36 13.3958
606 36 13.3958
611 36 11.8203
612 36 11.8203
75 37 28.6944
76 37 28.6944
306 37 28.6944
309 37 22.3214
334 37 40.1606
345 37 18.2648
358 37 10.5764
369 37 28.6944
448 37 22.3214
449 37 22.3214
607 37 13.3958
612 37 11.8203
616 37 10.5764
637 37 40.1606
39 38 28.6944
50 38 22.3214
74 38 28.6944
75 38 28.6944
76 38 28.6944
306 38 28.6944
309 38 22.3214
345 38 18.2648
349 38 28.6944
358 38 10.5764
364 38 18.2648
369 38 28.6944
390 38 18.2648
419 38 28.6944
420 38 28.6944
447 38 22.3214
448 38 22.3214
527 38 13.3958
547 38 13.3958
620 38 10.5764
75 39 28.6944
76 39 28.6944
306 39 28.6944
310 39 22.3214
335 39 40.1606
340 39 200
345 39 18.2648
358 39 10.5764
368 39 28.6944
385 39 28.6944
389 39 18.2648
418 39 28.6944
447 39 22.3214
548 39 13.3958
549 39 13.3958
567 39 13.3958
568 39 13.3958
612 39 13.3958
613 39 13.3958
618 39 10.5764
70 40 28.6944
76 40 28.6944
306 40 28.6944
310 40 22.3214
335 40 40.1606
341 40 200
355 40 40.1606
368 40 28.6944
383 40 28.6944
387 40 18.2648
397 40 22.3214
416 40 40.1606
445 40 22.3214
446 40 22.3214
540 40 13.3958
541 40 13.3958
542 40 13.3958
614 40 13.3958
615 40 13.3958
618 40 10.5764
619 40 10.5764
636 40 11.8203
637 40 11.8203
30 41 40.1606
35 41 40.1606
76 41 28.6944
310 41 22.3214
311 41 22.3214
368 41 28.6944
382 41 28.6944
383 41 28.6944
439 41 40.1606
444 41 22.3214
445 41 22.3214
517 41 13.3958
537 41 15.456
539 41 15.456
615 41 13.3958
616 41 13.3958
619 41 10.5764
630 41 15.456
631 41 13.3958
632 41 13.3958
633 41 13.3958
634 41 13.3958
70 42 28.6944
76 42 28.6944
310 42 22.3214
311 42 22.3214
354 42 40.1606
367 42 28.6944
382 42 28.6944
438 42 40.1606
442 42 22.3214
443 42 22.3214
616 42 13.3958
628 42 15.456
629 42 15.456
40 43 28.6944
45 43 22.3214
46 43 22.3214
47 43 22.3214
76 43 28.6944
305 43 40.1606
310 43 22.3214
311 43 22.3214
362 43 22.3214
364 43 22.3214
367 43 28.6944
437 43 40.1606
441 43 22.3214
442 43 22.3214
626 43 15.456
627 43 15.456
628 43 15.456
629 43 15.456
637 43 13.3958
38 44 28.6944
52 44 22.3214
60 44 22.3214
72 44 28.6944
76 44 28.6944
305 44 40.1606
311 44 22.3214
354 44 40.1606
358 44 28.6944
367 44 28.6944
370 44 22.3214
436 44 40.1606
440 44 22.3214
441 44 22.3214
637 44 13.3958
27 45 66.8896
46 45 28.6944
48 45 28.6944
76 45 28.6944
305 45 40.1606
354 45 40.1606
357 45 28.6944
380 45 22.3214
439 45 22.3214
440 45 22.3214
624 45 11.8203
630 45 15.456
637 45 13.3958
28 46 66.8896
33 46 66.8896
48 46 28.6944
74 46 28.6944
78 46 28.6944
312 46 22.3214
336 46 40.1606
354 46 40.1606
357 46 28.6944
362 46 40.1606
366 46 28.6944
380 46 22.3214
433 46 40.1606
434 46 40.1606
438 46 22.3214
439 46 22.3214
492 46 22.3214
624 46 11.8203
630 46 15.456
634 46 15.456
637 46 13.3958
29 47 66.8896
74 47 28.6944
75 47 28.6944
312 47 22.3214
354 47 40.1606
357 47 28.6944
362 47 40.1606
366 47 28.6944
378 47 22.3214
379 47 22.3214
432 47 40.1606
433 47 40.1606
437 47 22.3214
490 47 22.3214
491 47 22.3214
74 48 28.6944
75 48 28.6944
82 48 28.6944
313 48 22.3214
354 48 40.1606
357 48 28.6944
362 48 40.1606
365 48 28.6944
377 48 28.6944
378 48 28.6944
431 48 40.1606
436 48 22.3214
487 48 28.6944
488 48 28.6944
62 49 28.6944
74 49 28.6944
75 49 28.6944
148 49 40.1606
165 49 40.1606
313 49 22.3214
357 49 28.6944
364 49 28.6944
374 49 40.1606
377 49 28.6944
430 49 40.1606
435 49 22.3214
436 49 22.3214
634 49 15.456
22 50 40.1606
62 50 22.3214
74 50 28.6944
75 50 28.6944
148 50 40.1606
165 50 40.1606
314 50 22.3214
337 50 40.1606
353 50 40.1606
357 50 28.6944
363 50 28.6944
364 50 28.6944
376 50 28.6944
377 50 28.6944
434 50 22.3214
435 50 22.3214
484 50 28.6944
485 50 22.3214
486 50 22.3214
634 50 15.456
20 51 40.1606
21 51 40.1606
34 51 66.8896
75 51 28.6944
83 51 28.6944
314 51 22.3214
337 51 40.1606
353 51 40.1606
356 51 28.6944
364 51 28.6944
433 51 22.3214
480 51 28.6944
481 51 28.6944
482 51 28.6944
483 51 28.6944
486 51 22.3214
550 51 11.8203
551 51 11.8203
564 51 11.8203
634 51 15.456
635 51 15.456
22 52 40.1606
35 52 66.8896
61 52 22.3214
75 52 28.6944
83 52 28.6944
149 52 40.1606
314 52 22.3214
337 52 40.1606
353 52 40.1606
356 52 28.6944
357 52 28.6944
361 52 18.2648
363 52 28.6944
432 52 22.3214
433 52 22.3214
479 52 28.6944
480 52 28.6944
481 52 28.6944
482 52 28.6944
483 52 28.6944
550 52 11.8203
551 52 11.8203
14 53 40.1606
15 53 40.1606
16 53 40.1606
44 53 22.3214
62 53 22.3214
75 53 28.6944
82 53 28.6944
83 53 28.6944
149 53 40.1606
166 53 40.1606
315 53 22.3214
353 53 40.1606
426 53 40.1606
431 53 22.3214
475 53 28.6944
476 53 28.6944
519 53 15.456
523 53 13.3958
547 53 13.3958
621 53 11.8203
44 54 22.3214
45 54 22.3214
46 54 22.3214
83 54 28.6944
149 54 40.1606
152 54 40.1606
299 54 28.6944
300 54 28.6944
353 54 40.1606
356 54 28.6944
430 54 22.3214
431 54 22.3214
473 54 28.6944
474 54 28.6944
478 54 28.6944
519 54 15.456
524 54 13.3958
621 54 11.8203
15 55 40.1606
34 55 66.8896
44 55 22.3214
57 55 22.3214
76 55 28.6944
83 55 28.6944
97 55 40.1606
149 55 40.1606
167 55 40.1606
316 55 22.3214
338 55 40.1606
356 55 28.6944
364 55 200
374 55 22.3214
375 55 22.3214
429 55 22.3214
472 55 28.6944
604 55 11.8203
621 55 11.8203
35 56 66.8896
44 56 22.3214
57 56 22.3214
75 56 28.6944
76 56 28.6944
83 56 28.6944
97 56 40.1606
100 56 40.1606
101 56 40.1606
149 56 40.1606
167 56 40.1606
338 56 40.1606
356 56 28.6944
363 56 200
369 56 40.1606
373 56 22.3214
374 56 22.3214
427 56 22.3214
428 56 22.3214
471 56 28.6944
637 56 15.456
66 57 28.6944
72 57 22.3214
73 57 28.6944
82 57 28.6944
83 57 28.6944
97 57 40.1606
100 57 40.1606
101 57 40.1606
149 57 40.1606
166 57 40.1606
302 57 40.1606
307 57 28.6944
356 57 28.6944
363 57 200
369 57 40.1606
372 57 22.3214
373 57 22.3214
426 57 22.3214
427 57 22.3214
470 57 28.6944
599 57 10.5764
615 57 11.8203
18 58 40.1606
54 58 22.3214
55 58 22.3214
60 58 22.3214
66 58 28.6944
74 58 28.6944
75 58 28.6944
81 58 28.6944
82 58 28.6944
97 58 40.1606
100 58 40.1606
101 58 40.1606
149 58 40.1606
166 58 40.1606
302 58 40.1606
303 58 40.1606
345 58 22.3214
368 58 40.1606
372 58 22.3214
373 58 22.3214
420 58 40.1606
425 58 22.3214
426 58 22.3214
610 58 13.3958
615 58 11.8203
18 59 40.1606
55 59 22.3214
61 59 22.3214
74 59 22.3214
81 59 28.6944
82 59 28.6944
97 59 40.1606
100 59 40.1606
318 59 22.3214
325 59 15.456
345 59 22.3214
361 59 200
362 59 200
368 59 40.1606
380 59 15.456
424 59 22.3214
425 59 22.3214
610 59 13.3958
18 60 40.1606
34 60 40.1606
35 60 40.1606
37 60 66.8896
57 60 22.3214
70 60 40.1606
71 60 40.1606
81 60 28.6944
97 60 40.1606
100 60 40.1606
101 60 40.1606
156 60 40.1606
171 60 40.1606
318 60 22.3214
319 60 22.3214
339 60 40.1606
367 60 40.1606
372 60 22.3214
419 60 40.1606
423 60 22.3214
424 60 22.3214
466 60 28.6944
467 60 28.6944
610 60 13.3958
615 60 11.8203
33 61 40.1606
34 61 40.1606
37 61 66.8896
55 61 22.3214
75 61 28.6944
81 61 28.6944
97 61 40.1606
100 61 40.1606
156 61 40.1606
171 61 40.1606
310 61 66.8896
319 61 22.3214
361 61 200
370 61 28.6944
371 61 28.6944
372 61 22.3214
418 61 40.1606
422 61 22.3214
423 61 22.3214
440 61 28.6944
444 61 22.3214
464 61 28.6944
465 61 28.6944
610 61 13.3958
615 61 11.8203
33 62 40.1606
75 62 22.3214
81 62 28.6944
97 62 40.1606
100 62 40.1606
156 62 40.1606
171 62 40.1606
310 62 66.8896
319 62 22.3214
360 62 200
361 62 200
366 62 40.1606
369 62 28.6944
370 62 28.6944
416 62 40.1606
422 62 22.3214
440 62 28.6944
464 62 28.6944
605 62 15.456
607 62 15.456
610 62 13.3958
611 62 13.3958
33 63 66.8896
34 63 66.8896
74 63 22.3214
80 63 28.6944
81 63 28.6944
97 63 40.1606
100 63 40.1606
156 63 40.1606
159 63 40.1606
171 63 40.1606
360 63 200
366 63 40.1606
369 63 28.6944
415 63 40.1606
602 63 15.456
611 63 13.3958
20 64 40.1606
32 64 66.8896
33 64 66.8896
41 64 40.1606
55 64 22.3214
56 64 22.3214
61 64 22.3214
80 64 28.6944
81 64 28.6944
97 64 40.1606
100 64 40.1606
158 64 40.1606
161 64 40.1606
169 64 40.1606
170 64 40.1606
171 64 40.1606
360 64 66.8896
414 64 40.1606
421 64 22.3214
462 64 28.6944
463 64 28.6944
611 64 13.3958
33 65 66.8896
55 65 22.3214
56 65 22.3214
81 65 28.6944
97 65 40.1606
100 65 40.1606
144 65 40.1606
170 65 40.1606
267 65 28.6944
321 65 22.3214
360 65 66.8896
369 65 22.3214
418 65 22.3214
419 65 22.3214
420 65 22.3214
421 65 22.3214
460 65 28.6944
461 65 28.6944
462 65 28.6944
506 65 13.3958
608 65 15.456
39 66 40.1606
56 66 22.3214
60 66 28.6944
97 66 40.1606
100 66 40.1606
144 66 40.1606
168 66 40.1606
170 66 40.1606
262 66 22.3214
321 66 22.3214
360 66 66.8896
367 66 22.3214
417 66 22.3214
418 66 22.3214
458 66 28.6944
459 66 28.6944
607 66 15.456
58 67 28.6944
59 67 28.6944
67 67 22.3214
81 67 28.6944
82 67 28.6944
97 67 40.1606
100 67 40.1606
143 67 40.1606
160 67 40.1606
170 67 40.1606
211 67 22.3214
293 67 22.3214
359 67 66.8896
360 67 66.8896
415 67 28.6944
416 67 22.3214
457 67 28.6944
509 67 15.456
607 67 15.456
33 68 66.8896
48 68 28.6944
49 68 22.3214
81 68 28.6944
82 68 28.6944
97 68 40.1606
100 68 40.1606
160 68 40.1606
167 68 66.8896
170 68 40.1606
256 68 28.6944
359 68 66.8896
360 68 66.8896
409 68 40.1606
414 68 22.3214
456 68 28.6944
607 68 15.456
617 68 11.8203
49 69 28.6944
80 69 28.6944
97 69 40.1606
100 69 40.1606
156 69 40.1606
160 69 40.1606
167 69 66.8896
170 69 40.1606
244 69 28.6944
270 69 22.3214
279 69 28.6944
281 69 28.6944
359 69 66.8896
360 69 66.8896
367 69 28.6944
409 69 40.1606
456 69 28.6944
617 69 11.8203
622 69 10.5764
18 70 66.8896
46 70 40.1606
49 70 28.6944
50 70 28.6944
59 70 22.3214
60 70 22.3214
80 70 28.6944
97 70 40.1606
100 70 40.1606
160 70 40.1606
170 70 40.1606
242 70 28.6944
266 70 28.6944
323 70 22.3214
359 70 66.8896
366 70 28.6944
403 70 200
408 70 40.1606
412 70 22.3214
413 70 22.3214
455 70 28.6944
613 70 13.3958
617 70 11.8203
618 70 11.8203
622 70 10.5764
18 71 66.8896
19 71 66.8896
39 71 66.8896
47 71 40.1606
50 71 28.6944
63 71 22.3214
82 71 28.6944
97 71 40.1606
100 71 40.1606
170 71 40.1606
242 71 28.6944
266 71 28.6944
267 71 28.6944
338 71 28.6944
359 71 66.8896
365 71 28.6944
411 71 22.3214
412 71 22.3214
454 71 28.6944
531 71 15.456
576 71 15.456
613 71 13.3958
617 71 11.8203
622 71 10.5764
18 72 66.8896
19 72 66.8896
62 72 22.3214
63 72 22.3214
64 72 22.3214
76 72 66.8896
82 72 28.6944
97 72 40.1606
100 72 40.1606
144 72 40.1606
159 72 40.1606
168 72 40.1606
170 72 40.1606
171 72 40.1606
260 72 28.6944
264 72 28.6944
267 72 28.6944
341 72 22.3214
353 72 40.1606
410 72 22.3214
411 72 22.3214
453 72 28.6944
531 72 15.456
577 72 15.456
578 72 15.456
39 73 66.8896
83 73 28.6944
84 73 28.6944
97 73 40.1606
100 73 40.1606
144 73 40.1606
159 73 40.1606
170 73 40.1606
171 73 40.1606
264 73 28.6944
277 73 22.3214
325 73 22.3214
341 73 22.3214
353 73 40.1606
358 73 40.1606
359 73 40.1606
404 73 40.1606
410 73 22.3214
578 73 15.456
590 73 15.456
591 73 15.456
610 73 15.456
614 73 13.3958
39 74 66.8896
65 74 22.3214
83 74 28.6944
84 74 28.6944
100 74 40.1606
144 74 40.1606
170 74 40.1606
171 74 40.1606
262 74 28.6944
263 74 28.6944
276 74 28.6944
277 74 22.3214
325 74 22.3214
409 74 22.3214
610 74 15.456
614 74 13.3958
83 75 28.6944
84 75 28.6944
97 75 40.1606
100 75 40.1606
143 75 40.1606
144 75 40.1606
170 75 40.1606
171 75 40.1606
262 75 28.6944
274 75 28.6944
276 75 28.6944
325 75 22.3214
349 75 66.8896
361 75 22.3214
407 75 22.3214
430 75 8.73744
448 75 28.6944
449 75 28.6944
455 75 66.8896
51 76 28.6944
62 76 22.3214
63 76 22.3214
84 76 28.6944
100 76 40.1606
143 76 40.1606
170 76 40.1606
171 76 40.1606
276 76 28.6944
292 76 18.2648
338 76 22.3214
349 76 66.8896
353 76 200
366 76 18.2648
406 76 22.3214
447 76 28.6944
453 76 66.8896
33 77 66.8896
39 77 66.8896
47 77 22.3214
67 77 22.3214
84 77 28.6944
100 77 40.1606
143 77 40.1606
169 77 40.1606
170 77 40.1606
171 77 40.1606
234 77 28.6944
255 77 28.6944
256 77 28.6944
282 77 40.1606
286 77 28.6944
288 77 28.6944
289 77 22.3214
293 77 18.2648
337 77 22.3214
341 77 66.8896
362 77 22.3214
363 77 22.3214
365 77 18.2648
366 77 18.2648
405 77 22.3214
406 77 22.3214
606 77 66.8896
20 78 40.1606
21 78 40.1606
33 78 66.8896
39 78 66.8896
51 78 28.6944
55 78 15.456
75 78 28.6944
84 78 28.6944
100 78 40.1606
143 78 40.1606
169 78 40.1606
170 78 40.1606
171 78 40.1606
286 78 28.6944
340 78 66.8896
360 78 28.6944
372 78 13.3958
399 78 40.1606
403 78 22.3214
404 78 22.3214
445 78 28.6944
20 79 40.1606
21 79 40.1606
33 79 66.8896
34 79 66.8896
75 79 28.6944
82 79 28.6944
84 79 28.6944
100 79 40.1606
143 79 40.1606
153 79 40.1606
169 79 40.1606
287 79 28.6944
296 79 28.6944
299 79 22.3214
336 79 22.3214
340 79 66.8896
349 79 200
360 79 22.3214
361 79 22.3214
398 79 40.1606
402 79 22.3214
403 79 22.3214
444 79 28.6944
21 80 40.1606
22 80 40.1606
33 80 66.8896
59 80 22.3214
79 80 40.1606
80 80 40.1606
84 80 28.6944
100 80 40.1606
143 80 40.1606
277 80 200
287 80 28.6944
294 80 28.6944
332 80 28.6944
335 80 22.3214
349 80 200
402 80 22.3214
626 80 66.8896
17 81 66.8896
22 81 66.8896
58 81 22.3214
59 81 22.3214
60 81 22.3214
80 81 40.1606
83 81 28.6944
84 81 28.6944
99 81 40.1606
100 81 40.1606
170 81 40.1606
236 81 28.6944
237 81 28.6944
277 81 200
294 81 28.6944
300 81 22.3214
301 81 22.3214
329 81 40.1606
360 81 22.3214
365 81 15.456
429 81 8.73744
551 81 13.3958
17 82 66.8896
57 82 22.3214
58 82 22.3214
59 82 22.3214
83 82 28.6944
99 82 40.1606
100 82 40.1606
144 82 40.1606
145 82 40.1606
236 82 28.6944
252 82 22.3214
307 82 18.2648
334 82 22.3214
359 82 22.3214
360 82 22.3214
365 82 15.456
371 82 22.3214
409 82 11.8203
16 83 66.8896
17 83 66.8896
57 83 28.6944
58 83 22.3214
59 83 22.3214
65 83 28.6944
87 83 28.6944
99 83 40.1606
100 83 40.1606
159 83 40.1606
292 83 28.6944
304 83 22.3214
328 83 40.1606
333 83 22.3214
345 83 11.8203
359 83 22.3214
360 83 22.3214
367 83 15.456
399 83 22.3214
409 83 18.2648
439 83 40.1606
17 84 66.8896
57 84 28.6944
58 84 28.6944
59 84 28.6944
82 84 28.6944
83 84 28.6944
87 84 28.6944
99 84 40.1606
100 84 40.1606
159 84 40.1606
171 84 40.1606
328 84 40.1606
332 84 22.3214
345 84 11.8203
359 84 22.3214
398 84 22.3214
399 84 22.3214
408 84 18.2648
438 84 40.1606
439 84 40.1606
58 85 28.6944
82 85 22.3214
87 85 28.6944
99 85 40.1606
100 85 40.1606
169 85 40.1606
170 85 40.1606
171 85 40.1606
256 85 28.6944
307 85 28.6944
312 85 22.3214
313 85 22.3214
332 85 22.3214
391 85 40.1606
398 85 22.3214
399 85 22.3214
407 85 18.2648
427 85 200
438 85 40.1606
456 85 66.8896
13 86 66.8896
53 86 66.8896
74 86 200
87 86 28.6944
99 86 40.1606
100 86 40.1606
145 86 40.1606
168 86 40.1606
169 86 40.1606
256 86 28.6944
332 86 22.3214
360 86 22.3214
394 86 22.3214
397 86 22.3214
398 86 22.3214
407 86 18.2648
426 86 200
438 86 40.1606
632 86 66.8896
13 87 66.8896
14 87 66.8896
18 87 28.6944
35 87 22.3214
55 87 66.8896
87 87 28.6944
99 87 40.1606
146 87 40.1606
160 87 40.1606
168 87 40.1606
169 87 40.1606
277 87 28.6944
291 87 28.6944
360 87 22.3214
393 87 22.3214
394 87 22.3214
397 87 22.3214
407 87 18.2648
14 88 66.8896
38 88 66.8896
82 88 40.1606
83 88 40.1606
86 88 28.6944
87 88 28.6944
99 88 40.1606
146 88 40.1606
153 88 40.1606
160 88 40.1606
168 88 40.1606
277 88 28.6944
360 88 22.3214
388 88 40.1606
393 88 22.3214
432 88 28.6944
552 88 11.8203
58 89 66.8896
86 89 28.6944
99 89 40.1606
146 89 40.1606
153 89 40.1606
159 89 40.1606
168 89 40.1606
359 89 22.3214
360 89 22.3214
368 89 22.3214
383 89 8.73744
387 89 40.1606
406 89 18.2648
431 89 28.6944
471 89 22.3214
36 90 66.8896
99 90 40.1606
146 90 40.1606
158 90 40.1606
159 90 40.1606
167 90 40.1606
168 90 40.1606
333 90 22.3214
344 90 28.6944
363 90 18.2648
368 90 22.3214
390 90 22.3214
391 90 22.3214
392 90 22.3214
430 90 28.6944
549 90 15.456
4 91 40.1606
18 91 66.8896
37 91 66.8896
65 91 28.6944
99 91 40.1606
146 91 40.1606
166 91 40.1606
167 91 40.1606
301 91 28.6944
317 91 28.6944
344 91 28.6944
363 91 18.2648
389 91 22.3214
392 91 66.8896
428 91 28.6944
429 91 28.6944
549 91 15.456
4 92 40.1606
18 92 66.8896
19 92 66.8896
37 92 66.8896
65 92 28.6944
86 92 28.6944
99 92 40.1606
146 92 40.1606
165 92 40.1606
166 92 40.1606
167 92 40.1606
363 92 18.2648
388 92 22.3214
427 92 28.6944
428 92 28.6944
459 92 66.8896
4 93 40.1606
86 93 28.6944
99 93 40.1606
146 93 40.1606
165 93 40.1606
326 93 22.3214
335 93 22.3214
359 93 66.8896
387 93 22.3214
427 93 28.6944
458 93 66.8896
4 94 40.1606
5 94 40.1606
82 94 22.3214
83 94 22.3214
84 94 28.6944
85 94 28.6944
99 94 40.1606
151 94 40.1606
160 94 40.1606
307 94 28.6944
308 94 28.6944
326 94 22.3214
386 94 22.3214
426 94 28.6944
457 94 66.8896
597 94 11.8203
5 95 40.1606
36 95 66.8896
82 95 22.3214
85 95 28.6944
92 95 66.8896
96 95 40.1606
99 95 40.1606
160 95 40.1606
307 95 28.6944
325 95 22.3214
361 95 66.8896
385 95 22.3214
426 95 28.6944
432 95 28.6944
597 95 11.8203
5 96 40.1606
6 96 40.1606
16 96 66.8896
90 96 66.8896
96 96 40.1606
99 96 40.1606
146 96 40.1606
159 96 40.1606
165 96 40.1606
321 96 28.6944
325 96 22.3214
383 96 22.3214
384 96 22.3214
419 96 66.8896
601 96 66.8896
57 97 22.3214
81 97 22.3214
89 97 66.8896
90 97 66.8896
96 97 40.1606
99 97 40.1606
146 97 40.1606
159 97 40.1606
162 97 66.8896
165 97 40.1606
382 97 22.3214
383 97 22.3214
401 97 9.56938
424 97 66.8896
427 97 18.2648
7 98 40.1606
57 98 22.3214
90 98 66.8896
96 98 40.1606
99 98 40.1606
162 98 66.8896
163 98 40.1606
165 98 40.1606
168 98 40.1606
320 98 28.6944
376 98 40.1606
381 98 22.3214
382 98 22.3214
423 98 66.8896
426 98 18.2648
460 98 66.8896
8 99 66.8896
80 99 22.3214
99 99 40.1606
168 99 40.1606
326 99 200
360 99 22.3214
366 99 15.456
375 99 40.1606
376 99 40.1606
381 99 22.3214
460 99 66.8896
58 100 22.3214
78 100 22.3214
79 100 22.3214
152 100 40.1606
165 100 40.1606
168 100 40.1606
317 100 22.3214
326 100 200
359 100 22.3214
366 100 15.456
375 100 40.1606
380 100 22.3214
399 100 40.1606
78 101 22.3214
90 101 66.8896
91 101 66.8896
101 101 66.8896
152 101 40.1606
165 101 40.1606
168 101 40.1606
313 101 28.6944
344 101 18.2648
359 101 22.3214
360 101 22.3214
374 101 40.1606
379 101 22.3214
380 101 22.3214
422 101 40.1606
13 102 40.1606
54 102 40.1606
91 102 66.8896
101 102 66.8896
168 102 40.1606
312 102 28.6944
359 102 22.3214
360 102 22.3214
365 102 15.456
373 102 40.1606
374 102 40.1606
379 102 22.3214
398 102 40.1606
461 102 66.8896
94 103 66.8896
100 103 66.8896
101 103 66.8896
148 103 40.1606
168 103 40.1606
359 103 22.3214
373 103 40.1606
378 103 22.3214
460 103 66.8896
461 103 66.8896
78 104 22.3214
148 104 40.1606
167 104 40.1606
168 104 40.1606
359 104 22.3214
366 104 200
372 104 40.1606
415 104 28.6944
460 104 66.8896
78 105 22.3214
140 105 40.1606
151 105 40.1606
167 105 40.1606
168 105 40.1606
359 105 22.3214
371 105 40.1606
372 105 40.1606
377 105 22.3214
414 105 28.6944
151 106 40.1606
154 106 40.1606
167 106 40.1606
289 106 28.6944
310 106 28.6944
359 106 22.3214
365 106 200
371 106 40.1606
376 106 22.3214
421 106 40.1606
88 107 66.8896
89 107 66.8896
107 107 66.8896
141 107 40.1606
154 107 40.1606
166 107 40.1606
167 107 40.1606
169 107 40.1606
358 107 22.3214
359 107 22.3214
370 107 40.1606
375 107 22.3214
420 107 40.1606
460 107 66.8896
88 108 66.8896
99 108 40.1606
107 108 66.8896
154 108 40.1606
358 108 22.3214
369 108 40.1606
374 108 22.3214
375 108 22.3214
412 108 22.3214
419 108 40.1606
459 108 66.8896
460 108 66.8896
88 109 66.8896
142 109 40.1606
165 109 40.1606
357 109 22.3214
368 109 40.1606
373 109 22.3214
374 109 22.3214
411 109 22.3214
412 109 22.3214
418 109 40.1606
459 109 66.8896
76 110 28.6944
83 110 66.8896
84 110 66.8896
105 110 66.8896
149 110 40.1606
165 110 40.1606
171 110 40.1606
357 110 22.3214
368 110 40.1606
372 110 22.3214
373 110 22.3214
410 110 22.3214
417 110 40.1606
458 110 66.8896
76 111 28.6944
99 111 40.1606
105 111 66.8896
142 111 40.1606
152 111 40.1606
156 111 40.1606
171 111 40.1606
357 111 22.3214
358 111 22.3214
367 111 40.1606
372 111 22.3214
406 111 28.6944
410 111 22.3214
4 112 40.1606
76 112 28.6944
79 112 40.1606
99 112 40.1606
104 112 66.8896
142 112 40.1606
171 112 40.1606
335 112 22.3214
357 112 22.3214
370 112 28.6944
372 112 22.3214
406 112 28.6944
409 112 22.3214
416 112 40.1606
460 112 66.8896
4 113 40.1606
79 113 40.1606
104 113 66.8896
109 113 66.8896
110 113 66.8896
138 113 40.1606
167 113 40.1606
325 113 18.2648
357 113 22.3214
405 113 28.6944
460 113 66.8896
64 114 28.6944
82 114 66.8896
104 114 66.8896
138 114 40.1606
167 114 40.1606
171 114 40.1606
335 114 28.6944
337 114 28.6944
356 114 22.3214
369 114 28.6944
401 114 22.3214
402 114 22.3214
409 114 18.2648
138 115 40.1606
167 115 40.1606
171 115 40.1606
334 115 28.6944
335 115 28.6944
355 115 22.3214
356 115 22.3214
369 115 22.3214
400 115 22.3214
409 115 18.2648
416 115 18.2648
462 115 66.8896
463 115 66.8896
138 116 40.1606
153 116 40.1606
164 116 66.8896
167 116 40.1606
334 116 28.6944
335 116 28.6944
354 116 22.3214
355 116 22.3214
359 116 18.2648
368 116 22.3214
374 116 22.3214
399 116 22.3214
400 116 40.1606
416 116 18.2648
461 116 66.8896
462 116 66.8896
7 117 28.6944
108 117 66.8896
138 117 40.1606
153 117 40.1606
167 117 40.1606
173 117 40.1606
325 117 200
354 117 22.3214
363 117 13.3958
394 117 66.8896
395 117 66.8896
416 117 18.2648
461 117 66.8896
105 118 66.8896
138 118 40.1606
145 118 40.1606
172 118 40.1606
173 118 40.1606
325 118 200
353 118 22.3214
354 118 22.3214
363 118 22.3214
394 118 28.6944
399 118 200
409 118 10.5764
460 118 66.8896
13 119 40.1606
112 119 66.8896
138 119 40.1606
139 119 40.1606
144 119 40.1606
145 119 40.1606
172 119 40.1606
173 119 40.1606
312 119 22.3214
353 119 22.3214
364 119 22.3214
394 119 28.6944
398 119 200
406 119 200
459 119 66.8896
460 119 66.8896
25 120 28.6944
138 120 40.1606
139 120 40.1606
144 120 40.1606
170 120 40.1606
362 120 22.3214
363 120 22.3214
395 120 66.8896
459 120 66.8896
138 121 40.1606
139 121 40.1606
156 121 40.1606
157 121 40.1606
170 121 40.1606
171 121 40.1606
341 121 200
353 121 66.8896
361 121 22.3214
362 121 22.3214
392 121 22.3214
406 121 22.3214
411 121 22.3214
78 122 28.6944
79 122 28.6944
109 122 66.8896
154 122 40.1606
156 122 40.1606
157 122 40.1606
171 122 40.1606
172 122 40.1606
340 122 200
352 122 66.8896
360 122 22.3214
382 122 66.8896
388 122 28.6944
392 122 22.3214
406 122 22.3214
414 122 18.2648
462 122 66.8896
140 123 40.1606
150 123 40.1606
157 123 40.1606
172 123 40.1606
340 123 200
352 123 66.8896
358 123 22.3214
359 123 22.3214
369 123 13.3958
381 123 66.8896
387 123 28.6944
388 123 28.6944
389 123 28.6944
406 123 22.3214
414 123 18.2648
462 123 66.8896
115 124 66.8896
116 124 66.8896
140 124 40.1606
153 124 66.8896
172 124 40.1606
357 124 22.3214
358 124 22.3214
386 124 28.6944
406 124 22.3214
410 124 40.1606
462 124 66.8896
104 125 66.8896
115 125 66.8896
160 125 40.1606
172 125 40.1606
356 125 28.6944
357 125 22.3214
358 125 22.3214
385 125 28.6944
386 125 28.6944
404 125 200
412 125 22.3214
413 125 18.2648
445 125 66.8896
141 126 40.1606
172 126 40.1606
355 126 28.6944
356 126 28.6944
404 126 200
413 126 18.2648
427 126 28.6944
428 126 28.6944
462 126 66.8896
94 127 40.1606
141 127 40.1606
152 127 40.1606
157 127 40.1606
172 127 40.1606
354 127 28.6944
355 127 28.6944
356 127 28.6944
382 127 28.6944
403 127 200
411 127 40.1606
466 127 66.8896
94 128 40.1606
143 128 40.1606
156 128 40.1606
157 128 40.1606
171 128 40.1606
172 128 40.1606
354 128 28.6944
381 128 28.6944
382 128 28.6944
403 128 200
412 128 40.1606
465 128 66.8896
469 128 40.1606
94 129 40.1606
110 129 66.8896
117 129 66.8896
143 129 40.1606
156 129 40.1606
171 129 40.1606
172 129 40.1606
354 129 28.6944
403 129 200
411 129 40.1606
465 129 66.8896
29 130 40.1606
78 130 66.8896
94 130 40.1606
144 130 40.1606
171 130 40.1606
172 130 40.1606
354 130 28.6944
403 130 200
78 131 66.8896
144 131 40.1606
171 131 40.1606
172 131 40.1606
354 131 28.6944
378 131 28.6944
403 131 200
404 131 200
412 131 18.2648
6 132 40.1606
84 132 66.8896
144 132 40.1606
171 132 40.1606
172 132 40.1606
323 132 40.1606
403 132 200
411 132 18.2648
412 132 18.2648
6 133 40.1606
94 133 40.1606
95 133 40.1606
144 133 40.1606
171 133 40.1606
172 133 40.1606
323 133 40.1606
356 133 22.3214
376 133 28.6944
382 133 15.456
404 133 28.6944
411 133 18.2648
415 133 15.456
94 134 40.1606
172 134 40.1606
334 134 66.8896
356 134 22.3214
397 134 66.8896
404 134 28.6944
414 134 15.456
144 135 40.1606
145 135 40.1606
325 135 28.6944
326 135 28.6944
329 135 22.3214
365 135 66.8896
380 135 15.456
94 136 40.1606
144 136 40.1606
323 136 28.6944
325 136 28.6944
342 136 200
364 136 66.8896
372 136 22.3214
379 136 15.456
78 137 66.8896
94 137 40.1606
342 137 200
364 137 66.8896
371 137 22.3214
372 137 22.3214
397 137 66.8896
78 138 66.8896
94 138 40.1606
125 138 66.8896
208 138 66.8896
223 138 66.8896
330 138 200
363 138 66.8896
370 138 22.3214
371 138 22.3214
411 138 18.2648
81 139 66.8896
94 139 40.1606
145 139 40.1606
149 139 40.1606
176 139 40.1606
177 139 40.1606
223 139 66.8896
354 139 66.8896
362 139 66.8896
368 139 22.3214
369 139 22.3214
411 139 40.1606
94 140 40.1606
123 140 66.8896
145 140 40.1606
175 140 40.1606
176 140 40.1606
223 140 66.8896
361 140 66.8896
403 140 28.6944
404 140 28.6944
409 140 40.1606
466 140 66.8896
94 141 40.1606
109 141 40.1606
123 141 66.8896
145 141 40.1606
175 141 40.1606
223 141 66.8896
231 141 66.8896
360 141 66.8896
409 141 40.1606
78 142 66.8896
94 142 40.1606
99 142 40.1606
122 142 66.8896
123 142 66.8896
156 142 40.1606
231 142 66.8896
337 142 40.1606
401 142 66.8896
77 143 66.8896
78 143 66.8896
94 143 40.1606
99 143 40.1606
122 143 66.8896
145 143 40.1606
169 143 40.1606
77 144 66.8896
78 144 66.8896
81 144 66.8896
94 144 40.1606
145 144 40.1606
151 144 40.1606
183 144 66.8896
354 144 200
401 144 200
469 144 66.8896
77 145 66.8896
78 145 66.8896
81 145 66.8896
94 145 40.1606
145 145 40.1606
151 145 40.1606
168 145 40.1606
183 145 66.8896
342 145 200
366 145 22.3214
468 145 66.8896
77 146 66.8896
80 146 66.8896
81 146 66.8896
94 146 40.1606
144 146 40.1606
145 146 40.1606
168 146 40.1606
177 146 40.1606
334 146 66.8896
363 146 28.6944
364 146 28.6944
468 146 66.8896
77 147 66.8896
80 147 66.8896
94 147 40.1606
143 147 40.1606
177 147 40.1606
356 147 66.8896
362 147 28.6944
429 147 40.1606
467 147 66.8896
77 148 66.8896
80 148 66.8896
94 148 40.1606
159 148 40.1606
176 148 40.1606
177 148 40.1606
361 148 28.6944
408 148 40.1606
467 148 66.8896
31 149 28.6944
93 149 40.1606
94 149 40.1606
99 149 40.1606
159 149 40.1606
176 149 40.1606
361 149 28.6944
380 149 40.1606
408 149 40.1606
466 149 66.8896
89 150 66.8896
90 150 66.8896
93 150 40.1606
94 150 40.1606
99 150 40.1606
105 150 40.1606
152 150 40.1606
173 150 40.1606
175 150 40.1606
273 150 200
466 150 66.8896
93 151 40.1606
133 151 40.1606
152 151 40.1606
172 151 40.1606
173 151 40.1606
325 151 28.6944
361 151 22.3214
387 151 40.1606
93 152 40.1606
94 152 40.1606
112 152 66.8896
132 152 40.1606
172 152 40.1606
93 153 40.1606
94 153 40.1606
121 153 66.8896
126 153 66.8896
147 153 40.1606
169 153 66.8896
172 153 40.1606
360 153 22.3214
8 154 28.6944
92 154 40.1606
126 154 66.8896
147 154 40.1606
172 154 40.1606
173 154 40.1606
325 154 28.6944
358 154 22.3214
360 154 22.3214
23 155 40.1606
92 155 40.1606
110 155 66.8896
126 155 66.8896
325 155 28.6944
359 155 22.3214
360 155 22.3214
465 155 66.8896
466 155 66.8896
92 156 40.1606
152 156 40.1606
171 156 40.1606
173 156 40.1606
223 156 66.8896
359 156 22.3214
465 156 66.8896
45 157 40.1606
46 157 40.1606
129 157 40.1606
152 157 40.1606
223 157 66.8896
359 157 22.3214
366 157 15.456
389 157 40.1606
464 157 66.8896
92 158 40.1606
93 158 40.1606
152 158 40.1606
170 158 40.1606
223 158 66.8896
302 158 200
358 158 22.3214
365 158 15.456
389 158 40.1606
408 158 22.3214
10 159 66.8896
12 159 66.8896
93 159 40.1606
151 159 40.1606
169 159 40.1606
170 159 40.1606
213 159 66.8896
223 159 66.8896
299 159 200
302 159 200
325 159 28.6944
358 159 22.3214
365 159 15.456
408 159 22.3214
10 160 66.8896
12 160 66.8896
93 160 40.1606
107 160 40.1606
151 160 40.1606
167 160 40.1606
168 160 40.1606
208 160 66.8896
213 160 66.8896
223 160 66.8896
299 160 200
302 160 200
317 160 18.2648
358 160 22.3214
392 160 28.6944
462 160 66.8896
93 161 40.1606
151 161 40.1606
167 161 40.1606
213 161 66.8896
223 161 66.8896
255 161 66.8896
299 161 200
302 161 200
358 161 22.3214
93 162 40.1606
151 162 40.1606
165 162 40.1606
166 162 40.1606
191 162 66.8896
213 162 66.8896
223 162 66.8896
255 162 66.8896
299 162 200
302 162 200
358 162 22.3214
466 162 66.8896
93 163 40.1606
134 163 40.1606
152 163 40.1606
157 163 40.1606
183 163 66.8896
213 163 66.8896
223 163 66.8896
244 163 200
255 163 66.8896
299 163 200
93 164 40.1606
127 164 66.8896
128 164 66.8896
152 164 40.1606
156 164 40.1606
157 164 40.1606
165 164 66.8896
166 164 66.8896
183 164 66.8896
191 164 66.8896
208 164 66.8896
213 164 66.8896
223 164 66.8896
255 164 66.8896
357 164 22.3214
407 164 18.2648
467 164 66.8896
93 165 40.1606
99 165 40.1606
127 165 66.8896
128 165 66.8896
130 165 66.8896
152 165 40.1606
156 165 40.1606
165 165 66.8896
166 165 66.8896
191 165 66.8896
213 165 66.8896
223 165 66.8896
244 165 200
255 165 66.8896
358 165 22.3214
407 165 18.2648
48 166 22.3214
93 166 40.1606
99 166 40.1606
130 166 66.8896
151 166 40.1606
152 166 40.1606
156 166 40.1606
183 166 66.8896
191 166 66.8896
213 166 66.8896
223 166 66.8896
244 166 200
255 166 66.8896
357 166 22.3214
358 166 22.3214
405 166 40.1606
93 167 40.1606
99 167 40.1606
151 167 40.1606
155 167 40.1606
156 167 40.1606
183 167 66.8896
191 167 66.8896
213 167 66.8896
244 167 200
255 167 66.8896
355 167 22.3214
357 167 22.3214
404 167 40.1606
27 168 40.1606
34 168 66.8896
92 168 40.1606
93 168 40.1606
99 168 40.1606
151 168 40.1606
155 168 40.1606
156 168 40.1606
183 168 66.8896
191 168 66.8896
255 168 66.8896
357 168 22.3214
7 169 40.1606
92 169 40.1606
93 169 40.1606
99 169 40.1606
103 169 28.6944
125 169 40.1606
134 169 66.8896
135 169 66.8896
151 169 40.1606
155 169 40.1606
156 169 40.1606
160 169 200
183 169 66.8896
191 169 66.8896
255 169 66.8896
326 169 28.6944
403 169 40.1606
92 170 40.1606
93 170 40.1606
102 170 28.6944
103 170 28.6944
106 170 28.6944
107 170 28.6944
151 170 40.1606
155 170 40.1606
156 170 40.1606
160 170 200
165 170 66.8896
183 170 66.8896
191 170 66.8896
255 170 66.8896
319 170 66.8896
325 170 28.6944
470 170 66.8896
92 171 40.1606
93 171 40.1606
99 171 40.1606
102 171 28.6944
103 171 28.6944
107 171 28.6944
151 171 40.1606
155 171 40.1606
156 171 40.1606
160 171 200
165 171 66.8896
325 171 28.6944
392 171 40.1606
469 171 66.8896
92 172 40.1606
93 172 40.1606
99 172 40.1606
102 172 28.6944
103 172 28.6944
107 172 28.6944
109 172 28.6944
151 172 40.1606
155 172 40.1606
160 172 200
165 172 66.8896
272 172 66.8896
325 172 28.6944
357 172 22.3214
468 172 66.8896
92 173 40.1606
93 173 40.1606
99 173 40.1606
102 173 28.6944
107 173 28.6944
112 173 66.8896
128 173 40.1606
132 173 40.1606
133 173 40.1606
151 173 40.1606
155 173 40.1606
160 173 200
165 173 66.8896
272 173 66.8896
295 173 66.8896
92 174 40.1606
93 174 40.1606
99 174 40.1606
127 174 40.1606
128 174 40.1606
133 174 40.1606
151 174 40.1606
155 174 40.1606
92 175 40.1606
93 175 40.1606
99 175 40.1606
103 175 28.6944
150 175 40.1606
155 175 40.1606
279 175 66.8896
356 175 22.3214
472 175 66.8896
531 175 28.6944
532 175 28.6944
533 175 28.6944
535 175 22.3214
536 175 22.3214
537 175 22.3214
92 176 40.1606
93 176 40.1606
99 176 40.1606
103 176 28.6944
113 176 28.6944
150 176 40.1606
155 176 40.1606
400 176 40.1606
472 176 66.8896
527 176 40.1606
529 176 40.1606
530 176 40.1606
531 176 28.6944
532 176 28.6944
533 176 28.6944
534 176 28.6944
536 176 22.3214
537 176 22.3214
540 176 18.2648
92 177 40.1606
93 177 40.1606
99 177 40.1606
103 177 28.6944
109 177 28.6944
150 177 40.1606
155 177 40.1606
227 177 66.8896
315 177 40.1606
471 177 66.8896
472 177 66.8896
522 177 200
529 177 40.1606
530 177 40.1606
532 177 28.6944
534 177 28.6944
535 177 22.3214
536 177 22.3214
537 177 22.3214
538 177 22.3214
540 177 18.2648
92 178 40.1606
93 178 40.1606
99 178 40.1606
103 178 28.6944
109 178 28.6944
150 178 40.1606
152 178 40.1606
155 178 40.1606
227 178 66.8896
471 178 66.8896
530 178 40.1606
537 178 22.3214
546 178 13.3958
17 179 40.1606
92 179 40.1606
93 179 40.1606
99 179 40.1606
103 179 28.6944
109 179 28.6944
119 179 66.8896
155 179 40.1606
227 179 66.8896
334 179 40.1606
471 179 66.8896
540 179 18.2648
92 180 40.1606
93 180 40.1606
99 180 40.1606
109 180 28.6944
130 180 66.8896
131 180 66.8896
146 180 66.8896
159 180 66.8896
227 180 66.8896
247 180 66.8896
249 180 66.8896
477 180 66.8896
92 181 40.1606
93 181 40.1606
99 181 40.1606
102 181 28.6944
109 181 28.6944
127 181 200
130 181 66.8896
158 181 66.8896
159 181 66.8896
227 181 66.8896
249 181 66.8896
92 182 40.1606
93 182 40.1606
99 182 40.1606
103 182 28.6944
109 182 28.6944
114 182 28.6944
158 182 66.8896
159 182 66.8896
176 182 66.8896
227 182 66.8896
244 182 66.8896
249 182 66.8896
260 182 66.8896
399 182 40.1606
476 182 66.8896
532 182 28.6944
534 182 28.6944
536 182 22.3214
537 182 22.3214
540 182 18.2648
543 182 15.456
87 183 66.8896
88 183 66.8896
92 183 40.1606
93 183 40.1606
103 183 28.6944
109 183 28.6944
114 183 28.6944
159 183 66.8896
176 183 66.8896
227 183 66.8896
244 183 66.8896
249 183 66.8896
260 183 66.8896
355 183 22.3214
529 183 40.1606
530 183 40.1606
531 183 40.1606
532 183 28.6944
534 183 28.6944
535 183 22.3214
536 183 22.3214
537 183 22.3214
540 183 18.2648
25 184 40.1606
34 184 28.6944
87 184 66.8896
90 184 40.1606
92 184 40.1606
93 184 40.1606
109 184 28.6944
158 184 66.8896
159 184 66.8896
176 184 66.8896
227 184 66.8896
244 184 66.8896
249 184 66.8896
260 184 66.8896
355 184 22.3214
527 184 40.1606
530 184 40.1606
540 184 18.2648
543 184 15.456
546 184 13.3958
92 185 40.1606
93 185 40.1606
103 185 28.6944
109 185 28.6944
159 185 66.8896
176 185 66.8896
191 185 66.8896
224 185 200
244 185 66.8896
260 185 66.8896
355 185 22.3214
365 185 13.3958
529 185 40.1606
530 185 40.1606
537 185 22.3214
540 185 18.2648
92 186 40.1606
103 186 28.6944
109 186 28.6944
159 186 66.8896
176 186 66.8896
224 186 200
244 186 66.8896
328 186 28.6944
355 186 22.3214
524 186 200
527 186 66.8896
529 186 40.1606
530 186 40.1606
533 186 28.6944
534 186 28.6944
536 186 22.3214
537 186 22.3214
92 187 40.1606
93 187 40.1606
103 187 28.6944
109 187 28.6944
114 187 28.6944
159 187 66.8896
176 187 66.8896
244 187 66.8896
318 187 200
355 187 22.3214
362 187 40.1606
475 187 66.8896
530 187 40.1606
533 187 28.6944
534 187 28.6944
536 187 22.3214
537 187 22.3214
92 188 40.1606
93 188 40.1606
103 188 28.6944
109 188 28.6944
114 188 28.6944
159 188 66.8896
176 188 66.8896
189 188 200
191 188 200
248 188 66.8896
249 188 66.8896
259 188 66.8896
354 188 200
355 188 200
361 188 40.1606
475 188 66.8896
523 188 200
526 188 66.8896
532 188 28.6944
533 188 28.6944
534 188 28.6944
536 188 22.3214
92 189 40.1606
103 189 28.6944
109 189 28.6944
158 189 66.8896
159 189 66.8896
176 189 66.8896
259 189 66.8896
354 189 200
475 189 66.8896
529 189 40.1606
532 189 28.6944
533 189 28.6944
536 189 22.3214
90 190 40.1606
92 190 40.1606
98 190 40.1606
103 190 28.6944
155 190 40.1606
158 190 66.8896
159 190 66.8896
259 190 66.8896
260 190 66.8896
354 190 200
474 190 66.8896
532 190 28.6944
533 190 28.6944
10 191 28.6944
50 191 28.6944
92 191 40.1606
98 191 40.1606
103 191 28.6944
155 191 40.1606
158 191 66.8896
353 191 200
29 192 40.1606
30 192 40.1606
92 192 40.1606
98 192 40.1606
158 192 66.8896
170 192 66.8896
171 192 66.8896
92 193 40.1606
98 193 40.1606
103 193 28.6944
158 193 66.8896
169 193 66.8896
170 193 66.8896
358 193 18.2648
368 193 200
92 194 40.1606
98 194 40.1606
103 194 28.6944
106 194 28.6944
154 194 40.1606
158 194 66.8896
169 194 66.8896
333 194 40.1606
358 194 18.2648
366 194 200
476 194 66.8896
3 195 28.6944
92 195 40.1606
98 195 40.1606
103 195 28.6944
106 195 28.6944
148 195 40.1606
153 195 40.1606
154 195 40.1606
333 195 40.1606
358 195 18.2648
381 195 8.03858
476 195 66.8896
496 195 40.1606
28 196 28.6944
92 196 40.1606
98 196 40.1606
103 196 28.6944
106 196 28.6944
148 196 40.1606
153 196 40.1606
154 196 40.1606
358 196 18.2648
476 196 66.8896
492 196 66.8896
493 196 66.8896
494 196 66.8896
496 196 28.6944
497 196 28.6944
498 196 28.6944
501 196 22.3214
92 197 40.1606
103 197 28.6944
106 197 28.6944
148 197 40.1606
153 197 40.1606
154 197 40.1606
358 197 18.2648
376 197 200
492 197 66.8896
493 197 66.8896
496 197 28.6944
497 197 28.6944
498 197 28.6944
501 197 22.3214
9 198 28.6944
16 198 28.6944
92 198 40.1606
148 198 40.1606
153 198 40.1606
222 198 66.8896
358 198 18.2648
376 198 200
490 198 66.8896
491 198 66.8896
492 198 66.8896
493 198 66.8896
496 198 28.6944
497 198 28.6944
498 198 28.6944
27 199 28.6944
148 199 40.1606
153 199 40.1606
203 199 66.8896
220 199 66.8896
222 199 66.8896
244 199 66.8896
358 199 18.2648
368 199 200
492 199 66.8896
498 199 28.6944
27 200 28.6944
34 200 28.6944
35 200 28.6944
61 200 28.6944
148 200 40.1606
153 200 40.1606
172 200 66.8896
173 200 66.8896
203 200 66.8896
220 200 66.8896
222 200 66.8896
244 200 66.8896
281 200 66.8896
304 200 200
358 200 18.2648
27 201 28.6944
34 201 28.6944
61 201 28.6944
98 201 40.1606
103 201 28.6944
148 201 40.1606
153 201 40.1606
172 201 66.8896
203 201 66.8896
220 201 200
222 201 200
244 201 66.8896
258 201 66.8896
281 201 66.8896
27 202 28.6944
34 202 28.6944
92 202 40.1606
98 202 40.1606
103 202 28.6944
153 202 40.1606
165 202 66.8896
203 202 66.8896
220 202 200
222 202 200
244 202 66.8896
258 202 66.8896
27 203 28.6944
92 203 40.1606
98 203 40.1606
103 203 28.6944
153 203 40.1606
172 203 66.8896
203 203 66.8896
220 203 200
222 203 200
244 203 66.8896
257 203 66.8896
357 203 200
28 204 28.6944
71 204 40.1606
92 204 40.1606
98 204 40.1606
103 204 28.6944
153 204 40.1606
172 204 66.8896
203 204 66.8896
220 204 200
222 204 200
244 204 66.8896
281 204 8.03858
370 204 200
28 205 28.6944
34 205 28.6944
70 205 40.1606
71 205 40.1606
92 205 40.1606
98 205 40.1606
101 205 40.1606
103 205 40.1606
121 205 66.8896
153 205 40.1606
172 205 66.8896
203 205 66.8896
220 205 200
222 205 200
244 205 66.8896
281 205 8.03858
370 205 200
28 206 28.6944
47 206 28.6944
71 206 40.1606
92 206 40.1606
98 206 40.1606
101 206 40.1606
153 206 40.1606
203 206 66.8896
220 206 66.8896
222 206 66.8896
244 206 66.8896
252 206 66.8896
370 206 200
28 207 28.6944
55 207 28.6944
71 207 40.1606
82 207 40.1606
98 207 40.1606
101 207 40.1606
153 207 40.1606
203 207 66.8896
220 207 66.8896
222 207 66.8896
244 207 66.8896
249 207 28.6944
250 207 28.6944
298 207 66.8896
370 207 200
376 207 40.1606
28 208 28.6944
70 208 40.1606
71 208 40.1606
98 208 40.1606
100 208 40.1606
121 208 66.8896
153 208 40.1606
170 208 66.8896
202 208 66.8896
203 208 66.8896
222 208 66.8896
244 208 66.8896
298 208 66.8896
370 208 200
375 208 40.1606
376 208 40.1606
6 209 28.6944
22 209 28.6944
70 209 40.1606
71 209 40.1606
98 209 40.1606
100 209 40.1606
148 209 40.1606
153 209 40.1606
166 209 66.8896
298 209 66.8896
370 209 200
376 209 40.1606
6 210 28.6944
21 210 28.6944
22 210 28.6944
98 210 40.1606
100 210 40.1606
148 210 40.1606
153 210 40.1606
165 210 66.8896
370 210 200
376 210 40.1606
21 211 28.6944
22 211 28.6944
35 211 28.6944
61 211 28.6944
98 211 40.1606
100 211 40.1606
153 211 40.1606
165 211 66.8896
170 211 66.8896
171 211 66.8896
271 211 40.1606
285 211 13.3958
370 211 200
434 211 66.8896
15 212 40.1606
21 212 28.6944
27 212 28.6944
61 212 28.6944
125 212 200
148 212 40.1606
153 212 40.1606
165 212 66.8896
170 212 66.8896
171 212 66.8896
353 212 22.3214
370 212 200
422 212 66.8896
434 212 66.8896
15 213 40.1606
21 213 28.6944
29 213 28.6944
60 213 28.6944
61 213 28.6944
125 213 200
153 213 40.1606
154 213 40.1606
170 213 66.8896
418 213 200
21 214 28.6944
29 214 28.6944
48 214 28.6944
75 214 40.1606
76 214 40.1606
169 214 66.8896
418 214 200
21 215 28.6944
29 215 28.6944
60 215 28.6944
61 215 28.6944
153 215 40.1606
157 215 200
299 215 8.73744
402 215 200
418 215 200
21 216 28.6944
41 216 28.6944
60 216 28.6944
61 216 28.6944
153 216 40.1606
154 216 40.1606
157 216 200
237 216 66.8896
299 216 8.73744
370 216 66.8896
373 216 9.56938
9 217 40.1606
21 217 28.6944
41 217 28.6944
60 217 28.6944
154 217 40.1606
157 217 200
265 217 9.56938
269 217 8.73744
300 217 8.73744
369 217 66.8896
373 217 9.56938
9 218 40.1606
21 218 28.6944
27 218 28.6944
60 218 28.6944
100 218 28.6944
154 218 40.1606
246 218 22.3214
264 218 9.56938
265 218 9.56938
268 218 8.73744
269 218 8.73744
309 218 6.09013
310 218 6.09013
314 218 66.8896
352 218 6.93001
406 218 200
409 218 66.8896
9 219 40.1606
20 219 28.6944
27 219 28.6944
60 219 28.6944
61 219 28.6944
154 219 40.1606
207 219 66.8896
209 219 66.8896
237 219 66.8896
268 219 8.73744
309 219 6.09013
368 219 66.8896
369 219 66.8896
404 219 200
405 219 200
409 219 66.8896
9 220 40.1606
19 220 28.6944
20 220 28.6944
27 220 28.6944
60 220 28.6944
111 220 66.8896
154 220 40.1606
179 220 66.8896
188 220 66.8896
209 220 66.8896
237 220 66.8896
256 220 11.8203
257 220 11.8203
258 220 11.8203
288 220 8.03858
301 220 6.09013
307 220 5.43183
308 220 5.43183
353 220 6.93001
363 220 200
368 220 66.8896
369 220 66.8896
398 220 66.8896
399 220 66.8896
404 220 200
405 220 200
409 220 66.8896
9 221 40.1606
19 221 28.6944
27 221 28.6944
153 221 40.1606
154 221 40.1606
174 221 66.8896
179 221 66.8896
187 221 66.8896
188 221 66.8896
237 221 66.8896
255 221 13.3958
257 221 11.8203
260 221 28.6944
261 221 40.1606
262 221 40.1606
263 221 40.1606
264 221 40.1606
266 221 28.6944
292 221 7.44324
293 221 7.44324
301 221 6.09013
302 221 6.09013
306 221 5.43183
307 221 5.43183
376 221 28.6944
389 221 13.3958
9 222 40.1606
18 222 28.6944
19 222 28.6944
112 222 66.8896
154 222 40.1606
166 222 200
174 222 66.8896
179 222 66.8896
187 222 66.8896
237 222 66.8896
255 222 13.3958
257 222 11.8203
287 222 7.44324
289 222 7.44324
305 222 5.43183
306 222 5.43183
355 222 18.2648
356 222 18.2648
379 222 200
394 222 6.09013
395 222 6.09013
9 223 40.1606
18 223 28.6944
27 223 28.6944
77 223 66.8896
113 223 66.8896
154 223 40.1606
187 223 66.8896
237 223 66.8896
254 223 13.3958
257 223 13.3958
287 223 7.44324
289 223 7.44324
352 223 28.6944
355 223 18.2648
356 223 18.2648
358 223 18.2648
359 223 18.2648
379 223 200
380 223 66.8896
382 223 7.44324
8 224 40.1606
9 224 40.1606
17 224 28.6944
113 224 66.8896
153 224 40.1606
154 224 40.1606
187 224 66.8896
254 224 13.3958
255 224 13.3958
287 224 7.44324
288 224 7.44324
302 224 5.43183
356 224 18.2648
357 224 18.2648
379 224 200
382 224 7.44324
383 224 7.44324
398 224 66.8896
8 225 40.1606
17 225 28.6944
21 225 28.6944
113 225 66.8896
114 225 66.8896
153 225 40.1606
154 225 40.1606
187 225 66.8896
188 225 66.8896
256 225 13.3958
288 225 7.44324
301 225 5.43183
303 225 40.1606
317 225 15.456
318 225 15.456
319 225 15.456
320 225 15.456
331 225 9.56938
369 225 66.8896
388 225 3.52609
8 226 40.1606
16 226 28.6944
21 226 28.6944
110 226 66.8896
125 226 200
153 226 40.1606
154 226 40.1606
179 226 66.8896
300 226 5.15331
301 226 5.43183
303 226 40.1606
305 226 66.8896
314 226 18.2648
315 226 18.2648
317 226 15.456
318 226 15.456
319 226 15.456
331 226 9.56938
332 226 9.56938
358 226 18.2648
8 227 40.1606
15 227 28.6944
21 227 28.6944
34 227 28.6944
110 227 66.8896
125 227 200
147 227 40.1606
154 227 40.1606
179 227 66.8896
188 227 66.8896
258 227 13.3958
320 227 15.456
8 228 40.1606
15 228 28.6944
21 228 28.6944
110 228 66.8896
147 228 40.1606
154 228 40.1606
369 228 66.8896
8 229 40.1606
14 229 28.6944
21 229 28.6944
50 229 28.6944
94 229 40.1606
147 229 40.1606
153 229 40.1606
154 229 40.1606
286 229 40.1606
357 229 40.1606
364 229 200
369 229 66.8896
8 230 40.1606
14 230 28.6944
21 230 28.6944
94 230 40.1606
147 230 40.1606
153 230 40.1606
154 230 40.1606
261 230 66.8896
262 230 40.1606
263 230 40.1606
265 230 40.1606
266 230 28.6944
267 230 40.1606
268 230 40.1606
270 230 200
271 230 200
272 230 200
273 230 200
278 230 11.8203
282 230 22.3214
283 230 40.1606
284 230 40.1606
285 230 40.1606
286 230 40.1606
287 230 28.6944
288 230 28.6944
289 230 28.6944
290 230 28.6944
299 230 6.48298
315 230 6.93001
368 230 66.8896
8 231 40.1606
13 231 28.6944
21 231 28.6944
259 231 66.8896
260 231 40.1606
261 231 40.1606
262 231 40.1606
263 231 40.1606
264 231 40.1606
265 231 40.1606
266 231 28.6944
267 231 40.1606
268 231 40.1606
270 231 200
275 231 13.3958
277 231 11.8203
278 231 11.8203
279 231 11.8203
280 231 11.8203
281 231 11.8203
284 231 40.1606
285 231 40.1606
289 231 28.6944
299 231 6.48298
306 231 9.56938
313 231 6.93001
316 231 6.93001
330 231 5.15331
353 231 28.6944
354 231 28.6944
8 232 40.1606
13 232 28.6944
253 232 200
254 232 200
255 232 200
278 232 11.8203
279 232 11.8203
280 232 11.8203
281 232 11.8203
299 232 6.48298
306 232 9.56938
244 233 40.1606
245 233 40.1606
246 233 40.1606
247 233 40.1606
248 233 28.6944
249 233 28.6944
250 233 28.6944
260 233 40.1606
261 233 40.1606
262 233 13.3958
284 233 22.3214
299 233 6.09013
301 233 6.48298
302 233 10.5764
59 234 22.3214
264 234 11.8203
299 234 6.09013
302 234 10.5764
361 234 3.29489
59 235 22.3214
260 235 13.3958
264 235 11.8203
267 235 28.6944
268 235 28.6944
269 235 28.6944
278 235 6.93001
354 235 3.40657
288 236 8.73744
72 237 28.6944
73 237 28.6944
301 237 6.93001
73 238 28.6944
88 241 28.6944
89 242 28.6944
12 243 22.3214
12 244 22.3214
634 248 10.5764
633 249 10.5764
634 249 10.5764
633 250 10.5764
634 250 10.5764
624 252 11.8203
623 253 11.8203
626 253 10.5764
621 254 11.8203
625 254 10.5764
620 255 11.8203
621 255 11.8203
624 255 10.5764
619 256 11.8203
623 256 10.5764
627 256 10.5764
622 257 10.5764
623 257 10.5764
622 258 10.5764
45 262 18.2648
625 263 10.5764
625 264 10.5764
636 264 11.8203
637 264 11.8203
565 265 15.456
624 266 10.5764
261 267 13.3958
621 268 10.5764
621 269 10.5764
620 270 10.5764
634 271 9.56938
100 275 13.3958
101 275 13.3958
532 275 13.3958
235 277 10.5764
148 278 11.8203
149 278 11.8203
586 278 10.5764
622 278 10.5764
147 279 11.8203
145 280 11.8203
533 280 13.3958
144 281 11.8203
145 281 11.8203
615 281 10.5764
143 282 11.8203
538 282 11.8203
615 282 10.5764
141 283 11.8203
142 283 11.8203
127 284 11.8203
128 284 11.8203
140 284 11.8203
139 285 11.8203
598 285 10.5764
612 285 10.5764
108 286 10.5764
540 286 11.8203
107 287 10.5764
108 287 10.5764
109 287 10.5764
110 287 10.5764
111 287 10.5764
189 287 9.56938
543 287 10.5764
608 287 9.56938
111 288 10.5764
112 288 10.5764
113 288 10.5764
581 288 10.5764
629 288 10.5764
632 288 9.56938
633 288 9.56938
636 288 9.56938
114 289 10.5764
115 289 10.5764
116 289 10.5764
117 289 10.5764
214 289 9.56938
544 289 10.5764
587 289 10.5764
629 289 10.5764
632 289 9.56938
633 289 9.56938
117 290 10.5764
118 290 10.5764
119 290 10.5764
120 290 10.5764
632 290 9.56938
120 291 10.5764
121 291 10.5764
122 291 10.5764
123 292 10.5764
124 292 10.5764
125 292 10.5764
193 292 8.73744
17 293 9.56938
18 293 10.5764
19 293 10.5764
126 293 10.5764
127 293 10.5764
128 293 10.5764
193 293 8.73744
249 293 9.56938
16 294 9.56938
17 294 9.56938
18 294 10.5764
19 294 10.5764
20 294 10.5764
129 294 10.5764
249 295 9.56938
250 295 9.56938
251 296 9.56938
552 297 9.56938
553 298 9.56938
632 299 9.56938
634 299 9.56938
636 299 8.73744
202 300 8.03858
204 300 8.03858
617 300 9.56938
618 300 9.56938
631 300 9.56938
201 301 8.03858
205 301 8.03858
209 301 8.03858
201 302 8.03858
202 302 8.03858
166 304 7.44324
164 305 7.44324
166 305 7.44324
174 308 7.44324
174 309 7.44324
188 309 7.44324
189 309 7.44324
190 309 7.44324
182 310 8.03858
185 310 7.44324
186 310 7.44324
191 310 7.44324
182 311 8.03858
185 311 7.44324
186 311 7.44324
187 311 7.44324
186 312 7.44324
187 312 7.44324
188 312 7.44324
146 314 6.93001
178 314 6.93001
146 315 6.93001
147 315 6.93001
175 315 7.44324
178 315 6.93001
179 315 6.93001
180 315 6.93001
150 316 6.93001
152 316 6.93001
179 316 6.93001
180 316 6.93001
181 316 6.93001
134 317 6.93001
145 317 6.93001
152 317 6.93001
153 317 6.93001
173 317 6.93001
175 317 7.44324
141 318 6.93001
171 318 6.93001
172 318 6.93001
144 319 6.93001
162 319 7.44324
163 319 7.44324
166 319 6.93001
607 321 7.44324
161 323 6.48298
160 324 6.48298
161 324 6.48298
139 325 6.48298
140 325 6.09013
161 325 6.48298
137 326 6.48298
140 326 6.09013
141 326 6.09013
134 327 6.09013
135 327 6.09013
141 327 6.09013
142 327 6.09013
197 327 6.93001
198 327 6.93001
124 328 6.09013
166 328 6.48298
120 329 6.48298
124 329 6.09013
125 329 6.09013
174 329 6.48298
106 330 6.09013
356 330 6.93001
103 331 6.09013
118 331 6.48298
119 331 6.48298
131 331 6.09013
209 331 6.93001
101 332 6.09013
102 332 6.09013
103 332 6.09013
104 332 6.09013
121 332 6.09013
116 333 6.48298
122 333 6.09013
101 335 6.09013
182 337 6.48298
130 340 5.74218
131 340 5.74218
173 341 6.09013
119 342 5.74218
122 342 5.74218
124 342 5.74218
118 343 5.74218
119 343 5.74218
120 343 5.74218
121 343 5.74218
124 343 5.74218
125 343 5.74218
121 344 5.74218
122 344 5.74218
123 344 5.74218
124 344 5.74218
154 344 5.74218
123 345 5.74218
140 345 5.74218
152 346 5.74218
112 347 5.43183
113 347 5.43183
153 347 5.74218
172 347 6.09013
67 348 5.43183
79 348 5.74218
106 348 5.43183
76 349 5.15331
154 349 5.74218
76 350 5.15331
76 351 5.15331
68 352 5.43183
106 352 5.43183
110 352 5.43183
111 352 5.43183
119 352 5.43183
154 352 5.74218
59 353 5.15331
108 353 5.15331
133 353 5.43183
108 354 5.15331
109 354 5.15331
110 354 5.43183
79 355 5.15331
107 355 5.15331
108 355 5.15331
109 355 5.15331
84 356 5.15331
588 356 5.74218
84 357 5.15331
85 357 5.15331
587 357 5.74218
588 357 5.74218
85 358 5.15331
81 359 5.15331
89 359 5.15331
68 360 4.90196
69 360 4.90196
70 360 4.90196
82 360 5.15331
86 360 5.15331
89 360 5.15331
125 360 5.15331
126 360 5.15331
127 360 5.15331
128 360 5.15331
129 360 5.15331
145 360 5.43183
146 360 5.43183
147 360 5.43183
69 361 4.90196
70 361 4.90196
71 361 4.90196
66 362 4.90196
67 362 4.90196
68 362 4.90196
46 363 4.90196
116 363 5.15331
121 363 5.15331
143 363 5.43183
46 364 4.90196
77 364 6.48298
201 364 5.43183
46 365 4.90196
64 365 4.90196
65 365 4.90196
75 365 6.48298
76 365 6.48298
90 365 4.90196
66 366 4.90196
74 366 6.48298
85 366 4.90196
88 366 4.90196
90 366 4.90196
91 366 4.90196
32 367 4.67399
71 367 4.90196
84 367 4.90196
85 367 4.90196
86 367 4.90196
87 367 4.90196
30 368 4.67399
33 368 4.90196
48 368 4.67399
68 368 4.90196
69 368 4.90196
70 368 4.90196
71 368 4.90196
86 368 4.90196
87 368 4.90196
88 368 4.90196
89 368 4.90196
30 369 4.67399
49 369 4.67399
68 369 4.90196
69 369 4.90196
85 369 4.90196
88 369 4.90196
89 369 4.90196
67 370 4.90196
68 370 4.90196
69 370 4.90196
27 372 4.67399
30 372 5.43183
97 372 4.67399
25 373 4.67399
27 373 4.67399
97 373 4.67399
98 373 4.67399
99 373 4.67399
27 374 4.67399
95 374 4.67399
96 374 4.67399
97 374 4.67399
35 375 4.46628
36 375 4.46628
63 375 4.67399
64 375 4.67399
24 376 4.46628
25 376 4.46628
18 377 4.46628
24 377 4.46628
54 377 4.46628
121 377 4.90196
122 377 5.15331
55 378 4.46628
77 378 4.46628
62 379 5.15331
76 379 4.46628
78 379 4.46628
119 379 4.90196
120 379 4.90196
121 379 4.90196
57 380 4.46628
58 380 4.46628
95 380 4.46628
120 380 4.90196
57 381 4.46628
58 381 4.46628
59 381 4.46628
65 381 4.46628
66 381 4.46628
67 381 4.46628
97 381 4.46628
58 382 4.46628
59 382 4.46628
65 382 4.46628
66 382 4.46628
67 382 4.46628
68 382 4.46628
95 382 4.46628
96 382 4.46628
97 382 4.46628
102 382 4.67399
66 383 4.46628
67 383 4.46628
68 383 4.46628
65 384 4.46628
254 384 4.90196
13 385 4.10172
14 385 4.27625
274 385 4.90196
13 386 4.10172
56 386 4.46628
80 386 4.46628
275 386 4.67399
276 386 4.67399
10 387 4.10172
11 387 4.10172
12 387 4.10172
13 387 4.10172
14 387 4.10172
58 387 4.27625
59 387 4.27625
77 387 4.46628
78 387 4.46628
272 387 4.67399
78 388 4.46628
272 388 4.67399
273 388 4.67399
274 388 4.67399
275 388 4.67399
276 388 4.67399
11 389 4.10172
12 389 4.10172
273 389 4.67399
21 390 4.10172
59 390 4.27625
60 390 4.27625
58 391 4.27625
59 391 4.27625
20 392 4.10172
21 392 4.10172
95 392 5.74218
106 392 4.46628
9 393 4.27625
106 393 4.46628
107 393 4.46628
323 393 4.67399
8 394 4.10172
9 394 4.10172
105 394 4.46628
106 394 4.46628
107 394 4.46628
108 394 4.46628
112 394 4.46628
113 394 4.46628
325 394 4.67399
8 395 4.10172
9 395 4.10172
106 395 4.46628
107 395 4.46628
108 395 4.46628
206 395 4.46628
6 396 4.10172
7 396 4.10172
8 396 4.10172
93 396 5.74218
105 396 4.46628
324 397 4.46628
334 397 4.46628
335 397 4.46628
336 397 4.46628
5 398 4.10172
6 398 4.10172
16 398 4.27625
86 398 4.46628
324 398 4.46628
325 398 4.46628
326 398 4.46628
20 399 4.46628
78 399 5.15331
86 399 4.27625
106 399 4.46628
18 400 4.27625
76 400 5.15331
84 400 4.46628
85 400 4.27625
86 400 4.27625
87 400 4.27625
89 400 4.27625
15 401 3.94089
16 401 3.94089
23 401 3.94089
83 401 4.46628
86 401 4.27625
87 401 4.27625
88 401 4.27625
89 401 4.27625
113 401 4.27625
10 402 3.94089
13 402 3.94089
23 402 3.94089
58 402 4.10172
99 402 4.27625
102 402 4.27625
103 402 4.27625
10 403 3.94089
11 403 3.94089
21 403 3.94089
22 403 3.94089
59 403 4.10172
70 403 4.10172
81 403 4.67399
99 403 4.27625
100 403 4.27625
101 403 4.27625
102 403 4.27625
103 403 4.27625
104 403 4.27625
105 403 4.27625
106 403 4.27625
113 403 4.27625
114 403 4.27625
70 404 4.10172
71 404 4.10172
74 404 4.67399
82 404 4.67399
83 404 4.67399
101 404 4.27625
111 404 3.94089
112 404 4.27625
333 404 4.27625
68 405 4.10172
71 405 4.10172
78 405 4.10172
95 405 4.46628
98 405 4.27625
109 405 3.94089
68 406 4.10172
71 406 4.10172
78 406 4.10172
79 406 4.10172
108 406 3.79219
77 407 4.27625
78 407 4.10172
79 407 4.10172
80 407 4.27625
82 407 4.46628
86 407 4.10172
95 407 4.46628
107 407 3.79219
43 408 3.94089
82 408 4.10172
86 408 4.10172
184 408 4.27625
43 409 3.94089
44 409 3.94089
84 409 4.10172
85 409 4.10172
86 409 4.10172
91 409 4.10172
184 409 4.27625
45 410 3.94089
78 410 4.10172
79 410 4.10172
80 410 4.10172
91 410 4.10172
92 410 4.10172
93 410 4.10172
94 410 4.10172
95 410 4.10172
46 411 3.94089
18 412 3.79219
49 412 3.94089
18 413 3.79219
19 413 3.79219
72 413 4.10172
72 414 4.10172
73 414 4.10172
181 414 4.10172
8 415 3.79219
76 415 4.27625
79 415 4.10172
80 415 4.10172
182 415 4.10172
400 415 4.10172
75 416 4.27625
76 416 4.27625
78 416 4.10172
80 416 4.10172
3 417 3.79219
4 417 3.79219
75 417 4.27625
78 417 4.10172
79 417 4.10172
80 417 4.10172
329 417 4.10172
3 418 3.79219
70 418 3.94089
71 418 3.94089
330 418 4.10172
3 419 3.6543
4 419 3.79219
26 419 3.94089
68 419 3.94089
69 419 3.94089
70 419 3.94089
71 419 3.94089
72 419 3.94089
73 419 3.94089
75 419 3.94089
134 419 4.27625
137 419 4.10172
138 419 4.10172
4 420 3.6543
26 420 3.94089
3 421 3.6543
65 421 3.94089
263 421 3.94089
23 422 3.6543
24 422 3.6543
24 423 3.6543
25 423 3.6543
28 423 3.6543
25 424 3.6543
26 424 3.6543
203 424 3.94089
204 424 3.94089
498 424 3.94089
24 425 3.6543
136 425 3.94089
331 426 3.94089
332 426 3.94089
333 426 3.94089
334 426 3.94089
335 426 3.94089
336 426 3.79219
442 426 3.79219
503 426 3.94089
504 426 3.94089
505 426 3.94089
506 426 3.94089
508 426 3.79219
334 427 3.94089
335 427 3.94089
336 427 3.79219
337 427 3.79219
408 427 3.79219
507 427 3.94089
13 428 3.6543
439 428 3.79219
633 428 3.79219
11 429 3.6543
16 429 3.52609
181 429 3.79219
440 429 3.79219
441 429 3.79219
442 429 3.79219
443 429 3.79219
13 430 3.6543
129 430 3.79219
181 430 3.79219
182 430 3.79219
183 430 3.79219
184 430 3.79219
229 430 3.79219
408 430 3.79219
409 430 3.79219
410 430 3.79219
535 430 3.79219
588 430 3.79219
626 430 3.79219
9 431 3.52609
13 431 3.6543
131 431 3.79219
132 431 3.79219
133 431 3.79219
140 431 3.79219
141 431 3.79219
181 431 3.79219
183 431 3.79219
484 431 3.79219
508 431 3.79219
509 431 3.79219
510 431 3.79219
511 431 3.79219
552 431 3.94089
587 431 3.79219
602 431 3.6543
13 432 3.52609
134 432 3.79219
135 432 3.79219
337 432 3.79219
338 432 3.79219
394 432 3.79219
555 432 3.79219
10 433 3.52609
136 433 3.79219
148 433 3.79219
318 433 3.79219
319 433 3.79219
326 433 3.79219
332 433 3.79219
333 433 3.79219
338 433 3.79219
410 433 3.79219
560 433 3.6543
137 434 3.79219
138 434 3.79219
150 434 3.79219
152 434 3.79219
336 434 3.79219
503 434 3.79219
504 434 3.79219
505 434 3.79219
536 434 3.79219
587 434 3.79219
148 435 3.79219
149 435 3.79219
287 435 3.79219
150 436 3.79219
351 437 3.79219
352 437 3.79219
15 438 3.52609
353 438 3.6543
354 438 3.6543
355 438 3.6543
79 439 3.79219
80 439 3.79219
82 439 3.79219
164 439 3.79219
224 439 3.6543
225 439 3.6543
383 439 3.6543
384 439 3.6543
385 439 3.6543
44 440 3.6543
46 440 3.6543
47 440 3.6543
79 440 3.79219
80 440 3.79219
83 440 3.6543
84 440 3.6543
126 440 3.6543
164 440 3.79219
165 440 3.79219
167 440 3.79219
275 440 3.6543
45 441 3.6543
77 441 3.6543
78 441 3.79219
82 441 3.6543
85 441 3.52609
113 441 3.6543
114 441 3.6543
115 441 3.6543
116 441 3.6543
163 441 3.79219
196 441 3.6543
213 441 3.6543
265 441 3.6543
275 441 3.6543
276 441 3.6543
277 441 3.6543
278 441 3.6543
325 441 3.6543
338 441 3.6543
354 441 3.6543
19 442 3.40657
44 442 3.6543
45 442 3.6543
46 442 3.6543
47 442 3.6543
79 442 3.6543
83 442 3.6543
86 442 3.52609
117 442 3.6543
266 442 3.6543
338 442 3.6543
383 442 3.6543
384 442 3.6543
600 442 3.6543
40 443 3.79219
41 443 3.94089
80 443 3.6543
84 443 3.52609
118 443 3.6543
119 443 3.6543
141 443 3.6543
169 443 3.6543
170 443 3.6543
178 443 3.6543
267 443 3.6543
270 443 3.52609
424 443 3.6543
38 444 3.79219
39 444 3.79219
78 444 3.52609
170 444 3.6543
273 444 3.40657
405 444 3.6543
38 445 3.79219
40 445 3.79219
78 445 3.52609
79 445 3.52609
80 445 3.52609
81 445 3.52609
172 445 3.6543
173 445 3.52609
229 445 3.94089
234 445 3.52609
286 445 3.52609
407 445 3.52609
408 445 3.52609
36 446 3.6543
79 446 3.52609
80 446 3.52609
81 446 3.52609
82 446 3.52609
83 446 3.52609
184 446 3.52609
228 446 3.94089
229 446 3.94089
235 446 3.52609
237 446 3.52609
252 446 3.52609
253 446 3.52609
324 446 3.52609
325 446 3.52609
336 446 3.52609
425 446 3.52609
34 447 3.52609
36 447 3.52609
37 447 3.6543
38 447 3.6543
44 447 3.52609
45 447 3.52609
172 447 3.52609
184 447 3.52609
185 447 3.52609
186 447 3.52609
234 447 3.52609
235 447 3.52609
236 447 3.52609
252 447 3.52609
253 447 3.52609
254 447 3.52609
255 447 3.52609
311 447 3.52609
336 447 3.52609
337 447 3.52609
338 447 3.52609
339 447 3.52609
34 448 3.52609
35 448 3.52609
40 448 3.52609
45 448 3.52609
46 448 3.52609
175 448 3.52609
180 448 3.52609
541 448 3.52609
35 449 3.52609
36 449 3.52609
37 449 3.52609
38 449 3.52609
120 449 3.52609
170 449 3.6543
176 449 3.52609
177 449 3.52609
178 449 3.52609
180 449 3.52609
227 449 3.52609
228 449 3.52609
241 449 3.52609
242 449 3.52609
243 449 3.52609
244 449 3.52609
33 450 3.52609
34 450 3.52609
39 450 3.52609
40 450 3.52609
41 450 3.52609
45 450 3.52609
185 450 3.79219
249 450 3.52609
251 450 3.52609
252 450 3.52609
253 450 3.52609
329 450 3.52609
330 450 3.52609
331 450 3.52609
379 450 3.52609
433 450 3.52609
434 450 3.52609
36 451 3.40657
37 451 3.40657
38 451 3.40657
43 451 3.52609
127 451 3.52609
235 451 3.52609
236 451 3.52609
38 452 3.40657
39 452 3.40657
40 452 3.40657
189 452 3.52609
236 452 3.52609
238 452 3.52609
600 452 3.52609
35 453 3.40657
183 453 3.52609
190 453 3.52609
599 453 3.52609
191 454 3.52609
192 454 3.40657
212 454 3.52609
213 454 3.52609
214 454 3.40657
215 454 3.40657
182 455 3.52609
212 455 3.52609
213 455 3.52609
214 455 3.40657
215 455 3.40657
216 455 3.40657
380 455 3.40657
381 455 3.40657
99 456 3.40657
100 456 3.40657
146 456 3.40657
147 456 3.40657
148 456 3.40657
378 456 3.40657
627 456 3.29489
101 457 3.40657
102 457 3.40657
219 457 3.40657
220 457 3.40657
221 457 3.40657
222 457 3.40657
78 458 3.40657
169 458 3.40657
181 458 3.40657
182 458 3.40657
224 458 3.40657
225 458 3.40657
226 458 3.40657
443 458 3.40657
142 459 3.40657
143 459 3.40657
144 459 3.40657
183 459 3.40657
207 459 3.40657
208 459 3.40657
209 459 3.40657
227 459 3.40657
444 459 3.40657
102 460 3.40657
124 460 3.40657
162 460 3.40657
163 460 3.40657
446 460 3.40657
103 461 3.40657
124 461 3.40657
125 461 3.40657
177 461 3.29489
223 461 3.40657
224 461 3.40657
406 461 3.40657
126 462 3.40657
127 462 3.40657
159 462 3.40657
313 462 3.29489
104 463 3.29489
105 463 3.29489
108 463 3.29489
161 463 3.40657
343 463 3.29489
106 464 3.29489
137 464 3.29489
108 465 3.29489
202 465 3.29489
203 465 3.29489
204 465 3.29489
205 465 3.29489
219 465 3.29489
109 466 3.29489
118 466 3.29489
119 466 3.29489
56 467 3.40657
57 467 3.40657
59 467 3.40657
122 467 3.29489
187 467 3.29489
188 467 3.29489
471 467 3.29489
573 467 3.40657
19 468 3.29489
60 468 3.29489
430 468 3.29489
431 468 3.29489
573 468 3.40657
574 468 3.40657
575 468 3.40657
576 468 3.29489
58 469 3.29489
161 469 3.29489
213 469 3.29489
214 469 3.29489
215 469 3.29489
252 469 3.29489
303 469 3.29489
304 469 3.29489
575 469 3.29489
603 469 3.29489
11 470 3.29489
57 470 3.52609
59 470 3.1903
60 470 3.1903
286 470 3.40657
289 470 3.29489
304 470 3.29489
361 470 3.29489
431 470 3.29489
576 470 3.29489
577 470 3.29489
578 470 3.29489
579 470 3.29489
15 471 3.1903
16 471 3.1903
53 471 3.1903
60 471 3.1903
61 471 3.1903
305 471 3.29489
306 471 3.29489
576 471 3.29489
577 471 3.29489
580 471 3.1903
11 472 3.29489
52 472 3.1903
53 472 3.1903
55 472 3.52609
61 472 3.1903
62 472 3.1903
183 472 3.1903
362 472 3.29489
579 472 3.29489
7 473 3.1903
8 473 3.1903
52 473 3.1903
62 473 3.1903
63 473 3.1903
386 473 3.1903
7 474 3.1903
8 474 3.1903
163 474 3.1903
200 474 3.1903
201 474 3.1903
212 474 3.1903
60 475 3.1903
151 475 3.1903
175 475 3.1903
212 475 3.1903
213 475 3.1903
247 475 3.1903
288 475 3.1903
312 475 3.1903
313 475 3.1903
603 475 3.09215
6 476 3.09215
7 476 3.09215
8 476 3.09215
50 476 3.1903
52 476 3.1903
53 476 3.29489
60 476 3.09215
61 476 3.09215
62 476 3.09215
64 476 3.1903
197 476 3.1903
198 476 3.1903
199 476 3.1903
234 476 3.1903
235 476 3.1903
264 476 3.1903
265 476 3.1903
266 476 3.1903
267 476 3.1903
303 476 3.1903
313 476 3.1903
314 476 3.1903
50 477 3.1903
52 477 3.1903
59 477 3.09215
60 477 3.09215
61 477 3.09215
135 477 3.1903
198 477 3.1903
199 477 3.1903
234 477 3.1903
235 477 3.1903
542 477 3.1903
568 477 3.1903
569 477 3.1903
