34 3 22.3214
35 3 22.3214
36 3 22.3214
52 3 28.6944
225 3 22.3214
291 3 22.3214
295 3 22.3214
337 3 15.456
343 3 66.8896
349 3 28.6944
356 3 18.2648
402 3 22.3214
415 3 11.8203
563 3 11.8203
564 3 11.8203
632 3 40.1606
16 4 22.3214
20 4 22.3214
21 4 22.3214
32 4 22.3214
33 4 22.3214
48 4 28.6944
52 4 22.3214
55 4 22.3214
56 4 22.3214
292 4 22.3214
295 4 22.3214
330 4 22.3214
340 4 22.3214
343 4 66.8896
355 4 18.2648
356 4 18.2648
379 4 28.6944
506 4 22.3214
597 4 13.3958
616 4 10.5764
617 4 10.5764
633 4 10.5764
16 5 22.3214
23 5 22.3214
24 5 22.3214
29 5 22.3214
32 5 22.3214
34 5 22.3214
48 5 28.6944
52 5 22.3214
56 5 22.3214
57 5 22.3214
296 5 22.3214
329 5 22.3214
330 5 22.3214
343 5 66.8896
355 5 18.2648
356 5 18.2648
373 5 28.6944
398 5 28.6944
401 5 22.3214
484 5 22.3214
31 6 22.3214
32 6 22.3214
34 6 22.3214
35 6 28.6944
50 6 22.3214
51 6 28.6944
56 6 22.3214
57 6 22.3214
61 6 28.6944
296 6 22.3214
333 6 6.48298
337 6 22.3214
356 6 18.2648
481 6 22.3214
564 6 11.8203
618 6 10.5764
16 7 22.3214
27 7 22.3214
31 7 22.3214
39 7 22.3214
48 7 28.6944
56 7 22.3214
60 7 28.6944
61 7 28.6944
296 7 22.3214
333 7 6.48298
338 7 22.3214
356 7 18.2648
479 7 22.3214
480 7 22.3214
564 7 11.8203
16 8 22.3214
22 8 22.3214
24 8 22.3214
39 8 22.3214
56 8 22.3214
60 8 28.6944
61 8 28.6944
293 8 28.6944
296 8 22.3214
297 8 22.3214
329 8 66.8896
330 8 66.8896
333 8 6.48298
338 8 28.6944
356 8 18.2648
366 8 28.6944
479 8 22.3214
560 8 13.3958
561 8 13.3958
16 9 22.3214
17 9 22.3214
25 9 22.3214
35 9 40.1606
55 9 22.3214
56 9 22.3214
265 9 22.3214
290 9 40.1606
294 9 28.6944
297 9 22.3214
356 9 18.2648
398 9 22.3214
399 9 22.3214
477 9 22.3214
478 9 22.3214
486 9 22.3214
549 9 13.3958
16 10 22.3214
17 10 22.3214
28 10 22.3214
29 10 22.3214
30 10 22.3214
45 10 22.3214
46 10 22.3214
55 10 22.3214
56 10 22.3214
61 10 28.6944
264 10 22.3214
290 10 40.1606
294 10 28.6944
297 10 22.3214
327 10 200
330 10 66.8896
336 10 28.6944
356 10 18.2648
398 10 22.3214
399 10 22.3214
476 10 22.3214
29 11 22.3214
30 11 22.3214
32 11 22.3214
47 11 22.3214
55 11 22.3214
56 11 22.3214
60 11 22.3214
61 11 22.3214
291 11 40.1606
294 11 28.6944
339 11 200
356 11 18.2648
370 11 10.5764
397 11 28.6944
460 11 22.3214
461 11 22.3214
475 11 22.3214
574 11 13.3958
579 11 11.8203
35 12 22.3214
36 12 22.3214
55 12 22.3214
56 12 22.3214
61 12 22.3214
291 12 40.1606
298 12 22.3214
339 12 200
350 12 28.6944
356 12 18.2648
370 12 10.5764
396 12 28.6944
397 12 28.6944
460 12 22.3214
473 12 22.3214
474 12 22.3214
35 13 22.3214
36 13 22.3214
299 13 22.3214
328 13 7.44324
334 13 28.6944
337 13 200
339 13 200
356 13 18.2648
370 13 10.5764
396 13 28.6944
472 13 22.3214
473 13 22.3214
566 13 13.3958
576 13 13.3958
18 14 22.3214
32 14 22.3214
33 14 22.3214
41 14 22.3214
59 14 22.3214
60 14 22.3214
295 14 28.6944
298 14 22.3214
299 14 22.3214
325 14 200
334 14 28.6944
337 14 22.3214
356 14 18.2648
370 14 10.5764
471 14 22.3214
472 14 22.3214
576 14 13.3958
577 14 13.3958
29 15 22.3214
33 15 22.3214
34 15 22.3214
35 15 22.3214
37 15 28.6944
59 15 22.3214
60 15 22.3214
295 15 28.6944
299 15 22.3214
334 15 22.3214
339 15 22.3214
351 15 10.5764
356 15 18.2648
370 15 10.5764
395 15 22.3214
458 15 22.3214
470 15 22.3214
577 15 13.3958
35 16 22.3214
59 16 22.3214
60 16 22.3214
259 16 22.3214
295 16 28.6944
299 16 22.3214
316 16 10.5764
334 16 22.3214
337 16 18.2648
338 16 18.2648
351 16 10.5764
356 16 18.2648
370 16 10.5764
394 16 22.3214
457 16 22.3214
469 16 22.3214
579 16 13.3958
22 17 22.3214
53 17 22.3214
54 17 22.3214
58 17 22.3214
60 17 22.3214
299 17 22.3214
300 17 22.3214
326 17 18.2648
334 17 22.3214
337 17 18.2648
351 17 10.5764
356 17 18.2648
369 17 10.5764
468 17 22.3214
592 17 11.8203
627 17 10.5764
628 17 10.5764
22 18 22.3214
37 18 28.6944
53 18 22.3214
54 18 22.3214
56 18 28.6944
60 18 22.3214
300 18 22.3214
334 18 22.3214
351 18 10.5764
356 18 18.2648
628 18 10.5764
637 18 11.8203
22 19 22.3214
23 19 22.3214
32 19 22.3214
37 19 22.3214
54 19 22.3214
60 19 22.3214
295 19 40.1606
300 19 22.3214
337 19 18.2648
456 19 200
467 19 22.3214
493 19 22.3214
623 19 11.8203
628 19 10.5764
21 20 22.3214
22 20 22.3214
33 20 28.6944
35 20 22.3214
48 20 200
53 20 22.3214
60 20 22.3214
61 20 22.3214
66 20 22.3214
300 20 22.3214
301 20 22.3214
357 20 18.2648
390 20 22.3214
391 20 22.3214
465 20 22.3214
466 20 22.3214
479 20 22.3214
624 20 11.8203
35 21 28.6944
38 21 22.3214
53 21 22.3214
54 21 22.3214
61 21 22.3214
62 21 22.3214
301 21 22.3214
334 21 22.3214
337 21 22.3214
351 21 10.5764
357 21 18.2648
390 21 22.3214
463 21 22.3214
464 21 22.3214
465 21 22.3214
572 21 13.3958
576 21 13.3958
23 22 22.3214
38 22 22.3214
39 22 22.3214
301 22 22.3214
302 22 22.3214
334 22 28.6944
337 22 22.3214
357 22 18.2648
389 22 22.3214
462 22 22.3214
463 22 22.3214
584 22 13.3958
588 22 13.3958
589 22 13.3958
631 22 9.56938
20 23 22.3214
60 23 22.3214
65 23 28.6944
334 23 28.6944
389 23 22.3214
460 23 22.3214
461 23 22.3214
462 23 22.3214
532 23 13.3958
578 23 13.3958
579 23 13.3958
580 23 13.3958
627 23 10.5764
631 23 9.56938
632 23 9.56938
20 24 22.3214
60 24 28.6944
65 24 28.6944
318 24 18.2648
334 24 28.6944
365 24 7.44324
388 24 22.3214
459 24 22.3214
460 24 22.3214
572 24 13.3958
573 24 13.3958
579 24 13.3958
580 24 13.3958
581 24 13.3958
582 24 13.3958
583 24 13.3958
587 24 13.3958
588 24 13.3958
602 24 11.8203
603 24 11.8203
617 24 10.5764
632 24 9.56938
38 25 22.3214
39 25 22.3214
64 25 28.6944
65 25 28.6944
302 25 22.3214
303 25 22.3214
317 25 18.2648
334 25 28.6944
336 25 28.6944
351 25 28.6944
365 25 7.44324
387 25 22.3214
455 25 22.3214
458 25 22.3214
459 25 22.3214
487 25 28.6944
570 25 13.3958
572 25 13.3958
573 25 13.3958
575 25 13.3958
591 25 13.3958
595 25 13.3958
596 25 13.3958
610 25 11.8203
612 25 11.8203
632 25 9.56938
23 26 22.3214
59 26 22.3214
60 26 22.3214
64 26 28.6944
65 26 28.6944
302 26 22.3214
303 26 22.3214
309 26 18.2648
336 26 22.3214
351 26 28.6944
384 26 28.6944
386 26 22.3214
387 26 22.3214
456 26 22.3214
457 26 22.3214
567 26 15.456
568 26 15.456
569 26 15.456
597 26 13.3958
598 26 13.3958
599 26 13.3958
610 26 11.8203
611 26 11.8203
612 26 11.8203
613 26 11.8203
624 26 10.5764
625 26 10.5764
632 26 9.56938
22 27 22.3214
25 27 22.3214
39 27 22.3214
40 27 22.3214
299 27 28.6944
302 27 22.3214
303 27 22.3214
313 27 22.3214
349 27 11.8203
383 27 28.6944
386 27 22.3214
455 27 22.3214
456 27 22.3214
508 27 13.3958
604 27 13.3958
605 27 13.3958
606 27 13.3958
607 27 13.3958
608 27 13.3958
614 27 11.8203
615 27 13.3958
618 27 11.8203
619 27 11.8203
627 27 10.5764
634 27 9.56938
23 28 22.3214
37 28 22.3214
40 28 22.3214
62 28 22.3214
64 28 22.3214
300 28 28.6944
303 28 22.3214
310 28 18.2648
335 28 22.3214
349 28 11.8203
362 28 8.03858
453 28 22.3214
454 28 22.3214
601 28 15.456
609 28 13.3958
610 28 13.3958
611 28 13.3958
620 28 11.8203
628 28 10.5764
634 28 9.56938
40 29 22.3214
57 29 40.1606
61 29 22.3214
62 29 22.3214
300 29 28.6944
303 29 22.3214
330 29 40.1606
335 29 22.3214
349 29 11.8203
359 29 8.73744
373 29 6.48298
396 29 11.8203
452 29 22.3214
453 29 22.3214
612 29 13.3958
613 29 13.3958
614 29 13.3958
615 29 13.3958
620 29 11.8203
621 29 11.8203
628 29 10.5764
634 29 9.56938
635 29 9.56938
39 30 22.3214
40 30 22.3214
59 30 22.3214
61 30 22.3214
62 30 22.3214
63 30 22.3214
300 30 28.6944
303 30 22.3214
304 30 22.3214
330 30 40.1606
335 30 22.3214
384 30 22.3214
385 30 22.3214
451 30 22.3214
452 30 22.3214
549 30 13.3958
618 30 13.3958
623 30 11.8203
628 30 10.5764
635 30 9.56938
23 31 22.3214
26 31 28.6944
40 31 22.3214
41 31 22.3214
61 31 22.3214
63 31 22.3214
300 31 28.6944
303 31 22.3214
304 31 22.3214
329 31 40.1606
349 31 11.8203
367 31 28.6944
368 31 28.6944
384 31 22.3214
450 31 22.3214
451 31 22.3214
620 31 13.3958
624 31 11.8203
625 31 11.8203
630 31 10.5764
631 31 10.5764
23 32 22.3214
62 32 22.3214
300 32 28.6944
303 32 22.3214
304 32 22.3214
329 32 40.1606
350 32 11.8203
361 32 18.2648
366 32 28.6944
448 32 22.3214
449 32 22.3214
574 32 13.3958
575 32 13.3958
618 32 13.3958
625 32 11.8203
626 32 11.8203
631 32 10.5764
35 33 22.3214
60 33 28.6944
61 33 28.6944
62 33 28.6944
300 33 28.6944
303 33 22.3214
304 33 22.3214
329 33 40.1606
330 33 40.1606
340 33 18.2648
350 33 11.8203
360 33 18.2648
364 33 28.6944
366 33 28.6944
447 33 22.3214
448 33 22.3214
545 33 13.3958
546 33 13.3958
627 33 11.8203
628 33 11.8203
35 34 22.3214
36 34 22.3214
48 34 28.6944
49 34 28.6944
61 34 28.6944
62 34 28.6944
300 34 28.6944
304 34 22.3214
330 34 40.1606
336 34 22.3214
340 34 18.2648
350 34 11.8203
360 34 18.2648
387 34 18.2648
446 34 22.3214
447 34 22.3214
521 34 13.3958
542 34 13.3958
625 34 13.3958
626 34 11.8203
38 35 200
56 35 22.3214
62 35 22.3214
300 35 28.6944
301 35 28.6944
304 35 22.3214
330 35 40.1606
336 35 22.3214
350 35 11.8203
354 35 28.6944
360 35 18.2648
365 35 28.6944
381 35 22.3214
384 35 18.2648
445 35 22.3214
446 35 22.3214
539 35 15.456
626 35 13.3958
28 36 28.6944
30 36 28.6944
39 36 200
44 36 22.3214
45 36 22.3214
56 36 22.3214
62 36 28.6944
300 36 28.6944
304 36 22.3214
330 36 40.1606
336 36 22.3214
348 36 40.1606
350 36 40.1606
354 36 28.6944
360 36 18.2648
365 36 28.6944
371 36 6.93001
416 36 28.6944
445 36 22.3214
61 37 28.6944
62 37 28.6944
304 37 22.3214
305 37 22.3214
330 37 40.1606
336 37 22.3214
348 37 40.1606
350 37 40.1606
353 37 28.6944
354 37 28.6944
364 37 28.6944
371 37 6.93001
380 37 22.3214
443 37 22.3214
444 37 22.3214
635 37 11.8203
636 37 11.8203
23 38 22.3214
62 38 28.6944
63 38 28.6944
301 38 28.6944
304 38 22.3214
305 38 22.3214
330 38 40.1606
350 38 40.1606
354 38 28.6944
359 38 18.2648
363 38 28.6944
379 38 22.3214
413 38 40.1606
437 38 40.1606
441 38 22.3214
442 38 22.3214
635 38 11.8203
636 38 11.8203
32 39 22.3214
42 39 28.6944
44 39 22.3214
62 39 28.6944
301 39 28.6944
305 39 22.3214
348 39 40.1606
350 39 40.1606
359 39 18.2648
363 39 15.456
378 39 22.3214
379 39 22.3214
436 39 40.1606
440 39 22.3214
441 39 22.3214
635 39 11.8203
31 40 22.3214
32 40 22.3214
36 40 66.8896
45 40 22.3214
46 40 22.3214
59 40 22.3214
305 40 22.3214
331 40 40.1606
337 40 22.3214
350 40 40.1606
359 40 18.2648
378 40 22.3214
435 40 40.1606
439 40 22.3214
440 40 22.3214
32 41 22.3214
38 41 66.8896
59 41 22.3214
299 41 40.1606
302 41 28.6944
306 41 22.3214
331 41 40.1606
337 41 22.3214
350 41 40.1606
353 41 28.6944
359 41 18.2648
377 41 22.3214
438 41 22.3214
16 42 66.8896
32 42 22.3214
60 42 22.3214
299 42 40.1606
302 42 28.6944
306 42 22.3214
331 42 40.1606
353 42 28.6944
364 42 28.6944
376 42 22.3214
377 42 22.3214
437 42 22.3214
438 42 22.3214
575 42 10.5764
27 43 66.8896
60 43 22.3214
68 43 22.3214
303 43 28.6944
307 43 22.3214
331 43 40.1606
349 43 40.1606
350 43 40.1606
353 43 28.6944
362 43 28.6944
376 43 22.3214
436 43 22.3214
562 43 10.5764
18 44 66.8896
24 44 66.8896
60 44 22.3214
61 44 22.3214
303 44 28.6944
307 44 22.3214
349 44 40.1606
350 44 40.1606
353 44 28.6944
358 44 40.1606
362 44 28.6944
371 44 40.1606
375 44 22.3214
435 44 22.3214
489 44 22.3214
557 44 11.8203
558 44 11.8203
15 45 40.1606
24 45 66.8896
47 45 22.3214
48 45 22.3214
60 45 22.3214
61 45 22.3214
307 45 22.3214
308 45 22.3214
349 45 40.1606
350 45 40.1606
353 45 28.6944
358 45 40.1606
361 45 28.6944
363 45 28.6944
374 45 22.3214
430 45 40.1606
434 45 22.3214
60 46 22.3214
61 46 22.3214
70 46 22.3214
304 46 28.6944
308 46 22.3214
349 46 40.1606
353 46 28.6944
357 46 40.1606
361 46 28.6944
370 46 40.1606
373 46 22.3214
374 46 22.3214
433 46 22.3214
434 46 22.3214
486 46 28.6944
61 47 22.3214
69 47 28.6944
70 47 28.6944
139 47 40.1606
157 47 40.1606
305 47 28.6944
308 47 22.3214
349 47 40.1606
352 47 28.6944
360 47 28.6944
373 47 22.3214
427 47 40.1606
432 47 22.3214
527 47 13.3958
616 47 13.3958
632 47 11.8203
10 48 40.1606
47 48 22.3214
61 48 22.3214
69 48 28.6944
70 48 28.6944
139 48 40.1606
305 48 28.6944
309 48 22.3214
332 48 40.1606
349 48 40.1606
352 48 28.6944
360 48 28.6944
373 48 22.3214
431 48 22.3214
483 48 28.6944
485 48 22.3214
528 48 13.3958
616 48 13.3958
9 49 40.1606
10 49 66.8896
28 49 22.3214
29 49 22.3214
48 49 22.3214
61 49 22.3214
62 49 22.3214
69 49 28.6944
139 49 40.1606
305 49 28.6944
309 49 22.3214
349 49 40.1606
352 49 66.8896
353 49 66.8896
359 49 28.6944
425 49 40.1606
430 49 22.3214
479 49 28.6944
480 49 28.6944
481 49 28.6944
482 49 28.6944
630 49 11.8203
11 50 66.8896
12 50 66.8896
29 50 22.3214
49 50 22.3214
62 50 22.3214
69 50 28.6944
70 50 28.6944
139 50 40.1606
157 50 40.1606
310 50 22.3214
339 50 22.3214
353 50 66.8896
424 50 40.1606
429 50 22.3214
430 50 22.3214
478 50 28.6944
637 50 8.73744
9 51 66.8896
52 51 22.3214
58 51 22.3214
62 51 22.3214
69 51 28.6944
139 51 40.1606
157 51 40.1606
158 51 40.1606
306 51 28.6944
310 51 22.3214
339 51 22.3214
352 51 66.8896
360 51 200
372 51 22.3214
405 51 15.456
428 51 22.3214
473 51 28.6944
474 51 28.6944
477 51 28.6944
543 51 11.8203
14 52 66.8896
51 52 22.3214
62 52 22.3214
68 52 28.6944
69 52 28.6944
139 52 40.1606
158 52 40.1606
293 52 28.6944
311 52 22.3214
352 52 66.8896
360 52 200
371 52 22.3214
427 52 22.3214
472 52 28.6944
473 52 28.6944
41 53 22.3214
51 53 22.3214
52 53 22.3214
68 53 28.6944
69 53 28.6944
90 53 40.1606
140 53 40.1606
158 53 40.1606
307 53 28.6944
311 53 22.3214
352 53 66.8896
357 53 200
359 53 200
370 53 22.3214
470 53 28.6944
617 53 13.3958
625 53 10.5764
39 54 22.3214
40 54 22.3214
45 54 22.3214
46 54 22.3214
60 54 22.3214
68 54 28.6944
69 54 28.6944
90 54 40.1606
140 54 40.1606
158 54 40.1606
159 54 40.1606
264 54 28.6944
359 54 200
369 54 22.3214
370 54 22.3214
424 54 22.3214
469 54 28.6944
470 54 28.6944
618 54 13.3958
625 54 10.5764
6 55 40.1606
40 55 22.3214
41 55 22.3214
46 55 22.3214
47 55 22.3214
60 55 22.3214
62 55 22.3214
67 55 28.6944
68 55 28.6944
87 55 40.1606
90 55 40.1606
140 55 40.1606
159 55 40.1606
301 55 28.6944
306 55 40.1606
334 55 40.1606
340 55 22.3214
359 55 200
368 55 22.3214
369 55 22.3214
423 55 22.3214
424 55 22.3214
618 55 13.3958
35 56 22.3214
47 56 22.3214
56 56 40.1606
57 56 40.1606
61 56 22.3214
67 56 28.6944
87 56 40.1606
90 56 40.1606
140 56 40.1606
157 56 40.1606
296 56 40.1606
298 56 40.1606
313 56 22.3214
334 56 40.1606
340 56 22.3214
358 56 200
364 56 40.1606
369 56 22.3214
422 56 22.3214
423 56 22.3214
474 56 200
613 56 13.3958
618 56 13.3958
7 57 40.1606
39 57 22.3214
40 57 22.3214
44 57 40.1606
50 57 200
61 57 22.3214
68 57 28.6944
87 57 40.1606
90 57 40.1606
313 57 22.3214
320 57 15.456
334 57 40.1606
344 57 7.44324
358 57 200
368 57 22.3214
421 57 22.3214
618 57 13.3958
619 57 13.3958
623 57 11.8203
630 57 10.5764
634 57 9.56938
40 58 22.3214
41 58 22.3214
61 58 22.3214
62 58 22.3214
87 58 40.1606
90 58 40.1606
147 58 40.1606
158 58 40.1606
162 58 40.1606
163 58 40.1606
255 58 28.6944
313 58 22.3214
314 58 22.3214
334 58 40.1606
350 58 66.8896
356 58 200
363 58 40.1606
367 58 22.3214
368 58 22.3214
415 58 40.1606
420 58 22.3214
421 58 22.3214
465 58 28.6944
618 58 13.3958
619 58 13.3958
630 58 10.5764
15 59 66.8896
22 59 40.1606
67 59 28.6944
87 59 40.1606
90 59 40.1606
147 59 40.1606
148 59 40.1606
162 59 40.1606
310 59 28.6944
314 59 22.3214
334 59 40.1606
356 59 200
366 59 22.3214
367 59 22.3214
414 59 40.1606
419 59 22.3214
420 59 22.3214
444 59 22.3214
463 59 28.6944
618 59 13.3958
619 59 13.3958
631 59 10.5764
22 60 40.1606
45 60 22.3214
46 60 22.3214
61 60 22.3214
67 60 28.6944
90 60 40.1606
143 60 66.8896
147 60 40.1606
153 60 28.6944
305 60 66.8896
314 60 22.3214
341 60 22.3214
356 60 200
357 60 200
362 60 40.1606
366 60 22.3214
419 60 22.3214
462 60 28.6944
509 60 13.3958
510 60 13.3958
619 60 13.3958
623 60 11.8203
22 61 40.1606
40 61 22.3214
41 61 22.3214
46 61 22.3214
67 61 28.6944
90 61 40.1606
138 61 40.1606
144 61 66.8896
147 61 40.1606
150 61 40.1606
153 61 28.6944
162 61 40.1606
311 61 28.6944
315 61 22.3214
323 61 28.6944
356 61 200
366 61 22.3214
412 61 40.1606
419 61 22.3214
615 61 15.456
619 61 13.3958
628 61 11.8203
632 61 10.5764
7 62 40.1606
8 62 40.1606
23 62 66.8896
28 62 40.1606
60 62 28.6944
62 62 28.6944
68 62 28.6944
90 62 40.1606
134 62 40.1606
161 62 40.1606
162 62 40.1606
315 62 22.3214
356 62 200
357 62 200
365 62 22.3214
366 62 22.3214
416 62 22.3214
418 62 22.3214
419 62 22.3214
620 62 13.3958
628 62 11.8203
633 62 10.5764
9 63 40.1606
12 63 40.1606
14 63 40.1606
22 63 66.8896
23 63 66.8896
32 63 22.3214
44 63 22.3214
45 63 28.6944
46 63 28.6944
63 63 22.3214
68 63 28.6944
69 63 28.6944
89 63 40.1606
90 63 40.1606
134 63 40.1606
150 63 40.1606
152 63 40.1606
160 63 40.1606
162 63 40.1606
312 63 28.6944
316 63 22.3214
320 63 18.2648
356 63 66.8896
365 63 22.3214
414 63 22.3214
415 63 22.3214
458 63 28.6944
459 63 28.6944
620 63 13.3958
628 63 11.8203
629 63 11.8203
633 63 10.5764
22 64 66.8896
23 64 66.8896
27 64 40.1606
32 64 22.3214
33 64 22.3214
44 64 22.3214
54 64 28.6944
68 64 28.6944
69 64 28.6944
90 64 40.1606
134 64 40.1606
159 64 40.1606
160 64 40.1606
316 64 22.3214
320 64 18.2648
356 64 66.8896
364 64 22.3214
413 64 22.3214
414 64 22.3214
457 64 28.6944
628 64 11.8203
633 64 10.5764
32 65 22.3214
33 65 22.3214
47 65 22.3214
54 65 28.6944
66 65 28.6944
68 65 28.6944
89 65 40.1606
90 65 40.1606
134 65 40.1606
151 65 40.1606
159 65 40.1606
161 65 40.1606
317 65 22.3214
336 65 40.1606
356 65 66.8896
364 65 22.3214
407 65 40.1606
412 65 22.3214
413 65 22.3214
456 65 28.6944
538 65 13.3958
621 65 13.3958
628 65 11.8203
27 66 66.8896
35 66 22.3214
45 66 28.6944
65 66 28.6944
67 66 28.6944
86 66 40.1606
89 66 40.1606
90 66 40.1606
134 66 40.1606
151 66 40.1606
161 66 40.1606
317 66 22.3214
355 66 66.8896
356 66 66.8896
363 66 22.3214
406 66 40.1606
411 66 22.3214
455 66 28.6944
580 66 15.456
621 66 13.3958
628 66 11.8203
11 67 40.1606
12 67 40.1606
20 67 22.3214
32 67 22.3214
35 67 22.3214
49 67 22.3214
65 67 28.6944
67 67 28.6944
86 67 40.1606
89 67 40.1606
90 67 40.1606
148 67 66.8896
151 67 40.1606
159 67 40.1606
161 67 40.1606
162 67 40.1606
261 67 28.6944
265 67 18.2648
318 67 22.3214
321 67 18.2648
344 67 22.3214
355 67 66.8896
405 67 40.1606
406 67 40.1606
454 67 28.6944
581 67 15.456
621 67 13.3958
622 67 13.3958
628 67 11.8203
7 68 66.8896
12 68 40.1606
49 68 22.3214
67 68 28.6944
68 68 28.6944
69 68 28.6944
86 68 40.1606
89 68 40.1606
90 68 40.1606
135 68 40.1606
151 68 40.1606
159 68 40.1606
162 68 40.1606
259 68 28.6944
275 68 22.3214
318 68 22.3214
344 68 22.3214
349 68 40.1606
355 68 66.8896
358 68 66.8896
362 68 22.3214
405 68 40.1606
409 68 22.3214
412 68 28.6944
453 68 28.6944
543 68 13.3958
622 68 13.3958
628 68 11.8203
7 69 66.8896
8 69 66.8896
49 69 22.3214
50 69 22.3214
69 69 28.6944
70 69 22.3214
86 69 40.1606
89 69 40.1606
90 69 40.1606
151 69 40.1606
161 69 40.1606
162 69 40.1606
258 69 28.6944
336 69 22.3214
349 69 40.1606
399 69 200
408 69 22.3214
409 69 22.3214
452 69 28.6944
589 69 13.3958
596 69 15.456
622 69 13.3958
8 70 66.8896
22 70 22.3214
34 70 66.8896
49 70 22.3214
70 70 22.3214
86 70 40.1606
89 70 40.1606
150 70 40.1606
153 70 40.1606
161 70 40.1606
162 70 40.1606
319 70 22.3214
320 70 22.3214
343 70 22.3214
349 70 40.1606
399 70 200
407 70 22.3214
408 70 22.3214
451 70 28.6944
603 70 13.3958
622 70 13.3958
3 71 40.1606
4 71 40.1606
8 71 66.8896
70 71 22.3214
86 71 40.1606
89 71 40.1606
135 71 40.1606
150 71 40.1606
153 71 40.1606
162 71 40.1606
269 71 22.3214
270 71 22.3214
320 71 22.3214
343 71 66.8896
345 71 66.8896
355 71 13.3958
406 71 22.3214
407 71 22.3214
622 71 13.3958
6 72 66.8896
47 72 22.3214
48 72 22.3214
63 72 22.3214
70 72 22.3214
86 72 40.1606
89 72 40.1606
134 72 40.1606
135 72 40.1606
162 72 40.1606
255 72 28.6944
256 72 28.6944
316 72 28.6944
320 72 22.3214
327 72 15.456
345 72 66.8896
356 72 13.3958
400 72 40.1606
406 72 22.3214
450 72 66.8896
609 72 66.8896
35 73 28.6944
47 73 22.3214
48 73 22.3214
52 73 22.3214
53 73 22.3214
70 73 28.6944
71 73 28.6944
86 73 40.1606
89 73 40.1606
134 73 40.1606
135 73 40.1606
156 73 200
162 73 40.1606
267 73 28.6944
320 73 22.3214
327 73 15.456
333 73 22.3214
344 73 22.3214
345 73 22.3214
349 73 200
356 73 13.3958
362 73 18.2648
404 73 22.3214
449 73 66.8896
29 74 66.8896
32 74 40.1606
35 74 28.6944
52 74 22.3214
54 74 22.3214
69 74 28.6944
71 74 28.6944
86 74 40.1606
89 74 40.1606
134 74 40.1606
162 74 40.1606
247 74 22.3214
332 74 22.3214
356 74 13.3958
358 74 13.3958
361 74 18.2648
362 74 18.2648
369 74 13.3958
402 74 22.3214
403 74 22.3214
609 74 66.8896
3 75 40.1606
29 75 66.8896
52 75 22.3214
53 75 22.3214
54 75 22.3214
62 75 28.6944
70 75 28.6944
71 75 28.6944
86 75 40.1606
89 75 40.1606
134 75 40.1606
162 75 40.1606
246 75 22.3214
356 75 22.3214
358 75 22.3214
362 75 18.2648
402 75 22.3214
561 75 11.8203
69 76 28.6944
86 76 40.1606
89 76 40.1606
134 76 40.1606
160 76 40.1606
161 76 40.1606
246 76 22.3214
293 76 18.2648
327 76 28.6944
331 76 200
336 76 66.8896
339 76 40.1606
357 76 22.3214
396 76 40.1606
443 76 28.6944
450 76 66.8896
9 77 40.1606
10 77 40.1606
22 77 66.8896
23 77 66.8896
29 77 66.8896
44 77 22.3214
46 77 28.6944
66 77 40.1606
70 77 22.3214
86 77 40.1606
89 77 40.1606
144 77 40.1606
160 77 40.1606
161 77 40.1606
322 77 22.3214
333 77 200
345 77 200
356 77 22.3214
357 77 22.3214
395 77 40.1606
399 77 22.3214
442 77 28.6944
450 77 66.8896
5 78 40.1606
9 78 40.1606
10 78 40.1606
11 78 40.1606
23 78 66.8896
43 78 22.3214
44 78 22.3214
47 78 28.6944
69 78 22.3214
70 78 22.3214
86 78 40.1606
89 78 40.1606
160 78 40.1606
162 78 40.1606
229 78 28.6944
280 78 28.6944
281 78 28.6944
333 78 200
345 78 200
356 78 22.3214
361 78 15.456
394 78 40.1606
398 78 28.6944
5 79 40.1606
10 79 40.1606
11 79 40.1606
23 79 66.8896
42 79 22.3214
43 79 22.3214
70 79 22.3214
86 79 40.1606
89 79 40.1606
134 79 40.1606
156 79 200
161 79 40.1606
162 79 40.1606
228 79 28.6944
229 79 28.6944
356 79 22.3214
361 79 15.456
398 79 22.3214
5 80 40.1606
36 80 66.8896
42 80 22.3214
43 80 22.3214
44 80 22.3214
73 80 22.3214
86 80 40.1606
89 80 40.1606
135 80 40.1606
161 80 40.1606
282 80 66.8896
328 80 22.3214
344 80 200
355 80 22.3214
356 80 22.3214
391 80 40.1606
5 81 40.1606
42 81 22.3214
43 81 22.3214
44 81 22.3214
50 81 22.3214
69 81 22.3214
86 81 40.1606
89 81 40.1606
135 81 40.1606
164 81 40.1606
282 81 66.8896
286 81 28.6944
324 81 28.6944
327 81 22.3214
340 81 11.8203
355 81 22.3214
438 81 22.3214
451 81 66.8896
6 82 40.1606
32 82 22.3214
43 82 22.3214
68 82 28.6944
73 82 28.6944
74 82 28.6944
86 82 40.1606
89 82 40.1606
150 82 40.1606
324 82 28.6944
327 82 22.3214
395 82 22.3214
396 82 22.3214
405 82 18.2648
74 83 28.6944
86 83 40.1606
89 83 40.1606
150 83 40.1606
155 83 22.3214
161 83 40.1606
162 83 40.1606
290 83 28.6944
295 83 28.6944
302 83 28.6944
324 83 28.6944
327 83 22.3214
396 83 22.3214
636 83 40.1606
19 84 22.3214
73 84 28.6944
74 84 28.6944
86 84 40.1606
89 84 40.1606
159 84 40.1606
161 84 40.1606
162 84 40.1606
302 84 28.6944
320 84 40.1606
326 84 22.3214
327 84 22.3214
340 84 11.8203
387 84 40.1606
394 84 22.3214
435 84 40.1606
453 84 66.8896
65 85 66.8896
73 85 28.6944
86 85 40.1606
89 85 40.1606
136 85 40.1606
142 85 40.1606
159 85 40.1606
160 85 40.1606
271 85 28.6944
320 85 40.1606
327 85 22.3214
356 85 22.3214
390 85 22.3214
394 85 40.1606
423 85 200
3 86 66.8896
4 86 66.8896
6 86 66.8896
44 86 66.8896
52 86 22.3214
53 86 22.3214
71 86 28.6944
89 86 40.1606
136 86 40.1606
137 86 40.1606
141 86 40.1606
146 86 40.1606
151 86 40.1606
159 86 40.1606
160 86 40.1606
320 86 40.1606
355 86 22.3214
356 86 22.3214
389 86 22.3214
390 86 22.3214
3 87 66.8896
4 87 66.8896
52 87 22.3214
53 87 22.3214
89 87 40.1606
137 87 40.1606
144 87 40.1606
159 87 40.1606
160 87 40.1606
328 87 22.3214
355 87 22.3214
383 87 40.1606
388 87 22.3214
403 87 18.2648
429 87 28.6944
553 87 15.456
50 88 22.3214
51 88 22.3214
89 88 40.1606
137 88 40.1606
159 88 40.1606
328 88 22.3214
360 88 18.2648
364 88 22.3214
379 88 8.73744
382 88 40.1606
389 88 22.3214
403 88 18.2648
428 88 28.6944
570 88 13.3958
50 89 22.3214
51 89 22.3214
61 89 200
72 89 22.3214
89 89 40.1606
137 89 40.1606
150 89 40.1606
158 89 40.1606
159 89 40.1606
355 89 22.3214
359 89 18.2648
388 89 66.8896
7 90 66.8896
27 90 66.8896
65 90 66.8896
66 90 66.8896
72 90 22.3214
88 90 40.1606
89 90 40.1606
150 90 40.1606
157 90 40.1606
158 90 40.1606
306 90 28.6944
329 90 22.3214
330 90 22.3214
356 90 66.8896
359 90 18.2648
385 90 22.3214
425 90 28.6944
426 90 28.6944
8 91 66.8896
18 91 28.6944
88 91 40.1606
89 91 40.1606
156 91 40.1606
157 91 40.1606
306 91 28.6944
321 91 66.8896
330 91 22.3214
359 91 18.2648
384 91 22.3214
425 91 28.6944
88 92 40.1606
89 92 40.1606
136 92 40.1606
151 92 40.1606
153 92 40.1606
156 92 40.1606
336 92 18.2648
383 92 22.3214
424 92 28.6944
455 92 66.8896
50 93 22.3214
79 93 66.8896
88 93 40.1606
89 93 40.1606
151 93 40.1606
321 93 66.8896
357 93 18.2648
359 93 18.2648
381 93 22.3214
382 93 22.3214
424 93 28.6944
455 93 66.8896
88 94 40.1606
89 94 40.1606
137 94 40.1606
151 94 40.1606
157 94 40.1606
158 94 40.1606
312 94 66.8896
321 94 66.8896
332 94 22.3214
358 94 18.2648
380 94 22.3214
381 94 22.3214
392 94 200
423 94 28.6944
454 94 66.8896
41 95 22.3214
42 95 22.3214
51 95 22.3214
71 95 66.8896
88 95 40.1606
89 95 40.1606
137 95 40.1606
150 95 40.1606
153 95 66.8896
156 95 40.1606
315 95 28.6944
332 95 22.3214
358 95 18.2648
379 95 22.3214
380 95 22.3214
392 95 200
454 95 66.8896
40 96 22.3214
42 96 22.3214
72 96 66.8896
81 96 66.8896
88 96 40.1606
89 96 40.1606
150 96 40.1606
153 96 66.8896
156 96 40.1606
160 96 40.1606
333 96 22.3214
340 96 15.456
358 96 18.2648
378 96 22.3214
43 97 22.3214
51 97 22.3214
65 97 22.3214
66 97 22.3214
81 97 66.8896
88 97 40.1606
140 97 40.1606
160 97 40.1606
321 97 200
355 97 22.3214
358 97 18.2648
372 97 40.1606
378 97 22.3214
43 98 22.3214
65 98 22.3214
88 98 40.1606
140 98 40.1606
159 98 40.1606
321 98 200
361 98 15.456
371 98 40.1606
376 98 22.3214
377 98 22.3214
419 98 66.8896
457 98 66.8896
64 99 22.3214
88 99 40.1606
156 99 40.1606
159 99 40.1606
321 99 200
335 99 22.3214
339 99 18.2648
355 99 22.3214
361 99 15.456
371 99 40.1606
376 99 22.3214
377 99 22.3214
457 99 66.8896
64 100 22.3214
78 100 66.8896
92 100 66.8896
156 100 40.1606
159 100 40.1606
160 100 40.1606
335 100 22.3214
339 100 18.2648
355 100 22.3214
361 100 15.456
370 100 40.1606
375 100 22.3214
376 100 22.3214
391 100 66.8896
457 100 66.8896
460 100 66.8896
9 101 40.1606
43 101 40.1606
72 101 66.8896
82 101 66.8896
92 101 66.8896
95 101 40.1606
336 101 22.3214
355 101 22.3214
361 101 15.456
369 101 40.1606
370 101 40.1606
375 101 22.3214
9 102 66.8896
10 102 66.8896
63 102 22.3214
71 102 66.8896
92 102 66.8896
98 102 66.8896
159 102 40.1606
308 102 200
355 102 22.3214
369 102 40.1606
374 102 22.3214
414 102 28.6944
458 102 66.8896
63 103 22.3214
92 103 66.8896
98 103 66.8896
138 103 40.1606
139 103 40.1606
159 103 40.1606
308 103 200
355 103 22.3214
368 103 40.1606
373 103 22.3214
412 103 28.6944
457 103 66.8896
458 103 66.8896
10 104 66.8896
64 104 22.3214
76 104 66.8896
131 104 40.1606
142 104 40.1606
159 104 40.1606
305 104 28.6944
355 104 22.3214
361 104 200
362 104 200
373 104 22.3214
411 104 28.6944
456 104 66.8896
457 104 66.8896
131 105 40.1606
142 105 40.1606
158 105 40.1606
315 105 66.8896
354 105 22.3214
355 105 22.3214
361 105 200
367 105 40.1606
372 105 22.3214
456 105 66.8896
18 106 22.3214
98 106 66.8896
157 106 40.1606
158 106 40.1606
160 106 40.1606
354 106 22.3214
361 106 200
366 106 40.1606
371 106 22.3214
79 107 66.8896
80 107 66.8896
98 107 66.8896
99 107 66.8896
144 107 40.1606
145 107 40.1606
160 107 40.1606
353 107 22.3214
365 107 40.1606
370 107 22.3214
371 107 22.3214
457 107 66.8896
79 108 66.8896
90 108 66.8896
99 108 66.8896
156 108 40.1606
162 108 40.1606
353 108 22.3214
364 108 40.1606
369 108 22.3214
370 108 22.3214
408 108 22.3214
457 108 66.8896
97 109 66.8896
140 109 40.1606
156 109 40.1606
162 109 40.1606
353 109 22.3214
364 109 40.1606
369 109 22.3214
456 109 66.8896
39 110 22.3214
65 110 40.1606
75 110 66.8896
97 110 66.8896
143 110 40.1606
162 110 40.1606
326 110 18.2648
353 110 22.3214
360 110 66.8896
363 110 40.1606
368 110 22.3214
407 110 22.3214
455 110 66.8896
65 111 40.1606
68 111 28.6944
89 111 40.1606
96 111 66.8896
157 111 40.1606
159 111 40.1606
162 111 40.1606
353 111 22.3214
368 111 22.3214
402 111 28.6944
406 111 22.3214
458 111 66.8896
96 112 66.8896
101 112 66.8896
128 112 40.1606
133 112 40.1606
365 112 28.6944
402 112 28.6944
406 112 22.3214
413 112 40.1606
458 112 66.8896
95 113 66.8896
96 113 66.8896
101 113 66.8896
128 113 40.1606
158 113 40.1606
162 113 40.1606
331 113 28.6944
332 113 22.3214
352 113 22.3214
365 113 28.6944
402 113 28.6944
405 113 22.3214
406 113 22.3214
457 113 66.8896
73 114 66.8896
95 114 66.8896
101 114 66.8896
128 114 40.1606
155 114 66.8896
158 114 40.1606
162 114 40.1606
320 114 28.6944
330 114 28.6944
331 114 28.6944
335 114 18.2648
350 114 22.3214
351 114 22.3214
364 114 28.6944
365 114 28.6944
397 114 40.1606
413 114 18.2648
457 114 66.8896
461 114 66.8896
53 115 22.3214
128 115 40.1606
155 115 66.8896
158 115 40.1606
329 115 28.6944
330 115 28.6944
350 115 22.3214
364 115 22.3214
396 115 40.1606
405 115 18.2648
413 115 18.2648
460 115 66.8896
99 116 66.8896
128 116 40.1606
144 116 40.1606
156 116 40.1606
158 116 40.1606
165 116 40.1606
326 116 40.1606
349 116 22.3214
350 116 22.3214
358 116 22.3214
366 116 22.3214
392 116 66.8896
455 116 66.8896
459 116 66.8896
99 117 66.8896
158 117 40.1606
164 117 40.1606
306 117 22.3214
320 117 200
321 117 200
349 117 22.3214
351 117 22.3214
412 117 18.2648
458 117 66.8896
104 118 66.8896
129 118 40.1606
135 118 40.1606
164 118 40.1606
306 118 22.3214
320 118 200
348 118 22.3214
349 118 22.3214
359 118 22.3214
390 118 28.6944
391 118 28.6944
392 118 28.6944
395 118 200
398 118 28.6944
412 118 18.2648
457 118 66.8896
75 119 66.8896
103 119 66.8896
129 119 40.1606
135 119 40.1606
161 119 40.1606
164 119 40.1606
336 119 200
348 119 22.3214
358 119 22.3214
359 119 22.3214
392 119 66.8896
457 119 66.8896
129 120 40.1606
147 120 40.1606
161 120 40.1606
162 120 40.1606
336 120 200
349 120 66.8896
357 120 22.3214
456 120 66.8896
129 121 40.1606
147 121 40.1606
148 121 40.1606
159 121 40.1606
162 121 40.1606
163 121 40.1606
336 121 200
348 121 66.8896
356 121 22.3214
385 121 28.6944
398 121 28.6944
456 121 66.8896
460 121 66.8896
15 122 22.3214
66 122 40.1606
84 122 40.1606
100 122 66.8896
130 122 40.1606
147 122 40.1606
148 122 40.1606
163 122 40.1606
348 122 66.8896
354 122 22.3214
355 122 22.3214
384 122 28.6944
398 122 28.6944
402 122 22.3214
411 122 18.2648
454 122 66.8896
15 123 22.3214
16 123 22.3214
84 123 40.1606
100 123 66.8896
107 123 66.8896
130 123 40.1606
141 123 40.1606
163 123 40.1606
353 123 22.3214
354 123 22.3214
402 123 22.3214
407 123 22.3214
410 123 18.2648
458 123 66.8896
459 123 66.8896
65 124 40.1606
73 124 66.8896
93 124 66.8896
107 124 66.8896
130 124 40.1606
136 124 40.1606
163 124 40.1606
352 124 22.3214
353 124 22.3214
381 124 28.6944
382 124 28.6944
387 124 200
402 124 22.3214
410 124 18.2648
458 124 66.8896
459 124 66.8896
42 125 22.3214
107 125 66.8896
163 125 40.1606
351 125 22.3214
352 125 22.3214
381 125 28.6944
387 125 200
410 125 18.2648
458 125 66.8896
459 125 66.8896
132 126 40.1606
163 126 40.1606
164 126 40.1606
352 126 22.3214
379 126 28.6944
400 126 200
459 126 66.8896
84 127 40.1606
103 127 66.8896
132 127 40.1606
148 127 40.1606
163 127 40.1606
351 127 22.3214
400 127 200
406 127 22.3214
409 127 18.2648
459 127 66.8896
84 128 40.1606
109 128 66.8896
133 128 40.1606
142 128 40.1606
147 128 40.1606
158 128 200
162 128 40.1606
163 128 40.1606
351 128 22.3214
377 128 28.6944
409 128 18.2648
463 128 66.8896
65 129 66.8896
83 129 40.1606
134 129 40.1606
162 129 40.1606
163 129 40.1606
351 129 22.3214
401 129 28.6944
409 129 18.2648
462 129 66.8896
65 130 66.8896
69 130 66.8896
76 130 66.8896
83 130 40.1606
101 130 66.8896
152 130 28.6944
162 130 40.1606
163 130 40.1606
401 130 28.6944
409 130 18.2648
461 130 66.8896
69 131 66.8896
83 131 40.1606
99 131 66.8896
162 131 40.1606
163 131 40.1606
318 131 40.1606
320 131 40.1606
69 132 66.8896
83 132 40.1606
135 132 40.1606
162 132 40.1606
163 132 40.1606
318 132 40.1606
373 132 28.6944
374 132 28.6944
83 133 40.1606
84 133 40.1606
135 133 40.1606
157 133 200
158 133 200
163 133 40.1606
351 133 22.3214
400 133 28.6944
408 133 18.2648
83 134 40.1606
135 134 40.1606
163 134 40.1606
164 134 40.1606
165 134 40.1606
329 134 66.8896
372 134 28.6944
399 134 28.6944
400 134 28.6944
408 134 18.2648
83 135 40.1606
135 135 40.1606
150 135 40.1606
164 135 40.1606
320 135 28.6944
338 135 200
351 135 22.3214
361 135 66.8896
400 135 28.6944
408 135 18.2648
83 136 40.1606
134 136 40.1606
165 136 40.1606
167 136 40.1606
320 136 28.6944
338 136 200
351 136 22.3214
358 136 66.8896
360 136 66.8896
365 136 22.3214
368 136 22.3214
400 136 28.6944
69 137 66.8896
83 137 40.1606
338 137 200
351 137 22.3214
359 137 66.8896
367 137 22.3214
368 137 22.3214
400 137 28.6944
407 137 18.2648
440 137 66.8896
43 138 22.3214
69 138 66.8896
114 138 66.8896
168 138 40.1606
351 138 22.3214
358 138 66.8896
365 138 22.3214
376 138 13.3958
399 138 200
400 138 200
408 138 40.1606
69 139 66.8896
70 139 66.8896
83 139 40.1606
140 139 40.1606
167 139 40.1606
168 139 40.1606
320 139 28.6944
358 139 66.8896
365 139 22.3214
367 139 22.3214
83 140 40.1606
167 140 40.1606
217 140 66.8896
365 140 22.3214
406 140 40.1606
462 140 66.8896
68 141 66.8896
83 141 40.1606
115 141 66.8896
167 141 40.1606
197 141 200
217 141 66.8896
225 141 66.8896
351 141 200
399 141 200
406 141 40.1606
463 141 66.8896
68 142 66.8896
69 142 66.8896
83 142 40.1606
88 142 40.1606
114 142 66.8896
135 142 40.1606
147 142 40.1606
217 142 66.8896
225 142 66.8896
332 142 40.1606
351 142 200
355 142 66.8896
407 142 40.1606
463 142 66.8896
68 143 66.8896
79 143 66.8896
88 143 40.1606
114 143 66.8896
135 143 40.1606
142 143 40.1606
160 143 40.1606
177 143 66.8896
225 143 66.8896
231 143 66.8896
363 143 22.3214
407 143 18.2648
68 144 66.8896
83 144 40.1606
88 144 40.1606
114 144 66.8896
136 144 40.1606
139 144 40.1606
142 144 40.1606
176 144 66.8896
320 144 28.6944
338 144 200
350 144 200
353 144 66.8896
68 145 66.8896
69 145 66.8896
72 145 66.8896
83 145 40.1606
88 145 40.1606
136 145 40.1606
142 145 40.1606
159 145 40.1606
171 145 40.1606
176 145 66.8896
226 145 66.8896
338 145 200
371 145 66.8896
393 145 66.8896
407 145 18.2648
465 145 66.8896
68 146 66.8896
69 146 66.8896
71 146 66.8896
83 146 40.1606
88 146 40.1606
111 146 66.8896
134 146 40.1606
159 146 40.1606
169 146 40.1606
176 146 66.8896
320 146 28.6944
329 146 66.8896
359 146 22.3214
375 146 66.8896
393 146 66.8896
400 146 28.6944
407 146 18.2648
465 146 66.8896
68 147 66.8896
71 147 66.8896
83 147 40.1606
134 147 40.1606
168 147 40.1606
169 147 40.1606
176 147 66.8896
320 147 28.6944
359 147 22.3214
393 147 66.8896
464 147 66.8896
17 148 28.6944
68 148 66.8896
71 148 66.8896
83 148 40.1606
168 148 40.1606
176 148 66.8896
464 148 66.8896
68 149 66.8896
83 149 40.1606
88 149 40.1606
114 149 66.8896
150 149 40.1606
168 149 40.1606
270 149 66.8896
320 149 28.6944
376 149 40.1606
383 149 22.3214
82 150 40.1606
83 150 40.1606
88 150 40.1606
167 150 40.1606
176 150 66.8896
320 150 28.6944
357 150 22.3214
383 150 22.3214
404 150 40.1606
463 150 66.8896
68 151 66.8896
82 151 40.1606
83 151 40.1606
97 151 66.8896
163 151 40.1606
164 151 40.1606
320 151 28.6944
357 151 22.3214
462 151 66.8896
463 151 66.8896
82 152 40.1606
83 152 40.1606
123 152 40.1606
163 152 40.1606
320 152 28.6944
338 152 22.3214
378 152 66.8896
383 152 40.1606
82 153 40.1606
83 153 40.1606
117 153 66.8896
160 153 66.8896
161 153 40.1606
163 153 40.1606
320 153 28.6944
356 153 22.3214
34 154 22.3214
82 154 40.1606
95 154 66.8896
118 154 66.8896
137 154 40.1606
163 154 40.1606
164 154 40.1606
165 154 40.1606
254 154 66.8896
320 154 28.6944
355 154 22.3214
356 154 22.3214
407 154 18.2648
34 155 22.3214
82 155 40.1606
101 155 66.8896
118 155 66.8896
142 155 40.1606
163 155 40.1606
164 155 40.1606
254 155 66.8896
320 155 28.6944
355 155 22.3214
379 155 66.8896
386 155 28.6944
34 156 22.3214
82 156 40.1606
101 156 66.8896
104 156 66.8896
118 156 66.8896
142 156 40.1606
320 156 28.6944
354 156 22.3214
355 156 22.3214
462 156 66.8896
34 157 22.3214
82 157 40.1606
120 157 66.8896
142 157 40.1606
143 157 40.1606
163 157 40.1606
164 157 40.1606
217 157 66.8896
320 157 28.6944
336 157 22.3214
354 157 22.3214
355 157 22.3214
387 157 28.6944
462 157 66.8896
34 158 22.3214
82 158 40.1606
115 158 66.8896
142 158 40.1606
217 158 66.8896
320 158 28.6944
336 158 22.3214
354 158 22.3214
361 158 15.456
385 158 40.1606
395 158 18.2648
461 158 66.8896
34 159 22.3214
82 159 40.1606
109 159 66.8896
142 159 40.1606
160 159 40.1606
161 159 40.1606
207 159 66.8896
217 159 66.8896
320 159 28.6944
354 159 22.3214
381 159 66.8896
405 159 22.3214
82 160 40.1606
142 160 40.1606
159 160 40.1606
160 160 40.1606
161 160 40.1606
207 160 66.8896
217 160 66.8896
241 160 66.8896
294 160 200
297 160 200
320 160 28.6944
353 160 22.3214
354 160 22.3214
360 160 15.456
361 160 15.456
382 160 66.8896
388 160 28.6944
33 161 22.3214
82 161 40.1606
98 161 66.8896
142 161 40.1606
158 161 40.1606
159 161 40.1606
185 161 66.8896
207 161 66.8896
217 161 66.8896
241 161 66.8896
294 161 200
297 161 200
320 161 28.6944
353 161 22.3214
354 161 22.3214
382 161 66.8896
33 162 22.3214
82 162 40.1606
97 162 66.8896
142 162 40.1606
150 162 40.1606
157 162 40.1606
185 162 66.8896
207 162 66.8896
217 162 66.8896
250 162 66.8896
294 162 200
297 162 200
311 162 200
353 162 22.3214
383 162 66.8896
389 162 28.6944
33 163 22.3214
82 163 40.1606
125 163 40.1606
142 163 40.1606
157 163 40.1606
177 163 66.8896
185 163 66.8896
207 163 66.8896
217 163 66.8896
250 163 66.8896
294 163 200
297 163 200
313 163 200
320 163 66.8896
353 163 22.3214
383 163 66.8896
463 163 66.8896
82 164 40.1606
121 164 40.1606
142 164 40.1606
147 164 40.1606
177 164 66.8896
185 164 66.8896
207 164 66.8896
217 164 66.8896
241 164 66.8896
294 164 200
314 164 200
353 164 22.3214
384 164 66.8896
390 164 28.6944
463 164 66.8896
32 165 22.3214
82 165 40.1606
88 165 40.1606
119 165 40.1606
121 165 40.1606
142 165 40.1606
147 165 40.1606
159 165 66.8896
185 165 66.8896
207 165 66.8896
217 165 66.8896
249 165 66.8896
319 165 66.8896
320 165 66.8896
353 165 22.3214
384 165 66.8896
395 165 22.3214
32 166 22.3214
79 166 66.8896
82 166 40.1606
88 166 40.1606
119 166 40.1606
120 166 40.1606
121 166 40.1606
142 166 40.1606
146 166 40.1606
147 166 40.1606
159 166 66.8896
185 166 66.8896
207 166 66.8896
217 166 66.8896
249 166 66.8896
320 166 66.8896
353 166 22.3214
385 166 66.8896
32 167 22.3214
82 167 40.1606
88 167 40.1606
121 167 40.1606
142 167 40.1606
146 167 40.1606
147 167 40.1606
159 167 66.8896
185 167 66.8896
207 167 66.8896
217 167 66.8896
249 167 66.8896
267 167 66.8896
320 167 66.8896
322 167 66.8896
353 167 22.3214
436 167 66.8896
467 167 40.1606
32 168 22.3214
82 168 40.1606
88 168 40.1606
142 168 40.1606
146 168 40.1606
147 168 40.1606
159 168 66.8896
185 168 66.8896
249 168 66.8896
267 168 66.8896
274 168 66.8896
324 168 66.8896
352 168 22.3214
436 168 66.8896
82 169 40.1606
91 169 28.6944
126 169 66.8896
142 169 40.1606
146 169 40.1606
147 169 40.1606
159 169 66.8896
185 169 66.8896
249 169 66.8896
352 169 22.3214
437 169 66.8896
82 170 40.1606
90 170 28.6944
91 170 28.6944
94 170 28.6944
117 170 66.8896
126 170 66.8896
127 170 66.8896
142 170 40.1606
146 170 40.1606
147 170 40.1606
159 170 66.8896
185 170 66.8896
249 170 66.8896
320 170 28.6944
352 170 22.3214
388 170 40.1606
41 171 22.3214
81 171 40.1606
82 171 40.1606
90 171 28.6944
91 171 28.6944
94 171 28.6944
95 171 28.6944
117 171 66.8896
142 171 40.1606
146 171 40.1606
159 171 66.8896
185 171 66.8896
267 171 66.8896
320 171 28.6944
323 171 22.3214
352 171 22.3214
402 171 15.456
52 172 40.1606
81 172 40.1606
82 172 40.1606
88 172 28.6944
90 172 28.6944
91 172 28.6944
95 172 28.6944
146 172 40.1606
159 172 66.8896
320 172 28.6944
351 172 22.3214
352 172 22.3214
42 173 22.3214
82 173 40.1606
88 173 28.6944
90 173 28.6944
91 173 28.6944
95 173 28.6944
100 173 66.8896
126 173 40.1606
146 173 40.1606
159 173 66.8896
267 173 66.8896
290 173 66.8896
319 173 28.6944
320 173 28.6944
352 173 22.3214
419 173 11.8203
82 174 40.1606
123 174 40.1606
141 174 40.1606
146 174 40.1606
159 174 66.8896
267 174 66.8896
274 174 66.8896
290 174 66.8896
352 174 22.3214
464 174 66.8896
81 175 40.1606
82 175 40.1606
124 175 40.1606
135 175 40.1606
141 175 40.1606
146 175 40.1606
274 175 66.8896
352 175 22.3214
81 176 40.1606
82 176 40.1606
91 176 28.6944
125 176 40.1606
141 176 40.1606
146 176 40.1606
274 176 66.8896
329 176 40.1606
352 176 22.3214
531 176 28.6944
532 176 28.6944
533 176 28.6944
536 176 22.3214
540 176 18.2648
543 176 15.456
81 177 40.1606
82 177 40.1606
91 177 28.6944
97 177 28.6944
141 177 40.1606
145 177 40.1606
146 177 40.1606
221 177 66.8896
397 177 40.1606
529 177 40.1606
532 177 28.6944
533 177 28.6944
537 177 22.3214
538 177 22.3214
540 177 18.2648
543 177 15.456
82 178 40.1606
88 178 40.1606
91 178 28.6944
97 178 28.6944
103 178 28.6944
141 178 40.1606
146 178 40.1606
221 178 66.8896
468 178 66.8896
529 178 40.1606
533 178 28.6944
534 178 28.6944
537 178 22.3214
538 178 22.3214
540 178 18.2648
543 178 15.456
82 179 40.1606
88 179 40.1606
91 179 28.6944
97 179 28.6944
140 179 40.1606
146 179 40.1606
147 179 40.1606
221 179 66.8896
352 179 22.3214
468 179 66.8896
530 179 40.1606
534 179 28.6944
538 179 22.3214
540 179 18.2648
550 179 11.8203
81 180 40.1606
82 180 40.1606
88 180 40.1606
91 180 28.6944
97 180 28.6944
110 180 66.8896
121 180 66.8896
122 180 66.8896
221 180 66.8896
243 180 66.8896
468 180 66.8896
530 180 40.1606
23 181 28.6944
81 181 40.1606
82 181 40.1606
88 181 40.1606
91 181 28.6944
97 181 28.6944
122 181 66.8896
151 181 66.8896
152 181 66.8896
185 181 66.8896
221 181 66.8896
243 181 66.8896
540 181 18.2648
58 182 40.1606
82 182 40.1606
88 182 40.1606
91 182 28.6944
97 182 28.6944
103 182 28.6944
120 182 66.8896
122 182 66.8896
124 182 66.8896
152 182 66.8896
183 182 66.8896
185 182 66.8896
221 182 66.8896
243 182 66.8896
319 182 40.1606
335 182 22.3214
540 182 18.2648
81 183 40.1606
82 183 40.1606
88 183 40.1606
91 183 28.6944
97 183 28.6944
102 183 28.6944
103 183 28.6944
125 183 66.8896
126 183 66.8896
151 183 66.8896
152 183 66.8896
169 183 66.8896
183 183 66.8896
185 183 66.8896
218 183 200
221 183 66.8896
243 183 66.8896
254 183 66.8896
313 183 200
319 183 40.1606
335 183 22.3214
536 183 22.3214
537 183 22.3214
538 183 22.3214
540 183 18.2648
543 183 15.456
12 184 28.6944
78 184 66.8896
79 184 66.8896
91 184 28.6944
97 184 28.6944
151 184 66.8896
152 184 66.8896
161 184 66.8896
169 184 66.8896
185 184 66.8896
221 184 66.8896
243 184 66.8896
254 184 66.8896
313 184 200
350 184 22.3214
360 184 13.3958
529 184 40.1606
530 184 40.1606
531 184 40.1606
532 184 28.6944
533 184 28.6944
534 184 28.6944
536 184 22.3214
537 184 22.3214
538 184 22.3214
540 184 18.2648
543 184 15.456
20 185 28.6944
78 185 66.8896
79 185 66.8896
81 185 40.1606
91 185 28.6944
97 185 28.6944
151 185 66.8896
161 185 66.8896
169 185 66.8896
185 185 66.8896
218 185 200
221 185 66.8896
238 185 66.8896
243 185 66.8896
254 185 66.8896
350 185 22.3214
351 185 22.3214
360 185 13.3958
523 185 200
526 185 66.8896
529 185 40.1606
530 185 40.1606
533 185 28.6944
538 185 22.3214
540 185 18.2648
543 185 15.456
81 186 40.1606
82 186 40.1606
91 186 28.6944
97 186 28.6944
151 186 66.8896
152 186 66.8896
161 186 66.8896
185 186 66.8896
218 186 200
221 186 66.8896
243 186 66.8896
254 186 66.8896
350 186 22.3214
351 186 22.3214
360 186 13.3958
472 186 66.8896
529 186 40.1606
534 186 28.6944
538 186 22.3214
540 186 18.2648
81 187 40.1606
91 187 28.6944
97 187 28.6944
103 187 28.6944
149 187 66.8896
151 187 66.8896
152 187 66.8896
161 187 66.8896
169 187 66.8896
218 187 200
221 187 66.8896
238 187 66.8896
243 187 66.8896
254 187 66.8896
351 187 22.3214
472 187 66.8896
523 187 200
529 187 40.1606
530 187 40.1606
532 187 28.6944
540 187 18.2648
81 188 40.1606
91 188 28.6944
97 188 28.6944
103 188 28.6944
151 188 66.8896
152 188 66.8896
161 188 66.8896
169 188 66.8896
185 188 66.8896
207 188 66.8896
238 188 66.8896
243 188 66.8896
254 188 66.8896
313 188 200
351 188 22.3214
355 188 18.2648
357 188 18.2648
472 188 66.8896
529 188 40.1606
533 188 28.6944
534 188 28.6944
536 188 22.3214
537 188 22.3214
81 189 40.1606
82 189 40.1606
91 189 28.6944
97 189 28.6944
148 189 40.1606
151 189 66.8896
161 189 66.8896
169 189 66.8896
183 189 200
185 189 200
238 189 66.8896
243 189 66.8896
254 189 66.8896
313 189 200
316 189 66.8896
351 189 22.3214
472 189 66.8896
523 189 200
529 189 40.1606
532 189 28.6944
533 189 28.6944
534 189 28.6944
536 189 22.3214
537 189 22.3214
81 190 40.1606
91 190 28.6944
97 190 28.6944
139 190 40.1606
148 190 40.1606
151 190 66.8896
152 190 66.8896
161 190 66.8896
169 190 66.8896
183 190 200
254 190 66.8896
350 190 22.3214
472 190 66.8896
523 190 200
524 190 200
532 190 28.6944
533 190 28.6944
536 190 22.3214
81 191 40.1606
91 191 28.6944
97 191 28.6944
139 191 40.1606
151 191 66.8896
161 191 66.8896
169 191 66.8896
254 191 66.8896
471 191 66.8896
524 191 200
532 191 28.6944
533 191 28.6944
536 191 22.3214
81 192 40.1606
82 192 40.1606
146 192 40.1606
151 192 66.8896
536 192 22.3214
17 193 40.1606
18 193 40.1606
81 193 40.1606
151 193 66.8896
162 193 66.8896
18 194 40.1606
81 194 40.1606
91 194 28.6944
94 194 28.6944
151 194 66.8896
162 194 66.8896
272 194 66.8896
363 194 11.8203
473 194 66.8896
81 195 40.1606
91 195 28.6944
94 195 28.6944
151 195 66.8896
162 195 66.8896
353 195 18.2648
354 195 18.2648
363 195 11.8203
473 195 66.8896
81 196 40.1606
94 196 28.6944
144 196 40.1606
284 196 200
353 196 18.2648
354 196 18.2648
394 196 40.1606
473 196 66.8896
14 197 28.6944
59 197 40.1606
81 197 40.1606
91 197 28.6944
94 197 28.6944
139 197 40.1606
144 197 40.1606
284 197 200
353 197 18.2648
354 197 18.2648
473 197 66.8896
81 198 40.1606
91 198 28.6944
94 198 28.6944
144 198 40.1606
394 198 40.1606
473 198 66.8896
487 198 200
489 198 66.8896
490 198 66.8896
491 198 66.8896
496 198 28.6944
81 199 40.1606
144 199 40.1606
163 199 66.8896
214 199 200
216 199 200
372 199 28.6944
486 199 200
487 199 200
489 199 66.8896
490 199 66.8896
491 199 66.8896
496 199 28.6944
12 200 28.6944
81 200 40.1606
92 200 40.1606
138 200 40.1606
144 200 40.1606
164 200 66.8896
165 200 66.8896
196 200 66.8896
197 200 66.8896
214 200 200
216 200 200
238 200 66.8896
319 200 40.1606
353 200 18.2648
363 200 200
394 200 40.1606
486 200 200
487 200 200
489 200 66.8896
490 200 66.8896
491 200 66.8896
12 201 28.6944
13 201 28.6944
20 201 28.6944
48 201 28.6944
81 201 40.1606
92 201 40.1606
138 201 40.1606
144 201 40.1606
165 201 66.8896
196 201 66.8896
214 201 200
216 201 200
238 201 66.8896
276 201 66.8896
299 201 200
353 201 18.2648
363 201 200
364 201 200
490 201 66.8896
12 202 28.6944
20 202 28.6944
47 202 28.6944
48 202 28.6944
49 202 28.6944
81 202 40.1606
92 202 40.1606
138 202 40.1606
144 202 40.1606
165 202 66.8896
180 202 200
196 202 66.8896
214 202 200
216 202 200
233 202 66.8896
238 202 66.8896
276 202 66.8896
299 202 200
364 202 200
394 202 40.1606
12 203 28.6944
13 203 28.6944
19 203 28.6944
20 203 28.6944
81 203 40.1606
91 203 28.6944
138 203 40.1606
144 203 40.1606
165 203 66.8896
196 203 66.8896
197 203 66.8896
214 203 200
216 203 200
238 203 66.8896
365 203 200
12 204 28.6944
13 204 28.6944
19 204 28.6944
39 204 40.1606
57 204 40.1606
81 204 40.1606
91 204 28.6944
138 204 40.1606
144 204 40.1606
165 204 66.8896
196 204 66.8896
214 204 200
216 204 200
238 204 66.8896
13 205 28.6944
81 205 40.1606
91 205 28.6944
138 205 40.1606
144 205 40.1606
165 205 66.8896
196 205 66.8896
214 205 200
216 205 200
233 205 200
237 205 66.8896
238 205 66.8896
270 205 8.03858
13 206 28.6944
58 206 28.6944
81 206 40.1606
113 206 66.8896
138 206 40.1606
143 206 40.1606
144 206 40.1606
165 206 66.8896
196 206 66.8896
214 206 200
216 206 200
233 206 200
238 206 66.8896
243 206 28.6944
258 206 11.8203
366 206 200
13 207 28.6944
20 207 28.6944
37 207 40.1606
58 207 28.6944
81 207 40.1606
91 207 40.1606
113 207 66.8896
138 207 40.1606
143 207 40.1606
144 207 40.1606
165 207 66.8896
196 207 66.8896
214 207 66.8896
216 207 66.8896
237 207 66.8896
238 207 66.8896
243 207 28.6944
291 207 66.8896
13 208 28.6944
14 208 28.6944
21 208 28.6944
37 208 40.1606
42 208 22.3214
43 208 22.3214
81 208 40.1606
138 208 40.1606
143 208 40.1606
144 208 40.1606
164 208 66.8896
196 208 66.8896
214 208 66.8896
216 208 66.8896
233 208 200
237 208 66.8896
238 208 66.8896
242 208 28.6944
291 208 66.8896
293 208 66.8896
372 208 40.1606
13 209 28.6944
14 209 28.6944
58 209 28.6944
90 209 40.1606
138 209 40.1606
144 209 40.1606
191 209 66.8896
196 209 66.8896
216 209 66.8896
233 209 200
237 209 66.8896
238 209 66.8896
242 209 28.6944
293 209 66.8896
371 209 40.1606
372 209 40.1606
14 210 28.6944
20 210 28.6944
58 210 28.6944
59 210 28.6944
90 210 40.1606
138 210 40.1606
143 210 40.1606
144 210 40.1606
184 210 66.8896
196 210 66.8896
293 210 66.8896
371 210 40.1606
372 210 40.1606
6 211 28.6944
7 211 28.6944
12 211 28.6944
20 211 28.6944
58 211 28.6944
59 211 28.6944
87 211 40.1606
90 211 40.1606
138 211 40.1606
144 211 40.1606
165 211 66.8896
293 211 66.8896
365 211 200
372 211 40.1606
6 212 28.6944
7 212 28.6944
12 212 28.6944
20 212 28.6944
21 212 28.6944
64 212 40.1606
87 212 40.1606
90 212 40.1606
132 212 200
138 212 40.1606
144 212 40.1606
157 212 66.8896
163 212 66.8896
365 212 200
372 212 40.1606
6 213 28.6944
12 213 28.6944
48 213 28.6944
90 213 40.1606
118 213 200
138 213 40.1606
144 213 40.1606
157 213 66.8896
163 213 66.8896
262 213 40.1606
365 213 200
6 214 28.6944
12 214 28.6944
48 214 28.6944
118 214 200
138 214 40.1606
144 214 40.1606
157 214 66.8896
162 214 66.8896
163 214 66.8896
313 214 200
348 214 22.3214
365 214 200
406 214 200
6 215 28.6944
12 215 28.6944
14 215 28.6944
48 215 28.6944
63 215 40.1606
101 215 66.8896
138 215 40.1606
144 215 40.1606
162 215 66.8896
230 215 66.8896
313 215 200
348 215 22.3214
414 215 200
425 215 28.6944
6 216 28.6944
14 216 28.6944
27 216 28.6944
34 216 22.3214
48 216 28.6944
63 216 40.1606
64 216 40.1606
138 216 40.1606
144 216 40.1606
161 216 66.8896
230 216 66.8896
287 216 8.03858
288 216 8.03858
339 216 66.8896
348 216 22.3214
414 216 200
416 216 200
6 217 28.6944
14 217 28.6944
27 217 28.6944
34 217 22.3214
47 217 28.6944
48 217 28.6944
138 217 40.1606
144 217 40.1606
161 217 66.8896
289 217 8.03858
348 217 22.3214
416 217 200
6 218 28.6944
14 218 28.6944
18 218 28.6944
27 218 28.6944
33 218 22.3214
34 218 22.3214
42 218 22.3214
43 218 22.3214
48 218 28.6944
138 218 40.1606
144 218 40.1606
150 218 200
161 218 66.8896
247 218 11.8203
253 218 9.56938
288 218 8.03858
289 218 8.03858
348 218 22.3214
362 218 200
364 218 200
372 218 28.6944
6 219 28.6944
14 219 28.6944
27 219 28.6944
47 219 28.6944
48 219 28.6944
88 219 28.6944
138 219 40.1606
144 219 40.1606
252 219 9.56938
253 219 9.56938
256 219 8.73744
283 219 9.56938
289 219 8.03858
348 219 22.3214
5 220 28.6944
6 220 28.6944
12 220 28.6944
47 220 28.6944
48 220 28.6944
138 220 40.1606
144 220 40.1606
200 220 200
252 220 28.6944
253 220 9.56938
255 220 9.56938
256 220 8.73744
348 220 22.3214
5 221 28.6944
12 221 28.6944
28 221 28.6944
47 221 28.6944
48 221 28.6944
138 221 40.1606
144 221 40.1606
172 221 66.8896
181 221 66.8896
200 221 200
202 221 200
299 221 5.15331
348 221 22.3214
362 221 66.8896
363 221 66.8896
393 221 66.8896
405 221 66.8896
416 221 22.3214
4 222 28.6944
5 222 28.6944
12 222 28.6944
48 222 28.6944
102 222 66.8896
138 222 40.1606
144 222 40.1606
172 222 66.8896
181 222 66.8896
200 222 66.8896
202 222 66.8896
245 222 11.8203
247 222 11.8203
249 222 28.6944
250 222 28.6944
251 222 28.6944
252 222 28.6944
253 222 28.6944
254 222 28.6944
277 222 8.03858
290 222 5.74218
299 222 5.15331
326 222 10.5764
362 222 66.8896
363 222 66.8896
365 222 66.8896
393 222 40.1606
394 222 40.1606
399 222 28.6944
400 222 28.6944
416 222 22.3214
4 223 28.6944
12 223 28.6944
138 223 40.1606
144 223 40.1606
172 223 66.8896
181 223 66.8896
202 223 66.8896
238 223 200
239 223 200
243 223 11.8203
244 223 11.8203
245 223 11.8203
247 223 11.8203
249 223 28.6944
250 223 28.6944
251 223 28.6944
252 223 28.6944
254 223 28.6944
255 223 40.1606
281 223 6.93001
282 223 6.93001
290 223 5.74218
291 223 5.74218
296 223 5.15331
297 223 5.15331
298 223 5.15331
348 223 40.1606
362 223 66.8896
363 223 66.8896
368 223 28.6944
369 223 28.6944
394 223 66.8896
414 223 22.3214
3 224 28.6944
103 224 66.8896
138 224 40.1606
144 224 40.1606
172 224 66.8896
181 224 66.8896
202 224 66.8896
235 224 22.3214
243 224 13.3958
245 224 11.8203
249 224 28.6944
250 224 28.6944
251 224 28.6944
276 224 7.44324
281 224 6.93001
296 224 5.15331
348 224 66.8896
350 224 40.1606
351 224 40.1606
362 224 66.8896
368 224 28.6944
369 224 28.6944
374 224 66.8896
376 224 66.8896
394 224 66.8896
3 225 28.6944
68 225 66.8896
104 225 66.8896
138 225 40.1606
144 225 40.1606
172 225 66.8896
181 225 66.8896
202 225 66.8896
230 225 66.8896
242 225 13.3958
245 225 11.8203
276 225 7.44324
278 225 7.44324
286 225 6.09013
348 225 66.8896
350 225 40.1606
351 225 40.1606
353 225 40.1606
354 225 28.6944
374 225 66.8896
375 225 66.8896
377 225 9.56938
385 225 28.6944
394 225 40.1606
6 226 28.6944
68 226 66.8896
104 226 66.8896
105 226 66.8896
138 226 40.1606
144 226 40.1606
172 226 66.8896
181 226 66.8896
242 226 13.3958
243 226 13.3958
276 226 7.44324
348 226 66.8896
349 226 40.1606
351 226 40.1606
352 226 40.1606
375 226 66.8896
377 226 9.56938
378 226 9.56938
382 226 28.6944
383 226 28.6944
385 226 28.6944
394 226 66.8896
6 227 28.6944
138 227 40.1606
144 227 40.1606
172 227 66.8896
181 227 66.8896
202 227 66.8896
234 227 28.6944
275 227 7.44324
293 227 66.8896
294 227 66.8896
295 227 66.8896
296 227 66.8896
297 227 40.1606
298 227 40.1606
309 227 15.456
310 227 15.456
311 227 15.456
312 227 13.3958
324 227 8.73744
376 227 9.56938
379 227 9.56938
382 227 28.6944
383 227 28.6944
396 227 66.8896
6 228 28.6944
19 228 28.6944
101 228 66.8896
118 228 200
144 228 40.1606
172 228 66.8896
181 228 66.8896
200 228 66.8896
202 228 66.8896
247 228 11.8203
277 228 7.44324
289 228 4.67399
290 228 4.67399
294 228 66.8896
295 228 66.8896
296 228 66.8896
297 228 40.1606
298 228 40.1606
299 228 40.1606
306 228 18.2648
307 228 18.2648
308 228 18.2648
309 228 15.456
310 228 15.456
312 228 13.3958
313 228 13.3958
324 228 8.73744
325 228 8.73744
6 229 28.6944
11 229 28.6944
19 229 28.6944
101 229 66.8896
118 229 200
144 229 40.1606
172 229 66.8896
173 229 66.8896
181 229 66.8896
202 229 66.8896
248 229 11.8203
255 229 8.73744
288 229 4.67399
306 229 18.2648
307 229 18.2648
308 229 18.2648
309 229 15.456
313 229 13.3958
324 229 8.73744
325 229 8.73744
326 229 8.73744
6 230 28.6944
11 230 28.6944
19 230 28.6944
83 230 40.1606
102 230 66.8896
144 230 40.1606
181 230 66.8896
325 230 8.73744
5 231 28.6944
6 231 28.6944
11 231 28.6944
19 231 28.6944
34 231 22.3214
83 231 40.1606
144 231 40.1606
358 231 200
362 231 66.8896
5 232 28.6944
6 232 28.6944
11 232 28.6944
19 232 28.6944
83 232 40.1606
144 232 40.1606
255 232 28.6944
256 232 28.6944
261 232 200
262 232 200
270 232 40.1606
272 232 40.1606
273 232 40.1606
274 232 40.1606
275 232 28.6944
277 232 22.3214
288 232 6.09013
361 232 66.8896
362 232 66.8896
364 232 66.8896
11 233 28.6944
145 233 40.1606
248 233 40.1606
249 233 40.1606
250 233 40.1606
251 233 28.6944
252 233 28.6944
253 233 28.6944
254 233 28.6944
255 233 28.6944
256 233 28.6944
257 233 40.1606
258 233 200
259 233 200
260 233 200
261 233 200
266 233 11.8203
267 233 11.8203
271 233 40.1606
272 233 40.1606
273 233 40.1606
274 233 40.1606
275 233 28.6944
277 233 22.3214
278 233 22.3214
311 233 6.09013
312 233 6.09013
324 233 7.44324
348 233 22.3214
349 233 22.3214
11 234 28.6944
237 234 40.1606
238 234 200
239 234 200
240 234 200
241 234 200
242 234 200
243 234 200
246 234 11.8203
250 234 40.1606
253 234 28.6944
254 234 28.6944
255 234 28.6944
265 234 11.8203
266 234 11.8203
267 234 10.5764
268 234 10.5764
270 234 10.5764
271 234 40.1606
274 234 40.1606
277 234 22.3214
278 234 22.3214
288 234 6.09013
305 234 7.44324
311 234 6.09013
322 234 7.44324
324 234 7.44324
349 234 22.3214
366 234 40.1606
180 235 66.8896
232 235 40.1606
233 235 40.1606
234 235 40.1606
235 235 40.1606
236 235 40.1606
237 235 40.1606
246 235 11.8203
247 235 13.3958
249 235 28.6944
252 235 28.6944
266 235 10.5764
267 235 10.5764
268 235 10.5764
269 235 10.5764
271 235 10.5764
275 235 28.6944
288 235 6.09013
291 235 9.56938
322 235 7.44324
44 236 22.3214
232 236 40.1606
235 236 40.1606
247 236 11.8203
249 236 13.3958
269 236 10.5764
271 236 9.56938
275 236 9.56938
288 236 6.09013
290 236 9.56938
291 236 9.56938
292 236 9.56938
34 237 22.3214
43 237 22.3214
44 237 22.3214
264 237 6.93001
265 237 10.5764
292 237 9.56938
349 237 4.67399
350 237 4.67399
34 238 22.3214
43 238 22.3214
247 238 11.8203
254 238 28.6944
255 238 28.6944
259 238 22.3214
269 238 10.5764
275 238 9.56938
276 238 9.56938
277 238 9.56938
294 238 9.56938
350 238 4.67399
34 239 22.3214
35 239 22.3214
57 239 22.3214
58 239 22.3214
269 239 10.5764
277 239 9.56938
287 239 6.93001
58 240 22.3214
59 240 22.3214
59 241 22.3214
74 244 22.3214
75 244 22.3214
75 245 22.3214
518 258 15.456
519 258 15.456
637 260 10.5764
559 261 22.3214
571 261 15.456
636 261 10.5764
637 261 10.5764
635 262 10.5764
634 263 10.5764
634 264 10.5764
22 267 15.456
23 267 15.456
24 267 15.456
81 267 15.456
133 267 15.456
134 267 15.456
574 270 13.3958
575 270 13.3958
583 270 13.3958
256 271 11.8203
573 271 13.3958
251 272 11.8203
252 272 11.8203
252 273 11.8203
253 273 11.8203
271 276 11.8203
536 276 13.3958
238 279 10.5764
255 280 10.5764
80 281 11.8203
81 281 11.8203
612 282 10.5764
160 283 11.8203
130 284 11.8203
268 284 10.5764
595 284 10.5764
129 285 11.8203
598 285 10.5764
600 285 10.5764
232 286 9.56938
233 286 9.56938
543 286 11.8203
598 286 10.5764
632 286 9.56938
627 288 10.5764
123 289 10.5764
631 289 9.56938
632 289 9.56938
106 292 10.5764
107 292 10.5764
108 292 10.5764
119 292 10.5764
109 293 10.5764
110 293 10.5764
550 293 10.5764
589 293 10.5764
590 293 10.5764
594 293 9.56938
614 293 9.56938
628 293 9.56938
629 293 9.56938
84 294 10.5764
85 294 10.5764
111 294 10.5764
112 294 10.5764
174 294 8.73744
207 294 8.73744
267 294 9.56938
550 294 10.5764
551 294 10.5764
85 295 10.5764
86 295 10.5764
87 295 9.56938
88 295 9.56938
174 295 8.73744
623 295 9.56938
625 295 9.56938
87 296 9.56938
88 296 9.56938
89 296 9.56938
90 296 9.56938
238 296 8.73744
239 296 8.73744
90 297 9.56938
91 297 9.56938
92 297 9.56938
93 297 9.56938
602 297 9.56938
92 298 9.56938
93 298 9.56938
94 298 9.56938
95 298 9.56938
95 299 9.56938
96 299 9.56938
97 299 9.56938
98 299 9.56938
198 299 8.03858
98 300 9.56938
99 300 9.56938
100 300 9.56938
634 300 8.73744
100 301 9.56938
101 301 9.56938
102 301 9.56938
175 301 8.03858
244 301 8.73744
602 301 9.56938
603 301 9.56938
102 302 9.56938
103 302 9.56938
104 302 9.56938
105 302 8.73744
173 302 8.03858
236 302 8.73744
104 303 9.56938
105 303 8.73744
106 303 8.73744
107 303 8.73744
173 303 8.03858
236 303 8.73744
236 305 8.73744
237 305 8.73744
238 306 8.73744
239 306 8.73744
240 306 8.03858
189 308 7.44324
633 308 8.73744
189 309 7.44324
627 309 8.73744
634 309 8.73744
635 310 8.73744
636 310 8.73744
183 311 7.44324
184 312 6.93001
223 312 8.03858
181 313 6.93001
185 313 7.44324
181 314 6.93001
182 314 6.93001
183 314 6.93001
126 317 6.93001
127 317 6.93001
169 317 6.93001
170 317 6.93001
179 317 6.93001
181 317 6.93001
182 317 6.93001
140 318 6.93001
141 319 6.93001
177 319 7.44324
136 320 6.48298
169 320 6.93001
174 320 6.93001
142 322 6.93001
149 322 6.48298
144 323 6.93001
149 323 6.48298
150 323 6.48298
165 323 6.48298
166 323 6.48298
167 323 6.48298
161 324 6.48298
162 324 6.48298
166 324 6.48298
167 324 6.48298
168 324 6.48298
169 324 6.48298
155 325 7.44324
157 325 7.44324
158 325 7.44324
161 325 6.48298
162 325 6.48298
163 325 6.48298
157 326 7.44324
162 326 6.48298
163 326 6.48298
164 326 6.48298
164 327 6.48298
165 327 6.48298
156 328 6.48298
195 328 6.93001
116 329 6.09013
153 329 6.48298
158 329 6.48298
192 329 6.93001
103 330 6.09013
106 330 6.09013
116 330 6.09013
117 330 6.09013
151 330 6.93001
154 330 6.48298
159 330 6.48298
101 331 6.09013
117 331 6.09013
118 331 6.09013
123 331 6.09013
151 331 6.93001
154 331 6.09013
155 331 6.09013
156 331 6.09013
164 331 6.09013
51 332 6.93001
84 332 6.48298
102 332 6.09013
118 332 6.09013
123 332 6.09013
165 332 6.09013
166 332 6.09013
51 333 6.93001
102 333 6.09013
115 333 6.09013
123 333 6.09013
124 333 6.09013
143 333 6.09013
148 333 6.09013
149 333 6.09013
144 334 6.09013
145 334 6.09013
109 335 6.09013
133 335 6.48298
135 335 6.48298
138 335 6.09013
141 335 6.09013
146 335 6.09013
629 335 6.93001
630 335 6.93001
110 336 6.09013
138 336 6.09013
110 337 6.09013
111 337 6.09013
131 340 5.74218
131 342 5.74218
104 343 5.43183
105 343 5.43183
131 343 5.74218
101 344 5.43183
104 344 5.43183
105 344 5.43183
106 344 5.43183
107 344 5.43183
119 344 5.74218
174 344 6.09013
106 345 5.43183
107 345 5.43183
99 346 5.43183
100 346 5.43183
107 346 5.43183
108 346 5.43183
170 346 6.09013
108 347 5.43183
189 347 6.09013
145 348 5.43183
146 348 5.43183
354 348 6.09013
87 349 5.15331
88 349 5.15331
187 349 6.09013
88 350 5.15331
142 350 5.43183
188 350 5.74218
189 350 5.74218
65 351 5.15331
79 351 5.43183
94 351 5.15331
61 352 5.15331
62 352 5.15331
63 352 5.15331
79 352 5.43183
61 353 5.15331
62 353 5.15331
63 353 5.15331
65 353 5.15331
76 353 5.15331
81 353 5.15331
82 353 5.15331
82 354 5.15331
83 354 5.15331
84 354 5.15331
74 357 5.15331
75 357 5.15331
102 358 5.15331
147 360 5.43183
152 360 5.43183
91 361 4.90196
104 361 5.15331
105 361 5.15331
144 361 5.43183
145 361 5.43183
91 362 4.90196
91 363 4.90196
92 363 4.90196
93 363 4.90196
476 363 5.43183
83 365 4.90196
84 365 4.90196
97 365 4.90196
98 365 4.90196
78 366 4.90196
79 366 4.90196
84 366 4.90196
85 366 4.90196
71 367 5.74218
78 367 4.90196
79 367 4.90196
80 367 4.90196
81 367 4.90196
85 367 4.90196
77 368 4.90196
81 368 4.90196
82 368 4.90196
83 368 4.90196
119 368 4.90196
120 368 4.90196
82 369 4.90196
83 369 4.90196
96 369 4.90196
97 369 4.90196
103 369 4.90196
104 369 4.90196
113 369 4.90196
117 370 4.90196
141 370 5.15331
142 370 5.15331
49 371 4.67399
65 371 4.67399
66 371 4.67399
69 371 4.67399
118 371 4.90196
121 371 4.90196
142 371 5.15331
143 371 5.15331
144 371 5.15331
30 372 4.67399
31 372 4.67399
69 372 4.67399
70 372 4.67399
119 372 4.90196
122 372 4.90196
31 373 4.67399
70 373 4.67399
120 374 4.90196
394 374 5.15331
22 376 4.46628
23 377 4.46628
60 378 4.90196
61 378 4.90196
64 378 4.67399
119 378 4.90196
60 379 4.90196
64 379 4.67399
65 379 4.67399
77 379 4.46628
78 379 4.46628
79 379 4.46628
62 380 4.67399
64 380 4.67399
66 380 4.46628
62 381 4.46628
64 381 4.46628
618 381 5.15331
619 381 4.90196
621 381 4.90196
43 382 4.27625
44 382 4.46628
61 382 4.67399
63 382 4.46628
64 382 4.46628
620 382 4.90196
621 382 4.90196
44 383 4.46628
45 383 4.46628
41 384 4.46628
115 384 4.67399
31 385 4.27625
32 385 4.27625
56 385 4.46628
31 386 4.27625
32 386 4.27625
110 386 4.67399
113 386 4.67399
32 387 4.27625
80 387 4.46628
107 387 4.67399
108 387 4.67399
81 388 4.46628
84 388 4.46628
108 388 4.67399
109 388 4.67399
222 388 4.67399
323 388 4.67399
13 389 4.27625
28 389 4.27625
12 390 4.27625
13 390 4.27625
33 390 4.27625
34 390 4.27625
81 390 4.46628
86 390 4.46628
104 390 4.67399
12 391 4.27625
105 391 4.67399
9 392 4.10172
13 392 4.27625
23 392 4.27625
59 392 4.27625
8 393 4.10172
9 393 4.10172
68 393 4.27625
69 393 4.27625
174 393 4.46628
29 394 4.90196
55 394 4.27625
82 394 4.27625
83 394 4.27625
6 397 4.27625
35 397 4.10172
36 397 4.10172
30 398 4.10172
31 398 4.10172
35 398 4.10172
36 398 4.10172
9 399 4.27625
28 399 4.10172
29 399 4.10172
30 399 4.10172
31 399 4.10172
37 399 4.10172
11 400 4.10172
12 400 4.10172
30 400 4.10172
31 400 4.10172
32 400 4.10172
33 400 4.10172
37 400 4.10172
12 401 4.10172
28 401 4.10172
29 401 4.10172
30 401 4.10172
33 401 4.10172
34 401 4.10172
10 402 3.94089
12 402 4.10172
33 402 4.10172
34 402 4.10172
8 403 3.94089
8 404 3.94089
326 405 4.27625
43 406 4.10172
44 407 4.10172
567 407 4.27625
325 408 4.27625
326 409 4.27625
568 409 4.27625
426 410 4.27625
75 411 4.10172
77 411 4.10172
78 411 4.10172
329 411 4.10172
425 412 4.27625
72 413 4.10172
73 413 4.10172
73 414 4.10172
74 414 4.10172
220 415 4.10172
380 415 4.10172
16 416 3.79219
269 416 4.10172
270 416 4.10172
325 416 4.10172
355 416 4.10172
236 417 4.10172
423 417 4.10172
30 418 3.79219
38 418 3.79219
38 419 3.79219
39 419 3.79219
41 419 3.6543
39 420 3.79219
40 420 3.79219
40 421 3.79219
233 421 3.94089
268 421 3.94089
234 422 3.94089
308 422 3.94089
253 423 3.94089
254 423 3.94089
256 423 3.94089
257 423 3.94089
258 423 3.94089
325 423 3.94089
326 423 3.94089
253 425 3.94089
254 425 3.94089
255 425 3.94089
256 425 3.94089
323 425 3.94089
376 425 3.94089
254 426 3.94089
255 426 3.94089
256 426 3.94089
257 426 3.79219
258 426 3.79219
259 426 3.79219
255 427 3.94089
256 427 3.94089
257 427 3.79219
322 429 3.79219
323 429 3.79219
324 429 3.79219
56 430 4.10172
337 430 3.79219
338 430 3.79219
55 431 4.10172
71 431 3.79219
56 432 3.94089
50 433 3.79219
51 434 3.6543
54 434 3.94089
55 434 3.94089
315 434 3.79219
316 434 3.79219
317 434 3.79219
50 435 3.6543
51 435 3.6543
280 435 3.79219
316 435 3.79219
317 435 3.79219
553 435 3.79219
50 436 3.6543
51 436 3.6543
52 436 3.6543
53 436 3.6543
57 436 3.6543
58 436 3.6543
59 436 3.6543
53 437 3.6543
54 437 3.6543
133 437 3.6543
134 437 3.6543
135 437 3.6543
172 437 3.6543
173 437 3.6543
339 437 3.52609
48 438 3.52609
49 438 3.52609
50 438 3.6543
147 438 3.6543
314 438 3.79219
315 438 3.6543
42 439 3.6543
201 439 3.6543
202 439 3.6543
315 439 3.6543
316 439 3.6543
317 439 3.6543
328 439 3.6543
329 439 3.6543
583 439 3.6543
317 440 3.6543
318 440 3.6543
329 440 3.6543
330 440 3.6543
584 440 3.6543
24 441 3.6543
24 442 3.6543
54 442 3.94089
150 442 3.6543
581 442 3.6543
25 443 3.6543
26 443 3.6543
48 443 3.6543
49 443 3.6543
21 444 3.52609
22 444 3.52609
24 444 3.52609
45 444 3.79219
49 444 3.6543
369 444 3.6543
23 445 3.52609
25 445 3.52609
26 445 3.52609
57 445 3.6543
347 445 3.6543
356 445 3.6543
22 446 3.52609
23 446 3.52609
26 446 3.52609
40 446 3.52609
44 446 3.52609
57 446 3.52609
23 447 3.40657
24 447 3.40657
25 447 3.40657
26 447 3.52609
37 447 3.52609
40 447 3.52609
59 447 3.52609
10 448 3.79219
40 448 3.52609
41 448 3.52609
42 448 3.52609
43 448 3.52609
44 448 3.52609
45 448 3.52609
46 448 3.52609
47 448 3.52609
55 448 3.52609
56 448 3.52609
57 448 3.52609
109 448 3.52609
325 448 3.52609
326 448 3.52609
327 448 3.52609
19 449 3.79219
43 449 3.52609
47 449 3.52609
58 449 3.52609
327 449 3.52609
15 450 3.52609
19 450 3.79219
20 450 3.79219
41 450 3.52609
42 450 3.52609
43 450 3.52609
44 450 3.52609
122 450 3.52609
15 451 3.52609
123 451 3.52609
13 452 3.40657
18 452 3.6543
19 452 3.6543
21 452 3.6543
118 452 3.40657
119 452 3.40657
125 452 3.40657
126 452 3.40657
324 452 3.52609
10 453 3.40657
11 453 3.40657
18 453 3.6543
21 453 3.52609
26 453 3.79219
120 453 3.40657
11 454 3.40657
12 454 3.40657
13 454 3.40657
32 454 3.52609
21 455 3.52609
23 455 3.52609
32 455 3.52609
130 455 3.40657
143 455 3.52609
314 455 3.40657
9 456 3.29489
10 456 3.29489
11 456 3.29489
12 456 3.40657
18 456 3.40657
19 456 3.40657
23 456 3.52609
27 456 3.52609
28 456 3.52609
33 456 3.52609
132 456 3.40657
133 456 3.40657
18 457 3.40657
20 457 3.40657
23 457 3.52609
27 457 3.52609
135 457 3.40657
136 457 3.40657
143 457 3.40657
19 458 3.40657
20 458 3.40657
27 458 3.40657
28 458 3.40657
29 458 3.40657
136 458 3.40657
143 458 3.40657
144 458 3.40657
144 459 3.40657
145 459 3.40657
624 459 3.40657
12 460 3.09215
25 460 3.29489
26 460 3.29489
27 460 3.29489
28 460 3.29489
29 460 3.29489
30 460 3.29489
155 461 3.40657
256 461 3.40657
622 461 3.40657
626 461 3.40657
8 462 3.52609
25 462 3.29489
26 462 3.29489
329 462 3.40657
330 462 3.40657
571 462 3.40657
332 463 3.40657
630 463 3.29489
8 464 3.52609
10 464 3.40657
183 464 3.29489
184 464 3.29489
7 465 3.52609
11 465 3.40657
138 465 3.29489
139 465 3.29489
207 465 3.29489
7 466 3.52609
8 466 3.40657
139 466 3.29489
187 466 3.29489
408 466 3.29489
409 466 3.29489
10 467 3.29489
11 467 3.29489
255 467 3.29489
321 467 3.29489
300 468 3.29489
320 468 3.29489
8 469 3.1903
9 469 3.1903
11 469 3.1903
321 469 3.29489
6 470 3.1903
7 470 3.1903
8 470 3.1903
9 470 3.1903
8 471 3.1903
132 472 3.1903
132 473 3.1903
230 473 3.1903
237 475 3.1903
238 475 3.1903
239 475 3.1903
240 476 3.1903
457 476 3.1903
127 477 3.1903
521 477 3.1903
522 477 3.1903
