5 3 22.3214
7 3 22.3214
8 3 22.3214
23 3 22.3214
40 3 22.3214
41 3 22.3214
286 3 28.6944
289 3 22.3214
290 3 22.3214
319 3 40.1606
325 3 22.3214
333 3 22.3214
337 3 66.8896
351 3 18.2648
478 3 22.3214
479 3 22.3214
16 4 22.3214
40 4 22.3214
41 4 22.3214
256 4 22.3214
257 4 22.3214
283 4 40.1606
287 4 28.6944
290 4 22.3214
319 4 40.1606
332 4 22.3214
333 4 22.3214
337 4 66.8896
351 4 18.2648
478 4 22.3214
479 4 22.3214
593 4 11.8203
8 5 22.3214
12 5 22.3214
13 5 22.3214
16 5 22.3214
29 5 22.3214
40 5 22.3214
41 5 22.3214
46 5 22.3214
256 5 22.3214
283 5 40.1606
287 5 28.6944
290 5 22.3214
319 5 40.1606
324 5 22.3214
325 5 22.3214
329 5 28.6944
332 5 22.3214
351 5 18.2648
366 5 6.09013
395 5 22.3214
462 5 22.3214
476 5 22.3214
485 5 22.3214
580 5 13.3958
593 5 11.8203
3 6 22.3214
8 6 22.3214
13 6 22.3214
39 6 22.3214
40 6 22.3214
45 6 22.3214
46 6 22.3214
283 6 40.1606
287 6 28.6944
290 6 22.3214
319 6 40.1606
327 6 22.3214
329 6 28.6944
332 6 22.3214
351 6 18.2648
395 6 22.3214
460 6 22.3214
475 6 22.3214
39 7 22.3214
40 7 22.3214
45 7 22.3214
287 7 28.6944
304 7 11.8203
327 7 22.3214
334 7 22.3214
351 7 18.2648
394 7 22.3214
459 7 22.3214
473 7 22.3214
474 7 22.3214
582 7 13.3958
636 7 11.8203
9 8 22.3214
18 8 22.3214
19 8 22.3214
20 8 22.3214
39 8 22.3214
284 8 40.1606
292 8 22.3214
332 8 22.3214
334 8 200
351 8 18.2648
394 8 22.3214
458 8 22.3214
472 8 22.3214
473 8 22.3214
583 8 13.3958
600 8 11.8203
7 9 22.3214
16 9 22.3214
17 9 22.3214
20 9 22.3214
24 9 22.3214
44 9 22.3214
45 9 22.3214
284 9 40.1606
288 9 28.6944
292 9 22.3214
328 9 22.3214
351 9 18.2648
393 9 22.3214
471 9 22.3214
472 9 22.3214
601 9 11.8203
7 10 22.3214
11 10 22.3214
12 10 22.3214
13 10 22.3214
16 10 22.3214
17 10 22.3214
20 10 22.3214
24 10 22.3214
44 10 22.3214
45 10 22.3214
288 10 28.6944
292 10 22.3214
305 10 11.8203
328 10 22.3214
331 10 18.2648
332 10 18.2648
334 10 200
338 10 15.456
345 10 10.5764
351 10 18.2648
470 10 22.3214
471 10 22.3214
610 10 200
7 11 22.3214
11 11 22.3214
12 11 22.3214
43 11 22.3214
44 11 22.3214
288 11 28.6944
292 11 22.3214
322 11 7.44324
328 11 22.3214
331 11 18.2648
332 11 18.2648
334 11 200
351 11 18.2648
365 11 10.5764
391 11 22.3214
469 11 22.3214
606 11 13.3958
5 12 22.3214
38 12 22.3214
39 12 22.3214
44 12 22.3214
288 12 28.6944
289 12 28.6944
292 12 22.3214
293 12 22.3214
322 12 7.44324
328 12 22.3214
331 12 18.2648
351 12 18.2648
365 12 28.6944
391 12 22.3214
464 12 28.6944
468 12 22.3214
580 12 13.3958
5 13 22.3214
20 13 22.3214
21 13 22.3214
37 13 22.3214
38 13 22.3214
44 13 22.3214
293 13 22.3214
328 13 22.3214
331 13 18.2648
345 13 28.6944
351 13 18.2648
352 13 18.2648
365 13 28.6944
463 13 28.6944
467 13 22.3214
568 13 11.8203
580 13 13.3958
5 14 22.3214
20 14 22.3214
21 14 22.3214
37 14 22.3214
44 14 22.3214
50 14 22.3214
293 14 22.3214
328 14 22.3214
345 14 28.6944
365 14 28.6944
455 14 200
576 14 13.3958
577 14 13.3958
3 15 22.3214
4 15 22.3214
5 15 22.3214
16 15 28.6944
20 15 22.3214
25 15 22.3214
44 15 22.3214
51 15 22.3214
293 15 22.3214
310 15 10.5764
328 15 22.3214
331 15 18.2648
345 15 28.6944
588 15 11.8203
589 15 11.8203
590 15 11.8203
591 15 11.8203
611 15 11.8203
614 15 10.5764
18 16 22.3214
25 16 22.3214
37 16 22.3214
46 16 22.3214
50 16 22.3214
51 16 22.3214
290 16 28.6944
294 16 22.3214
319 16 66.8896
328 16 22.3214
331 16 18.2648
345 16 28.6944
352 16 18.2648
387 16 28.6944
464 16 22.3214
465 16 22.3214
583 16 13.3958
584 16 13.3958
585 16 13.3958
586 16 13.3958
591 16 11.8203
6 17 22.3214
21 17 22.3214
22 17 22.3214
24 17 22.3214
31 17 22.3214
37 17 22.3214
43 17 22.3214
46 17 22.3214
290 17 28.6944
294 17 22.3214
295 17 22.3214
328 17 22.3214
352 17 18.2648
353 17 18.2648
387 17 28.6944
462 17 22.3214
463 17 22.3214
464 17 22.3214
537 17 13.3958
543 17 13.3958
544 17 13.3958
577 17 13.3958
578 17 13.3958
579 17 13.3958
589 17 11.8203
593 17 13.3958
594 17 13.3958
601 17 13.3958
603 17 13.3958
604 17 11.8203
605 17 11.8203
607 17 11.8203
608 17 11.8203
609 17 11.8203
610 17 11.8203
624 17 11.8203
627 17 10.5764
3 18 22.3214
31 18 22.3214
50 18 22.3214
295 18 22.3214
328 18 22.3214
345 18 10.5764
352 18 18.2648
353 18 18.2648
386 18 22.3214
461 18 22.3214
462 18 22.3214
598 18 13.3958
599 18 13.3958
600 18 13.3958
601 18 13.3958
602 18 13.3958
605 18 11.8203
610 18 11.8203
629 18 10.5764
3 19 22.3214
30 19 22.3214
50 19 22.3214
291 19 28.6944
295 19 22.3214
311 19 18.2648
319 19 200
328 19 28.6944
331 19 22.3214
345 19 10.5764
349 19 9.56938
353 19 18.2648
385 19 22.3214
456 19 22.3214
459 19 22.3214
460 19 22.3214
552 19 13.3958
598 19 13.3958
619 19 11.8203
620 19 11.8203
621 19 11.8203
622 19 11.8203
633 19 10.5764
634 19 10.5764
3 20 22.3214
6 20 22.3214
22 20 22.3214
23 20 22.3214
29 20 22.3214
42 20 22.3214
43 20 22.3214
49 20 22.3214
291 20 28.6944
319 20 200
328 20 28.6944
331 20 22.3214
346 20 10.5764
349 20 9.56938
353 20 18.2648
384 20 22.3214
385 20 22.3214
458 20 22.3214
459 20 22.3214
612 20 13.3958
613 20 13.3958
616 20 13.3958
617 20 13.3958
622 20 11.8203
623 20 11.8203
624 20 11.8203
625 20 11.8203
5 21 22.3214
21 21 22.3214
22 21 22.3214
43 21 22.3214
49 21 22.3214
292 21 28.6944
296 21 22.3214
303 21 15.456
319 21 200
328 21 28.6944
346 21 28.6944
349 21 9.56938
353 21 18.2648
384 21 22.3214
387 21 22.3214
457 21 22.3214
627 21 11.8203
628 21 11.8203
4 22 22.3214
5 22 22.3214
8 22 22.3214
24 22 22.3214
45 22 22.3214
49 22 22.3214
292 22 28.6944
296 22 22.3214
302 22 15.456
328 22 28.6944
330 22 22.3214
346 22 28.6944
349 22 9.56938
356 22 8.03858
380 22 22.3214
383 22 22.3214
455 22 22.3214
456 22 22.3214
631 22 11.8203
632 22 11.8203
4 23 22.3214
5 23 22.3214
6 23 22.3214
23 23 22.3214
24 23 22.3214
45 23 22.3214
48 23 22.3214
292 23 28.6944
293 23 28.6944
296 23 22.3214
324 23 40.1606
330 23 22.3214
346 23 28.6944
349 23 9.56938
356 23 8.03858
370 23 6.09013
382 23 22.3214
453 23 22.3214
454 23 22.3214
455 23 22.3214
578 23 13.3958
582 23 11.8203
583 23 11.8203
588 23 11.8203
633 23 11.8203
634 23 11.8203
635 23 11.8203
9 24 22.3214
19 24 22.3214
20 24 22.3214
21 24 22.3214
23 24 22.3214
24 24 22.3214
27 24 18.2648
41 24 22.3214
47 24 22.3214
48 24 22.3214
293 24 28.6944
296 24 22.3214
297 24 22.3214
324 24 40.1606
330 24 22.3214
346 24 28.6944
349 24 9.56938
356 24 8.03858
362 24 13.3958
382 24 22.3214
453 24 22.3214
522 24 11.8203
565 24 11.8203
577 24 13.3958
578 24 13.3958
629 24 13.3958
630 24 13.3958
635 24 11.8203
636 24 11.8203
6 25 22.3214
9 25 22.3214
10 25 22.3214
23 25 22.3214
24 25 22.3214
36 25 200
37 25 200
41 25 22.3214
47 25 22.3214
293 25 28.6944
296 25 22.3214
297 25 22.3214
324 25 40.1606
330 25 22.3214
343 25 11.8203
349 25 9.56938
356 25 8.03858
378 25 28.6944
381 25 22.3214
451 25 22.3214
555 25 11.8203
556 25 11.8203
632 25 13.3958
636 25 11.8203
637 25 11.8203
9 26 22.3214
23 26 22.3214
24 26 22.3214
46 26 22.3214
47 26 22.3214
293 26 28.6944
296 26 22.3214
297 26 22.3214
299 26 22.3214
324 26 40.1606
329 26 22.3214
330 26 22.3214
336 26 15.456
381 26 22.3214
450 26 22.3214
6 27 22.3214
24 27 22.3214
42 27 22.3214
46 27 22.3214
47 27 22.3214
293 27 28.6944
297 27 22.3214
324 27 40.1606
330 27 22.3214
356 27 18.2648
380 27 22.3214
381 27 22.3214
448 27 22.3214
449 27 22.3214
548 27 11.8203
6 28 22.3214
47 28 22.3214
293 28 28.6944
294 28 28.6944
297 28 22.3214
324 28 40.1606
330 28 22.3214
346 28 40.1606
349 28 28.6944
356 28 18.2648
447 28 22.3214
448 28 22.3214
548 28 11.8203
634 28 13.3958
6 29 22.3214
18 29 22.3214
19 29 22.3214
32 29 22.3214
33 29 22.3214
45 29 22.3214
46 29 22.3214
293 29 28.6944
294 29 28.6944
297 29 22.3214
324 29 40.1606
330 29 22.3214
349 29 28.6944
355 29 18.2648
446 29 22.3214
447 29 22.3214
448 29 22.3214
10 30 22.3214
16 30 22.3214
18 30 22.3214
19 30 22.3214
32 30 22.3214
33 30 22.3214
40 30 22.3214
41 30 22.3214
45 30 22.3214
46 30 22.3214
293 30 28.6944
294 30 28.6944
297 30 22.3214
324 30 40.1606
330 30 22.3214
355 30 18.2648
362 30 28.6944
444 30 22.3214
445 30 22.3214
7 31 22.3214
12 31 22.3214
13 31 22.3214
27 31 22.3214
28 31 22.3214
40 31 22.3214
293 31 28.6944
294 31 28.6944
297 31 22.3214
324 31 40.1606
330 31 22.3214
344 31 40.1606
355 31 18.2648
359 31 28.6944
361 31 28.6944
362 31 28.6944
381 31 18.2648
444 31 22.3214
594 31 10.5764
6 32 22.3214
12 32 22.3214
13 32 22.3214
27 32 22.3214
28 32 22.3214
32 32 22.3214
47 32 22.3214
293 32 28.6944
294 32 28.6944
297 32 22.3214
298 32 22.3214
324 32 40.1606
330 32 22.3214
331 32 22.3214
344 32 40.1606
345 32 40.1606
354 32 18.2648
355 32 18.2648
377 32 22.3214
443 32 22.3214
33 33 22.3214
41 33 22.3214
42 33 22.3214
46 33 22.3214
47 33 22.3214
294 33 28.6944
298 33 22.3214
324 33 40.1606
325 33 40.1606
330 33 22.3214
345 33 40.1606
355 33 18.2648
360 33 28.6944
376 33 22.3214
377 33 22.3214
436 33 40.1606
442 33 22.3214
443 33 22.3214
3 34 22.3214
7 34 22.3214
9 34 22.3214
16 34 22.3214
27 34 22.3214
47 34 22.3214
294 34 28.6944
298 34 22.3214
324 34 40.1606
325 34 40.1606
331 34 22.3214
345 34 40.1606
349 34 28.6944
355 34 18.2648
360 34 28.6944
375 34 22.3214
376 34 22.3214
441 34 22.3214
442 34 22.3214
572 34 9.56938
582 34 10.5764
3 35 22.3214
9 35 22.3214
14 35 22.3214
15 35 22.3214
16 35 22.3214
19 35 28.6944
28 35 22.3214
47 35 22.3214
294 35 28.6944
298 35 22.3214
325 35 40.1606
331 35 22.3214
345 35 40.1606
349 35 28.6944
354 35 18.2648
375 35 22.3214
439 35 22.3214
583 35 10.5764
14 36 22.3214
17 36 22.3214
19 36 28.6944
20 36 66.8896
28 36 22.3214
29 36 22.3214
30 36 22.3214
38 36 22.3214
43 36 22.3214
44 36 22.3214
294 36 28.6944
295 36 28.6944
298 36 22.3214
299 36 22.3214
325 36 40.1606
331 36 22.3214
345 36 40.1606
349 36 28.6944
354 36 18.2648
355 36 18.2648
359 36 28.6944
374 36 22.3214
438 36 22.3214
439 36 22.3214
561 36 10.5764
567 36 10.5764
16 37 22.3214
21 37 66.8896
43 37 22.3214
44 37 22.3214
295 37 28.6944
299 37 22.3214
325 37 40.1606
331 37 22.3214
332 37 22.3214
345 37 40.1606
349 37 28.6944
354 37 18.2648
359 37 28.6944
437 37 22.3214
15 38 22.3214
16 38 22.3214
33 38 200
43 38 22.3214
46 38 22.3214
295 38 28.6944
299 38 22.3214
332 38 22.3214
345 38 40.1606
354 38 18.2648
373 38 22.3214
398 38 22.3214
435 38 22.3214
436 38 22.3214
437 38 22.3214
15 39 22.3214
35 39 200
45 39 22.3214
46 39 22.3214
53 39 22.3214
296 39 28.6944
300 39 22.3214
326 39 40.1606
332 39 22.3214
345 39 40.1606
349 39 28.6944
354 39 18.2648
357 39 15.456
360 39 200
372 39 22.3214
434 39 22.3214
435 39 22.3214
3 40 28.6944
44 40 22.3214
45 40 22.3214
53 40 22.3214
296 40 28.6944
300 40 22.3214
326 40 40.1606
332 40 22.3214
344 40 40.1606
345 40 40.1606
348 40 28.6944
353 40 40.1606
354 40 40.1606
357 40 28.6944
371 40 22.3214
372 40 22.3214
434 40 22.3214
32 41 22.3214
44 41 22.3214
45 41 22.3214
297 41 28.6944
300 41 22.3214
301 41 22.3214
326 41 40.1606
331 41 22.3214
332 41 22.3214
344 41 40.1606
345 41 40.1606
348 41 28.6944
353 41 40.1606
357 41 28.6944
359 41 28.6944
363 41 7.44324
371 41 22.3214
433 41 22.3214
623 41 13.3958
624 41 13.3958
5 42 40.1606
31 42 22.3214
32 42 22.3214
45 42 22.3214
46 42 22.3214
55 42 22.3214
297 42 28.6944
301 42 22.3214
344 42 40.1606
353 42 40.1606
357 42 28.6944
359 42 200
370 42 22.3214
431 42 22.3214
432 42 22.3214
551 42 10.5764
624 42 13.3958
637 42 40.1606
5 43 40.1606
45 43 22.3214
46 43 22.3214
54 43 22.3214
55 43 22.3214
298 43 28.6944
301 43 22.3214
302 43 22.3214
333 43 22.3214
344 43 40.1606
353 43 40.1606
356 43 28.6944
369 43 22.3214
431 43 22.3214
5 44 40.1606
8 44 18.2648
26 44 22.3214
46 44 22.3214
54 44 22.3214
298 44 28.6944
301 44 22.3214
302 44 22.3214
327 44 40.1606
333 44 22.3214
344 44 40.1606
347 44 66.8896
356 44 28.6944
358 44 200
369 44 22.3214
430 44 22.3214
26 45 22.3214
32 45 22.3214
46 45 22.3214
54 45 22.3214
147 45 40.1606
298 45 28.6944
299 45 28.6944
302 45 22.3214
327 45 40.1606
333 45 22.3214
344 45 40.1606
347 45 66.8896
355 45 28.6944
358 45 200
368 45 22.3214
622 45 13.3958
26 46 22.3214
32 46 22.3214
33 46 22.3214
41 46 22.3214
47 46 22.3214
54 46 22.3214
55 46 22.3214
132 46 40.1606
299 46 28.6944
303 46 22.3214
327 46 40.1606
333 46 22.3214
345 46 40.1606
348 46 66.8896
355 46 28.6944
368 46 22.3214
423 46 40.1606
427 46 22.3214
428 46 22.3214
41 47 22.3214
42 47 22.3214
47 47 22.3214
54 47 22.3214
129 47 40.1606
299 47 28.6944
303 47 22.3214
327 47 40.1606
333 47 22.3214
347 47 66.8896
348 47 66.8896
354 47 28.6944
426 47 22.3214
427 47 22.3214
477 47 28.6944
480 47 28.6944
37 48 22.3214
41 48 22.3214
42 48 22.3214
47 48 22.3214
53 48 22.3214
54 48 22.3214
129 48 40.1606
148 48 40.1606
299 48 28.6944
300 48 28.6944
304 48 22.3214
327 48 40.1606
334 48 22.3214
343 48 200
348 48 66.8896
367 48 22.3214
371 48 18.2648
425 48 22.3214
426 48 22.3214
474 48 28.6944
625 48 13.3958
626 48 13.3958
630 48 11.8203
35 49 22.3214
36 49 22.3214
53 49 22.3214
54 49 22.3214
129 49 40.1606
147 49 40.1606
148 49 40.1606
300 49 28.6944
304 49 22.3214
305 49 22.3214
327 49 40.1606
334 49 22.3214
347 49 66.8896
355 49 200
366 49 22.3214
367 49 22.3214
387 49 40.1606
424 49 22.3214
425 49 22.3214
626 49 13.3958
630 49 11.8203
35 50 22.3214
36 50 22.3214
44 50 22.3214
47 50 22.3214
53 50 22.3214
78 50 40.1606
129 50 40.1606
138 50 40.1606
148 50 40.1606
149 50 40.1606
301 50 28.6944
304 50 22.3214
305 50 22.3214
328 50 40.1606
334 50 22.3214
347 50 66.8896
355 50 200
366 50 22.3214
387 50 40.1606
423 50 22.3214
470 50 28.6944
471 50 28.6944
609 50 28.6944
626 50 13.3958
630 50 11.8203
23 51 22.3214
24 51 22.3214
29 51 22.3214
30 51 22.3214
44 51 22.3214
53 51 22.3214
75 51 40.1606
79 51 40.1606
129 51 40.1606
145 51 66.8896
149 51 40.1606
287 51 28.6944
301 51 28.6944
305 51 22.3214
328 51 40.1606
329 51 40.1606
334 51 22.3214
347 51 66.8896
353 51 200
355 51 200
365 51 22.3214
423 51 22.3214
469 51 28.6944
470 51 28.6944
626 51 13.3958
630 51 11.8203
18 52 22.3214
24 52 22.3214
30 52 22.3214
45 52 22.3214
52 52 22.3214
75 52 40.1606
79 52 40.1606
129 52 40.1606
148 52 40.1606
149 52 40.1606
301 52 28.6944
306 52 22.3214
328 52 40.1606
355 52 200
365 52 22.3214
468 52 28.6944
626 52 13.3958
630 52 11.8203
34 53 200
38 53 22.3214
45 53 22.3214
46 53 22.3214
52 53 22.3214
75 53 40.1606
78 53 40.1606
79 53 40.1606
130 53 40.1606
148 53 40.1606
149 53 40.1606
306 53 22.3214
307 53 22.3214
328 53 40.1606
335 53 22.3214
364 53 22.3214
365 53 22.3214
420 53 22.3214
467 53 28.6944
626 53 13.3958
630 53 11.8203
23 54 22.3214
24 54 22.3214
29 54 40.1606
34 54 200
38 54 22.3214
45 54 22.3214
46 54 22.3214
52 54 22.3214
53 54 22.3214
75 54 40.1606
78 54 40.1606
79 54 40.1606
130 54 40.1606
137 54 28.6944
149 54 40.1606
249 54 22.3214
301 54 40.1606
307 54 22.3214
329 54 40.1606
335 54 22.3214
352 54 18.2648
363 54 22.3214
364 54 22.3214
418 54 22.3214
419 54 22.3214
626 54 13.3958
630 54 11.8203
631 54 11.8203
24 55 22.3214
25 55 22.3214
46 55 22.3214
52 55 22.3214
75 55 40.1606
78 55 40.1606
130 55 40.1606
249 55 22.3214
307 55 22.3214
329 55 40.1606
335 55 22.3214
352 55 18.2648
363 55 22.3214
418 55 22.3214
630 55 11.8203
631 55 11.8203
3 56 40.1606
46 56 22.3214
51 56 22.3214
52 56 22.3214
75 56 40.1606
78 56 40.1606
141 56 28.6944
249 56 22.3214
304 56 28.6944
307 56 22.3214
308 56 22.3214
329 56 40.1606
335 56 22.3214
358 56 40.1606
362 56 22.3214
363 56 22.3214
411 56 40.1606
417 56 22.3214
625 56 13.3958
628 56 13.3958
630 56 11.8203
3 57 40.1606
18 57 66.8896
24 57 22.3214
29 57 22.3214
30 57 22.3214
46 57 22.3214
52 57 22.3214
75 57 40.1606
78 57 40.1606
128 57 40.1606
137 57 40.1606
138 57 40.1606
148 57 40.1606
153 57 40.1606
304 57 28.6944
308 57 22.3214
329 57 40.1606
335 57 22.3214
339 57 7.44324
345 57 66.8896
352 57 200
358 57 40.1606
362 57 22.3214
411 57 40.1606
416 57 22.3214
628 57 13.3958
11 58 22.3214
23 58 22.3214
24 58 22.3214
25 58 22.3214
27 58 22.3214
75 58 40.1606
78 58 40.1606
137 58 40.1606
139 58 40.1606
304 58 28.6944
305 58 28.6944
308 58 22.3214
309 58 22.3214
315 58 15.456
329 58 40.1606
339 58 7.44324
352 58 200
357 58 40.1606
361 58 22.3214
362 58 22.3214
416 58 22.3214
10 59 22.3214
16 59 66.8896
46 59 22.3214
47 59 22.3214
53 59 22.3214
54 59 22.3214
75 59 40.1606
79 59 40.1606
133 59 40.1606
137 59 40.1606
153 59 40.1606
305 59 28.6944
309 59 22.3214
336 59 22.3214
339 59 7.44324
357 59 40.1606
361 59 22.3214
415 59 22.3214
29 60 28.6944
30 60 22.3214
32 60 28.6944
38 60 22.3214
39 60 22.3214
47 60 22.3214
48 60 22.3214
53 60 22.3214
54 60 22.3214
75 60 40.1606
78 60 40.1606
140 60 40.1606
151 60 40.1606
153 60 40.1606
192 60 22.3214
305 60 28.6944
309 60 22.3214
310 60 22.3214
330 60 40.1606
337 60 22.3214
352 60 66.8896
360 60 22.3214
361 60 22.3214
412 60 22.3214
413 60 22.3214
415 60 22.3214
587 60 15.456
6 61 22.3214
9 61 40.1606
32 61 22.3214
38 61 22.3214
39 61 22.3214
52 61 22.3214
53 61 22.3214
54 61 22.3214
75 61 40.1606
78 61 40.1606
152 61 40.1606
281 61 28.6944
306 61 28.6944
310 61 22.3214
314 61 18.2648
330 61 40.1606
351 61 66.8896
352 61 66.8896
360 61 22.3214
411 61 22.3214
412 61 22.3214
415 61 22.3214
458 61 28.6944
9 62 40.1606
10 62 40.1606
17 62 22.3214
31 62 22.3214
51 62 22.3214
78 62 40.1606
142 62 40.1606
150 62 40.1606
152 62 40.1606
266 62 22.3214
306 62 28.6944
310 62 22.3214
311 62 22.3214
314 62 18.2648
336 62 200
351 62 66.8896
359 62 22.3214
360 62 22.3214
410 62 22.3214
411 62 22.3214
455 62 28.6944
585 62 15.456
11 63 40.1606
17 63 22.3214
18 63 22.3214
33 63 22.3214
41 63 200
42 63 200
49 63 22.3214
50 63 22.3214
53 63 28.6944
78 63 40.1606
124 63 40.1606
150 63 40.1606
151 63 40.1606
250 63 22.3214
266 63 22.3214
307 63 28.6944
311 63 22.3214
314 63 18.2648
351 63 66.8896
359 63 22.3214
409 63 22.3214
450 63 40.1606
454 63 28.6944
11 64 66.8896
32 64 22.3214
33 64 22.3214
49 64 22.3214
50 64 22.3214
52 64 22.3214
53 64 22.3214
78 64 40.1606
124 64 40.1606
141 64 40.1606
142 64 40.1606
151 64 40.1606
227 64 22.3214
266 64 22.3214
311 64 22.3214
351 64 66.8896
358 64 22.3214
359 64 22.3214
403 64 40.1606
409 64 22.3214
453 64 28.6944
32 65 22.3214
33 65 22.3214
52 65 22.3214
53 65 22.3214
54 65 22.3214
78 65 40.1606
141 65 40.1606
148 65 66.8896
267 65 22.3214
308 65 28.6944
312 65 22.3214
315 65 18.2648
338 65 22.3214
350 65 66.8896
358 65 22.3214
402 65 40.1606
408 65 22.3214
452 65 28.6944
595 65 13.3958
630 65 13.3958
32 66 22.3214
33 66 22.3214
49 66 22.3214
54 66 22.3214
55 66 22.3214
78 66 40.1606
124 66 40.1606
141 66 28.6944
149 66 66.8896
152 66 40.1606
244 66 22.3214
251 66 28.6944
308 66 28.6944
312 66 22.3214
315 66 22.3214
330 66 22.3214
333 66 9.56938
338 66 22.3214
350 66 66.8896
358 66 22.3214
401 66 40.1606
406 66 22.3214
451 66 28.6944
630 66 13.3958
4 67 22.3214
32 67 22.3214
33 67 22.3214
49 67 22.3214
54 67 22.3214
55 67 22.3214
78 67 40.1606
124 67 40.1606
141 67 28.6944
152 67 40.1606
243 67 22.3214
313 67 22.3214
333 67 9.56938
344 67 18.2648
350 67 66.8896
351 67 66.8896
357 67 22.3214
405 67 22.3214
630 67 13.3958
49 68 22.3214
54 68 22.3214
55 68 22.3214
78 68 40.1606
141 68 40.1606
142 68 40.1606
151 68 40.1606
152 68 40.1606
243 68 22.3214
275 68 22.3214
309 68 28.6944
313 68 22.3214
314 68 22.3214
333 68 9.56938
339 68 22.3214
343 68 18.2648
353 68 22.3214
356 68 22.3214
404 68 22.3214
449 68 28.6944
17 69 22.3214
31 69 22.3214
32 69 22.3214
47 69 22.3214
55 69 22.3214
78 69 40.1606
124 69 40.1606
142 69 28.6944
143 69 28.6944
152 69 40.1606
153 69 40.1606
242 69 22.3214
249 69 28.6944
275 69 22.3214
304 69 66.8896
310 69 28.6944
314 69 22.3214
339 69 22.3214
343 69 18.2648
353 69 22.3214
355 69 22.3214
403 69 22.3214
448 69 28.6944
567 69 11.8203
631 69 13.3958
3 70 22.3214
17 70 22.3214
19 70 22.3214
31 70 22.3214
32 70 22.3214
36 70 22.3214
37 70 22.3214
49 70 22.3214
53 70 22.3214
55 70 22.3214
56 70 22.3214
78 70 40.1606
124 70 40.1606
140 70 28.6944
143 70 28.6944
152 70 40.1606
248 70 28.6944
269 70 40.1606
287 70 22.3214
310 70 28.6944
314 70 22.3214
321 70 15.456
324 70 13.3958
328 70 22.3214
340 70 22.3214
343 70 18.2648
355 70 22.3214
403 70 22.3214
426 70 8.03858
631 70 13.3958
37 71 22.3214
53 71 22.3214
55 71 22.3214
78 71 40.1606
124 71 40.1606
152 71 40.1606
247 71 28.6944
260 71 28.6944
310 71 28.6944
314 71 22.3214
321 71 15.456
327 71 18.2648
340 71 22.3214
343 71 18.2648
355 71 22.3214
357 71 22.3214
400 71 22.3214
403 71 18.2648
23 72 200
36 72 22.3214
37 72 22.3214
55 72 22.3214
78 72 40.1606
124 72 40.1606
152 72 40.1606
153 72 40.1606
238 72 22.3214
315 72 22.3214
321 72 15.456
333 72 40.1606
340 72 22.3214
353 72 22.3214
357 72 18.2648
399 72 22.3214
405 72 4.67399
446 72 66.8896
18 73 66.8896
26 73 200
36 73 22.3214
37 73 22.3214
47 73 22.3214
48 73 22.3214
55 73 22.3214
56 73 22.3214
78 73 40.1606
123 73 40.1606
152 73 40.1606
153 73 40.1606
237 73 22.3214
311 73 28.6944
315 73 22.3214
325 73 18.2648
334 73 40.1606
340 73 22.3214
353 73 22.3214
357 73 15.456
398 73 22.3214
399 73 22.3214
405 73 4.67399
445 73 66.8896
605 73 66.8896
50 74 40.1606
51 74 40.1606
55 74 22.3214
78 74 40.1606
123 74 40.1606
141 74 28.6944
142 74 28.6944
152 74 40.1606
153 74 40.1606
273 74 28.6944
278 74 18.2648
315 74 22.3214
316 74 22.3214
321 74 28.6944
325 74 18.2648
334 74 40.1606
340 74 200
343 74 66.8896
352 74 22.3214
353 74 22.3214
357 74 15.456
392 74 40.1606
398 74 22.3214
402 74 18.2648
405 74 4.67399
19 75 66.8896
28 75 22.3214
31 75 22.3214
46 75 22.3214
54 75 22.3214
55 75 22.3214
74 75 40.1606
77 75 40.1606
78 75 40.1606
123 75 40.1606
142 75 28.6944
151 75 40.1606
153 75 40.1606
236 75 22.3214
278 75 18.2648
279 75 18.2648
312 75 28.6944
316 75 22.3214
334 75 40.1606
340 75 200
352 75 22.3214
357 75 15.456
391 75 40.1606
605 75 66.8896
27 76 22.3214
28 76 22.3214
50 76 40.1606
54 76 22.3214
55 76 22.3214
74 76 40.1606
77 76 40.1606
78 76 40.1606
151 76 40.1606
235 76 22.3214
263 76 200
272 76 28.6944
279 76 18.2648
293 76 13.3958
316 76 22.3214
319 76 28.6944
334 76 40.1606
339 76 200
340 76 200
351 76 22.3214
352 76 22.3214
357 76 15.456
395 76 28.6944
439 76 28.6944
446 76 66.8896
605 76 66.8896
27 77 22.3214
51 77 22.3214
54 77 22.3214
58 77 22.3214
77 77 40.1606
78 77 40.1606
123 77 40.1606
274 77 40.1606
281 77 22.3214
293 77 13.3958
316 77 40.1606
322 77 22.3214
340 77 200
351 77 22.3214
357 77 15.456
394 77 22.3214
395 77 22.3214
446 77 66.8896
26 78 22.3214
27 78 22.3214
33 78 22.3214
58 78 22.3214
74 78 40.1606
77 78 40.1606
78 78 40.1606
150 78 40.1606
152 78 40.1606
275 78 66.8896
294 78 13.3958
340 78 200
350 78 22.3214
351 78 22.3214
357 78 15.456
387 78 66.8896
394 78 22.3214
446 78 66.8896
11 79 22.3214
18 79 200
27 79 22.3214
43 79 22.3214
54 79 22.3214
58 79 22.3214
59 79 22.3214
77 79 40.1606
124 79 40.1606
125 79 40.1606
150 79 40.1606
152 79 40.1606
275 79 66.8896
280 79 28.6944
282 79 28.6944
283 79 22.3214
287 79 18.2648
294 79 13.3958
303 79 200
318 79 28.6944
321 79 22.3214
328 79 200
350 79 22.3214
351 79 22.3214
393 79 22.3214
437 79 22.3214
593 79 66.8896
611 79 66.8896
27 80 22.3214
43 80 22.3214
53 80 22.3214
58 80 22.3214
59 80 22.3214
74 80 40.1606
77 80 40.1606
125 80 40.1606
275 80 66.8896
287 80 18.2648
288 80 18.2648
314 80 40.1606
318 80 28.6944
321 80 22.3214
351 80 22.3214
393 80 22.3214
402 80 4.90196
36 81 22.3214
37 81 22.3214
46 81 200
58 81 22.3214
74 81 40.1606
77 81 40.1606
125 81 40.1606
140 81 40.1606
276 81 66.8896
288 81 18.2648
295 81 28.6944
314 81 40.1606
318 81 28.6944
321 81 22.3214
356 81 15.456
392 81 22.3214
406 81 13.3958
447 81 66.8896
13 82 22.3214
27 82 22.3214
28 82 22.3214
57 82 22.3214
74 82 40.1606
77 82 40.1606
140 82 40.1606
145 82 22.3214
152 82 40.1606
153 82 40.1606
283 82 28.6944
288 82 18.2648
295 82 28.6944
314 82 40.1606
320 82 22.3214
321 82 22.3214
352 82 22.3214
356 82 15.456
421 82 22.3214
447 82 66.8896
450 82 66.8896
28 83 22.3214
36 83 22.3214
55 83 22.3214
57 83 22.3214
74 83 40.1606
77 83 40.1606
125 83 40.1606
152 83 40.1606
314 83 40.1606
320 83 22.3214
321 83 22.3214
328 83 15.456
335 83 11.8203
356 83 15.456
360 83 13.3958
392 83 28.6944
399 83 18.2648
447 83 66.8896
573 83 28.6944
580 83 11.8203
36 84 22.3214
51 84 22.3214
58 84 22.3214
74 84 40.1606
77 84 40.1606
125 84 40.1606
126 84 40.1606
131 84 28.6944
132 84 28.6944
150 84 40.1606
151 84 40.1606
263 84 28.6944
277 84 66.8896
289 84 66.8896
314 84 40.1606
321 84 22.3214
351 84 66.8896
386 84 22.3214
392 84 28.6944
402 84 28.6944
433 84 18.2648
448 84 66.8896
580 84 11.8203
609 84 66.8896
34 85 22.3214
35 85 22.3214
36 85 22.3214
44 85 22.3214
58 85 22.3214
77 85 40.1606
126 85 40.1606
132 85 28.6944
136 85 40.1606
142 85 40.1606
150 85 40.1606
151 85 40.1606
290 85 66.8896
292 85 66.8896
391 85 28.6944
400 85 18.2648
432 85 18.2648
449 85 66.8896
34 86 22.3214
35 86 22.3214
44 86 22.3214
57 86 22.3214
62 86 66.8896
77 86 40.1606
126 86 40.1606
150 86 40.1606
322 86 22.3214
323 86 22.3214
334 86 13.3958
336 86 13.3958
360 86 22.3214
384 86 22.3214
385 86 66.8896
391 86 28.6944
419 86 66.8896
431 86 18.2648
449 86 66.8896
606 86 66.8896
21 87 22.3214
35 87 22.3214
45 87 22.3214
48 87 22.3214
57 87 22.3214
62 87 66.8896
77 87 40.1606
133 87 40.1606
149 87 40.1606
150 87 40.1606
304 87 18.2648
305 87 18.2648
323 87 22.3214
334 87 13.3958
351 87 22.3214
354 87 18.2648
385 87 66.8896
391 87 28.6944
399 87 18.2648
418 87 66.8896
15 88 40.1606
21 88 22.3214
29 88 22.3214
52 88 40.1606
53 88 40.1606
56 88 22.3214
57 88 22.3214
62 88 66.8896
77 88 40.1606
125 88 40.1606
126 88 40.1606
130 88 66.8896
140 88 40.1606
148 88 40.1606
149 88 40.1606
150 88 40.1606
299 88 28.6944
305 88 18.2648
310 88 200
323 88 22.3214
324 88 22.3214
334 88 13.3958
351 88 22.3214
354 88 18.2648
376 88 40.1606
381 88 22.3214
382 88 22.3214
390 88 28.6944
399 88 18.2648
449 88 66.8896
15 89 40.1606
21 89 22.3214
24 89 22.3214
29 89 22.3214
56 89 22.3214
77 89 40.1606
140 89 40.1606
148 89 40.1606
149 89 40.1606
299 89 28.6944
324 89 22.3214
354 89 18.2648
380 89 22.3214
381 89 22.3214
413 89 200
449 89 66.8896
595 89 11.8203
21 90 22.3214
24 90 22.3214
56 90 22.3214
65 90 66.8896
77 90 40.1606
141 90 40.1606
146 90 40.1606
147 90 40.1606
148 90 40.1606
299 90 28.6944
315 90 66.8896
324 90 22.3214
335 90 13.3958
354 90 18.2648
379 90 22.3214
399 90 28.6944
406 90 18.2648
422 90 28.6944
451 90 66.8896
33 91 22.3214
34 91 22.3214
36 91 22.3214
52 91 22.3214
54 91 22.3214
77 91 40.1606
143 91 40.1606
146 91 40.1606
147 91 40.1606
311 91 200
315 91 66.8896
325 91 22.3214
354 91 18.2648
378 91 22.3214
379 91 22.3214
381 91 22.3214
389 91 200
421 91 28.6944
427 91 18.2648
25 92 22.3214
34 92 22.3214
51 92 22.3214
77 92 40.1606
141 92 40.1606
144 92 66.8896
148 92 40.1606
315 92 66.8896
319 92 40.1606
326 92 22.3214
334 92 15.456
353 92 18.2648
354 92 18.2648
377 92 22.3214
389 92 200
421 92 28.6944
4 93 22.3214
25 93 22.3214
34 93 22.3214
35 93 22.3214
52 93 22.3214
69 93 200
77 93 40.1606
128 93 28.6944
141 93 40.1606
148 93 40.1606
306 93 66.8896
315 93 66.8896
316 93 66.8896
319 93 40.1606
320 93 40.1606
326 93 22.3214
327 93 22.3214
334 93 15.456
353 93 18.2648
376 93 22.3214
377 93 22.3214
388 93 200
397 93 28.6944
420 93 28.6944
451 93 66.8896
609 93 66.8896
629 93 66.8896
22 94 22.3214
25 94 22.3214
50 94 22.3214
53 94 22.3214
71 94 200
77 94 40.1606
141 94 40.1606
147 94 40.1606
148 94 40.1606
150 94 40.1606
306 94 66.8896
309 94 28.6944
316 94 66.8896
327 94 22.3214
334 94 15.456
353 94 18.2648
375 94 22.3214
451 94 66.8896
609 94 66.8896
629 94 66.8896
26 95 22.3214
50 95 22.3214
61 95 66.8896
77 95 40.1606
143 95 66.8896
147 95 40.1606
150 95 40.1606
327 95 22.3214
328 95 22.3214
334 95 15.456
353 95 18.2648
374 95 22.3214
390 95 66.8896
26 96 22.3214
27 96 22.3214
35 96 200
49 96 22.3214
62 96 66.8896
77 96 40.1606
144 96 66.8896
150 96 40.1606
315 96 200
328 96 22.3214
353 96 18.2648
373 96 22.3214
390 96 66.8896
399 96 22.3214
417 96 22.3214
450 96 66.8896
622 96 66.8896
11 97 22.3214
48 97 22.3214
49 97 22.3214
50 97 22.3214
62 97 66.8896
77 97 40.1606
130 97 28.6944
131 97 28.6944
150 97 40.1606
258 97 28.6944
315 97 200
322 97 40.1606
329 97 22.3214
367 97 40.1606
372 97 22.3214
373 97 22.3214
450 97 66.8896
454 97 66.8896
5 98 22.3214
37 98 200
48 98 22.3214
72 98 66.8896
73 98 66.8896
77 98 40.1606
150 98 40.1606
311 98 28.6944
315 98 200
316 98 200
329 98 22.3214
366 98 40.1606
371 98 22.3214
372 98 22.3214
32 99 22.3214
49 99 22.3214
74 99 66.8896
77 99 40.1606
146 99 40.1606
150 99 40.1606
307 99 40.1606
314 99 200
316 99 200
323 99 40.1606
330 99 22.3214
334 99 18.2648
356 99 15.456
366 99 40.1606
371 99 22.3214
453 99 66.8896
537 99 66.8896
68 100 66.8896
146 100 40.1606
150 100 40.1606
308 100 40.1606
316 100 200
330 100 22.3214
331 100 22.3214
334 100 18.2648
350 100 22.3214
356 100 15.456
365 100 40.1606
370 100 22.3214
371 100 22.3214
453 100 66.8896
17 101 22.3214
51 101 40.1606
52 101 40.1606
62 101 66.8896
72 101 66.8896
73 101 66.8896
83 101 66.8896
308 101 40.1606
331 101 22.3214
350 101 22.3214
356 101 15.456
364 101 40.1606
369 101 22.3214
387 101 66.8896
453 101 66.8896
456 101 66.8896
513 101 66.8896
48 102 22.3214
49 102 40.1606
51 102 40.1606
52 102 40.1606
62 102 66.8896
73 102 66.8896
82 102 66.8896
83 102 66.8896
89 102 66.8896
127 102 40.1606
128 102 40.1606
146 102 66.8896
149 102 40.1606
150 102 40.1606
309 102 40.1606
318 102 22.3214
350 102 22.3214
357 102 28.6944
364 102 40.1606
369 102 22.3214
392 102 28.6944
399 102 18.2648
453 102 66.8896
544 102 66.8896
577 102 66.8896
83 103 66.8896
89 103 66.8896
120 103 40.1606
128 103 40.1606
149 103 40.1606
318 103 22.3214
350 103 66.8896
353 103 18.2648
357 103 28.6944
363 103 40.1606
368 103 22.3214
369 103 22.3214
392 103 28.6944
408 103 28.6944
454 103 66.8896
17 104 22.3214
24 104 22.3214
46 104 22.3214
66 104 66.8896
81 104 66.8896
120 104 40.1606
149 104 40.1606
276 104 28.6944
327 104 22.3214
349 104 66.8896
350 104 66.8896
356 104 200
362 104 40.1606
367 104 22.3214
454 104 66.8896
29 105 22.3214
37 105 22.3214
66 105 66.8896
81 105 66.8896
134 105 40.1606
148 105 40.1606
305 105 22.3214
350 105 66.8896
356 105 200
367 105 22.3214
406 105 28.6944
453 105 66.8896
28 106 22.3214
33 106 22.3214
37 106 22.3214
61 106 66.8896
88 106 66.8896
89 106 66.8896
134 106 40.1606
148 106 40.1606
296 106 28.6944
319 106 66.8896
324 106 28.6944
328 106 22.3214
366 106 22.3214
452 106 66.8896
453 106 66.8896
561 106 40.1606
80 107 66.8896
89 107 66.8896
134 107 40.1606
146 107 40.1606
151 107 40.1606
348 107 22.3214
350 107 22.3214
357 107 66.8896
365 107 22.3214
413 107 13.3958
452 107 66.8896
453 107 66.8896
22 108 22.3214
41 108 22.3214
46 108 22.3214
53 108 40.1606
54 108 40.1606
80 108 66.8896
89 108 66.8896
146 108 40.1606
148 108 40.1606
152 108 40.1606
348 108 22.3214
357 108 66.8896
364 108 22.3214
365 108 22.3214
368 108 22.3214
413 108 13.3958
453 108 66.8896
17 109 22.3214
22 109 22.3214
25 109 22.3214
81 109 66.8896
138 109 28.6944
153 109 40.1606
320 109 18.2648
348 109 22.3214
355 109 66.8896
363 109 22.3214
364 109 22.3214
390 109 200
453 109 66.8896
53 110 40.1606
56 110 66.8896
65 110 66.8896
87 110 66.8896
88 110 66.8896
129 110 66.8896
132 110 40.1606
138 110 28.6944
153 110 40.1606
348 110 22.3214
355 110 66.8896
362 110 22.3214
363 110 22.3214
26 111 22.3214
53 111 40.1606
65 111 66.8896
87 111 66.8896
117 111 40.1606
122 111 40.1606
147 111 40.1606
348 111 22.3214
362 111 22.3214
370 111 15.456
403 111 22.3214
48 112 40.1606
53 112 40.1606
87 112 66.8896
92 112 66.8896
117 112 40.1606
142 112 200
143 112 200
329 112 18.2648
349 112 22.3214
360 112 28.6944
398 112 28.6944
402 112 22.3214
450 112 66.8896
451 112 66.8896
454 112 40.1606
573 112 66.8896
26 113 22.3214
37 113 22.3214
48 113 40.1606
53 113 40.1606
79 113 66.8896
86 113 66.8896
92 113 66.8896
148 113 40.1606
152 113 40.1606
325 113 28.6944
326 113 28.6944
329 113 18.2648
330 113 18.2648
343 113 22.3214
346 113 22.3214
360 113 28.6944
395 113 18.2648
402 113 18.2648
450 113 66.8896
454 113 66.8896
573 113 66.8896
36 114 22.3214
37 114 22.3214
57 114 66.8896
63 114 66.8896
80 114 66.8896
86 114 66.8896
92 114 66.8896
145 114 200
148 114 40.1606
152 114 40.1606
320 114 40.1606
324 114 28.6944
330 114 18.2648
345 114 22.3214
359 114 28.6944
360 114 28.6944
394 114 18.2648
398 114 28.6944
402 114 18.2648
449 114 66.8896
453 114 66.8896
21 115 22.3214
37 115 22.3214
57 115 66.8896
63 115 66.8896
86 115 66.8896
92 115 66.8896
129 115 40.1606
148 115 40.1606
320 115 40.1606
324 115 28.6944
325 115 28.6944
326 115 28.6944
330 115 18.2648
344 115 22.3214
345 115 22.3214
359 115 28.6944
371 115 15.456
394 115 18.2648
401 115 18.2648
409 115 18.2648
453 115 66.8896
457 115 66.8896
21 116 22.3214
148 116 40.1606
155 116 40.1606
299 116 22.3214
315 116 200
320 116 40.1606
325 116 28.6944
343 116 22.3214
344 116 22.3214
361 116 28.6944
387 116 28.6944
388 116 28.6944
401 116 18.2648
409 116 18.2648
21 117 22.3214
27 117 22.3214
36 117 22.3214
40 117 22.3214
90 117 66.8896
125 117 40.1606
155 117 40.1606
299 117 22.3214
315 117 200
321 117 40.1606
329 117 200
331 117 200
343 117 22.3214
346 117 22.3214
361 117 28.6944
387 117 28.6944
401 117 18.2648
438 117 66.8896
455 117 66.8896
6 118 22.3214
27 118 22.3214
40 118 22.3214
52 118 40.1606
58 118 40.1606
90 118 66.8896
118 118 40.1606
124 118 40.1606
154 118 40.1606
155 118 40.1606
315 118 200
331 118 200
343 118 22.3214
353 118 22.3214
354 118 22.3214
388 118 28.6944
398 118 22.3214
401 118 18.2648
408 118 18.2648
438 118 66.8896
454 118 66.8896
20 119 22.3214
27 119 22.3214
52 119 40.1606
67 119 66.8896
118 119 40.1606
124 119 40.1606
315 119 200
331 119 200
344 119 66.8896
352 119 22.3214
353 119 22.3214
384 119 40.1606
401 119 18.2648
408 119 18.2648
454 119 66.8896
9 120 22.3214
20 120 22.3214
27 120 22.3214
65 120 66.8896
88 120 66.8896
94 120 66.8896
118 120 40.1606
137 120 40.1606
152 120 40.1606
331 120 200
343 120 66.8896
344 120 66.8896
351 120 22.3214
352 120 22.3214
369 120 18.2648
405 120 15.456
453 120 66.8896
6 121 22.3214
27 121 22.3214
72 121 40.1606
118 121 40.1606
153 121 40.1606
343 121 66.8896
350 121 22.3214
351 121 22.3214
374 121 66.8896
394 121 28.6944
452 121 66.8896
453 121 66.8896
54 122 40.1606
55 122 40.1606
72 122 40.1606
91 122 66.8896
119 122 40.1606
132 122 40.1606
137 122 40.1606
153 122 40.1606
315 122 200
327 122 22.3214
349 122 22.3214
350 122 22.3214
394 122 28.6944
408 122 18.2648
452 122 66.8896
453 122 66.8896
456 122 66.8896
4 123 22.3214
21 123 22.3214
25 123 22.3214
54 123 40.1606
55 123 40.1606
72 123 40.1606
91 123 66.8896
119 123 40.1606
130 123 40.1606
131 123 40.1606
153 123 40.1606
315 123 200
348 123 22.3214
349 123 22.3214
394 123 28.6944
399 123 22.3214
403 123 22.3214
25 124 22.3214
54 124 40.1606
90 124 66.8896
91 124 66.8896
98 124 66.8896
126 124 40.1606
133 124 40.1606
153 124 40.1606
154 124 40.1606
315 124 200
347 124 22.3214
348 124 22.3214
377 124 22.3214
383 124 200
394 124 28.6944
398 124 22.3214
403 124 22.3214
406 124 18.2648
454 124 66.8896
455 124 66.8896
6 125 22.3214
26 125 22.3214
84 125 66.8896
98 125 66.8896
99 125 66.8896
151 125 40.1606
153 125 40.1606
154 125 40.1606
315 125 200
346 125 22.3214
347 125 22.3214
377 125 22.3214
378 125 22.3214
383 125 200
392 125 28.6944
394 125 28.6944
398 125 22.3214
406 125 18.2648
438 125 66.8896
454 125 66.8896
455 125 66.8896
121 126 40.1606
138 126 40.1606
153 126 40.1606
154 126 40.1606
346 126 22.3214
347 126 22.3214
388 126 200
394 126 28.6944
398 126 22.3214
402 126 22.3214
406 126 18.2648
438 126 66.8896
454 126 66.8896
455 126 66.8896
25 127 22.3214
52 127 40.1606
121 127 40.1606
122 127 40.1606
132 127 40.1606
153 127 40.1606
154 127 40.1606
346 127 22.3214
402 127 22.3214
454 127 66.8896
455 127 66.8896
67 128 66.8896
72 128 40.1606
93 128 66.8896
94 128 66.8896
99 128 66.8896
122 128 40.1606
123 128 40.1606
132 128 40.1606
137 128 40.1606
153 128 40.1606
346 128 22.3214
372 128 22.3214
405 128 18.2648
455 128 66.8896
21 129 22.3214
24 129 22.3214
72 129 40.1606
100 129 66.8896
123 129 40.1606
124 129 40.1606
142 129 28.6944
153 129 40.1606
325 129 40.1606
346 129 22.3214
361 129 200
372 129 22.3214
397 129 28.6944
405 129 18.2648
455 129 66.8896
459 129 66.8896
460 129 66.8896
9 130 22.3214
24 130 22.3214
28 130 22.3214
55 130 66.8896
72 130 40.1606
93 130 66.8896
124 130 40.1606
142 130 28.6944
153 130 40.1606
154 130 40.1606
346 130 22.3214
372 130 22.3214
397 130 28.6944
405 130 18.2648
458 130 66.8896
9 131 22.3214
28 131 22.3214
66 131 66.8896
71 131 40.1606
72 131 40.1606
124 131 40.1606
142 131 28.6944
152 131 40.1606
153 131 40.1606
154 131 40.1606
314 131 28.6944
323 131 40.1606
457 131 66.8896
458 131 66.8896
9 132 22.3214
59 132 66.8896
71 132 40.1606
124 132 40.1606
146 132 200
147 132 200
152 132 40.1606
153 132 40.1606
312 132 28.6944
314 132 28.6944
315 132 28.6944
332 132 22.3214
368 132 28.6944
401 132 22.3214
458 132 66.8896
59 133 66.8896
71 133 40.1606
83 133 66.8896
124 133 40.1606
141 133 28.6944
147 133 200
148 133 200
153 133 40.1606
314 133 28.6944
332 133 22.3214
345 133 22.3214
369 133 28.6944
390 133 66.8896
396 133 28.6944
404 133 18.2648
71 134 40.1606
125 134 40.1606
149 134 200
150 134 200
154 134 40.1606
314 134 28.6944
332 134 22.3214
346 134 22.3214
369 134 28.6944
390 134 66.8896
396 134 28.6944
404 134 18.2648
27 135 22.3214
59 135 66.8896
63 135 66.8896
124 135 40.1606
125 135 40.1606
141 135 40.1606
154 135 40.1606
156 135 40.1606
314 135 28.6944
332 135 22.3214
346 135 22.3214
356 135 66.8896
390 135 66.8896
396 135 28.6944
404 135 18.2648
407 135 15.456
80 136 66.8896
95 136 66.8896
124 136 40.1606
155 136 40.1606
157 136 40.1606
314 136 28.6944
324 136 66.8896
333 136 200
346 136 22.3214
355 136 66.8896
389 136 66.8896
396 136 28.6944
435 136 66.8896
22 137 22.3214
124 137 40.1606
157 137 40.1606
314 137 28.6944
333 137 200
346 137 22.3214
363 137 22.3214
389 137 66.8896
396 137 28.6944
435 137 66.8896
436 137 66.8896
13 138 22.3214
26 138 22.3214
71 138 40.1606
105 138 66.8896
346 138 22.3214
360 138 22.3214
370 138 40.1606
389 138 66.8896
396 138 200
403 138 40.1606
436 138 66.8896
59 139 40.1606
60 139 40.1606
61 139 40.1606
70 139 40.1606
71 139 40.1606
105 139 66.8896
129 139 40.1606
158 139 40.1606
159 139 40.1606
195 139 66.8896
314 139 28.6944
346 139 22.3214
360 139 22.3214
384 139 15.456
394 139 200
395 139 200
15 140 22.3214
21 140 22.3214
28 140 22.3214
29 140 22.3214
60 140 66.8896
61 140 40.1606
71 140 40.1606
157 140 40.1606
158 140 40.1606
312 140 28.6944
314 140 28.6944
315 140 28.6944
353 140 40.1606
360 140 22.3214
395 140 200
403 140 40.1606
15 141 22.3214
21 141 22.3214
71 141 40.1606
157 141 40.1606
190 141 200
210 141 66.8896
215 141 66.8896
216 141 66.8896
312 141 28.6944
314 141 28.6944
345 141 22.3214
350 141 66.8896
360 141 22.3214
458 141 66.8896
58 142 66.8896
71 142 40.1606
89 142 40.1606
106 142 66.8896
124 142 40.1606
138 142 40.1606
190 142 200
210 142 66.8896
218 142 66.8896
314 142 28.6944
327 142 40.1606
332 142 22.3214
346 142 22.3214
350 142 66.8896
402 142 40.1606
459 142 66.8896
58 143 66.8896
76 143 40.1606
105 143 66.8896
137 143 40.1606
139 143 40.1606
150 143 40.1606
210 143 66.8896
219 143 66.8896
314 143 28.6944
332 143 200
346 143 66.8896
358 143 22.3214
394 143 200
402 143 40.1606
459 143 66.8896
58 144 66.8896
70 144 40.1606
71 144 40.1606
76 144 40.1606
104 144 66.8896
105 144 66.8896
125 144 40.1606
130 144 40.1606
132 144 40.1606
210 144 66.8896
225 144 66.8896
314 144 28.6944
333 144 200
346 144 200
394 144 28.6944
395 144 28.6944
402 144 40.1606
459 144 66.8896
58 145 66.8896
71 145 40.1606
76 145 40.1606
104 145 66.8896
105 145 66.8896
125 145 40.1606
131 145 40.1606
132 145 40.1606
169 145 66.8896
219 145 66.8896
314 145 28.6944
333 145 200
345 145 200
348 145 22.3214
376 145 22.3214
395 145 28.6944
21 146 22.3214
36 146 40.1606
58 146 66.8896
59 146 66.8896
71 146 40.1606
76 146 40.1606
105 146 66.8896
125 146 40.1606
149 146 40.1606
159 146 40.1606
160 146 40.1606
169 146 66.8896
314 146 28.6944
345 146 200
366 146 66.8896
376 146 22.3214
396 146 28.6944
403 146 18.2648
434 146 66.8896
462 146 66.8896
24 147 22.3214
49 147 40.1606
58 147 66.8896
59 147 66.8896
71 147 40.1606
76 147 40.1606
102 147 66.8896
123 147 40.1606
149 147 40.1606
159 147 40.1606
169 147 66.8896
220 147 66.8896
314 147 28.6944
354 147 22.3214
361 147 15.456
376 147 22.3214
396 147 28.6944
403 147 18.2648
17 148 22.3214
58 148 66.8896
61 148 66.8896
71 148 40.1606
102 148 40.1606
123 148 40.1606
158 148 40.1606
159 148 40.1606
169 148 66.8896
220 148 66.8896
278 148 66.8896
314 148 28.6944
333 148 22.3214
353 148 22.3214
354 148 22.3214
367 148 66.8896
377 148 22.3214
396 148 28.6944
461 148 66.8896
4 149 28.6944
17 149 22.3214
33 149 40.1606
58 149 66.8896
61 149 66.8896
71 149 40.1606
104 149 66.8896
140 149 28.6944
149 149 40.1606
158 149 40.1606
159 149 40.1606
169 149 66.8896
264 149 66.8896
314 149 28.6944
333 149 22.3214
353 149 22.3214
378 149 22.3214
514 149 66.8896
17 150 22.3214
58 150 66.8896
71 150 40.1606
158 150 40.1606
169 150 66.8896
264 150 200
314 150 28.6944
333 150 22.3214
352 150 22.3214
378 150 22.3214
388 150 18.2648
460 150 66.8896
70 151 40.1606
71 151 40.1606
76 151 40.1606
100 151 40.1606
106 151 66.8896
125 151 40.1606
132 151 40.1606
155 151 40.1606
169 151 66.8896
262 151 200
314 151 28.6944
333 151 22.3214
352 151 22.3214
379 151 22.3214
388 151 18.2648
34 152 40.1606
70 152 40.1606
71 152 40.1606
76 152 40.1606
79 152 40.1606
113 152 40.1606
153 152 40.1606
154 152 40.1606
262 152 200
314 152 28.6944
333 152 22.3214
352 152 22.3214
400 152 66.8896
459 152 66.8896
70 153 40.1606
71 153 40.1606
87 153 66.8896
114 153 40.1606
153 153 40.1606
167 153 200
314 153 28.6944
351 153 22.3214
364 153 200
365 153 200
381 153 28.6944
400 153 66.8896
406 153 9.56938
434 153 66.8896
459 153 66.8896
514 153 66.8896
17 154 22.3214
70 154 40.1606
71 154 40.1606
108 154 66.8896
150 154 66.8896
151 154 40.1606
153 154 40.1606
154 154 40.1606
155 154 40.1606
314 154 28.6944
351 154 22.3214
379 154 28.6944
381 154 28.6944
396 154 28.6944
403 154 18.2648
434 154 66.8896
459 154 66.8896
514 154 66.8896
16 155 22.3214
17 155 22.3214
70 155 40.1606
86 155 66.8896
104 155 66.8896
127 155 40.1606
141 155 28.6944
154 155 40.1606
155 155 40.1606
247 155 66.8896
314 155 28.6944
331 155 22.3214
350 155 22.3214
351 155 22.3214
379 155 40.1606
381 155 28.6944
396 155 22.3214
403 155 18.2648
434 155 66.8896
459 155 66.8896
16 156 22.3214
17 156 22.3214
24 156 22.3214
70 156 40.1606
109 156 66.8896
127 156 40.1606
248 156 66.8896
262 156 200
314 156 28.6944
331 156 22.3214
349 156 22.3214
350 156 22.3214
382 156 28.6944
403 156 18.2648
435 156 66.8896
459 156 66.8896
16 157 22.3214
17 157 22.3214
24 157 22.3214
70 157 40.1606
92 157 66.8896
95 157 66.8896
109 157 66.8896
132 157 40.1606
314 157 28.6944
349 157 22.3214
350 157 22.3214
375 157 66.8896
380 157 40.1606
382 157 28.6944
396 157 22.3214
401 157 66.8896
435 157 66.8896
459 157 66.8896
16 158 22.3214
17 158 22.3214
24 158 22.3214
70 158 40.1606
132 158 40.1606
154 158 40.1606
210 158 66.8896
211 158 66.8896
314 158 28.6944
330 158 22.3214
349 158 22.3214
350 158 22.3214
383 158 28.6944
391 158 18.2648
396 158 22.3214
401 158 66.8896
436 158 66.8896
514 158 66.8896
16 159 22.3214
17 159 22.3214
24 159 22.3214
70 159 40.1606
106 159 66.8896
110 159 66.8896
132 159 40.1606
210 159 66.8896
211 159 66.8896
314 159 28.6944
330 159 22.3214
349 159 22.3214
356 159 15.456
381 159 28.6944
383 159 28.6944
391 159 18.2648
16 160 22.3214
70 160 40.1606
131 160 40.1606
150 160 40.1606
151 160 40.1606
152 160 40.1606
200 160 66.8896
210 160 66.8896
211 160 66.8896
314 160 28.6944
330 160 22.3214
349 160 22.3214
356 160 15.456
381 160 28.6944
383 160 28.6944
391 160 18.2648
402 160 66.8896
433 160 66.8896
16 161 22.3214
24 161 22.3214
70 161 40.1606
131 161 40.1606
149 161 40.1606
195 161 66.8896
210 161 66.8896
211 161 66.8896
235 161 66.8896
291 161 200
314 161 28.6944
330 161 22.3214
348 161 22.3214
349 161 22.3214
356 161 15.456
377 161 66.8896
378 161 66.8896
384 161 28.6944
391 161 18.2648
434 161 66.8896
16 162 22.3214
24 162 22.3214
70 162 40.1606
105 162 40.1606
106 162 40.1606
131 162 40.1606
149 162 40.1606
178 162 66.8896
195 162 66.8896
210 162 66.8896
240 162 28.6944
291 162 200
292 162 200
305 162 200
314 162 28.6944
330 162 22.3214
348 162 22.3214
349 162 22.3214
378 162 66.8896
384 162 28.6944
16 163 22.3214
24 163 22.3214
70 163 40.1606
88 163 66.8896
131 163 40.1606
178 163 66.8896
195 163 66.8896
200 163 66.8896
210 163 66.8896
211 163 66.8896
243 163 66.8896
291 163 200
292 163 200
305 163 200
314 163 28.6944
330 163 22.3214
348 163 22.3214
349 163 22.3214
378 163 66.8896
379 163 66.8896
385 163 28.6944
459 163 66.8896
25 164 22.3214
35 164 40.1606
69 164 40.1606
70 164 40.1606
80 164 66.8896
88 164 66.8896
132 164 40.1606
147 164 40.1606
170 164 66.8896
178 164 66.8896
200 164 66.8896
210 164 66.8896
243 164 66.8896
291 164 200
292 164 200
306 164 200
308 164 200
314 164 40.1606
348 164 22.3214
349 164 22.3214
379 164 66.8896
385 164 28.6944
401 164 13.3958
455 164 66.8896
459 164 66.8896
15 165 22.3214
36 165 40.1606
70 165 40.1606
132 165 40.1606
137 165 40.1606
178 165 66.8896
200 165 66.8896
210 165 66.8896
232 165 200
243 165 66.8896
292 165 200
307 165 200
308 165 200
310 165 200
314 165 40.1606
329 165 22.3214
348 165 22.3214
379 165 66.8896
386 165 28.6944
398 165 200
459 165 66.8896
15 166 22.3214
70 166 40.1606
110 166 66.8896
111 166 66.8896
132 166 40.1606
136 166 40.1606
137 166 40.1606
178 166 66.8896
200 166 66.8896
210 166 66.8896
211 166 66.8896
232 166 200
234 166 200
243 166 66.8896
292 166 200
309 166 200
310 166 200
330 166 18.2648
348 166 22.3214
349 166 22.3214
380 166 66.8896
386 166 28.6944
391 166 22.3214
430 166 66.8896
459 166 66.8896
15 167 22.3214
69 167 40.1606
70 167 40.1606
76 167 40.1606
110 167 40.1606
111 167 40.1606
132 167 40.1606
136 167 40.1606
137 167 40.1606
151 167 66.8896
178 167 66.8896
200 167 66.8896
210 167 66.8896
232 167 200
243 167 66.8896
314 167 66.8896
329 167 18.2648
330 167 18.2648
348 167 22.3214
380 167 66.8896
387 167 28.6944
400 167 200
431 167 66.8896
460 167 66.8896
15 168 22.3214
26 168 22.3214
70 168 40.1606
76 168 40.1606
110 168 40.1606
111 168 40.1606
132 168 40.1606
136 168 40.1606
137 168 40.1606
151 168 66.8896
178 168 66.8896
195 168 66.8896
200 168 66.8896
210 168 66.8896
211 168 66.8896
232 168 200
243 168 66.8896
261 168 66.8896
297 168 200
314 168 66.8896
315 168 66.8896
316 168 66.8896
330 168 22.3214
348 168 22.3214
380 168 66.8896
381 168 66.8896
388 168 28.6944
431 168 66.8896
459 168 66.8896
463 168 40.1606
51 169 40.1606
70 169 40.1606
90 169 40.1606
111 169 40.1606
132 169 40.1606
136 169 40.1606
137 169 40.1606
151 169 66.8896
178 169 66.8896
200 169 66.8896
232 169 200
234 169 200
243 169 66.8896
261 169 66.8896
315 169 66.8896
317 169 66.8896
318 169 66.8896
347 169 22.3214
382 169 66.8896
432 169 66.8896
463 169 66.8896
39 170 40.1606
70 170 40.1606
78 170 28.6944
81 170 28.6944
117 170 66.8896
136 170 40.1606
151 170 66.8896
177 170 66.8896
178 170 66.8896
232 170 200
243 170 66.8896
261 170 66.8896
268 170 66.8896
318 170 66.8896
319 170 66.8896
347 170 22.3214
383 170 66.8896
432 170 66.8896
461 170 66.8896
466 170 66.8896
34 171 40.1606
70 171 40.1606
77 171 28.6944
78 171 28.6944
81 171 28.6944
117 171 66.8896
136 171 40.1606
151 171 66.8896
177 171 66.8896
178 171 66.8896
243 171 66.8896
269 171 66.8896
320 171 66.8896
346 171 22.3214
347 171 22.3214
432 171 66.8896
461 171 66.8896
24 172 22.3214
39 172 40.1606
69 172 40.1606
70 172 40.1606
77 172 28.6944
78 172 28.6944
81 172 28.6944
82 172 28.6944
108 172 66.8896
118 172 66.8896
136 172 40.1606
151 172 66.8896
178 172 66.8896
243 172 66.8896
261 172 66.8896
314 172 28.6944
317 172 66.8896
347 172 22.3214
384 172 40.1606
433 172 66.8896
25 173 22.3214
40 173 40.1606
70 173 40.1606
77 173 28.6944
78 173 28.6944
81 173 28.6944
82 173 28.6944
109 173 66.8896
131 173 40.1606
135 173 40.1606
136 173 40.1606
151 173 66.8896
261 173 66.8896
314 173 28.6944
317 173 22.3214
347 173 22.3214
25 174 22.3214
69 174 40.1606
70 174 40.1606
77 174 28.6944
82 174 28.6944
135 174 40.1606
136 174 40.1606
151 174 66.8896
261 174 66.8896
282 174 66.8896
284 174 66.8896
314 174 28.6944
346 174 22.3214
347 174 22.3214
384 174 40.1606
467 174 66.8896
18 175 22.3214
20 175 22.3214
26 175 22.3214
70 175 40.1606
131 175 40.1606
136 175 40.1606
151 175 66.8896
261 175 66.8896
284 175 66.8896
313 175 28.6944
314 175 28.6944
347 175 22.3214
384 175 40.1606
411 175 66.8896
467 175 66.8896
69 176 40.1606
70 176 40.1606
113 176 40.1606
131 176 40.1606
135 176 40.1606
136 176 40.1606
261 176 66.8896
284 176 66.8896
347 176 22.3214
412 176 66.8896
432 176 66.8896
460 176 66.8896
467 176 66.8896
69 177 40.1606
70 177 40.1606
108 177 66.8896
114 177 40.1606
115 177 40.1606
116 177 40.1606
125 177 40.1606
131 177 40.1606
135 177 40.1606
136 177 40.1606
268 177 66.8896
347 177 22.3214
460 177 66.8896
18 178 22.3214
69 178 40.1606
70 178 40.1606
84 178 28.6944
115 178 40.1606
135 178 40.1606
136 178 40.1606
346 178 22.3214
532 178 28.6944
540 178 18.2648
18 179 22.3214
55 179 40.1606
69 179 40.1606
70 179 40.1606
84 179 28.6944
87 179 66.8896
90 179 28.6944
108 179 66.8896
135 179 40.1606
136 179 40.1606
214 179 66.8896
310 179 66.8896
346 179 22.3214
417 179 10.5764
465 179 66.8896
540 179 18.2648
18 180 22.3214
70 180 40.1606
78 180 28.6944
84 180 28.6944
130 180 40.1606
135 180 40.1606
136 180 40.1606
212 180 66.8896
214 180 66.8896
346 180 22.3214
347 180 22.3214
464 180 66.8896
528 180 40.1606
538 180 18.2648
69 181 40.1606
70 181 40.1606
84 181 28.6944
113 181 66.8896
129 181 40.1606
131 181 40.1606
136 181 40.1606
137 181 40.1606
138 181 66.8896
201 181 66.8896
214 181 66.8896
235 181 66.8896
284 181 200
464 181 66.8896
8 182 28.6944
20 182 22.3214
69 182 40.1606
70 182 40.1606
112 182 66.8896
113 182 66.8896
129 182 40.1606
138 182 66.8896
141 182 40.1606
144 182 66.8896
212 182 66.8896
214 182 66.8896
232 182 66.8896
236 182 66.8896
237 182 66.8896
283 182 200
464 182 66.8896
525 182 66.8896
528 182 40.1606
20 183 22.3214
21 183 22.3214
46 183 40.1606
112 183 66.8896
113 183 66.8896
129 183 40.1606
144 183 66.8896
176 183 200
178 183 200
214 183 66.8896
232 183 66.8896
237 183 66.8896
243 183 28.6944
244 183 28.6944
329 183 22.3214
384 183 200
464 183 66.8896
18 184 22.3214
46 184 40.1606
69 184 40.1606
70 184 40.1606
84 184 28.6944
89 184 40.1606
90 184 40.1606
113 184 66.8896
116 184 66.8896
129 184 40.1606
144 184 66.8896
162 184 66.8896
176 184 66.8896
178 184 66.8896
214 184 66.8896
232 184 66.8896
237 184 66.8896
247 184 66.8896
248 184 66.8896
310 184 66.8896
313 184 40.1606
345 184 22.3214
464 184 66.8896
470 184 66.8896
540 184 18.2648
18 185 22.3214
84 185 28.6944
116 185 66.8896
117 185 66.8896
118 185 66.8896
119 185 66.8896
120 185 40.1606
144 185 66.8896
153 185 66.8896
162 185 66.8896
176 185 66.8896
178 185 66.8896
214 185 66.8896
232 185 66.8896
237 185 66.8896
248 185 66.8896
306 185 200
307 185 200
310 185 66.8896
329 185 22.3214
345 185 22.3214
417 185 66.8896
537 185 22.3214
540 185 18.2648
541 185 18.2648
5 186 28.6944
8 186 28.6944
26 186 22.3214
67 186 40.1606
68 186 40.1606
84 186 28.6944
90 186 40.1606
91 186 40.1606
144 186 66.8896
162 186 66.8896
178 186 66.8896
214 186 66.8896
232 186 66.8896
237 186 66.8896
248 186 66.8896
295 186 66.8896
313 186 40.1606
345 186 22.3214
355 186 13.3958
528 186 40.1606
538 186 18.2648
540 186 18.2648
541 186 18.2648
5 187 28.6944
9 187 28.6944
69 187 40.1606
144 187 66.8896
162 187 66.8896
178 187 66.8896
214 187 66.8896
232 187 66.8896
237 187 66.8896
248 187 66.8896
266 187 66.8896
329 187 22.3214
345 187 22.3214
346 187 22.3214
355 187 13.3958
540 187 18.2648
541 187 18.2648
6 188 28.6944
69 188 40.1606
78 188 200
139 188 40.1606
144 188 66.8896
162 188 66.8896
176 188 66.8896
178 188 66.8896
214 188 66.8896
232 188 66.8896
237 188 66.8896
248 188 66.8896
266 188 66.8896
329 188 22.3214
345 188 22.3214
346 188 22.3214
355 188 13.3958
469 188 66.8896
540 188 18.2648
6 189 28.6944
69 189 40.1606
89 189 28.6944
90 189 28.6944
139 189 40.1606
144 189 66.8896
162 189 66.8896
176 189 66.8896
178 189 66.8896
207 189 66.8896
214 189 66.8896
232 189 66.8896
237 189 66.8896
248 189 66.8896
329 189 22.3214
345 189 22.3214
346 189 22.3214
355 189 13.3958
468 189 66.8896
469 189 66.8896
525 189 200
528 189 40.1606
529 189 40.1606
532 189 28.6944
535 189 22.3214
540 189 18.2648
542 189 18.2648
545 189 13.3958
17 190 22.3214
69 190 40.1606
84 190 28.6944
144 190 66.8896
162 190 66.8896
178 190 66.8896
232 190 66.8896
236 190 66.8896
237 190 66.8896
248 190 66.8896
306 190 200
307 190 200
310 190 66.8896
322 190 18.2648
345 190 22.3214
346 190 22.3214
353 190 15.456
468 190 66.8896
532 190 28.6944
533 190 28.6944
535 190 22.3214
536 190 22.3214
539 190 18.2648
24 191 22.3214
69 191 40.1606
83 191 28.6944
84 191 28.6944
128 191 40.1606
130 191 40.1606
144 191 66.8896
162 191 66.8896
176 191 66.8896
178 191 66.8896
232 191 66.8896
237 191 66.8896
248 191 66.8896
345 191 22.3214
353 191 15.456
468 191 66.8896
523 191 200
529 191 40.1606
531 191 28.6944
532 191 28.6944
533 191 28.6944
535 191 22.3214
536 191 22.3214
539 191 18.2648
8 192 40.1606
24 192 22.3214
69 192 40.1606
83 192 28.6944
144 192 66.8896
153 192 66.8896
162 192 66.8896
248 192 66.8896
345 192 22.3214
380 192 40.1606
468 192 66.8896
529 192 40.1606
532 192 28.6944
533 192 28.6944
535 192 22.3214
536 192 22.3214
539 192 18.2648
19 193 22.3214
24 193 22.3214
69 193 40.1606
144 193 66.8896
154 193 66.8896
162 193 66.8896
248 193 66.8896
290 193 200
291 193 200
328 193 22.3214
345 193 22.3214
468 193 66.8896
524 193 200
527 193 66.8896
532 193 28.6944
536 193 22.3214
19 194 22.3214
69 194 40.1606
136 194 40.1606
144 194 66.8896
328 194 22.3214
468 194 66.8896
527 194 66.8896
530 194 28.6944
532 194 28.6944
533 194 28.6944
534 194 28.6944
535 194 22.3214
536 194 22.3214
4 195 28.6944
24 195 22.3214
69 195 40.1606
143 195 66.8896
144 195 66.8896
262 195 200
266 195 66.8896
328 195 22.3214
345 195 200
378 195 66.8896
469 195 66.8896
532 195 28.6944
533 195 28.6944
535 195 22.3214
536 195 22.3214
24 196 22.3214
69 196 40.1606
81 196 28.6944
143 196 66.8896
144 196 66.8896
154 196 66.8896
266 196 66.8896
328 196 22.3214
345 196 200
348 196 18.2648
357 196 28.6944
469 196 66.8896
532 196 28.6944
535 196 22.3214
69 197 40.1606
81 197 28.6944
144 197 66.8896
150 197 66.8896
152 197 66.8896
153 197 66.8896
262 197 200
328 197 22.3214
347 197 200
348 197 200
357 197 28.6944
382 197 200
69 198 40.1606
81 198 28.6944
128 198 40.1606
134 198 40.1606
348 198 200
349 198 200
368 198 15.456
382 198 200
392 198 28.6944
469 198 66.8896
47 199 40.1606
69 199 40.1606
80 199 28.6944
81 199 28.6944
128 199 40.1606
134 199 40.1606
291 199 200
348 199 200
349 199 200
382 199 200
392 199 28.6944
469 199 66.8896
487 199 66.8896
69 200 40.1606
81 200 40.1606
128 200 40.1606
133 200 40.1606
134 200 40.1606
152 200 66.8896
210 200 66.8896
294 200 66.8896
348 200 200
349 200 200
353 200 66.8896
358 200 11.8203
382 200 200
469 200 66.8896
470 200 66.8896
483 200 200
484 200 200
486 200 66.8896
487 200 66.8896
488 200 66.8896
5 201 28.6944
69 201 40.1606
80 201 40.1606
81 201 40.1606
128 201 40.1606
133 201 40.1606
134 201 40.1606
154 201 66.8896
155 201 66.8896
189 201 66.8896
207 201 66.8896
209 201 66.8896
210 201 66.8896
229 201 66.8896
349 201 200
353 201 66.8896
367 201 28.6944
470 201 66.8896
483 201 200
484 201 200
486 201 66.8896
487 201 66.8896
488 201 66.8896
492 201 15.456
5 202 28.6944
69 202 40.1606
80 202 40.1606
128 202 40.1606
133 202 40.1606
134 202 40.1606
149 202 66.8896
155 202 66.8896
156 202 66.8896
157 202 66.8896
189 202 66.8896
190 202 66.8896
207 202 66.8896
209 202 66.8896
210 202 66.8896
231 202 66.8896
232 202 66.8896
269 202 66.8896
270 202 66.8896
348 202 200
358 202 200
360 202 200
367 202 28.6944
374 202 18.2648
483 202 200
484 202 200
486 202 66.8896
487 202 66.8896
488 202 66.8896
4 203 28.6944
34 203 28.6944
35 203 28.6944
57 203 40.1606
69 203 40.1606
80 203 40.1606
128 203 40.1606
133 203 40.1606
134 203 40.1606
149 203 66.8896
157 203 66.8896
184 203 66.8896
189 203 66.8896
190 203 66.8896
209 203 66.8896
210 203 66.8896
226 203 66.8896
232 203 66.8896
262 203 66.8896
269 203 66.8896
270 203 66.8896
327 203 22.3214
358 203 200
359 203 200
486 203 66.8896
487 203 66.8896
4 204 28.6944
33 204 28.6944
35 204 28.6944
44 204 28.6944
69 204 40.1606
83 204 66.8896
133 204 40.1606
134 204 40.1606
149 204 66.8896
173 204 200
189 204 66.8896
190 204 66.8896
209 204 66.8896
232 204 66.8896
270 204 66.8896
294 204 200
295 204 200
359 204 200
4 205 28.6944
44 205 28.6944
69 205 40.1606
83 205 66.8896
133 205 40.1606
149 205 66.8896
157 205 66.8896
189 205 66.8896
190 205 66.8896
209 205 66.8896
210 205 66.8896
360 205 200
367 205 40.1606
4 206 28.6944
24 206 22.3214
25 206 22.3214
27 206 22.3214
69 206 40.1606
127 206 40.1606
133 206 40.1606
134 206 40.1606
149 206 66.8896
157 206 66.8896
184 206 66.8896
189 206 66.8896
209 206 66.8896
231 206 66.8896
318 206 28.6944
348 206 22.3214
392 206 28.6944
3 207 28.6944
24 207 22.3214
25 207 22.3214
69 207 40.1606
127 207 40.1606
133 207 40.1606
134 207 40.1606
157 207 66.8896
189 207 66.8896
207 207 66.8896
209 207 66.8896
231 207 66.8896
246 207 10.5764
323 207 22.3214
326 207 18.2648
361 207 200
4 208 28.6944
25 208 22.3214
45 208 28.6944
69 208 40.1606
103 208 66.8896
104 208 66.8896
127 208 40.1606
133 208 40.1606
134 208 40.1606
157 208 66.8896
189 208 66.8896
207 208 66.8896
209 208 66.8896
245 208 10.5764
280 208 66.8896
361 208 200
4 209 28.6944
5 209 28.6944
25 209 22.3214
44 209 28.6944
45 209 28.6944
69 209 40.1606
80 209 66.8896
104 209 66.8896
125 209 40.1606
133 209 40.1606
157 209 66.8896
184 209 66.8896
189 209 66.8896
207 209 200
209 209 200
245 209 10.5764
284 209 40.1606
285 209 40.1606
287 209 66.8896
346 209 18.2648
367 209 40.1606
5 210 28.6944
24 210 22.3214
25 210 22.3214
29 210 28.6944
44 210 28.6944
80 210 66.8896
82 210 66.8896
127 210 40.1606
129 210 40.1606
133 210 40.1606
184 210 66.8896
189 210 66.8896
207 210 200
209 210 200
285 210 40.1606
287 210 66.8896
297 210 22.3214
367 210 40.1606
5 211 28.6944
25 211 22.3214
44 211 28.6944
45 211 28.6944
69 211 40.1606
79 211 66.8896
80 211 66.8896
127 211 66.8896
133 211 40.1606
149 211 66.8896
177 211 66.8896
184 211 66.8896
189 211 66.8896
227 211 200
230 211 66.8896
231 211 66.8896
232 211 66.8896
237 211 18.2648
239 211 15.456
240 211 13.3958
241 211 13.3958
242 211 11.8203
243 211 11.8203
246 211 10.5764
366 211 40.1606
367 211 40.1606
383 211 18.2648
5 212 28.6944
22 212 22.3214
44 212 28.6944
45 212 28.6944
69 212 40.1606
79 212 66.8896
127 212 66.8896
133 212 40.1606
134 212 40.1606
177 212 66.8896
190 212 66.8896
363 212 66.8896
366 212 40.1606
367 212 40.1606
5 213 28.6944
16 213 22.3214
32 213 28.6944
45 213 28.6944
79 213 66.8896
129 213 40.1606
133 213 40.1606
154 213 40.1606
155 213 66.8896
157 213 66.8896
158 213 200
242 213 11.8203
366 213 200
367 213 200
5 214 28.6944
16 214 22.3214
34 214 28.6944
50 214 28.6944
78 214 66.8896
79 214 66.8896
125 214 200
133 214 40.1606
291 214 40.1606
360 214 200
366 214 200
367 214 200
413 214 200
5 215 28.6944
16 215 22.3214
34 215 28.6944
62 215 40.1606
78 215 66.8896
79 215 66.8896
110 215 200
111 215 200
133 215 40.1606
134 215 40.1606
148 215 66.8896
154 215 66.8896
247 215 40.1606
291 215 40.1606
319 215 22.3214
360 215 200
413 215 200
16 216 22.3214
34 216 28.6944
111 216 200
133 216 40.1606
134 216 40.1606
154 216 66.8896
287 216 66.8896
319 216 22.3214
343 216 22.3214
360 216 200
401 216 200
420 216 66.8896
493 216 40.1606
16 217 22.3214
34 217 28.6944
49 217 28.6944
50 217 28.6944
133 217 40.1606
134 217 40.1606
149 217 66.8896
154 217 66.8896
248 217 40.1606
288 217 66.8896
308 217 200
319 217 40.1606
343 217 22.3214
412 217 200
420 217 66.8896
551 217 22.3214
16 218 22.3214
34 218 28.6944
49 218 28.6944
50 218 28.6944
133 218 40.1606
134 218 40.1606
143 218 200
274 218 8.73744
275 218 8.03858
307 218 200
308 218 200
325 218 22.3214
343 218 22.3214
409 218 200
7 219 28.6944
12 219 28.6944
16 219 22.3214
33 219 28.6944
34 219 28.6944
50 219 28.6944
133 219 40.1606
134 219 40.1606
143 219 200
152 219 66.8896
241 219 9.56938
276 219 8.03858
319 219 40.1606
325 219 22.3214
343 219 22.3214
409 219 200
11 220 28.6944
12 220 28.6944
16 220 22.3214
25 220 22.3214
33 220 28.6944
34 220 28.6944
97 220 200
127 220 40.1606
134 220 40.1606
276 220 8.03858
277 220 7.44324
343 220 22.3214
357 220 66.8896
380 220 200
409 220 200
11 221 28.6944
12 221 28.6944
16 221 22.3214
25 221 22.3214
33 221 28.6944
34 221 28.6944
97 221 200
127 221 40.1606
134 221 40.1606
143 221 200
276 221 7.44324
343 221 22.3214
403 221 200
628 221 40.1606
6 222 28.6944
12 222 28.6944
16 222 22.3214
25 222 22.3214
33 222 28.6944
34 222 28.6944
85 222 40.1606
97 222 200
127 222 40.1606
134 222 40.1606
143 222 200
173 222 66.8896
174 222 66.8896
195 222 66.8896
239 222 8.73744
242 222 8.03858
343 222 22.3214
628 222 40.1606
12 223 28.6944
26 223 22.3214
33 223 28.6944
34 223 28.6944
97 223 200
134 223 40.1606
152 223 66.8896
165 223 66.8896
173 223 66.8896
174 223 66.8896
193 223 66.8896
195 223 66.8896
292 223 9.56938
343 223 22.3214
356 223 66.8896
487 223 40.1606
20 224 22.3214
26 224 22.3214
34 224 28.6944
47 224 28.6944
97 224 200
134 224 40.1606
160 224 66.8896
165 224 66.8896
174 224 66.8896
193 224 66.8896
195 224 66.8896
232 224 40.1606
266 224 7.44324
272 224 6.93001
308 224 15.456
309 224 15.456
343 224 22.3214
355 224 66.8896
356 224 66.8896
389 224 40.1606
390 224 40.1606
395 224 28.6944
396 224 28.6944
397 224 22.3214
399 224 18.2648
400 224 18.2648
411 224 22.3214
414 224 40.1606
487 224 40.1606
20 225 22.3214
35 225 28.6944
47 225 28.6944
127 225 40.1606
134 225 40.1606
160 225 66.8896
165 225 66.8896
174 225 66.8896
224 225 200
225 225 200
231 225 11.8203
233 225 40.1606
235 225 40.1606
236 225 28.6944
237 225 28.6944
238 225 28.6944
239 225 28.6944
240 225 28.6944
241 225 28.6944
242 225 28.6944
243 225 28.6944
264 225 7.44324
265 225 7.44324
278 225 5.74218
287 225 4.90196
355 225 66.8896
356 225 66.8896
357 225 66.8896
358 225 66.8896
359 225 40.1606
362 225 28.6944
363 225 28.6944
390 225 40.1606
392 225 40.1606
393 225 28.6944
396 225 28.6944
399 225 18.2648
416 225 18.2648
417 225 40.1606
3 226 28.6944
4 226 28.6944
134 226 40.1606
160 226 66.8896
165 226 66.8896
174 226 66.8896
221 226 40.1606
225 226 200
229 226 11.8203
231 226 11.8203
233 226 40.1606
234 226 40.1606
235 226 40.1606
236 226 28.6944
237 226 28.6944
238 226 28.6944
239 226 28.6944
240 226 28.6944
268 226 6.93001
269 226 6.93001
278 226 5.74218
286 226 4.90196
287 226 4.90196
342 226 40.1606
343 226 40.1606
346 226 40.1606
355 226 66.8896
356 226 66.8896
362 226 28.6944
363 226 28.6944
406 226 6.09013
430 226 28.6944
4 227 28.6944
16 227 22.3214
94 227 66.8896
95 227 66.8896
134 227 40.1606
160 227 66.8896
165 227 66.8896
174 227 66.8896
195 227 66.8896
231 227 13.3958
263 227 7.44324
268 227 6.93001
269 227 6.93001
342 227 66.8896
343 227 40.1606
344 227 40.1606
345 227 40.1606
347 227 40.1606
348 227 28.6944
363 227 28.6944
369 227 66.8896
380 227 22.3214
408 227 6.09013
4 228 28.6944
16 228 22.3214
24 228 22.3214
56 228 40.1606
95 228 66.8896
127 228 40.1606
134 228 40.1606
152 228 66.8896
160 228 66.8896
165 228 66.8896
174 228 66.8896
263 228 7.44324
264 228 7.44324
265 228 7.44324
323 228 22.3214
342 228 66.8896
343 228 40.1606
344 228 40.1606
345 228 40.1606
353 228 18.2648
369 228 66.8896
370 228 9.56938
372 228 9.56938
377 228 28.6944
380 228 22.3214
389 228 66.8896
501 228 66.8896
628 228 40.1606
4 229 28.6944
16 229 22.3214
20 229 22.3214
24 229 22.3214
56 229 40.1606
91 229 66.8896
127 229 40.1606
134 229 40.1606
152 229 66.8896
160 229 66.8896
165 229 66.8896
174 229 66.8896
195 229 66.8896
228 229 15.456
229 229 13.3958
262 229 7.44324
263 229 7.44324
284 229 66.8896
285 229 66.8896
286 229 40.1606
287 229 40.1606
288 229 40.1606
353 229 18.2648
370 229 9.56938
371 229 9.56938
373 229 9.56938
377 229 28.6944
378 229 28.6944
384 229 7.44324
391 229 13.3958
392 229 13.3958
393 229 13.3958
505 229 40.1606
530 229 66.8896
4 230 28.6944
20 230 22.3214
91 230 66.8896
110 230 200
123 230 66.8896
134 230 40.1606
152 230 66.8896
165 230 66.8896
174 230 66.8896
195 230 66.8896
284 230 66.8896
285 230 66.8896
286 230 40.1606
287 230 40.1606
288 230 40.1606
289 230 40.1606
297 230 18.2648
298 230 18.2648
299 230 18.2648
302 230 15.456
303 230 13.3958
318 230 13.3958
372 230 9.56938
392 230 13.3958
537 230 40.1606
631 230 40.1606
632 230 40.1606
634 230 40.1606
637 230 40.1606
4 231 28.6944
24 231 22.3214
91 231 66.8896
92 231 66.8896
134 231 40.1606
152 231 66.8896
165 231 66.8896
174 231 66.8896
195 231 66.8896
232 231 11.8203
233 231 11.8203
256 231 9.56938
264 231 7.44324
285 231 66.8896
286 231 40.1606
287 231 40.1606
288 231 40.1606
289 231 40.1606
296 231 18.2648
297 231 18.2648
298 231 18.2648
299 231 18.2648
300 231 18.2648
301 231 15.456
302 231 15.456
303 231 13.3958
304 231 13.3958
309 231 22.3214
316 231 13.3958
317 231 13.3958
322 231 10.5764
345 231 6.09013
355 231 66.8896
358 231 40.1606
382 231 7.44324
92 232 66.8896
127 232 40.1606
134 232 40.1606
152 232 66.8896
160 232 66.8896
165 232 66.8896
174 232 66.8896
234 232 11.8203
299 232 18.2648
300 232 18.2648
309 232 22.3214
316 232 13.3958
318 232 13.3958
322 232 10.5764
79 233 40.1606
96 233 200
134 233 40.1606
160 233 66.8896
235 233 11.8203
241 233 9.56938
242 233 9.56938
317 233 8.73744
355 233 66.8896
3 234 28.6944
17 234 22.3214
71 234 40.1606
114 234 40.1606
134 234 40.1606
348 234 5.43183
354 234 66.8896
355 234 66.8896
357 234 66.8896
379 234 2.99985
4 235 28.6944
114 235 40.1606
134 235 40.1606
137 235 66.8896
249 235 200
261 235 28.6944
262 235 28.6944
263 235 28.6944
269 235 22.3214
303 235 9.56938
348 235 5.43183
140 236 28.6944
141 236 28.6944
236 236 40.1606
237 236 40.1606
238 236 28.6944
239 236 28.6944
240 236 28.6944
241 236 28.6944
242 236 28.6944
243 236 28.6944
244 236 28.6944
246 236 200
247 236 200
248 236 200
259 236 28.6944
260 236 28.6944
261 236 28.6944
262 236 28.6944
263 236 28.6944
265 236 28.6944
301 236 5.74218
305 236 13.3958
27 237 22.3214
172 237 66.8896
223 237 40.1606
224 237 200
225 237 200
226 237 200
227 237 200
228 237 200
229 237 200
230 237 200
231 237 11.8203
235 237 22.3214
236 237 28.6944
237 237 28.6944
239 237 28.6944
240 237 28.6944
241 237 28.6944
242 237 28.6944
243 237 28.6944
252 237 10.5764
253 237 10.5764
254 237 10.5764
255 237 10.5764
256 237 9.56938
259 237 28.6944
260 237 28.6944
261 237 28.6944
262 237 28.6944
263 237 28.6944
265 237 28.6944
284 237 28.6944
301 237 5.74218
315 237 6.93001
440 237 28.6944
27 238 22.3214
151 238 40.1606
219 238 66.8896
220 238 40.1606
221 238 40.1606
222 238 40.1606
223 238 40.1606
232 238 11.8203
233 238 11.8203
250 238 10.5764
252 238 10.5764
253 238 10.5764
254 238 10.5764
255 238 10.5764
256 238 9.56938
258 238 9.56938
265 238 22.3214
275 238 10.5764
277 238 9.56938
278 238 9.56938
315 238 6.93001
27 239 22.3214
221 239 40.1606
232 239 11.8203
233 239 11.8203
235 239 13.3958
236 239 13.3958
237 239 22.3214
238 239 22.3214
254 239 10.5764
256 239 9.56938
258 239 9.56938
259 239 8.73744
274 239 10.5764
278 239 9.56938
279 239 9.56938
283 239 28.6944
17 240 22.3214
26 240 22.3214
27 240 22.3214
251 240 10.5764
259 240 8.73744
261 240 8.03858
262 240 8.03858
275 240 10.5764
278 240 9.56938
279 240 9.56938
280 240 9.56938
286 240 22.3214
313 240 6.93001
17 241 22.3214
26 241 22.3214
27 241 22.3214
129 241 28.6944
130 241 28.6944
243 241 28.6944
251 241 6.93001
262 241 8.03858
270 241 18.2648
279 241 9.56938
280 241 9.56938
17 242 22.3214
26 242 22.3214
27 242 22.3214
40 242 22.3214
41 242 22.3214
116 242 28.6944
238 242 28.6944
256 242 9.56938
262 242 8.03858
41 243 22.3214
42 243 22.3214
262 243 8.03858
263 243 8.03858
274 243 6.48298
20 244 22.3214
42 244 22.3214
43 244 22.3214
80 244 28.6944
25 247 22.3214
58 247 22.3214
59 247 22.3214
25 248 22.3214
59 248 22.3214
60 248 22.3214
495 260 18.2648
504 261 18.2648
507 261 18.2648
508 261 18.2648
516 262 15.456
519 262 15.456
520 262 15.456
521 262 15.456
522 262 15.456
523 262 15.456
524 262 15.456
532 263 13.3958
563 265 22.3214
564 265 22.3214
568 265 18.2648
572 265 15.456
568 266 18.2648
570 266 18.2648
571 266 15.456
572 266 15.456
573 266 15.456
574 266 15.456
575 266 13.3958
576 266 13.3958
577 266 13.3958
298 269 13.3958
117 273 15.456
118 273 15.456
119 273 15.456
581 275 13.3958
579 276 13.3958
580 276 13.3958
581 276 13.3958
583 276 13.3958
584 276 11.8203
245 278 10.5764
239 279 10.5764
240 279 10.5764
241 279 10.5764
240 280 10.5764
241 280 10.5764
242 280 10.5764
634 281 11.8203
256 282 13.3958
255 283 13.3958
256 283 13.3958
260 283 10.5764
261 283 10.5764
261 284 10.5764
262 284 10.5764
224 287 9.56938
286 287 10.5764
55 288 10.5764
56 288 10.5764
57 288 10.5764
243 288 9.56938
221 289 9.56938
226 289 9.56938
230 289 9.56938
244 289 9.56938
245 289 9.56938
222 290 9.56938
577 290 10.5764
628 290 9.56938
142 291 10.5764
630 291 9.56938
188 292 9.56938
222 292 9.56938
257 292 9.56938
610 292 9.56938
108 293 10.5764
257 293 9.56938
609 293 10.5764
612 293 9.56938
614 293 9.56938
612 294 9.56938
634 294 9.56938
217 295 8.73744
103 296 10.5764
218 296 8.73744
256 297 9.56938
257 298 9.56938
204 299 8.73744
218 299 8.73744
206 300 8.73744
237 300 8.73744
80 301 9.56938
81 301 9.56938
82 301 9.56938
96 301 9.56938
603 301 9.56938
604 301 9.56938
82 302 9.56938
83 302 9.56938
84 302 9.56938
104 302 9.56938
183 302 8.03858
603 302 9.56938
631 302 8.73744
56 303 9.56938
85 303 9.56938
86 303 9.56938
87 303 9.56938
196 303 8.03858
562 303 9.56938
56 304 9.56938
57 304 9.56938
58 304 9.56938
87 304 9.56938
88 304 9.56938
151 304 8.03858
188 304 8.03858
255 304 8.73744
256 304 8.73744
606 304 9.56938
607 304 9.56938
57 305 9.56938
58 305 9.56938
59 305 8.73744
60 305 8.73744
152 305 8.03858
177 305 8.03858
188 305 8.03858
189 305 8.03858
606 305 9.56938
607 305 9.56938
59 306 8.73744
60 306 8.73744
61 306 8.73744
62 306 8.73744
152 306 8.03858
208 306 8.03858
222 306 8.03858
223 306 8.03858
615 306 9.56938
618 306 8.73744
62 307 8.73744
63 307 8.73744
64 307 8.73744
223 307 8.03858
64 308 8.73744
65 308 8.73744
66 308 8.73744
196 308 8.03858
200 308 7.44324
205 308 8.03858
66 309 8.73744
67 309 8.73744
68 309 8.73744
69 309 8.73744
68 310 8.73744
69 310 8.73744
70 310 8.73744
160 310 7.44324
161 310 7.44324
247 310 8.03858
248 310 8.03858
70 311 8.73744
71 311 8.73744
72 311 8.73744
176 311 7.44324
177 311 7.44324
226 311 8.03858
619 311 8.73744
72 312 8.73744
73 312 8.73744
74 312 8.73744
74 313 8.73744
75 313 8.73744
76 313 8.03858
150 313 7.44324
203 313 7.44324
220 313 8.03858
76 314 8.03858
77 314 8.03858
78 314 8.03858
150 314 6.93001
181 314 7.44324
220 314 8.03858
78 315 8.03858
79 315 8.03858
148 315 6.93001
149 315 6.93001
149 316 6.93001
150 316 6.93001
220 317 8.03858
221 317 7.44324
155 318 6.93001
156 318 6.93001
221 318 7.44324
222 318 7.44324
223 318 7.44324
224 318 7.44324
172 319 6.93001
216 319 7.44324
224 319 7.44324
166 320 6.93001
168 320 6.93001
169 320 6.93001
165 321 6.93001
165 322 6.93001
158 326 6.48298
199 326 7.44324
205 326 6.93001
134 327 6.48298
158 327 6.48298
159 327 6.48298
160 327 6.48298
257 327 6.93001
155 328 6.48298
156 328 6.48298
160 328 6.48298
161 328 6.48298
163 328 6.48298
166 328 6.48298
156 329 6.48298
157 329 6.48298
157 330 6.48298
158 330 6.48298
159 330 6.48298
175 330 6.48298
92 333 6.09013
93 333 6.09013
141 333 6.09013
142 333 6.09013
155 333 6.09013
156 333 6.09013
162 333 6.09013
93 334 6.09013
94 334 6.09013
99 334 6.09013
106 334 5.74218
107 334 5.74218
134 334 6.09013
142 334 6.09013
143 334 6.09013
156 334 6.09013
157 334 6.09013
106 335 5.74218
107 335 5.74218
108 335 5.74218
150 335 6.09013
151 335 6.09013
91 336 6.09013
108 336 5.74218
120 336 5.74218
140 336 6.09013
102 337 5.74218
108 337 5.74218
109 337 5.74218
120 337 5.74218
140 337 6.09013
147 337 6.09013
102 338 5.74218
105 338 5.74218
109 338 5.74218
137 338 6.09013
108 339 5.74218
109 339 5.74218
137 339 5.74218
139 339 6.09013
110 340 5.74218
111 340 5.74218
116 340 5.74218
117 340 5.74218
118 340 5.74218
111 341 5.74218
117 341 5.74218
118 341 5.74218
134 341 5.74218
135 341 5.74218
136 341 5.74218
137 341 5.74218
131 342 5.74218
132 342 5.74218
137 342 5.74218
138 342 5.74218
139 342 5.74218
123 343 5.74218
131 343 5.74218
132 343 5.74218
139 343 5.74218
123 344 5.74218
124 344 5.74218
126 344 6.48298
127 344 6.48298
132 344 5.74218
133 344 5.74218
126 345 6.48298
127 345 6.48298
132 345 5.74218
133 345 5.74218
134 345 5.74218
75 346 5.43183
133 346 5.43183
134 346 5.43183
171 346 6.09013
58 347 5.43183
59 347 5.43183
79 347 5.43183
167 347 6.09013
76 348 5.43183
77 348 5.43183
80 348 5.43183
81 348 5.43183
121 348 5.43183
125 348 5.43183
126 348 5.43183
168 348 6.09013
42 349 5.43183
68 349 5.43183
77 349 5.43183
81 349 5.43183
121 349 5.43183
122 349 5.43183
126 349 5.43183
127 349 5.43183
128 349 5.43183
43 350 5.43183
63 350 5.15331
64 350 5.15331
65 350 5.15331
66 350 5.15331
77 350 5.43183
78 350 5.43183
118 350 5.43183
121 350 5.43183
122 350 5.43183
123 350 5.43183
7 351 6.09013
43 351 5.43183
59 351 5.43183
60 351 5.43183
64 351 5.15331
65 351 5.15331
78 351 5.43183
79 351 5.43183
115 351 5.43183
116 351 5.43183
122 351 5.43183
123 351 5.43183
124 351 5.43183
146 351 5.43183
43 352 5.43183
60 352 5.43183
80 352 5.43183
85 352 5.15331
101 352 5.43183
115 352 5.43183
116 352 5.43183
133 352 5.43183
134 352 5.43183
135 352 5.43183
136 352 5.43183
146 352 5.43183
147 352 5.43183
43 353 5.43183
60 353 5.43183
75 353 5.43183
85 353 5.15331
44 354 5.43183
61 354 5.43183
76 354 5.43183
80 354 5.43183
83 354 5.15331
84 354 5.15331
85 354 5.15331
109 354 5.15331
114 354 5.43183
109 355 5.15331
110 355 5.15331
69 356 5.43183
95 356 5.15331
101 356 5.15331
110 356 5.15331
111 356 5.15331
74 357 5.15331
93 357 5.15331
95 357 5.15331
96 357 5.15331
101 357 5.15331
102 357 5.15331
105 357 5.15331
106 357 5.15331
57 358 5.15331
76 358 5.15331
91 358 5.43183
96 358 5.15331
102 358 5.15331
69 359 5.15331
70 359 5.15331
76 359 5.15331
77 359 5.15331
99 359 5.15331
102 359 5.15331
70 360 5.15331
73 360 4.90196
120 360 3.94089
146 360 5.43183
55 361 5.15331
62 362 5.15331
66 363 5.43183
92 363 4.90196
93 363 4.90196
93 364 4.90196
49 365 4.90196
50 365 4.90196
92 365 4.90196
93 365 4.90196
92 366 4.90196
59 367 4.67399
74 367 4.90196
76 367 4.90196
92 367 4.90196
142 367 5.15331
143 367 5.15331
57 368 4.67399
58 368 4.67399
77 368 4.90196
78 368 4.90196
92 368 4.90196
93 368 4.90196
144 368 5.15331
55 369 4.90196
58 369 4.67399
59 369 4.67399
60 369 4.67399
63 369 4.90196
64 369 4.90196
73 369 4.90196
138 369 5.15331
141 369 5.15331
142 369 5.15331
470 369 5.43183
27 370 4.67399
58 370 4.67399
59 370 4.67399
60 370 4.67399
61 370 4.67399
73 370 4.90196
355 370 5.15331
356 370 5.15331
33 371 4.46628
61 371 4.67399
161 371 5.15331
162 371 5.15331
351 371 5.15331
352 371 5.15331
353 371 5.15331
354 371 5.15331
34 372 4.46628
62 372 4.67399
98 372 4.90196
158 372 5.15331
206 372 5.15331
207 372 5.15331
51 373 4.46628
52 373 4.46628
53 373 4.46628
62 373 4.67399
107 373 4.67399
158 373 5.15331
159 373 5.15331
160 373 5.15331
35 374 4.46628
63 374 4.67399
72 374 4.67399
107 374 4.67399
108 374 4.67399
109 374 4.67399
35 375 4.46628
94 375 4.67399
95 375 4.67399
96 375 4.67399
35 376 4.46628
36 376 4.46628
50 376 4.46628
80 376 4.67399
103 376 4.67399
104 376 4.67399
105 376 4.67399
106 376 4.67399
107 376 4.67399
108 376 4.67399
390 376 5.15331
30 377 4.46628
37 377 4.46628
46 377 4.46628
78 377 4.67399
109 377 4.67399
37 378 4.46628
43 378 4.46628
47 378 4.46628
48 378 4.46628
37 379 4.46628
38 379 4.46628
5 380 4.27625
3 381 4.27625
4 381 4.27625
21 381 4.27625
28 381 4.27625
29 381 4.27625
33 381 4.46628
109 381 4.67399
22 382 4.27625
28 382 4.27625
29 382 4.27625
51 382 4.46628
55 382 4.46628
22 383 4.27625
31 383 4.27625
51 383 4.46628
52 383 4.46628
265 383 4.90196
32 384 4.27625
119 384 4.67399
268 384 4.90196
33 385 4.27625
119 385 4.67399
120 385 4.67399
20 386 4.27625
38 387 4.27625
113 387 4.67399
114 387 4.67399
108 388 4.67399
115 388 4.67399
119 388 4.67399
154 388 4.67399
155 388 4.67399
216 388 4.67399
46 389 4.27625
105 389 4.67399
216 389 4.67399
489 389 4.90196
106 390 4.67399
491 390 4.67399
492 390 4.67399
55 392 4.27625
38 393 4.10172
39 393 4.10172
39 394 4.10172
357 394 4.67399
26 395 4.67399
27 395 4.46628
39 395 4.10172
40 395 4.10172
218 395 4.46628
219 395 4.46628
226 395 4.46628
13 397 3.94089
26 397 4.46628
27 397 4.27625
29 397 4.10172
45 397 4.10172
46 397 4.10172
21 398 4.10172
28 398 4.10172
29 398 4.10172
223 398 4.46628
21 399 4.10172
22 399 4.10172
29 399 4.10172
30 399 4.10172
104 399 4.46628
20 400 4.10172
24 400 4.10172
25 400 4.10172
29 400 4.10172
30 400 4.10172
66 400 4.10172
67 400 4.10172
70 400 4.10172
71 400 4.10172
224 400 4.46628
304 400 4.46628
305 400 4.46628
21 401 3.94089
22 401 3.94089
25 401 3.94089
26 401 3.94089
51 401 4.10172
71 401 4.10172
72 401 4.10172
100 401 4.27625
10 402 3.94089
24 402 3.94089
25 402 3.94089
26 402 3.94089
43 402 4.10172
59 402 4.10172
63 402 4.10172
64 402 4.10172
65 402 4.10172
72 402 4.10172
100 402 4.27625
101 402 4.27625
102 402 4.27625
103 402 4.27625
26 403 3.94089
27 403 3.94089
44 403 4.10172
69 403 4.10172
73 403 4.10172
223 403 4.27625
70 404 4.10172
73 404 4.10172
540 404 4.46628
70 405 4.10172
74 405 4.10172
399 405 4.27625
541 405 4.46628
542 405 4.46628
3 406 3.94089
8 406 3.94089
71 406 4.10172
74 406 4.10172
548 406 4.10172
9 407 3.94089
71 407 4.10172
9 408 3.94089
71 408 4.10172
72 408 4.10172
95 408 4.27625
72 409 4.10172
72 413 4.10172
111 413 4.10172
112 413 4.10172
17 415 3.79219
289 415 4.10172
331 415 4.10172
14 416 3.79219
15 416 3.79219
17 416 3.79219
201 418 4.10172
561 419 4.10172
59 420 4.27625
562 420 4.10172
59 422 4.10172
63 422 3.94089
58 423 4.10172
61 423 3.94089
317 423 3.94089
534 423 4.10172
54 425 3.79219
57 425 3.79219
58 425 3.79219
191 425 3.94089
312 425 3.94089
313 425 3.94089
314 425 3.94089
53 426 3.79219
54 426 3.79219
191 426 3.94089
192 426 3.94089
615 426 3.79219
54 427 3.79219
55 427 3.79219
56 427 3.79219
193 427 3.94089
194 427 3.79219
538 428 3.94089
51 429 3.79219
528 429 3.94089
50 430 3.79219
51 430 3.79219
53 430 3.79219
51 431 3.79219
52 431 3.79219
193 431 3.79219
15 432 3.52609
23 432 3.52609
24 432 3.52609
134 432 3.79219
135 432 3.79219
6 433 3.52609
87 433 3.79219
88 433 3.79219
131 433 3.79219
132 433 3.79219
133 433 3.79219
248 433 3.79219
6 434 3.52609
133 434 3.79219
134 434 3.79219
248 434 3.79219
320 434 3.79219
321 434 3.79219
486 435 3.79219
464 436 3.79219
17 437 3.52609
18 437 3.52609
331 438 3.79219
464 438 3.79219
598 438 3.79219
18 439 3.52609
155 441 3.6543
228 441 3.6543
335 442 3.6543
445 442 3.6543
446 442 3.6543
599 447 3.6543
304 448 3.52609
600 448 3.6543
601 448 3.6543
165 450 3.52609
173 450 3.52609
316 450 3.52609
317 450 3.52609
609 451 3.52609
178 452 3.52609
315 454 3.52609
611 454 3.52609
612 454 3.52609
615 454 3.40657
616 454 3.40657
437 455 3.52609
615 455 3.40657
438 456 3.52609
610 456 3.52609
617 456 3.40657
440 457 3.40657
441 457 3.40657
252 458 3.40657
319 459 3.40657
320 459 3.40657
8 460 3.40657
299 460 3.40657
310 460 3.40657
8 461 3.40657
327 461 3.40657
183 462 3.40657
4 463 3.29489
361 464 3.29489
3 465 3.1903
385 465 3.29489
185 466 3.29489
186 466 3.29489
187 466 3.29489
315 466 3.29489
247 467 3.29489
248 467 3.29489
353 467 3.29489
204 468 3.29489
205 468 3.29489
206 468 3.29489
207 468 3.29489
440 470 3.1903
515 471 3.29489
129 472 3.1903
516 472 3.29489
129 473 3.1903
130 473 3.1903
172 473 3.1903
173 473 3.1903
181 473 3.1903
199 474 3.1903
319 474 3.1903
200 475 3.1903
201 475 3.1903
233 475 3.1903
234 475 3.1903
293 475 3.1903
522 475 3.09215
523 475 3.09215
122 476 3.1903
173 476 3.1903
202 476 3.1903
236 476 3.1903
294 476 3.1903
295 476 3.1903
314 476 3.1903
123 477 3.1903
226 477 3.29489
227 477 3.29489
229 477 3.1903
230 477 3.1903
231 477 3.1903
240 477 3.1903
241 477 3.1903
314 477 3.1903
315 477 3.1903
