7 3 22.3214
8 3 22.3214
272 3 28.6944
278 3 18.2648
294 3 15.456
308 3 40.1606
314 3 22.3214
317 3 18.2648
333 3 9.56938
336 3 8.73744
355 3 22.3214
376 3 28.6944
379 3 22.3214
400 3 28.6944
448 3 66.8896
451 3 200
457 3 28.6944
485 3 22.3214
486 3 22.3214
528 3 11.8203
576 3 11.8203
595 3 11.8203
596 3 11.8203
14 4 22.3214
15 4 22.3214
273 4 28.6944
279 4 18.2648
286 4 13.3958
304 4 66.8896
308 4 40.1606
314 4 22.3214
317 4 18.2648
318 4 18.2648
336 4 8.73744
375 4 28.6944
376 4 28.6944
379 4 22.3214
400 4 28.6944
450 4 66.8896
461 4 18.2648
462 4 18.2648
463 4 18.2648
464 4 18.2648
469 4 18.2648
478 4 22.3214
485 4 22.3214
536 4 10.5764
537 4 10.5764
566 4 11.8203
577 4 11.8203
6 5 22.3214
9 5 22.3214
10 5 22.3214
14 5 22.3214
273 5 28.6944
279 5 18.2648
286 5 13.3958
304 5 66.8896
308 5 40.1606
314 5 22.3214
317 5 18.2648
318 5 18.2648
333 5 28.6944
354 5 10.5764
375 5 28.6944
378 5 22.3214
449 5 66.8896
460 5 18.2648
461 5 18.2648
539 5 10.5764
546 5 10.5764
547 5 10.5764
548 5 10.5764
562 5 10.5764
5 6 22.3214
6 6 22.3214
14 6 22.3214
274 6 28.6944
278 6 22.3214
308 6 40.1606
314 6 22.3214
317 6 22.3214
318 6 22.3214
354 6 10.5764
367 6 7.44324
449 6 66.8896
458 6 18.2648
459 6 18.2648
540 6 10.5764
14 7 22.3214
274 7 28.6944
285 7 15.456
304 7 66.8896
308 7 66.8896
309 7 66.8896
314 7 22.3214
317 7 22.3214
354 7 10.5764
376 7 22.3214
457 7 22.3214
458 7 18.2648
459 7 18.2648
559 7 10.5764
9 8 28.6944
10 8 28.6944
13 8 22.3214
14 8 22.3214
274 8 28.6944
275 8 28.6944
279 8 22.3214
281 8 18.2648
284 8 15.456
309 8 66.8896
314 8 22.3214
318 8 22.3214
341 8 7.44324
343 8 7.44324
376 8 22.3214
448 8 66.8896
455 8 18.2648
456 8 18.2648
556 8 10.5764
557 8 10.5764
558 8 10.5764
6 9 22.3214
13 9 22.3214
275 9 28.6944
280 9 18.2648
281 9 18.2648
283 9 18.2648
309 9 66.8896
314 9 22.3214
317 9 22.3214
334 9 28.6944
343 9 7.44324
371 9 28.6944
375 9 22.3214
454 9 18.2648
455 9 18.2648
594 9 8.73744
611 9 8.73744
6 10 22.3214
13 10 22.3214
275 10 28.6944
276 10 28.6944
280 10 18.2648
314 10 22.3214
317 10 22.3214
334 10 28.6944
337 10 8.73744
343 10 7.44324
352 10 11.8203
375 10 22.3214
386 10 11.8203
447 10 66.8896
452 10 18.2648
453 10 18.2648
8 11 22.3214
12 11 22.3214
13 11 22.3214
276 11 28.6944
280 11 18.2648
281 11 18.2648
308 11 40.1606
314 11 6.09013
317 11 22.3214
334 11 28.6944
337 11 8.73744
352 11 11.8203
370 11 28.6944
374 11 22.3214
451 11 18.2648
452 11 18.2648
563 11 11.8203
623 11 11.8203
8 12 22.3214
12 12 22.3214
276 12 28.6944
280 12 22.3214
281 12 22.3214
305 12 200
308 12 6.93001
317 12 22.3214
334 12 28.6944
337 12 8.73744
352 12 11.8203
370 12 28.6944
373 12 22.3214
449 12 22.3214
450 12 18.2648
4 13 22.3214
8 13 22.3214
11 13 22.3214
276 13 28.6944
277 13 28.6944
280 13 22.3214
281 13 22.3214
310 13 40.1606
315 13 22.3214
316 13 22.3214
317 13 22.3214
337 13 8.73744
341 13 8.03858
344 13 15.456
352 13 11.8203
372 13 22.3214
448 13 18.2648
449 13 18.2648
4 14 22.3214
10 14 22.3214
11 14 22.3214
277 14 28.6944
280 14 22.3214
281 14 22.3214
309 14 40.1606
310 14 40.1606
316 14 22.3214
337 14 15.456
344 14 15.456
345 14 15.456
372 14 22.3214
377 14 15.456
378 14 15.456
447 14 18.2648
448 14 18.2648
10 15 22.3214
11 15 22.3214
277 15 28.6944
280 15 22.3214
281 15 22.3214
310 15 40.1606
316 15 22.3214
345 15 15.456
352 15 11.8203
358 15 18.2648
371 15 22.3214
377 15 15.456
441 15 28.6944
445 15 22.3214
446 15 18.2648
447 15 18.2648
5 16 22.3214
8 16 22.3214
10 16 22.3214
11 16 22.3214
277 16 28.6944
280 16 18.2648
281 16 18.2648
310 16 40.1606
315 16 22.3214
316 16 22.3214
333 16 40.1606
337 16 28.6944
352 16 28.6944
371 16 22.3214
374 16 22.3214
444 16 22.3214
445 16 18.2648
5 17 22.3214
8 17 22.3214
11 17 22.3214
277 17 28.6944
280 17 18.2648
281 17 18.2648
310 17 40.1606
315 17 22.3214
316 17 22.3214
333 17 40.1606
341 17 8.03858
352 17 28.6944
367 17 28.6944
370 17 22.3214
371 17 22.3214
443 17 22.3214
444 17 18.2648
627 17 11.8203
10 18 22.3214
11 18 22.3214
277 18 28.6944
280 18 18.2648
281 18 18.2648
282 18 18.2648
310 18 40.1606
316 18 22.3214
333 18 40.1606
349 18 13.3958
352 18 28.6944
366 18 28.6944
369 18 22.3214
370 18 22.3214
377 18 13.3958
442 18 22.3214
443 18 22.3214
628 18 11.8203
9 19 22.3214
10 19 22.3214
277 19 28.6944
281 19 18.2648
282 19 18.2648
310 19 40.1606
316 19 22.3214
333 19 40.1606
349 19 13.3958
366 19 28.6944
369 19 22.3214
440 19 22.3214
441 19 22.3214
442 19 22.3214
3 20 22.3214
6 20 22.3214
10 20 22.3214
277 20 28.6944
281 20 18.2648
282 20 18.2648
310 20 40.1606
316 20 22.3214
333 20 40.1606
337 20 28.6944
343 20 18.2648
365 20 28.6944
368 20 22.3214
439 20 22.3214
440 20 22.3214
441 20 22.3214
568 20 9.56938
11 21 22.3214
277 21 28.6944
278 21 28.6944
281 21 18.2648
310 21 40.1606
311 21 40.1606
316 21 22.3214
317 21 22.3214
333 21 40.1606
343 21 18.2648
352 21 22.3214
364 21 28.6944
433 21 40.1606
439 21 18.2648
568 21 9.56938
4 22 22.3214
11 22 22.3214
277 22 28.6944
278 22 28.6944
281 22 18.2648
283 22 18.2648
311 22 40.1606
316 22 22.3214
317 22 22.3214
333 22 40.1606
342 22 18.2648
343 22 18.2648
351 22 22.3214
367 22 22.3214
438 22 18.2648
439 22 18.2648
569 22 9.56938
4 23 22.3214
5 23 22.3214
8 23 22.3214
11 23 22.3214
277 23 28.6944
278 23 28.6944
283 23 22.3214
311 23 40.1606
316 23 22.3214
317 23 22.3214
323 23 15.456
333 23 40.1606
337 23 28.6944
342 23 18.2648
350 23 22.3214
366 23 22.3214
367 23 22.3214
430 23 40.1606
436 23 22.3214
437 23 18.2648
438 23 18.2648
7 24 22.3214
10 24 22.3214
11 24 22.3214
277 24 28.6944
278 24 28.6944
282 24 18.2648
283 24 18.2648
311 24 40.1606
316 24 22.3214
317 24 22.3214
333 24 40.1606
342 24 18.2648
365 24 22.3214
366 24 22.3214
378 24 10.5764
435 24 22.3214
436 24 18.2648
591 24 11.8203
7 25 22.3214
10 25 22.3214
11 25 22.3214
278 25 28.6944
282 25 18.2648
283 25 18.2648
311 25 40.1606
317 25 22.3214
333 25 40.1606
342 25 18.2648
362 25 28.6944
365 25 22.3214
404 25 28.6944
429 25 40.1606
434 25 22.3214
435 25 22.3214
7 26 22.3214
278 26 28.6944
279 26 28.6944
282 26 22.3214
284 26 18.2648
311 26 40.1606
317 26 22.3214
318 26 22.3214
333 26 40.1606
341 26 18.2648
342 26 18.2648
347 26 22.3214
361 26 28.6944
364 26 22.3214
365 26 22.3214
403 26 28.6944
433 26 22.3214
434 26 22.3214
536 26 10.5764
596 26 10.5764
6 27 22.3214
7 27 22.3214
10 27 22.3214
278 27 28.6944
279 27 28.6944
284 27 18.2648
312 27 40.1606
317 27 22.3214
318 27 22.3214
328 27 66.8896
331 27 40.1606
333 27 40.1606
341 27 18.2648
349 27 22.3214
360 27 28.6944
363 27 22.3214
364 27 22.3214
426 27 28.6944
431 27 22.3214
432 27 22.3214
600 27 9.56938
635 27 11.8203
6 28 22.3214
10 28 22.3214
13 28 18.2648
279 28 28.6944
283 28 18.2648
285 28 18.2648
312 28 40.1606
318 28 22.3214
331 28 40.1606
341 28 18.2648
343 28 18.2648
349 28 22.3214
358 28 40.1606
362 28 22.3214
363 28 22.3214
430 28 22.3214
431 28 22.3214
9 29 22.3214
10 29 22.3214
17 29 22.3214
18 29 22.3214
279 29 28.6944
280 29 28.6944
285 29 22.3214
312 29 40.1606
318 29 22.3214
329 29 28.6944
333 29 11.8203
337 29 22.3214
341 29 18.2648
343 29 18.2648
348 29 22.3214
362 29 22.3214
389 29 22.3214
429 29 22.3214
430 29 22.3214
529 29 10.5764
8 30 22.3214
9 30 22.3214
17 30 22.3214
18 30 22.3214
280 30 28.6944
284 30 22.3214
285 30 22.3214
312 30 40.1606
313 30 40.1606
318 30 22.3214
332 30 11.8203
337 30 22.3214
341 30 40.1606
361 30 22.3214
362 30 22.3214
402 30 28.6944
428 30 22.3214
429 30 22.3214
8 31 22.3214
9 31 22.3214
17 31 22.3214
280 31 28.6944
281 31 28.6944
284 31 22.3214
285 31 22.3214
312 31 40.1606
318 31 22.3214
332 31 40.1606
341 31 40.1606
342 31 40.1606
361 31 22.3214
365 31 18.2648
401 31 28.6944
422 31 40.1606
427 31 22.3214
428 31 22.3214
495 31 22.3214
8 32 22.3214
9 32 22.3214
19 32 22.3214
281 32 28.6944
285 32 22.3214
286 32 22.3214
313 32 40.1606
318 32 22.3214
319 32 22.3214
332 32 28.6944
336 32 22.3214
342 32 40.1606
346 32 13.3958
349 32 200
360 32 22.3214
361 32 22.3214
426 32 22.3214
427 32 22.3214
9 33 22.3214
10 33 22.3214
19 33 22.3214
281 33 28.6944
287 33 22.3214
313 33 40.1606
318 33 22.3214
319 33 22.3214
336 33 22.3214
342 33 40.1606
346 33 13.3958
356 33 28.6944
359 33 22.3214
360 33 22.3214
381 33 40.1606
425 33 22.3214
426 33 22.3214
10 34 22.3214
18 34 22.3214
19 34 22.3214
117 34 40.1606
282 34 28.6944
286 34 22.3214
313 34 40.1606
319 34 22.3214
333 34 28.6944
336 34 22.3214
343 34 40.1606
358 34 22.3214
359 34 22.3214
420 34 28.6944
424 34 22.3214
425 34 18.2648
10 35 22.3214
16 35 22.3214
18 35 22.3214
19 35 22.3214
282 35 28.6944
286 35 22.3214
313 35 40.1606
319 35 22.3214
333 35 28.6944
336 35 22.3214
341 35 40.1606
343 35 40.1606
346 35 22.3214
355 35 28.6944
358 35 22.3214
423 35 22.3214
424 35 18.2648
484 35 22.3214
485 35 22.3214
10 36 22.3214
18 36 22.3214
19 36 22.3214
118 36 40.1606
283 36 28.6944
287 36 22.3214
288 36 22.3214
313 36 40.1606
319 36 22.3214
320 36 22.3214
333 36 28.6944
336 36 22.3214
341 36 40.1606
343 36 22.3214
357 36 22.3214
358 36 22.3214
422 36 22.3214
423 36 18.2648
481 36 22.3214
482 36 22.3214
4 37 22.3214
5 37 22.3214
7 37 22.3214
10 37 22.3214
11 37 22.3214
18 37 22.3214
19 37 22.3214
283 37 28.6944
287 37 22.3214
288 37 18.2648
289 37 18.2648
313 37 40.1606
314 37 40.1606
319 37 22.3214
320 37 22.3214
331 37 40.1606
333 37 40.1606
336 37 22.3214
341 37 40.1606
345 37 22.3214
354 37 28.6944
357 37 22.3214
421 37 22.3214
422 37 22.3214
480 37 22.3214
481 37 22.3214
4 38 22.3214
5 38 22.3214
10 38 22.3214
11 38 22.3214
18 38 22.3214
19 38 22.3214
105 38 28.6944
124 38 28.6944
284 38 28.6944
289 38 18.2648
314 38 40.1606
320 38 22.3214
331 38 40.1606
344 38 22.3214
357 38 22.3214
415 38 28.6944
419 38 22.3214
420 38 22.3214
421 38 22.3214
476 38 22.3214
480 38 22.3214
633 38 11.8203
634 38 11.8203
4 39 22.3214
10 39 22.3214
11 39 22.3214
15 39 22.3214
17 39 22.3214
18 39 22.3214
108 39 28.6944
284 39 28.6944
288 39 18.2648
290 39 18.2648
314 39 40.1606
320 39 22.3214
331 39 40.1606
333 39 40.1606
343 39 22.3214
344 39 22.3214
356 39 22.3214
415 39 28.6944
418 39 22.3214
419 39 22.3214
474 39 28.6944
475 39 22.3214
479 39 22.3214
480 39 22.3214
526 39 11.8203
7 40 22.3214
17 40 22.3214
18 40 22.3214
284 40 28.6944
285 40 28.6944
289 40 22.3214
314 40 40.1606
320 40 22.3214
331 40 40.1606
333 40 40.1606
356 40 22.3214
380 40 5.74218
418 40 22.3214
472 40 28.6944
473 40 28.6944
7 41 22.3214
11 41 22.3214
14 41 22.3214
17 41 22.3214
18 41 22.3214
285 41 28.6944
289 41 22.3214
290 41 22.3214
314 41 40.1606
315 41 40.1606
320 41 22.3214
331 41 200
355 41 22.3214
356 41 22.3214
417 41 22.3214
472 41 28.6944
561 41 11.8203
591 41 9.56938
7 42 22.3214
9 42 22.3214
11 42 22.3214
16 42 22.3214
17 42 22.3214
105 42 28.6944
125 42 28.6944
285 42 28.6944
290 42 22.3214
314 42 40.1606
315 42 40.1606
320 42 22.3214
321 42 22.3214
340 42 18.2648
351 42 28.6944
354 42 22.3214
355 42 22.3214
377 42 40.1606
415 42 22.3214
416 42 22.3214
468 42 22.3214
9 43 22.3214
16 43 22.3214
105 43 40.1606
125 43 28.6944
285 43 28.6944
286 43 28.6944
292 43 18.2648
315 43 40.1606
321 43 22.3214
333 43 66.8896
335 43 66.8896
340 43 18.2648
354 43 22.3214
415 43 22.3214
467 43 22.3214
9 44 22.3214
15 44 22.3214
105 44 40.1606
125 44 28.6944
126 44 28.6944
286 44 28.6944
291 44 22.3214
292 44 22.3214
315 44 40.1606
321 44 22.3214
340 44 18.2648
342 44 28.6944
350 44 28.6944
353 44 22.3214
354 44 22.3214
376 44 40.1606
379 44 28.6944
409 44 40.1606
414 44 22.3214
464 44 28.6944
465 44 28.6944
577 44 11.8203
578 44 11.8203
9 45 22.3214
10 45 22.3214
16 45 22.3214
17 45 22.3214
51 45 28.6944
105 45 40.1606
126 45 28.6944
228 45 18.2648
271 45 28.6944
287 45 28.6944
291 45 22.3214
293 45 22.3214
315 45 40.1606
321 45 22.3214
333 45 28.6944
342 45 28.6944
353 45 22.3214
379 45 28.6944
412 45 22.3214
460 45 28.6944
463 45 28.6944
464 45 28.6944
9 46 22.3214
10 46 22.3214
16 46 22.3214
17 46 22.3214
51 46 28.6944
52 46 28.6944
126 46 28.6944
228 46 22.3214
229 46 18.2648
271 46 28.6944
287 46 28.6944
291 46 22.3214
292 46 22.3214
293 46 22.3214
315 46 40.1606
321 46 22.3214
322 46 22.3214
333 46 28.6944
343 46 66.8896
349 46 28.6944
352 46 22.3214
353 46 22.3214
379 46 28.6944
412 46 22.3214
459 46 28.6944
462 46 28.6944
463 46 28.6944
600 46 13.3958
9 47 22.3214
15 47 22.3214
16 47 22.3214
51 47 28.6944
52 47 28.6944
106 47 40.1606
126 47 28.6944
127 47 28.6944
226 47 18.2648
229 47 18.2648
288 47 28.6944
292 47 22.3214
315 47 40.1606
321 47 22.3214
322 47 22.3214
324 47 22.3214
333 47 28.6944
340 47 66.8896
342 47 66.8896
351 47 22.3214
352 47 22.3214
379 47 28.6944
410 47 22.3214
461 47 28.6944
462 47 28.6944
635 47 10.5764
10 48 22.3214
13 48 22.3214
16 48 22.3214
51 48 28.6944
52 48 28.6944
106 48 40.1606
126 48 40.1606
229 48 22.3214
279 48 28.6944
288 48 28.6944
292 48 22.3214
316 48 40.1606
322 48 22.3214
333 48 28.6944
338 48 18.2648
342 48 66.8896
345 48 18.2648
348 48 28.6944
351 48 22.3214
352 48 22.3214
409 48 22.3214
456 48 28.6944
460 48 28.6944
461 48 28.6944
598 48 13.3958
631 48 11.8203
635 48 10.5764
10 49 22.3214
16 49 22.3214
51 49 28.6944
52 49 28.6944
106 49 40.1606
113 49 28.6944
126 49 40.1606
127 49 40.1606
264 49 22.3214
276 49 40.1606
286 49 28.6944
293 49 22.3214
316 49 40.1606
322 49 22.3214
325 49 200
333 49 28.6944
341 49 66.8896
345 49 18.2648
351 49 22.3214
409 49 22.3214
459 49 28.6944
460 49 22.3214
631 49 11.8203
635 49 10.5764
10 50 22.3214
11 50 22.3214
18 50 22.3214
51 50 40.1606
106 50 40.1606
124 50 40.1606
131 50 40.1606
293 50 22.3214
316 50 40.1606
322 50 200
323 50 22.3214
333 50 28.6944
350 50 22.3214
351 50 22.3214
410 50 22.3214
457 50 28.6944
458 50 28.6944
631 50 11.8203
635 50 10.5764
10 51 22.3214
11 51 22.3214
18 51 22.3214
51 51 40.1606
52 51 40.1606
126 51 40.1606
228 51 22.3214
238 51 22.3214
273 51 22.3214
290 51 28.6944
294 51 22.3214
300 51 15.456
316 51 40.1606
323 51 200
333 51 28.6944
339 51 66.8896
340 51 66.8896
349 51 22.3214
350 51 22.3214
379 51 28.6944
401 51 40.1606
407 51 18.2648
409 51 22.3214
456 51 28.6944
603 51 13.3958
631 51 11.8203
635 51 10.5764
3 52 22.3214
5 52 22.3214
10 52 22.3214
11 52 22.3214
12 52 22.3214
18 52 22.3214
19 52 22.3214
51 52 40.1606
52 52 40.1606
114 52 28.6944
131 52 28.6944
228 52 22.3214
290 52 28.6944
294 52 22.3214
300 52 15.456
323 52 200
333 52 28.6944
339 52 66.8896
349 52 22.3214
350 52 22.3214
376 52 40.1606
379 52 28.6944
406 52 22.3214
407 52 18.2648
413 52 13.3958
424 52 40.1606
455 52 28.6944
610 52 11.8203
631 52 11.8203
635 52 10.5764
14 53 22.3214
16 53 22.3214
17 53 22.3214
18 53 22.3214
52 53 40.1606
114 53 28.6944
115 53 28.6944
233 53 18.2648
290 53 28.6944
291 53 28.6944
296 53 15.456
305 53 22.3214
323 53 200
324 53 200
333 53 28.6944
340 53 66.8896
348 53 22.3214
349 53 22.3214
379 53 28.6944
403 53 22.3214
404 53 22.3214
405 53 22.3214
409 53 22.3214
425 53 40.1606
449 53 40.1606
455 53 22.3214
631 53 11.8203
635 53 10.5764
16 54 22.3214
17 54 22.3214
52 54 40.1606
108 54 40.1606
115 54 28.6944
129 54 28.6944
130 54 28.6944
202 54 22.3214
230 54 22.3214
248 54 22.3214
291 54 28.6944
296 54 15.456
302 54 15.456
323 54 22.3214
324 54 22.3214
332 54 28.6944
340 54 66.8896
348 54 22.3214
349 54 22.3214
376 54 40.1606
402 54 22.3214
403 54 22.3214
452 54 22.3214
453 54 22.3214
454 54 22.3214
631 54 11.8203
635 54 10.5764
14 55 22.3214
18 55 22.3214
99 55 28.6944
120 55 28.6944
121 55 28.6944
129 55 28.6944
130 55 28.6944
230 55 22.3214
248 55 22.3214
260 55 22.3214
291 55 28.6944
292 55 28.6944
297 55 15.456
318 55 8.73744
325 55 22.3214
340 55 66.8896
347 55 22.3214
348 55 22.3214
389 55 200
395 55 40.1606
401 55 22.3214
402 55 22.3214
451 55 22.3214
452 55 22.3214
635 55 10.5764
10 56 66.8896
13 56 22.3214
14 56 22.3214
17 56 22.3214
18 56 22.3214
51 56 40.1606
99 56 28.6944
120 56 28.6944
121 56 28.6944
129 56 28.6944
221 56 18.2648
230 56 22.3214
248 56 22.3214
291 56 28.6944
292 56 28.6944
296 56 22.3214
302 56 18.2648
303 56 15.456
324 56 22.3214
331 56 15.456
339 56 66.8896
340 56 22.3214
342 56 66.8896
347 56 22.3214
395 56 40.1606
400 56 22.3214
401 56 22.3214
449 56 28.6944
450 56 22.3214
635 56 10.5764
13 57 22.3214
17 57 22.3214
18 57 22.3214
51 57 40.1606
99 57 28.6944
112 57 200
128 57 40.1606
129 57 40.1606
130 57 40.1606
236 57 200
243 57 40.1606
293 57 28.6944
297 57 22.3214
300 57 18.2648
319 57 8.73744
331 57 15.456
339 57 22.3214
347 57 22.3214
376 57 40.1606
387 57 200
394 57 40.1606
400 57 22.3214
421 57 7.44324
444 57 40.1606
448 57 28.6944
449 57 28.6944
635 57 10.5764
18 58 22.3214
51 58 40.1606
99 58 28.6944
119 58 28.6944
128 58 40.1606
243 58 40.1606
262 58 40.1606
293 58 28.6944
297 58 22.3214
300 58 18.2648
313 58 18.2648
319 58 8.73744
325 58 22.3214
331 58 15.456
339 58 22.3214
346 58 22.3214
347 58 22.3214
394 58 40.1606
399 58 22.3214
400 58 22.3214
443 58 40.1606
447 58 28.6944
13 59 22.3214
19 59 22.3214
20 59 22.3214
51 59 40.1606
99 59 28.6944
118 59 28.6944
119 59 28.6944
124 59 66.8896
128 59 40.1606
129 59 40.1606
224 59 22.3214
225 59 22.3214
234 59 28.6944
255 59 18.2648
293 59 28.6944
298 59 22.3214
300 59 18.2648
301 59 18.2648
325 59 22.3214
332 59 40.1606
339 59 22.3214
346 59 22.3214
386 59 200
397 59 22.3214
399 59 22.3214
420 59 7.44324
13 60 22.3214
19 60 22.3214
20 60 22.3214
51 60 40.1606
105 60 40.1606
111 60 28.6944
118 60 28.6944
119 60 28.6944
129 60 40.1606
224 60 22.3214
294 60 28.6944
298 60 22.3214
300 60 18.2648
310 60 11.8203
315 60 18.2648
319 60 40.1606
326 60 22.3214
332 60 40.1606
339 60 22.3214
345 60 22.3214
386 60 200
390 60 40.1606
396 60 22.3214
420 60 7.44324
445 60 28.6944
585 60 9.56938
19 61 22.3214
51 61 40.1606
100 61 28.6944
111 61 28.6944
126 61 66.8896
129 61 40.1606
216 61 18.2648
223 61 22.3214
224 61 22.3214
232 61 28.6944
294 61 28.6944
298 61 22.3214
310 61 13.3958
314 61 18.2648
319 61 40.1606
326 61 22.3214
332 61 40.1606
339 61 22.3214
344 61 22.3214
395 61 22.3214
396 61 22.3214
444 61 28.6944
446 61 28.6944
11 62 22.3214
13 62 22.3214
16 62 22.3214
19 62 22.3214
20 62 22.3214
51 62 40.1606
100 62 40.1606
127 62 40.1606
130 62 28.6944
216 62 18.2648
223 62 22.3214
247 62 40.1606
251 62 22.3214
294 62 28.6944
295 62 28.6944
313 62 18.2648
314 62 18.2648
320 62 40.1606
326 62 22.3214
331 62 40.1606
332 62 40.1606
338 62 22.3214
344 62 22.3214
348 62 15.456
353 62 11.8203
380 62 28.6944
385 62 200
389 62 40.1606
395 62 18.2648
419 62 7.44324
443 62 28.6944
11 63 22.3214
13 63 22.3214
14 63 22.3214
16 63 22.3214
19 63 22.3214
20 63 22.3214
51 63 40.1606
118 63 28.6944
130 63 28.6944
216 63 18.2648
222 63 22.3214
230 63 28.6944
260 63 15.456
295 63 28.6944
308 63 13.3958
312 63 18.2648
313 63 18.2648
317 63 66.8896
320 63 40.1606
326 63 22.3214
327 63 22.3214
340 63 22.3214
343 63 22.3214
344 63 22.3214
353 63 11.8203
394 63 18.2648
395 63 18.2648
402 63 18.2648
442 63 28.6944
443 63 28.6944
19 64 22.3214
51 64 40.1606
118 64 28.6944
129 64 28.6944
130 64 28.6944
215 64 18.2648
216 64 18.2648
230 64 28.6944
254 64 28.6944
260 64 15.456
261 64 15.456
289 64 66.8896
295 64 28.6944
296 64 28.6944
302 64 22.3214
311 64 18.2648
312 64 18.2648
320 64 40.1606
327 64 22.3214
330 64 40.1606
343 64 22.3214
344 64 22.3214
353 64 11.8203
394 64 18.2648
10 65 22.3214
19 65 22.3214
20 65 22.3214
51 65 40.1606
100 65 40.1606
118 65 28.6944
119 65 28.6944
130 65 28.6944
216 65 18.2648
229 65 28.6944
252 65 28.6944
261 65 15.456
285 65 22.3214
290 65 66.8896
296 65 28.6944
300 65 22.3214
311 65 18.2648
320 65 40.1606
327 65 22.3214
330 65 18.2648
342 65 22.3214
344 65 22.3214
379 65 200
391 65 22.3214
394 65 18.2648
399 65 22.3214
441 65 28.6944
10 66 22.3214
19 66 22.3214
20 66 22.3214
51 66 40.1606
100 66 40.1606
120 66 28.6944
130 66 28.6944
296 66 28.6944
300 66 22.3214
306 66 15.456
314 66 200
327 66 22.3214
341 66 22.3214
353 66 11.8203
390 66 22.3214
394 66 28.6944
417 66 18.2648
438 66 28.6944
440 66 22.3214
9 67 22.3214
12 67 22.3214
16 67 22.3214
19 67 22.3214
51 67 40.1606
100 67 40.1606
116 67 40.1606
130 67 28.6944
256 67 22.3214
262 67 15.456
297 67 28.6944
301 67 22.3214
307 67 15.456
310 67 18.2648
321 67 40.1606
327 67 22.3214
331 67 66.8896
340 67 22.3214
341 67 22.3214
345 67 15.456
346 67 15.456
383 67 40.1606
388 67 22.3214
389 67 22.3214
394 67 28.6944
437 67 28.6944
9 68 22.3214
19 68 22.3214
51 68 40.1606
100 68 40.1606
104 68 28.6944
130 68 28.6944
204 68 22.3214
213 68 18.2648
263 68 15.456
280 68 28.6944
297 68 28.6944
301 68 22.3214
307 68 15.456
321 68 40.1606
327 68 200
328 68 200
331 68 66.8896
340 68 22.3214
345 68 15.456
379 68 66.8896
388 68 22.3214
410 68 28.6944
9 69 22.3214
15 69 22.3214
18 69 22.3214
19 69 22.3214
22 69 22.3214
51 69 40.1606
99 69 40.1606
105 69 28.6944
130 69 28.6944
257 69 22.3214
264 69 15.456
276 69 11.8203
298 69 28.6944
301 69 40.1606
318 69 66.8896
321 69 40.1606
327 69 200
328 69 200
331 69 66.8896
339 69 22.3214
340 69 22.3214
345 69 15.456
354 69 10.5764
382 69 40.1606
388 69 22.3214
437 69 28.6944
597 69 10.5764
14 70 22.3214
15 70 22.3214
18 70 22.3214
19 70 22.3214
23 70 22.3214
51 70 40.1606
99 70 40.1606
118 70 28.6944
130 70 40.1606
255 70 28.6944
257 70 28.6944
258 70 22.3214
262 70 18.2648
277 70 11.8203
298 70 28.6944
302 70 40.1606
308 70 22.3214
321 70 40.1606
327 70 200
328 70 200
331 70 66.8896
339 70 22.3214
340 70 22.3214
345 70 15.456
385 70 28.6944
387 70 28.6944
593 70 11.8203
594 70 11.8203
596 70 10.5764
8 71 22.3214
23 71 22.3214
51 71 40.1606
99 71 40.1606
118 71 28.6944
119 71 28.6944
129 71 40.1606
130 71 40.1606
246 71 200
255 71 28.6944
298 71 28.6944
302 71 40.1606
303 71 40.1606
307 71 22.3214
308 71 22.3214
315 71 200
328 71 200
339 71 22.3214
345 71 15.456
377 71 40.1606
378 71 40.1606
384 71 22.3214
385 71 22.3214
387 71 28.6944
8 72 22.3214
9 72 22.3214
10 72 22.3214
23 72 22.3214
50 72 40.1606
129 72 40.1606
247 72 200
258 72 40.1606
263 72 28.6944
266 72 28.6944
299 72 66.8896
307 72 22.3214
308 72 22.3214
312 72 66.8896
328 72 200
339 72 22.3214
340 72 22.3214
345 72 15.456
353 72 28.6944
377 72 40.1606
384 72 22.3214
414 72 10.5764
431 72 22.3214
440 72 13.3958
6 73 22.3214
9 73 22.3214
16 73 22.3214
17 73 22.3214
19 73 22.3214
23 73 22.3214
24 73 22.3214
51 73 40.1606
122 73 200
129 73 40.1606
264 73 28.6944
284 73 18.2648
299 73 66.8896
304 73 40.1606
312 73 66.8896
328 73 200
339 73 18.2648
340 73 18.2648
377 73 40.1606
383 73 22.3214
414 73 10.5764
430 73 22.3214
431 73 22.3214
436 73 66.8896
6 74 22.3214
16 74 22.3214
23 74 22.3214
24 74 22.3214
50 74 28.6944
51 74 28.6944
128 74 40.1606
129 74 40.1606
259 74 66.8896
264 74 28.6944
271 74 18.2648
278 74 28.6944
328 74 200
340 74 18.2648
345 74 15.456
374 74 22.3214
380 74 22.3214
383 74 22.3214
423 74 40.1606
429 74 22.3214
430 74 22.3214
436 74 66.8896
7 75 22.3214
8 75 22.3214
22 75 22.3214
50 75 28.6944
100 75 40.1606
128 75 40.1606
129 75 40.1606
267 75 22.3214
271 75 18.2648
278 75 28.6944
300 75 40.1606
307 75 22.3214
328 75 200
340 75 18.2648
345 75 15.456
373 75 22.3214
379 75 22.3214
380 75 22.3214
383 75 15.456
393 75 15.456
401 75 22.3214
422 75 40.1606
428 75 22.3214
429 75 22.3214
436 75 66.8896
438 75 66.8896
597 75 66.8896
3 76 28.6944
11 76 22.3214
22 76 22.3214
50 76 28.6944
100 76 40.1606
128 76 40.1606
280 76 28.6944
306 76 22.3214
307 76 22.3214
340 76 18.2648
345 76 15.456
372 76 22.3214
374 76 22.3214
379 76 22.3214
380 76 22.3214
383 76 15.456
393 76 15.456
401 76 22.3214
421 76 40.1606
428 76 22.3214
436 76 66.8896
597 76 66.8896
3 77 28.6944
19 77 22.3214
22 77 22.3214
101 77 40.1606
106 77 28.6944
117 77 28.6944
272 77 28.6944
300 77 40.1606
306 77 22.3214
307 77 22.3214
323 77 22.3214
339 77 18.2648
340 77 18.2648
382 77 15.456
383 77 15.456
393 77 15.456
420 77 40.1606
436 77 66.8896
8 78 22.3214
16 78 22.3214
19 78 22.3214
22 78 22.3214
50 78 40.1606
117 78 28.6944
118 78 28.6944
262 78 22.3214
268 78 40.1606
281 78 15.456
300 78 40.1606
307 78 22.3214
339 78 22.3214
340 78 22.3214
376 78 22.3214
383 78 15.456
392 78 15.456
393 78 15.456
409 78 28.6944
436 78 66.8896
19 79 22.3214
22 79 22.3214
50 79 40.1606
118 79 28.6944
130 79 40.1606
246 79 28.6944
274 79 66.8896
300 79 40.1606
340 79 22.3214
375 79 22.3214
376 79 22.3214
389 79 18.2648
392 79 15.456
396 79 22.3214
408 79 11.8203
425 79 18.2648
602 79 66.8896
7 80 22.3214
12 80 22.3214
21 80 22.3214
22 80 22.3214
50 80 40.1606
101 80 40.1606
107 80 28.6944
127 80 28.6944
128 80 40.1606
274 80 66.8896
300 80 18.2648
309 80 22.3214
311 80 22.3214
315 80 15.456
321 80 11.8203
340 80 22.3214
344 80 15.456
349 80 22.3214
374 80 22.3214
382 80 28.6944
389 80 18.2648
392 80 15.456
406 80 28.6944
420 80 22.3214
421 80 22.3214
424 80 18.2648
425 80 18.2648
437 80 66.8896
438 80 66.8896
590 80 66.8896
602 80 66.8896
607 80 66.8896
3 81 200
11 81 22.3214
12 81 22.3214
21 81 22.3214
22 81 22.3214
28 81 200
50 81 40.1606
107 81 28.6944
108 81 28.6944
127 81 28.6944
128 81 28.6944
129 81 28.6944
295 81 200
300 81 18.2648
309 81 22.3214
373 81 22.3214
381 81 28.6944
382 81 28.6944
389 81 18.2648
392 81 28.6944
420 81 22.3214
424 81 18.2648
437 81 66.8896
602 81 66.8896
607 81 66.8896
11 82 22.3214
13 82 22.3214
20 82 22.3214
22 82 22.3214
50 82 40.1606
102 82 40.1606
107 82 28.6944
119 82 28.6944
127 82 28.6944
128 82 28.6944
300 82 18.2648
309 82 22.3214
316 82 15.456
372 82 22.3214
375 82 66.8896
381 82 28.6944
413 82 40.1606
419 82 22.3214
424 82 18.2648
437 82 66.8896
578 82 10.5764
607 82 66.8896
625 82 28.6944
11 83 22.3214
20 83 22.3214
21 83 22.3214
50 83 40.1606
108 83 28.6944
127 83 28.6944
285 83 28.6944
296 83 200
309 83 22.3214
310 83 22.3214
316 83 15.456
340 83 18.2648
371 83 22.3214
372 83 22.3214
375 83 66.8896
381 83 28.6944
395 83 22.3214
410 83 66.8896
417 83 22.3214
418 83 22.3214
422 83 22.3214
423 83 28.6944
438 83 66.8896
578 83 10.5764
579 83 10.5764
600 83 66.8896
607 83 66.8896
17 84 22.3214
20 84 22.3214
50 84 40.1606
109 84 28.6944
116 84 28.6944
126 84 28.6944
127 84 28.6944
284 84 28.6944
290 84 18.2648
291 84 18.2648
296 84 200
301 84 66.8896
310 84 22.3214
321 84 13.3958
341 84 18.2648
342 84 18.2648
369 84 22.3214
370 84 22.3214
371 84 22.3214
374 84 66.8896
381 84 28.6944
409 84 66.8896
416 84 22.3214
417 84 22.3214
600 84 66.8896
607 84 66.8896
11 85 66.8896
14 85 22.3214
16 85 22.3214
17 85 22.3214
50 85 40.1606
101 85 40.1606
106 85 66.8896
117 85 28.6944
125 85 40.1606
126 85 40.1606
284 85 28.6944
290 85 18.2648
291 85 18.2648
301 85 66.8896
306 85 40.1606
311 85 22.3214
317 85 15.456
321 85 13.3958
341 85 18.2648
368 85 22.3214
369 85 22.3214
371 85 22.3214
390 85 28.6944
396 85 18.2648
416 85 22.3214
439 85 66.8896
577 85 10.5764
606 85 66.8896
607 85 66.8896
15 86 22.3214
16 86 22.3214
50 86 40.1606
125 86 40.1606
126 86 40.1606
288 86 18.2648
291 86 18.2648
297 86 200
301 86 66.8896
305 86 40.1606
311 86 22.3214
312 86 22.3214
321 86 13.3958
340 86 18.2648
341 86 18.2648
367 86 22.3214
368 86 22.3214
380 86 200
389 86 28.6944
396 86 18.2648
409 86 40.1606
415 86 22.3214
419 86 18.2648
439 86 66.8896
597 86 66.8896
607 86 66.8896
15 87 22.3214
27 87 66.8896
39 87 66.8896
40 87 66.8896
50 87 40.1606
124 87 40.1606
291 87 28.6944
301 87 66.8896
302 87 66.8896
305 87 40.1606
306 87 40.1606
312 87 22.3214
322 87 22.3214
340 87 18.2648
341 87 18.2648
366 87 22.3214
367 87 22.3214
371 87 200
380 87 200
388 87 28.6944
408 87 40.1606
414 87 66.8896
419 87 18.2648
439 87 66.8896
597 87 66.8896
15 88 22.3214
18 88 22.3214
124 88 40.1606
243 88 22.3214
291 88 28.6944
297 88 200
301 88 66.8896
302 88 66.8896
306 88 40.1606
313 88 22.3214
322 88 22.3214
340 88 18.2648
341 88 18.2648
359 88 40.1606
365 88 22.3214
366 88 22.3214
371 88 200
381 88 28.6944
388 88 28.6944
413 88 28.6944
418 88 18.2648
439 88 66.8896
585 88 66.8896
14 89 22.3214
17 89 22.3214
18 89 22.3214
31 89 66.8896
32 89 66.8896
37 89 66.8896
44 89 200
53 89 66.8896
121 89 66.8896
125 89 28.6944
126 89 28.6944
127 89 28.6944
242 89 22.3214
292 89 200
302 89 66.8896
306 89 40.1606
313 89 22.3214
322 89 22.3214
340 89 18.2648
359 89 40.1606
364 89 22.3214
381 89 28.6944
388 89 28.6944
411 89 28.6944
418 89 18.2648
617 89 66.8896
14 90 22.3214
32 90 66.8896
37 90 66.8896
50 90 40.1606
104 90 28.6944
118 90 28.6944
125 90 28.6944
126 90 28.6944
127 90 28.6944
242 90 22.3214
292 90 200
302 90 66.8896
314 90 22.3214
321 90 15.456
337 90 8.73744
363 90 22.3214
381 90 28.6944
410 90 22.3214
411 90 28.6944
577 90 66.8896
609 90 66.8896
13 91 22.3214
14 91 22.3214
18 91 22.3214
23 91 66.8896
28 91 66.8896
36 91 66.8896
118 91 28.6944
124 91 40.1606
125 91 28.6944
127 91 28.6944
301 91 66.8896
314 91 22.3214
315 91 22.3214
321 91 15.456
340 91 18.2648
341 91 18.2648
342 91 18.2648
357 91 40.1606
362 91 22.3214
363 91 22.3214
381 91 28.6944
387 91 28.6944
409 91 22.3214
441 91 66.8896
577 91 66.8896
603 91 66.8896
12 92 22.3214
13 92 22.3214
47 92 66.8896
124 92 40.1606
297 92 22.3214
301 92 66.8896
302 92 66.8896
310 92 40.1606
315 92 22.3214
321 92 15.456
340 92 18.2648
356 92 40.1606
362 92 22.3214
378 92 66.8896
380 92 40.1606
381 92 28.6944
387 92 28.6944
408 92 22.3214
409 92 22.3214
417 92 28.6944
603 92 66.8896
12 93 22.3214
50 93 40.1606
52 93 40.1606
53 93 66.8896
122 93 28.6944
125 93 28.6944
297 93 22.3214
298 93 22.3214
301 93 200
302 93 200
309 93 40.1606
316 93 22.3214
334 93 28.6944
340 93 18.2648
342 93 18.2648
356 93 40.1606
361 93 22.3214
362 93 22.3214
378 93 66.8896
380 93 40.1606
408 93 22.3214
430 93 66.8896
442 93 66.8896
444 93 66.8896
600 93 66.8896
620 93 66.8896
5 94 66.8896
13 94 22.3214
39 94 66.8896
50 94 40.1606
105 94 28.6944
106 94 28.6944
127 94 40.1606
289 94 66.8896
298 94 22.3214
302 94 200
316 94 22.3214
317 94 22.3214
340 94 18.2648
342 94 18.2648
355 94 40.1606
360 94 22.3214
361 94 22.3214
407 94 22.3214
430 94 66.8896
441 94 66.8896
620 94 66.8896
10 95 22.3214
13 95 22.3214
39 95 66.8896
50 95 40.1606
51 95 40.1606
105 95 28.6944
110 95 40.1606
120 95 28.6944
127 95 40.1606
287 95 66.8896
292 95 40.1606
298 95 40.1606
302 95 200
303 95 200
316 95 22.3214
317 95 22.3214
345 95 13.3958
359 95 22.3214
360 95 22.3214
412 95 15.456
441 95 66.8896
10 96 22.3214
13 96 22.3214
50 96 40.1606
51 96 40.1606
127 96 28.6944
303 96 200
321 96 200
323 96 200
339 96 18.2648
345 96 13.3958
354 96 40.1606
359 96 22.3214
384 96 28.6944
416 96 22.3214
423 96 15.456
430 96 66.8896
440 96 66.8896
441 96 66.8896
601 96 66.8896
3 97 22.3214
13 97 22.3214
24 97 40.1606
40 97 66.8896
51 97 40.1606
120 97 28.6944
124 97 66.8896
127 97 28.6944
301 97 200
303 97 200
311 97 40.1606
319 97 22.3214
323 97 200
338 97 18.2648
339 97 18.2648
345 97 13.3958
353 97 40.1606
358 97 22.3214
383 97 28.6944
390 97 18.2648
403 97 22.3214
408 97 18.2648
440 97 66.8896
441 97 66.8896
8 98 66.8896
13 98 22.3214
52 98 40.1606
127 98 40.1606
299 98 200
333 98 28.6944
338 98 18.2648
345 98 13.3958
351 98 40.1606
352 98 40.1606
358 98 22.3214
377 98 66.8896
382 98 28.6944
383 98 28.6944
390 98 18.2648
402 98 22.3214
408 98 18.2648
440 98 66.8896
444 98 66.8896
24 99 40.1606
25 99 40.1606
102 99 40.1606
103 99 40.1606
104 99 40.1606
127 99 40.1606
285 99 28.6944
295 99 66.8896
304 99 200
314 99 22.3214
322 99 200
337 99 18.2648
338 99 18.2648
345 99 13.3958
357 99 22.3214
362 99 15.456
382 99 28.6944
390 99 18.2648
401 99 22.3214
439 99 200
443 99 66.8896
444 99 66.8896
19 100 200
24 100 40.1606
25 100 40.1606
39 100 66.8896
51 100 40.1606
61 100 66.8896
103 100 40.1606
104 100 40.1606
121 100 40.1606
127 100 40.1606
285 100 28.6944
314 100 22.3214
322 100 200
337 100 18.2648
341 100 15.456
343 100 15.456
345 100 28.6944
351 100 40.1606
356 100 22.3214
357 100 22.3214
382 100 28.6944
393 100 66.8896
443 100 66.8896
444 100 66.8896
586 100 66.8896
24 101 40.1606
40 101 66.8896
51 101 40.1606
61 101 66.8896
62 101 66.8896
126 101 40.1606
127 101 40.1606
259 101 28.6944
284 101 28.6944
311 101 28.6944
314 101 22.3214
322 101 200
337 101 18.2648
341 101 15.456
350 101 40.1606
355 101 22.3214
356 101 22.3214
382 101 28.6944
389 101 200
397 101 28.6944
398 101 28.6944
400 101 28.6944
430 101 66.8896
443 101 66.8896
444 101 66.8896
29 102 40.1606
61 102 66.8896
62 102 66.8896
67 102 66.8896
109 102 40.1606
125 102 40.1606
126 102 40.1606
305 102 66.8896
314 102 22.3214
315 102 22.3214
337 102 18.2648
341 102 15.456
343 102 15.456
345 102 66.8896
349 102 40.1606
354 102 22.3214
355 102 22.3214
382 102 28.6944
397 102 28.6944
405 102 13.3958
430 102 66.8896
10 103 22.3214
19 103 40.1606
29 103 40.1606
61 103 66.8896
109 103 40.1606
110 103 40.1606
125 103 40.1606
126 103 40.1606
281 103 28.6944
297 103 200
337 103 18.2648
338 103 18.2648
341 103 15.456
345 103 66.8896
346 103 66.8896
354 103 22.3214
396 103 28.6944
405 103 13.3958
430 103 66.8896
439 103 200
445 103 66.8896
498 103 66.8896
3 104 22.3214
10 104 22.3214
19 104 40.1606
22 104 66.8896
29 104 40.1606
60 104 66.8896
110 104 40.1606
111 104 40.1606
126 104 40.1606
305 104 22.3214
337 104 18.2648
345 104 66.8896
348 104 40.1606
353 104 22.3214
354 104 22.3214
361 104 13.3958
381 104 200
404 104 13.3958
430 104 66.8896
444 104 66.8896
445 104 66.8896
19 105 40.1606
29 105 40.1606
58 105 66.8896
59 105 66.8896
123 105 40.1606
124 105 40.1606
129 105 40.1606
130 105 40.1606
306 105 22.3214
337 105 18.2648
341 105 200
347 105 66.8896
352 105 22.3214
353 105 22.3214
381 105 200
387 105 6.48298
397 105 18.2648
403 105 13.3958
443 105 66.8896
444 105 66.8896
498 105 66.8896
28 106 40.1606
58 106 66.8896
67 106 66.8896
68 106 66.8896
126 106 40.1606
130 106 40.1606
306 106 22.3214
338 106 200
351 106 22.3214
352 106 22.3214
357 106 15.456
380 106 200
387 106 6.48298
395 106 18.2648
403 106 13.3958
443 106 66.8896
18 107 40.1606
27 107 40.1606
33 107 40.1606
58 107 66.8896
68 107 66.8896
114 107 28.6944
115 107 28.6944
121 107 40.1606
130 107 40.1606
131 107 40.1606
301 107 40.1606
304 107 22.3214
336 107 200
338 107 200
345 107 40.1606
350 107 22.3214
351 107 22.3214
357 107 15.456
380 107 200
394 107 15.456
395 107 18.2648
443 107 66.8896
26 108 40.1606
58 108 66.8896
68 108 66.8896
108 108 66.8896
110 108 66.8896
114 108 28.6944
115 108 28.6944
125 108 40.1606
131 108 40.1606
301 108 40.1606
313 108 22.3214
315 108 18.2648
316 108 18.2648
337 108 200
338 108 200
345 108 40.1606
348 108 22.3214
350 108 22.3214
351 108 22.3214
361 108 13.3958
373 108 200
386 108 22.3214
394 108 18.2648
443 108 66.8896
444 108 66.8896
561 108 40.1606
26 109 40.1606
27 109 40.1606
36 109 66.8896
50 109 40.1606
58 109 66.8896
67 109 66.8896
92 109 28.6944
126 109 28.6944
288 109 18.2648
306 109 28.6944
311 109 22.3214
312 109 22.3214
316 109 18.2648
317 109 18.2648
334 109 18.2648
337 109 200
348 109 22.3214
350 109 22.3214
361 109 13.3958
386 109 22.3214
389 109 28.6944
393 109 18.2648
402 109 11.8203
406 109 22.3214
443 109 66.8896
444 109 66.8896
23 110 66.8896
26 110 40.1606
34 110 66.8896
50 110 40.1606
66 110 66.8896
67 110 66.8896
98 110 40.1606
126 110 28.6944
285 110 18.2648
306 110 40.1606
311 110 22.3214
312 110 22.3214
333 110 18.2648
334 110 18.2648
337 110 200
348 110 22.3214
358 110 15.456
373 110 200
383 110 18.2648
389 110 28.6944
393 110 22.3214
402 110 11.8203
443 110 66.8896
449 110 28.6944
23 111 66.8896
26 111 40.1606
66 111 66.8896
92 111 28.6944
126 111 28.6944
130 111 40.1606
284 111 22.3214
301 111 40.1606
306 111 40.1606
311 111 22.3214
312 111 22.3214
333 111 18.2648
344 111 22.3214
347 111 28.6944
348 111 22.3214
384 111 18.2648
389 111 28.6944
393 111 22.3214
442 111 66.8896
447 111 28.6944
26 112 40.1606
28 112 40.1606
57 112 66.8896
65 112 66.8896
71 112 66.8896
92 112 28.6944
105 112 28.6944
106 112 28.6944
126 112 28.6944
130 112 40.1606
282 112 22.3214
301 112 200
306 112 40.1606
307 112 40.1606
312 112 22.3214
318 112 200
331 112 18.2648
332 112 18.2648
348 112 28.6944
352 112 22.3214
384 112 18.2648
392 112 28.6944
398 112 13.3958
401 112 11.8203
441 112 66.8896
442 112 66.8896
16 113 22.3214
17 113 22.3214
25 113 40.1606
26 113 40.1606
58 113 66.8896
65 113 66.8896
71 113 66.8896
98 113 40.1606
106 113 28.6944
107 113 28.6944
126 113 28.6944
130 113 40.1606
282 113 22.3214
301 113 200
307 113 40.1606
312 113 40.1606
315 113 22.3214
318 113 200
331 113 22.3214
332 113 22.3214
344 113 22.3214
349 113 28.6944
360 113 15.456
378 113 28.6944
383 113 18.2648
384 113 18.2648
392 113 28.6944
398 113 13.3958
401 113 11.8203
441 113 66.8896
564 113 66.8896
4 114 22.3214
23 114 40.1606
25 114 40.1606
26 114 40.1606
34 114 66.8896
65 114 66.8896
71 114 66.8896
93 114 28.6944
126 114 40.1606
133 114 40.1606
301 114 200
302 114 200
315 114 22.3214
318 114 200
330 114 22.3214
339 114 22.3214
342 114 22.3214
344 114 22.3214
349 114 28.6944
376 114 28.6944
380 114 28.6944
384 114 18.2648
391 114 28.6944
392 114 28.6944
401 114 11.8203
444 114 66.8896
34 115 66.8896
65 115 66.8896
71 115 66.8896
93 115 28.6944
126 115 40.1606
133 115 40.1606
301 115 200
318 115 200
319 115 200
330 115 22.3214
341 115 22.3214
342 115 22.3214
344 115 22.3214
349 115 28.6944
384 115 18.2648
388 115 22.3214
391 115 18.2648
399 115 18.2648
440 115 200
443 115 66.8896
444 115 66.8896
8 116 22.3214
18 116 40.1606
25 116 40.1606
93 116 28.6944
100 116 40.1606
301 116 28.6944
318 116 200
319 116 200
330 116 66.8896
332 116 66.8896
340 116 22.3214
341 116 22.3214
344 116 22.3214
349 116 28.6944
373 116 22.3214
374 116 22.3214
377 116 28.6944
382 116 18.2648
384 116 18.2648
388 116 22.3214
391 116 18.2648
399 116 18.2648
443 116 66.8896
9 117 22.3214
18 117 40.1606
19 117 40.1606
25 117 40.1606
34 117 66.8896
69 117 66.8896
93 117 28.6944
100 117 40.1606
301 117 28.6944
317 117 200
331 117 66.8896
332 117 66.8896
339 117 22.3214
340 117 22.3214
373 117 22.3214
384 117 18.2648
388 117 22.3214
391 117 18.2648
399 117 18.2648
442 117 66.8896
446 117 66.8896
25 118 40.1606
26 118 40.1606
34 118 66.8896
69 118 66.8896
74 118 66.8896
93 118 28.6944
114 118 28.6944
130 118 40.1606
261 118 40.1606
301 118 28.6944
313 118 22.3214
331 118 66.8896
338 118 22.3214
350 118 28.6944
372 118 22.3214
377 118 66.8896
384 118 28.6944
388 118 22.3214
391 118 18.2648
399 118 13.3958
445 118 66.8896
446 118 66.8896
17 119 40.1606
34 119 66.8896
42 119 66.8896
66 119 66.8896
114 119 28.6944
130 119 40.1606
131 119 40.1606
314 119 22.3214
337 119 22.3214
338 119 22.3214
377 119 66.8896
384 119 28.6944
388 119 28.6944
391 119 18.2648
395 119 15.456
399 119 13.3958
444 119 66.8896
445 119 66.8896
17 120 40.1606
18 120 40.1606
42 120 66.8896
67 120 66.8896
73 120 66.8896
94 120 28.6944
114 120 28.6944
131 120 40.1606
301 120 28.6944
314 120 22.3214
336 120 22.3214
368 120 22.3214
377 120 66.8896
384 120 28.6944
391 120 18.2648
395 120 15.456
399 120 13.3958
443 120 66.8896
444 120 66.8896
42 121 66.8896
66 121 66.8896
67 121 66.8896
94 121 28.6944
108 121 40.1606
115 121 40.1606
116 121 28.6944
118 121 40.1606
129 121 40.1606
131 121 40.1606
277 121 18.2648
301 121 28.6944
335 121 22.3214
336 121 22.3214
349 121 10.5764
367 121 22.3214
377 121 66.8896
384 121 28.6944
390 121 28.6944
395 121 15.456
398 121 13.3958
399 121 13.3958
443 121 66.8896
444 121 66.8896
523 121 66.8896
30 122 40.1606
31 122 40.1606
34 122 28.6944
53 122 40.1606
70 122 66.8896
71 122 66.8896
95 122 28.6944
101 122 40.1606
109 122 40.1606
129 122 28.6944
131 122 28.6944
301 122 28.6944
334 122 22.3214
335 122 22.3214
349 122 10.5764
366 122 22.3214
374 122 200
380 122 40.1606
383 122 28.6944
384 122 28.6944
389 122 28.6944
398 122 13.3958
443 122 66.8896
446 122 66.8896
523 122 66.8896
70 123 66.8896
131 123 28.6944
301 123 28.6944
334 123 22.3214
364 123 22.3214
367 123 22.3214
384 123 28.6944
389 123 28.6944
398 123 13.3958
416 123 11.8203
443 123 66.8896
447 123 66.8896
515 123 40.1606
523 123 66.8896
31 124 40.1606
69 124 66.8896
115 124 40.1606
131 124 28.6944
132 124 28.6944
301 124 28.6944
317 124 22.3214
334 124 22.3214
352 124 200
363 124 22.3214
373 124 200
384 124 28.6944
388 124 200
389 124 200
397 124 18.2648
411 124 13.3958
415 124 11.8203
445 124 66.8896
515 124 40.1606
523 124 66.8896
41 125 66.8896
62 125 66.8896
78 125 66.8896
96 125 28.6944
97 125 28.6944
100 125 28.6944
119 125 28.6944
127 125 66.8896
128 125 66.8896
131 125 28.6944
132 125 28.6944
301 125 28.6944
310 125 40.1606
334 125 22.3214
357 125 8.73744
363 125 22.3214
378 125 66.8896
384 125 28.6944
388 125 200
396 125 18.2648
428 125 66.8896
445 125 66.8896
446 125 66.8896
515 125 40.1606
78 126 66.8896
97 126 28.6944
98 126 28.6944
131 126 40.1606
132 126 40.1606
301 126 28.6944
334 126 22.3214
361 126 22.3214
362 126 22.3214
367 126 200
387 126 200
445 126 66.8896
515 126 40.1606
523 126 66.8896
19 127 40.1606
50 127 40.1606
98 127 28.6944
99 127 28.6944
127 127 66.8896
131 127 40.1606
132 127 40.1606
301 127 28.6944
312 127 40.1606
333 127 22.3214
334 127 22.3214
357 127 8.73744
361 127 22.3214
366 127 18.2648
387 127 28.6944
388 127 28.6944
445 127 66.8896
446 127 66.8896
452 127 28.6944
515 127 40.1606
523 127 66.8896
4 128 22.3214
12 128 28.6944
16 128 66.8896
99 128 28.6944
127 128 66.8896
128 128 66.8896
131 128 40.1606
132 128 40.1606
301 128 28.6944
333 128 22.3214
334 128 22.3214
360 128 22.3214
361 128 22.3214
388 128 28.6944
395 128 18.2648
396 128 18.2648
445 128 66.8896
446 128 66.8896
452 128 40.1606
523 128 66.8896
31 129 40.1606
72 129 66.8896
79 129 66.8896
118 129 28.6944
119 129 28.6944
131 129 40.1606
132 129 40.1606
300 129 28.6944
301 129 28.6944
333 129 22.3214
336 129 22.3214
350 129 66.8896
357 129 28.6944
364 129 18.2648
371 129 13.3958
387 129 28.6944
388 129 28.6944
395 129 18.2648
404 129 18.2648
446 129 66.8896
450 129 40.1606
487 129 66.8896
24 130 40.1606
32 130 40.1606
71 130 66.8896
79 130 66.8896
100 130 28.6944
118 130 28.6944
119 130 28.6944
124 130 200
130 130 40.1606
131 130 40.1606
300 130 28.6944
301 130 28.6944
333 130 22.3214
336 130 22.3214
356 130 28.6944
357 130 28.6944
364 130 18.2648
371 130 13.3958
384 130 40.1606
387 130 28.6944
403 130 18.2648
426 130 66.8896
446 130 66.8896
449 130 66.8896
450 130 66.8896
487 130 66.8896
6 131 66.8896
27 131 66.8896
32 131 66.8896
34 131 66.8896
71 131 66.8896
82 131 40.1606
99 131 40.1606
130 131 40.1606
131 131 40.1606
300 131 28.6944
301 131 28.6944
310 131 66.8896
319 131 22.3214
357 131 28.6944
387 131 28.6944
392 131 40.1606
403 131 18.2648
448 131 66.8896
449 131 66.8896
487 131 66.8896
6 132 66.8896
27 132 66.8896
37 132 66.8896
71 132 66.8896
100 132 40.1606
124 132 200
125 132 200
126 132 200
131 132 40.1606
300 132 28.6944
301 132 28.6944
319 132 22.3214
334 132 22.3214
357 132 28.6944
359 132 28.6944
387 132 28.6944
392 132 40.1606
448 132 66.8896
449 132 66.8896
33 133 200
34 133 200
37 133 66.8896
44 133 40.1606
54 133 40.1606
55 133 40.1606
74 133 40.1606
81 133 40.1606
100 133 28.6944
127 133 200
128 133 66.8896
132 133 40.1606
133 133 40.1606
300 133 28.6944
301 133 28.6944
319 133 22.3214
334 133 22.3214
342 133 13.3958
358 133 28.6944
359 133 18.2648
379 133 66.8896
380 133 66.8896
386 133 28.6944
387 133 28.6944
392 133 40.1606
395 133 28.6944
37 134 66.8896
55 134 40.1606
80 134 40.1606
81 134 40.1606
117 134 28.6944
118 134 28.6944
132 134 40.1606
133 134 40.1606
134 134 28.6944
300 134 28.6944
320 134 200
333 134 22.3214
334 134 22.3214
342 134 66.8896
358 134 18.2648
379 134 66.8896
380 134 66.8896
385 134 28.6944
386 134 28.6944
387 134 28.6944
392 134 40.1606
395 134 28.6944
397 134 15.456
473 134 66.8896
37 135 66.8896
118 135 28.6944
132 135 40.1606
133 135 40.1606
134 135 28.6944
202 135 66.8896
300 135 28.6944
320 135 200
333 135 22.3214
343 135 66.8896
349 135 22.3214
352 135 22.3214
361 135 15.456
385 135 28.6944
386 135 28.6944
397 135 15.456
448 135 66.8896
449 135 66.8896
136 136 28.6944
300 136 28.6944
313 136 40.1606
320 136 200
333 136 22.3214
342 136 66.8896
343 136 66.8896
350 136 22.3214
354 136 22.3214
361 136 28.6944
375 136 13.3958
379 136 66.8896
386 136 28.6944
391 136 66.8896
394 136 28.6944
397 136 15.456
425 136 66.8896
448 136 66.8896
27 137 40.1606
44 137 40.1606
54 137 40.1606
55 137 40.1606
82 137 40.1606
135 137 28.6944
136 137 28.6944
300 137 28.6944
301 137 28.6944
313 137 40.1606
320 137 200
333 137 22.3214
334 137 22.3214
342 137 66.8896
349 137 22.3214
359 137 28.6944
386 137 28.6944
394 137 28.6944
396 137 28.6944
425 137 66.8896
13 138 40.1606
26 138 40.1606
27 138 40.1606
31 138 28.6944
37 138 66.8896
44 138 40.1606
128 138 28.6944
129 138 28.6944
136 138 28.6944
301 138 28.6944
310 138 66.8896
320 138 200
333 138 22.3214
334 138 22.3214
349 138 22.3214
361 138 28.6944
385 138 28.6944
386 138 28.6944
395 138 28.6944
396 138 28.6944
473 138 66.8896
85 139 66.8896
135 139 28.6944
136 139 28.6944
300 139 28.6944
301 139 28.6944
335 139 200
350 139 22.3214
361 139 28.6944
395 139 28.6944
426 139 66.8896
473 139 66.8896
37 140 66.8896
43 140 40.1606
68 140 66.8896
78 140 40.1606
85 140 66.8896
135 140 28.6944
136 140 28.6944
204 140 66.8896
242 140 66.8896
300 140 28.6944
301 140 28.6944
334 140 200
335 140 200
339 140 66.8896
347 140 22.3214
362 140 28.6944
385 140 200
391 140 40.1606
395 140 28.6944
450 140 66.8896
10 141 40.1606
43 141 28.6944
44 141 28.6944
68 141 66.8896
84 141 66.8896
136 141 28.6944
179 141 66.8896
300 141 28.6944
319 141 22.3214
334 141 200
338 141 66.8896
346 141 22.3214
347 141 22.3214
355 141 13.3958
362 141 28.6944
385 141 200
391 141 40.1606
427 141 66.8896
449 141 66.8896
10 142 40.1606
36 142 66.8896
85 142 66.8896
86 142 66.8896
113 142 28.6944
114 142 28.6944
115 142 28.6944
128 142 28.6944
129 142 28.6944
176 142 66.8896
195 142 66.8896
199 142 66.8896
200 142 66.8896
300 142 28.6944
319 142 22.3214
333 142 200
334 142 200
346 142 22.3214
363 142 28.6944
385 142 200
394 142 28.6944
427 142 66.8896
449 142 66.8896
35 143 66.8896
36 143 66.8896
50 143 40.1606
85 143 66.8896
106 143 40.1606
114 143 28.6944
115 143 28.6944
125 143 66.8896
195 143 66.8896
202 143 66.8896
203 143 66.8896
300 143 28.6944
306 143 200
319 143 22.3214
334 143 200
346 143 22.3214
385 143 200
449 143 66.8896
36 144 66.8896
68 144 66.8896
85 144 66.8896
101 144 40.1606
106 144 40.1606
107 144 40.1606
195 144 66.8896
203 144 66.8896
204 144 66.8896
300 144 28.6944
312 144 40.1606
319 144 22.3214
365 144 22.3214
385 144 200
386 144 200
449 144 66.8896
450 144 66.8896
36 145 66.8896
44 145 40.1606
83 145 66.8896
101 145 40.1606
108 145 40.1606
113 145 28.6944
139 145 28.6944
195 145 66.8896
204 145 66.8896
211 145 66.8896
300 145 28.6944
301 145 28.6944
312 145 40.1606
319 145 22.3214
345 145 22.3214
361 145 66.8896
365 145 22.3214
375 145 200
386 145 200
393 145 40.1606
449 145 66.8896
36 146 66.8896
84 146 66.8896
101 146 40.1606
126 146 28.6944
127 146 28.6944
138 146 28.6944
139 146 40.1606
153 146 66.8896
195 146 66.8896
204 146 66.8896
208 146 200
298 146 28.6944
300 146 28.6944
319 146 22.3214
342 146 22.3214
345 146 40.1606
356 146 66.8896
360 146 66.8896
361 146 66.8896
365 146 22.3214
375 146 200
385 146 200
386 146 200
393 146 40.1606
453 146 66.8896
23 147 40.1606
36 147 66.8896
43 147 40.1606
44 147 40.1606
49 147 40.1606
63 147 40.1606
79 147 40.1606
126 147 28.6944
127 147 28.6944
137 147 28.6944
138 147 28.6944
151 147 66.8896
153 147 66.8896
298 147 28.6944
300 147 28.6944
319 147 22.3214
341 147 22.3214
342 147 22.3214
360 147 28.6944
385 147 200
389 147 66.8896
425 147 66.8896
448 147 200
453 147 66.8896
11 148 40.1606
22 148 40.1606
36 148 66.8896
37 148 66.8896
39 148 66.8896
63 148 40.1606
78 148 40.1606
79 148 40.1606
80 148 40.1606
108 148 40.1606
128 148 28.6944
131 148 200
136 148 28.6944
137 148 40.1606
153 148 66.8896
195 148 66.8896
205 148 66.8896
298 148 40.1606
300 148 28.6944
319 148 22.3214
320 148 22.3214
340 148 22.3214
341 148 22.3214
353 148 11.8203
360 148 40.1606
362 148 40.1606
367 148 22.3214
369 148 18.2648
384 148 200
385 148 200
387 148 200
392 148 40.1606
425 148 66.8896
452 148 66.8896
43 149 28.6944
136 149 40.1606
137 149 40.1606
153 149 66.8896
195 149 66.8896
205 149 66.8896
298 149 28.6944
300 149 28.6944
301 149 28.6944
320 149 22.3214
340 149 22.3214
362 149 28.6944
369 149 18.2648
377 149 18.2648
384 149 200
392 149 40.1606
452 149 66.8896
43 150 28.6944
83 150 66.8896
84 150 66.8896
153 150 66.8896
195 150 66.8896
298 150 28.6944
300 150 28.6944
320 150 22.3214
340 150 22.3214
357 150 66.8896
359 150 66.8896
361 150 40.1606
363 150 28.6944
370 150 18.2648
377 150 18.2648
381 150 15.456
451 150 66.8896
452 150 66.8896
506 150 66.8896
38 151 66.8896
42 151 28.6944
43 151 28.6944
101 151 40.1606
132 151 28.6944
151 151 66.8896
153 151 66.8896
251 151 66.8896
300 151 28.6944
319 151 22.3214
340 151 22.3214
353 151 200
363 151 40.1606
370 151 28.6944
377 151 18.2648
384 151 200
388 151 11.8203
422 151 66.8896
451 151 66.8896
42 152 28.6944
43 152 28.6944
49 152 28.6944
131 152 28.6944
153 152 66.8896
251 152 66.8896
300 152 28.6944
319 152 22.3214
339 152 22.3214
354 152 40.1606
361 152 40.1606
363 152 40.1606
370 152 28.6944
381 152 15.456
384 152 200
387 152 11.8203
388 152 11.8203
391 152 40.1606
450 152 66.8896
459 152 66.8896
506 152 66.8896
43 153 28.6944
54 153 40.1606
55 153 40.1606
64 153 66.8896
90 153 66.8896
131 153 28.6944
132 153 28.6944
153 153 66.8896
300 153 28.6944
318 153 22.3214
339 153 22.3214
370 153 28.6944
381 153 15.456
388 153 11.8203
391 153 40.1606
395 153 9.56938
396 153 9.56938
450 153 66.8896
506 153 66.8896
42 154 40.1606
43 154 40.1606
55 154 40.1606
89 154 66.8896
127 154 66.8896
128 154 66.8896
131 154 28.6944
132 154 28.6944
133 154 28.6944
151 154 66.8896
300 154 28.6944
317 154 22.3214
339 154 22.3214
353 154 40.1606
360 154 200
371 154 28.6944
381 154 15.456
386 154 22.3214
424 154 66.8896
449 154 66.8896
450 154 66.8896
506 154 66.8896
22 155 40.1606
42 155 40.1606
43 155 40.1606
88 155 66.8896
102 155 28.6944
119 155 40.1606
132 155 28.6944
259 155 200
300 155 28.6944
317 155 22.3214
338 155 22.3214
371 155 28.6944
385 155 200
386 155 200
389 155 11.8203
424 155 66.8896
425 155 66.8896
450 155 66.8896
506 155 66.8896
42 156 28.6944
43 156 28.6944
54 156 40.1606
88 156 66.8896
119 156 40.1606
132 156 28.6944
133 156 28.6944
251 156 66.8896
298 156 28.6944
300 156 28.6944
317 156 22.3214
337 156 22.3214
338 156 22.3214
371 156 28.6944
385 156 200
392 156 40.1606
394 156 40.1606
425 156 66.8896
450 156 66.8896
504 156 66.8896
506 156 66.8896
42 157 28.6944
43 157 28.6944
54 157 40.1606
63 157 40.1606
85 157 66.8896
89 157 66.8896
108 157 28.6944
234 157 66.8896
251 157 66.8896
300 157 28.6944
317 157 22.3214
337 157 22.3214
365 157 66.8896
369 157 28.6944
372 157 28.6944
385 157 200
425 157 66.8896
449 157 66.8896
450 157 66.8896
504 157 66.8896
506 157 66.8896
42 158 28.6944
108 158 40.1606
131 158 28.6944
234 158 66.8896
251 158 66.8896
300 158 28.6944
317 158 22.3214
337 158 22.3214
365 158 66.8896
372 158 28.6944
385 158 200
387 158 200
392 158 11.8203
394 158 11.8203
426 158 66.8896
450 158 66.8896
500 158 66.8896
504 158 40.1606
506 158 40.1606
42 159 28.6944
43 159 28.6944
74 159 66.8896
89 159 66.8896
90 159 66.8896
108 159 28.6944
196 159 66.8896
251 159 66.8896
300 159 28.6944
317 159 22.3214
337 159 22.3214
345 159 13.3958
372 159 28.6944
373 159 28.6944
381 159 18.2648
387 159 66.8896
393 159 10.5764
394 159 10.5764
426 159 66.8896
449 159 66.8896
500 159 66.8896
504 159 40.1606
42 160 28.6944
43 160 28.6944
52 160 40.1606
89 160 66.8896
90 160 66.8896
108 160 28.6944
128 160 28.6944
195 160 66.8896
196 160 66.8896
251 160 66.8896
300 160 28.6944
317 160 22.3214
336 160 22.3214
337 160 22.3214
345 160 13.3958
373 160 28.6944
381 160 18.2648
387 160 66.8896
392 160 11.8203
394 160 11.8203
426 160 66.8896
449 160 66.8896
42 161 28.6944
57 161 66.8896
106 161 28.6944
107 161 28.6944
127 161 28.6944
128 161 28.6944
185 161 66.8896
195 161 66.8896
300 161 28.6944
317 161 22.3214
336 161 22.3214
367 161 66.8896
373 161 28.6944
381 161 18.2648
386 161 66.8896
392 161 11.8203
448 161 66.8896
42 162 28.6944
57 162 66.8896
83 162 40.1606
107 162 28.6944
126 162 28.6944
179 162 66.8896
185 162 66.8896
195 162 66.8896
220 162 66.8896
300 162 28.6944
336 162 22.3214
344 162 13.3958
367 162 66.8896
368 162 66.8896
374 162 28.6944
381 162 18.2648
386 162 66.8896
392 162 11.8203
447 162 66.8896
42 163 28.6944
82 163 40.1606
126 163 28.6944
179 163 66.8896
185 163 66.8896
195 163 66.8896
218 163 66.8896
220 163 66.8896
279 163 200
291 163 18.2648
300 163 28.6944
336 163 22.3214
368 163 66.8896
374 163 28.6944
381 163 18.2648
390 163 11.8203
392 163 11.8203
422 163 66.8896
42 164 28.6944
65 164 40.1606
82 164 40.1606
108 164 40.1606
124 164 28.6944
179 164 66.8896
185 164 66.8896
195 164 66.8896
218 164 66.8896
220 164 66.8896
226 164 28.6944
276 164 200
279 164 200
292 164 66.8896
300 164 28.6944
336 164 22.3214
368 164 66.8896
369 164 66.8896
375 164 28.6944
390 164 13.3958
392 164 13.3958
393 164 11.8203
422 164 66.8896
450 164 66.8896
7 165 40.1606
8 165 40.1606
42 165 28.6944
57 165 40.1606
58 165 40.1606
66 165 40.1606
92 165 40.1606
108 165 40.1606
113 165 28.6944
114 165 28.6944
124 165 40.1606
125 165 40.1606
162 165 66.8896
179 165 66.8896
185 165 66.8896
195 165 66.8896
218 165 200
220 165 200
229 165 66.8896
230 165 66.8896
276 165 200
279 165 200
294 165 200
316 165 22.3214
336 165 22.3214
369 165 66.8896
375 165 28.6944
391 165 13.3958
445 165 200
450 165 66.8896
8 166 40.1606
42 166 28.6944
81 166 40.1606
91 166 66.8896
92 166 40.1606
108 166 40.1606
113 166 28.6944
153 166 66.8896
162 166 66.8896
179 166 66.8896
185 166 66.8896
195 166 66.8896
218 166 200
220 166 200
229 166 66.8896
276 166 200
279 166 200
294 166 200
300 166 40.1606
301 166 40.1606
316 166 22.3214
336 166 22.3214
337 166 22.3214
369 166 66.8896
370 166 66.8896
376 166 28.6944
381 166 22.3214
391 166 28.6944
445 166 200
450 166 66.8896
5 167 40.1606
41 167 28.6944
42 167 28.6944
89 167 66.8896
90 167 40.1606
108 167 40.1606
113 167 28.6944
114 167 28.6944
153 167 66.8896
162 167 66.8896
179 167 66.8896
185 167 66.8896
195 167 66.8896
218 167 200
220 167 200
229 167 66.8896
276 167 200
279 167 200
295 167 200
296 167 200
301 167 66.8896
316 167 22.3214
317 167 22.3214
336 167 22.3214
370 167 66.8896
376 167 28.6944
377 167 28.6944
380 167 22.3214
381 167 22.3214
391 167 28.6944
450 167 66.8896
453 167 40.1606
42 168 28.6944
79 168 40.1606
90 168 66.8896
108 168 40.1606
113 168 28.6944
153 168 66.8896
162 168 66.8896
179 168 66.8896
185 168 66.8896
195 168 66.8896
218 168 200
220 168 200
229 168 66.8896
276 168 200
297 168 200
300 168 66.8896
301 168 66.8896
316 168 22.3214
317 168 22.3214
336 168 22.3214
370 168 66.8896
371 168 66.8896
377 168 28.6944
389 168 28.6944
391 168 28.6944
421 168 66.8896
451 168 66.8896
41 169 28.6944
42 169 28.6944
87 169 40.1606
88 169 66.8896
108 169 40.1606
112 169 28.6944
113 169 28.6944
135 169 66.8896
153 169 66.8896
162 169 66.8896
179 169 66.8896
185 169 66.8896
195 169 66.8896
218 169 200
220 169 200
229 169 66.8896
276 169 200
301 169 66.8896
302 169 66.8896
316 169 22.3214
317 169 22.3214
335 169 22.3214
371 169 66.8896
378 169 28.6944
390 169 28.6944
391 169 28.6944
421 169 66.8896
454 169 40.1606
24 170 40.1606
42 170 40.1606
96 170 40.1606
108 170 40.1606
112 170 28.6944
113 170 28.6944
130 170 66.8896
135 170 66.8896
153 170 66.8896
162 170 66.8896
179 170 66.8896
185 170 66.8896
189 170 66.8896
195 170 66.8896
218 170 200
220 170 200
229 170 66.8896
247 170 66.8896
248 170 66.8896
287 170 66.8896
301 170 66.8896
303 170 66.8896
304 170 66.8896
317 170 22.3214
335 170 22.3214
371 170 66.8896
389 170 28.6944
422 170 66.8896
454 170 66.8896
11 171 40.1606
24 171 40.1606
42 171 40.1606
43 171 40.1606
46 171 22.3214
47 171 22.3214
48 171 22.3214
50 171 28.6944
51 171 28.6944
67 171 40.1606
91 171 66.8896
108 171 40.1606
112 171 28.6944
113 171 28.6944
135 171 66.8896
153 171 66.8896
162 171 66.8896
179 171 66.8896
185 171 66.8896
218 171 200
220 171 200
229 171 66.8896
248 171 66.8896
253 171 66.8896
302 171 66.8896
305 171 66.8896
335 171 22.3214
389 171 28.6944
422 171 66.8896
452 171 66.8896
23 172 40.1606
41 172 40.1606
43 172 40.1606
46 172 22.3214
50 172 28.6944
51 172 28.6944
91 172 66.8896
92 172 66.8896
112 172 28.6944
113 172 28.6944
130 172 66.8896
135 172 66.8896
153 172 66.8896
162 172 66.8896
179 172 66.8896
218 172 200
220 172 200
229 172 66.8896
248 172 66.8896
255 172 66.8896
306 172 18.2648
334 172 22.3214
335 172 22.3214
388 172 28.6944
389 172 28.6944
423 172 66.8896
452 172 66.8896
41 173 40.1606
43 173 40.1606
46 173 22.3214
51 173 28.6944
81 173 40.1606
87 173 40.1606
97 173 66.8896
98 173 66.8896
112 173 28.6944
113 173 28.6944
130 173 66.8896
135 173 66.8896
153 173 66.8896
161 173 66.8896
162 173 66.8896
229 173 66.8896
255 173 66.8896
296 173 40.1606
301 173 28.6944
307 173 15.456
308 173 15.456
334 173 22.3214
335 173 22.3214
376 173 28.6944
388 173 28.6944
407 173 11.8203
423 173 66.8896
4 174 40.1606
41 174 40.1606
42 174 40.1606
43 174 40.1606
45 174 40.1606
46 174 22.3214
51 174 28.6944
86 174 40.1606
87 174 40.1606
88 174 40.1606
98 174 66.8896
112 174 28.6944
113 174 28.6944
130 174 66.8896
135 174 66.8896
148 174 66.8896
153 174 66.8896
161 174 66.8896
162 174 66.8896
229 174 66.8896
255 174 66.8896
296 174 40.1606
300 174 28.6944
301 174 28.6944
304 174 18.2648
309 174 15.456
311 174 15.456
334 174 22.3214
335 174 22.3214
376 174 28.6944
388 174 28.6944
12 175 40.1606
41 175 40.1606
42 175 40.1606
43 175 40.1606
51 175 28.6944
88 175 40.1606
112 175 28.6944
130 175 66.8896
135 175 66.8896
148 175 66.8896
153 175 66.8896
162 175 66.8896
255 175 66.8896
300 175 28.6944
304 175 18.2648
335 175 22.3214
391 175 22.3214
405 175 11.8203
458 175 66.8896
12 176 40.1606
42 176 40.1606
97 176 66.8896
112 176 28.6944
113 176 28.6944
130 176 66.8896
135 176 66.8896
243 176 66.8896
271 176 66.8896
335 176 22.3214
376 176 28.6944
387 176 28.6944
391 176 22.3214
453 176 66.8896
458 176 66.8896
41 177 40.1606
42 177 40.1606
94 177 66.8896
112 177 28.6944
130 177 66.8896
134 177 66.8896
135 177 66.8896
243 177 66.8896
255 177 66.8896
271 177 66.8896
335 177 22.3214
336 177 22.3214
422 177 66.8896
451 177 66.8896
452 177 66.8896
458 177 66.8896
41 178 40.1606
42 178 40.1606
90 178 66.8896
94 178 66.8896
107 178 40.1606
112 178 28.6944
130 178 66.8896
135 178 66.8896
386 178 28.6944
422 178 66.8896
451 178 66.8896
458 178 66.8896
41 179 28.6944
42 179 28.6944
88 179 66.8896
112 179 28.6944
255 179 66.8896
334 179 22.3214
335 179 22.3214
365 179 200
385 179 28.6944
451 179 66.8896
41 180 28.6944
42 180 28.6944
112 180 28.6944
255 180 66.8896
297 180 66.8896
334 180 22.3214
385 180 28.6944
41 181 28.6944
42 181 28.6944
53 181 28.6944
65 181 40.1606
66 181 40.1606
69 181 66.8896
112 181 28.6944
199 181 66.8896
297 181 66.8896
334 181 22.3214
456 181 66.8896
41 182 28.6944
42 182 28.6944
53 182 28.6944
64 182 40.1606
65 182 40.1606
69 182 66.8896
106 182 40.1606
112 182 28.6944
192 182 66.8896
197 182 66.8896
199 182 66.8896
270 182 200
316 182 22.3214
334 182 22.3214
384 182 28.6944
455 182 66.8896
456 182 66.8896
41 183 28.6944
42 183 28.6944
93 183 66.8896
105 183 40.1606
112 183 28.6944
113 183 28.6944
119 183 200
120 183 200
185 183 66.8896
199 183 66.8896
316 183 22.3214
384 183 28.6944
455 183 66.8896
41 184 28.6944
42 184 28.6944
92 184 66.8896
93 184 66.8896
105 184 40.1606
112 184 28.6944
113 184 28.6944
120 184 200
197 184 66.8896
199 184 66.8896
222 184 66.8896
223 184 66.8896
316 184 22.3214
384 184 28.6944
454 184 66.8896
455 184 66.8896
19 185 40.1606
41 185 28.6944
61 185 40.1606
65 185 200
92 185 66.8896
109 185 66.8896
113 185 28.6944
114 185 28.6944
120 185 200
121 185 200
124 185 40.1606
125 185 66.8896
127 185 66.8896
162 185 66.8896
197 185 66.8896
199 185 66.8896
222 185 66.8896
223 185 66.8896
316 185 22.3214
374 185 200
454 185 66.8896
455 185 66.8896
461 185 66.8896
41 186 28.6944
53 186 28.6944
86 186 200
91 186 66.8896
93 186 66.8896
95 186 66.8896
105 186 40.1606
113 186 28.6944
114 186 28.6944
127 186 66.8896
160 186 66.8896
162 186 66.8896
199 186 66.8896
218 186 66.8896
222 186 66.8896
223 186 66.8896
229 186 22.3214
233 186 66.8896
234 186 66.8896
297 186 66.8896
316 186 22.3214
374 186 200
454 186 66.8896
461 186 66.8896
19 187 40.1606
41 187 28.6944
52 187 28.6944
53 187 28.6944
95 187 66.8896
96 187 66.8896
97 187 66.8896
104 187 40.1606
114 187 28.6944
127 187 66.8896
146 187 66.8896
162 187 66.8896
199 187 66.8896
222 187 66.8896
223 187 66.8896
234 187 66.8896
316 187 22.3214
374 187 200
461 187 66.8896
41 188 28.6944
42 188 28.6944
52 188 28.6944
67 188 40.1606
73 188 66.8896
74 188 66.8896
97 188 66.8896
127 188 66.8896
137 188 66.8896
146 188 66.8896
162 188 66.8896
199 188 66.8896
222 188 66.8896
223 188 66.8896
234 188 66.8896
282 188 66.8896
333 188 22.3214
360 188 7.44324
460 188 66.8896
41 189 28.6944
42 189 28.6944
52 189 28.6944
127 189 66.8896
137 189 66.8896
146 189 66.8896
162 189 66.8896
197 189 66.8896
199 189 66.8896
222 189 66.8896
223 189 66.8896
234 189 66.8896
296 189 66.8896
315 189 22.3214
333 189 22.3214
343 189 13.3958
460 189 66.8896
41 190 28.6944
42 190 28.6944
52 190 28.6944
60 190 40.1606
61 190 40.1606
65 190 40.1606
127 190 66.8896
137 190 66.8896
146 190 66.8896
160 190 66.8896
162 190 66.8896
197 190 66.8896
199 190 66.8896
222 190 66.8896
234 190 66.8896
253 190 66.8896
303 190 28.6944
315 190 22.3214
333 190 22.3214
334 190 22.3214
343 190 13.3958
460 190 66.8896
530 190 28.6944
533 190 22.3214
27 191 40.1606
41 191 28.6944
59 191 40.1606
60 191 40.1606
65 191 40.1606
70 191 66.8896
71 191 66.8896
116 191 40.1606
127 191 66.8896
137 191 66.8896
146 191 66.8896
160 191 66.8896
162 191 66.8896
185 191 66.8896
191 191 66.8896
197 191 200
199 191 200
222 191 66.8896
234 191 66.8896
253 191 66.8896
293 191 200
315 191 22.3214
333 191 22.3214
334 191 22.3214
460 191 66.8896
530 191 28.6944
531 191 28.6944
533 191 22.3214
534 191 22.3214
12 192 40.1606
27 192 40.1606
41 192 28.6944
70 192 66.8896
71 192 66.8896
72 192 66.8896
127 192 66.8896
137 192 66.8896
146 192 66.8896
162 192 66.8896
185 192 66.8896
192 192 66.8896
217 192 66.8896
222 192 66.8896
234 192 66.8896
253 192 66.8896
283 192 200
293 192 200
294 192 200
297 192 66.8896
315 192 22.3214
333 192 22.3214
339 192 15.456
341 192 13.3958
460 192 66.8896
525 192 66.8896
527 192 66.8896
530 192 28.6944
531 192 28.6944
533 192 22.3214
534 192 22.3214
535 192 22.3214
537 192 22.3214
41 193 28.6944
52 193 28.6944
59 193 40.1606
127 193 66.8896
137 193 66.8896
145 193 66.8896
146 193 66.8896
160 193 66.8896
162 193 66.8896
185 193 66.8896
217 193 66.8896
222 193 66.8896
234 193 66.8896
253 193 66.8896
333 193 22.3214
334 193 22.3214
341 193 15.456
369 193 66.8896
459 193 66.8896
460 193 66.8896
522 193 200
525 193 66.8896
527 193 40.1606
530 193 28.6944
531 193 28.6944
534 193 22.3214
535 193 22.3214
537 193 22.3214
540 193 15.456
14 194 40.1606
41 194 28.6944
42 194 28.6944
106 194 40.1606
115 194 40.1606
127 194 66.8896
137 194 66.8896
145 194 66.8896
146 194 66.8896
160 194 66.8896
162 194 66.8896
217 194 66.8896
222 194 66.8896
223 194 66.8896
234 194 66.8896
253 194 66.8896
266 194 200
333 194 22.3214
334 194 22.3214
339 194 15.456
351 194 9.56938
369 194 66.8896
375 194 200
383 194 28.6944
459 194 66.8896
530 194 28.6944
531 194 28.6944
533 194 22.3214
534 194 22.3214
535 194 22.3214
537 194 22.3214
540 194 15.456
41 195 28.6944
57 195 40.1606
113 195 40.1606
127 195 66.8896
137 195 66.8896
145 195 66.8896
146 195 66.8896
234 195 66.8896
253 195 66.8896
333 195 22.3214
362 195 200
369 195 66.8896
373 195 200
383 195 28.6944
459 195 66.8896
525 195 40.1606
527 195 40.1606
528 195 28.6944
530 195 28.6944
531 195 28.6944
533 195 22.3214
534 195 22.3214
535 195 22.3214
537 195 22.3214
40 196 28.6944
41 196 28.6944
57 196 40.1606
58 196 40.1606
60 196 200
61 196 200
127 196 66.8896
137 196 66.8896
146 196 66.8896
234 196 66.8896
253 196 66.8896
293 196 200
362 196 200
369 196 66.8896
373 196 200
459 196 66.8896
527 196 40.1606
530 196 28.6944
531 196 28.6944
533 196 22.3214
534 196 22.3214
41 197 28.6944
127 197 66.8896
137 197 66.8896
253 197 66.8896
303 197 28.6944
369 197 66.8896
373 197 200
382 197 28.6944
460 197 66.8896
530 197 28.6944
531 197 28.6944
533 197 22.3214
534 197 22.3214
41 198 28.6944
50 198 28.6944
126 198 66.8896
127 198 66.8896
253 198 66.8896
303 198 28.6944
333 198 18.2648
335 198 18.2648
373 198 200
382 198 18.2648
460 198 66.8896
41 199 28.6944
50 199 28.6944
127 199 66.8896
134 199 66.8896
135 199 66.8896
251 199 66.8896
253 199 66.8896
335 199 18.2648
336 199 18.2648
342 199 13.3958
345 199 28.6944
346 199 28.6944
382 199 18.2648
461 199 66.8896
41 200 28.6944
55 200 66.8896
127 200 66.8896
134 200 66.8896
336 200 18.2648
337 200 18.2648
345 200 28.6944
346 200 28.6944
356 200 15.456
382 200 18.2648
461 200 66.8896
41 201 28.6944
55 201 66.8896
266 201 200
293 201 200
337 201 200
347 201 28.6944
351 201 40.1606
373 201 200
382 201 18.2648
460 201 66.8896
461 201 66.8896
20 202 40.1606
21 202 40.1606
41 202 28.6944
110 202 28.6944
266 202 200
304 202 66.8896
337 202 200
351 202 40.1606
352 202 40.1606
382 202 18.2648
460 202 66.8896
461 202 66.8896
480 202 40.1606
481 202 40.1606
482 202 40.1606
484 202 40.1606
41 203 28.6944
50 203 28.6944
104 203 40.1606
110 203 28.6944
133 203 66.8896
194 203 66.8896
195 203 66.8896
282 203 200
338 203 200
342 203 66.8896
346 203 28.6944
347 203 28.6944
352 203 40.1606
394 203 200
461 203 66.8896
478 203 40.1606
480 203 40.1606
481 203 40.1606
482 203 40.1606
484 203 40.1606
40 204 28.6944
41 204 28.6944
50 204 28.6944
104 204 40.1606
110 204 28.6944
135 204 66.8896
136 204 40.1606
174 204 66.8896
192 204 66.8896
194 204 66.8896
195 204 66.8896
215 204 200
216 204 66.8896
217 204 66.8896
218 204 66.8896
337 204 200
338 204 200
346 204 200
347 204 200
348 204 200
355 204 28.6944
356 204 28.6944
478 204 40.1606
480 204 40.1606
481 204 40.1606
482 204 40.1606
484 204 40.1606
41 205 28.6944
61 205 40.1606
104 205 40.1606
110 205 28.6944
130 205 66.8896
137 205 40.1606
138 205 40.1606
173 205 66.8896
174 205 66.8896
194 205 66.8896
195 205 66.8896
217 205 66.8896
218 205 66.8896
256 205 66.8896
257 205 66.8896
337 205 15.456
347 205 200
356 205 40.1606
360 205 40.1606
362 205 22.3214
363 205 40.1606
369 205 13.3958
370 205 13.3958
374 205 11.8203
480 205 40.1606
481 205 40.1606
40 206 28.6944
41 206 28.6944
60 206 66.8896
110 206 28.6944
115 206 200
130 206 66.8896
138 206 40.1606
157 206 200
174 206 66.8896
194 206 66.8896
248 206 66.8896
257 206 66.8896
281 206 200
282 206 200
304 206 66.8896
337 206 15.456
348 206 200
360 206 22.3214
363 206 22.3214
370 206 13.3958
374 206 11.8203
382 206 28.6944
3 207 28.6944
4 207 28.6944
5 207 28.6944
40 207 28.6944
41 207 28.6944
50 207 28.6944
60 207 40.1606
61 207 40.1606
78 207 200
110 207 28.6944
130 207 66.8896
157 207 200
174 207 66.8896
194 207 66.8896
240 207 66.8896
248 207 66.8896
257 207 66.8896
281 207 200
325 207 40.1606
337 207 15.456
348 207 200
349 207 200
355 207 40.1606
362 207 22.3214
370 207 13.3958
374 207 11.8203
382 207 28.6944
435 207 66.8896
627 207 40.1606
13 208 28.6944
14 208 28.6944
41 208 28.6944
50 208 28.6944
61 208 40.1606
62 208 40.1606
68 208 66.8896
110 208 28.6944
130 208 66.8896
174 208 66.8896
194 208 66.8896
241 208 66.8896
300 208 66.8896
336 208 15.456
349 208 200
362 208 22.3214
367 208 66.8896
382 208 28.6944
627 208 40.1606
12 209 28.6944
14 209 28.6944
41 209 28.6944
50 209 28.6944
59 209 40.1606
60 209 40.1606
79 209 200
80 209 200
110 209 28.6944
130 209 66.8896
174 209 66.8896
194 209 66.8896
217 209 10.5764
249 209 200
306 209 40.1606
336 209 15.456
626 209 40.1606
41 210 28.6944
50 210 28.6944
60 210 40.1606
110 210 28.6944
173 210 66.8896
174 210 66.8896
194 210 66.8896
249 210 200
350 210 200
373 210 13.3958
626 210 40.1606
14 211 28.6944
15 211 28.6944
41 211 28.6944
64 211 66.8896
110 211 40.1606
173 211 66.8896
174 211 66.8896
194 211 66.8896
249 211 200
350 211 200
626 211 40.1606
14 212 28.6944
15 212 28.6944
41 212 28.6944
58 212 40.1606
59 212 40.1606
83 212 66.8896
84 212 66.8896
100 212 66.8896
110 212 28.6944
173 212 66.8896
174 212 66.8896
194 212 66.8896
267 212 200
268 212 200
272 212 66.8896
273 212 66.8896
274 212 66.8896
306 212 40.1606
356 212 200
14 213 28.6944
58 213 40.1606
59 213 40.1606
109 213 28.6944
110 213 28.6944
173 213 66.8896
174 213 66.8896
194 213 66.8896
275 213 66.8896
279 213 40.1606
306 213 40.1606
355 213 40.1606
356 213 40.1606
382 213 200
392 213 28.6944
625 213 40.1606
10 214 28.6944
14 214 28.6944
58 214 40.1606
103 214 28.6944
109 214 28.6944
110 214 28.6944
135 214 66.8896
161 214 66.8896
168 214 66.8896
173 214 66.8896
174 214 66.8896
194 214 66.8896
213 214 10.5764
251 214 200
275 214 66.8896
306 214 40.1606
352 214 66.8896
355 214 40.1606
359 214 28.6944
372 214 18.2648
625 214 40.1606
14 215 28.6944
57 215 40.1606
58 215 40.1606
103 215 28.6944
109 215 28.6944
110 215 28.6944
134 215 66.8896
161 215 66.8896
174 215 66.8896
249 215 200
275 215 66.8896
349 215 200
352 215 66.8896
355 215 40.1606
356 215 40.1606
359 215 28.6944
625 215 40.1606
14 216 28.6944
57 216 40.1606
58 216 40.1606
109 216 28.6944
110 216 28.6944
134 216 66.8896
141 216 66.8896
213 216 9.56938
235 216 10.5764
236 216 10.5764
249 216 200
349 216 200
352 216 66.8896
355 216 40.1606
358 216 40.1606
625 216 40.1606
14 217 28.6944
15 217 28.6944
57 217 40.1606
110 217 28.6944
135 217 66.8896
142 217 66.8896
212 217 9.56938
224 217 28.6944
235 217 10.5764
237 217 10.5764
249 217 200
275 217 66.8896
278 217 40.1606
349 217 200
355 217 40.1606
403 217 200
624 217 40.1606
625 217 40.1606
20 218 28.6944
21 218 28.6944
57 218 40.1606
103 218 40.1606
110 218 28.6944
129 218 66.8896
135 218 66.8896
222 218 28.6944
237 218 10.5764
249 218 200
278 218 40.1606
349 218 200
408 218 66.8896
624 218 40.1606
13 219 28.6944
56 219 40.1606
57 219 40.1606
94 219 200
110 219 28.6944
129 219 66.8896
135 219 66.8896
136 219 66.8896
236 219 10.5764
237 219 10.5764
249 219 200
311 219 22.3214
331 219 22.3214
349 219 200
350 219 200
410 219 66.8896
481 219 40.1606
624 219 40.1606
13 220 28.6944
53 220 40.1606
56 220 40.1606
57 220 40.1606
94 220 200
110 220 28.6944
135 220 66.8896
235 220 10.5764
236 220 10.5764
274 220 200
275 220 200
307 220 28.6944
311 220 22.3214
331 220 22.3214
350 220 200
399 220 200
401 220 200
410 220 66.8896
412 220 66.8896
13 221 28.6944
19 221 28.6944
20 221 28.6944
110 221 28.6944
127 221 200
236 221 10.5764
296 221 200
307 221 28.6944
311 221 22.3214
331 221 22.3214
399 221 200
401 221 200
531 221 40.1606
624 221 40.1606
13 222 28.6944
20 222 28.6944
69 222 66.8896
103 222 40.1606
110 222 28.6944
307 222 28.6944
311 222 22.3214
331 222 22.3214
337 222 15.456
371 222 200
399 222 200
401 222 200
531 222 40.1606
624 222 40.1606
20 223 28.6944
21 223 28.6944
80 223 200
103 223 40.1606
110 223 28.6944
133 223 66.8896
205 223 11.8203
331 223 22.3214
337 223 15.456
344 223 66.8896
345 223 66.8896
352 223 28.6944
367 223 11.8203
386 223 40.1606
399 223 200
401 223 200
481 223 40.1606
531 223 40.1606
624 223 40.1606
70 224 66.8896
110 224 28.6944
203 224 11.8203
205 224 11.8203
337 224 15.456
343 224 66.8896
344 224 66.8896
354 224 28.6944
367 224 11.8203
399 224 200
531 224 40.1606
70 225 66.8896
80 225 200
103 225 40.1606
110 225 28.6944
236 225 8.73744
337 225 15.456
342 225 66.8896
381 225 28.6944
408 225 28.6944
480 225 40.1606
531 225 40.1606
625 225 40.1606
60 226 40.1606
70 226 66.8896
80 226 200
103 226 28.6944
110 226 28.6944
157 226 66.8896
158 226 66.8896
178 226 66.8896
180 226 66.8896
208 226 8.73744
342 226 66.8896
371 226 200
381 226 28.6944
408 226 28.6944
480 226 40.1606
481 226 40.1606
531 226 40.1606
23 227 28.6944
31 227 28.6944
54 227 40.1606
70 227 66.8896
71 227 66.8896
103 227 28.6944
110 227 28.6944
111 227 28.6944
135 227 66.8896
148 227 66.8896
149 227 66.8896
158 227 66.8896
178 227 66.8896
180 227 66.8896
270 227 9.56938
287 227 13.3958
289 227 15.456
291 227 13.3958
337 227 15.456
342 227 66.8896
355 227 18.2648
359 227 15.456
372 227 200
379 227 28.6944
380 227 28.6944
381 227 28.6944
401 227 66.8896
405 227 40.1606
422 227 28.6944
17 228 28.6944
31 228 28.6944
54 228 40.1606
71 228 66.8896
110 228 28.6944
133 228 66.8896
135 228 66.8896
149 228 66.8896
158 228 66.8896
180 228 66.8896
201 228 10.5764
269 228 8.73744
289 228 15.456
338 228 18.2648
342 228 66.8896
343 228 66.8896
349 228 28.6944
352 228 22.3214
381 228 28.6944
422 228 28.6944
16 229 28.6944
17 229 28.6944
54 229 40.1606
94 229 200
110 229 28.6944
111 229 28.6944
135 229 66.8896
149 229 66.8896
158 229 66.8896
180 229 66.8896
200 229 10.5764
201 229 10.5764
203 229 13.3958
204 229 200
205 229 200
206 229 66.8896
207 229 40.1606
208 229 40.1606
209 229 28.6944
210 229 28.6944
211 229 28.6944
212 229 28.6944
213 229 28.6944
214 229 40.1606
336 229 18.2648
337 229 18.2648
341 229 66.8896
342 229 66.8896
349 229 28.6944
350 229 22.3214
352 229 22.3214
381 229 40.1606
385 229 6.93001
406 229 40.1606
422 229 28.6944
624 229 40.1606
4 230 28.6944
17 230 28.6944
54 230 40.1606
72 230 66.8896
94 230 200
103 230 28.6944
110 230 28.6944
111 230 28.6944
135 230 66.8896
157 230 66.8896
158 230 66.8896
180 230 66.8896
200 230 10.5764
208 230 40.1606
209 230 28.6944
210 230 28.6944
211 230 28.6944
212 230 28.6944
234 230 7.44324
267 230 9.56938
268 230 8.73744
307 230 6.48298
309 230 6.48298
336 230 18.2648
337 230 18.2648
341 230 13.3958
342 230 13.3958
357 230 66.8896
360 230 40.1606
387 230 6.93001
423 230 28.6944
495 230 40.1606
624 230 40.1606
4 231 28.6944
54 231 40.1606
73 231 66.8896
74 231 66.8896
103 231 28.6944
104 231 28.6944
110 231 28.6944
135 231 66.8896
149 231 66.8896
158 231 66.8896
204 231 200
208 231 40.1606
209 231 28.6944
234 231 7.44324
330 231 28.6944
337 231 18.2648
342 231 13.3958
348 231 10.5764
350 231 22.3214
357 231 8.03858
358 231 40.1606
360 231 40.1606
365 231 28.6944
368 231 22.3214
381 231 40.1606
413 231 5.43183
524 231 40.1606
4 232 28.6944
54 232 40.1606
74 232 66.8896
88 232 28.6944
103 232 28.6944
110 232 28.6944
135 232 66.8896
158 232 66.8896
201 232 13.3958
237 232 6.48298
238 232 6.48298
263 232 66.8896
265 232 66.8896
296 232 28.6944
309 232 6.93001
337 232 18.2648
348 232 10.5764
357 232 8.03858
358 232 8.03858
365 232 28.6944
368 232 22.3214
381 232 40.1606
4 233 28.6944
54 233 40.1606
74 233 66.8896
110 233 28.6944
111 233 28.6944
157 233 66.8896
158 233 66.8896
198 233 13.3958
199 233 13.3958
202 233 13.3958
234 233 6.93001
252 233 11.8203
258 233 200
261 233 8.73744
263 233 66.8896
264 233 66.8896
265 233 66.8896
266 233 40.1606
267 233 40.1606
268 233 40.1606
269 233 40.1606
279 233 15.456
281 233 13.3958
282 233 13.3958
284 233 40.1606
296 233 28.6944
337 233 200
357 233 8.03858
358 233 8.03858
361 233 8.03858
366 233 22.3214
382 233 40.1606
4 234 28.6944
54 234 40.1606
70 234 66.8896
88 234 28.6944
93 234 200
94 234 200
110 234 28.6944
111 234 28.6944
134 234 66.8896
148 234 66.8896
149 234 66.8896
158 234 66.8896
179 234 66.8896
199 234 13.3958
200 234 13.3958
232 234 6.93001
233 234 6.93001
234 234 6.93001
260 234 8.73744
261 234 9.56938
266 234 40.1606
267 234 40.1606
268 234 40.1606
269 234 40.1606
277 234 15.456
278 234 15.456
281 234 13.3958
283 234 13.3958
296 234 28.6944
299 234 22.3214
307 234 8.73744
342 234 40.1606
343 234 40.1606
358 234 8.03858
359 234 8.03858
367 234 6.48298
531 234 40.1606
4 235 28.6944
54 235 40.1606
70 235 66.8896
71 235 66.8896
110 235 28.6944
111 235 28.6944
134 235 66.8896
143 235 66.8896
148 235 66.8896
149 235 66.8896
158 235 66.8896
179 235 66.8896
181 235 66.8896
185 235 28.6944
188 235 22.3214
197 235 13.3958
264 235 66.8896
275 235 10.5764
278 235 15.456
283 235 13.3958
307 235 8.73744
308 235 8.73744
337 235 200
342 235 40.1606
343 235 40.1606
356 235 8.03858
367 235 6.48298
368 235 6.48298
531 235 40.1606
4 236 28.6944
33 236 40.1606
71 236 66.8896
110 236 28.6944
135 236 66.8896
143 236 66.8896
149 236 66.8896
158 236 66.8896
260 236 8.73744
275 236 10.5764
276 236 10.5764
279 236 15.456
295 236 18.2648
307 236 8.73744
337 236 200
342 236 40.1606
382 236 28.6944
531 236 40.1606
4 237 28.6944
53 237 40.1606
54 237 40.1606
71 237 66.8896
79 237 200
110 237 28.6944
111 237 28.6944
199 237 13.3958
200 237 11.8203
201 237 13.3958
269 237 40.1606
276 237 10.5764
4 238 28.6944
54 238 40.1606
87 238 28.6944
93 238 200
110 238 28.6944
111 238 28.6944
194 238 22.3214
295 238 18.2648
303 238 28.6944
342 238 22.3214
383 238 28.6944
4 239 28.6944
43 239 28.6944
87 239 28.6944
110 239 28.6944
111 239 28.6944
133 239 66.8896
203 239 13.3958
270 239 13.3958
281 239 8.03858
287 239 40.1606
288 239 40.1606
303 239 28.6944
309 239 18.2648
333 239 40.1606
342 239 40.1606
4 240 28.6944
110 240 28.6944
111 240 28.6944
156 240 66.8896
265 240 15.456
268 240 13.3958
277 240 9.56938
281 240 8.03858
303 240 28.6944
332 240 40.1606
433 240 28.6944
117 241 28.6944
118 241 28.6944
119 241 28.6944
156 241 66.8896
207 241 22.3214
209 241 28.6944
210 241 28.6944
212 241 28.6944
214 241 40.1606
217 241 200
218 241 200
232 241 28.6944
233 241 28.6944
234 241 28.6944
235 241 28.6944
236 241 28.6944
251 241 8.03858
268 241 13.3958
281 241 8.03858
285 241 40.1606
433 241 28.6944
200 242 13.3958
201 242 40.1606
202 242 40.1606
203 242 40.1606
207 242 22.3214
208 242 28.6944
209 242 28.6944
210 242 28.6944
211 242 28.6944
212 242 28.6944
215 242 200
226 242 28.6944
227 242 28.6944
228 242 28.6944
229 242 22.3214
230 242 22.3214
232 242 22.3214
233 242 28.6944
234 242 28.6944
236 242 28.6944
250 242 8.03858
275 242 9.56938
191 243 28.6944
194 243 66.8896
195 243 66.8896
196 243 66.8896
199 243 11.8203
204 243 18.2648
205 243 22.3214
206 243 18.2648
207 243 22.3214
208 243 28.6944
210 243 28.6944
221 243 9.56938
223 243 8.73744
226 243 22.3214
227 243 28.6944
228 243 28.6944
229 243 22.3214
230 243 22.3214
231 243 22.3214
232 243 22.3214
233 243 28.6944
250 243 8.03858
282 243 8.03858
187 244 40.1606
188 244 40.1606
190 244 40.1606
191 244 28.6944
198 244 11.8203
199 244 11.8203
200 244 11.8203
208 244 22.3214
219 244 9.56938
221 244 8.73744
222 244 8.73744
223 244 8.73744
225 244 8.73744
230 244 22.3214
231 244 22.3214
249 244 8.03858
250 244 8.03858
258 244 22.3214
259 244 22.3214
199 245 11.8203
200 245 11.8203
201 245 11.8203
202 245 11.8203
203 245 13.3958
204 245 13.3958
205 245 18.2648
220 245 9.56938
222 245 8.73744
223 245 8.73744
224 245 8.73744
226 245 22.3214
238 245 13.3958
249 245 8.03858
250 245 8.03858
259 245 22.3214
104 246 28.6944
105 246 28.6944
200 246 11.8203
216 246 7.44324
222 246 8.73744
223 246 8.73744
247 246 8.73744
250 246 8.03858
252 246 8.03858
253 246 10.5764
89 247 28.6944
218 247 7.44324
247 247 9.56938
248 247 8.03858
250 247 8.03858
251 247 8.03858
252 247 8.03858
253 247 10.5764
254 247 10.5764
3 248 22.3214
4 248 22.3214
89 248 28.6944
90 248 28.6944
208 248 22.3214
209 248 22.3214
250 248 8.03858
251 248 8.03858
254 248 10.5764
4 249 22.3214
5 249 22.3214
224 249 8.73744
232 249 8.03858
233 249 8.03858
5 250 22.3214
6 250 22.3214
232 250 8.03858
328 250 2.4216
6 251 22.3214
12 251 22.3214
230 251 8.03858
17 253 22.3214
24 254 22.3214
25 254 22.3214
25 255 22.3214
26 255 22.3214
329 267 18.2648
584 272 15.456
585 272 15.456
222 280 11.8203
280 280 11.8203
566 280 13.3958
595 284 11.8203
75 285 13.3958
76 285 13.3958
77 285 13.3958
78 285 13.3958
271 285 10.5764
272 285 10.5764
599 285 11.8203
597 286 11.8203
598 286 11.8203
599 286 11.8203
307 287 11.8203
603 287 10.5764
262 288 10.5764
295 291 10.5764
215 292 9.56938
216 292 9.56938
213 293 9.56938
215 293 9.56938
216 293 9.56938
209 294 9.56938
210 294 9.56938
211 294 9.56938
210 295 9.56938
211 295 9.56938
212 295 9.56938
196 296 9.56938
263 297 9.56938
229 298 11.8203
234 298 8.73744
229 299 11.8203
233 300 8.73744
234 300 8.73744
235 300 8.73744
235 301 8.73744
225 303 8.73744
263 303 9.56938
264 303 9.56938
223 304 8.73744
598 304 9.56938
188 305 8.03858
600 305 9.56938
602 305 9.56938
188 306 8.03858
211 306 8.03858
597 306 9.56938
600 306 9.56938
602 306 9.56938
192 307 9.56938
211 307 8.03858
212 307 8.03858
213 307 8.03858
190 308 8.03858
197 308 8.03858
198 308 8.03858
214 308 8.03858
94 309 9.56938
95 309 9.56938
184 309 8.03858
195 309 8.03858
184 310 8.03858
185 310 8.03858
276 310 9.56938
54 311 8.73744
178 311 8.73744
276 311 9.56938
279 311 8.73744
53 312 8.73744
182 312 7.44324
184 312 7.44324
51 313 8.73744
52 313 8.73744
58 313 8.73744
183 313 7.44324
184 313 7.44324
185 313 7.44324
192 313 7.44324
164 314 7.44324
193 314 7.44324
194 314 7.44324
158 315 7.44324
164 315 7.44324
193 315 7.44324
45 316 8.73744
46 316 8.73744
159 316 7.44324
164 316 7.44324
176 316 7.44324
43 317 8.73744
44 317 8.73744
42 318 8.73744
177 318 6.93001
226 318 8.03858
227 318 8.03858
40 319 8.73744
129 319 7.44324
177 319 6.93001
178 319 6.93001
637 320 8.03858
147 321 6.93001
148 321 6.93001
181 321 6.93001
626 321 8.03858
637 321 8.03858
35 322 8.03858
36 322 8.03858
148 322 6.93001
34 323 8.03858
177 323 6.93001
178 323 6.93001
620 323 8.03858
14 324 8.03858
15 324 8.03858
32 324 8.03858
43 324 8.03858
159 324 7.44324
160 324 6.93001
16 325 8.03858
17 325 8.03858
31 325 8.03858
142 325 6.93001
144 325 6.93001
162 325 6.93001
163 325 6.93001
226 325 7.44324
18 326 8.03858
19 326 8.03858
223 327 7.44324
224 327 7.44324
19 328 7.44324
20 328 7.44324
131 328 6.48298
132 328 6.48298
157 328 6.93001
21 329 7.44324
22 329 7.44324
132 329 6.48298
141 329 7.44324
142 329 7.44324
147 329 6.48298
110 330 6.93001
135 330 6.48298
136 330 6.48298
141 330 7.44324
147 330 6.48298
137 331 6.48298
138 331 6.48298
140 331 6.93001
173 331 6.48298
124 332 6.48298
137 332 6.48298
138 332 6.48298
142 332 6.48298
143 332 6.48298
144 332 6.48298
172 332 6.48298
173 332 6.48298
161 333 6.48298
162 333 6.48298
162 334 6.48298
180 334 6.48298
181 334 6.48298
90 335 6.48298
147 335 6.48298
216 335 6.93001
90 336 6.48298
146 336 6.48298
151 336 6.09013
152 336 6.09013
209 336 6.93001
210 336 6.93001
211 336 6.93001
212 336 6.93001
83 337 6.09013
145 337 6.48298
150 337 6.09013
84 338 6.09013
103 338 6.09013
104 338 6.09013
104 339 6.09013
99 340 6.09013
100 340 6.09013
121 340 6.48298
122 340 6.48298
185 340 6.48298
100 341 6.09013
119 341 6.09013
120 341 6.48298
121 341 6.48298
124 341 6.48298
187 341 6.48298
188 341 6.48298
83 342 6.09013
119 342 6.09013
179 342 6.48298
189 342 6.48298
190 342 6.48298
177 343 6.48298
177 344 6.48298
178 344 6.48298
187 344 6.48298
95 345 6.09013
177 345 6.48298
79 347 6.09013
81 347 5.74218
123 347 5.74218
82 348 5.43183
128 348 5.74218
176 348 6.09013
182 348 6.09013
183 348 6.09013
78 349 5.43183
81 349 5.43183
82 349 5.43183
83 349 5.43183
84 349 5.43183
124 349 5.74218
176 349 6.09013
177 349 6.09013
178 349 6.09013
79 350 5.43183
80 350 5.43183
81 350 5.43183
82 350 5.43183
83 350 5.43183
124 350 5.74218
177 350 6.09013
178 350 6.09013
179 350 6.09013
180 350 6.09013
181 350 6.09013
62 351 5.74218
80 351 5.43183
89 351 5.43183
169 351 6.09013
59 352 5.74218
214 352 6.09013
86 353 5.43183
87 353 5.43183
88 353 5.43183
89 353 5.43183
106 353 5.74218
88 354 5.43183
104 354 5.43183
105 354 5.43183
108 354 5.43183
109 354 5.43183
110 354 5.43183
108 355 5.43183
109 355 5.43183
97 356 5.74218
101 356 5.43183
102 356 5.43183
103 356 5.43183
104 356 5.43183
106 356 5.43183
107 356 5.43183
99 357 5.43183
100 357 5.43183
104 357 5.43183
164 357 6.09013
619 357 6.09013
100 358 5.43183
166 358 5.74218
167 358 5.74218
618 358 6.09013
158 359 5.74218
159 359 5.74218
216 359 5.74218
617 359 6.09013
91 360 5.43183
156 360 5.74218
207 361 5.74218
221 361 5.74218
222 361 5.74218
148 362 6.09013
218 362 5.74218
219 362 5.74218
151 363 5.74218
205 363 5.74218
219 363 5.74218
220 363 5.74218
221 363 5.74218
144 364 5.43183
145 364 5.43183
205 364 5.74218
88 365 4.90196
144 365 5.43183
148 365 5.15331
614 365 5.74218
86 366 4.90196
143 366 5.43183
144 366 5.43183
86 367 4.90196
97 368 5.15331
126 368 5.15331
53 369 4.90196
78 369 5.15331
82 369 5.15331
83 369 4.90196
84 369 4.90196
85 369 4.90196
126 369 5.15331
40 370 18.2648
81 370 4.90196
83 370 4.90196
85 370 4.90196
86 370 4.90196
95 370 5.15331
127 370 5.15331
81 371 4.90196
87 371 4.90196
90 371 5.15331
82 372 4.90196
83 372 4.90196
92 372 5.15331
77 373 5.43183
83 373 4.90196
84 373 4.90196
86 373 4.67399
87 373 4.67399
82 374 4.90196
83 374 4.90196
84 374 4.90196
37 375 4.67399
211 375 5.15331
37 376 4.67399
38 376 4.67399
61 376 4.67399
210 376 5.15331
211 376 5.15331
38 377 4.67399
62 377 4.67399
63 377 4.67399
79 377 4.90196
80 377 4.90196
83 377 5.15331
88 377 4.67399
89 377 4.67399
223 377 5.15331
224 377 5.15331
56 378 4.67399
63 378 4.67399
64 378 4.67399
87 378 4.67399
221 378 5.15331
55 379 4.67399
58 379 4.67399
59 379 4.67399
61 379 4.67399
77 379 4.67399
78 379 4.67399
86 379 4.67399
87 379 4.67399
221 379 5.15331
222 379 5.15331
38 380 4.67399
58 380 4.67399
59 380 4.67399
60 380 4.67399
61 380 4.67399
78 380 4.67399
79 380 4.67399
87 380 4.67399
38 381 4.67399
57 381 4.67399
77 381 4.67399
78 381 4.67399
36 382 4.67399
46 382 4.46628
46 383 4.46628
69 384 4.46628
70 384 4.46628
83 384 4.46628
4 385 4.27625
57 385 4.90196
84 385 4.46628
6 386 4.27625
58 386 4.90196
61 386 4.46628
63 386 4.46628
82 386 4.46628
3 387 4.10172
5 387 4.27625
6 387 4.27625
52 387 4.46628
55 387 4.90196
56 387 4.90196
61 387 4.46628
62 387 4.46628
63 387 4.46628
69 387 4.46628
121 387 4.90196
3 388 4.10172
4 388 4.10172
6 388 4.27625
52 388 4.46628
55 388 4.90196
59 388 4.67399
60 388 4.46628
62 388 4.46628
121 388 4.90196
4 389 4.10172
6 389 4.27625
47 389 4.67399
48 389 4.67399
5 390 4.27625
7 390 4.27625
50 390 4.27625
51 390 4.27625
59 390 4.46628
106 390 4.67399
7 391 4.27625
44 391 4.67399
50 391 4.27625
51 391 4.27625
104 391 4.67399
105 391 4.67399
106 391 4.67399
6 392 4.27625
7 392 4.27625
44 392 4.46628
8 393 4.27625
43 393 4.46628
4 394 4.10172
5 394 4.10172
6 394 4.10172
9 394 4.27625
43 394 4.46628
45 394 4.27625
46 394 4.27625
160 394 4.67399
8 395 4.27625
16 395 4.10172
17 395 4.10172
39 395 4.67399
41 395 4.67399
45 395 4.27625
46 395 4.27625
160 395 4.67399
16 396 4.10172
17 396 4.10172
18 396 4.10172
41 396 4.67399
45 396 4.27625
46 396 4.27625
34 397 4.10172
36 397 4.10172
37 397 4.10172
45 397 4.27625
26 398 4.27625
36 398 4.10172
37 398 4.10172
38 398 4.10172
45 398 4.10172
46 398 4.10172
47 398 4.10172
57 398 4.46628
24 399 4.27625
37 399 4.10172
96 399 4.46628
97 399 4.46628
98 399 4.46628
25 400 4.10172
26 400 4.27625
31 400 4.67399
36 400 4.10172
37 400 4.10172
21 401 3.94089
24 401 4.10172
25 401 4.10172
36 401 4.10172
37 401 4.10172
38 401 4.10172
91 401 4.46628
92 401 4.46628
93 401 4.46628
94 401 4.46628
209 401 4.46628
21 402 3.94089
22 402 3.94089
23 402 3.94089
26 402 4.10172
27 402 4.10172
34 402 3.94089
35 402 3.94089
36 402 3.94089
37 402 4.10172
38 402 4.10172
24 403 3.94089
25 403 4.10172
26 403 4.10172
35 403 3.94089
36 403 3.94089
37 403 3.94089
50 403 4.10172
36 404 3.94089
37 404 3.94089
47 405 3.40657
21 406 4.27625
22 406 4.27625
46 406 3.40657
21 407 4.27625
25 407 3.94089
26 407 4.10172
18 408 3.94089
23 408 4.10172
28 408 4.10172
88 408 4.27625
18 409 3.94089
21 409 3.94089
25 409 3.94089
26 409 4.10172
27 409 4.10172
437 409 4.46628
18 410 3.94089
19 410 3.94089
187 410 4.27625
435 410 4.46628
10 411 3.94089
11 411 3.94089
14 411 3.94089
19 411 3.94089
20 411 3.94089
10 412 3.94089
18 412 3.94089
21 412 3.94089
22 412 3.94089
23 412 3.94089
10 413 3.94089
11 413 3.94089
19 413 3.79219
20 413 3.94089
21 413 3.94089
35 413 3.94089
36 413 3.94089
52 413 3.94089
53 413 3.94089
53 414 3.94089
9 415 3.94089
24 415 3.52609
51 415 3.94089
10 416 3.79219
69 416 4.10172
70 416 4.10172
22 417 3.52609
52 417 3.94089
66 417 4.10172
67 417 4.10172
68 417 4.10172
55 419 3.94089
55 420 3.94089
3 421 3.6543
55 421 3.94089
56 421 3.94089
53 422 3.94089
138 422 4.10172
53 423 3.94089
53 424 3.94089
177 424 4.10172
177 425 4.10172
12 427 3.6543
9 428 3.6543
10 428 3.6543
10 429 3.6543
9 430 3.6543
381 431 3.94089
46 432 3.79219
47 432 3.79219
78 432 3.79219
79 432 3.79219
147 432 3.79219
150 432 3.79219
378 432 3.94089
379 432 3.94089
506 432 3.94089
149 433 3.79219
150 433 3.79219
181 433 3.94089
147 434 3.79219
148 434 3.79219
341 434 4.10172
379 434 3.94089
338 435 4.10172
402 435 3.94089
182 437 3.79219
183 437 3.79219
40 438 3.79219
41 438 3.79219
45 438 3.6543
182 438 3.79219
183 438 3.79219
184 438 3.79219
339 438 3.94089
343 438 3.79219
347 438 3.79219
348 438 3.79219
392 438 3.94089
393 438 3.94089
40 439 3.79219
41 439 3.79219
330 439 4.27625
339 439 3.94089
340 439 3.79219
341 439 3.79219
343 439 3.79219
344 439 3.79219
345 439 3.79219
346 439 3.79219
393 439 3.94089
394 439 3.94089
40 440 3.6543
41 440 3.6543
42 440 3.6543
43 440 3.6543
45 440 3.6543
338 440 3.79219
339 440 3.79219
341 440 3.79219
342 440 3.79219
343 440 3.79219
347 440 3.79219
38 441 3.6543
339 441 3.79219
343 441 3.79219
344 441 3.79219
345 441 3.79219
38 442 3.6543
39 442 3.6543
40 442 3.6543
41 442 3.6543
42 442 3.6543
340 442 3.79219
341 442 3.79219
398 442 3.79219
230 443 3.94089
344 443 3.6543
429 443 3.79219
38 444 3.6543
186 444 3.79219
55 445 4.27625
65 445 3.79219
189 445 3.6543
235 445 3.6543
399 445 3.94089
515 445 3.79219
516 445 3.79219
64 446 3.6543
65 446 3.6543
67 446 3.6543
68 446 3.6543
133 446 3.6543
63 447 3.6543
134 447 3.6543
135 447 3.6543
247 447 3.6543
248 447 3.6543
518 447 3.79219
63 448 3.6543
64 448 3.6543
65 448 3.6543
66 448 3.6543
67 448 3.6543
169 448 3.6543
181 448 3.6543
62 449 3.52609
63 449 3.52609
207 449 3.79219
361 449 3.6543
395 449 3.6543
558 449 3.79219
561 449 3.6543
62 450 3.52609
63 450 3.52609
64 450 3.52609
206 450 3.79219
208 450 3.79219
211 450 3.6543
212 450 3.6543
213 450 3.6543
435 451 3.6543
436 451 3.6543
119 452 3.6543
122 452 3.52609
206 452 3.6543
176 453 3.52609
540 453 3.6543
118 454 3.6543
168 454 3.52609
312 454 3.52609
168 455 3.52609
325 456 3.52609
568 456 3.52609
350 457 3.52609
567 457 3.52609
518 459 3.52609
174 461 3.40657
175 461 3.40657
527 461 3.52609
531 461 3.52609
137 462 3.6543
215 462 3.40657
216 462 3.40657
142 463 3.40657
143 463 3.40657
196 463 3.40657
197 463 3.40657
223 463 3.40657
136 464 3.6543
341 464 3.40657
140 465 3.40657
140 467 3.40657
216 467 3.40657
632 469 3.40657
122 470 3.40657
630 470 3.40657
631 470 3.40657
295 471 3.29489
121 473 3.29489
87 477 3.1903
325 477 3.1903
