265 3 28.6944
270 3 18.2648
305 3 5.74218
326 3 28.6944
344 3 11.8203
347 3 10.5764
368 3 22.3214
369 3 22.3214
447 3 18.2648
448 3 18.2648
578 3 8.73744
265 4 28.6944
266 4 28.6944
270 4 18.2648
271 4 18.2648
296 4 200
308 4 22.3214
326 4 28.6944
337 4 15.456
344 4 11.8203
367 4 22.3214
445 4 18.2648
446 4 18.2648
447 4 18.2648
578 4 8.73744
266 5 28.6944
267 5 28.6944
270 5 18.2648
271 5 18.2648
308 5 22.3214
326 5 28.6944
337 5 15.456
344 5 11.8203
366 5 22.3214
371 5 15.456
444 5 18.2648
445 5 18.2648
446 5 18.2648
579 5 8.73744
262 6 15.456
266 6 28.6944
271 6 18.2648
301 6 40.1606
302 6 40.1606
308 6 22.3214
314 6 13.3958
330 6 22.3214
336 6 15.456
337 6 15.456
344 6 11.8203
366 6 22.3214
370 6 15.456
434 6 22.3214
443 6 18.2648
444 6 18.2648
479 6 22.3214
487 6 22.3214
488 6 22.3214
512 6 28.6944
568 6 11.8203
569 6 11.8203
636 6 11.8203
267 7 22.3214
271 7 18.2648
302 7 40.1606
307 7 22.3214
308 7 22.3214
325 7 18.2648
330 7 22.3214
336 7 15.456
337 7 15.456
351 7 18.2648
365 7 22.3214
437 7 28.6944
442 7 18.2648
443 7 18.2648
478 7 22.3214
479 7 22.3214
487 7 22.3214
267 8 18.2648
271 8 18.2648
301 8 40.1606
302 8 40.1606
307 8 22.3214
325 8 18.2648
330 8 22.3214
336 8 15.456
351 8 18.2648
361 8 28.6944
365 8 22.3214
367 8 22.3214
400 8 22.3214
433 8 28.6944
436 8 28.6944
441 8 18.2648
442 8 18.2648
267 9 18.2648
271 9 18.2648
301 9 40.1606
302 9 40.1606
307 9 22.3214
325 9 18.2648
330 9 22.3214
336 9 15.456
361 9 22.3214
364 9 22.3214
367 9 18.2648
370 9 13.3958
396 9 28.6944
435 9 28.6944
439 9 18.2648
440 9 18.2648
267 10 18.2648
268 10 18.2648
271 10 18.2648
302 10 40.1606
307 10 22.3214
325 10 18.2648
336 10 15.456
363 10 22.3214
364 10 22.3214
365 10 22.3214
396 10 28.6944
432 10 40.1606
438 10 18.2648
439 10 18.2648
267 11 22.3214
268 11 22.3214
271 11 18.2648
302 11 40.1606
307 11 22.3214
316 11 40.1606
325 11 40.1606
330 11 22.3214
336 11 15.456
345 11 28.6944
362 11 22.3214
363 11 22.3214
364 11 22.3214
396 11 28.6944
431 11 40.1606
437 11 18.2648
438 11 18.2648
476 11 22.3214
267 12 22.3214
271 12 18.2648
272 12 18.2648
302 12 40.1606
307 12 22.3214
308 12 22.3214
320 12 4.90196
325 12 40.1606
330 12 22.3214
336 12 15.456
359 12 28.6944
362 12 22.3214
436 12 18.2648
437 12 18.2648
267 13 28.6944
272 13 18.2648
302 13 40.1606
307 13 22.3214
325 13 40.1606
330 13 22.3214
333 13 8.03858
336 13 15.456
358 13 28.6944
361 13 22.3214
430 13 40.1606
435 13 18.2648
436 13 18.2648
475 13 22.3214
554 13 11.8203
597 13 11.8203
267 14 28.6944
272 14 18.2648
302 14 40.1606
308 14 22.3214
314 14 15.456
325 14 40.1606
330 14 22.3214
333 14 8.03858
336 14 15.456
345 14 22.3214
358 14 28.6944
364 14 22.3214
371 14 11.8203
380 14 28.6944
435 14 18.2648
498 14 22.3214
536 14 9.56938
552 14 11.8203
597 14 11.8203
267 15 28.6944
272 15 18.2648
273 15 18.2648
302 15 40.1606
308 15 22.3214
314 15 15.456
323 15 40.1606
325 15 40.1606
333 15 8.03858
335 15 15.456
344 15 22.3214
345 15 22.3214
351 15 66.8896
357 15 28.6944
360 15 22.3214
361 15 22.3214
371 15 11.8203
427 15 40.1606
433 15 18.2648
434 15 18.2648
435 15 18.2648
532 15 10.5764
536 15 9.56938
267 16 28.6944
268 16 28.6944
272 16 18.2648
273 16 18.2648
302 16 40.1606
308 16 22.3214
320 16 11.8203
323 16 40.1606
325 16 40.1606
333 16 8.03858
335 16 15.456
339 16 13.3958
351 16 66.8896
356 16 28.6944
357 16 28.6944
360 16 22.3214
361 16 18.2648
371 16 11.8203
425 16 40.1606
432 16 18.2648
433 16 18.2648
434 16 18.2648
531 16 10.5764
533 16 10.5764
580 16 11.8203
267 17 28.6944
268 17 28.6944
273 17 18.2648
302 17 40.1606
308 17 22.3214
323 17 40.1606
325 17 40.1606
339 17 13.3958
343 17 22.3214
356 17 28.6944
359 17 22.3214
360 17 22.3214
364 17 22.3214
365 17 22.3214
371 17 11.8203
430 17 18.2648
431 17 18.2648
432 17 18.2648
268 18 28.6944
273 18 18.2648
302 18 40.1606
308 18 22.3214
325 18 40.1606
329 18 22.3214
343 18 22.3214
355 18 28.6944
358 18 22.3214
359 18 22.3214
379 18 28.6944
424 18 40.1606
429 18 18.2648
430 18 18.2648
431 18 18.2648
482 18 22.3214
268 19 28.6944
273 19 18.2648
274 19 18.2648
308 19 22.3214
321 19 11.8203
329 19 22.3214
342 19 22.3214
343 19 22.3214
345 19 22.3214
354 19 28.6944
357 19 22.3214
358 19 22.3214
360 19 22.3214
428 19 18.2648
429 19 18.2648
497 19 22.3214
268 20 28.6944
269 20 28.6944
274 20 18.2648
303 20 40.1606
329 20 22.3214
333 20 15.456
334 20 15.456
342 20 22.3214
354 20 28.6944
357 20 22.3214
422 20 28.6944
427 20 18.2648
428 20 18.2648
496 20 22.3214
269 21 28.6944
274 21 18.2648
275 21 18.2648
303 21 40.1606
309 21 22.3214
310 21 22.3214
326 21 28.6944
329 21 22.3214
334 21 15.456
338 21 13.3958
341 21 22.3214
342 21 22.3214
353 21 28.6944
356 21 22.3214
385 21 18.2648
387 21 18.2648
425 21 18.2648
426 21 18.2648
269 22 28.6944
270 22 28.6944
275 22 18.2648
309 22 22.3214
310 22 22.3214
323 22 40.1606
325 22 28.6944
328 22 22.3214
329 22 22.3214
334 22 15.456
341 22 22.3214
355 22 22.3214
361 22 15.456
420 22 28.6944
425 22 18.2648
270 23 28.6944
275 23 18.2648
309 23 22.3214
310 23 22.3214
323 23 40.1606
325 23 28.6944
328 23 22.3214
334 23 15.456
337 23 13.3958
338 23 13.3958
351 23 28.6944
355 23 22.3214
419 23 28.6944
424 23 18.2648
425 23 18.2648
270 24 28.6944
276 24 18.2648
303 24 7.44324
304 24 7.44324
309 24 22.3214
310 24 22.3214
323 24 40.1606
325 24 40.1606
328 24 22.3214
334 24 15.456
335 24 15.456
337 24 13.3958
338 24 13.3958
354 24 22.3214
355 24 22.3214
358 24 18.2648
418 24 28.6944
423 24 18.2648
424 24 18.2648
492 24 22.3214
527 24 10.5764
528 24 10.5764
271 25 28.6944
276 25 18.2648
303 25 7.44324
304 25 7.44324
309 25 22.3214
310 25 22.3214
323 25 28.6944
325 25 28.6944
328 25 22.3214
334 25 40.1606
335 25 15.456
337 25 13.3958
338 25 13.3958
347 25 15.456
350 25 28.6944
353 25 22.3214
354 25 22.3214
417 25 28.6944
422 25 18.2648
423 25 18.2648
480 25 22.3214
491 25 22.3214
492 25 22.3214
271 26 28.6944
277 26 18.2648
304 26 7.44324
310 26 22.3214
323 26 28.6944
325 26 28.6944
328 26 22.3214
337 26 13.3958
340 26 22.3214
346 26 15.456
352 26 22.3214
353 26 22.3214
354 26 22.3214
395 26 28.6944
410 26 6.93001
416 26 28.6944
421 26 18.2648
422 26 18.2648
491 26 22.3214
271 27 28.6944
272 27 28.6944
277 27 18.2648
304 27 7.44324
310 27 22.3214
311 27 22.3214
325 27 28.6944
328 27 22.3214
334 27 40.1606
340 27 22.3214
352 27 22.3214
381 27 22.3214
415 27 28.6944
420 27 18.2648
490 27 13.3958
532 27 10.5764
272 28 28.6944
278 28 18.2648
310 28 22.3214
311 28 22.3214
325 28 28.6944
328 28 22.3214
334 28 40.1606
339 28 22.3214
348 28 28.6944
351 28 22.3214
352 28 22.3214
358 28 13.3958
375 28 40.1606
385 28 2.67989
419 28 18.2648
420 28 18.2648
490 28 13.3958
569 28 10.5764
272 29 28.6944
273 29 28.6944
278 29 18.2648
305 29 40.1606
310 29 22.3214
311 29 22.3214
325 29 28.6944
328 29 22.3214
333 29 40.1606
334 29 40.1606
339 29 22.3214
348 29 28.6944
351 29 22.3214
373 29 28.6944
393 29 10.5764
418 29 18.2648
482 29 22.3214
528 29 11.8203
569 29 10.5764
570 29 10.5764
103 30 28.6944
273 30 28.6944
277 30 18.2648
279 30 18.2648
305 30 40.1606
311 30 22.3214
325 30 28.6944
328 30 22.3214
333 30 40.1606
334 30 40.1606
338 30 22.3214
345 30 28.6944
347 30 28.6944
350 30 22.3214
393 30 10.5764
417 30 18.2648
418 30 18.2648
471 30 22.3214
478 30 22.3214
479 30 22.3214
480 30 22.3214
481 30 22.3214
105 31 28.6944
273 31 28.6944
274 31 28.6944
279 31 18.2648
305 31 40.1606
311 31 22.3214
312 31 22.3214
323 31 40.1606
325 31 40.1606
333 31 40.1606
335 31 40.1606
338 31 22.3214
347 31 28.6944
350 31 22.3214
367 31 66.8896
370 31 40.1606
373 31 28.6944
393 31 10.5764
411 31 28.6944
415 31 18.2648
416 31 18.2648
417 31 18.2648
477 31 22.3214
478 31 22.3214
265 32 40.1606
274 32 28.6944
280 32 18.2648
305 32 40.1606
311 32 22.3214
312 32 22.3214
323 32 40.1606
325 32 40.1606
328 32 66.8896
335 32 15.456
339 32 66.8896
346 32 28.6944
349 32 22.3214
370 32 40.1606
376 32 22.3214
410 32 28.6944
414 32 18.2648
415 32 18.2648
477 32 22.3214
585 32 11.8203
586 32 10.5764
274 33 28.6944
280 33 18.2648
305 33 40.1606
306 33 40.1606
311 33 22.3214
312 33 22.3214
323 33 40.1606
325 33 40.1606
335 33 15.456
339 33 66.8896
349 33 22.3214
359 33 22.3214
370 33 40.1606
403 33 8.03858
409 33 28.6944
413 33 22.3214
414 33 18.2648
471 33 22.3214
472 33 22.3214
473 33 22.3214
474 33 22.3214
475 33 22.3214
476 33 22.3214
582 33 11.8203
583 33 11.8203
90 34 28.6944
91 34 28.6944
110 34 28.6944
218 34 22.3214
274 34 28.6944
275 34 28.6944
279 34 18.2648
281 34 18.2648
306 34 40.1606
312 34 22.3214
323 34 200
328 34 66.8896
334 34 15.456
335 34 15.456
348 34 22.3214
349 34 22.3214
350 34 22.3214
392 34 28.6944
394 34 28.6944
413 34 18.2648
470 34 28.6944
472 34 22.3214
491 34 22.3214
583 34 11.8203
90 35 28.6944
94 35 28.6944
275 35 28.6944
281 35 18.2648
306 35 40.1606
312 35 22.3214
325 35 200
328 35 66.8896
334 35 15.456
348 35 22.3214
349 35 22.3214
412 35 18.2648
466 35 28.6944
468 35 28.6944
469 35 28.6944
616 35 11.8203
90 36 28.6944
106 36 28.6944
232 36 22.3214
275 36 28.6944
276 36 28.6944
282 36 18.2648
306 36 40.1606
312 36 22.3214
334 36 15.456
344 36 28.6944
347 36 22.3214
348 36 22.3214
405 36 28.6944
410 36 18.2648
411 36 18.2648
465 36 28.6944
468 36 28.6944
603 36 11.8203
604 36 11.8203
605 36 11.8203
90 37 28.6944
276 37 28.6944
282 37 18.2648
306 37 40.1606
312 37 22.3214
313 37 22.3214
334 37 28.6944
347 37 22.3214
409 37 18.2648
410 37 18.2648
463 37 28.6944
464 37 28.6944
554 37 11.8203
605 37 11.8203
90 38 28.6944
111 38 28.6944
220 38 22.3214
276 38 28.6944
277 38 28.6944
282 38 18.2648
283 38 18.2648
307 38 40.1606
313 38 22.3214
325 38 28.6944
334 38 28.6944
336 38 28.6944
343 38 28.6944
346 38 22.3214
370 38 40.1606
373 38 28.6944
386 38 13.3958
403 38 28.6944
409 38 18.2648
461 38 28.6944
462 38 22.3214
90 39 28.6944
91 39 28.6944
96 39 28.6944
111 39 28.6944
112 39 28.6944
215 39 18.2648
216 39 18.2648
277 39 28.6944
283 39 18.2648
307 39 40.1606
313 39 22.3214
314 39 22.3214
325 39 28.6944
334 39 28.6944
336 39 28.6944
342 39 28.6944
346 39 22.3214
370 39 40.1606
386 39 13.3958
402 39 28.6944
408 39 18.2648
457 39 40.1606
460 39 28.6944
461 39 28.6944
607 39 11.8203
90 40 28.6944
91 40 28.6944
111 40 28.6944
112 40 28.6944
216 40 18.2648
261 40 28.6944
262 40 28.6944
277 40 28.6944
283 40 18.2648
284 40 18.2648
307 40 40.1606
313 40 22.3214
314 40 22.3214
325 40 28.6944
334 40 66.8896
336 40 66.8896
342 40 28.6944
345 40 22.3214
346 40 22.3214
370 40 40.1606
406 40 18.2648
407 40 18.2648
417 40 22.3214
456 40 40.1606
459 40 28.6944
460 40 22.3214
567 40 10.5764
626 40 11.8203
31 41 28.6944
35 41 28.6944
90 41 28.6944
107 41 28.6944
112 41 28.6944
217 41 18.2648
261 41 28.6944
262 41 28.6944
278 41 28.6944
279 41 28.6944
284 41 18.2648
307 41 40.1606
313 41 22.3214
325 41 28.6944
341 41 28.6944
344 41 22.3214
345 41 22.3214
372 41 28.6944
406 41 18.2648
455 41 40.1606
458 41 28.6944
459 41 28.6944
626 41 11.8203
31 42 28.6944
35 42 28.6944
36 42 28.6944
91 42 28.6944
112 42 28.6944
113 42 28.6944
217 42 18.2648
279 42 28.6944
284 42 18.2648
307 42 40.1606
313 42 22.3214
315 42 22.3214
325 42 28.6944
334 42 66.8896
341 42 28.6944
344 42 22.3214
372 42 28.6944
382 42 2.9129
392 42 2.67989
457 42 28.6944
458 42 22.3214
568 42 10.5764
615 42 11.8203
31 43 28.6944
35 43 28.6944
36 43 28.6944
91 43 28.6944
112 43 28.6944
113 43 28.6944
203 43 18.2648
265 43 28.6944
266 43 28.6944
267 43 28.6944
270 43 28.6944
279 43 28.6944
283 43 18.2648
285 43 18.2648
307 43 40.1606
313 43 22.3214
315 43 22.3214
325 43 66.8896
334 43 66.8896
337 43 18.2648
340 43 28.6944
372 43 28.6944
382 43 2.9129
392 43 2.67989
405 43 18.2648
452 43 28.6944
457 43 22.3214
31 44 28.6944
35 44 28.6944
36 44 28.6944
112 44 28.6944
113 44 28.6944
207 44 22.3214
279 44 28.6944
280 44 28.6944
285 44 18.2648
307 44 40.1606
315 44 22.3214
325 44 66.8896
333 44 22.3214
340 44 28.6944
343 44 22.3214
372 44 28.6944
404 44 18.2648
405 44 18.2648
451 44 22.3214
454 44 22.3214
455 44 22.3214
456 44 22.3214
31 45 28.6944
33 45 28.6944
35 45 28.6944
92 45 40.1606
99 45 28.6944
112 45 28.6944
113 45 28.6944
227 45 22.3214
253 45 22.3214
277 45 40.1606
280 45 28.6944
284 45 18.2648
286 45 18.2648
290 45 15.456
308 45 40.1606
315 45 13.3958
325 45 66.8896
331 45 22.3214
333 45 22.3214
342 45 22.3214
343 45 22.3214
372 45 28.6944
401 45 18.2648
402 45 18.2648
404 45 18.2648
408 45 11.8203
453 45 22.3214
454 45 22.3214
31 46 28.6944
33 46 28.6944
35 46 28.6944
92 46 40.1606
99 46 28.6944
112 46 28.6944
117 46 28.6944
216 46 22.3214
277 46 40.1606
286 46 18.2648
315 46 22.3214
316 46 22.3214
324 46 66.8896
325 46 66.8896
342 46 22.3214
395 46 40.1606
400 46 18.2648
401 46 18.2648
404 46 18.2648
408 46 11.8203
428 46 22.3214
448 46 40.1606
452 46 22.3214
453 46 22.3214
31 47 28.6944
35 47 28.6944
112 47 28.6944
117 47 28.6944
118 47 28.6944
181 47 18.2648
218 47 22.3214
221 47 18.2648
281 47 28.6944
286 47 18.2648
287 47 15.456
315 47 200
325 47 28.6944
333 47 22.3214
341 47 22.3214
342 47 22.3214
372 47 28.6944
381 47 2.99985
385 47 200
398 47 22.3214
399 47 18.2648
403 47 18.2648
451 47 22.3214
31 48 28.6944
35 48 28.6944
99 48 28.6944
100 48 28.6944
112 48 28.6944
117 48 28.6944
218 48 22.3214
237 48 22.3214
262 48 22.3214
281 48 28.6944
282 48 28.6944
286 48 15.456
287 48 15.456
295 48 13.3958
306 48 22.3214
308 48 40.1606
315 48 22.3214
316 48 22.3214
320 48 22.3214
341 48 22.3214
372 48 28.6944
390 48 28.6944
397 48 22.3214
398 48 22.3214
445 48 40.1606
451 48 22.3214
31 49 28.6944
33 49 28.6944
35 49 28.6944
100 49 28.6944
217 49 22.3214
218 49 22.3214
237 49 22.3214
246 49 18.2648
262 49 22.3214
282 49 28.6944
287 49 15.456
292 49 15.456
295 49 13.3958
309 49 40.1606
315 49 200
316 49 200
324 49 28.6944
332 49 66.8896
340 49 22.3214
341 49 22.3214
372 49 28.6944
384 49 200
392 49 22.3214
396 49 22.3214
407 49 11.8203
444 49 40.1606
448 49 22.3214
449 49 22.3214
450 49 22.3214
31 50 28.6944
94 50 40.1606
100 50 28.6944
101 50 28.6944
117 50 28.6944
218 50 22.3214
228 50 22.3214
230 50 22.3214
237 50 22.3214
248 50 18.2648
282 50 28.6944
287 50 18.2648
292 50 15.456
293 50 15.456
309 50 40.1606
315 50 200
316 50 200
324 50 28.6944
332 50 22.3214
340 50 22.3214
341 50 22.3214
372 50 28.6944
382 50 200
407 50 11.8203
417 50 8.73744
447 50 22.3214
448 50 22.3214
31 51 28.6944
94 51 40.1606
102 51 28.6944
106 51 28.6944
107 51 28.6944
116 51 28.6944
117 51 28.6944
218 51 22.3214
223 51 22.3214
237 51 22.3214
248 51 18.2648
254 51 28.6944
283 51 28.6944
287 51 18.2648
289 51 18.2648
316 51 200
332 51 22.3214
339 51 22.3214
340 51 22.3214
389 51 40.1606
394 51 22.3214
395 51 22.3214
445 51 22.3214
446 51 22.3214
31 52 28.6944
34 52 28.6944
35 52 28.6944
84 52 28.6944
85 52 28.6944
102 52 40.1606
106 52 28.6944
107 52 28.6944
115 52 28.6944
116 52 28.6944
117 52 28.6944
247 52 18.2648
283 52 28.6944
288 52 18.2648
289 52 18.2648
310 52 8.73744
323 52 15.456
331 52 22.3214
332 52 22.3214
339 52 22.3214
340 52 22.3214
372 52 200
381 52 200
388 52 40.1606
393 52 22.3214
394 52 22.3214
413 52 7.44324
440 52 40.1606
444 52 22.3214
445 52 22.3214
31 53 28.6944
35 53 28.6944
85 53 28.6944
106 53 28.6944
107 53 28.6944
115 53 28.6944
116 53 28.6944
247 53 18.2648
284 53 28.6944
288 53 22.3214
300 53 11.8203
306 53 18.2648
310 53 8.73744
317 53 22.3214
323 53 15.456
331 53 22.3214
338 53 22.3214
339 53 22.3214
381 53 200
387 53 40.1606
393 53 22.3214
394 53 22.3214
439 53 40.1606
443 53 22.3214
444 53 22.3214
35 54 28.6944
84 54 28.6944
85 54 28.6944
98 54 200
108 54 28.6944
114 54 28.6944
115 54 28.6944
213 54 22.3214
214 54 22.3214
222 54 22.3214
223 54 22.3214
233 54 40.1606
284 54 28.6944
285 54 28.6944
290 54 22.3214
300 54 11.8203
301 54 11.8203
306 54 18.2648
311 54 8.73744
317 54 22.3214
318 54 22.3214
323 54 15.456
331 54 22.3214
333 54 22.3214
338 54 22.3214
339 54 22.3214
371 54 200
384 54 22.3214
387 54 40.1606
391 54 22.3214
392 54 22.3214
400 54 10.5764
443 54 22.3214
34 55 28.6944
35 55 28.6944
84 55 28.6944
99 55 200
105 55 28.6944
111 55 66.8896
114 55 28.6944
115 55 28.6944
203 55 18.2648
213 55 22.3214
223 55 22.3214
285 55 28.6944
289 55 22.3214
290 55 22.3214
301 55 11.8203
305 55 18.2648
311 55 8.73744
317 55 22.3214
318 55 22.3214
324 55 40.1606
346 55 10.5764
371 55 200
380 55 200
390 55 18.2648
391 55 22.3214
436 55 40.1606
442 55 22.3214
34 56 40.1606
85 56 28.6944
96 56 28.6944
104 56 28.6944
105 56 28.6944
111 56 66.8896
115 56 28.6944
203 56 18.2648
212 56 22.3214
221 56 22.3214
281 56 40.1606
282 56 40.1606
285 56 28.6944
298 56 13.3958
301 56 11.8203
304 56 18.2648
305 56 18.2648
311 56 8.73744
318 56 22.3214
324 56 40.1606
332 56 22.3214
337 56 22.3214
380 56 66.8896
389 56 18.2648
390 56 18.2648
435 56 40.1606
440 56 28.6944
441 56 22.3214
442 56 22.3214
34 57 28.6944
35 57 28.6944
85 57 28.6944
91 57 40.1606
96 57 28.6944
97 57 28.6944
105 57 28.6944
108 57 200
112 57 66.8896
113 57 66.8896
116 57 28.6944
202 57 18.2648
203 57 18.2648
211 57 22.3214
221 57 28.6944
227 57 22.3214
240 57 22.3214
241 57 22.3214
248 57 15.456
282 57 40.1606
285 57 28.6944
286 57 28.6944
304 57 18.2648
312 57 40.1606
318 57 200
324 57 40.1606
336 57 22.3214
379 57 200
382 57 40.1606
383 57 40.1606
389 57 18.2648
397 57 18.2648
413 57 7.44324
439 57 28.6944
34 58 28.6944
35 58 28.6944
85 58 28.6944
86 58 28.6944
105 58 28.6944
113 58 66.8896
116 58 28.6944
200 58 22.3214
202 58 18.2648
232 58 22.3214
233 58 22.3214
234 58 22.3214
241 58 22.3214
248 58 15.456
249 58 15.456
286 58 28.6944
292 58 18.2648
299 58 13.3958
302 58 18.2648
303 58 18.2648
312 58 40.1606
318 58 200
319 58 200
324 58 40.1606
331 58 11.8203
336 58 22.3214
379 58 66.8896
383 58 40.1606
388 58 18.2648
389 58 18.2648
394 58 22.3214
413 58 7.44324
438 58 28.6944
34 59 40.1606
35 59 40.1606
104 59 28.6944
114 59 28.6944
116 59 28.6944
117 59 28.6944
199 59 22.3214
200 59 22.3214
219 59 28.6944
232 59 22.3214
237 59 22.3214
243 59 22.3214
249 59 15.456
250 59 15.456
286 59 28.6944
292 59 18.2648
293 59 18.2648
299 59 18.2648
302 59 18.2648
312 59 40.1606
318 59 200
319 59 200
324 59 40.1606
331 59 11.8203
335 59 22.3214
336 59 22.3214
337 59 22.3214
346 59 11.8203
378 59 66.8896
379 59 66.8896
386 59 18.2648
388 59 18.2648
389 59 18.2648
604 59 10.5764
608 59 9.56938
34 60 28.6944
35 60 28.6944
87 60 28.6944
88 60 28.6944
104 60 28.6944
116 60 28.6944
117 60 28.6944
226 60 22.3214
243 60 22.3214
244 60 22.3214
250 60 15.456
286 60 28.6944
287 60 28.6944
293 60 18.2648
301 60 18.2648
306 60 200
312 60 40.1606
318 60 200
319 60 200
324 60 66.8896
334 60 22.3214
346 60 11.8203
378 60 66.8896
389 60 18.2648
412 60 7.44324
436 60 22.3214
437 60 22.3214
604 60 10.5764
34 61 28.6944
35 61 28.6944
85 61 28.6944
104 61 28.6944
105 61 28.6944
116 61 28.6944
117 61 28.6944
244 61 22.3214
255 61 18.2648
287 61 28.6944
291 61 18.2648
293 61 18.2648
297 61 15.456
298 61 15.456
300 61 18.2648
301 61 18.2648
306 61 200
309 61 66.8896
312 61 40.1606
319 61 200
324 61 66.8896
333 61 22.3214
334 61 22.3214
346 61 11.8203
370 61 200
373 61 66.8896
377 61 66.8896
383 61 22.3214
384 61 22.3214
385 61 22.3214
388 61 18.2648
393 61 22.3214
412 61 9.56938
434 61 28.6944
435 61 22.3214
436 61 22.3214
600 61 11.8203
608 61 9.56938
34 62 28.6944
85 62 28.6944
104 62 28.6944
105 62 28.6944
106 62 28.6944
114 62 28.6944
116 62 28.6944
245 62 22.3214
256 62 18.2648
287 62 28.6944
288 62 28.6944
297 62 18.2648
306 62 200
313 62 40.1606
319 62 200
320 62 200
324 62 66.8896
332 62 22.3214
333 62 22.3214
377 62 40.1606
382 62 22.3214
383 62 22.3214
388 62 28.6944
433 62 28.6944
434 62 22.3214
34 63 28.6944
85 63 28.6944
87 63 28.6944
103 63 28.6944
106 63 28.6944
116 63 28.6944
117 63 28.6944
200 63 18.2648
246 63 22.3214
253 63 22.3214
288 63 28.6944
293 63 40.1606
313 63 40.1606
320 63 200
324 63 66.8896
332 63 22.3214
333 63 22.3214
338 63 15.456
376 63 40.1606
382 63 22.3214
388 63 28.6944
34 64 28.6944
85 64 28.6944
104 64 40.1606
117 64 28.6944
234 64 200
244 64 22.3214
266 64 11.8203
288 64 28.6944
293 64 40.1606
294 64 40.1606
298 64 18.2648
313 64 40.1606
320 64 200
323 64 66.8896
324 64 66.8896
332 64 22.3214
337 64 15.456
338 64 15.456
372 64 66.8896
381 64 22.3214
387 64 13.3958
431 64 28.6944
432 64 28.6944
34 65 28.6944
35 65 28.6944
90 65 28.6944
103 65 28.6944
105 65 40.1606
116 65 28.6944
117 65 28.6944
213 65 22.3214
247 65 40.1606
266 65 11.8203
289 65 28.6944
313 65 40.1606
320 65 200
324 65 66.8896
331 65 22.3214
332 65 22.3214
337 65 15.456
380 65 22.3214
387 65 13.3958
394 65 200
420 65 6.09013
429 65 28.6944
430 65 28.6944
34 66 28.6944
84 66 28.6944
85 66 28.6944
90 66 28.6944
91 66 28.6944
111 66 200
116 66 28.6944
117 66 28.6944
236 66 200
247 66 28.6944
248 66 40.1606
267 66 11.8203
289 66 28.6944
304 66 66.8896
310 66 66.8896
313 66 40.1606
320 66 200
323 66 66.8896
332 66 22.3214
337 66 15.456
347 66 22.3214
372 66 66.8896
378 66 22.3214
381 66 66.8896
387 66 13.3958
423 66 66.8896
435 66 13.3958
34 67 28.6944
84 67 28.6944
104 67 28.6944
116 67 28.6944
117 67 28.6944
236 67 200
245 67 28.6944
246 67 40.1606
253 67 28.6944
256 67 22.3214
289 67 28.6944
294 67 40.1606
299 67 22.3214
313 67 22.3214
320 67 200
332 67 18.2648
371 67 40.1606
387 67 13.3958
400 67 40.1606
435 67 13.3958
34 68 28.6944
84 68 28.6944
104 68 28.6944
105 68 28.6944
115 68 28.6944
116 68 28.6944
117 68 28.6944
218 68 22.3214
237 68 200
253 68 28.6944
256 68 22.3214
294 68 40.1606
307 68 40.1606
320 68 200
332 68 18.2648
333 68 18.2648
338 68 15.456
370 68 40.1606
377 68 22.3214
378 68 22.3214
380 68 28.6944
385 68 13.3958
387 68 13.3958
426 68 22.3214
34 69 28.6944
84 69 28.6944
115 69 28.6944
116 69 28.6944
217 69 22.3214
247 69 66.8896
253 69 28.6944
254 69 22.3214
267 69 28.6944
268 69 28.6944
291 69 28.6944
296 69 28.6944
321 69 200
332 69 18.2648
333 69 18.2648
370 69 40.1606
377 69 22.3214
378 69 22.3214
408 69 22.3214
425 69 22.3214
426 69 22.3214
34 70 28.6944
84 70 28.6944
85 70 28.6944
115 70 28.6944
116 70 28.6944
254 70 28.6944
256 70 22.3214
257 70 22.3214
261 70 18.2648
270 70 22.3214
296 70 28.6944
332 70 18.2648
333 70 18.2648
337 70 15.456
367 70 28.6944
370 70 40.1606
374 70 18.2648
377 70 22.3214
387 70 15.456
396 70 22.3214
418 70 40.1606
424 70 22.3214
425 70 22.3214
437 70 11.8203
34 71 28.6944
85 71 28.6944
93 71 28.6944
115 71 28.6944
116 71 28.6944
256 71 22.3214
257 71 22.3214
261 71 18.2648
270 71 22.3214
298 71 22.3214
299 71 22.3214
332 71 18.2648
333 71 18.2648
337 71 15.456
354 71 4.67399
368 71 28.6944
373 71 18.2648
374 71 18.2648
377 71 22.3214
387 71 15.456
395 71 22.3214
417 71 40.1606
423 71 22.3214
430 71 66.8896
433 71 13.3958
436 71 11.8203
34 72 28.6944
85 72 28.6944
115 72 28.6944
252 72 40.1606
259 72 22.3214
292 72 40.1606
298 72 22.3214
314 72 22.3214
332 72 18.2648
338 72 15.456
354 72 4.67399
367 72 28.6944
373 72 18.2648
377 72 15.456
387 72 15.456
416 72 40.1606
423 72 22.3214
430 72 66.8896
436 72 11.8203
30 73 28.6944
34 73 28.6944
86 73 28.6944
115 73 40.1606
251 73 40.1606
252 73 40.1606
270 73 15.456
292 73 40.1606
298 73 22.3214
314 73 22.3214
331 73 18.2648
338 73 15.456
366 73 28.6944
370 73 22.3214
373 73 18.2648
377 73 28.6944
386 73 15.456
387 73 15.456
415 73 40.1606
419 73 22.3214
422 73 22.3214
430 73 66.8896
591 73 66.8896
30 74 28.6944
34 74 28.6944
91 74 28.6944
92 74 28.6944
103 74 28.6944
104 74 28.6944
115 74 40.1606
264 74 66.8896
292 74 40.1606
314 74 22.3214
332 74 6.93001
336 74 15.456
338 74 15.456
363 74 40.1606
369 74 22.3214
370 74 22.3214
373 74 18.2648
377 74 28.6944
386 74 28.6944
418 74 22.3214
422 74 18.2648
430 74 66.8896
591 74 66.8896
34 75 28.6944
97 75 40.1606
103 75 28.6944
104 75 28.6944
248 75 28.6944
264 75 66.8896
271 75 28.6944
273 75 28.6944
280 75 40.1606
284 75 22.3214
286 75 22.3214
292 75 40.1606
301 75 18.2648
302 75 18.2648
303 75 18.2648
312 75 22.3214
314 75 22.3214
332 75 6.93001
336 75 15.456
342 75 22.3214
363 75 40.1606
368 75 22.3214
376 75 28.6944
377 75 28.6944
383 75 18.2648
386 75 28.6944
390 75 13.3958
409 75 40.1606
416 75 22.3214
417 75 22.3214
420 75 18.2648
426 75 200
430 75 66.8896
591 75 66.8896
34 76 28.6944
88 76 28.6944
104 76 28.6944
117 76 40.1606
235 76 28.6944
261 76 200
265 76 66.8896
271 76 28.6944
280 76 40.1606
286 76 22.3214
290 76 40.1606
300 76 18.2648
302 76 18.2648
312 76 11.8203
314 76 11.8203
332 76 6.93001
333 76 6.93001
336 76 15.456
338 76 15.456
367 76 22.3214
368 76 22.3214
376 76 28.6944
383 76 18.2648
386 76 28.6944
411 76 40.1606
415 76 22.3214
416 76 22.3214
419 76 22.3214
420 76 18.2648
426 76 200
430 76 66.8896
433 76 66.8896
30 77 28.6944
34 77 28.6944
86 77 28.6944
87 77 28.6944
92 77 28.6944
93 77 28.6944
114 77 28.6944
115 77 28.6944
117 77 40.1606
265 77 66.8896
286 77 22.3214
300 77 22.3214
302 77 18.2648
313 77 11.8203
333 77 18.2648
338 77 15.456
366 77 22.3214
375 77 28.6944
376 77 28.6944
385 77 18.2648
386 77 28.6944
389 77 13.3958
409 77 40.1606
414 77 22.3214
415 77 22.3214
419 77 18.2648
420 77 18.2648
426 77 200
433 77 66.8896
34 78 28.6944
87 78 28.6944
93 78 28.6944
99 78 28.6944
114 78 28.6944
115 78 28.6944
266 78 66.8896
274 78 200
281 78 18.2648
293 78 40.1606
301 78 22.3214
307 78 15.456
313 78 11.8203
333 78 18.2648
336 78 15.456
365 78 22.3214
375 78 28.6944
385 78 28.6944
386 78 28.6944
408 78 40.1606
413 78 22.3214
414 78 22.3214
419 78 18.2648
431 78 66.8896
432 78 66.8896
596 78 66.8896
34 79 28.6944
88 79 28.6944
93 79 28.6944
105 79 28.6944
114 79 28.6944
115 79 28.6944
268 79 66.8896
274 79 66.8896
275 79 66.8896
279 79 18.2648
287 79 200
293 79 40.1606
301 79 22.3214
303 79 18.2648
314 79 11.8203
333 79 18.2648
336 79 15.456
358 79 40.1606
363 79 22.3214
364 79 22.3214
366 79 66.8896
375 79 28.6944
382 79 40.1606
385 79 28.6944
389 79 22.3214
401 79 200
407 79 40.1606
412 79 22.3214
413 79 22.3214
418 79 28.6944
431 79 66.8896
591 79 66.8896
596 79 66.8896
34 80 28.6944
93 80 28.6944
94 80 28.6944
105 80 28.6944
112 80 28.6944
113 80 28.6944
114 80 28.6944
275 80 66.8896
297 80 28.6944
302 80 22.3214
304 80 18.2648
308 80 15.456
314 80 13.3958
333 80 18.2648
336 80 15.456
358 80 40.1606
362 80 22.3214
363 80 22.3214
368 80 200
375 80 200
382 80 40.1606
403 80 66.8896
411 80 22.3214
412 80 22.3214
417 80 28.6944
431 80 66.8896
436 80 22.3214
595 80 66.8896
601 80 66.8896
606 80 66.8896
34 81 28.6944
84 81 40.1606
88 81 40.1606
95 81 28.6944
113 81 28.6944
114 81 28.6944
275 81 66.8896
281 81 18.2648
288 81 200
293 81 66.8896
296 81 40.1606
297 81 28.6944
304 81 18.2648
312 81 13.3958
332 81 18.2648
333 81 18.2648
336 81 15.456
361 81 22.3214
362 81 22.3214
363 81 22.3214
365 81 200
375 81 200
384 81 28.6944
400 81 200
410 81 22.3214
416 81 28.6944
431 81 66.8896
436 81 22.3214
581 81 66.8896
595 81 66.8896
601 81 66.8896
606 81 66.8896
34 82 28.6944
86 82 40.1606
87 82 40.1606
92 82 28.6944
95 82 40.1606
103 82 28.6944
112 82 28.6944
113 82 28.6944
234 82 22.3214
270 82 40.1606
278 82 22.3214
281 82 18.2648
293 82 66.8896
298 82 28.6944
303 82 22.3214
305 82 18.2648
313 82 13.3958
314 82 13.3958
332 82 18.2648
333 82 18.2648
360 82 22.3214
361 82 22.3214
365 82 200
374 82 200
403 82 66.8896
410 82 22.3214
425 82 66.8896
436 82 22.3214
579 82 66.8896
595 82 66.8896
601 82 66.8896
34 83 28.6944
103 83 28.6944
111 83 28.6944
112 83 28.6944
113 83 28.6944
233 83 22.3214
293 83 66.8896
294 83 66.8896
297 83 40.1606
304 83 22.3214
313 83 13.3958
314 83 13.3958
332 83 18.2648
333 83 18.2648
353 83 40.1606
359 83 22.3214
360 83 22.3214
365 83 200
374 83 200
375 83 200
383 83 28.6944
409 83 22.3214
415 83 28.6944
425 83 66.8896
433 83 66.8896
434 83 66.8896
595 83 66.8896
601 83 66.8896
34 84 28.6944
36 84 28.6944
110 84 28.6944
111 84 28.6944
112 84 28.6944
113 84 40.1606
232 84 22.3214
293 84 66.8896
294 84 66.8896
304 84 22.3214
306 84 22.3214
332 84 18.2648
352 84 40.1606
357 84 22.3214
358 84 22.3214
359 84 22.3214
364 84 200
365 84 200
371 84 40.1606
374 84 28.6944
383 84 28.6944
408 84 28.6944
409 84 22.3214
414 84 28.6944
425 84 66.8896
433 84 66.8896
592 84 66.8896
601 84 66.8896
5 85 200
13 85 66.8896
34 85 28.6944
102 85 28.6944
110 85 28.6944
111 85 28.6944
231 85 22.3214
232 85 22.3214
293 85 66.8896
294 85 66.8896
300 85 28.6944
305 85 22.3214
332 85 18.2648
333 85 18.2648
335 85 18.2648
352 85 40.1606
357 85 22.3214
358 85 22.3214
364 85 200
371 85 40.1606
374 85 28.6944
406 85 28.6944
408 85 66.8896
413 85 28.6944
433 85 66.8896
589 85 66.8896
591 85 66.8896
592 85 66.8896
13 86 66.8896
26 86 66.8896
34 86 28.6944
111 86 28.6944
231 86 22.3214
275 86 28.6944
289 86 22.3214
292 86 66.8896
294 86 66.8896
300 86 28.6944
305 86 22.3214
307 86 22.3214
334 86 18.2648
356 86 22.3214
371 86 40.1606
381 86 28.6944
404 86 22.3214
405 86 28.6944
407 86 28.6944
411 86 18.2648
412 86 18.2648
433 86 66.8896
579 86 66.8896
591 86 66.8896
604 86 66.8896
4 87 66.8896
9 87 200
13 87 66.8896
27 87 200
34 87 28.6944
39 87 66.8896
84 87 28.6944
89 87 28.6944
104 87 28.6944
108 87 66.8896
111 87 40.1606
112 87 28.6944
114 87 28.6944
230 87 22.3214
283 87 40.1606
289 87 22.3214
306 87 40.1606
307 87 40.1606
334 87 18.2648
335 87 28.6944
356 87 22.3214
357 87 22.3214
371 87 40.1606
374 87 28.6944
375 87 28.6944
381 87 28.6944
403 87 22.3214
404 87 22.3214
405 87 22.3214
412 87 28.6944
568 87 28.6944
579 87 66.8896
4 88 66.8896
18 88 66.8896
24 88 66.8896
30 88 66.8896
31 88 66.8896
41 88 66.8896
84 88 28.6944
104 88 28.6944
111 88 28.6944
112 88 28.6944
114 88 28.6944
288 88 22.3214
307 88 40.1606
313 88 22.3214
332 88 18.2648
334 88 18.2648
335 88 28.6944
355 88 22.3214
356 88 22.3214
371 88 40.1606
375 88 40.1606
378 88 28.6944
381 88 28.6944
403 88 22.3214
408 88 40.1606
439 88 18.2648
604 88 66.8896
23 89 66.8896
24 89 66.8896
104 89 28.6944
105 89 28.6944
112 89 28.6944
114 89 28.6944
280 89 66.8896
288 89 22.3214
289 89 22.3214
294 89 200
313 89 22.3214
332 89 18.2648
334 89 18.2648
349 89 40.1606
354 89 22.3214
374 89 28.6944
380 89 28.6944
396 89 40.1606
402 89 22.3214
403 89 22.3214
411 89 28.6944
412 89 28.6944
435 89 66.8896
597 89 66.8896
20 90 66.8896
23 90 66.8896
34 90 40.1606
108 90 28.6944
110 90 40.1606
280 90 66.8896
282 90 66.8896
293 90 200
294 90 200
301 90 40.1606
308 90 40.1606
313 90 22.3214
315 90 22.3214
328 90 8.03858
332 90 18.2648
348 90 40.1606
353 90 22.3214
354 90 22.3214
374 90 66.8896
377 90 28.6944
380 90 28.6944
395 90 40.1606
407 90 22.3214
409 90 28.6944
594 90 66.8896
34 91 40.1606
39 91 66.8896
40 91 66.8896
112 91 28.6944
114 91 28.6944
280 91 66.8896
289 91 22.3214
294 91 200
302 91 40.1606
308 91 28.6944
313 91 200
315 91 200
337 91 13.3958
348 91 40.1606
353 91 22.3214
354 91 22.3214
379 91 28.6944
415 91 18.2648
424 91 66.8896
436 91 66.8896
438 91 40.1606
439 91 40.1606
29 92 40.1606
36 92 66.8896
39 92 66.8896
40 92 66.8896
91 92 28.6944
92 92 28.6944
96 92 40.1606
107 92 28.6944
112 92 28.6944
114 92 40.1606
278 92 66.8896
284 92 40.1606
294 92 200
295 92 200
302 92 40.1606
313 92 200
315 92 200
331 92 18.2648
334 92 18.2648
337 92 13.3958
347 92 40.1606
352 92 22.3214
353 92 22.3214
354 92 22.3214
378 92 28.6944
393 92 11.8203
415 92 18.2648
424 92 66.8896
435 92 66.8896
436 92 66.8896
438 92 40.1606
595 92 66.8896
615 92 66.8896
630 92 66.8896
631 92 66.8896
5 93 66.8896
39 93 66.8896
96 93 40.1606
107 93 28.6944
114 93 40.1606
280 93 28.6944
295 93 200
310 93 40.1606
315 93 200
330 93 18.2648
331 93 18.2648
337 93 13.3958
354 93 18.2648
378 93 28.6944
393 93 11.8203
398 93 22.3214
402 93 15.456
403 93 15.456
406 93 28.6944
409 93 22.3214
410 93 22.3214
424 93 66.8896
434 93 66.8896
435 93 66.8896
595 93 66.8896
630 93 66.8896
631 93 66.8896
26 94 66.8896
37 94 66.8896
106 94 28.6944
110 94 40.1606
114 94 28.6944
293 94 200
295 94 200
305 94 15.456
315 94 200
330 94 18.2648
337 94 13.3958
345 94 40.1606
351 94 22.3214
371 94 66.8896
376 94 28.6944
377 94 28.6944
393 94 11.8203
397 94 22.3214
402 94 15.456
403 94 15.456
424 94 66.8896
434 94 66.8896
435 94 66.8896
595 94 66.8896
631 94 66.8896
36 95 66.8896
37 95 66.8896
106 95 28.6944
107 95 28.6944
227 95 22.3214
287 95 66.8896
291 95 200
301 95 28.6944
305 95 15.456
314 95 200
315 95 200
329 95 18.2648
330 95 18.2648
338 95 13.3958
350 95 22.3214
351 95 22.3214
355 95 18.2648
371 95 66.8896
376 95 28.6944
395 95 22.3214
396 95 22.3214
402 95 15.456
403 95 15.456
424 95 66.8896
434 95 66.8896
435 95 66.8896
10 96 40.1606
23 96 66.8896
90 96 40.1606
113 96 40.1606
114 96 40.1606
227 96 22.3214
252 96 28.6944
287 96 66.8896
314 96 200
329 96 18.2648
338 96 13.3958
344 96 40.1606
345 96 40.1606
349 96 22.3214
350 96 22.3214
351 96 22.3214
376 96 28.6944
383 96 18.2648
395 96 22.3214
398 96 22.3214
402 96 15.456
511 96 66.8896
9 97 40.1606
38 97 66.8896
39 97 66.8896
86 97 40.1606
88 97 40.1606
89 97 40.1606
90 97 40.1606
114 97 28.6944
275 97 28.6944
287 97 66.8896
302 97 28.6944
306 97 22.3214
314 97 200
329 97 18.2648
335 97 13.3958
344 97 40.1606
348 97 22.3214
349 97 22.3214
372 97 40.1606
376 97 28.6944
392 97 28.6944
434 97 66.8896
438 97 66.8896
8 98 40.1606
9 98 40.1606
39 98 66.8896
89 98 40.1606
90 98 40.1606
113 98 28.6944
114 98 28.6944
249 98 28.6944
288 98 66.8896
306 98 22.3214
329 98 18.2648
330 98 18.2648
338 98 66.8896
342 98 40.1606
348 98 22.3214
372 98 40.1606
376 98 28.6944
391 98 28.6944
392 98 28.6944
404 98 22.3214
437 98 66.8896
438 98 66.8896
580 98 66.8896
581 98 66.8896
8 99 40.1606
9 99 40.1606
26 99 66.8896
37 99 66.8896
48 99 66.8896
81 99 28.6944
113 99 40.1606
114 99 40.1606
272 99 28.6944
306 99 22.3214
329 99 18.2648
330 99 18.2648
338 99 66.8896
341 99 40.1606
342 99 40.1606
347 99 22.3214
376 99 28.6944
391 99 28.6944
400 99 11.8203
437 99 66.8896
438 99 66.8896
568 99 28.6944
14 100 40.1606
37 100 66.8896
38 100 66.8896
48 100 66.8896
49 100 66.8896
55 100 66.8896
85 100 28.6944
94 100 40.1606
95 100 40.1606
96 100 40.1606
112 100 40.1606
113 100 40.1606
114 100 40.1606
296 100 22.3214
329 100 18.2648
330 100 18.2648
334 100 200
338 100 66.8896
341 100 40.1606
346 100 22.3214
347 100 22.3214
348 100 22.3214
390 100 28.6944
391 100 28.6944
399 100 11.8203
404 100 22.3214
424 100 66.8896
438 100 66.8896
441 100 66.8896
14 101 40.1606
15 101 40.1606
38 101 66.8896
48 101 66.8896
49 101 66.8896
55 101 66.8896
95 101 40.1606
96 101 40.1606
103 101 28.6944
112 101 40.1606
113 101 40.1606
269 101 40.1606
286 101 18.2648
296 101 22.3214
297 101 22.3214
328 101 18.2648
329 101 18.2648
334 101 200
338 101 66.8896
345 101 22.3214
346 101 22.3214
350 101 15.456
372 101 28.6944
375 101 200
399 101 11.8203
424 101 66.8896
433 101 200
13 102 40.1606
15 102 40.1606
18 102 40.1606
39 102 66.8896
49 102 66.8896
55 102 66.8896
96 102 40.1606
113 102 40.1606
285 102 18.2648
297 102 22.3214
298 102 22.3214
328 102 18.2648
334 102 200
336 102 66.8896
338 102 66.8896
344 102 22.3214
345 102 22.3214
346 102 22.3214
350 102 15.456
354 102 13.3958
372 102 200
374 102 200
375 102 200
380 102 6.48298
386 102 22.3214
424 102 66.8896
439 102 66.8896
452 102 18.2648
5 103 40.1606
18 103 40.1606
47 103 66.8896
110 103 28.6944
116 103 28.6944
117 103 28.6944
328 103 18.2648
334 103 200
343 103 22.3214
344 103 22.3214
370 103 28.6944
374 103 200
385 103 22.3214
386 103 22.3214
389 103 18.2648
397 103 11.8203
398 103 11.8203
424 103 66.8896
438 103 66.8896
4 104 40.1606
5 104 40.1606
14 104 40.1606
45 104 66.8896
46 104 66.8896
117 104 28.6944
322 104 9.56938
327 104 18.2648
328 104 18.2648
330 104 200
343 104 22.3214
350 104 15.456
369 104 22.3214
374 104 200
388 104 18.2648
389 104 18.2648
391 104 28.6944
394 104 11.8203
397 104 10.5764
437 104 66.8896
438 104 66.8896
492 104 66.8896
12 105 40.1606
37 105 66.8896
46 105 66.8896
55 105 66.8896
84 105 28.6944
100 105 28.6944
101 105 28.6944
108 105 28.6944
117 105 28.6944
278 105 18.2648
279 105 18.2648
304 105 22.3214
308 105 15.456
326 105 18.2648
330 105 200
331 105 200
342 105 22.3214
343 105 22.3214
350 105 15.456
353 105 13.3958
380 105 22.3214
383 105 18.2648
394 105 13.3958
396 105 11.8203
397 105 10.5764
437 105 66.8896
11 106 40.1606
16 106 40.1606
17 106 40.1606
46 106 66.8896
55 106 66.8896
56 106 66.8896
78 106 28.6944
96 106 66.8896
100 106 28.6944
101 106 28.6944
113 106 28.6944
274 106 18.2648
275 106 18.2648
276 106 18.2648
294 106 66.8896
297 106 22.3214
303 106 22.3214
304 106 22.3214
309 106 15.456
325 106 18.2648
326 106 18.2648
330 106 200
343 106 22.3214
377 106 28.6944
380 106 22.3214
383 106 18.2648
387 106 18.2648
389 106 28.6944
400 106 22.3214
437 106 66.8896
446 106 28.6944
557 106 40.1606
3 107 40.1606
11 107 40.1606
35 107 40.1606
45 107 66.8896
46 107 66.8896
56 107 66.8896
78 107 28.6944
113 107 28.6944
274 107 18.2648
294 107 66.8896
298 107 40.1606
303 107 22.3214
309 107 15.456
325 107 18.2648
336 107 10.5764
341 107 28.6944
354 107 13.3958
376 107 28.6944
377 107 28.6944
383 107 28.6944
387 107 200
388 107 200
393 107 11.8203
400 107 22.3214
438 107 66.8896
444 107 28.6944
445 107 28.6944
488 107 66.8896
554 107 66.8896
557 107 40.1606
11 108 40.1606
13 108 40.1606
35 108 40.1606
45 108 66.8896
78 108 28.6944
113 108 28.6944
114 108 28.6944
272 108 22.3214
274 108 22.3214
292 108 66.8896
294 108 66.8896
298 108 40.1606
324 108 18.2648
325 108 18.2648
330 108 200
340 108 28.6944
341 108 28.6944
354 108 13.3958
366 108 200
371 108 8.03858
376 108 28.6944
383 108 28.6944
387 108 200
395 108 11.8203
437 108 66.8896
438 108 66.8896
444 108 28.6944
554 108 66.8896
557 108 40.1606
11 109 40.1606
13 109 40.1606
21 109 66.8896
35 109 40.1606
54 109 66.8896
78 109 28.6944
113 109 28.6944
117 109 40.1606
272 109 22.3214
292 109 66.8896
298 109 40.1606
304 109 40.1606
309 109 28.6944
324 109 18.2648
330 109 200
341 109 28.6944
366 109 200
376 109 28.6944
382 109 28.6944
383 109 28.6944
387 109 200
392 109 15.456
395 109 11.8203
436 109 66.8896
437 109 66.8896
442 109 28.6944
10 110 40.1606
11 110 40.1606
53 110 66.8896
54 110 66.8896
78 110 28.6944
91 110 28.6944
92 110 28.6944
112 110 28.6944
113 110 28.6944
117 110 40.1606
269 110 28.6944
272 110 22.3214
292 110 28.6944
304 110 40.1606
307 110 28.6944
310 110 200
324 110 18.2648
336 110 22.3214
337 110 22.3214
341 110 15.456
342 110 15.456
345 110 22.3214
377 110 28.6944
378 110 28.6944
379 110 28.6944
386 110 200
392 110 13.3958
395 110 11.8203
423 110 66.8896
435 110 66.8896
436 110 66.8896
446 110 5.43183
10 111 40.1606
53 111 66.8896
58 111 66.8896
78 111 28.6944
91 111 28.6944
92 111 28.6944
107 111 28.6944
112 111 28.6944
113 111 28.6944
272 111 22.3214
293 111 28.6944
300 111 66.8896
310 111 200
324 111 22.3214
331 111 22.3214
334 111 22.3214
342 111 15.456
369 111 28.6944
370 111 28.6944
377 111 28.6944
378 111 28.6944
386 111 28.6944
395 111 11.8203
422 111 66.8896
423 111 66.8896
435 111 66.8896
439 111 66.8896
445 111 5.43183
7 112 40.1606
10 112 40.1606
45 112 66.8896
52 112 66.8896
59 112 66.8896
78 112 28.6944
113 112 28.6944
120 112 28.6944
292 112 28.6944
294 112 28.6944
311 112 200
315 112 40.1606
322 112 66.8896
324 112 66.8896
327 112 40.1606
334 112 22.3214
342 112 15.456
370 112 28.6944
377 112 28.6944
385 112 28.6944
386 112 28.6944
391 112 18.2648
395 112 11.8203
435 112 66.8896
438 112 66.8896
445 112 5.43183
559 112 66.8896
10 113 40.1606
21 113 66.8896
52 113 66.8896
58 113 66.8896
78 113 28.6944
86 113 40.1606
111 113 28.6944
119 113 28.6944
120 113 28.6944
290 113 28.6944
292 113 28.6944
304 113 22.3214
311 113 200
324 113 66.8896
332 113 22.3214
333 113 22.3214
337 113 66.8896
342 113 28.6944
367 113 22.3214
374 113 22.3214
377 113 28.6944
385 113 18.2648
391 113 18.2648
393 113 13.3958
434 113 66.8896
438 113 66.8896
444 113 5.43183
10 114 40.1606
21 114 66.8896
42 114 66.8896
52 114 66.8896
59 114 66.8896
78 114 28.6944
86 114 40.1606
101 114 28.6944
119 114 28.6944
290 114 28.6944
292 114 28.6944
304 114 22.3214
311 114 200
324 114 66.8896
331 114 22.3214
332 114 22.3214
342 114 28.6944
366 114 22.3214
367 114 22.3214
374 114 22.3214
378 114 28.6944
382 114 40.1606
385 114 18.2648
393 114 18.2648
437 114 66.8896
438 114 66.8896
41 115 66.8896
42 115 66.8896
58 115 66.8896
78 115 28.6944
79 115 28.6944
86 115 40.1606
119 115 28.6944
269 115 18.2648
290 115 28.6944
292 115 28.6944
305 115 22.3214
324 115 66.8896
330 115 22.3214
331 115 22.3214
365 115 22.3214
367 115 22.3214
371 115 66.8896
374 115 22.3214
378 115 28.6944
382 115 40.1606
384 115 22.3214
385 115 18.2648
390 115 15.456
437 115 66.8896
441 115 66.8896
564 115 66.8896
3 116 40.1606
10 116 40.1606
13 116 200
17 116 40.1606
56 116 66.8896
57 116 66.8896
78 116 28.6944
79 116 28.6944
100 116 28.6944
116 116 28.6944
117 116 28.6944
268 116 18.2648
287 116 66.8896
290 116 28.6944
292 116 28.6944
305 116 22.3214
329 116 22.3214
330 116 22.3214
371 116 66.8896
374 116 40.1606
377 116 28.6944
378 116 28.6944
382 116 40.1606
384 116 22.3214
385 116 18.2648
389 116 15.456
393 116 28.6944
436 116 66.8896
440 116 66.8896
473 116 66.8896
10 117 40.1606
11 117 40.1606
21 117 66.8896
53 117 66.8896
57 117 66.8896
78 117 28.6944
79 117 28.6944
100 117 28.6944
101 117 28.6944
117 117 28.6944
118 117 28.6944
253 117 40.1606
292 117 28.6944
328 117 22.3214
329 117 22.3214
341 117 10.5764
362 117 22.3214
364 117 22.3214
371 117 66.8896
374 117 40.1606
378 117 28.6944
382 117 40.1606
385 117 28.6944
389 117 15.456
393 117 28.6944
439 117 66.8896
440 117 66.8896
21 118 66.8896
79 118 28.6944
80 118 28.6944
104 118 28.6944
118 118 28.6944
292 118 28.6944
327 118 22.3214
328 118 22.3214
342 118 10.5764
361 118 22.3214
367 118 200
371 118 66.8896
374 118 40.1606
378 118 28.6944
381 118 28.6944
384 118 28.6944
389 118 15.456
392 118 13.3958
438 118 66.8896
439 118 66.8896
4 119 66.8896
27 119 40.1606
80 119 28.6944
93 119 28.6944
94 119 28.6944
102 119 28.6944
104 119 28.6944
116 119 28.6944
118 119 28.6944
292 119 28.6944
308 119 22.3214
326 119 22.3214
327 119 22.3214
342 119 10.5764
360 119 22.3214
361 119 22.3214
374 119 40.1606
377 119 28.6944
378 119 28.6944
381 119 40.1606
384 119 28.6944
388 119 15.456
389 119 15.456
392 119 13.3958
437 119 66.8896
438 119 66.8896
518 119 66.8896
27 120 40.1606
28 120 40.1606
54 120 66.8896
55 120 66.8896
80 120 28.6944
87 120 28.6944
95 120 28.6944
98 120 66.8896
116 120 28.6944
118 120 28.6944
292 120 28.6944
294 120 28.6944
308 120 22.3214
326 120 22.3214
327 120 22.3214
342 120 10.5764
345 120 22.3214
357 120 22.3214
358 120 22.3214
360 120 22.3214
367 120 200
374 120 40.1606
377 120 28.6944
378 120 28.6944
383 120 40.1606
388 120 15.456
392 120 13.3958
396 120 22.3214
412 120 22.3214
420 120 200
424 120 22.3214
437 120 66.8896
438 120 66.8896
464 120 13.3958
518 120 66.8896
14 121 40.1606
15 121 40.1606
16 121 40.1606
21 121 66.8896
39 121 66.8896
54 121 66.8896
81 121 28.6944
118 121 28.6944
290 121 28.6944
292 121 28.6944
309 121 22.3214
326 121 22.3214
356 121 22.3214
357 121 22.3214
367 121 200
377 121 28.6944
378 121 28.6944
383 121 40.1606
388 121 15.456
392 121 13.3958
405 121 13.3958
406 121 13.3958
437 121 66.8896
440 121 66.8896
441 121 66.8896
510 121 40.1606
518 121 66.8896
16 122 40.1606
40 122 66.8896
58 122 66.8896
101 122 28.6944
118 122 28.6944
119 122 28.6944
292 122 28.6944
326 122 22.3214
356 122 22.3214
367 122 200
378 122 28.6944
382 122 28.6944
391 122 28.6944
405 122 13.3958
410 122 22.3214
418 122 200
510 122 40.1606
518 122 66.8896
14 123 40.1606
15 123 40.1606
16 123 40.1606
19 123 66.8896
57 123 66.8896
58 123 66.8896
82 123 28.6944
101 123 28.6944
105 123 28.6944
114 123 66.8896
118 123 28.6944
119 123 28.6944
326 123 22.3214
350 123 8.03858
355 123 22.3214
356 123 22.3214
378 123 28.6944
382 123 28.6944
383 123 28.6944
391 123 28.6944
409 123 22.3214
439 123 66.8896
440 123 66.8896
506 123 66.8896
510 123 40.1606
518 123 66.8896
15 124 40.1606
27 124 40.1606
50 124 66.8896
57 124 66.8896
66 124 66.8896
82 124 28.6944
83 124 28.6944
103 124 28.6944
105 124 28.6944
106 124 28.6944
118 124 28.6944
119 124 28.6944
290 124 28.6944
292 124 28.6944
304 124 40.1606
326 124 22.3214
343 124 200
354 124 22.3214
359 124 15.456
378 124 28.6944
382 124 28.6944
383 124 28.6944
387 124 40.1606
391 124 28.6944
396 124 5.74218
401 124 15.456
439 124 66.8896
440 124 66.8896
510 124 40.1606
518 124 66.8896
50 125 66.8896
66 125 66.8896
83 125 28.6944
84 125 28.6944
93 125 40.1606
118 125 28.6944
119 125 28.6944
292 125 28.6944
300 125 15.456
303 125 40.1606
304 125 40.1606
326 125 22.3214
353 125 22.3214
354 125 22.3214
382 125 28.6944
387 125 40.1606
391 125 28.6944
399 125 15.456
401 125 15.456
439 125 66.8896
440 125 66.8896
510 125 40.1606
518 125 66.8896
3 126 66.8896
9 126 40.1606
84 126 28.6944
85 126 28.6944
114 126 66.8896
118 126 28.6944
119 126 28.6944
292 126 28.6944
293 126 28.6944
326 126 22.3214
328 126 22.3214
351 126 28.6944
358 126 15.456
381 126 28.6944
382 126 28.6944
390 126 28.6944
391 126 28.6944
422 126 66.8896
439 126 66.8896
440 126 66.8896
446 126 28.6944
447 126 28.6944
506 126 66.8896
510 126 40.1606
518 126 66.8896
3 127 66.8896
65 127 66.8896
85 127 28.6944
99 127 28.6944
118 127 28.6944
119 127 28.6944
292 127 28.6944
325 127 22.3214
328 127 18.2648
337 127 11.8203
349 127 28.6944
350 127 28.6944
378 127 40.1606
381 127 28.6944
390 127 28.6944
394 127 22.3214
398 127 18.2648
440 127 66.8896
446 127 28.6944
482 127 66.8896
510 127 40.1606
518 127 66.8896
44 128 40.1606
60 128 66.8896
86 128 28.6944
99 128 28.6944
104 128 28.6944
105 128 28.6944
118 128 28.6944
119 128 28.6944
292 128 28.6944
302 128 66.8896
312 128 200
325 128 22.3214
328 128 18.2648
349 128 28.6944
350 128 28.6944
364 128 13.3958
378 128 40.1606
381 128 28.6944
387 128 18.2648
390 128 28.6944
394 128 22.3214
397 128 18.2648
398 128 18.2648
440 128 66.8896
444 128 66.8896
482 128 66.8896
506 128 66.8896
17 129 40.1606
59 129 66.8896
67 129 66.8896
71 129 40.1606
85 129 28.6944
104 129 28.6944
105 129 28.6944
117 129 28.6944
118 129 28.6944
292 129 28.6944
302 129 66.8896
350 129 28.6944
358 129 18.2648
378 129 40.1606
380 129 28.6944
381 129 28.6944
387 129 18.2648
390 129 28.6944
397 129 18.2648
420 129 66.8896
443 129 66.8896
444 129 66.8896
482 129 66.8896
506 129 66.8896
17 130 40.1606
34 130 40.1606
59 130 66.8896
67 130 66.8896
85 130 28.6944
117 130 28.6944
118 130 28.6944
292 130 28.6944
312 130 200
326 130 22.3214
334 130 13.3958
335 130 13.3958
350 130 28.6944
351 130 28.6944
352 130 28.6944
380 130 28.6944
381 130 28.6944
387 130 28.6944
390 130 28.6944
443 130 66.8896
447 130 40.1606
15 131 40.1606
21 131 66.8896
24 131 66.8896
34 131 40.1606
59 131 66.8896
86 131 28.6944
112 131 200
118 131 28.6944
119 131 28.6944
292 131 28.6944
313 131 200
326 131 22.3214
351 131 15.456
380 131 28.6944
381 131 28.6944
386 131 40.1606
389 131 18.2648
390 131 15.456
442 131 66.8896
443 131 66.8896
15 132 40.1606
24 132 66.8896
27 132 40.1606
59 132 66.8896
103 132 28.6944
113 132 200
114 132 200
115 132 66.8896
119 132 28.6944
120 132 28.6944
292 132 28.6944
310 132 200
313 132 200
326 132 22.3214
344 132 22.3214
345 132 22.3214
374 132 66.8896
380 132 28.6944
386 132 40.1606
389 132 18.2648
420 132 66.8896
468 132 66.8896
14 133 40.1606
15 133 40.1606
28 133 28.6944
46 133 66.8896
57 133 66.8896
69 133 66.8896
86 133 40.1606
103 133 28.6944
104 133 28.6944
119 133 28.6944
120 133 28.6944
121 133 28.6944
292 133 28.6944
310 133 200
312 133 200
313 133 200
325 133 22.3214
326 133 22.3214
343 133 22.3214
344 133 22.3214
347 133 15.456
353 133 11.8203
354 133 11.8203
374 133 66.8896
379 133 28.6944
380 133 28.6944
391 133 28.6944
392 133 15.456
468 133 66.8896
85 134 40.1606
86 134 40.1606
120 134 40.1606
121 134 28.6944
290 134 28.6944
292 134 28.6944
312 134 200
313 134 200
326 134 22.3214
332 134 40.1606
335 134 40.1606
342 134 22.3214
347 134 15.456
354 134 11.8203
368 134 13.3958
380 134 28.6944
385 134 66.8896
390 134 28.6944
391 134 28.6944
410 134 10.5764
443 134 66.8896
468 134 66.8896
27 135 28.6944
66 135 66.8896
123 135 28.6944
194 135 66.8896
290 135 28.6944
292 135 28.6944
295 135 22.3214
305 135 40.1606
312 135 200
313 135 200
325 135 22.3214
326 135 22.3214
332 135 40.1606
334 135 40.1606
335 135 40.1606
342 135 22.3214
353 135 11.8203
368 135 13.3958
380 135 28.6944
385 135 66.8896
388 135 28.6944
390 135 28.6944
419 135 66.8896
442 135 66.8896
468 135 66.8896
12 136 40.1606
13 136 40.1606
27 136 28.6944
28 136 28.6944
40 136 40.1606
41 136 40.1606
66 136 66.8896
86 136 40.1606
115 136 28.6944
116 136 28.6944
122 136 28.6944
123 136 28.6944
124 136 28.6944
290 136 28.6944
292 136 28.6944
313 136 200
325 136 22.3214
326 136 22.3214
334 136 40.1606
341 136 22.3214
348 136 13.3958
354 136 28.6944
368 136 13.3958
380 136 28.6944
384 136 66.8896
390 136 28.6944
468 136 66.8896
12 137 40.1606
13 137 40.1606
22 137 66.8896
23 137 66.8896
86 137 28.6944
115 137 28.6944
116 137 28.6944
123 137 28.6944
292 137 28.6944
313 137 200
326 137 22.3214
332 137 40.1606
341 137 22.3214
348 137 13.3958
379 137 200
389 137 28.6944
13 138 40.1606
18 138 66.8896
19 138 66.8896
23 138 66.8896
27 138 28.6944
122 138 28.6944
123 138 28.6944
292 138 28.6944
313 138 200
327 138 200
328 138 200
331 138 66.8896
345 138 15.456
348 138 13.3958
353 138 28.6944
355 138 28.6944
368 138 66.8896
379 138 200
385 138 40.1606
389 138 28.6944
467 138 66.8896
23 139 66.8896
27 139 28.6944
38 139 40.1606
64 139 40.1606
73 139 66.8896
112 139 28.6944
122 139 28.6944
123 139 28.6944
290 139 28.6944
292 139 28.6944
313 139 200
326 139 200
327 139 200
339 139 22.3214
353 139 28.6944
356 139 28.6944
379 139 200
381 139 200
385 139 40.1606
388 139 28.6944
389 139 28.6944
421 139 66.8896
444 139 66.8896
23 140 66.8896
27 140 28.6944
64 140 40.1606
117 140 28.6944
122 140 28.6944
123 140 28.6944
196 140 66.8896
292 140 28.6944
311 140 200
313 140 200
326 140 200
327 140 200
330 140 66.8896
338 140 22.3214
339 140 22.3214
340 140 22.3214
350 140 13.3958
353 140 28.6944
356 140 28.6944
379 140 200
385 140 40.1606
388 140 28.6944
411 140 10.5764
421 140 66.8896
444 140 66.8896
23 141 66.8896
73 141 66.8896
100 141 28.6944
101 141 28.6944
115 141 28.6944
116 141 28.6944
170 141 66.8896
186 141 66.8896
189 141 66.8896
198 141 66.8896
290 141 28.6944
292 141 28.6944
311 141 22.3214
326 141 200
327 141 200
330 141 66.8896
337 141 22.3214
338 141 22.3214
350 141 66.8896
353 141 10.5764
357 141 28.6944
369 141 15.456
379 141 200
385 141 40.1606
388 141 28.6944
421 141 66.8896
443 141 66.8896
444 141 66.8896
22 142 66.8896
26 142 28.6944
33 142 28.6944
86 142 28.6944
91 142 28.6944
92 142 28.6944
101 142 28.6944
112 142 66.8896
114 142 28.6944
115 142 28.6944
120 142 200
167 142 200
186 142 66.8896
191 142 66.8896
192 142 66.8896
292 142 28.6944
305 142 40.1606
311 142 22.3214
337 142 22.3214
340 142 22.3214
343 142 13.3958
354 142 28.6944
369 142 15.456
375 142 10.5764
378 142 200
379 142 200
382 142 8.73744
385 142 40.1606
421 142 66.8896
444 142 66.8896
12 143 40.1606
22 143 66.8896
23 143 66.8896
26 143 28.6944
33 143 28.6944
56 143 66.8896
87 143 28.6944
91 143 28.6944
93 143 28.6944
94 143 40.1606
154 143 66.8896
165 143 200
186 143 66.8896
194 143 66.8896
195 143 66.8896
292 143 28.6944
304 143 40.1606
311 143 22.3214
337 143 22.3214
354 143 40.1606
358 143 22.3214
359 143 22.3214
378 143 200
379 143 200
382 143 8.73744
389 143 28.6944
403 143 13.3958
443 143 66.8896
444 143 66.8896
450 143 28.6944
11 144 40.1606
23 144 66.8896
33 144 28.6944
56 144 66.8896
70 144 40.1606
71 144 66.8896
73 144 66.8896
74 144 66.8896
86 144 28.6944
106 144 28.6944
115 144 28.6944
126 144 28.6944
157 144 66.8896
186 144 66.8896
187 144 66.8896
195 144 66.8896
292 144 28.6944
304 144 40.1606
311 144 22.3214
334 144 22.3214
335 144 22.3214
349 144 66.8896
355 144 28.6944
359 144 22.3214
378 144 200
389 144 28.6944
402 144 13.3958
443 144 66.8896
444 144 66.8896
9 145 40.1606
23 145 66.8896
33 145 28.6944
73 145 66.8896
113 145 28.6944
125 145 28.6944
126 145 28.6944
157 145 66.8896
186 145 66.8896
195 145 66.8896
202 145 66.8896
292 145 28.6944
311 145 22.3214
334 145 22.3214
341 145 200
349 145 66.8896
353 145 66.8896
354 145 66.8896
372 145 11.8203
379 145 200
383 145 66.8896
8 146 40.1606
23 146 40.1606
27 146 28.6944
72 146 66.8896
73 146 66.8896
75 146 66.8896
113 146 28.6944
114 146 28.6944
123 146 28.6944
124 146 28.6944
125 146 28.6944
143 146 66.8896
144 146 66.8896
186 146 66.8896
200 146 66.8896
202 146 66.8896
292 146 28.6944
311 146 22.3214
312 146 22.3214
333 146 22.3214
334 146 22.3214
346 146 10.5764
354 146 66.8896
355 146 66.8896
362 146 18.2648
379 146 200
383 146 66.8896
412 146 9.56938
419 146 66.8896
447 146 66.8896
23 147 40.1606
27 147 28.6944
33 147 28.6944
49 147 40.1606
66 147 40.1606
73 147 66.8896
94 147 40.1606
114 147 28.6944
123 147 28.6944
124 147 28.6944
142 147 66.8896
143 147 66.8896
186 147 66.8896
196 147 66.8896
290 147 28.6944
292 147 28.6944
311 147 22.3214
333 147 22.3214
359 147 22.3214
362 147 18.2648
378 147 200
379 147 200
386 147 28.6944
388 147 28.6944
447 147 66.8896
6 148 40.1606
23 148 40.1606
27 148 28.6944
49 148 40.1606
123 148 28.6944
124 148 28.6944
143 148 66.8896
186 148 66.8896
196 148 66.8896
202 148 66.8896
292 148 28.6944
311 148 22.3214
329 148 28.6944
333 148 22.3214
343 148 11.8203
347 148 200
356 148 66.8896
363 148 18.2648
387 148 28.6944
388 148 28.6944
446 148 66.8896
457 148 22.3214
502 148 66.8896
24 149 40.1606
27 149 28.6944
72 149 66.8896
121 149 28.6944
123 149 28.6944
143 149 66.8896
186 149 66.8896
197 149 66.8896
202 149 66.8896
292 149 28.6944
311 149 22.3214
332 149 22.3214
353 149 200
356 149 66.8896
364 149 28.6944
370 149 18.2648
387 149 28.6944
446 149 66.8896
456 149 22.3214
24 150 40.1606
26 150 28.6944
27 150 28.6944
72 150 66.8896
94 150 40.1606
119 150 28.6944
120 150 28.6944
122 150 40.1606
143 150 66.8896
186 150 66.8896
197 150 66.8896
292 150 28.6944
310 150 22.3214
332 150 22.3214
338 150 200
346 150 200
347 150 200
354 150 40.1606
355 150 66.8896
363 150 28.6944
364 150 28.6944
370 150 18.2648
375 150 15.456
378 150 200
381 150 11.8203
387 150 28.6944
416 150 66.8896
445 150 66.8896
446 150 66.8896
453 150 66.8896
455 150 66.8896
496 150 200
26 151 28.6944
27 151 28.6944
33 151 28.6944
73 151 66.8896
105 151 40.1606
118 151 28.6944
119 151 28.6944
143 151 66.8896
200 151 66.8896
202 151 66.8896
243 151 66.8896
292 151 28.6944
310 151 22.3214
333 151 18.2648
334 151 18.2648
347 151 200
357 151 66.8896
364 151 28.6944
375 151 15.456
378 151 200
381 151 11.8203
389 151 18.2648
445 151 66.8896
453 151 66.8896
496 151 200
26 152 28.6944
27 152 28.6944
33 152 28.6944
40 152 40.1606
41 152 40.1606
49 152 40.1606
77 152 40.1606
118 152 28.6944
119 152 28.6944
143 152 66.8896
154 152 66.8896
241 152 200
243 152 200
292 152 28.6944
309 152 22.3214
334 152 18.2648
349 152 200
364 152 28.6944
375 152 15.456
381 152 11.8203
389 152 9.56938
417 152 66.8896
444 152 66.8896
453 152 66.8896
500 152 66.8896
553 152 66.8896
26 153 28.6944
40 153 40.1606
41 153 40.1606
49 153 40.1606
77 153 40.1606
114 153 66.8896
115 153 66.8896
119 153 28.6944
120 153 28.6944
143 153 66.8896
241 153 200
243 153 200
292 153 28.6944
309 153 22.3214
332 153 18.2648
346 153 200
354 153 200
364 153 28.6944
365 153 28.6944
374 153 15.456
375 153 15.456
380 153 28.6944
387 153 9.56938
389 153 9.56938
396 153 18.2648
418 153 66.8896
444 153 66.8896
553 153 66.8896
26 154 28.6944
49 154 40.1606
50 154 40.1606
80 154 40.1606
88 154 28.6944
105 154 40.1606
107 154 40.1606
118 154 28.6944
119 154 28.6944
120 154 28.6944
143 154 66.8896
210 154 200
241 154 200
292 154 28.6944
309 154 22.3214
330 154 22.3214
331 154 22.3214
332 154 22.3214
365 154 28.6944
369 154 22.3214
374 154 15.456
375 154 15.456
380 154 28.6944
388 154 9.56938
389 154 9.56938
418 154 66.8896
419 154 66.8896
444 154 66.8896
26 155 28.6944
40 155 40.1606
77 155 66.8896
88 155 28.6944
105 155 40.1606
119 155 28.6944
120 155 28.6944
241 155 200
251 155 200
292 155 28.6944
309 155 22.3214
330 155 22.3214
358 155 66.8896
365 155 28.6944
369 155 22.3214
379 155 28.6944
386 155 18.2648
389 155 10.5764
419 155 66.8896
444 155 66.8896
495 155 66.8896
499 155 40.1606
553 155 66.8896
26 156 28.6944
40 156 40.1606
41 156 40.1606
77 156 66.8896
94 156 28.6944
108 156 28.6944
120 156 28.6944
241 156 200
243 156 200
251 156 200
292 156 28.6944
309 156 22.3214
330 156 22.3214
331 156 22.3214
358 156 66.8896
359 156 66.8896
369 156 22.3214
419 156 66.8896
444 156 66.8896
495 156 66.8896
499 156 40.1606
26 157 28.6944
41 157 40.1606
45 157 28.6944
73 157 40.1606
74 157 40.1606
77 157 66.8896
81 157 66.8896
94 157 28.6944
117 157 28.6944
225 157 66.8896
226 157 66.8896
243 157 66.8896
251 157 200
292 157 28.6944
309 157 22.3214
329 157 22.3214
331 157 22.3214
359 157 66.8896
366 157 28.6944
381 157 13.3958
387 157 10.5764
388 157 10.5764
393 157 22.3214
419 157 66.8896
420 157 66.8896
499 157 40.1606
501 157 40.1606
26 158 28.6944
60 158 40.1606
94 158 28.6944
118 158 28.6944
119 158 28.6944
120 158 28.6944
226 158 66.8896
243 158 66.8896
292 158 28.6944
329 158 22.3214
331 158 22.3214
337 158 13.3958
338 158 13.3958
366 158 28.6944
367 158 28.6944
375 158 18.2648
379 158 13.3958
381 158 13.3958
386 158 10.5764
387 158 10.5764
388 158 10.5764
420 158 66.8896
444 158 66.8896
499 158 40.1606
553 158 66.8896
26 159 28.6944
39 159 66.8896
54 159 40.1606
71 159 40.1606
72 159 40.1606
78 159 66.8896
94 159 28.6944
115 159 40.1606
187 159 66.8896
243 159 66.8896
251 159 200
292 159 28.6944
308 159 22.3214
329 159 22.3214
338 159 13.3958
367 159 28.6944
375 159 18.2648
381 159 66.8896
386 159 11.8203
420 159 66.8896
443 159 66.8896
469 159 66.8896
495 159 66.8896
499 159 40.1606
501 159 40.1606
26 160 28.6944
78 160 66.8896
94 160 28.6944
114 160 28.6944
115 160 40.1606
116 160 28.6944
117 160 28.6944
186 160 66.8896
187 160 66.8896
243 160 66.8896
251 160 200
292 160 28.6944
308 160 22.3214
329 160 22.3214
330 160 22.3214
361 160 66.8896
367 160 28.6944
375 160 18.2648
380 160 66.8896
386 160 11.8203
416 160 200
442 160 66.8896
443 160 66.8896
468 160 66.8896
26 161 28.6944
44 161 40.1606
70 161 40.1606
75 161 66.8896
93 161 28.6944
112 161 28.6944
113 161 28.6944
114 161 28.6944
176 161 66.8896
186 161 66.8896
187 161 66.8896
251 161 200
292 161 28.6944
329 161 22.3214
330 161 22.3214
337 161 13.3958
361 161 66.8896
362 161 66.8896
368 161 28.6944
375 161 18.2648
379 161 66.8896
380 161 66.8896
386 161 11.8203
442 161 66.8896
26 162 28.6944
70 162 40.1606
75 162 66.8896
93 162 28.6944
112 162 28.6944
113 162 28.6944
170 162 66.8896
176 162 66.8896
186 162 66.8896
187 162 66.8896
212 162 66.8896
251 162 200
292 162 28.6944
330 162 18.2648
362 162 66.8896
368 162 28.6944
375 162 18.2648
386 162 11.8203
416 162 66.8896
441 162 66.8896
26 163 28.6944
69 163 40.1606
94 163 28.6944
113 163 28.6944
170 163 66.8896
176 163 66.8896
184 163 66.8896
186 163 66.8896
187 163 66.8896
210 163 66.8896
212 163 66.8896
216 163 28.6944
251 163 200
272 163 200
292 163 28.6944
308 163 22.3214
362 163 66.8896
363 163 66.8896
369 163 28.6944
375 163 18.2648
386 163 11.8203
387 163 11.8203
416 163 66.8896
440 163 66.8896
447 163 28.6944
26 164 28.6944
94 164 28.6944
111 164 28.6944
112 164 28.6944
170 164 66.8896
176 164 66.8896
186 164 66.8896
187 164 66.8896
210 164 66.8896
212 164 66.8896
218 164 28.6944
269 164 200
272 164 200
284 164 18.2648
285 164 18.2648
292 164 40.1606
308 164 22.3214
329 164 18.2648
330 164 18.2648
363 164 66.8896
369 164 28.6944
370 164 28.6944
375 164 22.3214
387 164 11.8203
416 164 66.8896
440 164 66.8896
444 164 66.8896
447 164 40.1606
26 165 28.6944
52 165 40.1606
79 165 40.1606
82 165 66.8896
94 165 28.6944
99 165 28.6944
100 165 28.6944
107 165 28.6944
153 165 66.8896
170 165 66.8896
176 165 66.8896
186 165 66.8896
187 165 66.8896
210 165 200
212 165 200
221 165 66.8896
269 165 200
272 165 200
292 165 40.1606
308 165 22.3214
318 165 66.8896
329 165 22.3214
330 165 22.3214
363 165 66.8896
364 165 66.8896
370 165 28.6944
375 165 22.3214
385 165 13.3958
440 165 66.8896
444 165 66.8896
445 165 66.8896
25 166 28.6944
26 166 28.6944
78 166 40.1606
79 166 40.1606
94 166 28.6944
99 166 28.6944
100 166 28.6944
152 166 66.8896
153 166 66.8896
170 166 66.8896
176 166 66.8896
186 166 66.8896
187 166 66.8896
210 166 200
212 166 200
221 166 66.8896
269 166 200
272 166 200
287 166 200
288 166 200
292 166 40.1606
293 166 40.1606
308 166 22.3214
330 166 22.3214
364 166 66.8896
370 166 28.6944
371 166 28.6944
374 166 22.3214
375 166 22.3214
385 166 28.6944
415 166 66.8896
445 166 66.8896
447 166 66.8896
26 167 28.6944
33 167 28.6944
94 167 28.6944
99 167 28.6944
100 167 28.6944
144 167 66.8896
152 167 66.8896
153 167 66.8896
170 167 66.8896
176 167 66.8896
186 167 66.8896
187 167 66.8896
210 167 200
212 167 200
221 167 66.8896
269 167 200
272 167 200
289 167 200
292 167 66.8896
308 167 22.3214
309 167 22.3214
328 167 22.3214
364 167 66.8896
365 167 66.8896
371 167 28.6944
374 167 22.3214
385 167 28.6944
415 167 66.8896
445 167 66.8896
25 168 28.6944
26 168 28.6944
94 168 28.6944
99 168 28.6944
100 168 28.6944
144 168 66.8896
152 168 66.8896
153 168 66.8896
170 168 66.8896
176 168 66.8896
186 168 66.8896
187 168 66.8896
210 168 66.8896
212 168 66.8896
221 168 66.8896
269 168 200
290 168 200
293 168 66.8896
308 168 22.3214
328 168 22.3214
329 168 22.3214
364 168 66.8896
365 168 66.8896
374 168 22.3214
383 168 28.6944
384 168 28.6944
415 168 66.8896
445 168 66.8896
448 168 40.1606
25 169 28.6944
26 169 28.6944
74 169 40.1606
75 169 40.1606
79 169 66.8896
83 169 40.1606
94 169 28.6944
99 169 28.6944
125 169 66.8896
144 169 66.8896
152 169 66.8896
153 169 66.8896
170 169 66.8896
176 169 66.8896
186 169 66.8896
187 169 66.8896
210 169 66.8896
212 169 66.8896
221 169 66.8896
269 169 200
294 169 66.8896
308 169 22.3214
327 169 22.3214
382 169 28.6944
383 169 28.6944
384 169 28.6944
416 169 66.8896
448 169 40.1606
454 169 28.6944
9 170 40.1606
25 170 28.6944
26 170 28.6944
30 170 22.3214
83 170 40.1606
94 170 28.6944
99 170 28.6944
120 170 66.8896
125 170 66.8896
144 170 66.8896
152 170 66.8896
153 170 66.8896
170 170 66.8896
176 170 66.8896
180 170 66.8896
186 170 66.8896
187 170 66.8896
212 170 66.8896
221 170 66.8896
240 170 66.8896
280 170 66.8896
296 170 66.8896
327 170 22.3214
383 170 28.6944
416 170 66.8896
447 170 66.8896
448 170 40.1606
8 171 40.1606
26 171 28.6944
29 171 22.3214
30 171 22.3214
33 171 28.6944
34 171 28.6944
54 171 40.1606
94 171 28.6944
99 171 28.6944
125 171 66.8896
144 171 66.8896
152 171 66.8896
153 171 66.8896
170 171 66.8896
176 171 66.8896
186 171 66.8896
187 171 66.8896
210 171 66.8896
212 171 66.8896
221 171 66.8896
240 171 66.8896
245 171 66.8896
293 171 22.3214
298 171 18.2648
327 171 22.3214
329 171 22.3214
382 171 28.6944
393 171 15.456
417 171 66.8896
446 171 66.8896
542 171 40.1606
8 172 40.1606
26 172 28.6944
33 172 28.6944
34 172 28.6944
78 172 40.1606
79 172 40.1606
80 172 40.1606
94 172 28.6944
99 172 28.6944
120 172 66.8896
125 172 66.8896
144 172 66.8896
152 172 66.8896
153 172 66.8896
170 172 66.8896
176 172 66.8896
210 172 66.8896
212 172 66.8896
221 172 66.8896
240 172 66.8896
247 172 66.8896
248 172 66.8896
293 172 22.3214
299 172 15.456
300 172 15.456
301 172 15.456
327 172 22.3214
329 172 22.3214
370 172 28.6944
382 172 28.6944
417 172 66.8896
8 173 40.1606
25 173 28.6944
26 173 28.6944
28 173 28.6944
33 173 28.6944
34 173 28.6944
86 173 66.8896
87 173 66.8896
98 173 28.6944
99 173 28.6944
120 173 66.8896
125 173 66.8896
144 173 66.8896
152 173 66.8896
153 173 66.8896
210 173 200
212 173 200
221 173 66.8896
240 173 66.8896
248 173 66.8896
292 173 22.3214
293 173 22.3214
296 173 18.2648
300 173 15.456
302 173 13.3958
327 173 22.3214
329 173 22.3214
370 173 28.6944
382 173 28.6944
453 173 66.8896
25 174 28.6944
26 174 28.6944
28 174 28.6944
34 174 28.6944
73 174 40.1606
74 174 40.1606
75 174 40.1606
98 174 28.6944
99 174 28.6944
120 174 66.8896
125 174 66.8896
144 174 66.8896
152 174 66.8896
153 174 66.8896
221 174 66.8896
248 174 66.8896
296 174 18.2648
303 174 13.3958
327 174 22.3214
329 174 22.3214
370 174 28.6944
382 174 28.6944
395 174 13.3958
396 174 13.3958
25 175 28.6944
26 175 28.6944
34 175 28.6944
75 175 40.1606
76 175 40.1606
98 175 28.6944
99 175 28.6944
120 175 66.8896
125 175 66.8896
144 175 66.8896
152 175 66.8896
153 175 66.8896
221 175 66.8896
248 175 66.8896
327 175 22.3214
370 175 28.6944
448 175 66.8896
14 176 40.1606
15 176 66.8896
25 176 28.6944
26 176 28.6944
34 176 28.6944
84 176 66.8896
85 176 40.1606
98 176 28.6944
99 176 28.6944
120 176 66.8896
125 176 66.8896
144 176 66.8896
235 176 66.8896
248 176 66.8896
264 176 66.8896
327 176 22.3214
366 176 40.1606
380 176 28.6944
393 176 66.8896
446 176 66.8896
447 176 66.8896
452 176 66.8896
454 176 40.1606
456 176 40.1606
25 177 28.6944
26 177 28.6944
82 177 66.8896
83 177 66.8896
98 177 28.6944
99 177 28.6944
120 177 66.8896
125 177 66.8896
235 177 66.8896
248 177 66.8896
263 177 66.8896
264 177 66.8896
327 177 22.3214
329 177 22.3214
379 177 28.6944
380 177 28.6944
416 177 66.8896
446 177 66.8896
452 177 66.8896
456 177 40.1606
12 178 40.1606
25 178 28.6944
26 178 28.6944
36 178 28.6944
76 178 40.1606
77 178 40.1606
93 178 28.6944
98 178 28.6944
99 178 28.6944
120 178 66.8896
125 178 66.8896
248 178 66.8896
263 178 66.8896
264 178 66.8896
327 178 22.3214
370 178 200
380 178 28.6944
393 178 200
452 178 66.8896
456 178 40.1606
12 179 40.1606
25 179 28.6944
26 179 28.6944
77 179 40.1606
78 179 40.1606
93 179 28.6944
94 179 28.6944
98 179 28.6944
99 179 28.6944
120 179 66.8896
125 179 66.8896
247 179 66.8896
248 179 66.8896
264 179 66.8896
327 179 22.3214
329 179 22.3214
359 179 200
369 179 200
379 179 28.6944
452 179 66.8896
456 179 40.1606
25 180 28.6944
26 180 28.6944
33 180 28.6944
47 180 40.1606
83 180 40.1606
98 180 28.6944
99 180 28.6944
247 180 66.8896
248 180 66.8896
264 180 66.8896
282 180 66.8896
287 180 28.6944
288 180 28.6944
327 180 22.3214
369 180 200
379 180 28.6944
450 180 66.8896
633 180 40.1606
25 181 28.6944
26 181 28.6944
35 181 28.6944
53 181 40.1606
98 181 28.6944
99 181 28.6944
191 181 66.8896
248 181 66.8896
264 181 66.8896
369 181 200
378 181 28.6944
411 181 66.8896
450 181 66.8896
481 181 28.6944
633 181 40.1606
25 182 28.6944
26 182 28.6944
33 182 28.6944
34 182 28.6944
35 182 28.6944
50 182 40.1606
51 182 40.1606
52 182 40.1606
56 182 66.8896
57 182 66.8896
58 182 66.8896
59 182 66.8896
61 182 28.6944
62 182 28.6944
81 182 40.1606
92 182 28.6944
98 182 28.6944
99 182 28.6944
183 182 66.8896
188 182 200
190 182 66.8896
191 182 66.8896
263 182 66.8896
264 182 66.8896
328 182 18.2648
378 182 28.6944
411 182 66.8896
449 182 66.8896
450 182 66.8896
553 182 66.8896
25 183 28.6944
26 183 28.6944
52 183 40.1606
91 183 28.6944
98 183 28.6944
99 183 28.6944
176 183 66.8896
183 183 66.8896
188 183 66.8896
190 183 66.8896
263 183 66.8896
264 183 66.8896
328 183 18.2648
369 183 200
449 183 66.8896
450 183 66.8896
553 183 66.8896
633 183 40.1606
25 184 28.6944
26 184 28.6944
33 184 28.6944
34 184 28.6944
51 184 40.1606
65 184 66.8896
66 184 66.8896
81 184 66.8896
91 184 28.6944
95 184 66.8896
98 184 28.6944
99 184 28.6944
110 184 200
111 184 200
188 184 66.8896
190 184 66.8896
209 184 66.8896
214 184 66.8896
264 184 66.8896
369 184 200
378 184 28.6944
449 184 66.8896
456 184 66.8896
553 184 66.8896
25 185 28.6944
26 185 28.6944
33 185 28.6944
79 185 66.8896
81 185 66.8896
91 185 28.6944
99 185 28.6944
100 185 28.6944
107 185 200
110 185 200
111 185 200
114 185 40.1606
190 185 66.8896
209 185 66.8896
214 185 66.8896
215 185 66.8896
264 185 66.8896
368 185 200
378 185 28.6944
449 185 66.8896
456 185 66.8896
25 186 28.6944
78 186 40.1606
81 186 66.8896
91 186 28.6944
99 186 28.6944
100 186 28.6944
107 186 200
111 186 200
118 186 66.8896
151 186 66.8896
153 186 66.8896
188 186 66.8896
190 186 66.8896
209 186 66.8896
214 186 66.8896
215 186 66.8896
282 186 66.8896
287 186 28.6944
368 186 200
455 186 66.8896
456 186 66.8896
25 187 28.6944
35 187 22.3214
62 187 66.8896
83 187 66.8896
85 187 66.8896
86 187 66.8896
90 187 28.6944
100 187 28.6944
101 187 28.6944
107 187 200
117 187 66.8896
118 187 66.8896
151 187 66.8896
153 187 66.8896
188 187 66.8896
190 187 66.8896
209 187 66.8896
214 187 66.8896
226 187 66.8896
368 187 200
455 187 66.8896
3 188 40.1606
25 188 28.6944
35 188 22.3214
62 188 66.8896
86 188 66.8896
100 188 28.6944
101 188 28.6944
117 188 66.8896
118 188 66.8896
136 188 66.8896
153 188 66.8896
190 188 66.8896
209 188 66.8896
214 188 66.8896
226 188 66.8896
243 188 66.8896
297 188 66.8896
307 188 22.3214
326 188 22.3214
454 188 66.8896
455 188 66.8896
25 189 28.6944
26 189 28.6944
62 189 66.8896
101 189 28.6944
117 189 66.8896
118 189 66.8896
127 189 66.8896
136 189 66.8896
153 189 66.8896
188 189 66.8896
190 189 66.8896
209 189 66.8896
214 189 66.8896
226 189 66.8896
275 189 66.8896
288 189 66.8896
296 189 66.8896
297 189 66.8896
307 189 22.3214
326 189 22.3214
337 189 11.8203
528 189 28.6944
531 189 22.3214
532 189 22.3214
25 190 28.6944
33 190 28.6944
47 190 40.1606
51 190 40.1606
117 190 66.8896
118 190 66.8896
127 190 66.8896
136 190 66.8896
153 190 66.8896
188 190 66.8896
190 190 66.8896
209 190 66.8896
214 190 66.8896
226 190 66.8896
307 190 22.3214
326 190 22.3214
337 190 11.8203
450 190 200
528 190 28.6944
529 190 28.6944
531 190 22.3214
532 190 22.3214
533 190 22.3214
535 190 22.3214
25 191 28.6944
33 191 28.6944
46 191 40.1606
47 191 40.1606
51 191 40.1606
58 191 66.8896
117 191 66.8896
118 191 66.8896
127 191 66.8896
136 191 66.8896
151 191 66.8896
153 191 66.8896
176 191 66.8896
188 191 200
190 191 200
209 191 66.8896
214 191 66.8896
226 191 66.8896
245 191 66.8896
246 191 66.8896
285 191 200
293 191 28.6944
307 191 22.3214
326 191 22.3214
334 191 13.3958
337 191 11.8203
454 191 66.8896
523 191 66.8896
526 191 28.6944
528 191 28.6944
529 191 28.6944
532 191 22.3214
533 191 22.3214
535 191 22.3214
538 191 15.456
12 192 40.1606
25 192 28.6944
45 192 40.1606
46 192 40.1606
50 192 40.1606
53 192 200
54 192 200
55 192 200
57 192 66.8896
58 192 66.8896
59 192 66.8896
117 192 66.8896
118 192 66.8896
127 192 66.8896
136 192 66.8896
153 192 66.8896
176 192 66.8896
183 192 66.8896
188 192 200
190 192 200
209 192 66.8896
214 192 66.8896
226 192 66.8896
246 192 66.8896
275 192 66.8896
285 192 200
293 192 28.6944
327 192 200
334 192 13.3958
356 192 10.5764
454 192 66.8896
520 192 200
528 192 28.6944
529 192 28.6944
533 192 22.3214
535 192 22.3214
538 192 15.456
635 192 40.1606
25 193 28.6944
33 193 28.6944
45 193 40.1606
46 193 40.1606
59 193 66.8896
60 193 66.8896
117 193 66.8896
127 193 66.8896
136 193 66.8896
151 193 66.8896
153 193 66.8896
176 193 66.8896
209 193 66.8896
214 193 66.8896
226 193 66.8896
245 193 66.8896
246 193 66.8896
327 193 200
334 193 13.3958
356 193 10.5764
363 193 66.8896
454 193 66.8896
526 193 28.6944
528 193 28.6944
529 193 28.6944
531 193 22.3214
532 193 22.3214
533 193 22.3214
535 193 22.3214
538 193 15.456
25 194 28.6944
33 194 28.6944
34 194 28.6944
45 194 40.1606
46 194 40.1606
101 194 28.6944
102 194 28.6944
117 194 66.8896
127 194 66.8896
136 194 66.8896
151 194 66.8896
153 194 66.8896
209 194 66.8896
214 194 66.8896
221 194 66.8896
226 194 66.8896
245 194 66.8896
327 194 200
344 194 15.456
363 194 66.8896
369 194 200
377 194 28.6944
453 194 66.8896
454 194 66.8896
526 194 28.6944
528 194 28.6944
529 194 28.6944
532 194 22.3214
533 194 22.3214
535 194 22.3214
538 194 15.456
635 194 40.1606
25 195 28.6944
33 195 28.6944
91 195 28.6944
100 195 28.6944
117 195 66.8896
127 195 66.8896
136 195 66.8896
151 195 200
153 195 200
221 195 66.8896
226 195 66.8896
245 195 66.8896
325 195 200
327 195 200
356 195 66.8896
363 195 66.8896
377 195 28.6944
453 195 66.8896
454 195 66.8896
528 195 28.6944
529 195 28.6944
531 195 22.3214
532 195 22.3214
533 195 22.3214
535 195 22.3214
635 195 40.1606
25 196 28.6944
43 196 40.1606
44 196 40.1606
52 196 66.8896
99 196 28.6944
117 196 66.8896
127 196 66.8896
136 196 66.8896
221 196 66.8896
226 196 66.8896
286 196 200
325 196 22.3214
363 196 66.8896
367 196 200
374 196 40.1606
377 196 28.6944
456 196 66.8896
525 196 40.1606
528 196 28.6944
529 196 28.6944
531 196 22.3214
532 196 22.3214
635 196 40.1606
25 197 28.6944
43 197 40.1606
44 197 40.1606
46 197 40.1606
49 197 200
50 197 200
52 197 66.8896
127 197 66.8896
136 197 66.8896
286 197 200
325 197 22.3214
360 197 200
363 197 66.8896
367 197 200
377 197 28.6944
387 197 15.456
455 197 66.8896
635 197 40.1606
25 198 28.6944
33 198 28.6944
38 198 66.8896
367 198 200
376 198 28.6944
377 198 28.6944
455 198 66.8896
635 198 40.1606
25 199 28.6944
33 199 28.6944
117 199 200
124 199 66.8896
242 199 66.8896
243 199 66.8896
245 199 66.8896
246 199 66.8896
326 199 22.3214
329 199 200
335 199 13.3958
339 199 28.6944
367 199 200
376 199 28.6944
377 199 28.6944
455 199 66.8896
635 199 40.1606
25 200 28.6944
33 200 28.6944
117 200 200
119 200 200
123 200 66.8896
124 200 66.8896
242 200 66.8896
246 200 66.8896
258 200 200
296 200 66.8896
330 200 200
339 200 28.6944
340 200 28.6944
367 200 200
377 200 28.6944
455 200 66.8896
635 200 40.1606
25 201 28.6944
37 201 66.8896
119 201 200
123 201 66.8896
296 201 66.8896
330 201 200
331 201 200
345 201 40.1606
367 201 200
376 201 28.6944
455 201 66.8896
474 201 66.8896
476 201 40.1606
477 201 40.1606
4 202 40.1606
25 202 28.6944
37 202 66.8896
43 202 66.8896
258 202 200
296 202 66.8896
331 202 200
345 202 40.1606
372 202 22.3214
376 202 18.2648
455 202 66.8896
474 202 66.8896
476 202 40.1606
477 202 40.1606
479 202 28.6944
480 202 28.6944
5 203 40.1606
6 203 40.1606
25 203 28.6944
33 203 28.6944
37 203 66.8896
43 203 66.8896
96 203 28.6944
97 203 28.6944
275 203 200
331 203 200
335 203 66.8896
345 203 40.1606
349 203 28.6944
368 203 22.3214
474 203 40.1606
476 203 40.1606
477 203 40.1606
479 203 28.6944
480 203 28.6944
24 204 28.6944
25 204 28.6944
33 204 28.6944
90 204 28.6944
96 204 28.6944
97 204 28.6944
123 204 66.8896
186 204 66.8896
275 204 200
330 204 200
340 204 200
349 204 28.6944
353 204 22.3214
356 204 18.2648
363 204 13.3958
368 204 15.456
474 204 40.1606
476 204 40.1606
477 204 40.1606
479 204 28.6944
625 204 40.1606
25 205 28.6944
33 205 28.6944
90 205 28.6944
96 205 28.6944
97 205 28.6944
125 205 40.1606
126 205 40.1606
165 205 66.8896
184 205 66.8896
186 205 66.8896
203 205 66.8896
209 205 66.8896
210 205 66.8896
330 205 15.456
341 205 200
349 205 28.6944
353 205 22.3214
356 205 18.2648
363 205 13.3958
368 205 15.456
476 205 40.1606
624 205 40.1606
625 205 40.1606
25 206 28.6944
33 206 28.6944
48 206 40.1606
49 206 40.1606
90 206 28.6944
96 206 28.6944
97 206 28.6944
126 206 40.1606
127 206 40.1606
165 206 66.8896
184 206 66.8896
186 206 66.8896
241 206 40.1606
249 206 66.8896
274 206 200
275 206 200
341 206 200
353 206 22.3214
354 206 22.3214
356 206 22.3214
363 206 13.3958
376 206 28.6944
624 206 40.1606
24 207 28.6944
25 207 28.6944
33 207 28.6944
47 207 40.1606
82 207 200
90 207 28.6944
96 207 28.6944
97 207 28.6944
127 207 40.1606
148 207 200
165 207 66.8896
185 207 66.8896
241 207 40.1606
249 207 66.8896
274 207 200
275 207 200
329 207 15.456
342 207 200
349 207 40.1606
354 207 22.3214
362 207 13.3958
368 207 22.3214
376 207 28.6944
624 207 40.1606
25 208 28.6944
33 208 28.6944
46 208 40.1606
47 208 40.1606
66 208 66.8896
82 208 200
90 208 28.6944
96 208 28.6944
119 208 66.8896
165 208 66.8896
185 208 66.8896
225 208 66.8896
329 208 15.456
349 208 40.1606
356 208 22.3214
376 208 28.6944
623 208 40.1606
25 209 28.6944
33 209 28.6944
47 209 40.1606
56 209 66.8896
90 209 28.6944
96 209 28.6944
119 209 66.8896
165 209 66.8896
185 209 66.8896
329 209 15.456
356 209 22.3214
623 209 40.1606
16 210 28.6944
25 210 28.6944
33 210 28.6944
46 210 40.1606
47 210 40.1606
70 210 200
90 210 28.6944
96 210 28.6944
165 210 66.8896
185 210 66.8896
244 210 66.8896
343 210 200
344 210 200
623 210 40.1606
16 211 28.6944
25 211 28.6944
33 211 28.6944
46 211 40.1606
47 211 40.1606
96 211 28.6944
125 211 66.8896
126 211 66.8896
165 211 66.8896
185 211 66.8896
233 211 66.8896
241 211 200
244 211 66.8896
343 211 200
623 211 40.1606
16 212 28.6944
25 212 28.6944
52 212 66.8896
92 212 200
96 212 28.6944
97 212 28.6944
164 212 66.8896
165 212 66.8896
185 212 66.8896
241 212 200
244 212 66.8896
260 212 200
261 212 200
343 212 200
623 212 40.1606
16 213 28.6944
24 213 28.6944
25 213 28.6944
46 213 40.1606
68 213 200
72 213 66.8896
99 213 66.8896
150 213 66.8896
152 213 66.8896
164 213 66.8896
165 213 66.8896
185 213 66.8896
244 213 66.8896
260 213 200
265 213 66.8896
267 213 66.8896
343 213 200
349 213 40.1606
622 213 40.1606
4 214 28.6944
16 214 28.6944
25 214 28.6944
45 214 40.1606
46 214 40.1606
96 214 28.6944
152 214 66.8896
159 214 66.8896
164 214 66.8896
165 214 66.8896
233 214 66.8896
241 214 200
244 214 66.8896
265 214 66.8896
267 214 66.8896
343 214 200
349 214 40.1606
352 214 28.6944
378 214 10.5764
622 214 40.1606
4 215 28.6944
11 215 28.6944
16 215 28.6944
25 215 28.6944
44 215 40.1606
45 215 40.1606
85 215 200
96 215 28.6944
124 215 66.8896
152 215 66.8896
159 215 66.8896
164 215 66.8896
165 215 66.8896
219 215 10.5764
222 215 11.8203
233 215 66.8896
241 215 200
244 215 66.8896
267 215 66.8896
343 215 200
349 215 40.1606
352 215 28.6944
622 215 40.1606
16 216 28.6944
25 216 28.6944
44 216 40.1606
45 216 40.1606
89 216 28.6944
96 216 28.6944
152 216 66.8896
159 216 66.8896
165 216 66.8896
219 216 11.8203
233 216 66.8896
241 216 200
244 216 66.8896
343 216 200
349 216 40.1606
352 216 28.6944
372 216 10.5764
622 216 40.1606
16 217 28.6944
23 217 28.6944
25 217 28.6944
44 217 40.1606
46 217 40.1606
89 217 28.6944
96 217 28.6944
123 217 66.8896
124 217 66.8896
132 217 66.8896
221 217 11.8203
222 217 11.8203
233 217 66.8896
239 217 200
241 217 200
244 217 66.8896
267 217 66.8896
271 217 40.1606
343 217 200
349 217 40.1606
352 217 28.6944
372 217 10.5764
397 217 66.8896
398 217 66.8896
402 217 40.1606
411 217 66.8896
16 218 28.6944
44 218 40.1606
96 218 28.6944
124 218 66.8896
206 218 28.6944
207 218 28.6944
208 218 28.6944
209 218 28.6944
221 218 11.8203
222 218 11.8203
241 218 200
271 218 40.1606
300 218 28.6944
343 218 200
372 218 10.5764
397 218 66.8896
402 218 40.1606
622 218 40.1606
3 219 28.6944
4 219 28.6944
12 219 28.6944
16 219 28.6944
43 219 40.1606
44 219 40.1606
96 219 28.6944
99 219 66.8896
125 219 40.1606
206 219 28.6944
222 219 11.8203
241 219 200
267 219 66.8896
300 219 28.6944
343 219 200
387 219 66.8896
394 219 200
476 219 40.1606
622 219 40.1606
3 220 28.6944
4 220 28.6944
12 220 28.6944
16 220 28.6944
43 220 40.1606
84 220 200
85 220 200
96 220 28.6944
124 220 40.1606
125 220 40.1606
220 220 11.8203
222 220 11.8203
241 220 200
267 220 66.8896
300 220 28.6944
393 220 200
395 220 200
476 220 40.1606
621 220 40.1606
622 220 40.1606
16 221 28.6944
43 221 40.1606
44 221 40.1606
84 221 200
93 221 66.8896
96 221 28.6944
97 221 28.6944
124 221 66.8896
125 221 66.8896
239 221 200
241 221 200
393 221 200
395 221 200
476 221 40.1606
527 221 40.1606
622 221 40.1606
16 222 28.6944
39 222 40.1606
58 222 66.8896
96 222 28.6944
97 222 28.6944
124 222 66.8896
219 222 10.5764
231 222 6.93001
393 222 200
395 222 200
527 222 40.1606
621 222 40.1606
622 222 40.1606
3 223 28.6944
96 223 28.6944
97 223 28.6944
314 223 66.8896
336 223 66.8896
337 223 66.8896
344 223 28.6944
345 223 28.6944
359 223 11.8203
360 223 11.8203
366 223 9.56938
375 223 66.8896
376 223 66.8896
380 223 40.1606
387 223 22.3214
393 223 200
395 223 200
476 223 40.1606
527 223 40.1606
3 224 28.6944
56 224 66.8896
59 224 66.8896
70 224 200
90 224 28.6944
96 224 28.6944
97 224 28.6944
122 224 66.8896
186 224 11.8203
187 224 11.8203
314 224 66.8896
325 224 18.2648
330 224 200
335 224 66.8896
336 224 66.8896
337 224 66.8896
344 224 28.6944
348 224 22.3214
359 224 11.8203
360 224 11.8203
366 224 9.56938
375 224 66.8896
476 224 40.1606
527 224 40.1606
3 225 28.6944
43 225 40.1606
59 225 66.8896
70 225 200
96 225 28.6944
97 225 28.6944
329 225 200
331 225 200
335 225 66.8896
352 225 15.456
353 225 15.456
366 225 9.56938
374 225 66.8896
380 225 28.6944
402 225 28.6944
476 225 40.1606
527 225 40.1606
58 226 66.8896
70 226 200
89 226 28.6944
96 226 28.6944
97 226 28.6944
122 226 66.8896
331 226 200
335 226 66.8896
352 226 15.456
374 226 66.8896
380 226 28.6944
402 226 28.6944
418 226 28.6944
476 226 40.1606
22 227 40.1606
25 227 22.3214
58 227 66.8896
70 227 200
89 227 28.6944
96 227 28.6944
97 227 28.6944
117 227 66.8896
149 227 66.8896
171 227 66.8896
275 227 15.456
276 227 15.456
278 227 15.456
280 227 40.1606
281 227 40.1606
329 227 200
331 227 200
335 227 66.8896
351 227 15.456
366 227 8.73744
374 227 66.8896
376 227 40.1606
377 227 6.93001
380 227 28.6944
396 227 11.8203
399 227 40.1606
402 227 28.6944
417 227 28.6944
25 228 22.3214
46 228 40.1606
58 228 66.8896
70 228 200
89 228 28.6944
96 228 28.6944
97 228 28.6944
125 228 66.8896
134 228 66.8896
139 228 66.8896
140 228 66.8896
148 228 66.8896
149 228 66.8896
170 228 66.8896
171 228 66.8896
186 228 9.56938
256 228 8.73744
258 228 8.73744
263 228 40.1606
275 228 15.456
278 228 15.456
329 228 15.456
331 228 15.456
335 228 66.8896
342 228 28.6944
344 228 22.3214
345 228 22.3214
348 228 28.6944
350 228 18.2648
351 228 28.6944
366 228 8.73744
377 228 6.93001
417 228 28.6944
520 228 40.1606
7 229 28.6944
15 229 28.6944
25 229 22.3214
40 229 40.1606
58 229 66.8896
59 229 66.8896
97 229 28.6944
125 229 66.8896
134 229 66.8896
139 229 66.8896
140 229 66.8896
148 229 66.8896
149 229 66.8896
299 229 10.5764
323 229 22.3214
329 229 15.456
331 229 15.456
335 229 66.8896
341 229 28.6944
342 229 22.3214
344 229 22.3214
345 229 22.3214
350 229 28.6944
377 229 6.93001
417 229 28.6944
520 229 40.1606
15 230 28.6944
25 230 22.3214
40 230 40.1606
59 230 66.8896
97 230 28.6944
125 230 66.8896
134 230 66.8896
139 230 66.8896
140 230 66.8896
148 230 66.8896
149 230 66.8896
194 230 40.1606
195 230 40.1606
196 230 40.1606
298 230 10.5764
301 230 9.56938
323 230 22.3214
329 230 15.456
330 230 15.456
333 230 66.8896
342 230 22.3214
344 230 22.3214
350 230 28.6944
353 230 66.8896
359 230 28.6944
418 230 28.6944
517 230 66.8896
520 230 40.1606
21 231 40.1606
40 231 40.1606
60 231 66.8896
97 231 28.6944
125 231 66.8896
134 231 66.8896
139 231 66.8896
148 231 66.8896
149 231 66.8896
170 231 66.8896
192 231 22.3214
218 231 7.44324
223 231 6.48298
241 231 11.8203
253 231 66.8896
298 231 10.5764
301 231 9.56938
323 231 22.3214
329 231 15.456
330 231 15.456
333 231 66.8896
340 231 9.56938
342 231 9.56938
344 231 22.3214
347 231 22.3214
350 231 66.8896
351 231 66.8896
353 231 66.8896
358 231 28.6944
359 231 28.6944
361 231 28.6944
375 231 10.5764
380 231 4.67399
397 231 200
520 231 40.1606
39 232 40.1606
40 232 40.1606
61 232 66.8896
72 232 28.6944
89 232 28.6944
97 232 28.6944
125 232 66.8896
134 232 66.8896
139 232 66.8896
148 232 66.8896
149 232 66.8896
182 232 11.8203
185 232 13.3958
186 232 13.3958
187 232 13.3958
188 232 13.3958
193 232 40.1606
330 232 15.456
340 232 9.56938
342 232 9.56938
347 232 200
350 232 7.44324
358 232 28.6944
359 232 28.6944
361 232 22.3214
375 232 40.1606
376 232 40.1606
12 233 28.6944
39 233 40.1606
40 233 40.1606
62 233 66.8896
72 233 28.6944
89 233 28.6944
90 233 28.6944
97 233 28.6944
125 233 66.8896
134 233 66.8896
139 233 66.8896
148 233 66.8896
149 233 66.8896
182 233 11.8203
186 233 13.3958
220 233 6.48298
251 233 40.1606
253 233 40.1606
254 233 40.1606
255 233 40.1606
256 233 40.1606
271 233 40.1606
272 233 40.1606
273 233 40.1606
275 233 40.1606
278 233 200
287 233 28.6944
288 233 28.6944
296 233 10.5764
299 233 9.56938
330 233 15.456
350 233 7.44324
359 233 22.3214
376 233 10.5764
527 233 40.1606
39 234 40.1606
62 234 66.8896
72 234 28.6944
97 234 28.6944
125 234 66.8896
134 234 66.8896
148 234 66.8896
149 234 66.8896
180 234 13.3958
182 234 13.3958
183 234 13.3958
218 234 6.48298
219 234 6.48298
236 234 11.8203
247 234 8.03858
251 234 40.1606
253 234 40.1606
254 234 40.1606
255 234 40.1606
256 234 40.1606
257 234 40.1606
265 234 15.456
268 234 13.3958
270 234 13.3958
272 234 40.1606
286 234 28.6944
287 234 28.6944
288 234 28.6944
299 234 9.56938
331 234 66.8896
335 234 40.1606
350 234 7.44324
351 234 7.44324
353 234 7.44324
359 234 6.09013
527 234 40.1606
9 235 40.1606
21 235 40.1606
39 235 40.1606
58 235 66.8896
72 235 28.6944
84 235 200
97 235 28.6944
125 235 66.8896
134 235 66.8896
139 235 66.8896
148 235 66.8896
149 235 66.8896
180 235 13.3958
181 235 13.3958
215 235 6.48298
242 235 66.8896
246 235 8.03858
247 235 8.03858
250 235 13.3958
251 235 13.3958
255 235 40.1606
256 235 40.1606
257 235 40.1606
265 235 15.456
266 235 15.456
268 235 13.3958
270 235 13.3958
271 235 40.1606
284 235 13.3958
286 235 28.6944
335 235 40.1606
350 235 7.44324
351 235 7.44324
353 235 7.44324
359 235 6.09013
360 235 6.09013
363 235 8.73744
378 235 10.5764
527 235 40.1606
9 236 40.1606
39 236 40.1606
58 236 66.8896
59 236 66.8896
72 236 28.6944
92 236 66.8896
97 236 28.6944
125 236 66.8896
134 236 66.8896
139 236 66.8896
148 236 66.8896
149 236 66.8896
175 236 40.1606
180 236 13.3958
181 236 13.3958
182 236 13.3958
214 236 6.48298
238 236 10.5764
245 236 8.03858
251 236 13.3958
253 236 40.1606
263 236 15.456
266 236 15.456
270 236 11.8203
331 236 66.8896
335 236 40.1606
360 236 6.09013
376 236 28.6944
527 236 40.1606
9 237 40.1606
39 237 40.1606
59 237 66.8896
97 237 28.6944
125 237 66.8896
134 237 66.8896
139 237 66.8896
140 237 66.8896
149 237 66.8896
165 237 28.6944
180 237 13.3958
238 237 10.5764
239 237 10.5764
251 237 13.3958
256 237 40.1606
262 237 9.56938
284 237 11.8203
296 237 8.03858
335 237 40.1606
9 238 40.1606
39 238 40.1606
59 238 66.8896
72 238 28.6944
88 238 28.6944
97 238 28.6944
134 238 66.8896
256 238 40.1606
335 238 40.1606
377 238 28.6944
378 238 28.6944
9 239 40.1606
39 239 40.1606
59 239 66.8896
69 239 200
88 239 28.6944
97 239 28.6944
178 239 11.8203
180 239 11.8203
182 239 11.8203
201 239 9.56938
237 239 10.5764
325 239 28.6944
330 239 22.3214
335 239 40.1606
377 239 28.6944
429 239 28.6944
26 240 28.6944
39 240 40.1606
40 240 40.1606
46 240 40.1606
59 240 66.8896
88 240 28.6944
97 240 28.6944
123 240 66.8896
172 240 15.456
178 240 11.8203
212 240 9.56938
237 240 8.73744
257 240 40.1606
258 240 40.1606
259 240 40.1606
283 240 22.3214
285 240 18.2648
286 240 18.2648
325 240 28.6944
326 240 28.6944
329 240 22.3214
335 240 40.1606
429 240 28.6944
26 241 28.6944
27 241 28.6944
97 241 28.6944
178 241 11.8203
179 241 11.8203
252 241 13.3958
255 241 11.8203
268 241 7.44324
273 241 13.3958
274 241 13.3958
286 241 18.2648
297 241 9.56938
300 241 18.2648
429 241 28.6944
23 242 40.1606
26 242 28.6944
27 242 28.6944
103 242 28.6944
147 242 66.8896
179 242 11.8203
180 242 11.8203
238 242 9.56938
252 242 13.3958
255 242 11.8203
274 242 13.3958
297 242 9.56938
105 243 28.6944
147 243 66.8896
192 243 28.6944
195 243 28.6944
199 243 200
201 243 200
215 243 28.6944
216 243 28.6944
217 243 28.6944
219 243 28.6944
234 243 8.73744
238 243 9.56938
267 243 7.44324
183 244 40.1606
184 244 28.6944
186 244 22.3214
187 244 22.3214
188 244 22.3214
189 244 22.3214
190 244 22.3214
191 244 28.6944
192 244 28.6944
193 244 28.6944
194 244 28.6944
199 244 200
205 244 10.5764
206 244 10.5764
209 244 28.6944
210 244 28.6944
211 244 28.6944
212 244 22.3214
213 244 22.3214
214 244 22.3214
215 244 28.6944
216 244 28.6944
217 244 28.6944
233 244 8.73744
234 244 8.73744
238 244 9.56938
429 244 28.6944
117 245 28.6944
178 245 13.3958
180 245 11.8203
186 245 18.2648
187 245 18.2648
188 245 22.3214
189 245 22.3214
190 245 22.3214
191 245 28.6944
192 245 28.6944
202 245 8.73744
203 245 8.73744
206 245 10.5764
207 245 10.5764
208 245 28.6944
209 245 28.6944
210 245 28.6944
211 245 28.6944
212 245 22.3214
213 245 22.3214
214 245 22.3214
215 245 28.6944
216 245 28.6944
233 245 8.03858
234 245 8.03858
312 245 200
429 245 28.6944
169 246 40.1606
171 246 28.6944
172 246 28.6944
173 246 28.6944
178 246 13.3958
179 246 11.8203
180 246 11.8203
181 246 11.8203
184 246 13.3958
200 246 9.56938
202 246 8.73744
203 246 8.73744
204 246 8.73744
205 246 8.73744
211 246 28.6944
213 246 22.3214
214 246 22.3214
215 246 22.3214
233 246 8.03858
234 246 8.03858
181 247 11.8203
182 247 11.8203
184 247 13.3958
185 247 13.3958
200 247 8.73744
203 247 8.73744
204 247 8.73744
205 247 8.73744
219 247 15.456
221 247 15.456
232 247 8.03858
233 247 8.03858
238 247 9.56938
241 247 22.3214
90 248 28.6944
182 248 11.8203
202 248 8.03858
203 248 8.03858
230 248 8.03858
232 248 8.03858
236 248 9.56938
238 248 9.56938
243 248 18.2648
244 248 18.2648
74 249 28.6944
202 249 8.03858
203 249 8.03858
230 249 8.03858
231 249 8.03858
232 249 8.03858
237 249 9.56938
238 249 9.56938
74 250 28.6944
75 250 28.6944
192 250 22.3214
195 250 18.2648
208 250 9.56938
214 250 8.03858
230 250 8.03858
237 250 9.56938
238 250 9.56938
75 251 28.6944
185 251 28.6944
189 251 22.3214
207 251 9.56938
208 251 9.56938
214 251 8.03858
234 251 7.44324
238 251 9.56938
214 252 8.03858
31 253 22.3214
213 253 8.03858
213 254 7.44324
4 257 22.3214
5 258 22.3214
6 258 22.3214
6 259 22.3214
53 267 18.2648
326 276 13.3958
303 282 11.8203
304 282 11.8203
255 288 10.5764
610 288 10.5764
258 289 10.5764
606 289 11.8203
610 289 10.5764
622 289 10.5764
258 290 10.5764
604 290 11.8203
605 290 11.8203
608 290 10.5764
609 290 10.5764
621 290 10.5764
49 291 11.8203
50 291 11.8203
51 291 11.8203
52 291 11.8203
608 291 10.5764
240 292 10.5764
601 292 10.5764
296 294 11.8203
283 296 10.5764
284 297 10.5764
193 300 10.5764
194 300 10.5764
197 300 8.73744
198 300 8.73744
197 301 8.73744
198 301 8.73744
190 302 8.73744
191 302 8.73744
192 302 8.73744
190 303 8.73744
191 303 8.73744
192 303 8.73744
193 303 8.73744
175 304 8.73744
175 305 8.73744
250 305 8.73744
172 306 8.73744
212 306 10.5764
211 307 10.5764
212 307 10.5764
217 307 8.03858
211 308 10.5764
216 308 8.03858
217 308 8.03858
62 309 9.56938
209 309 9.56938
216 309 8.03858
217 309 8.03858
218 309 8.03858
219 309 8.03858
612 310 8.73744
56 311 9.56938
612 311 8.73744
250 312 8.73744
611 312 8.73744
614 312 8.73744
206 313 8.03858
207 313 8.03858
614 313 8.73744
204 314 8.03858
206 314 8.03858
195 315 8.03858
163 316 7.44324
164 316 7.44324
170 317 8.73744
190 317 7.44324
191 317 7.44324
192 317 7.44324
168 318 8.73744
192 318 7.44324
193 318 7.44324
200 318 6.09013
58 319 8.73744
63 319 8.73744
64 319 8.73744
165 319 6.93001
175 319 6.93001
263 319 8.73744
34 320 8.73744
164 320 6.93001
165 320 6.93001
174 320 6.93001
175 320 6.93001
263 320 8.73744
266 320 8.03858
160 321 7.44324
158 322 6.93001
160 322 6.93001
161 322 6.93001
156 323 6.93001
157 323 6.93001
175 323 6.93001
438 323 8.03858
439 323 8.03858
16 324 8.03858
23 324 8.03858
156 324 6.93001
157 324 6.93001
160 324 6.93001
170 324 6.93001
23 325 8.03858
142 325 6.93001
159 325 6.93001
160 325 6.93001
161 325 6.93001
168 325 6.93001
169 325 6.93001
171 325 7.44324
132 326 7.44324
137 326 6.48298
142 326 6.93001
143 326 6.93001
168 326 6.93001
169 326 6.93001
136 327 6.48298
215 327 7.44324
8 328 8.03858
129 328 6.48298
130 328 6.48298
136 328 6.48298
6 329 8.03858
130 329 6.48298
131 329 6.48298
207 329 7.44324
206 330 7.44324
207 330 7.44324
149 331 6.48298
206 331 7.44324
149 332 6.48298
150 332 6.48298
206 332 7.44324
97 333 6.48298
150 333 6.48298
162 333 6.93001
116 334 6.09013
117 334 6.09013
164 334 6.93001
115 335 6.09013
116 335 6.09013
151 335 6.48298
154 335 6.48298
175 335 6.48298
115 336 6.09013
116 336 6.09013
146 336 6.93001
149 336 6.48298
149 337 6.48298
150 337 6.48298
151 337 6.48298
150 338 6.48298
151 338 6.48298
129 339 6.48298
130 339 6.48298
131 339 6.09013
133 339 6.09013
205 339 6.48298
108 340 6.09013
109 340 6.09013
111 340 6.09013
124 340 6.09013
131 340 6.09013
132 340 6.09013
133 340 6.09013
134 340 6.09013
201 340 6.93001
202 340 6.93001
111 341 6.09013
112 341 6.09013
132 341 6.09013
203 341 6.93001
204 341 6.48298
205 341 6.48298
104 342 6.09013
107 342 6.09013
96 344 6.09013
97 344 6.09013
117 344 6.48298
125 344 6.09013
96 345 6.09013
97 345 6.09013
115 345 6.09013
107 346 6.48298
112 346 5.74218
113 346 5.74218
125 346 6.09013
602 346 6.48298
99 347 6.09013
100 347 5.74218
101 347 5.74218
106 347 6.48298
107 347 6.48298
112 347 5.74218
113 347 5.74218
93 348 6.93001
102 348 5.74218
103 348 5.74218
142 348 5.74218
143 348 5.74218
92 349 6.93001
102 349 5.74218
103 349 5.74218
104 349 5.74218
108 349 6.48298
109 349 5.74218
142 349 5.74218
143 349 5.74218
128 350 5.74218
190 350 6.48298
150 351 5.74218
151 351 5.74218
192 351 6.09013
46 352 5.43183
113 352 6.09013
114 352 6.09013
186 352 6.09013
187 352 6.09013
188 352 6.09013
112 353 6.09013
113 353 6.09013
114 353 6.09013
130 353 5.43183
185 353 6.09013
186 353 6.09013
187 353 6.09013
188 353 6.09013
189 353 6.09013
190 353 6.09013
191 353 6.09013
192 353 6.09013
46 354 5.43183
67 354 6.09013
110 354 5.43183
111 354 5.43183
115 354 6.09013
117 354 5.43183
118 354 5.43183
46 355 5.43183
71 355 5.43183
110 355 5.43183
111 355 5.43183
114 355 6.09013
118 355 5.43183
162 356 6.09013
153 357 6.93001
157 357 6.09013
162 357 6.09013
60 358 5.43183
61 358 5.43183
156 358 6.09013
157 358 5.74218
58 359 5.43183
62 359 5.43183
82 359 5.74218
156 359 6.09013
56 360 5.15331
57 360 5.15331
58 360 5.43183
72 360 5.43183
75 360 5.43183
77 360 5.15331
81 360 5.15331
82 360 5.74218
110 360 5.43183
159 360 5.74218
160 360 5.74218
161 360 5.74218
162 360 5.74218
55 361 5.15331
56 361 5.15331
57 361 5.15331
58 361 5.43183
79 361 5.15331
84 361 5.43183
85 361 5.15331
86 361 5.15331
148 361 5.43183
163 361 5.74218
57 362 5.15331
69 362 5.15331
78 362 5.15331
79 362 5.15331
80 362 5.15331
82 362 5.15331
88 362 5.43183
148 362 5.43183
155 362 6.09013
70 363 5.15331
120 363 5.15331
147 363 5.43183
148 363 5.43183
152 363 5.15331
158 363 5.74218
263 363 5.74218
121 364 5.15331
146 364 5.43183
147 364 5.43183
148 364 5.43183
149 364 5.43183
53 365 5.15331
51 366 5.15331
53 366 5.15331
52 367 5.15331
151 368 5.43183
152 368 5.43183
59 369 4.90196
82 369 4.90196
143 369 5.43183
144 369 5.43183
153 369 5.43183
87 370 4.90196
145 370 5.43183
146 370 5.43183
147 370 5.43183
148 370 5.43183
149 370 5.43183
31 371 4.90196
32 371 4.90196
33 371 4.90196
139 371 6.48298
148 371 5.43183
149 371 5.43183
150 371 5.43183
151 371 5.15331
30 372 4.67399
32 372 4.90196
64 372 4.67399
79 372 5.15331
82 372 4.90196
29 373 4.67399
30 373 4.67399
33 373 4.90196
34 373 4.90196
64 373 4.67399
82 373 4.90196
135 373 5.15331
8 374 5.15331
30 374 4.67399
31 374 4.67399
135 374 5.15331
40 375 4.90196
42 375 4.90196
61 375 5.15331
69 375 4.90196
134 375 5.15331
173 375 5.15331
174 375 5.15331
145 376 5.15331
38 377 4.67399
39 377 4.67399
59 377 5.15331
60 377 5.15331
142 377 5.15331
143 377 5.15331
38 378 4.67399
39 378 4.67399
40 378 4.67399
57 378 5.15331
58 378 5.15331
59 378 5.15331
62 378 4.90196
63 378 4.67399
143 378 5.15331
59 379 5.15331
63 379 4.67399
64 379 4.67399
65 379 4.67399
181 379 5.15331
54 380 4.67399
184 380 6.48298
218 380 5.15331
48 381 4.67399
54 381 4.67399
55 381 4.67399
124 381 5.15331
126 381 4.90196
127 381 4.90196
129 381 5.15331
131 381 4.90196
132 381 4.90196
133 381 4.90196
50 382 4.67399
52 382 4.67399
53 382 4.67399
54 382 4.67399
55 382 4.67399
56 382 4.67399
57 382 4.46628
132 382 4.90196
190 382 4.90196
191 382 4.90196
50 383 4.67399
52 383 4.67399
55 383 4.67399
121 383 4.90196
122 383 4.90196
123 383 5.15331
112 384 5.74218
113 384 5.74218
120 384 4.90196
121 384 4.90196
39 385 5.15331
111 385 5.74218
112 385 5.74218
116 385 5.43183
119 385 4.90196
120 385 4.90196
121 385 4.90196
193 385 4.90196
195 385 4.90196
196 385 4.90196
37 386 5.15331
178 386 4.90196
179 386 4.90196
113 387 5.15331
114 387 4.90196
176 387 4.90196
192 387 4.90196
193 387 4.90196
194 387 4.90196
39 388 4.67399
108 388 5.15331
109 388 5.15331
112 388 4.90196
113 388 4.90196
115 388 4.90196
116 388 4.67399
175 388 4.90196
176 388 4.90196
178 388 4.90196
194 388 4.90196
195 388 4.90196
42 389 4.27625
107 389 5.15331
112 389 4.90196
437 389 4.90196
40 390 4.27625
41 390 4.27625
42 390 4.27625
43 390 4.27625
104 390 4.67399
105 390 4.67399
106 390 4.90196
107 390 5.15331
44 391 4.27625
104 391 4.67399
43 392 4.27625
44 392 4.27625
45 392 4.27625
103 392 4.67399
104 392 4.67399
35 394 4.46628
39 394 4.27625
637 394 4.90196
30 396 4.10172
49 396 4.27625
115 396 4.67399
385 396 4.67399
29 397 4.10172
30 397 4.10172
290 397 4.67399
66 398 4.46628
28 399 4.27625
41 399 4.27625
61 399 4.27625
63 399 4.27625
21 400 4.27625
25 400 4.27625
26 400 4.27625
28 400 4.27625
29 400 4.46628
42 400 4.27625
64 400 4.27625
247 400 4.46628
21 401 4.27625
25 401 4.27625
27 401 4.27625
28 401 4.27625
34 401 4.46628
40 401 4.27625
67 401 4.27625
97 401 4.46628
28 402 4.27625
181 402 4.46628
183 402 4.46628
266 402 4.46628
23 403 4.10172
28 403 4.10172
29 403 4.10172
53 403 4.27625
64 403 4.10172
23 404 4.10172
29 404 4.10172
55 404 4.27625
65 404 4.10172
66 404 4.10172
180 404 4.46628
181 404 4.46628
24 405 4.10172
25 405 4.10172
30 405 4.10172
67 405 4.10172
179 405 4.46628
180 405 4.46628
181 405 4.46628
182 405 4.46628
25 406 4.10172
26 406 4.10172
27 406 4.10172
28 406 4.10172
29 406 4.10172
194 406 4.46628
195 406 4.46628
24 407 4.10172
196 407 4.27625
31 408 4.10172
192 408 4.27625
194 408 4.27625
31 409 4.10172
193 409 4.27625
194 409 4.27625
15 410 4.27625
21 411 3.94089
29 411 3.94089
30 411 3.94089
21 412 3.94089
19 413 3.94089
16 414 3.79219
19 414 3.94089
215 414 4.27625
215 415 4.27625
217 415 4.27625
203 416 4.10172
204 416 4.10172
295 416 4.27625
130 418 4.10172
4 419 3.94089
5 419 3.94089
5 420 3.94089
6 420 3.94089
22 420 3.94089
126 420 4.10172
127 420 4.10172
352 420 4.10172
18 422 3.94089
22 422 3.94089
70 422 3.94089
352 422 4.10172
230 423 4.10172
408 423 4.10172
53 424 4.10172
69 424 3.94089
70 424 3.94089
71 424 3.94089
232 424 4.10172
54 425 4.10172
194 426 3.94089
51 427 3.94089
150 427 3.94089
335 428 3.94089
119 429 3.94089
363 429 3.94089
116 431 3.94089
117 431 3.94089
118 431 3.94089
338 431 3.94089
339 431 3.94089
116 432 3.94089
118 432 3.94089
119 432 3.94089
270 432 3.94089
547 432 3.94089
548 432 3.94089
363 433 3.94089
37 438 3.79219
379 438 3.79219
37 439 3.79219
309 439 3.79219
174 440 3.79219
175 440 3.79219
176 440 3.79219
32 441 3.79219
33 441 3.79219
36 441 3.79219
143 441 3.6543
143 443 3.6543
144 443 3.6543
165 443 3.6543
173 443 3.6543
189 443 3.6543
283 443 3.6543
129 444 3.6543
130 444 3.6543
166 444 3.6543
190 444 3.6543
328 445 3.6543
448 447 3.6543
341 448 3.6543
446 448 3.6543
449 449 3.6543
450 449 3.6543
614 449 3.6543
27 450 3.6543
395 450 3.6543
396 450 3.6543
447 450 3.6543
448 450 3.6543
449 450 3.6543
451 450 3.6543
609 450 3.6543
398 451 3.6543
178 452 3.52609
179 452 3.52609
384 452 3.52609
145 454 3.52609
146 454 3.52609
210 454 3.52609
353 454 3.52609
407 454 3.52609
517 457 3.52609
537 458 3.52609
140 459 3.40657
58 460 3.40657
324 460 3.40657
57 461 3.40657
58 461 3.40657
217 461 3.40657
56 462 3.40657
217 462 3.40657
530 466 3.40657
94 468 3.29489
152 469 3.29489
117 471 3.29489
136 472 3.29489
131 474 3.40657
130 476 3.40657
