14 3 18.2648
20 3 18.2648
30 3 18.2648
37 3 18.2648
54 3 18.2648
95 3 22.3214
161 3 28.6944
168 3 28.6944
169 3 28.6944
198 3 28.6944
232 3 22.3214
252 3 40.1606
14 4 18.2648
16 4 18.2648
20 4 18.2648
30 4 18.2648
37 4 18.2648
54 4 18.2648
57 4 15.456
95 4 22.3214
161 4 28.6944
169 4 28.6944
198 4 28.6944
229 4 28.6944
232 4 22.3214
253 4 40.1606
536 4 66.8896
14 5 18.2648
16 5 18.2648
20 5 18.2648
30 5 18.2648
37 5 18.2648
57 5 15.456
91 5 22.3214
95 5 22.3214
96 5 22.3214
135 5 22.3214
161 5 28.6944
169 5 28.6944
198 5 28.6944
203 5 28.6944
229 5 28.6944
232 5 22.3214
254 5 40.1606
257 5 40.1606
535 5 66.8896
14 6 15.456
20 6 18.2648
30 6 18.2648
37 6 18.2648
60 6 18.2648
91 6 22.3214
95 6 22.3214
96 6 22.3214
135 6 22.3214
152 6 28.6944
161 6 28.6944
163 6 28.6944
169 6 28.6944
198 6 28.6944
203 6 28.6944
229 6 28.6944
232 6 22.3214
237 6 40.1606
255 6 40.1606
607 6 11.8203
15 7 15.456
20 7 18.2648
30 7 18.2648
37 7 18.2648
60 7 18.2648
61 7 18.2648
62 7 18.2648
91 7 22.3214
95 7 22.3214
96 7 22.3214
135 7 22.3214
152 7 28.6944
161 7 28.6944
163 7 28.6944
169 7 28.6944
198 7 28.6944
203 7 28.6944
229 7 28.6944
234 7 22.3214
256 7 40.1606
257 7 40.1606
15 8 15.456
20 8 18.2648
30 8 18.2648
37 8 18.2648
60 8 18.2648
95 8 22.3214
96 8 22.3214
152 8 28.6944
161 8 28.6944
163 8 28.6944
169 8 28.6944
198 8 28.6944
229 8 28.6944
238 8 40.1606
257 8 40.1606
258 8 40.1606
531 8 66.8896
15 9 15.456
20 9 18.2648
30 9 18.2648
37 9 18.2648
60 9 18.2648
67 9 13.3958
95 9 22.3214
152 9 28.6944
161 9 28.6944
169 9 28.6944
229 9 28.6944
238 9 40.1606
258 9 40.1606
531 9 66.8896
15 10 15.456
30 10 18.2648
60 10 18.2648
95 10 22.3214
161 10 28.6944
198 10 28.6944
235 10 66.8896
259 10 40.1606
531 10 66.8896
30 11 18.2648
60 11 18.2648
95 11 22.3214
161 11 28.6944
163 11 28.6944
260 11 40.1606
530 11 66.8896
547 11 40.1606
15 12 15.456
16 12 15.456
30 12 18.2648
37 12 18.2648
60 12 18.2648
92 12 22.3214
95 12 22.3214
96 12 22.3214
150 12 22.3214
161 12 28.6944
169 12 28.6944
183 12 28.6944
186 12 28.6944
228 12 40.1606
261 12 40.1606
262 12 40.1606
530 12 66.8896
536 12 40.1606
547 12 40.1606
15 13 15.456
21 13 15.456
30 13 18.2648
31 13 18.2648
37 13 18.2648
60 13 18.2648
72 13 18.2648
73 13 18.2648
95 13 22.3214
96 13 22.3214
152 13 28.6944
162 13 28.6944
164 13 28.6944
169 13 28.6944
183 13 28.6944
186 13 28.6944
199 13 22.3214
262 13 40.1606
263 13 40.1606
530 13 66.8896
547 13 40.1606
12 14 15.456
20 14 15.456
37 14 18.2648
60 14 18.2648
73 14 18.2648
95 14 22.3214
151 14 28.6944
162 14 28.6944
183 14 28.6944
187 14 28.6944
188 14 28.6944
199 14 28.6944
202 14 28.6944
233 14 28.6944
263 14 40.1606
530 14 66.8896
19 15 15.456
37 15 18.2648
60 15 18.2648
95 15 22.3214
96 15 22.3214
151 15 28.6944
172 15 22.3214
183 15 28.6944
187 15 28.6944
188 15 28.6944
197 15 28.6944
202 15 28.6944
227 15 40.1606
245 15 40.1606
264 15 40.1606
530 15 66.8896
542 15 40.1606
37 16 18.2648
60 16 18.2648
73 16 18.2648
86 16 22.3214
87 16 22.3214
95 16 22.3214
96 16 22.3214
183 16 28.6944
187 16 28.6944
188 16 28.6944
197 16 28.6944
200 16 28.6944
202 16 28.6944
203 16 28.6944
265 16 40.1606
542 16 40.1606
21 17 18.2648
60 17 18.2648
71 17 22.3214
73 17 22.3214
84 17 22.3214
86 17 22.3214
87 17 22.3214
95 17 22.3214
96 17 22.3214
162 17 22.3214
163 17 22.3214
170 17 22.3214
183 17 40.1606
185 17 28.6944
188 17 28.6944
197 17 28.6944
266 17 40.1606
619 17 10.5764
637 17 22.3214
60 18 18.2648
71 18 22.3214
72 18 22.3214
73 18 22.3214
86 18 22.3214
87 18 22.3214
95 18 22.3214
96 18 22.3214
152 18 22.3214
153 18 22.3214
169 18 28.6944
170 18 28.6944
185 18 40.1606
188 18 28.6944
249 18 18.2648
266 18 40.1606
267 18 40.1606
636 18 22.3214
60 19 18.2648
71 19 22.3214
73 19 22.3214
82 19 22.3214
86 19 22.3214
96 19 22.3214
169 19 28.6944
185 19 40.1606
188 19 28.6944
197 19 28.6944
268 19 40.1606
269 19 40.1606
543 19 40.1606
590 19 11.8203
636 19 22.3214
60 20 22.3214
61 20 22.3214
71 20 22.3214
72 20 22.3214
82 20 22.3214
92 20 22.3214
96 20 22.3214
169 20 28.6944
170 20 28.6944
179 20 28.6944
188 20 28.6944
197 20 28.6944
204 20 28.6944
246 20 40.1606
269 20 40.1606
270 20 40.1606
272 20 40.1606
539 20 66.8896
543 20 40.1606
635 20 22.3214
23 21 15.456
72 21 22.3214
81 21 22.3214
82 21 22.3214
96 21 22.3214
150 21 28.6944
188 21 28.6944
197 21 28.6944
242 21 40.1606
266 21 40.1606
270 21 40.1606
271 21 40.1606
543 21 40.1606
600 21 11.8203
601 21 11.8203
82 22 22.3214
92 22 22.3214
94 22 22.3214
96 22 22.3214
197 22 28.6944
238 22 66.8896
242 22 40.1606
254 22 40.1606
266 22 40.1606
271 22 40.1606
272 22 40.1606
60 23 18.2648
82 23 22.3214
96 23 22.3214
193 23 200
197 23 28.6944
202 23 28.6944
242 23 40.1606
255 23 40.1606
266 23 40.1606
267 23 40.1606
272 23 40.1606
273 23 40.1606
23 24 15.456
51 24 18.2648
56 24 13.3958
60 24 18.2648
72 24 22.3214
82 24 22.3214
92 24 22.3214
96 24 22.3214
193 24 200
197 24 28.6944
203 24 28.6944
255 24 40.1606
273 24 40.1606
274 24 40.1606
49 25 15.456
51 25 18.2648
60 25 18.2648
67 25 13.3958
72 25 22.3214
82 25 22.3214
92 25 22.3214
96 25 22.3214
188 25 28.6944
197 25 28.6944
254 25 40.1606
260 25 40.1606
264 25 66.8896
274 25 40.1606
275 25 40.1606
621 25 10.5764
49 26 15.456
51 26 18.2648
52 26 18.2648
60 26 18.2648
72 26 22.3214
82 26 22.3214
96 26 22.3214
188 26 28.6944
189 26 28.6944
197 26 28.6944
202 26 28.6944
259 26 28.6944
268 26 200
275 26 40.1606
276 26 40.1606
61 27 22.3214
72 27 22.3214
82 27 22.3214
92 27 22.3214
96 27 22.3214
108 27 22.3214
109 27 22.3214
197 27 28.6944
202 27 28.6944
268 27 200
271 27 40.1606
276 27 40.1606
277 27 40.1606
538 27 66.8896
628 27 22.3214
62 28 22.3214
72 28 22.3214
82 28 22.3214
92 28 22.3214
96 28 22.3214
109 28 22.3214
166 28 22.3214
197 28 28.6944
202 28 28.6944
259 28 28.6944
277 28 40.1606
278 28 40.1606
627 28 22.3214
73 29 18.2648
82 29 22.3214
96 29 22.3214
109 29 22.3214
165 29 22.3214
166 29 22.3214
168 29 22.3214
170 29 22.3214
193 29 28.6944
202 29 28.6944
259 29 28.6944
278 29 40.1606
279 29 40.1606
626 29 22.3214
627 29 22.3214
72 30 18.2648
82 30 22.3214
96 30 22.3214
109 30 22.3214
170 30 28.6944
193 30 28.6944
194 30 28.6944
202 30 28.6944
203 30 28.6944
256 30 40.1606
257 30 40.1606
259 30 28.6944
279 30 40.1606
280 30 40.1606
625 30 22.3214
626 30 22.3214
71 31 18.2648
82 31 22.3214
96 31 22.3214
109 31 22.3214
170 31 28.6944
193 31 28.6944
194 31 28.6944
203 31 28.6944
257 31 40.1606
281 31 40.1606
608 31 11.8203
624 31 22.3214
13 32 15.456
72 32 18.2648
82 32 22.3214
94 32 22.3214
96 32 22.3214
109 32 22.3214
169 32 28.6944
170 32 28.6944
193 32 28.6944
264 32 40.1606
273 32 200
282 32 40.1606
314 32 15.456
315 32 15.456
530 32 66.8896
621 32 22.3214
623 32 22.3214
624 32 22.3214
13 33 15.456
82 33 22.3214
96 33 22.3214
109 33 22.3214
168 33 28.6944
169 33 28.6944
283 33 40.1606
314 33 15.456
315 33 15.456
530 33 66.8896
535 33 66.8896
550 33 40.1606
615 33 11.8203
623 33 22.3214
19 34 15.456
74 34 18.2648
75 34 18.2648
77 34 18.2648
82 34 22.3214
96 34 22.3214
109 34 22.3214
262 34 40.1606
270 34 18.2648
284 34 40.1606
315 34 15.456
548 34 40.1606
622 34 22.3214
623 34 22.3214
16 35 15.456
72 35 18.2648
73 35 18.2648
74 35 18.2648
75 35 18.2648
82 35 22.3214
96 35 22.3214
109 35 22.3214
164 35 22.3214
215 35 40.1606
285 35 40.1606
548 35 40.1606
622 35 22.3214
19 36 15.456
20 36 15.456
21 36 15.456
22 36 15.456
72 36 18.2648
82 36 22.3214
96 36 22.3214
109 36 22.3214
152 36 22.3214
153 36 22.3214
154 36 22.3214
155 36 22.3214
246 36 40.1606
286 36 40.1606
312 36 28.6944
315 36 28.6944
547 36 40.1606
629 36 10.5764
19 37 15.456
20 37 15.456
21 37 15.456
72 37 18.2648
82 37 22.3214
96 37 22.3214
109 37 22.3214
216 37 40.1606
247 37 40.1606
271 37 22.3214
281 37 40.1606
287 37 40.1606
302 37 28.6944
308 37 28.6944
309 37 28.6944
313 37 28.6944
314 37 28.6944
315 37 28.6944
316 37 28.6944
543 37 66.8896
547 37 40.1606
626 37 11.8203
630 37 10.5764
22 38 15.456
72 38 18.2648
82 38 22.3214
96 38 22.3214
109 38 22.3214
218 38 40.1606
248 38 40.1606
262 38 40.1606
265 38 40.1606
271 38 28.6944
288 38 40.1606
301 38 28.6944
305 38 28.6944
306 38 28.6944
307 38 28.6944
308 38 28.6944
309 38 28.6944
310 38 28.6944
315 38 28.6944
547 38 40.1606
72 39 18.2648
82 39 22.3214
96 39 22.3214
109 39 22.3214
133 39 22.3214
134 39 22.3214
218 39 40.1606
272 39 22.3214
289 39 40.1606
296 39 22.3214
297 39 22.3214
299 39 28.6944
304 39 28.6944
305 39 28.6944
306 39 28.6944
312 39 28.6944
547 39 40.1606
21 40 15.456
22 40 15.456
72 40 18.2648
82 40 22.3214
96 40 22.3214
109 40 22.3214
133 40 22.3214
134 40 22.3214
262 40 40.1606
266 40 40.1606
269 40 28.6944
282 40 200
284 40 200
290 40 40.1606
302 40 28.6944
303 40 28.6944
304 40 28.6944
309 40 28.6944
547 40 40.1606
7 41 15.456
8 41 15.456
9 41 15.456
10 41 15.456
11 41 15.456
12 41 15.456
72 41 18.2648
78 41 28.6944
82 41 22.3214
93 41 22.3214
96 41 22.3214
109 41 22.3214
133 41 22.3214
259 41 22.3214
262 41 40.1606
282 41 200
283 41 200
291 41 40.1606
300 41 28.6944
629 41 11.8203
82 42 22.3214
96 42 22.3214
133 42 22.3214
134 42 22.3214
198 42 28.6944
254 42 28.6944
255 42 28.6944
262 42 40.1606
269 42 28.6944
272 42 28.6944
292 42 40.1606
298 42 28.6944
299 42 28.6944
82 43 22.3214
96 43 22.3214
133 43 22.3214
242 43 28.6944
243 43 28.6944
244 43 28.6944
254 43 28.6944
262 43 40.1606
266 43 40.1606
269 43 28.6944
291 43 66.8896
293 43 40.1606
294 43 40.1606
543 43 40.1606
622 43 11.8203
72 44 18.2648
78 44 28.6944
82 44 22.3214
96 44 22.3214
97 44 22.3214
133 44 22.3214
192 44 28.6944
228 44 40.1606
262 44 40.1606
266 44 40.1606
269 44 28.6944
272 44 28.6944
286 44 200
292 44 40.1606
294 44 40.1606
295 44 40.1606
307 44 200
527 44 66.8896
543 44 40.1606
623 44 11.8203
72 45 18.2648
73 45 18.2648
78 45 28.6944
82 45 22.3214
83 45 22.3214
93 45 22.3214
96 45 22.3214
97 45 22.3214
109 45 22.3214
110 45 22.3214
133 45 22.3214
228 45 40.1606
240 45 40.1606
241 45 40.1606
266 45 40.1606
293 45 40.1606
295 45 40.1606
296 45 40.1606
72 46 18.2648
73 46 18.2648
82 46 22.3214
83 46 22.3214
93 46 22.3214
96 46 22.3214
97 46 22.3214
109 46 22.3214
110 46 22.3214
133 46 22.3214
189 46 28.6944
190 46 28.6944
205 46 28.6944
207 46 28.6944
239 46 40.1606
240 46 40.1606
256 46 200
262 46 40.1606
266 46 40.1606
269 46 40.1606
296 46 40.1606
635 46 11.8203
93 47 22.3214
96 47 22.3214
97 47 22.3214
133 47 22.3214
182 47 22.3214
183 47 22.3214
189 47 28.6944
190 47 28.6944
205 47 28.6944
207 47 28.6944
239 47 40.1606
262 47 40.1606
295 47 66.8896
297 47 40.1606
298 47 40.1606
636 47 11.8203
93 48 22.3214
96 48 22.3214
97 48 22.3214
133 48 22.3214
173 48 28.6944
185 48 28.6944
188 48 28.6944
189 48 28.6944
190 48 28.6944
191 48 28.6944
203 48 28.6944
207 48 28.6944
260 48 40.1606
262 48 40.1606
291 48 200
296 48 66.8896
298 48 40.1606
299 48 40.1606
540 48 40.1606
633 48 13.3958
93 49 22.3214
96 49 22.3214
97 49 22.3214
133 49 22.3214
171 49 28.6944
174 49 28.6944
175 49 28.6944
199 49 28.6944
203 49 28.6944
230 49 28.6944
260 49 40.1606
262 49 40.1606
292 49 200
297 49 66.8896
299 49 40.1606
300 49 40.1606
540 49 40.1606
601 49 11.8203
93 50 22.3214
96 50 22.3214
97 50 22.3214
121 50 22.3214
170 50 28.6944
171 50 28.6944
199 50 28.6944
230 50 28.6944
233 50 22.3214
239 50 40.1606
260 50 40.1606
262 50 40.1606
298 50 66.8896
300 50 40.1606
301 50 40.1606
93 51 22.3214
96 51 22.3214
97 51 22.3214
133 51 22.3214
170 51 28.6944
171 51 28.6944
199 51 28.6944
229 51 28.6944
233 51 22.3214
239 51 40.1606
260 51 40.1606
262 51 40.1606
293 51 200
299 51 66.8896
301 51 40.1606
302 51 40.1606
96 52 22.3214
97 52 22.3214
133 52 28.6944
170 52 28.6944
199 52 28.6944
239 52 40.1606
260 52 40.1606
282 52 40.1606
300 52 66.8896
302 52 40.1606
303 52 40.1606
90 53 22.3214
96 53 22.3214
97 53 22.3214
124 53 22.3214
129 53 18.2648
170 53 28.6944
199 53 28.6944
239 53 40.1606
260 53 40.1606
301 53 66.8896
304 53 40.1606
72 54 18.2648
90 54 22.3214
97 54 22.3214
124 54 22.3214
127 54 18.2648
239 54 40.1606
260 54 40.1606
297 54 200
302 54 66.8896
535 54 66.8896
623 54 22.3214
72 55 18.2648
96 55 22.3214
97 55 22.3214
124 55 22.3214
127 55 18.2648
132 55 22.3214
133 55 22.3214
199 55 28.6944
203 55 28.6944
204 55 28.6944
239 55 40.1606
245 55 22.3214
260 55 40.1606
262 55 40.1606
298 55 200
303 55 66.8896
305 55 40.1606
306 55 40.1606
93 56 22.3214
96 56 22.3214
97 56 22.3214
121 56 22.3214
125 56 22.3214
127 56 22.3214
130 56 22.3214
132 56 22.3214
133 56 22.3214
203 56 28.6944
204 56 28.6944
239 56 40.1606
245 56 22.3214
260 56 40.1606
298 56 200
299 56 200
304 56 66.8896
306 56 40.1606
93 57 22.3214
97 57 22.3214
121 57 22.3214
125 57 22.3214
133 57 22.3214
155 57 28.6944
199 57 28.6944
201 57 28.6944
239 57 40.1606
260 57 40.1606
262 57 40.1606
300 57 200
305 57 66.8896
307 57 40.1606
521 57 66.8896
60 58 18.2648
66 58 18.2648
67 58 18.2648
93 58 22.3214
97 58 22.3214
121 58 22.3214
125 58 22.3214
155 58 28.6944
162 58 28.6944
170 58 28.6944
239 58 40.1606
289 58 40.1606
301 58 200
306 58 66.8896
308 58 40.1606
58 59 18.2648
60 59 18.2648
61 59 18.2648
62 59 18.2648
63 59 18.2648
64 59 18.2648
65 59 18.2648
66 59 18.2648
67 59 18.2648
68 59 18.2648
69 59 18.2648
70 59 18.2648
93 59 22.3214
97 59 22.3214
121 59 22.3214
129 59 22.3214
162 59 28.6944
169 59 28.6944
170 59 28.6944
262 59 40.1606
301 59 200
302 59 200
307 59 66.8896
309 59 40.1606
50 60 18.2648
51 60 18.2648
52 60 18.2648
54 60 18.2648
57 60 18.2648
93 60 22.3214
97 60 22.3214
108 60 22.3214
121 60 22.3214
123 60 22.3214
129 60 22.3214
162 60 28.6944
164 60 28.6944
170 60 28.6944
253 60 22.3214
302 60 200
303 60 200
308 60 66.8896
310 60 40.1606
547 60 40.1606
41 61 18.2648
42 61 18.2648
43 61 18.2648
93 61 22.3214
97 61 22.3214
108 61 22.3214
109 61 22.3214
121 61 22.3214
129 61 22.3214
162 61 28.6944
170 61 28.6944
248 61 40.1606
254 61 40.1606
259 61 22.3214
260 61 22.3214
303 61 200
304 61 200
309 61 66.8896
311 61 40.1606
547 61 40.1606
41 62 18.2648
42 62 18.2648
93 62 22.3214
97 62 22.3214
121 62 22.3214
129 62 22.3214
162 62 28.6944
170 62 28.6944
242 62 200
248 62 40.1606
255 62 40.1606
290 62 200
305 62 200
310 62 66.8896
312 62 40.1606
41 63 18.2648
93 63 22.3214
97 63 22.3214
129 63 28.6944
162 63 28.6944
170 63 28.6944
203 63 28.6944
248 63 40.1606
255 63 40.1606
305 63 200
306 63 200
311 63 66.8896
313 63 40.1606
41 64 18.2648
93 64 22.3214
97 64 22.3214
127 64 28.6944
128 64 28.6944
153 64 28.6944
162 64 28.6944
170 64 28.6944
203 64 28.6944
255 64 40.1606
306 64 200
312 64 66.8896
314 64 40.1606
518 64 66.8896
41 65 18.2648
93 65 22.3214
97 65 22.3214
129 65 28.6944
153 65 28.6944
162 65 28.6944
170 65 28.6944
203 65 28.6944
252 65 40.1606
255 65 40.1606
282 65 40.1606
308 65 200
313 65 66.8896
315 65 66.8896
97 66 22.3214
153 66 28.6944
162 66 28.6944
170 66 28.6944
200 66 28.6944
203 66 28.6944
247 66 40.1606
252 66 40.1606
255 66 40.1606
283 66 40.1606
293 66 18.2648
309 66 200
313 66 66.8896
314 66 66.8896
316 66 66.8896
40 67 18.2648
93 67 22.3214
97 67 22.3214
153 67 28.6944
162 67 28.6944
170 67 28.6944
184 67 28.6944
187 67 28.6944
198 67 28.6944
203 67 28.6944
247 67 40.1606
255 67 40.1606
259 67 40.1606
284 67 40.1606
299 67 28.6944
314 67 66.8896
315 67 66.8896
317 67 66.8896
39 68 18.2648
50 68 18.2648
97 68 22.3214
153 68 28.6944
162 68 28.6944
170 68 28.6944
184 68 28.6944
185 68 28.6944
187 68 28.6944
189 68 28.6944
198 68 28.6944
229 68 28.6944
244 68 40.1606
285 68 40.1606
286 68 40.1606
296 68 40.1606
299 68 28.6944
304 68 22.3214
315 68 66.8896
316 68 66.8896
50 69 18.2648
97 69 22.3214
153 69 28.6944
162 69 28.6944
170 69 28.6944
184 69 28.6944
189 69 28.6944
198 69 28.6944
244 69 40.1606
245 69 40.1606
260 69 40.1606
296 69 40.1606
299 69 28.6944
312 69 66.8896
317 69 66.8896
629 69 22.3214
3 70 18.2648
50 70 18.2648
97 70 22.3214
153 70 28.6944
162 70 28.6944
164 70 28.6944
184 70 28.6944
189 70 28.6944
255 70 28.6944
265 70 28.6944
274 70 40.1606
275 70 40.1606
296 70 40.1606
299 70 28.6944
304 70 22.3214
317 70 66.8896
318 70 66.8896
3 71 18.2648
97 71 22.3214
137 71 28.6944
162 71 28.6944
164 71 28.6944
171 71 28.6944
186 71 28.6944
189 71 28.6944
205 71 28.6944
255 71 40.1606
274 71 40.1606
296 71 40.1606
299 71 28.6944
314 71 66.8896
315 71 66.8896
316 71 66.8896
317 71 66.8896
3 72 18.2648
17 72 18.2648
37 72 18.2648
97 72 22.3214
136 72 28.6944
137 72 28.6944
162 72 28.6944
164 72 28.6944
165 72 22.3214
171 72 28.6944
189 72 28.6944
198 72 28.6944
201 72 22.3214
247 72 200
256 72 40.1606
260 72 28.6944
296 72 40.1606
311 72 66.8896
315 72 66.8896
316 72 66.8896
510 72 28.6944
626 72 22.3214
630 72 18.2648
3 73 18.2648
17 73 18.2648
97 73 22.3214
137 73 28.6944
151 73 22.3214
162 73 28.6944
165 73 28.6944
189 73 28.6944
198 73 28.6944
201 73 28.6944
247 73 200
256 73 40.1606
260 73 40.1606
262 73 40.1606
276 73 40.1606
290 73 200
311 73 66.8896
510 73 28.6944
626 73 22.3214
631 73 18.2648
3 74 18.2648
17 74 18.2648
39 74 18.2648
46 74 18.2648
97 74 22.3214
98 74 22.3214
151 74 22.3214
189 74 28.6944
198 74 28.6944
203 74 28.6944
256 74 40.1606
260 74 40.1606
262 74 40.1606
276 74 40.1606
290 74 200
311 74 66.8896
513 74 66.8896
3 75 18.2648
17 75 18.2648
38 75 18.2648
39 75 18.2648
97 75 22.3214
98 75 22.3214
198 75 28.6944
203 75 28.6944
257 75 40.1606
262 75 40.1606
272 75 40.1606
308 75 200
311 75 66.8896
513 75 66.8896
623 75 22.3214
624 75 22.3214
3 76 18.2648
17 76 18.2648
38 76 18.2648
39 76 18.2648
97 76 22.3214
98 76 22.3214
152 76 28.6944
170 76 28.6944
171 76 28.6944
198 76 28.6944
201 76 28.6944
203 76 28.6944
272 76 40.1606
274 76 40.1606
311 76 66.8896
513 76 66.8896
3 77 18.2648
17 77 18.2648
28 77 18.2648
33 77 18.2648
38 77 18.2648
39 77 18.2648
93 77 22.3214
94 77 22.3214
97 77 22.3214
98 77 22.3214
152 77 28.6944
171 77 28.6944
190 77 28.6944
198 77 28.6944
201 77 28.6944
203 77 28.6944
267 77 40.1606
269 77 40.1606
274 77 28.6944
283 77 18.2648
306 77 200
311 77 66.8896
513 77 66.8896
3 78 18.2648
7 78 18.2648
17 78 18.2648
32 78 18.2648
33 78 18.2648
38 78 18.2648
39 78 18.2648
94 78 22.3214
97 78 22.3214
152 78 28.6944
190 78 28.6944
198 78 28.6944
201 78 28.6944
203 78 28.6944
267 78 40.1606
269 78 40.1606
272 78 40.1606
274 78 40.1606
283 78 18.2648
306 78 200
311 78 66.8896
513 78 66.8896
3 79 18.2648
17 79 18.2648
32 79 18.2648
39 79 18.2648
97 79 22.3214
98 79 22.3214
190 79 28.6944
198 79 28.6944
201 79 28.6944
203 79 28.6944
269 79 40.1606
272 79 40.1606
280 79 22.3214
306 79 200
311 79 66.8896
513 79 66.8896
3 80 18.2648
17 80 18.2648
32 80 18.2648
39 80 18.2648
97 80 22.3214
98 80 22.3214
171 80 28.6944
190 80 28.6944
198 80 28.6944
201 80 28.6944
203 80 28.6944
267 80 40.1606
269 80 40.1606
280 80 22.3214
306 80 200
311 80 66.8896
513 80 66.8896
3 81 18.2648
16 81 18.2648
17 81 18.2648
32 81 18.2648
39 81 18.2648
56 81 18.2648
94 81 22.3214
97 81 22.3214
98 81 22.3214
169 81 28.6944
170 81 28.6944
190 81 28.6944
198 81 28.6944
203 81 28.6944
280 81 22.3214
284 81 40.1606
285 81 40.1606
311 81 66.8896
513 81 66.8896
3 82 18.2648
16 82 18.2648
17 82 18.2648
32 82 18.2648
39 82 18.2648
94 82 22.3214
97 82 22.3214
98 82 22.3214
169 82 28.6944
170 82 28.6944
190 82 28.6944
203 82 28.6944
280 82 22.3214
281 82 22.3214
288 82 22.3214
311 82 66.8896
317 82 66.8896
513 82 66.8896
3 83 18.2648
17 83 18.2648
32 83 18.2648
39 83 18.2648
94 83 22.3214
97 83 22.3214
98 83 22.3214
161 83 200
170 83 28.6944
216 83 28.6944
259 83 18.2648
267 83 66.8896
288 83 22.3214
3 84 18.2648
7 84 18.2648
17 84 18.2648
32 84 18.2648
33 84 18.2648
39 84 18.2648
94 84 22.3214
97 84 22.3214
98 84 22.3214
152 84 28.6944
260 84 18.2648
267 84 66.8896
285 84 28.6944
312 84 200
316 84 66.8896
3 85 18.2648
7 85 18.2648
16 85 18.2648
17 85 18.2648
32 85 18.2648
33 85 18.2648
39 85 18.2648
94 85 22.3214
97 85 22.3214
98 85 22.3214
219 85 40.1606
260 85 18.2648
317 85 66.8896
518 85 28.6944
3 86 18.2648
16 86 18.2648
17 86 18.2648
32 86 18.2648
33 86 18.2648
39 86 18.2648
94 86 22.3214
97 86 22.3214
98 86 22.3214
219 86 40.1606
246 86 28.6944
253 86 28.6944
254 86 28.6944
255 86 28.6944
263 86 40.1606
270 86 200
518 86 28.6944
547 86 40.1606
3 87 18.2648
16 87 18.2648
17 87 18.2648
32 87 18.2648
33 87 18.2648
39 87 18.2648
94 87 22.3214
97 87 22.3214
98 87 22.3214
192 87 28.6944
193 87 28.6944
219 87 40.1606
243 87 40.1606
244 87 28.6944
252 87 28.6944
263 87 40.1606
547 87 40.1606
3 88 18.2648
16 88 18.2648
17 88 18.2648
33 88 18.2648
39 88 18.2648
62 88 18.2648
94 88 22.3214
97 88 22.3214
98 88 22.3214
193 88 28.6944
241 88 40.1606
261 88 40.1606
263 88 40.1606
266 88 28.6944
279 88 40.1606
3 89 18.2648
17 89 18.2648
23 89 18.2648
32 89 18.2648
33 89 18.2648
39 89 18.2648
62 89 18.2648
97 89 22.3214
98 89 22.3214
194 89 28.6944
195 89 28.6944
240 89 40.1606
241 89 40.1606
261 89 40.1606
263 89 40.1606
266 89 28.6944
279 89 40.1606
284 89 40.1606
328 89 66.8896
493 89 200
3 90 18.2648
17 90 18.2648
32 90 18.2648
33 90 18.2648
62 90 18.2648
98 90 22.3214
194 90 28.6944
195 90 28.6944
196 90 28.6944
229 90 40.1606
240 90 40.1606
241 90 40.1606
261 90 40.1606
263 90 40.1606
284 90 40.1606
289 90 28.6944
294 90 18.2648
320 90 28.6944
492 90 200
493 90 200
3 91 18.2648
4 91 18.2648
17 91 18.2648
32 91 18.2648
33 91 18.2648
62 91 18.2648
64 91 18.2648
89 91 22.3214
92 91 15.456
98 91 22.3214
194 91 28.6944
240 91 40.1606
261 91 40.1606
263 91 40.1606
284 91 40.1606
285 91 40.1606
294 91 18.2648
333 91 66.8896
492 91 200
515 91 40.1606
3 92 18.2648
4 92 18.2648
17 92 18.2648
32 92 18.2648
33 92 18.2648
40 92 18.2648
62 92 18.2648
64 92 18.2648
88 92 22.3214
89 92 22.3214
98 92 22.3214
194 92 28.6944
261 92 40.1606
263 92 40.1606
280 92 200
285 92 40.1606
303 92 22.3214
492 92 200
493 92 200
504 92 200
515 92 40.1606
3 93 18.2648
11 93 18.2648
13 93 18.2648
16 93 18.2648
17 93 18.2648
20 93 15.456
33 93 18.2648
40 93 18.2648
62 93 18.2648
74 93 18.2648
75 93 18.2648
88 93 22.3214
89 93 22.3214
98 93 22.3214
261 93 40.1606
263 93 40.1606
280 93 200
285 93 40.1606
288 93 18.2648
303 93 22.3214
493 93 200
503 93 200
504 93 200
512 93 28.6944
15 94 18.2648
16 94 18.2648
17 94 18.2648
20 94 15.456
27 94 10.5764
33 94 18.2648
62 94 18.2648
75 94 18.2648
83 94 22.3214
84 94 22.3214
89 94 22.3214
98 94 22.3214
199 94 28.6944
231 94 28.6944
240 94 40.1606
261 94 40.1606
263 94 40.1606
280 94 40.1606
288 94 18.2648
300 94 28.6944
304 94 22.3214
336 94 9.56938
342 94 66.8896
493 94 200
18 95 15.456
19 95 15.456
21 95 15.456
33 95 18.2648
40 95 18.2648
62 95 18.2648
73 95 18.2648
75 95 18.2648
83 95 22.3214
84 95 22.3214
89 95 22.3214
98 95 22.3214
199 95 28.6944
204 95 18.2648
205 95 18.2648
240 95 40.1606
261 95 40.1606
263 95 40.1606
280 95 40.1606
288 95 18.2648
308 95 22.3214
317 95 200
320 95 40.1606
499 95 28.6944
18 96 15.456
19 96 15.456
33 96 18.2648
40 96 18.2648
62 96 18.2648
73 96 18.2648
75 96 18.2648
83 96 22.3214
84 96 22.3214
89 96 22.3214
98 96 22.3214
199 96 28.6944
205 96 18.2648
206 96 18.2648
240 96 40.1606
261 96 40.1606
263 96 40.1606
280 96 40.1606
296 96 200
308 96 22.3214
336 96 9.56938
20 97 15.456
21 97 15.456
33 97 18.2648
62 97 18.2648
74 97 22.3214
75 97 22.3214
83 97 22.3214
84 97 22.3214
89 97 22.3214
98 97 22.3214
199 97 28.6944
200 97 28.6944
206 97 18.2648
208 97 28.6944
213 97 18.2648
240 97 40.1606
261 97 40.1606
263 97 40.1606
280 97 40.1606
296 97 200
300 97 200
308 97 22.3214
312 97 40.1606
336 97 9.56938
348 97 66.8896
349 97 66.8896
537 97 40.1606
33 98 18.2648
40 98 18.2648
47 98 18.2648
62 98 18.2648
75 98 22.3214
83 98 22.3214
84 98 22.3214
98 98 22.3214
111 98 22.3214
200 98 28.6944
203 98 22.3214
208 98 28.6944
240 98 40.1606
246 98 22.3214
261 98 40.1606
263 98 40.1606
280 98 40.1606
296 98 200
301 98 200
309 98 22.3214
312 98 40.1606
336 98 9.56938
349 98 66.8896
350 98 66.8896
376 98 11.8203
33 99 18.2648
40 99 18.2648
44 99 18.2648
45 99 18.2648
49 99 18.2648
62 99 18.2648
74 99 22.3214
84 99 22.3214
98 99 22.3214
111 99 22.3214
200 99 28.6944
203 99 22.3214
208 99 28.6944
219 99 22.3214
240 99 40.1606
261 99 40.1606
263 99 40.1606
277 99 40.1606
279 99 40.1606
280 99 40.1606
296 99 200
305 99 200
309 99 22.3214
312 99 40.1606
336 99 9.56938
350 99 66.8896
22 100 15.456
33 100 18.2648
44 100 18.2648
49 100 18.2648
50 100 18.2648
62 100 18.2648
74 100 22.3214
84 100 22.3214
98 100 22.3214
111 100 22.3214
150 100 28.6944
200 100 28.6944
203 100 22.3214
240 100 40.1606
261 100 40.1606
263 100 40.1606
279 100 40.1606
305 100 200
308 100 66.8896
336 100 9.56938
350 100 66.8896
351 100 66.8896
6 101 15.456
33 101 18.2648
62 101 18.2648
74 101 22.3214
84 101 22.3214
98 101 22.3214
150 101 28.6944
200 101 28.6944
203 101 22.3214
231 101 28.6944
240 101 40.1606
261 101 40.1606
263 101 40.1606
301 101 200
305 101 200
308 101 66.8896
336 101 9.56938
350 101 66.8896
351 101 66.8896
19 102 15.456
36 102 15.456
48 102 18.2648
62 102 18.2648
74 102 22.3214
84 102 22.3214
98 102 22.3214
110 102 22.3214
193 102 28.6944
200 102 28.6944
203 102 22.3214
221 102 40.1606
231 102 28.6944
240 102 40.1606
241 102 40.1606
255 102 40.1606
261 102 40.1606
289 102 22.3214
301 102 200
305 102 200
308 102 66.8896
309 102 66.8896
323 102 15.456
336 102 9.56938
351 102 66.8896
356 102 13.3958
366 102 9.56938
19 103 15.456
47 103 18.2648
48 103 18.2648
51 103 18.2648
62 103 18.2648
74 103 22.3214
84 103 22.3214
98 103 22.3214
110 103 22.3214
112 103 22.3214
200 103 28.6944
203 103 22.3214
240 103 40.1606
241 103 40.1606
256 103 40.1606
266 103 40.1606
282 103 40.1606
301 103 200
305 103 200
306 103 200
308 103 66.8896
309 103 66.8896
323 103 15.456
351 103 66.8896
352 103 66.8896
356 103 13.3958
366 103 9.56938
369 103 18.2648
17 104 15.456
37 104 15.456
50 104 18.2648
51 104 18.2648
62 104 18.2648
74 104 22.3214
84 104 22.3214
98 104 22.3214
110 104 22.3214
203 104 22.3214
240 104 40.1606
241 104 40.1606
256 104 40.1606
266 104 40.1606
284 104 40.1606
301 104 200
305 104 200
306 104 200
309 104 66.8896
323 104 15.456
337 104 66.8896
352 104 66.8896
356 104 13.3958
360 104 11.8203
369 104 18.2648
17 105 15.456
55 105 18.2648
57 105 18.2648
62 105 18.2648
74 105 22.3214
84 105 22.3214
98 105 22.3214
110 105 22.3214
122 105 22.3214
135 105 22.3214
191 105 28.6944
240 105 40.1606
241 105 40.1606
256 105 40.1606
285 105 40.1606
301 105 200
306 105 200
309 105 66.8896
323 105 15.456
324 105 15.456
337 105 66.8896
352 105 66.8896
353 105 66.8896
356 105 13.3958
360 105 11.8203
368 105 18.2648
369 105 18.2648
373 105 15.456
17 106 15.456
49 106 18.2648
55 106 18.2648
58 106 18.2648
61 106 18.2648
64 106 18.2648
74 106 22.3214
78 106 15.456
84 106 22.3214
95 106 22.3214
98 106 22.3214
110 106 22.3214
111 106 22.3214
113 106 22.3214
122 106 22.3214
135 106 22.3214
174 106 28.6944
175 106 22.3214
176 106 22.3214
182 106 28.6944
189 106 28.6944
190 106 28.6944
200 106 28.6944
241 106 40.1606
256 106 40.1606
301 106 200
306 106 200
309 106 66.8896
337 106 66.8896
347 106 22.3214
353 106 66.8896
360 106 11.8203
368 106 18.2648
373 106 40.1606
532 106 28.6944
16 107 15.456
17 107 15.456
35 107 15.456
49 107 18.2648
54 107 18.2648
55 107 18.2648
58 107 18.2648
74 107 22.3214
78 107 15.456
84 107 22.3214
95 107 22.3214
98 107 22.3214
110 107 22.3214
122 107 22.3214
135 107 22.3214
172 107 28.6944
173 107 28.6944
200 107 28.6944
241 107 40.1606
256 107 40.1606
274 107 40.1606
275 107 40.1606
306 107 200
309 107 66.8896
337 107 66.8896
347 107 22.3214
354 107 66.8896
365 107 22.3214
368 107 18.2648
373 107 40.1606
532 107 28.6944
17 108 15.456
34 108 15.456
35 108 15.456
74 108 22.3214
84 108 22.3214
95 108 22.3214
98 108 22.3214
122 108 22.3214
172 108 28.6944
173 108 28.6944
241 108 40.1606
256 108 40.1606
274 108 40.1606
306 108 200
309 108 66.8896
337 108 66.8896
347 108 22.3214
353 108 66.8896
354 108 66.8896
355 108 66.8896
365 108 22.3214
372 108 200
532 108 28.6944
4 109 15.456
5 109 18.2648
17 109 15.456
34 109 15.456
35 109 15.456
74 109 22.3214
84 109 22.3214
95 109 22.3214
98 109 22.3214
122 109 22.3214
141 109 22.3214
142 109 22.3214
172 109 28.6944
274 109 40.1606
306 109 200
309 109 66.8896
337 109 66.8896
347 109 22.3214
353 109 66.8896
354 109 66.8896
355 109 66.8896
359 109 40.1606
365 109 22.3214
372 109 200
532 109 28.6944
6 110 18.2648
7 110 18.2648
17 110 15.456
28 110 28.6944
34 110 15.456
35 110 15.456
36 110 15.456
37 110 15.456
66 110 200
74 110 22.3214
84 110 22.3214
95 110 22.3214
98 110 22.3214
122 110 22.3214
131 110 22.3214
142 110 22.3214
172 110 28.6944
248 110 40.1606
250 110 28.6944
251 110 28.6944
274 110 40.1606
306 110 200
309 110 66.8896
324 110 66.8896
337 110 66.8896
347 110 22.3214
353 110 66.8896
355 110 66.8896
359 110 40.1606
360 110 40.1606
364 110 28.6944
365 110 28.6944
372 110 200
373 110 200
532 110 28.6944
17 111 15.456
53 111 18.2648
73 111 22.3214
74 111 22.3214
84 111 22.3214
95 111 22.3214
98 111 22.3214
122 111 22.3214
131 111 22.3214
134 111 40.1606
142 111 22.3214
143 111 22.3214
248 111 40.1606
250 111 28.6944
251 111 28.6944
256 111 40.1606
283 111 18.2648
324 111 66.8896
337 111 66.8896
347 111 22.3214
355 111 66.8896
359 111 40.1606
360 111 40.1606
364 111 66.8896
373 111 200
376 111 22.3214
532 111 28.6944
17 112 15.456
52 112 18.2648
53 112 18.2648
55 112 15.456
73 112 22.3214
74 112 22.3214
83 112 22.3214
84 112 22.3214
95 112 22.3214
98 112 22.3214
99 112 22.3214
122 112 22.3214
131 112 22.3214
143 112 22.3214
204 112 28.6944
248 112 40.1606
251 112 28.6944
256 112 40.1606
261 112 40.1606
324 112 66.8896
337 112 66.8896
354 112 200
355 112 200
359 112 40.1606
366 112 66.8896
369 112 40.1606
376 112 22.3214
17 113 15.456
20 113 18.2648
22 113 18.2648
52 113 18.2648
53 113 18.2648
74 113 22.3214
84 113 22.3214
95 113 22.3214
98 113 22.3214
99 113 22.3214
122 113 22.3214
131 113 22.3214
142 113 22.3214
143 113 22.3214
168 113 18.2648
248 113 40.1606
251 113 28.6944
263 113 40.1606
268 113 40.1606
273 113 28.6944
274 113 28.6944
284 113 18.2648
337 113 66.8896
354 113 200
358 113 40.1606
359 113 40.1606
363 113 200
364 113 200
366 113 66.8896
21 114 18.2648
22 114 18.2648
52 114 18.2648
53 114 18.2648
84 114 22.3214
95 114 22.3214
98 114 22.3214
99 114 22.3214
122 114 22.3214
131 114 22.3214
143 114 22.3214
260 114 40.1606
263 114 40.1606
268 114 40.1606
270 114 40.1606
273 114 28.6944
363 114 200
374 114 200
53 115 18.2648
80 115 13.3958
84 115 22.3214
95 115 22.3214
98 115 22.3214
99 115 22.3214
122 115 22.3214
131 115 22.3214
200 115 28.6944
205 115 28.6944
255 115 28.6944
263 115 40.1606
268 115 40.1606
270 115 40.1606
273 115 28.6944
318 115 200
346 115 8.73744
374 115 200
376 115 200
75 116 18.2648
76 116 18.2648
84 116 22.3214
95 116 22.3214
98 116 22.3214
99 116 22.3214
122 116 22.3214
131 116 22.3214
255 116 28.6944
263 116 40.1606
268 116 40.1606
273 116 22.3214
281 116 40.1606
318 116 200
321 116 28.6944
346 116 8.73744
353 116 66.8896
374 116 200
377 116 66.8896
618 116 18.2648
74 117 18.2648
75 117 18.2648
84 117 22.3214
95 117 22.3214
98 117 22.3214
99 117 22.3214
122 117 22.3214
131 117 22.3214
163 117 28.6944
171 117 28.6944
172 117 28.6944
200 117 28.6944
203 117 28.6944
255 117 28.6944
261 117 40.1606
268 117 40.1606
273 117 22.3214
282 117 40.1606
321 117 28.6944
322 117 28.6944
346 117 8.73744
353 117 66.8896
557 117 28.6944
559 117 28.6944
52 118 18.2648
53 118 18.2648
74 118 18.2648
75 118 18.2648
84 118 22.3214
95 118 22.3214
98 118 22.3214
99 118 22.3214
122 118 22.3214
131 118 22.3214
163 118 28.6944
171 118 28.6944
172 118 28.6944
199 118 28.6944
204 118 28.6944
205 118 28.6944
258 118 40.1606
261 118 40.1606
286 118 28.6944
321 118 28.6944
380 118 15.456
557 118 28.6944
53 119 18.2648
74 119 18.2648
75 119 18.2648
84 119 22.3214
95 119 22.3214
98 119 22.3214
99 119 22.3214
111 119 22.3214
122 119 22.3214
131 119 22.3214
163 119 28.6944
171 119 28.6944
199 119 28.6944
263 119 40.1606
286 119 28.6944
315 119 66.8896
321 119 66.8896
377 119 18.2648
380 119 66.8896
556 119 28.6944
54 120 18.2648
75 120 18.2648
76 120 18.2648
84 120 22.3214
85 120 22.3214
95 120 22.3214
98 120 22.3214
99 120 22.3214
111 120 22.3214
113 120 22.3214
122 120 22.3214
131 120 22.3214
155 120 22.3214
163 120 28.6944
171 120 28.6944
195 120 18.2648
197 120 22.3214
199 120 28.6944
263 120 40.1606
268 120 66.8896
286 120 28.6944
315 120 66.8896
337 120 11.8203
384 120 66.8896
556 120 28.6944
559 120 28.6944
75 121 18.2648
76 121 18.2648
77 121 18.2648
95 121 22.3214
99 121 22.3214
111 121 22.3214
113 121 22.3214
122 121 22.3214
131 121 22.3214
155 121 22.3214
163 121 28.6944
171 121 28.6944
172 121 28.6944
195 121 18.2648
197 121 18.2648
206 121 28.6944
263 121 40.1606
268 121 66.8896
286 121 28.6944
315 121 66.8896
360 121 200
380 121 66.8896
382 121 66.8896
391 121 10.5764
75 122 18.2648
76 122 18.2648
77 122 18.2648
95 122 22.3214
99 122 22.3214
111 122 22.3214
122 122 22.3214
131 122 22.3214
155 122 22.3214
163 122 28.6944
171 122 28.6944
172 122 28.6944
185 122 28.6944
188 122 22.3214
191 122 18.2648
197 122 18.2648
206 122 28.6944
263 122 40.1606
315 122 66.8896
360 122 200
376 122 200
377 122 200
95 123 22.3214
99 123 22.3214
111 123 22.3214
122 123 22.3214
131 123 22.3214
155 123 22.3214
163 123 28.6944
172 123 28.6944
185 123 28.6944
188 123 22.3214
197 123 18.2648
198 123 18.2648
336 123 9.56938
376 123 200
377 123 200
99 124 22.3214
111 124 22.3214
122 124 22.3214
131 124 22.3214
155 124 22.3214
163 124 28.6944
172 124 28.6944
194 124 28.6944
199 124 28.6944
204 124 28.6944
303 124 28.6944
336 124 9.56938
360 124 200
95 125 22.3214
99 125 22.3214
111 125 22.3214
122 125 22.3214
123 125 22.3214
131 125 22.3214
155 125 22.3214
163 125 28.6944
168 125 18.2648
172 125 28.6944
190 125 28.6944
199 125 28.6944
200 125 28.6944
204 125 28.6944
300 125 28.6944
319 125 66.8896
323 125 28.6944
324 125 28.6944
336 125 9.56938
337 125 9.56938
348 125 22.3214
360 125 200
380 125 15.456
388 125 200
389 125 200
391 125 200
538 125 28.6944
629 125 22.3214
99 126 22.3214
122 126 22.3214
123 126 22.3214
131 126 22.3214
163 126 28.6944
168 126 18.2648
172 126 28.6944
190 126 28.6944
191 126 28.6944
202 126 28.6944
204 126 28.6944
205 126 28.6944
300 126 28.6944
305 126 200
309 126 66.8896
312 126 40.1606
318 126 66.8896
323 126 28.6944
338 126 66.8896
348 126 22.3214
380 126 15.456
384 126 200
389 126 200
99 127 22.3214
123 127 22.3214
131 127 22.3214
154 127 28.6944
163 127 28.6944
191 127 28.6944
199 127 28.6944
204 127 28.6944
205 127 28.6944
296 127 200
297 127 200
300 127 28.6944
301 127 28.6944
312 127 40.1606
324 127 28.6944
337 127 66.8896
338 127 66.8896
348 127 22.3214
353 127 15.456
354 127 15.456
380 127 15.456
389 127 200
390 127 200
392 127 200
560 127 22.3214
92 128 22.3214
94 128 22.3214
99 128 22.3214
111 128 22.3214
122 128 22.3214
123 128 22.3214
131 128 22.3214
154 128 28.6944
160 128 28.6944
163 128 28.6944
191 128 28.6944
199 128 28.6944
204 128 28.6944
229 128 40.1606
267 128 28.6944
296 128 200
297 128 200
300 128 200
301 128 200
305 128 200
306 128 200
309 128 66.8896
312 128 40.1606
324 128 66.8896
337 128 66.8896
353 128 15.456
385 128 200
390 128 200
397 128 200
559 128 22.3214
99 129 22.3214
112 129 22.3214
118 129 22.3214
120 129 22.3214
122 129 22.3214
123 129 22.3214
131 129 22.3214
154 129 28.6944
163 129 28.6944
165 129 28.6944
191 129 28.6944
199 129 28.6944
204 129 28.6944
229 129 40.1606
260 129 18.2648
267 129 28.6944
297 129 200
301 129 200
309 129 66.8896
312 129 40.1606
337 129 66.8896
348 129 22.3214
360 129 200
385 129 200
391 129 200
559 129 22.3214
96 130 22.3214
99 130 22.3214
114 130 28.6944
117 130 22.3214
118 130 22.3214
119 130 22.3214
121 130 22.3214
131 130 22.3214
161 130 28.6944
163 130 28.6944
165 130 28.6944
191 130 28.6944
204 130 28.6944
254 130 28.6944
255 130 28.6944
297 130 200
309 130 66.8896
312 130 40.1606
337 130 66.8896
348 130 22.3214
360 130 200
377 130 200
379 130 200
392 130 200
396 130 200
99 131 22.3214
117 131 22.3214
121 131 22.3214
122 131 22.3214
131 131 22.3214
163 131 28.6944
165 131 28.6944
166 131 22.3214
199 131 28.6944
202 131 28.6944
204 131 28.6944
243 131 40.1606
244 131 28.6944
252 131 40.1606
280 131 40.1606
281 131 40.1606
289 131 18.2648
297 131 40.1606
309 131 66.8896
312 131 40.1606
337 131 66.8896
348 131 22.3214
353 131 66.8896
377 131 200
378 131 200
392 131 200
397 131 200
559 131 22.3214
95 132 22.3214
96 132 22.3214
99 132 22.3214
110 132 22.3214
121 132 22.3214
122 132 22.3214
177 132 22.3214
199 132 28.6944
202 132 28.6944
204 132 28.6944
216 132 40.1606
241 132 40.1606
242 132 40.1606
280 132 40.1606
281 132 40.1606
289 132 18.2648
297 132 40.1606
306 132 200
309 132 66.8896
312 132 40.1606
323 132 18.2648
337 132 66.8896
338 132 66.8896
348 132 22.3214
353 132 66.8896
362 132 200
378 132 200
393 132 200
398 132 200
500 132 200
559 132 22.3214
16 133 15.456
99 133 22.3214
122 133 22.3214
129 133 66.8896
133 133 22.3214
135 133 18.2648
176 133 22.3214
177 133 22.3214
181 133 15.456
199 133 28.6944
216 133 40.1606
219 133 40.1606
220 133 40.1606
241 133 40.1606
281 133 40.1606
295 133 40.1606
297 133 40.1606
306 133 200
309 133 66.8896
312 133 40.1606
323 133 66.8896
337 133 66.8896
338 133 66.8896
348 133 22.3214
353 133 66.8896
393 133 200
394 133 200
471 133 200
472 133 200
559 133 22.3214
16 134 15.456
96 134 22.3214
99 134 22.3214
135 134 18.2648
169 134 28.6944
176 134 22.3214
219 134 40.1606
220 134 40.1606
241 134 40.1606
281 134 40.1606
291 134 200
297 134 40.1606
306 134 200
309 134 66.8896
310 134 40.1606
312 134 40.1606
324 134 66.8896
337 134 66.8896
348 134 22.3214
380 134 15.456
384 134 13.3958
393 134 200
394 134 200
559 134 22.3214
21 135 15.456
96 135 22.3214
99 135 22.3214
176 135 22.3214
220 135 40.1606
230 135 40.1606
241 135 40.1606
262 135 40.1606
281 135 40.1606
291 135 200
297 135 40.1606
312 135 40.1606
324 135 66.8896
328 135 40.1606
337 135 66.8896
338 135 66.8896
348 135 22.3214
380 135 15.456
384 135 13.3958
394 135 200
404 135 200
539 135 28.6944
559 135 22.3214
25 136 15.456
96 136 22.3214
99 136 22.3214
176 136 22.3214
220 136 40.1606
241 136 40.1606
264 136 40.1606
281 136 40.1606
297 136 40.1606
312 136 40.1606
324 136 66.8896
337 136 66.8896
338 136 66.8896
360 136 200
361 136 200
362 136 200
384 136 13.3958
394 136 200
405 136 200
468 136 200
559 136 22.3214
629 136 22.3214
25 137 15.456
96 137 22.3214
99 137 22.3214
138 137 28.6944
160 137 22.3214
170 137 18.2648
220 137 40.1606
241 137 40.1606
262 137 40.1606
264 137 40.1606
297 137 40.1606
312 137 40.1606
361 137 200
394 137 200
395 137 200
405 137 200
559 137 22.3214
629 137 22.3214
96 138 22.3214
99 138 22.3214
138 138 28.6944
139 138 28.6944
153 138 22.3214
173 138 28.6944
186 138 28.6944
232 138 28.6944
241 138 40.1606
262 138 40.1606
264 138 40.1606
310 138 40.1606
362 138 200
381 138 15.456
390 138 200
395 138 200
405 138 200
406 138 200
559 138 22.3214
15 139 15.456
96 139 22.3214
99 139 22.3214
153 139 28.6944
230 139 28.6944
232 139 28.6944
241 139 40.1606
262 139 40.1606
264 139 40.1606
352 139 40.1606
361 139 200
380 139 15.456
381 139 15.456
395 139 200
400 139 8.03858
406 139 200
461 139 200
99 140 22.3214
192 140 28.6944
193 140 28.6944
232 140 28.6944
241 140 40.1606
262 140 40.1606
264 140 40.1606
352 140 40.1606
380 140 15.456
381 140 15.456
396 140 200
400 140 8.03858
406 140 200
461 140 200
473 140 66.8896
96 141 22.3214
99 141 22.3214
153 141 28.6944
154 141 28.6944
192 141 28.6944
208 141 22.3214
232 141 28.6944
241 141 40.1606
262 141 40.1606
264 141 40.1606
352 141 40.1606
360 141 200
362 141 200
380 141 15.456
381 141 15.456
396 141 200
406 141 200
407 141 200
450 141 200
461 141 200
472 141 66.8896
527 141 40.1606
614 141 18.2648
96 142 22.3214
99 142 22.3214
147 142 18.2648
192 142 28.6944
208 142 22.3214
232 142 28.6944
241 142 40.1606
262 142 40.1606
264 142 40.1606
267 142 40.1606
310 142 66.8896
346 142 200
352 142 40.1606
360 142 200
362 142 200
380 142 15.456
396 142 200
397 142 200
407 142 200
461 142 200
544 142 28.6944
572 142 22.3214
73 143 18.2648
74 143 18.2648
96 143 22.3214
99 143 22.3214
208 143 22.3214
232 143 28.6944
241 143 40.1606
247 143 40.1606
254 143 22.3214
346 143 200
352 143 40.1606
361 143 200
362 143 200
380 143 15.456
392 143 200
396 143 200
397 143 200
409 143 200
461 143 200
464 143 66.8896
467 143 200
489 143 200
512 143 66.8896
549 143 40.1606
629 143 22.3214
96 144 22.3214
99 144 22.3214
100 144 22.3214
173 144 22.3214
174 144 22.3214
175 144 22.3214
230 144 28.6944
232 144 28.6944
241 144 40.1606
249 144 40.1606
251 144 40.1606
254 144 22.3214
256 144 40.1606
257 144 40.1606
262 144 40.1606
275 144 40.1606
361 144 200
362 144 200
396 144 200
410 144 200
461 144 200
464 144 66.8896
465 144 66.8896
495 144 40.1606
629 144 22.3214
96 145 22.3214
99 145 22.3214
100 145 22.3214
147 145 18.2648
148 145 18.2648
230 145 28.6944
232 145 28.6944
241 145 40.1606
249 145 40.1606
251 145 28.6944
254 145 22.3214
256 145 40.1606
257 145 40.1606
262 145 40.1606
275 145 40.1606
337 145 15.456
357 145 66.8896
360 145 200
362 145 200
377 145 200
379 145 200
396 145 200
411 145 200
448 145 200
461 145 200
629 145 22.3214
96 146 22.3214
99 146 22.3214
100 146 22.3214
147 146 18.2648
148 146 18.2648
172 146 22.3214
241 146 40.1606
248 146 40.1606
249 146 40.1606
251 146 28.6944
257 146 40.1606
275 146 40.1606
321 146 28.6944
337 146 18.2648
357 146 66.8896
360 146 200
377 146 200
378 146 200
379 146 200
396 146 200
411 146 200
412 146 200
448 146 200
44 147 18.2648
46 147 18.2648
48 147 18.2648
52 147 18.2648
53 147 18.2648
96 147 22.3214
99 147 22.3214
100 147 22.3214
163 147 22.3214
164 147 22.3214
165 147 18.2648
181 147 22.3214
196 147 28.6944
205 147 15.456
241 147 40.1606
248 147 40.1606
251 147 28.6944
262 147 40.1606
264 147 40.1606
275 147 40.1606
284 147 40.1606
321 147 28.6944
324 147 40.1606
337 147 66.8896
348 147 22.3214
353 147 200
357 147 66.8896
363 147 10.5764
378 147 200
396 147 200
412 147 200
458 147 200
461 147 66.8896
467 147 200
558 147 28.6944
629 147 22.3214
43 148 18.2648
44 148 18.2648
96 148 22.3214
99 148 22.3214
100 148 22.3214
162 148 22.3214
163 148 22.3214
164 148 22.3214
183 148 22.3214
195 148 28.6944
196 148 28.6944
197 148 28.6944
200 148 18.2648
201 148 18.2648
209 148 40.1606
232 148 40.1606
241 148 40.1606
248 148 40.1606
249 148 40.1606
251 148 28.6944
262 148 40.1606
264 148 40.1606
275 148 40.1606
317 148 200
324 148 40.1606
338 148 66.8896
348 148 22.3214
353 148 200
357 148 66.8896
363 148 10.5764
364 148 10.5764
390 148 200
391 148 200
396 148 200
403 148 200
409 148 200
458 148 200
462 148 66.8896
629 148 22.3214
42 149 18.2648
43 149 18.2648
96 149 22.3214
99 149 22.3214
100 149 22.3214
182 149 22.3214
183 149 22.3214
195 149 28.6944
200 149 18.2648
208 149 40.1606
209 149 40.1606
222 149 28.6944
235 149 22.3214
248 149 40.1606
251 149 28.6944
257 149 40.1606
262 149 40.1606
275 149 40.1606
286 149 40.1606
324 149 40.1606
337 149 66.8896
338 149 66.8896
348 149 22.3214
353 149 200
381 149 15.456
390 149 200
403 149 200
416 149 200
458 149 200
42 150 18.2648
43 150 18.2648
96 150 22.3214
99 150 22.3214
100 150 22.3214
148 150 18.2648
182 150 22.3214
222 150 28.6944
230 150 40.1606
241 150 40.1606
248 150 40.1606
249 150 40.1606
251 150 28.6944
262 150 40.1606
264 150 40.1606
269 150 22.3214
274 150 40.1606
275 150 40.1606
321 150 28.6944
324 150 40.1606
337 150 66.8896
338 150 66.8896
348 150 22.3214
354 150 40.1606
380 150 15.456
384 150 13.3958
416 150 200
417 150 200
433 150 4.46628
458 150 200
465 150 200
614 150 28.6944
96 151 22.3214
99 151 22.3214
100 151 22.3214
160 151 18.2648
161 151 18.2648
181 151 22.3214
248 151 40.1606
249 151 40.1606
251 151 28.6944
262 151 40.1606
264 151 40.1606
274 151 28.6944
275 151 28.6944
281 151 22.3214
316 151 66.8896
321 151 28.6944
324 151 22.3214
337 151 66.8896
338 151 66.8896
348 151 22.3214
352 151 15.456
354 151 15.456
361 151 200
364 151 10.5764
380 151 15.456
384 151 13.3958
403 151 200
418 151 200
464 151 200
468 151 66.8896
546 151 28.6944
547 151 28.6944
42 152 18.2648
96 152 22.3214
99 152 22.3214
100 152 22.3214
147 152 18.2648
160 152 18.2648
161 152 18.2648
178 152 22.3214
198 152 22.3214
248 152 40.1606
249 152 40.1606
251 152 40.1606
262 152 40.1606
264 152 40.1606
274 152 28.6944
281 152 22.3214
316 152 66.8896
338 152 66.8896
348 152 22.3214
354 152 15.456
357 152 13.3958
361 152 200
364 152 10.5764
403 152 200
418 152 200
419 152 200
463 152 200
558 152 28.6944
621 152 18.2648
38 153 18.2648
42 153 18.2648
96 153 22.3214
99 153 22.3214
100 153 22.3214
146 153 18.2648
147 153 18.2648
148 153 18.2648
160 153 18.2648
178 153 22.3214
198 153 22.3214
248 153 40.1606
249 153 40.1606
251 153 40.1606
262 153 40.1606
264 153 40.1606
274 153 28.6944
316 153 66.8896
338 153 66.8896
354 153 15.456
357 153 13.3958
361 153 200
364 153 10.5764
381 153 15.456
390 153 200
391 153 200
418 153 200
419 153 200
558 153 28.6944
561 153 22.3214
42 154 18.2648
96 154 22.3214
99 154 22.3214
100 154 22.3214
160 154 18.2648
178 154 22.3214
181 154 22.3214
182 154 22.3214
198 154 22.3214
223 154 22.3214
237 154 40.1606
248 154 40.1606
249 154 40.1606
251 154 40.1606
262 154 40.1606
264 154 40.1606
274 154 28.6944
287 154 28.6944
338 154 66.8896
348 154 22.3214
354 154 15.456
357 154 13.3958
361 154 200
364 154 10.5764
381 154 15.456
418 154 200
419 154 200
451 154 200
552 154 40.1606
558 154 28.6944
561 154 22.3214
96 155 22.3214
100 155 22.3214
180 155 22.3214
181 155 22.3214
198 155 22.3214
248 155 40.1606
249 155 40.1606
251 155 40.1606
262 155 40.1606
264 155 40.1606
267 155 28.6944
274 155 28.6944
287 155 28.6944
310 155 40.1606
320 155 40.1606
338 155 66.8896
348 155 22.3214
354 155 66.8896
361 155 200
381 155 15.456
392 155 200
419 155 200
450 155 200
451 155 200
454 155 200
96 156 22.3214
100 156 22.3214
163 156 22.3214
179 156 22.3214
180 156 22.3214
198 156 22.3214
201 156 28.6944
204 156 22.3214
249 156 40.1606
251 156 40.1606
262 156 40.1606
264 156 40.1606
267 156 28.6944
274 156 28.6944
287 156 28.6944
310 156 40.1606
312 156 40.1606
313 156 40.1606
338 156 66.8896
352 156 200
361 156 200
380 156 15.456
381 156 15.456
402 156 200
424 156 200
425 156 200
450 156 200
454 156 200
540 156 28.6944
96 157 22.3214
100 157 22.3214
163 157 22.3214
164 157 22.3214
179 157 22.3214
201 157 28.6944
204 157 22.3214
206 157 22.3214
249 157 40.1606
262 157 40.1606
264 157 40.1606
267 157 28.6944
274 157 28.6944
301 157 66.8896
306 157 200
309 157 66.8896
310 157 40.1606
312 157 40.1606
338 157 66.8896
352 157 200
356 157 66.8896
361 157 200
381 157 15.456
423 157 200
424 157 200
454 157 200
539 157 28.6944
540 157 28.6944
629 157 22.3214
46 158 18.2648
100 158 22.3214
175 158 22.3214
178 158 22.3214
252 158 28.6944
262 158 40.1606
264 158 40.1606
267 158 28.6944
306 158 200
309 158 66.8896
310 158 40.1606
312 158 66.8896
338 158 66.8896
352 158 200
356 158 66.8896
361 158 200
380 158 15.456
402 158 200
423 158 200
424 158 200
539 158 28.6944
540 158 28.6944
629 158 22.3214
96 159 22.3214
100 159 22.3214
163 159 22.3214
169 159 11.8203
170 159 11.8203
177 159 22.3214
178 159 22.3214
204 159 28.6944
252 159 28.6944
264 159 40.1606
297 159 200
301 159 200
302 159 200
306 159 200
309 159 66.8896
310 159 66.8896
352 159 200
361 159 200
377 159 200
380 159 15.456
391 159 200
398 159 200
402 159 200
403 159 200
424 159 200
518 159 40.1606
561 159 28.6944
629 159 22.3214
100 160 22.3214
158 160 22.3214
160 160 22.3214
161 160 22.3214
162 160 22.3214
163 160 22.3214
176 160 22.3214
177 160 22.3214
201 160 28.6944
204 160 28.6944
206 160 28.6944
255 160 28.6944
297 160 200
302 160 200
306 160 200
310 160 66.8896
313 160 40.1606
352 160 200
361 160 200
362 160 200
377 160 200
378 160 200
390 160 200
398 160 200
403 160 200
433 160 200
517 160 40.1606
518 160 40.1606
629 160 22.3214
6 161 18.2648
7 161 18.2648
10 161 18.2648
11 161 18.2648
41 161 18.2648
96 161 22.3214
100 161 22.3214
157 161 22.3214
158 161 22.3214
161 161 22.3214
162 161 22.3214
174 161 22.3214
176 161 22.3214
177 161 22.3214
199 161 28.6944
201 161 28.6944
206 161 28.6944
255 161 28.6944
302 161 200
306 161 200
307 161 200
310 161 66.8896
313 161 40.1606
360 161 200
361 161 200
377 161 200
378 161 200
385 161 40.1606
390 161 200
398 161 200
413 161 200
422 161 200
437 161 200
517 161 40.1606
518 161 40.1606
545 161 28.6944
629 161 22.3214
5 162 18.2648
6 162 18.2648
10 162 18.2648
11 162 18.2648
21 162 18.2648
23 162 18.2648
41 162 18.2648
100 162 22.3214
149 162 22.3214
157 162 22.3214
177 162 22.3214
193 162 22.3214
194 162 18.2648
202 162 28.6944
206 162 28.6944
255 162 28.6944
286 162 28.6944
306 162 200
307 162 200
310 162 66.8896
313 162 40.1606
356 162 66.8896
377 162 200
378 162 200
385 162 40.1606
398 162 200
405 162 200
414 162 200
422 162 200
545 162 28.6944
563 162 22.3214
564 162 22.3214
629 162 22.3214
5 163 18.2648
6 163 18.2648
10 163 18.2648
11 163 18.2648
20 163 18.2648
21 163 18.2648
23 163 18.2648
25 163 15.456
35 163 18.2648
41 163 18.2648
59 163 18.2648
100 163 22.3214
150 163 22.3214
183 163 66.8896
191 163 22.3214
192 163 22.3214
255 163 28.6944
283 163 40.1606
286 163 28.6944
307 163 200
310 163 66.8896
352 163 200
355 163 66.8896
356 163 66.8896
398 163 200
403 163 200
405 163 200
413 163 200
414 163 200
425 163 200
433 163 200
442 163 200
545 163 28.6944
563 163 22.3214
615 163 18.2648
629 163 22.3214
5 164 18.2648
6 164 18.2648
10 164 18.2648
11 164 18.2648
20 164 18.2648
21 164 18.2648
23 164 18.2648
25 164 18.2648
34 164 18.2648
35 164 18.2648
41 164 18.2648
59 164 18.2648
100 164 22.3214
150 164 22.3214
151 164 22.3214
173 164 22.3214
189 164 22.3214
215 164 22.3214
278 164 200
307 164 200
310 164 66.8896
313 164 40.1606
352 164 200
355 164 66.8896
356 164 66.8896
398 164 200
405 164 200
413 164 200
414 164 200
425 164 200
426 164 200
431 164 200
442 164 200
614 164 18.2648
629 164 22.3214
5 165 18.2648
6 165 18.2648
11 165 18.2648
20 165 18.2648
21 165 18.2648
23 165 18.2648
25 165 18.2648
34 165 18.2648
35 165 18.2648
41 165 18.2648
59 165 18.2648
100 165 22.3214
152 165 22.3214
171 165 22.3214
172 165 22.3214
307 165 200
310 165 66.8896
313 165 40.1606
352 165 200
387 165 66.8896
398 165 200
405 165 200
414 165 200
442 165 200
545 165 28.6944
550 165 22.3214
614 165 18.2648
629 165 22.3214
5 166 18.2648
6 166 18.2648
10 166 18.2648
11 166 18.2648
20 166 18.2648
21 166 18.2648
25 166 18.2648
34 166 18.2648
35 166 18.2648
41 166 18.2648
59 166 18.2648
62 166 15.456
65 166 18.2648
100 166 22.3214
159 166 22.3214
170 166 22.3214
171 166 22.3214
183 166 22.3214
184 166 22.3214
206 166 28.6944
307 166 200
310 166 66.8896
313 166 40.1606
378 166 18.2648
380 166 18.2648
387 166 66.8896
392 166 200
398 166 200
414 166 200
442 166 200
545 166 28.6944
550 166 22.3214
563 166 22.3214
614 166 18.2648
629 166 22.3214
5 167 18.2648
6 167 18.2648
11 167 18.2648
20 167 18.2648
21 167 18.2648
25 167 18.2648
34 167 18.2648
35 167 18.2648
41 167 18.2648
59 167 18.2648
65 167 18.2648
66 167 18.2648
90 167 22.3214
91 167 22.3214
94 167 22.3214
96 167 22.3214
98 167 22.3214
100 167 22.3214
154 167 22.3214
159 167 22.3214
170 167 22.3214
182 167 22.3214
183 167 22.3214
206 167 28.6944
291 167 40.1606
297 167 22.3214
307 167 200
310 167 66.8896
313 167 40.1606
361 167 200
378 167 18.2648
403 167 200
414 167 200
613 167 18.2648
629 167 22.3214
6 168 18.2648
11 168 18.2648
20 168 18.2648
21 168 18.2648
25 168 18.2648
34 168 18.2648
35 168 18.2648
41 168 18.2648
59 168 18.2648
62 168 15.456
65 168 18.2648
66 168 18.2648
90 168 22.3214
91 168 22.3214
96 168 22.3214
100 168 22.3214
160 168 22.3214
181 168 22.3214
202 168 28.6944
206 168 28.6944
291 168 40.1606
310 168 66.8896
313 168 40.1606
361 168 200
364 168 10.5764
377 168 18.2648
398 168 200
402 168 200
403 168 200
414 168 200
519 168 40.1606
613 168 18.2648
629 168 22.3214
6 169 18.2648
11 169 18.2648
20 169 18.2648
21 169 18.2648
25 169 18.2648
34 169 18.2648
35 169 18.2648
41 169 18.2648
59 169 18.2648
65 169 22.3214
66 169 22.3214
75 169 22.3214
77 169 22.3214
86 169 22.3214
90 169 22.3214
91 169 22.3214
96 169 22.3214
99 169 22.3214
100 169 22.3214
112 169 22.3214
113 169 22.3214
177 169 28.6944
181 169 22.3214
202 169 28.6944
206 169 28.6944
291 169 40.1606
313 169 40.1606
337 169 18.2648
338 169 18.2648
348 169 22.3214
349 169 22.3214
352 169 18.2648
361 169 200
364 169 10.5764
398 169 200
402 169 200
414 169 200
519 169 40.1606
613 169 18.2648
629 169 22.3214
6 170 18.2648
11 170 18.2648
20 170 18.2648
21 170 18.2648
25 170 18.2648
34 170 18.2648
35 170 18.2648
41 170 18.2648
59 170 18.2648
60 170 18.2648
65 170 22.3214
66 170 22.3214
75 170 22.3214
77 170 22.3214
79 170 18.2648
86 170 22.3214
90 170 22.3214
96 170 22.3214
99 170 22.3214
100 170 22.3214
112 170 22.3214
113 170 22.3214
181 170 22.3214
182 170 22.3214
203 170 28.6944
204 170 28.6944
206 170 28.6944
264 170 40.1606
265 170 40.1606
282 170 40.1606
291 170 40.1606
310 170 66.8896
313 170 40.1606
324 170 66.8896
325 170 66.8896
337 170 66.8896
338 170 66.8896
348 170 22.3214
352 170 18.2648
361 170 200
364 170 10.5764
398 170 200
402 170 200
411 170 200
414 170 200
545 170 28.6944
629 170 22.3214
6 171 18.2648
11 171 18.2648
20 171 18.2648
21 171 18.2648
25 171 18.2648
34 171 18.2648
35 171 18.2648
41 171 18.2648
59 171 18.2648
60 171 18.2648
65 171 22.3214
66 171 22.3214
75 171 22.3214
77 171 22.3214
79 171 18.2648
86 171 22.3214
96 171 22.3214
99 171 22.3214
100 171 22.3214
112 171 22.3214
113 171 22.3214
180 171 22.3214
181 171 22.3214
182 171 22.3214
200 171 28.6944
201 171 28.6944
255 171 28.6944
282 171 40.1606
310 171 66.8896
325 171 66.8896
338 171 66.8896
348 171 22.3214
352 171 18.2648
361 171 200
364 171 10.5764
381 171 15.456
391 171 200
398 171 200
403 171 200
414 171 200
544 171 28.6944
560 171 28.6944
563 171 22.3214
612 171 18.2648
629 171 22.3214
5 172 18.2648
6 172 18.2648
10 172 18.2648
11 172 18.2648
20 172 18.2648
21 172 18.2648
25 172 18.2648
34 172 18.2648
35 172 18.2648
41 172 18.2648
59 172 18.2648
60 172 18.2648
65 172 22.3214
66 172 22.3214
75 172 22.3214
77 172 22.3214
79 172 22.3214
86 172 22.3214
96 172 22.3214
97 172 22.3214
99 172 22.3214
112 172 22.3214
113 172 22.3214
136 172 22.3214
137 172 22.3214
177 172 22.3214
178 172 22.3214
180 172 22.3214
181 172 22.3214
182 172 22.3214
200 172 28.6944
310 172 66.8896
325 172 66.8896
338 172 66.8896
348 172 22.3214
352 172 18.2648
361 172 200
364 172 10.5764
390 172 200
391 172 200
398 172 200
403 172 200
414 172 200
418 172 200
544 172 28.6944
560 172 22.3214
562 172 22.3214
563 172 22.3214
617 172 18.2648
629 172 22.3214
6 173 18.2648
11 173 18.2648
20 173 18.2648
21 173 18.2648
25 173 18.2648
34 173 18.2648
35 173 18.2648
41 173 18.2648
59 173 18.2648
60 173 18.2648
62 173 18.2648
65 173 22.3214
66 173 22.3214
75 173 22.3214
77 173 22.3214
79 173 22.3214
86 173 22.3214
96 173 22.3214
99 173 22.3214
112 173 22.3214
113 173 22.3214
136 173 22.3214
137 173 22.3214
171 173 22.3214
178 173 22.3214
200 173 28.6944
207 173 28.6944
325 173 66.8896
338 173 66.8896
354 173 18.2648
361 173 200
364 173 10.5764
391 173 200
398 173 200
403 173 200
414 173 200
418 173 200
422 173 200
543 173 28.6944
562 173 22.3214
629 173 22.3214
6 174 18.2648
11 174 18.2648
20 174 18.2648
21 174 18.2648
25 174 18.2648
34 174 18.2648
35 174 18.2648
59 174 18.2648
60 174 18.2648
65 174 22.3214
66 174 22.3214
75 174 22.3214
77 174 22.3214
79 174 22.3214
86 174 22.3214
112 174 22.3214
136 174 22.3214
137 174 22.3214
175 174 28.6944
230 174 40.1606
250 174 28.6944
251 174 28.6944
252 174 28.6944
255 174 22.3214
325 174 66.8896
338 174 66.8896
352 174 18.2648
354 174 18.2648
361 174 200
377 174 200
380 174 15.456
381 174 15.456
398 174 200
403 174 200
414 174 200
422 174 200
432 174 200
529 174 40.1606
542 174 28.6944
543 174 28.6944
562 174 22.3214
629 174 22.3214
6 175 18.2648
11 175 18.2648
20 175 18.2648
21 175 18.2648
25 175 18.2648
34 175 18.2648
35 175 18.2648
42 175 18.2648
59 175 18.2648
60 175 18.2648
65 175 22.3214
66 175 22.3214
75 175 22.3214
77 175 22.3214
79 175 22.3214
86 175 22.3214
112 175 22.3214
136 175 22.3214
137 175 22.3214
161 175 22.3214
169 175 22.3214
170 175 22.3214
172 175 28.6944
173 175 28.6944
230 175 40.1606
242 175 40.1606
247 175 40.1606
248 175 28.6944
250 175 28.6944
290 175 28.6944
325 175 66.8896
338 175 66.8896
348 175 22.3214
352 175 18.2648
361 175 200
378 175 200
380 175 15.456
381 175 15.456
385 175 40.1606
398 175 200
403 175 200
422 175 200
529 175 40.1606
541 175 28.6944
542 175 28.6944
629 175 22.3214
6 176 18.2648
11 176 18.2648
20 176 18.2648
21 176 18.2648
25 176 18.2648
34 176 18.2648
35 176 18.2648
42 176 18.2648
59 176 18.2648
60 176 18.2648
65 176 22.3214
66 176 22.3214
75 176 22.3214
77 176 22.3214
79 176 22.3214
86 176 22.3214
91 176 22.3214
112 176 22.3214
137 176 22.3214
160 176 22.3214
161 176 22.3214
167 176 22.3214
172 176 28.6944
173 176 28.6944
206 176 28.6944
230 176 40.1606
241 176 40.1606
242 176 40.1606
262 176 40.1606
290 176 28.6944
322 176 200
337 176 66.8896
338 176 66.8896
361 176 200
363 176 200
377 176 200
378 176 200
385 176 40.1606
398 176 200
403 176 200
541 176 28.6944
560 176 28.6944
563 176 22.3214
564 176 22.3214
616 176 22.3214
629 176 22.3214
6 177 18.2648
10 177 18.2648
11 177 18.2648
21 177 18.2648
25 177 18.2648
35 177 18.2648
42 177 18.2648
59 177 18.2648
65 177 22.3214
66 177 22.3214
75 177 22.3214
77 177 22.3214
79 177 22.3214
86 177 22.3214
112 177 22.3214
113 177 22.3214
137 177 22.3214
160 177 22.3214
173 177 28.6944
187 177 28.6944
190 177 28.6944
204 177 28.6944
206 177 28.6944
241 177 40.1606
242 177 40.1606
322 177 200
324 177 200
338 177 66.8896
361 177 200
377 177 200
378 177 200
385 177 66.8896
398 177 200
403 177 200
414 177 200
629 177 22.3214
6 178 18.2648
11 178 18.2648
21 178 18.2648
35 178 18.2648
42 178 18.2648
59 178 18.2648
66 178 22.3214
75 178 22.3214
79 178 22.3214
86 178 22.3214
112 178 22.3214
113 178 22.3214
137 178 22.3214
159 178 22.3214
168 178 28.6944
173 178 28.6944
187 178 28.6944
191 178 28.6944
192 178 28.6944
204 178 28.6944
206 178 28.6944
241 178 40.1606
242 178 40.1606
322 178 200
325 178 66.8896
338 178 66.8896
348 178 22.3214
352 178 200
355 178 66.8896
356 178 66.8896
384 178 200
398 178 200
403 178 200
414 178 200
529 178 40.1606
563 178 22.3214
629 178 22.3214
5 179 18.2648
6 179 18.2648
21 179 18.2648
35 179 18.2648
42 179 18.2648
59 179 18.2648
75 179 22.3214
76 179 22.3214
86 179 22.3214
113 179 22.3214
137 179 22.3214
159 179 22.3214
168 179 28.6944
173 179 28.6944
187 179 28.6944
191 179 28.6944
192 179 28.6944
204 179 28.6944
206 179 28.6944
338 179 66.8896
348 179 22.3214
352 179 200
355 179 66.8896
356 179 66.8896
384 179 200
387 179 66.8896
398 179 200
414 179 200
418 179 66.8896
563 179 22.3214
629 179 22.3214
5 180 18.2648
6 180 18.2648
21 180 18.2648
28 180 18.2648
35 180 18.2648
38 180 22.3214
41 180 18.2648
42 180 18.2648
59 180 18.2648
75 180 22.3214
76 180 22.3214
86 180 22.3214
113 180 22.3214
137 180 22.3214
159 180 22.3214
168 180 28.6944
173 180 28.6944
187 180 28.6944
192 180 28.6944
196 180 200
204 180 28.6944
206 180 28.6944
215 180 15.456
216 180 15.456
241 180 40.1606
270 180 28.6944
275 180 18.2648
338 180 66.8896
355 180 66.8896
356 180 66.8896
398 180 200
402 180 200
414 180 200
422 180 200
548 180 40.1606
563 180 22.3214
629 180 22.3214
5 181 18.2648
6 181 18.2648
21 181 18.2648
28 181 18.2648
41 181 18.2648
42 181 18.2648
59 181 18.2648
67 181 18.2648
75 181 22.3214
76 181 22.3214
86 181 22.3214
113 181 22.3214
137 181 22.3214
168 181 28.6944
173 181 28.6944
187 181 28.6944
192 181 28.6944
206 181 28.6944
220 181 40.1606
221 181 40.1606
270 181 28.6944
398 181 200
402 181 200
414 181 200
422 181 200
629 181 22.3214
6 182 18.2648
21 182 18.2648
28 182 18.2648
42 182 18.2648
50 182 18.2648
59 182 18.2648
67 182 18.2648
75 182 22.3214
76 182 22.3214
86 182 22.3214
112 182 22.3214
113 182 22.3214
166 182 28.6944
168 182 28.6944
192 182 28.6944
206 182 28.6944
220 182 40.1606
221 182 40.1606
241 182 40.1606
267 182 28.6944
270 182 28.6944
293 182 40.1606
294 182 40.1606
361 182 200
377 182 18.2648
378 182 18.2648
380 182 15.456
381 182 15.456
398 182 200
402 182 200
414 182 200
527 182 66.8896
542 182 28.6944
629 182 22.3214
21 183 18.2648
25 183 22.3214
28 183 18.2648
42 183 18.2648
50 183 18.2648
59 183 18.2648
75 183 22.3214
76 183 22.3214
86 183 22.3214
113 183 22.3214
136 183 28.6944
155 183 22.3214
158 183 22.3214
168 183 28.6944
192 183 28.6944
206 183 28.6944
241 183 40.1606
242 183 40.1606
247 183 22.3214
255 183 28.6944
256 183 28.6944
270 183 28.6944
294 183 40.1606
352 183 200
361 183 200
363 183 200
391 183 200
398 183 200
414 183 200
612 183 18.2648
629 183 22.3214
21 184 18.2648
25 184 22.3214
28 184 18.2648
29 184 18.2648
49 184 18.2648
50 184 18.2648
59 184 18.2648
67 184 18.2648
75 184 22.3214
76 184 22.3214
86 184 22.3214
113 184 22.3214
136 184 28.6944
155 184 22.3214
168 184 28.6944
192 184 28.6944
206 184 28.6944
236 184 40.1606
241 184 40.1606
242 184 40.1606
255 184 28.6944
256 184 28.6944
352 184 200
361 184 200
363 184 200
388 184 200
391 184 200
398 184 200
404 184 66.8896
405 184 40.1606
414 184 200
535 184 40.1606
629 184 22.3214
28 185 18.2648
29 185 18.2648
36 185 18.2648
49 185 18.2648
67 185 18.2648
75 185 22.3214
76 185 22.3214
86 185 22.3214
113 185 22.3214
155 185 22.3214
163 185 22.3214
168 185 28.6944
192 185 28.6944
206 185 28.6944
236 185 40.1606
242 185 40.1606
312 185 66.8896
361 185 200
363 185 200
377 185 18.2648
391 185 200
398 185 200
405 185 40.1606
414 185 200
542 185 28.6944
629 185 22.3214
28 186 18.2648
29 186 18.2648
36 186 18.2648
45 186 18.2648
46 186 18.2648
67 186 18.2648
75 186 22.3214
76 186 22.3214
86 186 22.3214
113 186 22.3214
136 186 28.6944
153 186 22.3214
155 186 22.3214
168 186 28.6944
192 186 28.6944
201 186 28.6944
236 186 40.1606
242 186 40.1606
260 186 28.6944
293 186 40.1606
352 186 200
361 186 200
363 186 200
398 186 200
418 186 200
422 186 200
474 186 200
478 186 66.8896
537 186 40.1606
541 186 28.6944
542 186 28.6944
611 186 18.2648
629 186 22.3214
25 187 18.2648
28 187 18.2648
29 187 18.2648
36 187 18.2648
45 187 18.2648
46 187 18.2648
63 187 18.2648
75 187 22.3214
76 187 22.3214
86 187 22.3214
113 187 22.3214
136 187 22.3214
153 187 22.3214
168 187 28.6944
192 187 28.6944
207 187 28.6944
236 187 40.1606
242 187 40.1606
260 187 28.6944
265 187 18.2648
266 187 18.2648
267 187 28.6944
352 187 200
361 187 200
363 187 200
380 187 15.456
381 187 15.456
398 187 200
457 187 200
474 187 200
537 187 40.1606
541 187 28.6944
542 187 28.6944
611 187 18.2648
629 187 22.3214
25 188 18.2648
28 188 18.2648
36 188 18.2648
45 188 18.2648
46 188 18.2648
63 188 18.2648
65 188 18.2648
76 188 22.3214
86 188 22.3214
113 188 22.3214
136 188 28.6944
155 188 22.3214
168 188 28.6944
236 188 40.1606
242 188 40.1606
260 188 28.6944
313 188 66.8896
316 188 40.1606
352 188 200
361 188 200
363 188 200
380 188 15.456
398 188 200
405 188 200
429 188 40.1606
430 188 40.1606
432 188 40.1606
463 188 40.1606
464 188 40.1606
466 188 28.6944
474 188 200
494 188 200
541 188 28.6944
542 188 28.6944
611 188 18.2648
36 189 18.2648
45 189 18.2648
75 189 22.3214
76 189 22.3214
78 189 22.3214
86 189 22.3214
113 189 22.3214
155 189 22.3214
168 189 28.6944
200 189 28.6944
236 189 40.1606
242 189 40.1606
255 189 66.8896
256 189 66.8896
260 189 28.6944
261 189 28.6944
269 189 28.6944
278 189 40.1606
313 189 66.8896
316 189 40.1606
352 189 200
361 189 200
363 189 200
378 189 15.456
380 189 15.456
385 189 40.1606
398 189 200
429 189 40.1606
430 189 40.1606
432 189 40.1606
463 189 40.1606
464 189 40.1606
466 189 28.6944
467 189 28.6944
471 189 22.3214
484 189 13.3958
485 189 13.3958
541 189 28.6944
542 189 28.6944
45 190 18.2648
75 190 22.3214
76 190 22.3214
86 190 22.3214
113 190 22.3214
136 190 28.6944
168 190 28.6944
211 190 28.6944
236 190 40.1606
255 190 66.8896
256 190 66.8896
313 190 66.8896
337 190 18.2648
338 190 18.2648
361 190 200
378 190 15.456
380 190 15.456
381 190 15.456
385 190 40.1606
398 190 200
402 190 200
403 190 200
430 190 40.1606
464 190 40.1606
466 190 28.6944
467 190 28.6944
471 190 22.3214
478 190 40.1606
542 190 28.6944
44 191 18.2648
45 191 18.2648
76 191 22.3214
86 191 22.3214
113 191 22.3214
156 191 22.3214
157 191 22.3214
159 191 22.3214
160 191 22.3214
161 191 22.3214
211 191 28.6944
236 191 40.1606
242 191 40.1606
260 191 28.6944
313 191 66.8896
338 191 40.1606
349 191 22.3214
361 191 200
363 191 66.8896
364 191 66.8896
378 191 200
380 191 15.456
381 191 15.456
385 191 40.1606
398 191 200
402 191 200
430 191 40.1606
475 191 40.1606
479 191 40.1606
528 191 40.1606
542 191 28.6944
44 192 18.2648
45 192 18.2648
64 192 18.2648
76 192 22.3214
78 192 22.3214
86 192 22.3214
113 192 22.3214
136 192 28.6944
137 192 28.6944
156 192 22.3214
160 192 22.3214
161 192 22.3214
170 192 28.6944
234 192 40.1606
236 192 40.1606
260 192 28.6944
303 192 200
307 192 200
311 192 66.8896
325 192 200
328 192 66.8896
332 192 66.8896
338 192 40.1606
349 192 22.3214
352 192 18.2648
358 192 13.3958
361 192 66.8896
363 192 66.8896
364 192 66.8896
378 192 200
380 192 15.456
381 192 15.456
385 192 40.1606
398 192 200
409 192 40.1606
412 192 28.6944
430 192 40.1606
472 192 200
479 192 40.1606
542 192 28.6944
611 192 18.2648
629 192 22.3214
44 193 18.2648
45 193 18.2648
64 193 18.2648
76 193 22.3214
78 193 22.3214
80 193 18.2648
86 193 22.3214
156 193 22.3214
160 193 22.3214
161 193 22.3214
169 193 28.6944
170 193 28.6944
172 193 28.6944
187 193 28.6944
207 193 28.6944
232 193 40.1606
234 193 40.1606
236 193 28.6944
260 193 28.6944
274 193 28.6944
303 193 200
311 193 66.8896
325 193 200
328 193 66.8896
335 193 66.8896
337 193 66.8896
338 193 66.8896
349 193 15.456
352 193 18.2648
358 193 13.3958
363 193 66.8896
398 193 200
403 193 200
406 193 200
409 193 40.1606
412 193 28.6944
413 193 28.6944
429 193 40.1606
430 193 40.1606
464 193 40.1606
468 193 200
472 193 200
479 193 40.1606
483 193 15.456
542 193 28.6944
611 193 18.2648
629 193 22.3214
44 194 18.2648
45 194 18.2648
64 194 22.3214
76 194 22.3214
78 194 22.3214
86 194 22.3214
161 194 22.3214
193 194 28.6944
206 194 28.6944
207 194 28.6944
234 194 40.1606
236 194 40.1606
256 194 66.8896
260 194 28.6944
261 194 28.6944
284 194 40.1606
311 194 66.8896
313 194 66.8896
325 194 200
326 194 200
329 194 66.8896
333 194 200
335 194 66.8896
337 194 66.8896
338 194 66.8896
349 194 15.456
358 194 13.3958
359 194 13.3958
363 194 66.8896
398 194 200
401 194 200
403 194 200
406 194 200
409 194 40.1606
412 194 28.6944
413 194 28.6944
430 194 40.1606
463 194 40.1606
464 194 40.1606
468 194 200
470 194 200
472 194 200
475 194 22.3214
479 194 40.1606
487 194 13.3958
488 194 13.3958
490 194 13.3958
520 194 40.1606
533 194 66.8896
542 194 28.6944
629 194 22.3214
64 195 18.2648
65 195 18.2648
76 195 22.3214
78 195 22.3214
86 195 22.3214
87 195 22.3214
113 195 22.3214
161 195 22.3214
207 195 28.6944
256 195 66.8896
261 195 28.6944
284 195 40.1606
311 195 66.8896
325 195 200
326 195 200
329 195 66.8896
330 195 66.8896
333 195 66.8896
335 195 66.8896
337 195 66.8896
338 195 40.1606
349 195 15.456
358 195 13.3958
359 195 13.3958
363 195 66.8896
366 195 40.1606
398 195 200
401 195 200
406 195 200
409 195 40.1606
412 195 28.6944
413 195 28.6944
430 195 40.1606
463 195 40.1606
464 195 40.1606
468 195 200
470 195 200
472 195 200
475 195 66.8896
479 195 40.1606
542 195 28.6944
610 195 18.2648
64 196 18.2648
65 196 18.2648
66 196 18.2648
69 196 40.1606
70 196 40.1606
76 196 22.3214
78 196 22.3214
86 196 22.3214
87 196 22.3214
113 196 22.3214
119 196 40.1606
124 196 22.3214
127 196 40.1606
130 196 40.1606
136 196 28.6944
137 196 28.6944
160 196 22.3214
186 196 28.6944
249 196 40.1606
254 196 66.8896
279 196 40.1606
284 196 40.1606
325 196 200
326 196 200
329 196 66.8896
333 196 66.8896
335 196 66.8896
337 196 40.1606
338 196 40.1606
349 196 15.456
358 196 13.3958
362 196 66.8896
363 196 66.8896
398 196 200
401 196 200
406 196 200
429 196 40.1606
430 196 40.1606
463 196 66.8896
464 196 66.8896
474 196 66.8896
480 196 40.1606
542 196 28.6944
610 196 18.2648
64 197 22.3214
76 197 22.3214
86 197 22.3214
87 197 22.3214
123 197 22.3214
124 197 22.3214
127 197 40.1606
128 197 40.1606
132 197 22.3214
154 197 22.3214
160 197 22.3214
193 197 28.6944
249 197 40.1606
254 197 22.3214
259 197 40.1606
284 197 40.1606
311 197 66.8896
325 197 200
326 197 200
328 197 66.8896
329 197 66.8896
333 197 66.8896
335 197 66.8896
337 197 40.1606
338 197 40.1606
347 197 15.456
349 197 15.456
357 197 13.3958
358 197 13.3958
398 197 200
401 197 200
406 197 200
409 197 66.8896
412 197 40.1606
415 197 28.6944
429 197 40.1606
430 197 40.1606
463 197 66.8896
464 197 66.8896
474 197 66.8896
475 197 66.8896
478 197 40.1606
480 197 40.1606
542 197 28.6944
543 197 28.6944
610 197 18.2648
59 198 18.2648
124 198 22.3214
153 198 22.3214
154 198 22.3214
159 198 22.3214
160 198 22.3214
193 198 28.6944
222 198 40.1606
223 198 40.1606
249 198 40.1606
284 198 40.1606
305 198 40.1606
325 198 200
326 198 200
328 198 66.8896
329 198 66.8896
332 198 66.8896
333 198 66.8896
335 198 66.8896
337 198 40.1606
338 198 40.1606
347 198 18.2648
349 198 18.2648
357 198 13.3958
358 198 13.3958
398 198 200
406 198 200
409 198 66.8896
410 198 40.1606
411 198 40.1606
412 198 40.1606
421 198 200
430 198 40.1606
463 198 66.8896
467 198 200
468 198 200
474 198 66.8896
475 198 66.8896
478 198 28.6944
491 198 15.456
521 198 66.8896
542 198 28.6944
543 198 28.6944
545 198 28.6944
610 198 18.2648
35 199 18.2648
90 199 22.3214
113 199 22.3214
114 199 22.3214
134 199 22.3214
136 199 22.3214
153 199 22.3214
154 199 22.3214
159 199 22.3214
160 199 22.3214
187 199 28.6944
188 199 28.6944
246 199 28.6944
249 199 40.1606
325 199 200
326 199 200
328 199 66.8896
329 199 66.8896
330 199 66.8896
332 199 66.8896
333 199 66.8896
335 199 66.8896
337 199 40.1606
338 199 40.1606
347 199 18.2648
349 199 18.2648
357 199 66.8896
358 199 66.8896
371 199 200
398 199 200
400 199 200
406 199 200
412 199 40.1606
413 199 40.1606
425 199 66.8896
430 199 40.1606
463 199 66.8896
467 199 200
468 199 200
474 199 66.8896
475 199 66.8896
478 199 40.1606
480 199 40.1606
482 199 28.6944
538 199 40.1606
542 199 28.6944
545 199 28.6944
610 199 18.2648
92 200 22.3214
134 200 22.3214
153 200 22.3214
154 200 22.3214
159 200 22.3214
160 200 22.3214
183 200 22.3214
186 200 28.6944
187 200 28.6944
188 200 28.6944
249 200 40.1606
263 200 40.1606
295 200 40.1606
296 200 40.1606
310 200 66.8896
325 200 200
329 200 66.8896
333 200 66.8896
338 200 40.1606
347 200 18.2648
356 200 66.8896
357 200 66.8896
371 200 200
373 200 200
398 200 200
400 200 200
404 200 200
406 200 200
407 200 66.8896
409 200 66.8896
412 200 40.1606
413 200 40.1606
430 200 40.1606
480 200 40.1606
482 200 200
529 200 40.1606
538 200 40.1606
542 200 28.6944
610 200 18.2648
95 201 22.3214
153 201 22.3214
159 201 22.3214
182 201 22.3214
183 201 22.3214
189 201 28.6944
244 201 28.6944
263 201 40.1606
295 201 40.1606
347 201 200
356 201 66.8896
357 201 66.8896
364 201 66.8896
371 201 200
377 201 40.1606
384 201 200
388 201 200
395 201 200
398 201 200
404 201 200
406 201 200
407 201 66.8896
408 201 66.8896
409 201 66.8896
412 201 40.1606
430 201 40.1606
438 201 9.56938
520 201 40.1606
538 201 40.1606
542 201 28.6944
610 201 18.2648
629 201 22.3214
57 202 18.2648
58 202 18.2648
111 202 22.3214
159 202 22.3214
182 202 22.3214
190 202 28.6944
244 202 28.6944
266 202 28.6944
347 202 200
356 202 66.8896
357 202 66.8896
364 202 66.8896
370 202 200
371 202 200
373 202 200
377 202 40.1606
378 202 40.1606
386 202 22.3214
388 202 200
395 202 200
398 202 200
415 202 28.6944
430 202 40.1606
520 202 40.1606
525 202 66.8896
538 202 40.1606
542 202 28.6944
610 202 18.2648
57 203 18.2648
58 203 18.2648
94 203 22.3214
95 203 22.3214
111 203 22.3214
112 203 22.3214
140 203 28.6944
152 203 22.3214
159 203 22.3214
212 203 28.6944
213 203 28.6944
214 203 28.6944
244 203 28.6944
246 203 28.6944
253 203 15.456
256 203 28.6944
258 203 28.6944
266 203 28.6944
308 203 40.1606
347 203 200
350 203 66.8896
356 203 66.8896
357 203 66.8896
363 203 66.8896
364 203 66.8896
370 203 200
371 203 200
373 203 200
386 203 40.1606
398 203 200
430 203 40.1606
520 203 40.1606
525 203 66.8896
543 203 28.6944
610 203 18.2648
58 204 18.2648
93 204 22.3214
94 204 22.3214
95 204 22.3214
112 204 22.3214
139 204 28.6944
140 204 28.6944
152 204 22.3214
159 204 22.3214
160 204 22.3214
189 204 22.3214
203 204 28.6944
210 204 28.6944
212 204 28.6944
213 204 28.6944
244 204 28.6944
256 204 28.6944
350 204 66.8896
356 204 66.8896
357 204 66.8896
363 204 40.1606
398 204 200
400 204 200
430 204 40.1606
463 204 66.8896
496 204 66.8896
497 204 66.8896
520 204 40.1606
543 204 28.6944
610 204 18.2648
140 205 28.6944
152 205 22.3214
159 205 22.3214
160 205 22.3214
189 205 22.3214
203 205 28.6944
212 205 28.6944
244 205 28.6944
267 205 40.1606
356 205 200
357 205 200
363 205 40.1606
377 205 200
384 205 40.1606
400 205 200
415 205 200
430 205 40.1606
520 205 40.1606
525 205 66.8896
543 205 28.6944
610 205 18.2648
629 205 22.3214
152 206 22.3214
159 206 22.3214
160 206 22.3214
189 206 22.3214
190 206 22.3214
203 206 28.6944
208 206 15.456
211 206 28.6944
219 206 28.6944
244 206 28.6944
311 206 40.1606
356 206 200
357 206 200
363 206 40.1606
383 206 40.1606
384 206 40.1606
387 206 10.5764
394 206 200
395 206 200
443 206 40.1606
520 206 40.1606
525 206 66.8896
531 206 28.6944
543 206 28.6944
629 206 22.3214
20 207 18.2648
21 207 18.2648
22 207 18.2648
23 207 18.2648
53 207 15.456
152 207 22.3214
159 207 22.3214
160 207 22.3214
189 207 28.6944
190 207 22.3214
202 207 28.6944
203 207 28.6944
209 207 28.6944
211 207 28.6944
212 207 28.6944
219 207 28.6944
244 207 28.6944
265 207 40.1606
273 207 18.2648
292 207 66.8896
312 207 40.1606
352 207 200
356 207 200
357 207 200
363 207 40.1606
384 207 40.1606
417 207 200
441 207 40.1606
508 207 40.1606
525 207 66.8896
527 207 66.8896
543 207 28.6944
629 207 22.3214
20 208 18.2648
21 208 18.2648
22 208 18.2648
23 208 18.2648
24 208 18.2648
53 208 15.456
58 208 15.456
64 208 15.456
67 208 15.456
152 208 22.3214
159 208 22.3214
160 208 22.3214
187 208 22.3214
189 208 28.6944
190 208 28.6944
202 208 28.6944
203 208 28.6944
211 208 28.6944
212 208 28.6944
217 208 28.6944
223 208 28.6944
224 208 28.6944
237 208 28.6944
244 208 28.6944
265 208 40.1606
266 208 40.1606
292 208 66.8896
306 208 40.1606
307 208 40.1606
311 208 40.1606
348 208 200
352 208 200
356 208 200
357 208 200
360 208 66.8896
363 208 40.1606
370 208 22.3214
371 208 22.3214
373 208 18.2648
374 208 18.2648
380 208 66.8896
413 208 200
416 208 200
417 208 200
440 208 40.1606
441 208 40.1606
505 208 66.8896
507 208 40.1606
525 208 66.8896
540 208 40.1606
543 208 28.6944
53 209 15.456
59 209 15.456
69 209 15.456
76 209 15.456
152 209 22.3214
159 209 22.3214
189 209 28.6944
190 209 28.6944
202 209 28.6944
203 209 28.6944
212 209 28.6944
224 209 28.6944
244 209 28.6944
263 209 40.1606
264 209 40.1606
265 209 40.1606
294 209 40.1606
348 209 200
352 209 200
356 209 200
357 209 200
360 209 66.8896
371 209 22.3214
373 209 18.2648
374 209 18.2648
384 209 40.1606
440 209 40.1606
461 209 200
483 209 200
485 209 200
505 209 66.8896
508 209 40.1606
509 209 40.1606
525 209 66.8896
531 209 28.6944
543 209 28.6944
50 210 15.456
59 210 15.456
77 210 15.456
78 210 15.456
79 210 15.456
152 210 22.3214
158 210 22.3214
159 210 22.3214
190 210 28.6944
203 210 28.6944
244 210 28.6944
263 210 40.1606
294 210 40.1606
297 210 28.6944
329 210 18.2648
348 210 200
352 210 200
356 210 200
357 210 200
360 210 66.8896
412 210 200
429 210 40.1606
505 210 66.8896
508 210 40.1606
525 210 66.8896
539 210 40.1606
543 210 28.6944
35 211 15.456
44 211 15.456
63 211 15.456
64 211 15.456
67 211 15.456
77 211 15.456
78 211 15.456
79 211 15.456
151 211 22.3214
152 211 22.3214
158 211 22.3214
159 211 22.3214
190 211 28.6944
203 211 28.6944
205 211 28.6944
244 211 28.6944
294 211 40.1606
311 211 200
321 211 28.6944
348 211 200
352 211 200
353 211 200
356 211 200
357 211 200
360 211 66.8896
384 211 40.1606
412 211 200
430 211 40.1606
464 211 66.8896
494 211 66.8896
505 211 66.8896
508 211 40.1606
525 211 66.8896
529 211 40.1606
531 211 40.1606
539 211 40.1606
543 211 28.6944
629 211 22.3214
44 212 15.456
53 212 15.456
66 212 15.456
77 212 15.456
79 212 15.456
151 212 22.3214
152 212 22.3214
158 212 22.3214
159 212 22.3214
190 212 28.6944
203 212 28.6944
205 212 28.6944
209 212 200
220 212 28.6944
222 212 28.6944
223 212 28.6944
224 212 28.6944
239 212 28.6944
244 212 28.6944
261 212 40.1606
262 212 40.1606
293 212 40.1606
311 212 200
312 212 200
314 212 200
317 212 40.1606
320 212 28.6944
321 212 28.6944
327 212 18.2648
339 212 10.5764
348 212 200
356 212 200
357 212 200
360 212 66.8896
370 212 22.3214
376 212 200
394 212 200
409 212 200
430 212 40.1606
461 212 200
464 212 66.8896
465 212 66.8896
467 212 28.6944
484 212 66.8896
505 212 66.8896
508 212 40.1606
525 212 66.8896
529 212 40.1606
543 212 28.6944
629 212 22.3214
28 213 13.3958
30 213 13.3958
53 213 15.456
77 213 15.456
151 213 22.3214
158 213 22.3214
159 213 22.3214
187 213 18.2648
190 213 28.6944
203 213 28.6944
223 213 28.6944
224 213 28.6944
239 213 28.6944
244 213 28.6944
247 213 28.6944
262 213 40.1606
312 213 200
317 213 40.1606
318 213 40.1606
356 213 200
360 213 66.8896
363 213 6.09013
367 213 40.1606
376 213 200
408 213 200
409 213 200
426 213 66.8896
429 213 40.1606
464 213 66.8896
467 213 28.6944
484 213 66.8896
505 213 66.8896
525 213 66.8896
529 213 40.1606
539 213 40.1606
543 213 28.6944
28 214 13.3958
29 214 13.3958
31 214 13.3958
66 214 15.456
81 214 15.456
151 214 22.3214
158 214 22.3214
159 214 22.3214
184 214 22.3214
190 214 28.6944
203 214 28.6944
223 214 28.6944
244 214 28.6944
247 214 28.6944
252 214 40.1606
281 214 40.1606
318 214 40.1606
342 214 9.56938
374 214 66.8896
379 214 200
385 214 40.1606
390 214 28.6944
397 214 66.8896
404 214 200
426 214 66.8896
429 214 40.1606
430 214 40.1606
463 214 66.8896
464 214 66.8896
467 214 28.6944
483 214 200
484 214 200
487 214 66.8896
491 214 66.8896
493 214 66.8896
494 214 66.8896
495 214 66.8896
501 214 200
505 214 66.8896
509 214 40.1606
525 214 66.8896
529 214 40.1606
539 214 40.1606
543 214 28.6944
31 215 13.3958
46 215 15.456
47 215 15.456
49 215 15.456
65 215 15.456
66 215 15.456
67 215 15.456
68 215 15.456
69 215 15.456
81 215 15.456
82 215 15.456
151 215 22.3214
158 215 22.3214
159 215 22.3214
183 215 22.3214
190 215 28.6944
203 215 28.6944
244 215 28.6944
263 215 40.1606
318 215 40.1606
342 215 9.56938
367 215 40.1606
375 215 40.1606
403 215 200
404 215 200
430 215 40.1606
446 215 5.15331
467 215 28.6944
483 215 200
487 215 66.8896
493 215 66.8896
499 215 200
508 215 40.1606
509 215 40.1606
539 215 40.1606
543 215 28.6944
26 216 13.3958
46 216 15.456
54 216 15.456
65 216 15.456
67 216 15.456
70 216 15.456
81 216 15.456
82 216 15.456
98 216 22.3214
150 216 22.3214
151 216 22.3214
158 216 22.3214
159 216 22.3214
182 216 22.3214
203 216 28.6944
244 216 28.6944
245 216 28.6944
247 216 28.6944
263 216 40.1606
318 216 40.1606
353 216 66.8896
362 216 200
365 216 66.8896
367 216 66.8896
375 216 40.1606
382 216 66.8896
385 216 40.1606
430 216 40.1606
463 216 66.8896
472 216 200
483 216 200
487 216 66.8896
499 216 200
509 216 40.1606
525 216 66.8896
529 216 40.1606
539 216 40.1606
543 216 28.6944
26 217 13.3958
46 217 15.456
54 217 15.456
71 217 15.456
81 217 15.456
82 217 15.456
98 217 22.3214
150 217 22.3214
151 217 22.3214
158 217 22.3214
159 217 22.3214
203 217 28.6944
223 217 28.6944
244 217 28.6944
245 217 28.6944
263 217 40.1606
270 217 18.2648
281 217 40.1606
318 217 40.1606
353 217 66.8896
357 217 200
361 217 200
362 217 200
374 217 40.1606
375 217 40.1606
385 217 40.1606
389 217 200
391 217 200
395 217 66.8896
430 217 40.1606
472 217 200
474 217 200
483 217 200
487 217 66.8896
489 217 66.8896
492 217 66.8896
509 217 40.1606
525 217 66.8896
529 217 40.1606
539 217 40.1606
543 217 28.6944
26 218 13.3958
46 218 15.456
64 218 15.456
75 218 15.456
81 218 15.456
82 218 15.456
150 218 22.3214
151 218 22.3214
158 218 22.3214
159 218 22.3214
169 218 22.3214
188 218 28.6944
203 218 28.6944
223 218 28.6944
224 218 28.6944
244 218 28.6944
245 218 28.6944
263 218 40.1606
264 218 40.1606
281 218 40.1606
286 218 22.3214
318 218 40.1606
327 218 18.2648
367 218 200
372 218 40.1606
385 218 40.1606
395 218 66.8896
483 218 200
487 218 66.8896
509 218 40.1606
525 218 66.8896
529 218 40.1606
539 218 40.1606
543 218 28.6944
26 219 13.3958
28 219 13.3958
74 219 15.456
75 219 15.456
77 219 22.3214
78 219 22.3214
82 219 15.456
84 219 15.456
151 219 22.3214
158 219 22.3214
159 219 22.3214
169 219 22.3214
188 219 28.6944
203 219 28.6944
223 219 28.6944
224 219 28.6944
244 219 28.6944
245 219 28.6944
263 219 40.1606
264 219 40.1606
281 219 40.1606
318 219 40.1606
321 219 28.6944
327 219 18.2648
348 219 200
353 219 66.8896
367 219 200
372 219 40.1606
373 219 40.1606
453 219 40.1606
487 219 66.8896
509 219 40.1606
529 219 40.1606
539 219 40.1606
543 219 28.6944
12 220 13.3958
13 220 13.3958
28 220 13.3958
47 220 15.456
84 220 15.456
89 220 15.456
151 220 22.3214
158 220 22.3214
159 220 22.3214
174 220 22.3214
188 220 28.6944
199 220 28.6944
203 220 28.6944
204 220 28.6944
244 220 28.6944
245 220 28.6944
263 220 40.1606
264 220 40.1606
318 220 40.1606
327 220 18.2648
353 220 66.8896
367 220 200
373 220 40.1606
429 220 40.1606
487 220 66.8896
495 220 66.8896
509 220 40.1606
523 220 40.1606
539 220 40.1606
543 220 28.6944
544 220 28.6944
28 221 13.3958
35 221 13.3958
47 221 15.456
83 221 15.456
89 221 15.456
90 221 15.456
151 221 22.3214
159 221 22.3214
170 221 22.3214
187 221 28.6944
188 221 28.6944
191 221 18.2648
199 221 28.6944
245 221 28.6944
264 221 40.1606
270 221 40.1606
283 221 40.1606
286 221 28.6944
308 221 40.1606
318 221 40.1606
353 221 66.8896
373 221 40.1606
382 221 200
385 221 200
387 221 200
393 221 28.6944
485 221 66.8896
487 221 66.8896
489 221 66.8896
505 221 40.1606
509 221 40.1606
523 221 40.1606
539 221 40.1606
543 221 28.6944
544 221 28.6944
28 222 13.3958
34 222 13.3958
69 222 15.456
89 222 15.456
90 222 15.456
151 222 22.3214
159 222 22.3214
170 222 22.3214
187 222 28.6944
188 222 28.6944
245 222 28.6944
256 222 28.6944
270 222 40.1606
280 222 66.8896
283 222 40.1606
286 222 28.6944
318 222 40.1606
319 222 40.1606
373 222 40.1606
382 222 200
385 222 200
387 222 200
393 222 66.8896
476 222 66.8896
489 222 66.8896
506 222 40.1606
507 222 40.1606
509 222 40.1606
533 222 66.8896
539 222 40.1606
543 222 28.6944
544 222 28.6944
629 222 22.3214
22 223 13.3958
24 223 13.3958
28 223 13.3958
56 223 15.456
59 223 15.456
61 223 15.456
62 223 15.456
68 223 15.456
69 223 15.456
92 223 15.456
151 223 22.3214
159 223 22.3214
170 223 22.3214
187 223 28.6944
188 223 28.6944
230 223 28.6944
245 223 28.6944
247 223 28.6944
256 223 28.6944
268 223 40.1606
269 223 40.1606
283 223 40.1606
286 223 28.6944
317 223 40.1606
318 223 40.1606
373 223 40.1606
382 223 200
393 223 66.8896
395 223 28.6944
397 223 66.8896
460 223 66.8896
489 223 66.8896
509 223 40.1606
522 223 66.8896
539 223 40.1606
543 223 28.6944
544 223 28.6944
629 223 22.3214
56 224 15.456
61 224 15.456
62 224 15.456
92 224 15.456
93 224 15.456
151 224 22.3214
159 224 22.3214
187 224 28.6944
188 224 28.6944
191 224 18.2648
218 224 28.6944
230 224 28.6944
245 224 28.6944
247 224 28.6944
256 224 28.6944
262 224 66.8896
263 224 66.8896
268 224 40.1606
313 224 200
318 224 40.1606
319 224 40.1606
366 224 200
369 224 66.8896
373 224 40.1606
382 224 200
387 224 200
391 224 200
395 224 28.6944
423 224 200
427 224 66.8896
429 224 66.8896
463 224 40.1606
464 224 40.1606
466 224 28.6944
509 224 40.1606
539 224 40.1606
543 224 28.6944
544 224 28.6944
629 224 22.3214
62 225 15.456
73 225 15.456
88 225 15.456
89 225 15.456
151 225 22.3214
152 225 22.3214
159 225 22.3214
160 225 22.3214
178 225 22.3214
187 225 28.6944
188 225 28.6944
217 225 28.6944
218 225 28.6944
256 225 28.6944
268 225 40.1606
313 225 200
318 225 40.1606
319 225 40.1606
366 225 200
369 225 66.8896
373 225 40.1606
382 225 200
384 225 200
391 225 200
395 225 66.8896
397 225 66.8896
421 225 200
427 225 66.8896
429 225 66.8896
430 225 66.8896
431 225 66.8896
434 225 40.1606
436 225 28.6944
437 225 28.6944
438 225 28.6944
454 225 200
455 225 200
456 225 200
458 225 66.8896
463 225 40.1606
464 225 40.1606
466 225 28.6944
467 225 28.6944
504 225 66.8896
509 225 40.1606
539 225 40.1606
543 225 28.6944
544 225 28.6944
629 225 22.3214
16 226 13.3958
34 226 13.3958
35 226 13.3958
38 226 15.456
39 226 15.456
62 226 15.456
89 226 15.456
90 226 15.456
91 226 15.456
152 226 22.3214
160 226 22.3214
178 226 22.3214
187 226 28.6944
188 226 28.6944
217 226 28.6944
262 226 66.8896
266 226 40.1606
267 226 40.1606
310 226 40.1606
313 226 200
327 226 18.2648
373 226 40.1606
382 226 200
386 226 200
391 226 200
395 226 66.8896
397 226 66.8896
420 226 200
429 226 66.8896
430 226 66.8896
433 226 40.1606
434 226 40.1606
437 226 28.6944
438 226 28.6944
454 226 200
455 226 200
456 226 66.8896
458 226 66.8896
459 226 66.8896
460 226 66.8896
464 226 40.1606
466 226 28.6944
467 226 28.6944
468 226 28.6944
469 226 18.2648
470 226 15.456
471 226 15.456
472 226 15.456
473 226 15.456
509 226 40.1606
519 226 40.1606
539 226 40.1606
544 226 28.6944
629 226 22.3214
49 227 15.456
53 227 15.456
62 227 15.456
82 227 15.456
90 227 15.456
91 227 15.456
152 227 22.3214
153 227 22.3214
160 227 22.3214
168 227 22.3214
177 227 22.3214
183 227 15.456
188 227 28.6944
265 227 40.1606
266 227 40.1606
269 227 40.1606
310 227 40.1606
313 227 28.6944
386 227 200
391 227 200
394 227 66.8896
395 227 66.8896
401 227 9.56938
419 227 66.8896
430 227 66.8896
433 227 40.1606
434 227 40.1606
437 227 28.6944
438 227 28.6944
455 227 200
456 227 66.8896
459 227 66.8896
462 227 40.1606
463 227 40.1606
469 227 18.2648
471 227 15.456
477 227 6.93001
504 227 66.8896
509 227 40.1606
544 227 28.6944
629 227 22.3214
28 228 13.3958
49 228 15.456
53 228 15.456
82 228 15.456
91 228 15.456
97 228 15.456
152 228 22.3214
153 228 22.3214
160 228 22.3214
168 228 22.3214
172 228 40.1606
177 228 22.3214
188 228 28.6944
255 228 28.6944
337 228 200
391 228 200
394 228 66.8896
395 228 66.8896
418 228 66.8896
438 228 28.6944
445 228 6.09013
456 228 66.8896
459 228 66.8896
487 228 6.09013
509 228 40.1606
539 228 40.1606
540 228 40.1606
544 228 28.6944
629 228 22.3214
22 229 13.3958
28 229 13.3958
68 229 15.456
86 229 15.456
97 229 15.456
153 229 22.3214
160 229 22.3214
161 229 22.3214
177 229 28.6944
188 229 28.6944
189 229 28.6944
218 229 40.1606
225 229 40.1606
256 229 28.6944
387 229 200
391 229 200
393 229 66.8896
394 229 66.8896
417 229 66.8896
509 229 40.1606
528 229 40.1606
531 229 28.6944
539 229 40.1606
544 229 28.6944
22 230 13.3958
28 230 13.3958
34 230 15.456
68 230 15.456
85 230 15.456
86 230 15.456
98 230 15.456
99 230 15.456
152 230 22.3214
153 230 22.3214
161 230 22.3214
176 230 28.6944
177 230 28.6944
214 230 28.6944
215 230 28.6944
223 230 40.1606
225 230 40.1606
256 230 28.6944
327 230 40.1606
334 230 22.3214
382 230 200
383 230 200
428 230 40.1606
430 230 66.8896
432 230 66.8896
437 230 40.1606
462 230 40.1606
531 230 28.6944
544 230 28.6944
28 231 13.3958
34 231 13.3958
35 231 13.3958
43 231 15.456
85 231 15.456
98 231 15.456
99 231 15.456
153 231 22.3214
176 231 28.6944
177 231 28.6944
213 231 28.6944
214 231 28.6944
256 231 28.6944
359 231 66.8896
363 231 40.1606
382 231 200
383 231 200
389 231 200
390 231 40.1606
430 231 66.8896
461 231 40.1606
462 231 40.1606
464 231 28.6944
531 231 28.6944
544 231 28.6944
629 231 22.3214
84 232 15.456
99 232 15.456
153 232 22.3214
154 232 22.3214
169 232 28.6944
176 232 28.6944
177 232 28.6944
180 232 18.2648
183 232 28.6944
256 232 28.6944
258 232 28.6944
259 232 28.6944
362 232 40.1606
363 232 40.1606
431 232 66.8896
435 232 40.1606
446 232 200
447 232 200
448 232 40.1606
453 232 200
454 232 66.8896
456 232 66.8896
457 232 66.8896
461 232 40.1606
464 232 28.6944
524 232 66.8896
531 232 28.6944
540 232 40.1606
544 232 28.6944
629 232 22.3214
12 233 13.3958
13 233 13.3958
28 233 13.3958
33 233 13.3958
36 233 13.3958
83 233 15.456
84 233 15.456
100 233 15.456
154 233 22.3214
176 233 28.6944
177 233 28.6944
255 233 28.6944
256 233 28.6944
258 233 28.6944
259 233 28.6944
362 233 40.1606
386 233 10.5764
431 233 66.8896
435 233 40.1606
437 233 22.3214
438 233 22.3214
447 233 200
450 233 40.1606
456 233 66.8896
457 233 66.8896
461 233 40.1606
464 233 22.3214
544 233 28.6944
629 233 22.3214
28 234 13.3958
33 234 13.3958
42 234 15.456
43 234 15.456
70 234 13.3958
71 234 13.3958
84 234 15.456
186 234 22.3214
207 234 40.1606
233 234 28.6944
256 234 28.6944
259 234 28.6944
431 234 40.1606
435 234 40.1606
437 234 22.3214
438 234 22.3214
456 234 66.8896
457 234 66.8896
461 234 40.1606
464 234 22.3214
544 234 28.6944
629 234 22.3214
22 235 13.3958
28 235 13.3958
33 235 13.3958
34 235 13.3958
43 235 15.456
70 235 13.3958
84 235 15.456
87 235 15.456
98 235 18.2648
108 235 18.2648
232 235 28.6944
233 235 28.6944
256 235 28.6944
259 235 28.6944
430 235 40.1606
431 235 40.1606
437 235 22.3214
461 235 40.1606
544 235 28.6944
629 235 22.3214
22 236 13.3958
28 236 13.3958
33 236 13.3958
36 236 15.456
87 236 15.456
88 236 15.456
97 236 18.2648
256 236 28.6944
259 236 28.6944
430 236 40.1606
431 236 40.1606
461 236 40.1606
464 236 28.6944
541 236 28.6944
544 236 28.6944
587 236 28.6944
629 236 22.3214
28 237 13.3958
33 237 13.3958
41 237 15.456
48 237 13.3958
89 237 15.456
136 237 18.2648
198 237 22.3214
256 237 28.6944
259 237 22.3214
453 237 200
461 237 40.1606
541 237 28.6944
544 237 28.6944
629 237 22.3214
28 238 13.3958
33 238 13.3958
256 238 28.6944
259 238 22.3214
454 238 40.1606
456 238 28.6944
457 238 28.6944
629 238 22.3214
28 239 13.3958
34 239 13.3958
118 239 18.2648
256 239 28.6944
259 239 28.6944
610 239 18.2648
629 239 22.3214
28 240 13.3958
82 240 15.456
83 240 15.456
147 240 18.2648
171 240 22.3214
172 240 22.3214
256 240 28.6944
262 240 18.2648
263 240 18.2648
610 240 18.2648
629 240 22.3214
28 241 13.3958
33 241 13.3958
55 241 15.456
83 241 15.456
89 241 15.456
90 241 15.456
139 241 18.2648
154 241 18.2648
256 241 28.6944
257 241 28.6944
610 241 18.2648
629 241 22.3214
28 242 13.3958
55 242 15.456
58 242 15.456
89 242 15.456
137 242 18.2648
485 242 28.6944
610 242 18.2648
629 242 22.3214
7 243 13.3958
28 243 13.3958
31 243 13.3958
137 243 18.2648
147 243 18.2648
486 243 28.6944
610 243 18.2648
629 243 22.3214
9 244 13.3958
27 244 13.3958
28 244 13.3958
31 244 13.3958
96 244 15.456
456 244 40.1606
487 244 28.6944
610 244 18.2648
629 244 22.3214
27 245 13.3958
28 245 13.3958
31 245 13.3958
44 245 13.3958
456 245 40.1606
629 245 22.3214
8 246 15.456
13 246 66.8896
27 246 13.3958
31 246 13.3958
54 246 13.3958
104 246 15.456
610 246 18.2648
629 246 22.3214
4 247 15.456
7 247 15.456
8 247 15.456
27 247 13.3958
31 247 13.3958
53 247 13.3958
54 247 13.3958
55 247 13.3958
86 247 15.456
96 247 15.456
110 247 18.2648
354 247 28.6944
355 247 28.6944
610 247 18.2648
629 247 22.3214
3 248 15.456
7 248 15.456
8 248 15.456
27 248 13.3958
31 248 13.3958
46 248 15.456
53 248 13.3958
54 248 13.3958
86 248 15.456
87 248 15.456
90 248 15.456
96 248 15.456
111 248 18.2648
610 248 18.2648
613 248 15.456
27 249 13.3958
31 249 13.3958
54 249 13.3958
86 249 15.456
87 249 15.456
494 249 22.3214
27 250 13.3958
31 250 13.3958
54 250 13.3958
343 250 28.6944
495 250 22.3214
4 251 15.456
5 251 22.3214
7 251 22.3214
8 251 22.3214
15 251 40.1606
27 251 13.3958
31 251 13.3958
54 251 13.3958
61 251 15.456
75 251 15.456
76 251 15.456
343 251 28.6944
5 252 22.3214
6 252 22.3214
7 252 22.3214
27 252 13.3958
31 252 13.3958
53 252 13.3958
54 252 13.3958
127 252 18.2648
128 252 18.2648
497 252 22.3214
4 253 22.3214
27 253 13.3958
31 253 13.3958
33 253 13.3958
41 253 13.3958
53 253 13.3958
54 253 13.3958
55 253 13.3958
27 254 13.3958
31 254 13.3958
54 254 13.3958
330 254 22.3214
27 255 13.3958
31 255 13.3958
252 255 22.3214
253 255 22.3214
27 256 13.3958
31 256 13.3958
27 257 13.3958
31 257 13.3958
27 258 13.3958
31 258 13.3958
27 259 13.3958
31 259 13.3958
316 259 18.2648
317 259 18.2648
27 260 13.3958
31 260 13.3958
27 261 13.3958
31 261 13.3958
45 261 13.3958
27 262 13.3958
31 262 13.3958
45 262 13.3958
27 263 13.3958
31 263 13.3958
45 263 13.3958
27 264 13.3958
31 264 13.3958
46 264 13.3958
82 264 15.456
83 264 15.456
84 264 15.456
85 264 15.456
86 264 15.456
27 265 13.3958
31 265 13.3958
82 265 15.456
83 265 15.456
84 265 15.456
85 265 15.456
86 265 15.456
87 265 15.456
94 265 15.456
299 265 18.2648
300 265 18.2648
513 265 15.456
27 266 13.3958
31 266 13.3958
82 266 15.456
93 266 15.456
94 266 15.456
95 266 15.456
514 266 15.456
27 267 13.3958
31 267 13.3958
76 267 13.3958
77 267 13.3958
190 267 15.456
515 267 15.456
27 268 13.3958
31 268 13.3958
76 268 13.3958
77 268 13.3958
78 268 13.3958
82 268 10.5764
84 268 10.5764
27 269 13.3958
31 269 13.3958
296 269 15.456
27 270 13.3958
31 270 13.3958
27 271 13.3958
31 271 13.3958
27 272 13.3958
31 272 13.3958
280 272 15.456
281 272 15.456
27 273 13.3958
31 273 13.3958
282 273 15.456
522 273 13.3958
27 274 13.3958
31 274 13.3958
27 275 13.3958
28 275 13.3958
525 276 13.3958
155 279 13.3958
255 283 11.8203
256 283 11.8203
257 283 11.8203
130 285 11.8203
129 286 11.8203
113 290 11.8203
114 290 11.8203
113 291 11.8203
78 296 10.5764
79 296 10.5764
81 296 10.5764
82 296 10.5764
223 296 10.5764
78 297 10.5764
79 297 10.5764
223 297 10.5764
224 297 10.5764
80 298 10.5764
224 298 10.5764
32 301 9.56938
47 301 9.56938
48 301 9.56938
475 302 9.56938
54 305 9.56938
212 306 9.56938
213 307 9.56938
36 308 8.73744
37 308 8.73744
35 309 8.73744
480 311 8.73744
3 312 8.73744
480 312 8.73744
31 313 8.73744
25 314 8.73744
26 314 8.73744
12 315 8.73744
26 315 8.73744
9 316 8.73744
12 316 8.73744
175 318 8.03858
176 318 8.03858
175 319 8.03858
176 319 8.03858
181 319 8.03858
182 319 8.03858
185 319 8.03858
186 319 8.03858
187 319 8.03858
124 321 8.03858
7 322 8.03858
123 322 8.03858
110 325 8.03858
111 325 8.03858
582 325 8.03858
107 326 7.44324
109 326 7.44324
107 327 7.44324
108 327 7.44324
107 328 7.44324
146 333 6.93001
149 333 6.93001
158 333 6.93001
158 334 6.93001
136 336 6.93001
228 337 6.93001
610 340 6.93001
609 341 6.93001
610 341 6.93001
612 343 6.93001
615 343 6.48298
618 347 6.48298
51 348 6.48298
46 350 6.48298
46 351 6.48298
98 353 6.09013
99 353 6.09013
98 354 6.09013
99 354 6.09013
100 354 6.09013
101 354 6.09013
105 354 6.09013
106 354 6.09013
107 354 6.09013
109 354 6.09013
110 354 6.09013
111 354 6.09013
112 354 6.09013
113 354 6.09013
116 354 6.09013
112 355 6.09013
631 355 6.09013
632 355 6.09013
28 356 6.09013
31 356 6.09013
28 357 6.09013
28 358 6.09013
634 358 6.09013
633 359 6.09013
634 359 6.09013
636 359 6.09013
635 360 6.09013
636 360 6.09013
635 361 6.09013
51 368 5.43183
191 370 5.43183
30 372 5.43183
27 373 5.43183
28 374 5.43183
191 376 5.15331
192 377 5.15331
188 378 5.15331
189 378 5.15331
39 381 5.15331
55 382 5.15331
57 382 5.15331
58 382 5.15331
57 383 5.15331
58 383 5.15331
37 384 4.90196
164 395 4.67399
31 396 4.67399
164 396 4.67399
220 419 4.10172
220 420 4.10172
221 420 4.10172
42 421 4.10172
222 421 4.10172
218 422 3.94089
215 423 4.27625
218 423 3.94089
219 423 3.94089
220 423 3.94089
219 424 3.94089
220 424 3.94089
107 426 3.94089
28 428 3.94089
103 428 3.94089
104 428 3.94089
105 428 3.94089
177 432 3.79219
177 433 3.79219
178 433 3.79219
179 433 3.79219
177 434 3.79219
178 434 3.79219
179 434 3.79219
180 434 3.79219
172 436 3.79219
173 436 3.79219
172 437 3.79219
173 437 3.79219
174 437 3.79219
175 437 3.79219
176 437 3.6543
174 438 3.79219
175 438 3.79219
276 442 3.6543
355 442 3.6543
345 444 3.6543
346 444 3.6543
231 445 3.6543
489 449 3.6543
134 451 3.52609
189 451 3.52609
190 451 3.52609
191 451 3.52609
237 452 3.52609
406 454 3.52609
375 457 3.52609
377 458 3.52609
322 459 3.40657
75 460 3.40657
76 460 3.40657
3 464 3.52609
8 477 3.29489
