18 3 18.2648
90 3 22.3214
91 3 22.3214
96 3 22.3214
126 3 22.3214
134 3 28.6944
139 3 28.6944
141 3 28.6944
188 3 28.6944
218 3 40.1606
219 3 40.1606
497 3 66.8896
511 3 66.8896
515 3 40.1606
623 3 22.3214
18 4 18.2648
90 4 22.3214
127 4 22.3214
134 4 28.6944
139 4 28.6944
141 4 28.6944
219 4 40.1606
220 4 40.1606
497 4 66.8896
515 4 40.1606
18 5 18.2648
95 5 22.3214
96 5 22.3214
127 5 22.3214
128 5 22.3214
134 5 28.6944
139 5 28.6944
141 5 28.6944
220 5 40.1606
221 5 40.1606
515 5 40.1606
18 6 18.2648
95 6 22.3214
96 6 22.3214
127 6 22.3214
128 6 22.3214
134 6 28.6944
139 6 28.6944
141 6 28.6944
203 6 40.1606
216 6 40.1606
217 6 40.1606
221 6 40.1606
222 6 40.1606
18 7 18.2648
134 7 28.6944
139 7 28.6944
141 7 28.6944
203 7 40.1606
216 7 40.1606
217 7 40.1606
222 7 40.1606
223 7 40.1606
265 7 13.3958
18 8 18.2648
139 8 28.6944
141 8 28.6944
203 8 40.1606
223 8 40.1606
224 8 40.1606
512 8 40.1606
18 9 18.2648
86 9 22.3214
88 9 22.3214
100 9 22.3214
139 9 28.6944
141 9 28.6944
208 9 22.3214
214 9 40.1606
218 9 200
224 9 40.1606
225 9 40.1606
266 9 13.3958
511 9 40.1606
18 10 18.2648
51 10 22.3214
100 10 22.3214
139 10 28.6944
141 10 28.6944
203 10 40.1606
219 10 200
225 10 40.1606
226 10 40.1606
266 10 15.456
507 10 66.8896
511 10 40.1606
18 11 18.2648
51 11 22.3214
71 11 22.3214
103 11 22.3214
141 11 28.6944
209 11 22.3214
219 11 200
220 11 200
226 11 40.1606
227 11 40.1606
267 11 15.456
507 11 66.8896
511 11 40.1606
51 12 22.3214
52 12 22.3214
104 12 22.3214
220 12 200
221 12 200
227 12 40.1606
228 12 40.1606
267 12 18.2648
511 12 40.1606
51 13 22.3214
52 13 22.3214
105 13 22.3214
106 13 22.3214
205 13 40.1606
221 13 200
222 13 200
228 13 40.1606
229 13 40.1606
267 13 18.2648
268 13 18.2648
511 13 40.1606
18 14 18.2648
51 14 22.3214
52 14 22.3214
107 14 22.3214
155 14 28.6944
158 14 28.6944
211 14 40.1606
222 14 200
223 14 200
229 14 40.1606
230 14 40.1606
257 14 22.3214
269 14 22.3214
511 14 40.1606
18 15 18.2648
21 15 15.456
51 15 22.3214
109 15 22.3214
155 15 28.6944
156 15 28.6944
158 15 28.6944
211 15 40.1606
223 15 200
224 15 200
230 15 40.1606
231 15 40.1606
254 15 22.3214
268 15 22.3214
269 15 22.3214
511 15 40.1606
18 16 18.2648
51 16 22.3214
110 16 22.3214
111 16 22.3214
156 16 28.6944
160 16 28.6944
192 16 28.6944
224 16 200
225 16 200
231 16 40.1606
232 16 40.1606
261 16 22.3214
262 16 22.3214
263 16 22.3214
264 16 22.3214
265 16 22.3214
268 16 22.3214
269 16 22.3214
499 16 40.1606
511 16 40.1606
18 17 18.2648
51 17 22.3214
112 17 22.3214
113 17 22.3214
156 17 28.6944
160 17 28.6944
171 17 28.6944
192 17 28.6944
193 17 28.6944
211 17 40.1606
225 17 200
226 17 200
232 17 40.1606
233 17 40.1606
257 17 22.3214
258 17 22.3214
259 17 22.3214
260 17 22.3214
266 17 28.6944
267 17 22.3214
268 17 28.6944
499 17 40.1606
511 17 40.1606
18 18 18.2648
28 18 18.2648
51 18 22.3214
113 18 22.3214
114 18 22.3214
155 18 28.6944
160 18 28.6944
193 18 28.6944
194 18 28.6944
211 18 40.1606
226 18 200
227 18 200
233 18 40.1606
234 18 40.1606
251 18 28.6944
255 18 28.6944
256 18 22.3214
257 18 22.3214
259 18 22.3214
260 18 22.3214
268 18 28.6944
507 18 40.1606
511 18 40.1606
51 19 22.3214
115 19 22.3214
116 19 22.3214
155 19 28.6944
160 19 28.6944
195 19 28.6944
211 19 40.1606
227 19 200
234 19 40.1606
235 19 40.1606
245 19 22.3214
250 19 28.6944
254 19 28.6944
255 19 28.6944
256 19 22.3214
257 19 22.3214
507 19 40.1606
511 19 40.1606
24 20 28.6944
25 20 28.6944
51 20 22.3214
117 20 22.3214
136 20 28.6944
196 20 28.6944
211 20 40.1606
228 20 200
235 20 40.1606
236 20 40.1606
243 20 22.3214
253 20 28.6944
254 20 28.6944
255 20 28.6944
265 20 40.1606
507 20 40.1606
51 21 22.3214
119 21 22.3214
126 21 22.3214
134 21 28.6944
137 21 28.6944
197 21 28.6944
211 21 40.1606
229 21 200
236 21 40.1606
237 21 40.1606
252 21 28.6944
511 21 40.1606
545 21 28.6944
35 22 18.2648
36 22 18.2648
51 22 22.3214
135 22 28.6944
138 22 28.6944
198 22 28.6944
211 22 40.1606
230 22 200
237 22 40.1606
238 22 40.1606
246 22 28.6944
507 22 40.1606
511 22 40.1606
545 22 28.6944
51 23 22.3214
122 23 22.3214
139 23 28.6944
199 23 28.6944
200 23 28.6944
203 23 28.6944
207 23 18.2648
211 23 40.1606
231 23 200
238 23 40.1606
239 23 40.1606
243 23 28.6944
244 23 28.6944
260 23 200
507 23 40.1606
35 24 18.2648
40 24 15.456
51 24 22.3214
73 24 22.3214
74 24 22.3214
123 24 22.3214
124 24 22.3214
141 24 28.6944
201 24 28.6944
211 24 40.1606
222 24 40.1606
232 24 200
233 24 200
239 24 40.1606
240 24 40.1606
243 24 28.6944
244 24 28.6944
260 24 200
507 24 40.1606
517 24 40.1606
35 25 18.2648
37 25 18.2648
42 25 15.456
51 25 22.3214
73 25 22.3214
74 25 22.3214
112 25 22.3214
116 25 22.3214
117 25 22.3214
118 25 22.3214
119 25 22.3214
124 25 22.3214
125 25 22.3214
202 25 28.6944
211 25 40.1606
233 25 200
240 25 40.1606
241 25 40.1606
517 25 40.1606
35 26 18.2648
37 26 18.2648
51 26 22.3214
105 26 22.3214
106 26 22.3214
108 26 22.3214
172 26 28.6944
202 26 28.6944
211 26 40.1606
219 26 40.1606
224 26 40.1606
234 26 200
241 26 40.1606
242 26 40.1606
516 26 40.1606
35 27 18.2648
51 27 22.3214
101 27 22.3214
145 27 28.6944
172 27 28.6944
211 27 40.1606
217 27 40.1606
219 27 40.1606
235 27 200
236 27 200
242 27 40.1606
243 27 40.1606
516 27 40.1606
35 28 18.2648
39 28 22.3214
100 28 22.3214
101 28 22.3214
139 28 28.6944
145 28 28.6944
146 28 28.6944
172 28 28.6944
187 28 40.1606
190 28 28.6944
219 28 40.1606
236 28 200
237 28 200
243 28 40.1606
244 28 40.1606
516 28 40.1606
34 29 18.2648
35 29 18.2648
39 29 22.3214
80 29 22.3214
100 29 22.3214
139 29 28.6944
140 29 28.6944
141 29 28.6944
146 29 28.6944
219 29 40.1606
237 29 200
238 29 200
244 29 40.1606
245 29 40.1606
516 29 40.1606
34 30 18.2648
35 30 18.2648
51 30 22.3214
74 30 22.3214
80 30 22.3214
139 30 28.6944
146 30 28.6944
186 30 40.1606
187 30 40.1606
219 30 40.1606
238 30 200
239 30 200
245 30 40.1606
246 30 40.1606
516 30 40.1606
523 30 22.3214
17 31 18.2648
34 31 18.2648
35 31 18.2648
47 31 18.2648
49 31 18.2648
51 31 22.3214
52 31 22.3214
74 31 22.3214
76 31 22.3214
80 31 22.3214
139 31 28.6944
142 31 28.6944
206 31 200
219 31 40.1606
239 31 200
240 31 200
246 31 40.1606
247 31 40.1606
516 31 40.1606
518 31 40.1606
633 31 8.73744
17 32 18.2648
35 32 18.2648
41 32 22.3214
47 32 18.2648
51 32 22.3214
74 32 22.3214
142 32 28.6944
155 32 28.6944
174 32 28.6944
219 32 40.1606
240 32 200
241 32 200
247 32 40.1606
248 32 40.1606
516 32 40.1606
17 33 18.2648
35 33 18.2648
41 33 22.3214
46 33 18.2648
47 33 18.2648
74 33 22.3214
101 33 22.3214
142 33 28.6944
155 33 28.6944
173 33 28.6944
219 33 40.1606
241 33 200
242 33 200
248 33 40.1606
249 33 40.1606
516 33 40.1606
17 34 18.2648
35 34 18.2648
46 34 22.3214
47 34 22.3214
74 34 22.3214
142 34 28.6944
156 34 28.6944
242 34 200
249 34 40.1606
250 34 40.1606
512 34 66.8896
516 34 40.1606
17 35 18.2648
35 35 22.3214
46 35 22.3214
74 35 22.3214
81 35 22.3214
142 35 28.6944
173 35 40.1606
186 35 28.6944
212 35 40.1606
243 35 200
250 35 40.1606
251 35 40.1606
511 35 66.8896
516 35 40.1606
522 35 22.3214
35 36 22.3214
36 36 22.3214
46 36 22.3214
74 36 22.3214
86 36 22.3214
89 36 22.3214
99 36 22.3214
142 36 28.6944
162 36 28.6944
186 36 40.1606
212 36 40.1606
231 36 40.1606
244 36 200
251 36 40.1606
252 36 40.1606
522 36 22.3214
35 37 22.3214
36 37 22.3214
46 37 22.3214
89 37 22.3214
99 37 22.3214
100 37 22.3214
140 37 28.6944
142 37 28.6944
162 37 28.6944
185 37 40.1606
212 37 40.1606
245 37 200
252 37 40.1606
253 37 40.1606
516 37 40.1606
44 38 22.3214
46 38 22.3214
89 38 22.3214
99 38 22.3214
100 38 22.3214
140 38 28.6944
142 38 28.6944
185 38 40.1606
186 38 40.1606
212 38 40.1606
214 38 40.1606
237 38 28.6944
246 38 200
253 38 40.1606
254 38 40.1606
46 39 22.3214
74 39 22.3214
89 39 22.3214
99 39 22.3214
100 39 22.3214
140 39 28.6944
142 39 28.6944
186 39 40.1606
212 39 40.1606
214 39 40.1606
234 39 40.1606
247 39 200
254 39 40.1606
255 39 40.1606
46 40 22.3214
47 40 22.3214
74 40 22.3214
89 40 22.3214
99 40 22.3214
100 40 22.3214
140 40 28.6944
142 40 28.6944
186 40 40.1606
212 40 40.1606
214 40 40.1606
234 40 40.1606
248 40 200
255 40 40.1606
256 40 40.1606
47 41 22.3214
48 41 22.3214
74 41 22.3214
89 41 22.3214
95 41 40.1606
100 41 22.3214
140 41 28.6944
142 41 28.6944
212 41 40.1606
241 41 28.6944
249 41 200
256 41 40.1606
257 41 40.1606
47 42 22.3214
74 42 22.3214
89 42 22.3214
100 42 22.3214
140 42 28.6944
142 42 28.6944
212 42 40.1606
250 42 200
257 42 40.1606
258 42 40.1606
74 43 22.3214
89 43 22.3214
100 43 22.3214
140 43 28.6944
142 43 28.6944
196 43 28.6944
212 43 40.1606
251 43 200
258 43 40.1606
259 43 40.1606
491 43 66.8896
74 44 22.3214
89 44 22.3214
100 44 22.3214
140 44 28.6944
142 44 28.6944
208 44 18.2648
212 44 40.1606
252 44 200
259 44 40.1606
260 44 40.1606
74 45 22.3214
78 45 22.3214
89 45 22.3214
100 45 22.3214
140 45 28.6944
142 45 28.6944
143 45 28.6944
212 45 40.1606
253 45 200
260 45 40.1606
261 45 40.1606
507 45 40.1606
74 46 22.3214
78 46 22.3214
89 46 22.3214
100 46 22.3214
140 46 28.6944
142 46 28.6944
212 46 40.1606
254 46 200
259 46 40.1606
261 46 40.1606
74 47 22.3214
78 47 22.3214
89 47 22.3214
100 47 22.3214
140 47 28.6944
142 47 28.6944
212 47 40.1606
243 47 40.1606
255 47 200
260 47 66.8896
262 47 40.1606
503 47 66.8896
78 48 22.3214
89 48 22.3214
100 48 22.3214
120 48 18.2648
121 48 18.2648
140 48 28.6944
142 48 28.6944
196 48 28.6944
198 48 18.2648
208 48 22.3214
212 48 40.1606
256 48 200
261 48 66.8896
263 48 40.1606
55 49 22.3214
56 49 22.3214
78 49 22.3214
90 49 22.3214
140 49 28.6944
142 49 28.6944
143 49 28.6944
199 49 18.2648
209 49 22.3214
212 49 40.1606
257 49 200
262 49 66.8896
264 49 40.1606
55 50 22.3214
56 50 22.3214
57 50 22.3214
78 50 22.3214
90 50 22.3214
118 50 28.6944
124 50 28.6944
135 50 28.6944
140 50 28.6944
143 50 28.6944
203 50 40.1606
204 50 40.1606
209 50 22.3214
212 50 40.1606
258 50 200
263 50 66.8896
265 50 40.1606
517 50 40.1606
56 51 22.3214
57 51 22.3214
78 51 22.3214
84 51 22.3214
90 51 22.3214
93 51 22.3214
118 51 28.6944
124 51 28.6944
135 51 28.6944
140 51 28.6944
142 51 28.6944
143 51 28.6944
194 51 28.6944
196 51 28.6944
204 51 40.1606
209 51 22.3214
212 51 40.1606
259 51 200
264 51 66.8896
266 51 40.1606
487 51 66.8896
516 51 40.1606
517 51 40.1606
78 52 22.3214
87 52 22.3214
90 52 22.3214
93 52 22.3214
118 52 28.6944
123 52 28.6944
124 52 28.6944
125 52 28.6944
135 52 28.6944
136 52 28.6944
140 52 28.6944
143 52 28.6944
171 52 28.6944
194 52 28.6944
195 52 28.6944
196 52 28.6944
199 52 22.3214
209 52 22.3214
212 52 40.1606
215 52 40.1606
260 52 200
265 52 66.8896
267 52 40.1606
516 52 40.1606
74 53 22.3214
77 53 22.3214
78 53 22.3214
90 53 22.3214
119 53 28.6944
124 53 28.6944
136 53 28.6944
171 53 28.6944
191 53 66.8896
194 53 28.6944
199 53 22.3214
212 53 40.1606
233 53 40.1606
261 53 200
266 53 66.8896
268 53 40.1606
486 53 66.8896
516 53 40.1606
74 54 22.3214
77 54 22.3214
78 54 22.3214
102 54 22.3214
124 54 28.6944
191 54 66.8896
212 54 40.1606
216 54 40.1606
234 54 40.1606
235 54 40.1606
262 54 200
267 54 66.8896
269 54 40.1606
516 54 40.1606
74 55 22.3214
77 55 22.3214
95 55 22.3214
124 55 28.6944
144 55 28.6944
191 55 66.8896
192 55 66.8896
212 55 40.1606
235 55 40.1606
236 55 40.1606
263 55 200
268 55 66.8896
270 55 40.1606
485 55 66.8896
77 56 22.3214
78 56 22.3214
95 56 22.3214
135 56 28.6944
144 56 28.6944
192 56 66.8896
193 56 66.8896
212 56 40.1606
237 56 40.1606
240 56 40.1606
264 56 200
269 56 66.8896
271 56 66.8896
75 57 22.3214
77 57 22.3214
78 57 22.3214
142 57 28.6944
200 57 40.1606
212 57 40.1606
238 57 40.1606
242 57 28.6944
265 57 200
269 57 66.8896
270 57 66.8896
272 57 40.1606
484 57 66.8896
75 58 22.3214
77 58 22.3214
78 58 22.3214
133 58 28.6944
135 58 28.6944
141 58 28.6944
209 58 22.3214
212 58 40.1606
239 58 40.1606
255 58 28.6944
266 58 200
270 58 66.8896
484 58 66.8896
143 59 28.6944
209 59 22.3214
210 59 22.3214
212 59 40.1606
266 59 200
267 59 200
271 59 66.8896
274 59 40.1606
483 59 66.8896
143 60 28.6944
205 60 40.1606
206 60 40.1606
210 60 22.3214
212 60 40.1606
226 60 40.1606
250 60 66.8896
267 60 200
268 60 200
272 60 66.8896
274 60 40.1606
275 60 40.1606
70 61 22.3214
97 61 22.3214
98 61 22.3214
105 61 22.3214
106 61 22.3214
125 61 28.6944
143 61 28.6944
207 61 40.1606
210 61 22.3214
226 61 40.1606
250 61 66.8896
268 61 200
269 61 200
273 61 66.8896
275 61 66.8896
512 61 40.1606
70 62 22.3214
97 62 22.3214
98 62 22.3214
125 62 28.6944
136 62 28.6944
143 62 28.6944
206 62 40.1606
250 62 66.8896
269 62 200
270 62 200
274 62 66.8896
75 63 22.3214
76 63 22.3214
97 63 22.3214
110 63 22.3214
125 63 28.6944
136 63 28.6944
143 63 28.6944
206 63 40.1606
228 63 28.6944
250 63 66.8896
270 63 200
274 63 66.8896
275 63 66.8896
75 64 22.3214
97 64 22.3214
112 64 22.3214
125 64 28.6944
136 64 28.6944
143 64 28.6944
212 64 28.6944
228 64 28.6944
250 64 66.8896
271 64 200
273 64 66.8896
274 64 66.8896
275 64 66.8896
508 64 40.1606
75 65 22.3214
125 65 28.6944
136 65 28.6944
143 65 28.6944
212 65 28.6944
225 65 40.1606
250 65 66.8896
268 65 66.8896
273 65 66.8896
508 65 40.1606
136 66 28.6944
141 66 28.6944
143 66 28.6944
218 66 40.1606
220 66 40.1606
225 66 40.1606
267 66 66.8896
268 66 66.8896
508 66 40.1606
119 67 22.3214
120 67 22.3214
136 67 28.6944
141 67 28.6944
143 67 28.6944
218 67 40.1606
220 67 40.1606
225 67 40.1606
226 67 40.1606
267 67 66.8896
268 67 66.8896
113 68 22.3214
120 68 22.3214
141 68 28.6944
143 68 28.6944
220 68 40.1606
226 68 40.1606
267 68 66.8896
268 68 66.8896
113 69 22.3214
157 69 28.6944
159 69 28.6944
173 69 28.6944
194 69 28.6944
195 69 28.6944
220 69 40.1606
226 69 40.1606
267 69 66.8896
268 69 66.8896
550 69 28.6944
126 70 22.3214
127 70 22.3214
145 70 28.6944
157 70 28.6944
161 70 28.6944
173 70 28.6944
196 70 28.6944
220 70 40.1606
226 70 40.1606
263 70 200
267 70 66.8896
268 70 66.8896
478 70 66.8896
504 70 40.1606
550 70 28.6944
127 71 22.3214
128 71 22.3214
145 71 28.6944
157 71 28.6944
161 71 28.6944
162 71 28.6944
197 71 28.6944
198 71 28.6944
213 71 40.1606
226 71 40.1606
237 71 28.6944
263 71 200
267 71 66.8896
268 71 66.8896
478 71 66.8896
504 71 40.1606
129 72 22.3214
130 72 22.3214
161 72 28.6944
198 72 28.6944
199 72 28.6944
213 72 40.1606
218 72 40.1606
226 72 40.1606
234 72 40.1606
237 72 28.6944
263 72 200
268 72 66.8896
478 72 66.8896
128 73 22.3214
129 73 22.3214
130 73 22.3214
161 73 28.6944
199 73 28.6944
200 73 28.6944
213 73 40.1606
218 73 40.1606
226 73 40.1606
234 73 40.1606
238 73 28.6944
239 73 28.6944
263 73 200
268 73 66.8896
478 73 66.8896
128 74 22.3214
129 74 22.3214
199 74 28.6944
200 74 28.6944
234 74 40.1606
235 74 40.1606
268 74 66.8896
272 74 28.6944
273 74 28.6944
478 74 66.8896
199 75 28.6944
201 75 28.6944
204 75 40.1606
213 75 40.1606
268 75 66.8896
273 75 28.6944
478 75 66.8896
188 76 28.6944
202 76 40.1606
213 76 40.1606
268 76 66.8896
478 76 66.8896
93 77 22.3214
173 77 28.6944
187 77 40.1606
188 77 40.1606
213 77 40.1606
269 77 200
273 77 66.8896
275 77 40.1606
478 77 66.8896
510 77 28.6944
514 77 22.3214
20 78 18.2648
21 78 18.2648
96 78 22.3214
173 78 28.6944
187 78 40.1606
188 78 40.1606
213 78 40.1606
239 78 28.6944
270 78 200
274 78 66.8896
276 78 66.8896
478 78 66.8896
510 78 28.6944
13 79 15.456
20 79 18.2648
21 79 18.2648
187 79 40.1606
188 79 40.1606
213 79 40.1606
231 79 40.1606
239 79 28.6944
275 79 66.8896
277 79 66.8896
478 79 66.8896
509 79 28.6944
510 79 28.6944
13 80 15.456
16 80 15.456
20 80 18.2648
21 80 18.2648
136 80 28.6944
140 80 15.456
213 80 40.1606
231 80 40.1606
236 80 40.1606
237 80 40.1606
240 80 28.6944
272 80 200
276 80 66.8896
478 80 66.8896
514 80 22.3214
13 81 15.456
17 81 15.456
21 81 18.2648
112 81 22.3214
136 81 28.6944
141 81 15.456
142 81 15.456
213 81 40.1606
237 81 40.1606
250 81 15.456
278 81 66.8896
478 81 66.8896
504 81 40.1606
514 81 22.3214
12 82 15.456
13 82 15.456
16 82 15.456
17 82 15.456
103 82 22.3214
136 82 28.6944
143 82 15.456
176 82 28.6944
213 82 40.1606
237 82 40.1606
238 82 40.1606
273 82 200
279 82 66.8896
280 82 66.8896
478 82 66.8896
504 82 40.1606
514 82 22.3214
12 83 15.456
16 83 15.456
17 83 15.456
73 83 22.3214
104 83 22.3214
136 83 28.6944
144 83 18.2648
175 83 28.6944
176 83 28.6944
211 83 40.1606
213 83 40.1606
237 83 40.1606
238 83 40.1606
281 83 66.8896
282 83 66.8896
283 83 66.8896
478 83 66.8896
504 83 40.1606
512 83 40.1606
12 84 15.456
17 84 15.456
73 84 22.3214
74 84 22.3214
107 84 22.3214
138 84 28.6944
140 84 28.6944
146 84 28.6944
147 84 28.6944
211 84 40.1606
213 84 40.1606
238 84 40.1606
284 84 66.8896
285 84 66.8896
478 84 66.8896
512 84 40.1606
3 85 18.2648
12 85 15.456
16 85 15.456
17 85 15.456
52 85 15.456
109 85 22.3214
138 85 28.6944
140 85 28.6944
147 85 28.6944
148 85 28.6944
187 85 40.1606
211 85 40.1606
213 85 40.1606
277 85 28.6944
286 85 66.8896
287 85 66.8896
288 85 66.8896
478 85 66.8896
3 86 18.2648
12 86 15.456
16 86 15.456
17 86 15.456
112 86 22.3214
138 86 28.6944
140 86 28.6944
147 86 28.6944
148 86 28.6944
187 86 40.1606
211 86 40.1606
213 86 40.1606
254 86 28.6944
277 86 28.6944
290 86 66.8896
478 86 66.8896
546 86 28.6944
3 87 18.2648
14 87 15.456
16 87 15.456
17 87 15.456
114 87 22.3214
115 87 22.3214
138 87 28.6944
187 87 40.1606
211 87 40.1606
213 87 40.1606
242 87 40.1606
243 87 40.1606
254 87 40.1606
259 87 28.6944
274 87 40.1606
278 87 28.6944
292 87 66.8896
293 87 66.8896
308 87 5.43183
508 87 40.1606
3 88 18.2648
18 88 15.456
37 88 18.2648
54 88 18.2648
55 88 18.2648
138 88 28.6944
157 88 28.6944
160 88 22.3214
187 88 40.1606
211 88 40.1606
213 88 40.1606
232 88 40.1606
256 88 40.1606
259 88 28.6944
263 88 22.3214
275 88 40.1606
295 88 66.8896
296 88 66.8896
504 88 66.8896
508 88 40.1606
3 89 18.2648
37 89 18.2648
54 89 18.2648
55 89 18.2648
119 89 22.3214
120 89 22.3214
138 89 28.6944
144 89 28.6944
163 89 28.6944
187 89 40.1606
211 89 40.1606
213 89 40.1606
232 89 40.1606
255 89 66.8896
260 89 28.6944
297 89 66.8896
508 89 40.1606
3 90 18.2648
21 90 18.2648
37 90 18.2648
53 90 18.2648
54 90 18.2648
55 90 18.2648
138 90 28.6944
143 90 28.6944
144 90 28.6944
163 90 28.6944
164 90 28.6944
199 90 28.6944
213 90 40.1606
232 90 40.1606
233 90 40.1606
256 90 200
301 90 66.8896
453 90 200
508 90 40.1606
531 90 22.3214
3 91 18.2648
21 91 18.2648
37 91 18.2648
53 91 18.2648
54 91 18.2648
55 91 18.2648
84 91 15.456
124 91 22.3214
125 91 22.3214
138 91 28.6944
144 91 28.6944
175 91 28.6944
213 91 40.1606
232 91 40.1606
252 91 200
257 91 200
303 91 66.8896
453 91 200
3 92 18.2648
21 92 18.2648
36 92 18.2648
37 92 18.2648
54 92 18.2648
55 92 18.2648
84 92 15.456
138 92 28.6944
143 92 28.6944
144 92 28.6944
175 92 28.6944
201 92 28.6944
213 92 40.1606
266 92 66.8896
452 92 200
453 92 200
3 93 18.2648
21 93 18.2648
36 93 18.2648
37 93 18.2648
54 93 18.2648
84 93 15.456
103 93 22.3214
138 93 28.6944
144 93 28.6944
175 93 28.6944
209 93 22.3214
213 93 40.1606
244 93 40.1606
260 93 28.6944
266 93 66.8896
269 93 40.1606
308 93 66.8896
309 93 66.8896
453 93 200
454 93 200
464 93 200
3 94 18.2648
21 94 18.2648
36 94 18.2648
37 94 18.2648
54 94 18.2648
55 94 18.2648
86 94 15.456
102 94 22.3214
103 94 22.3214
138 94 28.6944
144 94 28.6944
205 94 40.1606
210 94 22.3214
213 94 40.1606
216 94 28.6944
234 94 40.1606
244 94 40.1606
309 94 66.8896
310 94 66.8896
453 94 200
454 94 200
464 94 200
509 94 28.6944
3 95 18.2648
21 95 18.2648
36 95 18.2648
37 95 18.2648
49 95 22.3214
54 95 18.2648
55 95 18.2648
102 95 22.3214
103 95 22.3214
138 95 28.6944
144 95 28.6944
205 95 40.1606
206 95 40.1606
213 95 40.1606
216 95 28.6944
234 95 40.1606
235 95 40.1606
265 95 66.8896
309 95 66.8896
310 95 66.8896
509 95 28.6944
3 96 18.2648
21 96 18.2648
36 96 18.2648
37 96 18.2648
48 96 22.3214
49 96 22.3214
55 96 18.2648
75 96 22.3214
76 96 22.3214
102 96 22.3214
138 96 28.6944
144 96 28.6944
181 96 28.6944
205 96 40.1606
206 96 40.1606
213 96 40.1606
217 96 28.6944
236 96 40.1606
265 96 66.8896
269 96 40.1606
310 96 66.8896
504 96 40.1606
3 97 18.2648
21 97 18.2648
36 97 18.2648
37 97 18.2648
48 97 22.3214
49 97 22.3214
76 97 22.3214
138 97 28.6944
144 97 28.6944
206 97 40.1606
237 97 40.1606
238 97 40.1606
262 97 200
265 97 66.8896
310 97 66.8896
311 97 66.8896
504 97 40.1606
3 98 18.2648
21 98 18.2648
36 98 18.2648
37 98 18.2648
48 98 22.3214
49 98 22.3214
50 98 22.3214
138 98 28.6944
144 98 28.6944
239 98 40.1606
240 98 40.1606
243 98 28.6944
262 98 200
265 98 66.8896
266 98 66.8896
311 98 66.8896
332 98 13.3958
3 99 18.2648
21 99 18.2648
37 99 18.2648
48 99 22.3214
49 99 22.3214
50 99 22.3214
144 99 28.6944
206 99 40.1606
262 99 200
311 99 66.8896
312 99 66.8896
328 99 15.456
332 99 13.3958
3 100 18.2648
37 100 18.2648
48 100 22.3214
49 100 22.3214
50 100 22.3214
144 100 28.6944
206 100 40.1606
226 100 40.1606
227 100 40.1606
263 100 200
309 100 66.8896
311 100 66.8896
312 100 66.8896
328 100 15.456
332 100 13.3958
333 100 13.3958
504 100 40.1606
3 101 18.2648
37 101 18.2648
48 101 22.3214
49 101 22.3214
50 101 22.3214
82 101 22.3214
102 101 22.3214
144 101 28.6944
206 101 40.1606
213 101 40.1606
227 101 40.1606
258 101 200
263 101 200
282 101 66.8896
296 101 66.8896
305 101 22.3214
312 101 66.8896
333 101 13.3958
555 101 22.3214
3 102 18.2648
37 102 18.2648
49 102 22.3214
50 102 22.3214
118 102 15.456
121 102 15.456
138 102 28.6944
140 102 28.6944
144 102 28.6944
196 102 28.6944
226 102 40.1606
229 102 40.1606
263 102 200
282 102 66.8896
296 102 66.8896
312 102 66.8896
313 102 66.8896
328 102 18.2648
333 102 13.3958
510 102 28.6944
3 103 18.2648
17 103 15.456
19 103 15.456
37 103 18.2648
49 103 22.3214
50 103 22.3214
121 103 15.456
122 103 15.456
138 103 28.6944
140 103 28.6944
144 103 28.6944
196 103 28.6944
199 103 28.6944
205 103 40.1606
206 103 40.1606
210 103 22.3214
226 103 40.1606
266 103 66.8896
282 103 66.8896
296 103 66.8896
313 103 66.8896
328 103 18.2648
333 103 13.3958
334 103 13.3958
3 104 18.2648
15 104 15.456
19 104 15.456
37 104 18.2648
49 104 22.3214
50 104 22.3214
91 104 22.3214
102 104 22.3214
122 104 15.456
138 104 28.6944
144 104 28.6944
196 104 28.6944
197 104 28.6944
205 104 40.1606
206 104 40.1606
211 104 22.3214
226 104 40.1606
296 104 66.8896
313 104 66.8896
314 104 66.8896
328 104 18.2648
334 104 13.3958
502 104 28.6944
539 104 22.3214
3 105 18.2648
19 105 15.456
20 105 15.456
37 105 18.2648
49 105 22.3214
50 105 22.3214
79 105 22.3214
91 105 22.3214
101 105 22.3214
122 105 15.456
144 105 28.6944
197 105 40.1606
226 105 40.1606
266 105 66.8896
276 105 22.3214
296 105 66.8896
314 105 66.8896
324 105 22.3214
328 105 18.2648
334 105 13.3958
502 105 28.6944
3 106 18.2648
14 106 15.456
19 106 18.2648
20 106 18.2648
37 106 18.2648
49 106 22.3214
79 106 22.3214
91 106 22.3214
101 106 22.3214
122 106 15.456
138 106 28.6944
144 106 28.6944
199 106 66.8896
200 106 200
219 106 40.1606
226 106 40.1606
227 106 40.1606
266 106 66.8896
276 106 22.3214
296 106 66.8896
307 106 200
314 106 66.8896
315 106 66.8896
324 106 22.3214
328 106 18.2648
334 106 13.3958
517 106 40.1606
3 107 18.2648
19 107 18.2648
20 107 18.2648
37 107 18.2648
49 107 22.3214
50 107 22.3214
79 107 22.3214
91 107 22.3214
122 107 15.456
138 107 28.6944
144 107 28.6944
201 107 200
219 107 40.1606
221 107 40.1606
222 107 40.1606
227 107 40.1606
276 107 22.3214
296 107 66.8896
307 107 200
314 107 66.8896
315 107 66.8896
324 107 22.3214
333 107 200
517 107 40.1606
3 108 18.2648
19 108 18.2648
20 108 18.2648
37 108 18.2648
49 108 22.3214
50 108 22.3214
71 108 18.2648
79 108 22.3214
91 108 22.3214
102 108 22.3214
136 108 28.6944
144 108 28.6944
206 108 40.1606
210 108 22.3214
211 108 22.3214
219 108 40.1606
222 108 40.1606
227 108 40.1606
239 108 40.1606
296 108 66.8896
314 108 66.8896
315 108 66.8896
319 108 40.1606
324 108 28.6944
333 108 200
474 108 40.1606
512 108 40.1606
3 109 18.2648
20 109 18.2648
37 109 18.2648
49 109 22.3214
71 109 18.2648
79 109 22.3214
85 109 15.456
91 109 22.3214
102 109 22.3214
109 109 18.2648
136 109 28.6944
137 109 28.6944
142 109 28.6944
144 109 28.6944
203 109 66.8896
208 109 40.1606
211 109 22.3214
219 109 40.1606
227 109 40.1606
239 109 40.1606
240 109 40.1606
296 109 66.8896
314 109 200
315 109 200
319 109 40.1606
334 109 200
512 109 40.1606
3 110 18.2648
4 110 18.2648
37 110 18.2648
41 110 22.3214
49 110 22.3214
79 110 22.3214
85 110 15.456
91 110 22.3214
102 110 22.3214
109 110 18.2648
137 110 28.6944
204 110 66.8896
207 110 40.1606
211 110 22.3214
219 110 40.1606
222 110 40.1606
227 110 40.1606
235 110 40.1606
314 110 200
315 110 200
319 110 40.1606
324 110 200
327 110 66.8896
330 110 40.1606
512 110 40.1606
3 111 18.2648
4 111 18.2648
37 111 18.2648
38 111 18.2648
49 111 22.3214
50 111 22.3214
79 111 22.3214
85 111 15.456
89 111 22.3214
91 111 22.3214
137 111 28.6944
146 111 28.6944
207 111 40.1606
214 111 40.1606
219 111 40.1606
222 111 40.1606
227 111 40.1606
235 111 40.1606
279 111 66.8896
314 111 200
319 111 40.1606
324 111 200
327 111 66.8896
3 112 18.2648
37 112 18.2648
38 112 18.2648
39 112 18.2648
49 112 22.3214
53 112 18.2648
79 112 22.3214
89 112 22.3214
91 112 22.3214
120 112 28.6944
125 112 28.6944
145 112 28.6944
146 112 28.6944
214 112 40.1606
219 112 40.1606
222 112 40.1606
227 112 40.1606
235 112 40.1606
279 112 66.8896
324 112 200
327 112 66.8896
512 112 40.1606
3 113 18.2648
4 113 18.2648
37 113 18.2648
49 113 22.3214
50 113 22.3214
79 113 22.3214
85 113 15.456
89 113 22.3214
120 113 28.6944
125 113 28.6944
126 113 28.6944
137 113 28.6944
146 113 28.6944
214 113 40.1606
219 113 40.1606
222 113 40.1606
227 113 40.1606
279 113 66.8896
335 113 200
337 113 200
512 113 40.1606
3 114 18.2648
4 114 18.2648
37 114 18.2648
49 114 22.3214
79 114 22.3214
83 114 15.456
85 114 15.456
89 114 22.3214
126 114 28.6944
137 114 28.6944
214 114 40.1606
219 114 40.1606
222 114 40.1606
227 114 40.1606
313 114 66.8896
335 114 200
336 114 200
338 114 200
346 114 28.6944
508 114 66.8896
512 114 40.1606
3 115 18.2648
4 115 18.2648
28 115 15.456
37 115 18.2648
38 115 18.2648
45 115 13.3958
49 115 22.3214
79 115 22.3214
85 115 15.456
89 115 22.3214
126 115 28.6944
137 115 28.6944
142 115 28.6944
144 115 28.6944
214 115 40.1606
219 115 40.1606
222 115 40.1606
227 115 40.1606
236 115 40.1606
278 115 66.8896
313 115 66.8896
321 115 28.6944
336 115 200
512 115 40.1606
515 115 28.6944
538 115 22.3214
3 116 18.2648
4 116 18.2648
22 116 18.2648
23 116 22.3214
24 116 22.3214
25 116 22.3214
28 116 15.456
37 116 18.2648
38 116 18.2648
49 116 22.3214
79 116 22.3214
89 116 22.3214
126 116 28.6944
137 116 28.6944
142 116 28.6944
144 116 28.6944
214 116 40.1606
272 116 66.8896
313 116 66.8896
515 116 28.6944
538 116 22.3214
3 117 18.2648
4 117 18.2648
21 117 18.2648
25 117 22.3214
28 117 15.456
29 117 15.456
49 117 22.3214
50 117 22.3214
79 117 22.3214
89 117 22.3214
121 117 22.3214
126 117 28.6944
137 117 28.6944
142 117 28.6944
144 117 28.6944
214 117 40.1606
272 117 66.8896
341 117 66.8896
464 117 28.6944
512 117 40.1606
3 118 18.2648
4 118 18.2648
19 118 18.2648
20 118 18.2648
28 118 15.456
29 118 15.456
49 118 22.3214
50 118 22.3214
55 118 13.3958
56 118 13.3958
79 118 22.3214
89 118 22.3214
121 118 22.3214
137 118 28.6944
142 118 28.6944
144 118 28.6944
214 118 40.1606
321 118 200
512 118 28.6944
3 119 18.2648
4 119 18.2648
20 119 18.2648
49 119 22.3214
50 119 22.3214
79 119 22.3214
89 119 22.3214
104 119 18.2648
121 119 22.3214
127 119 28.6944
137 119 28.6944
142 119 28.6944
144 119 28.6944
214 119 40.1606
226 119 40.1606
240 119 40.1606
321 119 200
511 119 28.6944
3 120 18.2648
4 120 18.2648
48 120 22.3214
79 120 22.3214
89 120 22.3214
104 120 18.2648
121 120 22.3214
127 120 28.6944
142 120 28.6944
144 120 28.6944
174 120 28.6944
195 120 28.6944
196 120 28.6944
214 120 40.1606
255 120 28.6944
260 120 28.6944
275 120 40.1606
276 120 40.1606
321 120 200
339 120 15.456
341 120 15.456
3 121 18.2648
4 121 18.2648
47 121 18.2648
48 121 18.2648
79 121 22.3214
121 121 22.3214
137 121 28.6944
142 121 28.6944
144 121 28.6944
174 121 28.6944
198 121 28.6944
200 121 28.6944
214 121 40.1606
255 121 28.6944
260 121 28.6944
275 121 40.1606
277 121 40.1606
321 121 200
339 121 15.456
3 122 18.2648
4 122 18.2648
72 122 15.456
74 122 15.456
79 122 22.3214
137 122 28.6944
142 122 28.6944
144 122 28.6944
199 122 28.6944
200 122 28.6944
214 122 40.1606
252 122 40.1606
269 122 40.1606
276 122 40.1606
339 122 15.456
538 122 22.3214
4 123 18.2648
74 123 15.456
79 123 22.3214
97 123 22.3214
109 123 18.2648
137 123 28.6944
142 123 28.6944
144 123 28.6944
158 123 28.6944
200 123 28.6944
212 123 40.1606
214 123 40.1606
235 123 40.1606
252 123 40.1606
269 123 40.1606
297 123 66.8896
321 123 200
339 123 15.456
522 123 28.6944
4 124 18.2648
53 124 15.456
79 124 22.3214
98 124 22.3214
137 124 28.6944
142 124 28.6944
144 124 28.6944
158 124 28.6944
161 124 28.6944
162 124 28.6944
189 124 40.1606
203 124 40.1606
212 124 40.1606
214 124 40.1606
239 124 40.1606
252 124 40.1606
253 124 40.1606
266 124 66.8896
283 124 66.8896
296 124 66.8896
297 124 66.8896
321 124 200
339 124 15.456
349 124 200
350 124 200
352 124 200
552 124 22.3214
4 125 18.2648
79 125 22.3214
137 125 28.6944
138 125 28.6944
142 125 28.6944
144 125 28.6944
158 125 28.6944
162 125 28.6944
163 125 28.6944
188 125 40.1606
189 125 40.1606
212 125 40.1606
214 125 40.1606
239 125 40.1606
252 125 40.1606
270 125 66.8896
283 125 66.8896
296 125 66.8896
297 125 66.8896
321 125 200
339 125 15.456
341 125 15.456
350 125 200
4 126 18.2648
57 126 22.3214
79 126 22.3214
138 126 28.6944
158 126 28.6944
162 126 28.6944
163 126 28.6944
188 126 40.1606
189 126 40.1606
212 126 40.1606
214 126 40.1606
233 126 40.1606
252 126 40.1606
266 126 66.8896
270 126 66.8896
283 126 66.8896
297 126 66.8896
321 126 200
346 126 200
351 126 200
353 126 200
4 127 18.2648
75 127 15.456
79 127 22.3214
146 127 28.6944
158 127 28.6944
162 127 28.6944
163 127 28.6944
188 127 40.1606
212 127 40.1606
214 127 40.1606
233 127 40.1606
244 127 40.1606
250 127 40.1606
252 127 40.1606
266 127 66.8896
297 127 66.8896
321 127 200
351 127 200
352 127 200
4 128 18.2648
60 128 18.2648
79 128 22.3214
103 128 22.3214
158 128 28.6944
163 128 28.6944
188 128 40.1606
212 128 40.1606
214 128 40.1606
233 128 40.1606
245 128 40.1606
252 128 40.1606
266 128 66.8896
297 128 66.8896
321 128 200
352 128 200
469 128 40.1606
4 129 18.2648
57 129 15.456
60 129 18.2648
112 129 18.2648
158 129 28.6944
163 129 28.6944
188 129 40.1606
212 129 40.1606
214 129 40.1606
233 129 40.1606
245 129 40.1606
252 129 40.1606
266 129 66.8896
297 129 66.8896
338 129 200
345 129 11.8203
353 129 200
357 129 200
469 129 40.1606
4 130 18.2648
57 130 15.456
60 130 18.2648
61 130 18.2648
95 130 18.2648
112 130 18.2648
139 130 18.2648
158 130 28.6944
163 130 28.6944
212 130 40.1606
214 130 40.1606
252 130 40.1606
297 130 66.8896
313 130 66.8896
338 130 200
339 130 200
345 130 11.8203
354 130 200
357 130 200
358 130 200
469 130 40.1606
4 131 18.2648
57 131 15.456
61 131 18.2648
79 131 22.3214
90 131 15.456
91 131 15.456
139 131 18.2648
212 131 40.1606
214 131 40.1606
252 131 40.1606
297 131 66.8896
313 131 66.8896
339 131 200
345 131 11.8203
354 131 200
358 131 200
4 132 18.2648
57 132 15.456
79 132 22.3214
89 132 15.456
111 132 18.2648
138 132 18.2648
176 132 28.6944
177 132 28.6944
188 132 40.1606
212 132 40.1606
214 132 40.1606
252 132 40.1606
283 132 66.8896
297 132 66.8896
313 132 66.8896
321 132 66.8896
339 132 200
345 132 11.8203
359 132 200
434 132 200
4 133 18.2648
58 133 15.456
80 133 22.3214
110 133 18.2648
111 133 18.2648
176 133 28.6944
188 133 40.1606
212 133 40.1606
214 133 40.1606
252 133 40.1606
283 133 66.8896
297 133 66.8896
339 133 15.456
345 133 11.8203
355 133 200
366 133 200
4 134 18.2648
59 134 15.456
98 134 18.2648
100 134 18.2648
110 134 18.2648
111 134 18.2648
176 134 28.6944
188 134 40.1606
212 134 40.1606
214 134 40.1606
297 134 66.8896
321 134 200
323 134 200
339 134 15.456
342 134 13.3958
345 134 11.8203
355 134 200
365 134 200
368 134 200
431 134 200
4 135 18.2648
59 135 15.456
98 135 18.2648
99 135 18.2648
176 135 28.6944
188 135 40.1606
212 135 40.1606
316 135 40.1606
321 135 200
339 135 15.456
342 135 13.3958
345 135 11.8203
355 135 200
356 135 200
365 135 200
366 135 200
431 135 200
550 135 28.6944
4 136 18.2648
60 136 15.456
82 136 18.2648
133 136 22.3214
176 136 28.6944
188 136 40.1606
200 136 28.6944
214 136 40.1606
217 136 40.1606
235 136 40.1606
236 136 40.1606
321 136 200
323 136 200
339 136 15.456
342 136 13.3958
345 136 11.8203
351 136 200
356 136 200
359 136 8.03858
366 136 200
431 136 200
468 136 40.1606
4 137 18.2648
60 137 15.456
81 137 18.2648
82 137 18.2648
106 137 18.2648
120 137 18.2648
176 137 28.6944
188 137 40.1606
218 137 40.1606
237 137 40.1606
238 137 40.1606
321 137 200
339 137 15.456
342 137 13.3958
351 137 200
356 137 200
359 137 200
366 137 200
367 137 200
431 137 200
4 138 18.2648
5 138 18.2648
60 138 15.456
79 138 18.2648
80 138 18.2648
103 138 18.2648
106 138 18.2648
108 138 18.2648
109 138 18.2648
126 138 18.2648
127 138 18.2648
176 138 28.6944
188 138 40.1606
211 138 22.3214
321 138 200
323 138 200
339 138 15.456
342 138 13.3958
357 138 200
367 138 200
523 138 28.6944
4 139 18.2648
60 139 15.456
79 139 18.2648
80 139 18.2648
101 139 18.2648
108 139 18.2648
126 139 18.2648
155 139 18.2648
176 139 28.6944
203 139 40.1606
206 139 40.1606
207 139 40.1606
211 139 22.3214
227 139 40.1606
228 139 40.1606
321 139 200
323 139 200
339 139 15.456
357 139 200
367 139 200
4 140 18.2648
5 140 18.2648
60 140 15.456
62 140 15.456
79 140 18.2648
107 140 18.2648
108 140 18.2648
131 140 22.3214
176 140 28.6944
201 140 40.1606
206 140 40.1606
207 140 40.1606
227 140 40.1606
228 140 40.1606
321 140 200
323 140 200
339 140 15.456
367 140 200
368 140 200
522 140 28.6944
540 140 22.3214
4 141 18.2648
5 141 18.2648
59 141 15.456
62 141 15.456
78 141 18.2648
79 141 18.2648
85 141 18.2648
103 141 18.2648
106 141 18.2648
107 141 18.2648
130 141 22.3214
131 141 22.3214
148 141 28.6944
227 141 40.1606
321 141 200
323 141 200
339 141 15.456
358 141 200
368 141 200
432 141 200
513 141 28.6944
540 141 22.3214
4 142 18.2648
5 142 18.2648
59 142 15.456
60 142 15.456
78 142 18.2648
79 142 18.2648
85 142 18.2648
103 142 18.2648
106 142 18.2648
130 142 22.3214
148 142 28.6944
149 142 28.6944
207 142 40.1606
227 142 40.1606
276 142 66.8896
321 142 200
323 142 200
353 142 200
358 142 200
368 142 200
369 142 200
374 142 18.2648
431 142 200
461 142 28.6944
548 142 22.3214
4 143 18.2648
5 143 18.2648
51 143 15.456
59 143 15.456
60 143 15.456
61 143 15.456
78 143 18.2648
84 143 18.2648
85 143 18.2648
103 143 18.2648
106 143 18.2648
126 143 18.2648
142 143 28.6944
149 143 28.6944
164 143 28.6944
165 143 28.6944
176 143 28.6944
207 143 40.1606
215 143 40.1606
227 143 40.1606
311 143 15.456
321 143 200
323 143 200
340 143 66.8896
353 143 200
358 143 200
370 143 200
371 143 200
374 143 18.2648
424 143 200
427 143 66.8896
431 143 200
450 143 200
548 143 22.3214
4 144 18.2648
5 144 18.2648
78 144 18.2648
84 144 18.2648
103 144 18.2648
109 144 18.2648
126 144 18.2648
142 144 28.6944
144 144 28.6944
145 144 28.6944
164 144 28.6944
165 144 28.6944
176 144 28.6944
207 144 40.1606
215 144 40.1606
227 144 40.1606
311 144 15.456
321 144 200
322 144 200
323 144 200
338 144 66.8896
340 144 66.8896
358 144 200
364 144 40.1606
371 144 200
410 144 200
424 144 200
427 144 66.8896
450 144 200
547 144 22.3214
4 145 18.2648
5 145 18.2648
78 145 18.2648
84 145 18.2648
102 145 18.2648
103 145 18.2648
106 145 18.2648
107 145 18.2648
108 145 18.2648
126 145 18.2648
142 145 28.6944
144 145 28.6944
145 145 28.6944
176 145 28.6944
184 145 28.6944
207 145 40.1606
215 145 40.1606
227 145 40.1606
240 145 40.1606
312 145 15.456
340 145 66.8896
345 145 11.8203
357 145 200
364 145 40.1606
372 145 200
410 145 200
526 145 22.3214
541 145 22.3214
547 145 22.3214
4 146 18.2648
5 146 18.2648
102 146 18.2648
105 146 18.2648
106 146 18.2648
142 146 28.6944
144 146 28.6944
145 146 28.6944
184 146 28.6944
197 146 40.1606
207 146 40.1606
215 146 40.1606
227 146 40.1606
240 146 40.1606
297 146 66.8896
312 146 15.456
345 146 11.8203
357 146 200
363 146 200
372 146 200
373 146 200
410 146 200
477 146 40.1606
541 146 22.3214
5 147 18.2648
83 147 18.2648
101 147 18.2648
104 147 18.2648
105 147 18.2648
142 147 28.6944
145 147 28.6944
160 147 18.2648
197 147 40.1606
207 147 40.1606
215 147 40.1606
223 147 40.1606
227 147 40.1606
228 147 40.1606
283 147 66.8896
297 147 66.8896
313 147 200
320 147 11.8203
336 147 18.2648
345 147 11.8203
352 147 9.56938
357 147 200
370 147 200
373 147 200
374 147 200
420 147 200
423 147 66.8896
424 147 66.8896
429 147 200
468 147 200
541 147 22.3214
546 147 22.3214
5 148 18.2648
82 148 18.2648
83 148 18.2648
101 148 18.2648
104 148 18.2648
126 148 18.2648
142 148 28.6944
145 148 28.6944
197 148 40.1606
207 148 40.1606
215 148 40.1606
223 148 40.1606
228 148 40.1606
236 148 40.1606
273 148 66.8896
283 148 66.8896
297 148 66.8896
313 148 200
336 148 18.2648
339 148 15.456
345 148 11.8203
352 148 9.56938
357 148 200
364 148 200
374 148 200
420 148 200
430 148 200
434 148 66.8896
4 149 18.2648
5 149 18.2648
82 149 18.2648
100 149 18.2648
103 149 18.2648
142 149 28.6944
145 149 28.6944
185 149 28.6944
215 149 40.1606
223 149 40.1606
236 149 40.1606
273 149 66.8896
283 149 66.8896
297 149 66.8896
336 149 18.2648
339 149 15.456
342 149 13.3958
345 149 11.8203
352 149 9.56938
377 149 200
419 149 200
420 149 200
430 149 200
5 150 18.2648
75 150 15.456
82 150 18.2648
83 150 18.2648
99 150 18.2648
102 150 18.2648
103 150 18.2648
142 150 28.6944
145 150 28.6944
215 150 40.1606
236 150 40.1606
297 150 66.8896
323 150 66.8896
336 150 18.2648
339 150 15.456
342 150 13.3958
345 150 11.8203
377 150 200
378 150 200
427 150 200
430 150 200
5 151 18.2648
81 151 18.2648
82 151 18.2648
99 151 18.2648
102 151 18.2648
115 151 18.2648
132 151 18.2648
142 151 28.6944
145 151 28.6944
215 151 40.1606
223 151 40.1606
297 151 66.8896
322 151 66.8896
323 151 66.8896
336 151 18.2648
339 151 15.456
342 151 13.3958
345 151 11.8203
378 151 200
426 151 200
523 151 18.2648
5 152 18.2648
75 152 18.2648
77 152 18.2648
80 152 18.2648
81 152 18.2648
95 152 22.3214
101 152 18.2648
102 152 18.2648
127 152 18.2648
145 152 28.6944
197 152 40.1606
215 152 40.1606
223 152 40.1606
274 152 66.8896
275 152 66.8896
297 152 66.8896
322 152 66.8896
323 152 66.8896
336 152 18.2648
339 152 15.456
342 152 13.3958
352 152 9.56938
364 152 200
379 152 200
426 152 200
5 153 18.2648
75 153 18.2648
79 153 18.2648
80 153 18.2648
101 153 18.2648
145 153 28.6944
215 153 40.1606
223 153 40.1606
266 153 66.8896
283 153 66.8896
297 153 66.8896
322 153 200
323 153 200
336 153 18.2648
339 153 15.456
342 153 13.3958
353 153 9.56938
379 153 200
380 153 200
5 154 18.2648
64 154 18.2648
72 154 18.2648
74 154 18.2648
76 154 18.2648
78 154 18.2648
79 154 18.2648
97 154 22.3214
100 154 18.2648
101 154 18.2648
107 154 28.6944
121 154 18.2648
122 154 18.2648
123 154 18.2648
142 154 28.6944
145 154 28.6944
215 154 40.1606
222 154 40.1606
223 154 40.1606
228 154 40.1606
263 154 200
267 154 66.8896
270 154 40.1606
297 154 66.8896
322 154 200
323 154 200
336 154 18.2648
339 154 15.456
353 154 9.56938
379 154 200
380 154 200
5 155 18.2648
66 155 18.2648
75 155 18.2648
77 155 18.2648
78 155 18.2648
79 155 18.2648
101 155 18.2648
102 155 18.2648
145 155 28.6944
198 155 28.6944
215 155 40.1606
223 155 40.1606
228 155 40.1606
261 155 200
267 155 66.8896
270 155 40.1606
283 155 66.8896
297 155 66.8896
322 155 200
323 155 200
336 155 18.2648
339 155 15.456
353 155 9.56938
380 155 200
387 155 200
488 155 40.1606
5 156 18.2648
66 156 18.2648
67 156 18.2648
107 156 28.6944
113 156 18.2648
114 156 18.2648
115 156 18.2648
145 156 28.6944
198 156 28.6944
201 156 28.6944
215 156 40.1606
257 156 66.8896
258 156 66.8896
267 156 66.8896
316 156 66.8896
321 156 200
322 156 200
323 156 200
336 156 18.2648
339 156 15.456
340 156 15.456
353 156 9.56938
382 156 200
387 156 200
487 156 40.1606
488 156 40.1606
5 157 18.2648
68 157 18.2648
69 157 18.2648
112 157 18.2648
113 157 18.2648
114 157 18.2648
145 157 28.6944
200 157 28.6944
321 157 200
322 157 200
323 157 200
339 157 15.456
340 157 15.456
346 157 11.8203
385 157 200
402 157 18.2648
487 157 40.1606
490 157 40.1606
543 157 22.3214
5 158 18.2648
70 158 18.2648
71 158 18.2648
95 158 18.2648
96 158 18.2648
145 158 28.6944
148 158 22.3214
208 158 40.1606
235 158 28.6944
267 158 66.8896
322 158 200
323 158 200
340 158 15.456
346 158 11.8203
352 158 22.3214
365 158 200
384 158 200
385 158 200
514 158 40.1606
543 158 22.3214
5 159 18.2648
71 159 18.2648
77 159 18.2648
94 159 18.2648
95 159 18.2648
145 159 28.6944
205 159 66.8896
209 159 40.1606
228 159 40.1606
235 159 28.6944
264 159 200
267 159 66.8896
312 159 200
316 159 66.8896
322 159 200
323 159 200
340 159 15.456
352 159 200
364 159 200
384 159 200
385 159 200
388 159 66.8896
542 159 22.3214
5 160 18.2648
71 160 18.2648
72 160 18.2648
78 160 18.2648
80 160 18.2648
93 160 18.2648
140 160 28.6944
145 160 28.6944
264 160 200
267 160 66.8896
270 160 40.1606
322 160 200
346 160 40.1606
352 160 200
364 160 200
385 160 200
542 160 22.3214
5 161 18.2648
6 161 18.2648
72 161 18.2648
73 161 18.2648
78 161 18.2648
79 161 18.2648
92 161 18.2648
93 161 18.2648
107 161 18.2648
140 161 28.6944
142 161 28.6944
145 161 28.6944
217 161 28.6944
264 161 200
267 161 66.8896
322 161 200
325 161 66.8896
339 161 200
340 161 200
346 161 40.1606
352 161 200
375 161 200
383 161 200
394 161 200
514 161 28.6944
525 161 28.6944
5 162 18.2648
6 162 18.2648
73 162 18.2648
140 162 28.6944
142 162 28.6944
145 162 28.6944
217 162 28.6944
237 162 40.1606
267 162 66.8896
270 162 40.1606
316 162 66.8896
339 162 200
352 162 200
375 162 200
383 162 200
391 162 200
395 162 200
433 162 200
514 162 28.6944
525 162 28.6944
4 163 18.2648
5 163 18.2648
23 163 18.2648
75 163 18.2648
76 163 18.2648
83 163 18.2648
105 163 18.2648
106 163 18.2648
140 163 28.6944
145 163 28.6944
267 163 66.8896
313 163 200
315 163 66.8896
316 163 66.8896
346 163 40.1606
375 163 200
389 163 200
391 163 200
542 163 22.3214
4 164 18.2648
5 164 18.2648
23 164 18.2648
77 164 18.2648
105 164 18.2648
106 164 18.2648
140 164 28.6944
142 164 28.6944
145 164 28.6944
215 164 40.1606
267 164 66.8896
270 164 40.1606
316 164 66.8896
322 164 200
367 164 200
375 164 200
386 164 200
387 164 200
392 164 200
403 164 200
429 164 200
514 164 28.6944
4 165 18.2648
5 165 18.2648
23 165 18.2648
140 165 28.6944
145 165 28.6944
215 165 40.1606
245 165 40.1606
246 165 40.1606
270 165 40.1606
340 165 15.456
348 165 66.8896
354 165 9.56938
367 165 200
375 165 200
387 165 200
392 165 200
403 165 200
429 165 200
514 165 28.6944
4 166 18.2648
23 166 18.2648
102 166 18.2648
140 166 28.6944
145 166 28.6944
146 166 28.6944
213 166 40.1606
215 166 40.1606
240 166 200
241 166 200
245 166 40.1606
246 166 40.1606
322 166 200
340 166 15.456
342 166 15.456
348 166 66.8896
353 166 9.56938
375 166 200
403 166 200
493 166 28.6944
3 167 18.2648
4 167 18.2648
23 167 18.2648
56 167 22.3214
57 167 22.3214
83 167 18.2648
102 167 18.2648
140 167 28.6944
142 167 28.6944
145 167 28.6944
146 167 28.6944
213 167 40.1606
215 167 40.1606
246 167 40.1606
322 167 200
340 167 15.456
342 167 15.456
353 167 9.56938
371 167 40.1606
375 167 200
404 167 200
504 167 28.6944
4 168 18.2648
23 168 18.2648
56 168 22.3214
57 168 22.3214
102 168 18.2648
104 168 22.3214
105 168 22.3214
139 168 28.6944
201 168 28.6944
213 168 40.1606
215 168 40.1606
246 168 40.1606
298 168 66.8896
306 168 22.3214
322 168 200
342 168 15.456
350 168 10.5764
353 168 9.56938
375 168 200
404 168 200
504 168 28.6944
519 168 28.6944
542 168 22.3214
23 169 18.2648
56 169 22.3214
77 169 22.3214
78 169 22.3214
105 169 22.3214
138 169 28.6944
139 169 28.6944
147 169 28.6944
283 169 66.8896
297 169 66.8896
298 169 66.8896
322 169 200
340 169 15.456
342 169 15.456
350 169 10.5764
353 169 9.56938
375 169 200
504 169 28.6944
518 169 28.6944
519 169 28.6944
542 169 22.3214
23 170 18.2648
55 170 22.3214
56 170 22.3214
81 170 18.2648
82 170 18.2648
138 170 28.6944
139 170 28.6944
147 170 28.6944
213 170 40.1606
283 170 66.8896
284 170 66.8896
297 170 66.8896
298 170 66.8896
309 170 66.8896
322 170 200
340 170 15.456
350 170 22.3214
353 170 18.2648
364 170 200
375 170 200
518 170 28.6944
23 171 18.2648
56 171 22.3214
81 171 18.2648
89 171 18.2648
90 171 18.2648
139 171 28.6944
147 171 28.6944
197 171 28.6944
198 171 28.6944
200 171 22.3214
201 171 22.3214
213 171 40.1606
284 171 66.8896
297 171 66.8896
298 171 66.8896
309 171 66.8896
312 171 40.1606
322 171 200
340 171 15.456
350 171 22.3214
364 171 200
365 171 200
375 171 200
517 171 28.6944
23 172 18.2648
56 172 22.3214
79 172 18.2648
88 172 18.2648
89 172 18.2648
103 172 22.3214
104 172 22.3214
175 172 28.6944
197 172 28.6944
198 172 28.6944
200 172 22.3214
201 172 22.3214
213 172 40.1606
298 172 66.8896
322 172 200
340 172 15.456
346 172 11.8203
350 172 22.3214
352 172 22.3214
364 172 200
375 172 200
517 172 28.6944
23 173 18.2648
56 173 22.3214
79 173 18.2648
88 173 18.2648
103 173 22.3214
145 173 28.6944
146 173 28.6944
176 173 28.6944
189 173 40.1606
190 173 40.1606
198 173 28.6944
213 173 40.1606
284 173 66.8896
298 173 66.8896
322 173 200
340 173 15.456
346 173 11.8203
352 173 200
365 173 200
375 173 200
379 173 66.8896
383 173 200
23 174 18.2648
56 174 22.3214
79 174 18.2648
87 174 18.2648
88 174 18.2648
104 174 22.3214
145 174 28.6944
146 174 28.6944
189 174 40.1606
190 174 40.1606
297 174 66.8896
298 174 66.8896
322 174 200
340 174 15.456
346 174 11.8203
375 174 200
383 174 200
502 174 28.6944
503 174 28.6944
23 175 18.2648
78 175 18.2648
79 175 18.2648
87 175 18.2648
88 175 18.2648
98 175 22.3214
122 175 28.6944
127 175 28.6944
128 175 28.6944
145 175 28.6944
146 175 28.6944
189 175 40.1606
281 175 200
284 175 66.8896
298 175 66.8896
322 175 200
340 175 66.8896
346 175 40.1606
383 175 200
393 175 200
494 175 66.8896
502 175 28.6944
503 175 28.6944
23 176 18.2648
78 176 18.2648
87 176 18.2648
98 176 22.3214
122 176 28.6944
127 176 28.6944
128 176 28.6944
139 176 28.6944
145 176 28.6944
146 176 28.6944
189 176 40.1606
190 176 40.1606
298 176 66.8896
322 176 200
339 176 66.8896
346 176 40.1606
365 176 200
368 176 66.8896
482 176 66.8896
483 176 66.8896
486 176 40.1606
499 176 40.1606
507 176 22.3214
543 176 22.3214
23 177 18.2648
56 177 22.3214
77 177 18.2648
78 177 18.2648
86 177 18.2648
87 177 18.2648
98 177 22.3214
128 177 28.6944
139 177 28.6944
145 177 28.6944
146 177 28.6944
189 177 40.1606
190 177 40.1606
241 177 40.1606
284 177 66.8896
298 177 66.8896
322 177 200
336 177 11.8203
339 177 200
341 177 200
346 177 40.1606
365 177 200
499 177 40.1606
519 177 40.1606
543 177 22.3214
23 178 18.2648
55 178 22.3214
56 178 22.3214
77 178 18.2648
85 178 18.2648
86 178 18.2648
98 178 22.3214
128 178 28.6944
145 178 28.6944
146 178 28.6944
164 178 28.6944
240 178 40.1606
284 178 66.8896
298 178 66.8896
346 178 40.1606
519 178 40.1606
23 179 18.2648
56 179 22.3214
77 179 18.2648
85 179 18.2648
98 179 22.3214
123 179 22.3214
128 179 28.6944
145 179 28.6944
146 179 28.6944
160 179 28.6944
162 179 28.6944
164 179 28.6944
216 179 28.6944
298 179 66.8896
316 179 66.8896
375 179 200
376 179 200
23 180 18.2648
56 180 22.3214
77 180 18.2648
84 180 18.2648
85 180 18.2648
98 180 22.3214
123 180 22.3214
128 180 28.6944
145 180 28.6944
146 180 28.6944
159 180 28.6944
160 180 28.6944
164 180 28.6944
208 180 22.3214
216 180 28.6944
316 180 66.8896
322 180 200
346 180 200
353 180 9.56938
376 180 200
517 180 40.1606
23 181 18.2648
55 181 22.3214
56 181 22.3214
76 181 18.2648
77 181 18.2648
84 181 18.2648
98 181 22.3214
123 181 22.3214
145 181 28.6944
146 181 28.6944
159 181 28.6944
164 181 28.6944
189 181 40.1606
247 181 40.1606
340 181 15.456
353 181 9.56938
365 181 200
519 181 40.1606
23 182 18.2648
24 182 18.2648
55 182 22.3214
56 182 22.3214
76 182 18.2648
77 182 18.2648
83 182 18.2648
84 182 18.2648
98 182 22.3214
145 182 28.6944
146 182 28.6944
189 182 40.1606
201 182 28.6944
275 182 40.1606
322 182 200
340 182 15.456
343 182 13.3958
350 182 10.5764
353 182 9.56938
364 182 200
519 182 28.6944
23 183 18.2648
24 183 18.2648
55 183 22.3214
56 183 22.3214
76 183 18.2648
83 183 18.2648
98 183 22.3214
128 183 28.6944
145 183 28.6944
146 183 28.6944
189 183 40.1606
276 183 40.1606
322 183 200
340 183 15.456
343 183 13.3958
350 183 10.5764
353 183 9.56938
364 183 200
365 183 200
369 183 18.2648
448 183 6.09013
517 183 40.1606
23 184 18.2648
24 184 18.2648
56 184 22.3214
75 184 18.2648
76 184 18.2648
83 184 18.2648
98 184 22.3214
128 184 28.6944
184 184 28.6944
322 184 200
324 184 200
340 184 15.456
343 184 13.3958
350 184 10.5764
352 184 10.5764
353 184 66.8896
359 184 200
365 184 200
369 184 18.2648
437 184 200
444 184 6.48298
521 184 22.3214
23 185 18.2648
24 185 18.2648
56 185 22.3214
75 185 18.2648
76 185 18.2648
83 185 18.2648
98 185 22.3214
139 185 28.6944
140 185 28.6944
148 185 28.6944
184 185 28.6944
206 185 28.6944
208 185 28.6944
235 185 28.6944
268 185 66.8896
269 185 66.8896
322 185 200
324 185 200
340 185 15.456
343 185 13.3958
516 185 28.6944
521 185 22.3214
23 186 18.2648
24 186 18.2648
56 186 22.3214
75 186 18.2648
76 186 18.2648
83 186 18.2648
98 186 22.3214
206 186 28.6944
213 186 15.456
216 186 22.3214
273 186 40.1606
322 186 200
324 186 200
340 186 15.456
360 186 200
376 186 200
438 186 200
487 186 66.8896
24 187 18.2648
56 187 22.3214
75 187 18.2648
76 187 18.2648
82 187 18.2648
83 187 18.2648
98 187 22.3214
99 187 22.3214
129 187 28.6944
182 187 28.6944
206 187 28.6944
210 187 66.8896
269 187 66.8896
273 187 40.1606
322 187 200
340 187 15.456
360 187 200
367 187 200
376 187 200
439 187 22.3214
516 187 28.6944
24 188 18.2648
56 188 22.3214
75 188 18.2648
76 188 18.2648
82 188 18.2648
83 188 18.2648
86 188 22.3214
129 188 28.6944
138 188 28.6944
152 188 28.6944
182 188 28.6944
206 188 28.6944
207 188 28.6944
229 188 40.1606
273 188 40.1606
322 188 200
340 188 15.456
346 188 11.8203
360 188 200
367 188 200
370 188 66.8896
396 188 40.1606
398 188 40.1606
431 188 40.1606
433 188 28.6944
434 188 28.6944
452 188 11.8203
453 188 11.8203
503 188 28.6944
504 188 28.6944
24 189 18.2648
56 189 22.3214
76 189 18.2648
82 189 18.2648
83 189 18.2648
86 189 22.3214
114 189 22.3214
129 189 28.6944
138 189 28.6944
151 189 28.6944
152 189 28.6944
153 189 28.6944
182 189 28.6944
207 189 28.6944
229 189 40.1606
322 189 200
340 189 15.456
346 189 11.8203
367 189 200
390 189 66.8896
396 189 40.1606
398 189 40.1606
431 189 40.1606
433 189 40.1606
441 189 18.2648
442 189 18.2648
517 189 28.6944
522 189 22.3214
23 190 18.2648
24 190 18.2648
56 190 22.3214
75 190 18.2648
76 190 18.2648
78 190 18.2648
81 190 18.2648
82 190 18.2648
106 190 18.2648
152 190 28.6944
182 190 28.6944
322 190 200
324 190 200
337 190 18.2648
340 190 15.456
346 190 11.8203
429 190 66.8896
436 190 200
445 190 40.1606
478 190 66.8896
517 190 28.6944
24 191 18.2648
56 191 22.3214
75 191 18.2648
78 191 18.2648
81 191 18.2648
82 191 18.2648
85 191 22.3214
182 191 28.6944
268 191 66.8896
298 191 66.8896
308 191 22.3214
322 191 66.8896
324 191 66.8896
337 191 18.2648
340 191 15.456
341 191 15.456
346 191 11.8203
364 191 200
431 191 66.8896
438 191 200
445 191 40.1606
502 191 28.6944
517 191 28.6944
56 192 22.3214
57 192 22.3214
75 192 18.2648
81 192 18.2648
82 192 18.2648
100 192 22.3214
118 192 18.2648
182 192 28.6944
207 192 28.6944
268 192 66.8896
284 192 66.8896
298 192 66.8896
316 192 13.3958
324 192 66.8896
337 192 18.2648
340 192 15.456
341 192 15.456
346 192 40.1606
349 192 28.6944
360 192 200
364 192 200
375 192 28.6944
392 192 66.8896
396 192 40.1606
398 192 40.1606
435 192 200
439 192 200
443 192 40.1606
445 192 40.1606
502 192 28.6944
517 192 28.6944
75 193 18.2648
81 193 18.2648
82 193 18.2648
105 193 22.3214
122 193 28.6944
124 193 28.6944
125 193 22.3214
127 193 28.6944
145 193 28.6944
146 193 28.6944
149 193 28.6944
176 193 28.6944
181 193 28.6944
182 193 28.6944
207 193 28.6944
268 193 66.8896
284 193 66.8896
287 193 66.8896
298 193 66.8896
324 193 66.8896
341 193 15.456
346 193 40.1606
360 193 200
365 193 200
370 193 200
372 193 200
375 193 28.6944
376 193 28.6944
392 193 66.8896
396 193 40.1606
439 193 200
443 193 40.1606
445 193 40.1606
517 193 28.6944
24 194 18.2648
74 194 18.2648
75 194 18.2648
81 194 18.2648
82 194 18.2648
107 194 22.3214
129 194 28.6944
145 194 28.6944
146 194 28.6944
182 194 28.6944
204 194 40.1606
207 194 28.6944
217 194 28.6944
237 194 40.1606
268 194 66.8896
284 194 200
285 194 66.8896
288 194 66.8896
293 194 66.8896
298 194 66.8896
323 194 66.8896
324 194 66.8896
360 194 200
365 194 200
370 194 200
372 194 200
375 194 28.6944
376 194 28.6944
445 194 40.1606
517 194 28.6944
24 195 18.2648
56 195 22.3214
57 195 22.3214
74 195 18.2648
146 195 28.6944
184 195 28.6944
237 195 40.1606
268 195 66.8896
285 195 200
288 195 66.8896
290 195 66.8896
293 195 66.8896
298 195 66.8896
319 195 66.8896
324 195 66.8896
360 195 200
365 195 200
370 195 200
375 195 40.1606
400 195 10.5764
433 195 200
434 195 200
517 195 28.6944
24 196 18.2648
40 196 22.3214
41 196 22.3214
51 196 22.3214
56 196 22.3214
57 196 22.3214
73 196 18.2648
74 196 18.2648
81 196 18.2648
130 196 28.6944
210 196 28.6944
268 196 66.8896
285 196 200
288 196 66.8896
290 196 66.8896
293 196 66.8896
298 196 66.8896
319 196 66.8896
324 196 66.8896
327 196 40.1606
360 196 200
370 196 200
399 196 10.5764
433 196 200
434 196 200
437 196 200
440 196 66.8896
441 196 40.1606
442 196 40.1606
443 196 40.1606
444 196 40.1606
459 196 3.79219
502 196 28.6944
517 196 28.6944
24 197 18.2648
40 197 22.3214
41 197 22.3214
42 197 22.3214
51 197 22.3214
73 197 18.2648
80 197 18.2648
81 197 18.2648
121 197 22.3214
129 197 28.6944
130 197 28.6944
145 197 28.6944
147 197 28.6944
148 197 28.6944
159 197 28.6944
166 197 28.6944
285 197 200
288 197 66.8896
293 197 66.8896
298 197 66.8896
324 197 66.8896
333 197 22.3214
360 197 200
375 197 40.1606
389 197 200
395 197 40.1606
398 197 10.5764
434 197 200
437 197 200
440 197 66.8896
442 197 40.1606
443 197 40.1606
444 197 40.1606
450 197 4.10172
457 197 3.79219
481 197 8.73744
502 197 28.6944
517 197 28.6944
72 198 18.2648
73 198 18.2648
80 198 18.2648
81 198 18.2648
190 198 28.6944
260 198 40.1606
267 198 66.8896
285 198 200
288 198 66.8896
293 198 66.8896
298 198 66.8896
345 198 22.3214
349 198 15.456
360 198 200
368 198 200
369 198 200
372 198 66.8896
374 198 40.1606
375 198 40.1606
383 198 22.3214
389 198 200
431 198 40.1606
437 198 200
439 198 66.8896
440 198 66.8896
442 198 40.1606
443 198 40.1606
450 198 4.10172
453 198 3.94089
454 198 3.94089
473 198 10.5764
498 198 40.1606
502 198 28.6944
517 198 28.6944
24 199 18.2648
25 199 18.2648
53 199 22.3214
54 199 22.3214
72 199 18.2648
73 199 18.2648
80 199 18.2648
120 199 22.3214
121 199 22.3214
190 199 22.3214
206 199 22.3214
219 199 28.6944
285 199 200
288 199 66.8896
290 199 66.8896
293 199 66.8896
298 199 66.8896
307 199 15.456
317 199 66.8896
345 199 22.3214
360 199 200
368 199 200
371 199 66.8896
372 199 66.8896
373 199 40.1606
374 199 40.1606
375 199 40.1606
376 199 40.1606
431 199 40.1606
434 199 200
437 199 200
438 199 66.8896
439 199 66.8896
440 199 66.8896
441 199 66.8896
442 199 40.1606
443 199 40.1606
444 199 40.1606
468 199 66.8896
490 199 40.1606
498 199 40.1606
517 199 28.6944
25 200 18.2648
53 200 22.3214
54 200 22.3214
55 200 22.3214
72 200 18.2648
73 200 18.2648
79 200 18.2648
80 200 18.2648
120 200 22.3214
121 200 22.3214
213 200 28.6944
268 200 66.8896
285 200 200
288 200 66.8896
290 200 66.8896
293 200 66.8896
295 200 66.8896
298 200 66.8896
317 200 66.8896
332 200 28.6944
338 200 40.1606
345 200 22.3214
350 200 15.456
368 200 200
371 200 66.8896
372 200 66.8896
373 200 40.1606
374 200 40.1606
376 200 40.1606
398 200 40.1606
431 200 40.1606
437 200 200
439 200 66.8896
440 200 66.8896
441 200 66.8896
442 200 40.1606
443 200 40.1606
444 200 40.1606
495 200 66.8896
498 200 40.1606
502 200 28.6944
503 200 28.6944
513 200 40.1606
517 200 28.6944
72 201 18.2648
73 201 18.2648
79 201 18.2648
80 201 18.2648
109 201 18.2648
120 201 22.3214
188 201 22.3214
213 201 28.6944
249 201 40.1606
254 201 40.1606
256 201 40.1606
288 201 66.8896
317 201 66.8896
325 201 66.8896
332 201 28.6944
334 201 28.6944
338 201 40.1606
339 201 40.1606
342 201 28.6944
345 201 22.3214
350 201 18.2648
357 201 28.6944
366 201 200
368 201 200
371 201 66.8896
372 201 66.8896
373 201 40.1606
374 201 40.1606
375 201 40.1606
396 201 40.1606
398 201 40.1606
439 201 66.8896
490 201 40.1606
498 201 40.1606
517 201 28.6944
21 202 18.2648
72 202 18.2648
79 202 18.2648
80 202 18.2648
105 202 22.3214
109 202 18.2648
120 202 22.3214
123 202 22.3214
188 202 22.3214
213 202 28.6944
249 202 40.1606
317 202 66.8896
325 202 66.8896
332 202 28.6944
334 202 28.6944
338 202 40.1606
339 202 40.1606
342 202 28.6944
348 202 18.2648
354 202 40.1606
357 202 28.6944
369 202 200
371 202 66.8896
372 202 66.8896
374 202 40.1606
375 202 40.1606
396 202 40.1606
431 202 66.8896
489 202 40.1606
498 202 40.1606
499 202 40.1606
517 202 28.6944
21 203 18.2648
22 203 18.2648
71 203 18.2648
79 203 18.2648
80 203 18.2648
120 203 22.3214
123 203 22.3214
188 203 22.3214
317 203 66.8896
325 203 66.8896
332 203 28.6944
334 203 28.6944
338 203 40.1606
339 203 40.1606
348 203 18.2648
354 203 40.1606
360 203 200
396 203 40.1606
407 203 5.43183
431 203 66.8896
457 203 200
459 203 66.8896
460 203 66.8896
489 203 40.1606
498 203 40.1606
499 203 40.1606
502 203 28.6944
513 203 40.1606
518 203 28.6944
528 203 10.5764
22 204 18.2648
23 204 18.2648
60 204 22.3214
61 204 22.3214
71 204 18.2648
80 204 18.2648
120 204 22.3214
123 204 22.3214
151 204 22.3214
154 204 18.2648
188 204 22.3214
201 204 28.6944
317 204 66.8896
323 204 40.1606
332 204 28.6944
348 204 40.1606
354 204 40.1606
360 204 200
361 204 200
377 204 40.1606
396 204 40.1606
431 204 66.8896
457 204 200
460 204 66.8896
489 204 40.1606
498 204 40.1606
499 204 40.1606
502 204 28.6944
503 204 28.6944
518 204 28.6944
22 205 18.2648
23 205 18.2648
60 205 22.3214
61 205 22.3214
71 205 18.2648
80 205 18.2648
123 205 22.3214
128 205 22.3214
139 205 22.3214
150 205 22.3214
157 205 22.3214
188 205 22.3214
317 205 66.8896
318 205 66.8896
323 205 40.1606
324 205 40.1606
345 205 40.1606
369 205 40.1606
376 205 200
377 205 200
431 205 66.8896
460 205 66.8896
489 205 40.1606
499 205 40.1606
518 205 28.6944
71 206 18.2648
80 206 18.2648
81 206 18.2648
123 206 22.3214
134 206 22.3214
136 206 22.3214
139 206 22.3214
149 206 22.3214
188 206 22.3214
266 206 40.1606
267 206 40.1606
317 206 66.8896
318 206 66.8896
323 206 28.6944
324 206 28.6944
345 206 40.1606
346 206 40.1606
356 206 200
363 206 200
377 206 200
396 206 40.1606
410 206 40.1606
431 206 66.8896
489 206 40.1606
499 206 40.1606
503 206 28.6944
518 206 28.6944
70 207 18.2648
71 207 18.2648
80 207 18.2648
81 207 18.2648
123 207 22.3214
139 207 22.3214
149 207 22.3214
158 207 22.3214
188 207 22.3214
317 207 200
318 207 66.8896
323 207 40.1606
324 207 40.1606
346 207 40.1606
350 207 28.6944
356 207 200
397 207 18.2648
489 207 40.1606
495 207 66.8896
499 207 40.1606
503 207 28.6944
518 207 28.6944
3 208 18.2648
70 208 18.2648
71 208 18.2648
80 208 18.2648
81 208 18.2648
117 208 18.2648
123 208 22.3214
138 208 22.3214
139 208 22.3214
149 208 22.3214
188 208 22.3214
215 208 28.6944
216 208 28.6944
268 208 40.1606
313 208 200
317 208 200
318 208 200
323 208 40.1606
324 208 40.1606
337 208 15.456
346 208 40.1606
350 208 28.6944
353 208 22.3214
379 208 200
399 208 18.2648
475 208 40.1606
489 208 40.1606
495 208 66.8896
499 208 40.1606
503 208 28.6944
515 208 28.6944
518 208 28.6944
3 209 18.2648
70 209 18.2648
71 209 18.2648
80 209 18.2648
81 209 18.2648
123 209 22.3214
138 209 22.3214
139 209 22.3214
143 209 15.456
144 209 15.456
145 209 15.456
149 209 22.3214
161 209 22.3214
163 209 22.3214
188 209 22.3214
215 209 28.6944
249 209 40.1606
263 209 40.1606
317 209 200
318 209 200
320 209 200
321 209 40.1606
324 209 40.1606
331 209 200
332 209 200
337 209 15.456
338 209 15.456
378 209 200
379 209 200
407 209 40.1606
410 209 15.456
448 209 66.8896
473 209 66.8896
475 209 40.1606
480 209 28.6944
489 209 40.1606
495 209 66.8896
499 209 40.1606
503 209 28.6944
518 209 28.6944
3 210 18.2648
71 210 18.2648
79 210 18.2648
80 210 18.2648
123 210 22.3214
138 210 22.3214
139 210 22.3214
143 210 15.456
144 210 15.456
149 210 22.3214
164 210 22.3214
180 210 22.3214
188 210 22.3214
190 210 22.3214
214 210 28.6944
249 210 40.1606
263 210 40.1606
317 210 200
318 210 200
320 210 66.8896
321 210 66.8896
332 210 22.3214
336 210 15.456
342 210 66.8896
346 210 40.1606
350 210 28.6944
396 210 40.1606
398 210 40.1606
448 210 66.8896
473 210 66.8896
476 210 40.1606
489 210 40.1606
495 210 66.8896
499 210 40.1606
503 210 28.6944
518 210 28.6944
3 211 18.2648
71 211 18.2648
79 211 18.2648
80 211 18.2648
123 211 22.3214
138 211 22.3214
139 211 22.3214
150 211 22.3214
164 211 22.3214
188 211 22.3214
190 211 22.3214
213 211 28.6944
249 211 40.1606
308 211 200
312 211 66.8896
317 211 200
318 211 200
321 211 66.8896
330 211 200
335 211 15.456
346 211 40.1606
350 211 28.6944
361 211 13.3958
396 211 40.1606
398 211 40.1606
473 211 66.8896
476 211 40.1606
480 211 28.6944
489 211 40.1606
495 211 66.8896
499 211 40.1606
503 211 28.6944
518 211 28.6944
3 212 18.2648
71 212 18.2648
79 212 18.2648
80 212 18.2648
121 212 22.3214
123 212 22.3214
139 212 22.3214
151 212 22.3214
188 212 22.3214
190 212 22.3214
212 212 28.6944
213 212 28.6944
248 212 40.1606
267 212 40.1606
272 212 40.1606
317 212 200
318 212 200
321 212 66.8896
330 212 200
335 212 40.1606
336 212 40.1606
346 212 40.1606
347 212 40.1606
351 212 22.3214
357 212 66.8896
361 212 13.3958
365 212 11.8203
373 212 200
396 212 40.1606
431 212 40.1606
476 212 40.1606
480 212 28.6944
489 212 40.1606
495 212 66.8896
499 212 40.1606
503 212 28.6944
518 212 28.6944
3 213 18.2648
70 213 18.2648
71 213 18.2648
79 213 18.2648
80 213 18.2648
108 213 18.2648
121 213 22.3214
123 213 22.3214
139 213 22.3214
158 213 28.6944
159 213 28.6944
188 213 22.3214
190 213 22.3214
212 213 28.6944
248 213 40.1606
267 213 40.1606
268 213 40.1606
269 213 40.1606
273 213 40.1606
274 213 40.1606
277 213 40.1606
278 213 40.1606
317 213 200
318 213 200
320 213 66.8896
321 213 66.8896
330 213 200
336 213 40.1606
342 213 22.3214
352 213 18.2648
372 213 200
392 213 66.8896
395 213 40.1606
396 213 40.1606
398 213 40.1606
431 213 40.1606
447 213 200
451 213 66.8896
480 213 28.6944
489 213 40.1606
499 213 40.1606
503 213 28.6944
518 213 28.6944
3 214 18.2648
70 214 18.2648
71 214 18.2648
79 214 18.2648
80 214 18.2648
121 214 22.3214
123 214 22.3214
124 214 22.3214
139 214 22.3214
163 214 22.3214
190 214 22.3214
198 214 40.1606
212 214 28.6944
248 214 40.1606
268 214 40.1606
269 214 40.1606
270 214 200
274 214 40.1606
277 214 40.1606
278 214 40.1606
317 214 200
321 214 66.8896
329 214 200
336 214 40.1606
352 214 18.2648
354 214 13.3958
359 214 15.456
361 214 15.456
371 214 200
372 214 200
392 214 66.8896
395 214 40.1606
396 214 40.1606
398 214 40.1606
427 214 66.8896
431 214 40.1606
447 214 200
451 214 66.8896
489 214 40.1606
499 214 40.1606
503 214 28.6944
518 214 28.6944
3 215 18.2648
70 215 18.2648
79 215 18.2648
92 215 18.2648
113 215 22.3214
123 215 22.3214
124 215 22.3214
139 215 22.3214
163 215 22.3214
190 215 22.3214
194 215 66.8896
202 215 28.6944
211 215 28.6944
212 215 28.6944
241 215 40.1606
274 215 40.1606
275 215 40.1606
283 215 18.2648
284 215 18.2648
301 215 66.8896
329 215 200
335 215 40.1606
336 215 40.1606
342 215 22.3214
346 215 40.1606
352 215 18.2648
357 215 66.8896
359 215 15.456
360 215 15.456
361 215 15.456
366 215 28.6944
368 215 28.6944
392 215 66.8896
395 215 40.1606
396 215 40.1606
398 215 40.1606
427 215 66.8896
431 215 40.1606
447 215 200
451 215 66.8896
459 215 40.1606
460 215 40.1606
461 215 40.1606
473 215 66.8896
489 215 40.1606
499 215 40.1606
503 215 28.6944
518 215 28.6944
3 216 18.2648
69 216 18.2648
70 216 18.2648
79 216 18.2648
92 216 18.2648
107 216 18.2648
112 216 22.3214
123 216 22.3214
124 216 22.3214
139 216 22.3214
164 216 22.3214
190 216 22.3214
194 216 66.8896
201 216 28.6944
241 216 40.1606
275 216 40.1606
328 216 200
334 216 40.1606
347 216 40.1606
350 216 28.6944
366 216 28.6944
367 216 28.6944
368 216 28.6944
392 216 66.8896
396 216 40.1606
398 216 40.1606
447 216 200
451 216 66.8896
466 216 66.8896
473 216 66.8896
495 216 66.8896
499 216 40.1606
503 216 28.6944
518 216 28.6944
3 217 18.2648
69 217 18.2648
70 217 18.2648
79 217 18.2648
92 217 18.2648
124 217 22.3214
139 217 22.3214
142 217 18.2648
164 217 22.3214
212 217 28.6944
232 217 40.1606
241 217 40.1606
244 217 28.6944
275 217 40.1606
313 217 66.8896
323 217 200
328 217 200
334 217 40.1606
347 217 40.1606
350 217 28.6944
396 217 40.1606
435 217 200
437 217 200
447 217 200
448 217 200
450 217 66.8896
451 217 66.8896
495 217 66.8896
499 217 40.1606
503 217 28.6944
518 217 28.6944
3 218 18.2648
69 218 18.2648
70 218 18.2648
79 218 18.2648
124 218 22.3214
139 218 22.3214
143 218 18.2648
158 218 22.3214
212 218 28.6944
214 218 28.6944
241 218 40.1606
274 218 40.1606
275 218 40.1606
313 218 66.8896
318 218 200
322 218 200
323 218 200
328 218 200
333 218 40.1606
334 218 40.1606
346 218 40.1606
347 218 40.1606
350 218 28.6944
351 218 28.6944
354 218 200
357 218 18.2648
396 218 40.1606
447 218 200
450 218 66.8896
451 218 66.8896
479 218 40.1606
495 218 66.8896
499 218 40.1606
503 218 28.6944
514 218 40.1606
518 218 28.6944
3 219 18.2648
69 219 18.2648
70 219 18.2648
78 219 18.2648
79 219 18.2648
139 219 22.3214
198 219 28.6944
212 219 28.6944
234 219 40.1606
241 219 40.1606
275 219 40.1606
329 219 200
334 219 40.1606
347 219 40.1606
354 219 200
357 219 18.2648
451 219 66.8896
479 219 40.1606
495 219 66.8896
499 219 40.1606
503 219 28.6944
514 219 40.1606
518 219 28.6944
3 220 18.2648
69 220 18.2648
79 220 18.2648
109 220 18.2648
121 220 22.3214
139 220 22.3214
140 220 22.3214
163 220 22.3214
164 220 22.3214
188 220 22.3214
190 220 22.3214
233 220 40.1606
234 220 40.1606
241 220 40.1606
275 220 40.1606
278 220 28.6944
333 220 40.1606
334 220 40.1606
347 220 15.456
357 220 18.2648
451 220 66.8896
478 220 40.1606
479 220 40.1606
495 220 66.8896
499 220 40.1606
503 220 28.6944
3 221 18.2648
69 221 18.2648
70 221 18.2648
78 221 18.2648
79 221 18.2648
109 221 18.2648
121 221 22.3214
139 221 22.3214
163 221 22.3214
164 221 22.3214
190 221 22.3214
211 221 28.6944
215 221 40.1606
241 221 40.1606
275 221 40.1606
278 221 28.6944
284 221 18.2648
313 221 66.8896
317 221 40.1606
330 221 40.1606
333 221 40.1606
334 221 40.1606
347 221 15.456
350 221 13.3958
358 221 18.2648
359 221 18.2648
450 221 66.8896
451 221 66.8896
479 221 40.1606
499 221 40.1606
503 221 28.6944
510 221 66.8896
514 221 40.1606
519 221 28.6944
3 222 18.2648
69 222 18.2648
70 222 18.2648
79 222 18.2648
94 222 18.2648
99 222 18.2648
105 222 18.2648
120 222 22.3214
121 222 22.3214
134 222 22.3214
139 222 22.3214
163 222 22.3214
164 222 22.3214
189 222 22.3214
190 222 22.3214
211 222 28.6944
215 222 40.1606
240 222 40.1606
241 222 40.1606
275 222 40.1606
313 222 66.8896
317 222 40.1606
334 222 40.1606
347 222 15.456
350 222 13.3958
354 222 22.3214
359 222 18.2648
390 222 200
454 222 66.8896
461 222 66.8896
479 222 40.1606
503 222 28.6944
514 222 40.1606
519 222 28.6944
3 223 18.2648
69 223 18.2648
70 223 18.2648
79 223 18.2648
80 223 18.2648
94 223 18.2648
95 223 18.2648
99 223 18.2648
120 223 22.3214
121 223 22.3214
134 223 22.3214
139 223 22.3214
140 223 22.3214
189 223 22.3214
190 223 22.3214
211 223 28.6944
215 223 40.1606
237 223 40.1606
240 223 28.6944
275 223 40.1606
313 223 66.8896
317 223 40.1606
334 223 40.1606
347 223 15.456
350 223 13.3958
355 223 22.3214
356 223 18.2648
394 223 40.1606
450 223 66.8896
454 223 66.8896
457 223 200
458 223 200
473 223 66.8896
479 223 40.1606
503 223 28.6944
519 223 28.6944
69 224 18.2648
70 224 18.2648
79 224 18.2648
80 224 18.2648
120 224 22.3214
121 224 22.3214
134 224 22.3214
140 224 22.3214
211 224 28.6944
237 224 40.1606
240 224 28.6944
275 224 40.1606
330 224 66.8896
334 224 40.1606
345 224 15.456
347 224 15.456
348 224 15.456
350 224 13.3958
355 224 22.3214
356 224 22.3214
358 224 9.56938
359 224 9.56938
388 224 200
454 224 66.8896
479 224 40.1606
503 224 28.6944
514 224 40.1606
519 224 28.6944
3 225 18.2648
70 225 18.2648
79 225 18.2648
80 225 18.2648
95 225 18.2648
120 225 22.3214
121 225 22.3214
134 225 22.3214
221 225 40.1606
237 225 40.1606
240 225 28.6944
274 225 40.1606
275 225 40.1606
330 225 66.8896
333 225 40.1606
334 225 40.1606
345 225 40.1606
347 225 40.1606
359 225 9.56938
387 225 200
395 225 40.1606
431 225 40.1606
434 225 28.6944
479 225 40.1606
503 225 28.6944
519 225 28.6944
3 226 18.2648
70 226 18.2648
79 226 18.2648
80 226 18.2648
90 226 22.3214
95 226 18.2648
96 226 18.2648
107 226 22.3214
120 226 22.3214
121 226 22.3214
190 226 22.3214
215 226 40.1606
216 226 40.1606
237 226 40.1606
240 226 28.6944
269 226 200
270 226 200
274 226 40.1606
275 226 40.1606
276 226 40.1606
330 226 66.8896
333 226 40.1606
334 226 40.1606
354 226 200
359 226 18.2648
386 226 200
394 226 66.8896
395 226 66.8896
396 226 40.1606
397 226 40.1606
402 226 28.6944
404 226 28.6944
423 226 200
424 226 200
426 226 66.8896
431 226 40.1606
432 226 28.6944
433 226 40.1606
434 226 28.6944
479 226 40.1606
503 226 28.6944
519 226 28.6944
3 227 18.2648
69 227 18.2648
70 227 18.2648
79 227 18.2648
80 227 18.2648
96 227 18.2648
107 227 22.3214
120 227 22.3214
121 227 22.3214
152 227 22.3214
171 227 22.3214
172 227 22.3214
190 227 22.3214
215 227 40.1606
216 227 40.1606
275 227 40.1606
276 227 40.1606
334 227 40.1606
345 227 40.1606
354 227 200
359 227 28.6944
395 227 66.8896
396 227 40.1606
398 227 40.1606
400 227 28.6944
402 227 28.6944
404 227 22.3214
422 227 200
423 227 200
424 227 200
426 227 66.8896
428 227 40.1606
429 227 40.1606
432 227 28.6944
434 227 28.6944
436 227 28.6944
437 227 15.456
442 227 6.48298
443 227 6.48298
444 227 6.48298
479 227 40.1606
500 227 40.1606
501 227 40.1606
519 227 28.6944
3 228 18.2648
69 228 18.2648
70 228 18.2648
79 228 18.2648
80 228 18.2648
96 228 18.2648
98 228 18.2648
102 228 28.6944
106 228 22.3214
120 228 22.3214
121 228 22.3214
126 228 22.3214
157 228 22.3214
190 228 22.3214
207 228 28.6944
212 228 40.1606
219 228 40.1606
266 228 40.1606
275 228 40.1606
276 228 40.1606
279 228 28.6944
334 228 40.1606
335 228 40.1606
341 228 22.3214
345 228 40.1606
349 228 200
354 228 200
357 228 40.1606
359 228 40.1606
383 228 66.8896
397 228 66.8896
400 228 28.6944
402 228 22.3214
403 228 22.3214
423 228 200
427 228 40.1606
429 228 22.3214
430 228 40.1606
442 228 6.48298
443 228 6.48298
479 228 40.1606
500 228 40.1606
501 228 40.1606
503 228 28.6944
519 228 28.6944
70 229 18.2648
80 229 18.2648
105 229 22.3214
106 229 22.3214
120 229 22.3214
121 229 22.3214
156 229 22.3214
157 229 22.3214
212 229 40.1606
213 229 40.1606
218 229 40.1606
266 229 40.1606
267 229 40.1606
269 229 40.1606
270 229 40.1606
354 229 200
357 229 40.1606
359 229 40.1606
400 229 28.6944
403 229 22.3214
406 229 6.09013
413 229 5.43183
423 229 200
430 229 22.3214
456 229 3.1903
479 229 40.1606
519 229 28.6944
70 230 18.2648
71 230 18.2648
80 230 18.2648
81 230 18.2648
105 230 22.3214
106 230 22.3214
120 230 22.3214
121 230 22.3214
213 230 40.1606
216 230 40.1606
217 230 40.1606
270 230 40.1606
272 230 40.1606
323 230 40.1606
352 230 200
354 230 200
357 230 40.1606
359 230 66.8896
381 230 66.8896
397 230 40.1606
403 230 22.3214
406 230 6.09013
409 230 5.74218
410 230 5.74218
426 230 40.1606
453 230 3.29489
503 230 28.6944
516 230 28.6944
519 230 28.6944
71 231 18.2648
81 231 18.2648
105 231 22.3214
106 231 22.3214
121 231 22.3214
198 231 28.6944
207 231 28.6944
272 231 40.1606
323 231 40.1606
345 231 40.1606
383 231 66.8896
394 231 40.1606
395 231 66.8896
406 231 6.09013
407 231 6.09013
429 231 40.1606
503 231 28.6944
519 231 28.6944
4 232 18.2648
71 232 18.2648
72 232 18.2648
81 232 18.2648
105 232 22.3214
121 232 22.3214
198 232 28.6944
201 232 28.6944
207 232 28.6944
275 232 40.1606
345 232 40.1606
348 232 28.6944
350 232 28.6944
355 232 66.8896
395 232 66.8896
399 232 66.8896
429 232 40.1606
431 232 40.1606
503 232 28.6944
519 232 28.6944
4 233 18.2648
71 233 18.2648
72 233 18.2648
81 233 18.2648
93 233 22.3214
104 233 18.2648
121 233 22.3214
122 233 22.3214
170 233 28.6944
202 233 28.6944
285 233 40.1606
345 233 40.1606
348 233 28.6944
351 233 22.3214
352 233 22.3214
420 233 200
421 233 66.8896
423 233 66.8896
428 233 40.1606
429 233 40.1606
431 233 40.1606
503 233 28.6944
519 233 28.6944
523 233 22.3214
4 234 18.2648
72 234 18.2648
81 234 18.2648
82 234 18.2648
104 234 18.2648
121 234 22.3214
122 234 22.3214
150 234 28.6944
156 234 28.6944
160 234 28.6944
161 234 28.6944
162 234 28.6944
169 234 28.6944
170 234 28.6944
202 234 28.6944
323 234 40.1606
397 234 66.8896
401 234 40.1606
410 234 40.1606
411 234 40.1606
412 234 40.1606
414 234 18.2648
423 234 66.8896
424 234 66.8896
428 234 40.1606
429 234 40.1606
431 234 40.1606
503 234 28.6944
519 234 28.6944
4 235 18.2648
72 235 18.2648
73 235 18.2648
81 235 18.2648
82 235 18.2648
104 235 18.2648
105 235 18.2648
108 235 22.3214
121 235 22.3214
122 235 22.3214
150 235 28.6944
157 235 28.6944
160 235 28.6944
162 235 28.6944
170 235 28.6944
193 235 28.6944
202 235 28.6944
207 235 28.6944
219 235 28.6944
322 235 40.1606
323 235 40.1606
342 235 11.8203
345 235 40.1606
397 235 66.8896
401 235 40.1606
403 235 40.1606
415 235 40.1606
423 235 66.8896
424 235 66.8896
429 235 40.1606
431 235 40.1606
519 235 28.6944
72 236 18.2648
82 236 18.2648
108 236 22.3214
143 236 28.6944
201 236 28.6944
202 236 28.6944
210 236 15.456
219 236 28.6944
323 236 40.1606
397 236 66.8896
401 236 40.1606
403 236 40.1606
407 236 18.2648
429 236 40.1606
431 236 40.1606
519 236 28.6944
4 237 18.2648
72 237 18.2648
73 237 18.2648
82 237 18.2648
86 237 22.3214
107 237 22.3214
108 237 22.3214
171 237 28.6944
172 237 28.6944
202 237 28.6944
397 237 40.1606
429 237 40.1606
431 237 40.1606
519 237 28.6944
520 237 28.6944
72 238 18.2648
73 238 18.2648
82 238 18.2648
86 238 22.3214
103 238 22.3214
108 238 22.3214
202 238 28.6944
397 238 40.1606
399 238 40.1606
429 238 40.1606
519 238 28.6944
520 238 28.6944
69 239 18.2648
73 239 18.2648
82 239 18.2648
83 239 18.2648
86 239 22.3214
103 239 22.3214
105 239 22.3214
141 239 22.3214
175 239 28.6944
176 239 28.6944
202 239 28.6944
520 239 28.6944
69 240 18.2648
73 240 18.2648
74 240 18.2648
83 240 18.2648
141 240 22.3214
145 240 22.3214
147 240 22.3214
156 240 22.3214
202 240 28.6944
8 241 15.456
43 241 15.456
160 241 22.3214
202 241 28.6944
8 242 15.456
28 242 18.2648
29 242 18.2648
43 242 15.456
202 242 28.6944
206 242 28.6944
8 243 15.456
128 243 18.2648
202 243 28.6944
206 243 28.6944
9 244 15.456
17 244 15.456
53 244 15.456
54 244 15.456
98 244 18.2648
106 244 18.2648
168 244 22.3214
169 244 22.3214
202 244 28.6944
50 245 15.456
51 245 15.456
106 245 18.2648
113 245 18.2648
168 245 22.3214
202 245 28.6944
4 246 15.456
202 246 28.6944
203 246 28.6944
203 247 22.3214
204 247 22.3214
43 248 13.3958
91 248 18.2648
93 248 15.456
99 248 18.2648
43 249 13.3958
58 249 15.456
89 249 15.456
91 249 18.2648
43 250 13.3958
61 250 15.456
67 250 15.456
70 250 15.456
76 250 15.456
429 250 22.3214
464 250 22.3214
43 251 13.3958
67 251 15.456
78 251 15.456
325 251 22.3214
42 252 13.3958
43 252 13.3958
57 252 15.456
42 253 13.3958
43 253 13.3958
57 253 15.456
58 253 15.456
31 254 13.3958
43 254 13.3958
313 254 22.3214
9 257 13.3958
304 259 18.2648
298 261 18.2648
285 264 18.2648
286 264 18.2648
6 265 11.8203
26 265 13.3958
27 265 13.3958
29 265 13.3958
193 265 18.2648
27 266 13.3958
267 270 15.456
267 271 15.456
268 271 15.456
499 273 13.3958
263 275 13.3958
244 280 13.3958
245 280 13.3958
509 280 11.8203
250 281 11.8203
446 285 11.8203
515 285 11.8203
240 286 11.8203
523 290 10.5764
217 291 11.8203
217 292 11.8203
218 292 11.8203
224 292 9.56938
218 293 11.8203
221 293 9.56938
222 293 9.56938
223 293 9.56938
451 296 10.5764
535 298 9.56938
208 299 10.5764
536 299 9.56938
209 300 10.5764
548 306 8.73744
549 306 8.73744
176 310 9.56938
177 310 9.56938
178 310 8.73744
184 310 8.73744
13 311 8.73744
177 311 9.56938
178 311 8.73744
179 311 8.73744
180 311 8.73744
181 311 8.73744
185 311 8.73744
186 311 8.73744
187 311 8.73744
3 315 8.73744
3 316 8.73744
570 316 8.03858
119 317 8.73744
563 321 8.03858
152 322 8.03858
153 322 8.03858
163 322 8.03858
164 322 8.03858
165 322 8.03858
565 324 8.03858
568 324 7.44324
568 325 7.44324
587 329 6.93001
590 332 6.93001
591 332 6.93001
591 333 6.93001
600 337 6.48298
117 338 6.93001
118 338 6.93001
119 338 6.93001
132 338 6.93001
133 338 6.93001
117 339 6.93001
118 339 6.93001
119 339 6.93001
120 339 6.93001
121 339 6.93001
122 339 6.93001
123 339 6.48298
126 339 6.93001
127 339 6.93001
128 339 6.93001
129 339 6.93001
130 339 6.93001
131 339 6.93001
132 339 6.93001
133 339 6.93001
483 344 6.48298
589 344 6.48298
600 344 6.48298
599 345 6.48298
600 345 6.48298
484 346 6.48298
596 348 6.48298
619 348 6.09013
600 352 6.48298
602 352 6.09013
603 352 6.09013
608 354 6.09013
610 356 6.09013
614 358 6.09013
14 359 6.09013
18 359 6.09013
75 359 5.74218
77 359 5.74218
90 359 5.74218
91 359 5.74218
75 360 5.74218
76 360 5.74218
77 360 5.74218
90 360 5.74218
91 360 5.74218
92 360 5.74218
496 362 5.74218
567 365 5.74218
617 365 5.74218
219 368 5.43183
632 370 5.43183
637 370 5.43183
566 371 5.74218
567 371 5.74218
568 372 5.43183
569 372 5.43183
570 372 5.43183
571 372 5.43183
572 372 5.43183
573 373 5.43183
574 373 5.15331
584 381 5.15331
585 382 5.15331
586 382 5.15331
587 382 5.15331
587 383 5.15331
588 383 5.15331
589 383 5.15331
591 383 4.90196
592 383 4.90196
572 385 4.90196
573 385 4.90196
574 385 4.90196
570 386 4.90196
18 388 5.43183
12 389 4.90196
13 389 4.90196
14 389 4.90196
34 389 4.90196
35 389 4.90196
12 390 4.90196
576 390 4.90196
577 390 4.90196
11 391 4.90196
12 391 4.90196
13 391 4.90196
16 391 4.90196
17 391 4.90196
18 391 4.90196
19 391 4.90196
20 391 4.90196
21 391 4.90196
22 391 4.90196
23 391 4.90196
24 391 4.90196
26 391 4.90196
27 391 4.90196
28 391 4.90196
29 391 4.90196
30 391 4.90196
31 391 4.90196
621 391 4.90196
12 392 4.90196
13 392 4.90196
27 392 4.90196
28 392 4.90196
29 392 4.90196
30 392 4.90196
574 392 4.67399
555 393 4.67399
573 393 4.67399
553 394 4.67399
551 395 4.67399
621 395 4.67399
555 396 4.67399
571 396 4.67399
574 396 4.67399
575 396 4.67399
576 396 4.67399
620 396 4.67399
553 397 4.67399
554 397 4.67399
573 397 4.67399
574 397 4.67399
578 397 4.46628
579 397 4.46628
551 398 4.67399
552 398 4.67399
553 398 4.67399
573 398 4.67399
629 398 4.67399
637 398 4.67399
555 399 4.67399
571 399 4.67399
572 399 4.67399
586 399 4.67399
587 399 4.67399
617 399 4.46628
571 400 4.67399
572 400 4.67399
617 400 4.46628
602 401 4.67399
604 401 4.67399
605 401 4.67399
606 401 4.67399
606 402 4.67399
607 402 4.46628
608 402 4.46628
559 403 4.46628
560 404 4.46628
561 404 4.46628
562 404 4.46628
593 404 4.46628
619 404 4.46628
564 405 4.46628
565 405 4.46628
592 405 4.46628
593 405 4.46628
630 405 4.46628
568 406 4.46628
569 406 4.46628
590 406 4.46628
591 406 4.46628
592 406 4.46628
572 407 4.27625
573 407 4.27625
574 407 4.27625
575 407 4.27625
576 407 4.27625
587 407 4.46628
588 407 4.46628
589 407 4.46628
590 407 4.46628
532 408 4.46628
533 408 4.46628
534 408 4.46628
548 408 4.27625
549 408 4.27625
637 408 4.27625
533 409 4.46628
534 409 4.46628
535 409 4.27625
536 409 4.27625
537 409 4.27625
543 409 4.27625
544 409 4.27625
545 409 4.27625
546 409 4.27625
547 409 4.27625
550 409 4.27625
551 409 4.27625
552 409 4.27625
536 410 4.27625
537 410 4.27625
538 410 4.27625
552 410 4.27625
219 412 4.27625
61 417 4.27625
75 440 3.79219
75 442 3.79219
76 442 3.79219
72 444 3.6543
73 444 3.6543
76 444 3.79219
72 445 3.6543
73 445 3.6543
72 446 3.6543
73 446 3.6543
74 446 3.6543
152 464 3.40657
166 470 3.29489
167 470 3.29489
167 471 3.29489
110 477 3.1903
