7 3 18.2648
10 3 18.2648
24 3 18.2648
82 3 22.3214
136 3 28.6944
137 3 28.6944
175 3 28.6944
193 3 200
199 3 40.1606
200 3 40.1606
561 3 13.3958
611 3 11.8203
10 4 18.2648
24 4 18.2648
82 4 22.3214
136 4 28.6944
166 4 28.6944
175 4 28.6944
178 4 28.6944
194 4 200
200 4 40.1606
201 4 40.1606
621 4 11.8203
10 5 18.2648
24 5 18.2648
82 5 22.3214
166 5 28.6944
178 5 28.6944
182 5 40.1606
194 5 200
195 5 200
201 5 40.1606
202 5 40.1606
604 5 11.8203
621 5 11.8203
622 5 11.8203
25 6 22.3214
82 6 22.3214
178 6 28.6944
196 6 200
202 6 40.1606
203 6 40.1606
612 6 11.8203
622 6 11.8203
11 7 18.2648
19 7 18.2648
25 7 22.3214
82 7 22.3214
121 7 28.6944
166 7 28.6944
178 7 28.6944
196 7 200
197 7 200
203 7 40.1606
204 7 40.1606
612 7 11.8203
613 7 11.8203
622 7 11.8203
19 8 18.2648
25 8 22.3214
75 8 22.3214
82 8 22.3214
121 8 28.6944
166 8 28.6944
178 8 28.6944
198 8 200
204 8 40.1606
205 8 40.1606
498 8 40.1606
512 8 18.2648
605 8 11.8203
613 8 11.8203
623 8 11.8203
11 9 18.2648
75 9 22.3214
82 9 22.3214
106 9 28.6944
121 9 28.6944
166 9 28.6944
199 9 200
205 9 40.1606
206 9 40.1606
498 9 40.1606
606 9 11.8203
614 9 11.8203
623 9 11.8203
7 10 18.2648
11 10 18.2648
75 10 22.3214
82 10 22.3214
106 10 28.6944
107 10 28.6944
121 10 28.6944
166 10 28.6944
178 10 28.6944
206 10 40.1606
207 10 40.1606
497 10 40.1606
623 10 11.8203
624 10 11.8203
627 10 10.5764
11 11 18.2648
75 11 22.3214
82 11 22.3214
121 11 28.6944
129 11 28.6944
135 11 28.6944
136 11 28.6944
166 11 28.6944
178 11 28.6944
207 11 40.1606
208 11 40.1606
607 11 11.8203
624 11 11.8203
11 12 18.2648
72 12 22.3214
82 12 22.3214
121 12 28.6944
129 12 28.6944
135 12 28.6944
136 12 28.6944
166 12 28.6944
201 12 200
208 12 40.1606
209 12 40.1606
615 12 11.8203
624 12 11.8203
7 13 18.2648
11 13 18.2648
82 13 22.3214
121 13 28.6944
129 13 28.6944
135 13 28.6944
136 13 28.6944
166 13 28.6944
202 13 200
209 13 40.1606
210 13 40.1606
615 13 11.8203
624 13 11.8203
627 13 11.8203
631 13 10.5764
7 14 18.2648
11 14 18.2648
82 14 22.3214
121 14 28.6944
129 14 28.6944
136 14 28.6944
166 14 28.6944
210 14 40.1606
211 14 40.1606
616 14 11.8203
627 14 11.8203
631 14 10.5764
6 15 18.2648
11 15 18.2648
82 15 22.3214
83 15 22.3214
121 15 28.6944
129 15 28.6944
136 15 28.6944
211 15 40.1606
212 15 40.1606
616 15 11.8203
625 15 11.8203
631 15 10.5764
11 16 18.2648
72 16 22.3214
82 16 22.3214
83 16 22.3214
121 16 28.6944
129 16 28.6944
136 16 28.6944
212 16 40.1606
575 16 11.8203
617 16 11.8203
625 16 11.8203
628 16 11.8203
3 17 18.2648
4 17 18.2648
11 17 18.2648
72 17 22.3214
82 17 22.3214
121 17 28.6944
136 17 28.6944
206 17 200
213 17 40.1606
575 17 11.8203
617 17 11.8203
625 17 11.8203
3 18 18.2648
11 18 18.2648
17 18 18.2648
49 18 22.3214
50 18 22.3214
72 18 22.3214
82 18 22.3214
83 18 22.3214
124 18 28.6944
207 18 200
214 18 40.1606
625 18 11.8203
626 18 11.8203
49 19 22.3214
50 19 22.3214
72 19 22.3214
82 19 22.3214
83 19 22.3214
136 19 28.6944
215 19 40.1606
618 19 11.8203
626 19 11.8203
49 20 22.3214
50 20 22.3214
72 20 22.3214
83 20 22.3214
136 20 28.6944
197 20 40.1606
209 20 200
216 20 40.1606
618 20 11.8203
626 20 11.8203
17 21 18.2648
18 21 18.2648
49 21 22.3214
50 21 22.3214
72 21 22.3214
74 21 22.3214
82 21 22.3214
83 21 22.3214
167 21 28.6944
210 21 200
217 21 40.1606
615 21 13.3958
619 21 11.8203
626 21 11.8203
629 21 11.8203
17 22 18.2648
49 22 22.3214
50 22 22.3214
57 22 22.3214
58 22 22.3214
72 22 22.3214
83 22 22.3214
129 22 28.6944
167 22 28.6944
198 22 40.1606
211 22 200
218 22 40.1606
619 22 11.8203
13 23 18.2648
49 23 22.3214
50 23 22.3214
51 23 22.3214
57 23 22.3214
58 23 22.3214
72 23 22.3214
83 23 22.3214
167 23 28.6944
198 23 40.1606
212 23 200
219 23 40.1606
620 23 11.8203
13 24 18.2648
53 24 22.3214
57 24 22.3214
58 24 22.3214
72 24 22.3214
83 24 22.3214
167 24 28.6944
213 24 200
220 24 40.1606
610 24 11.8203
620 24 11.8203
627 24 11.8203
49 25 22.3214
53 25 22.3214
57 25 22.3214
58 25 22.3214
82 25 22.3214
83 25 22.3214
136 25 22.3214
167 25 28.6944
214 25 200
221 25 40.1606
610 25 11.8203
621 25 11.8203
627 25 11.8203
53 26 22.3214
58 26 22.3214
82 26 28.6944
133 26 28.6944
147 26 18.2648
167 26 28.6944
215 26 200
222 26 40.1606
610 26 11.8203
627 26 11.8203
53 27 22.3214
58 27 22.3214
72 27 22.3214
147 27 22.3214
150 27 28.6944
167 27 28.6944
216 27 200
223 27 40.1606
58 28 22.3214
72 28 22.3214
144 28 22.3214
145 28 18.2648
147 28 22.3214
159 28 28.6944
167 28 28.6944
217 28 200
224 28 40.1606
611 28 11.8203
622 28 11.8203
11 29 18.2648
18 29 18.2648
19 29 18.2648
58 29 22.3214
72 29 22.3214
84 29 22.3214
140 29 28.6944
141 29 28.6944
145 29 22.3214
146 29 22.3214
159 29 28.6944
167 29 28.6944
218 29 200
225 29 40.1606
611 29 11.8203
623 29 11.8203
17 30 18.2648
18 30 18.2648
58 30 22.3214
72 30 22.3214
140 30 28.6944
159 30 28.6944
167 30 28.6944
219 30 200
226 30 40.1606
619 30 13.3958
623 30 11.8203
17 31 18.2648
18 31 18.2648
58 31 22.3214
72 31 22.3214
140 31 28.6944
167 31 28.6944
220 31 200
227 31 40.1606
612 31 11.8203
624 31 11.8203
17 32 18.2648
43 32 18.2648
50 32 22.3214
58 32 22.3214
72 32 22.3214
83 32 22.3214
167 32 28.6944
221 32 200
227 32 40.1606
228 32 40.1606
587 32 11.8203
624 32 11.8203
43 33 18.2648
58 33 22.3214
83 33 22.3214
149 33 40.1606
167 33 28.6944
222 33 200
228 33 40.1606
625 33 11.8203
43 34 18.2648
58 34 22.3214
72 34 22.3214
81 34 22.3214
83 34 22.3214
156 34 28.6944
167 34 28.6944
223 34 200
229 34 40.1606
622 34 13.3958
626 34 11.8203
630 34 10.5764
44 35 18.2648
83 35 22.3214
155 35 28.6944
156 35 28.6944
167 35 28.6944
230 35 40.1606
498 35 40.1606
623 35 13.3958
626 35 11.8203
627 35 11.8203
83 36 22.3214
225 36 200
231 36 40.1606
498 36 40.1606
627 36 11.8203
73 37 22.3214
83 37 22.3214
225 37 200
226 37 200
232 37 40.1606
613 37 11.8203
627 37 11.8203
73 38 22.3214
83 38 22.3214
159 38 28.6944
167 38 28.6944
200 38 40.1606
226 38 200
233 38 40.1606
613 38 11.8203
614 38 11.8203
627 38 11.8203
39 39 18.2648
40 39 18.2648
53 39 22.3214
73 39 22.3214
83 39 22.3214
159 39 28.6944
160 39 28.6944
167 39 28.6944
212 39 40.1606
227 39 200
234 39 40.1606
614 39 11.8203
616 39 11.8203
621 39 13.3958
627 39 11.8203
628 39 11.8203
53 40 22.3214
73 40 22.3214
159 40 28.6944
160 40 28.6944
167 40 28.6944
186 40 40.1606
198 40 40.1606
204 40 40.1606
228 40 200
235 40 40.1606
591 40 11.8203
615 40 11.8203
622 40 13.3958
628 40 11.8203
55 41 22.3214
62 41 18.2648
63 41 18.2648
73 41 22.3214
83 41 22.3214
84 41 22.3214
167 41 28.6944
204 41 40.1606
236 41 40.1606
615 41 11.8203
622 41 13.3958
628 41 11.8203
631 41 11.8203
55 42 22.3214
84 42 22.3214
167 42 28.6944
184 42 40.1606
212 42 40.1606
214 42 40.1606
230 42 200
237 42 40.1606
493 42 40.1606
498 42 40.1606
589 42 11.8203
590 42 11.8203
594 42 13.3958
616 42 11.8203
623 42 13.3958
628 42 11.8203
631 42 11.8203
58 43 22.3214
59 43 22.3214
83 43 22.3214
84 43 22.3214
167 43 28.6944
184 43 40.1606
212 43 40.1606
231 43 200
238 43 40.1606
493 43 40.1606
616 43 11.8203
624 43 13.3958
628 43 11.8203
631 43 11.8203
59 44 22.3214
83 44 22.3214
84 44 22.3214
212 44 40.1606
232 44 200
238 44 40.1606
617 44 11.8203
624 44 13.3958
629 44 11.8203
61 45 22.3214
83 45 22.3214
212 45 40.1606
233 45 200
603 45 11.8203
604 45 11.8203
617 45 11.8203
625 45 13.3958
629 45 11.8203
631 45 11.8203
61 46 22.3214
100 46 28.6944
212 46 40.1606
234 46 200
604 46 11.8203
625 46 13.3958
626 46 13.3958
629 46 11.8203
12 47 18.2648
60 47 22.3214
61 47 22.3214
62 47 22.3214
177 47 28.6944
212 47 40.1606
241 47 40.1606
460 47 66.8896
577 47 13.3958
605 47 11.8203
618 47 11.8203
622 47 15.456
626 47 13.3958
12 48 18.2648
60 48 22.3214
61 48 22.3214
146 48 22.3214
177 48 40.1606
184 48 40.1606
240 48 40.1606
241 48 40.1606
606 48 11.8203
626 48 13.3958
60 49 22.3214
61 49 22.3214
105 49 28.6944
106 49 28.6944
146 49 22.3214
178 49 40.1606
184 49 40.1606
234 49 40.1606
235 49 40.1606
238 49 40.1606
239 49 40.1606
591 49 11.8203
592 49 11.8203
607 49 11.8203
16 50 18.2648
101 50 22.3214
105 50 28.6944
106 50 28.6944
146 50 22.3214
178 50 40.1606
184 50 40.1606
234 50 66.8896
238 50 40.1606
239 50 40.1606
592 50 11.8203
608 50 11.8203
609 50 11.8203
621 50 11.8203
628 50 13.3958
101 51 22.3214
146 51 22.3214
178 51 40.1606
184 51 40.1606
233 51 66.8896
580 51 13.3958
609 51 11.8203
610 51 11.8203
621 51 11.8203
101 52 22.3214
146 52 22.3214
178 52 40.1606
184 52 40.1606
232 52 66.8896
233 52 66.8896
607 52 11.8203
620 52 11.8203
630 52 11.8203
13 53 18.2648
101 53 22.3214
146 53 22.3214
178 53 40.1606
184 53 40.1606
233 53 66.8896
235 53 66.8896
593 53 11.8203
616 53 13.3958
620 53 11.8203
626 53 13.3958
630 53 11.8203
101 54 22.3214
145 54 22.3214
146 54 22.3214
233 54 66.8896
612 54 11.8203
617 54 13.3958
621 54 11.8203
627 54 13.3958
630 54 11.8203
101 55 22.3214
145 55 22.3214
146 55 22.3214
156 55 28.6944
233 55 66.8896
621 55 11.8203
627 55 13.3958
630 55 11.8203
73 56 22.3214
101 56 22.3214
156 56 28.6944
157 56 28.6944
168 56 28.6944
178 56 40.1606
194 56 40.1606
233 56 66.8896
484 56 40.1606
599 56 11.8203
627 56 13.3958
630 56 11.8203
631 56 11.8203
73 57 22.3214
101 57 22.3214
121 57 28.6944
138 57 28.6944
139 57 28.6944
168 57 28.6944
178 57 40.1606
194 57 40.1606
233 57 66.8896
600 57 11.8203
622 57 11.8203
73 58 22.3214
121 58 28.6944
138 58 28.6944
168 58 28.6944
194 58 40.1606
233 58 66.8896
455 58 66.8896
617 58 11.8203
622 58 11.8203
73 59 22.3214
168 59 28.6944
194 59 40.1606
233 59 66.8896
597 59 13.3958
618 59 11.8203
73 60 22.3214
74 60 22.3214
77 60 22.3214
168 60 28.6944
233 60 66.8896
619 60 11.8203
623 60 11.8203
630 60 11.8203
631 60 11.8203
73 61 22.3214
77 61 22.3214
168 61 28.6944
586 61 13.3958
587 61 13.3958
620 61 11.8203
630 61 11.8203
631 61 11.8203
73 62 22.3214
77 62 22.3214
88 62 22.3214
123 62 28.6944
168 62 28.6944
190 62 40.1606
240 62 40.1606
587 62 13.3958
599 62 13.3958
625 62 11.8203
628 62 11.8203
631 62 11.8203
77 63 22.3214
79 63 22.3214
80 63 18.2648
88 63 22.3214
123 63 28.6944
168 63 28.6944
196 63 40.1606
240 63 40.1606
625 63 11.8203
632 63 11.8203
74 64 22.3214
77 64 22.3214
80 64 18.2648
88 64 22.3214
123 64 28.6944
126 64 28.6944
168 64 28.6944
196 64 40.1606
241 64 40.1606
242 64 40.1606
498 64 40.1606
623 64 11.8203
625 64 11.8203
632 64 11.8203
59 65 22.3214
74 65 22.3214
77 65 22.3214
80 65 18.2648
84 65 22.3214
123 65 28.6944
137 65 28.6944
168 65 28.6944
196 65 40.1606
197 65 40.1606
201 65 22.3214
242 65 40.1606
600 65 11.8203
624 65 11.8203
632 65 11.8203
74 66 22.3214
77 66 22.3214
80 66 18.2648
84 66 22.3214
123 66 28.6944
137 66 28.6944
138 66 28.6944
168 66 28.6944
197 66 40.1606
244 66 40.1606
601 66 11.8203
624 66 11.8203
632 66 11.8203
28 67 13.3958
77 67 22.3214
84 67 22.3214
100 67 28.6944
123 67 28.6944
132 67 28.6944
137 67 28.6944
138 67 28.6944
168 67 28.6944
197 67 40.1606
244 67 66.8896
625 67 11.8203
632 67 11.8203
23 68 13.3958
41 68 18.2648
42 68 18.2648
43 68 18.2648
45 68 18.2648
46 68 18.2648
49 68 18.2648
50 68 18.2648
77 68 22.3214
84 68 22.3214
123 68 28.6944
132 68 28.6944
138 68 28.6944
168 68 28.6944
243 68 66.8896
494 68 40.1606
596 68 13.3958
625 68 11.8203
632 68 11.8203
23 69 13.3958
24 69 13.3958
77 69 22.3214
80 69 18.2648
84 69 22.3214
123 69 28.6944
138 69 28.6944
168 69 28.6944
243 69 66.8896
244 69 66.8896
493 69 40.1606
504 69 18.2648
597 69 13.3958
600 69 11.8203
626 69 11.8203
633 69 11.8203
22 70 13.3958
23 70 13.3958
24 70 13.3958
77 70 22.3214
84 70 22.3214
108 70 28.6944
123 70 28.6944
138 70 28.6944
168 70 28.6944
601 70 11.8203
626 70 11.8203
633 70 11.8203
22 71 13.3958
23 71 13.3958
33 71 13.3958
77 71 22.3214
84 71 22.3214
108 71 28.6944
109 71 28.6944
123 71 28.6944
138 71 28.6944
168 71 28.6944
213 71 40.1606
493 71 40.1606
602 71 11.8203
626 71 11.8203
627 71 11.8203
633 71 11.8203
33 72 13.3958
77 72 22.3214
84 72 22.3214
123 72 28.6944
132 72 28.6944
138 72 28.6944
149 72 28.6944
203 72 40.1606
213 72 40.1606
602 72 11.8203
603 72 11.8203
606 72 10.5764
627 72 11.8203
20 73 13.3958
21 73 13.3958
33 73 13.3958
77 73 22.3214
84 73 22.3214
123 73 28.6944
132 73 28.6944
138 73 28.6944
203 73 40.1606
243 73 28.6944
603 73 11.8203
627 73 11.8203
628 73 11.8203
19 74 13.3958
20 74 13.3958
33 74 13.3958
77 74 22.3214
84 74 22.3214
123 74 28.6944
132 74 28.6944
138 74 28.6944
191 74 40.1606
219 74 40.1606
223 74 28.6944
488 74 66.8896
594 74 13.3958
603 74 11.8203
628 74 11.8203
634 74 11.8203
17 75 13.3958
18 75 13.3958
19 75 13.3958
33 75 13.3958
34 75 13.3958
77 75 22.3214
84 75 22.3214
123 75 28.6944
132 75 28.6944
190 75 40.1606
191 75 40.1606
219 75 40.1606
220 75 40.1606
223 75 28.6944
488 75 66.8896
595 75 13.3958
604 75 11.8203
625 75 13.3958
628 75 11.8203
17 76 13.3958
18 76 13.3958
33 76 13.3958
34 76 13.3958
77 76 22.3214
84 76 22.3214
132 76 28.6944
190 76 40.1606
220 76 40.1606
559 76 11.8203
595 76 13.3958
629 76 11.8203
17 77 13.3958
33 77 13.3958
34 77 13.3958
77 77 22.3214
84 77 22.3214
132 77 28.6944
169 77 28.6944
626 77 13.3958
629 77 11.8203
630 77 11.8203
34 78 13.3958
77 78 22.3214
84 78 22.3214
132 78 28.6944
161 78 28.6944
232 78 40.1606
630 78 11.8203
35 79 13.3958
77 79 22.3214
84 79 22.3214
85 79 22.3214
132 79 28.6944
160 79 28.6944
161 79 28.6944
169 79 28.6944
205 79 40.1606
231 79 40.1606
631 79 11.8203
77 80 22.3214
84 80 22.3214
169 80 28.6944
205 80 40.1606
206 80 40.1606
606 80 11.8203
631 80 11.8203
26 81 15.456
63 81 22.3214
64 81 22.3214
77 81 22.3214
84 81 22.3214
169 81 28.6944
206 81 40.1606
632 81 11.8203
12 82 18.2648
18 82 13.3958
23 82 15.456
24 82 15.456
25 82 15.456
77 82 22.3214
84 82 22.3214
140 82 28.6944
169 82 28.6944
582 82 11.8203
597 82 13.3958
607 82 11.8203
632 82 11.8203
12 83 18.2648
22 83 15.456
23 83 15.456
77 83 22.3214
84 83 22.3214
134 83 28.6944
169 83 28.6944
278 83 66.8896
598 83 13.3958
633 83 11.8203
77 84 22.3214
84 84 22.3214
169 84 28.6944
206 84 40.1606
231 84 40.1606
278 84 66.8896
279 84 66.8896
426 84 200
446 84 40.1606
608 84 11.8203
634 84 11.8203
18 85 15.456
77 85 22.3214
84 85 22.3214
85 85 22.3214
148 85 22.3214
169 85 28.6944
186 85 40.1606
235 85 22.3214
279 85 66.8896
426 85 200
599 85 13.3958
609 85 11.8203
634 85 11.8203
17 86 15.456
35 86 13.3958
78 86 22.3214
146 86 22.3214
147 86 22.3214
169 86 28.6944
185 86 40.1606
186 86 40.1606
234 86 22.3214
235 86 22.3214
236 86 22.3214
279 86 66.8896
280 86 66.8896
437 86 200
609 86 11.8203
610 86 11.8203
635 86 11.8203
4 87 18.2648
17 87 15.456
35 87 13.3958
78 87 22.3214
146 87 22.3214
147 87 22.3214
161 87 28.6944
235 87 22.3214
279 87 66.8896
280 87 66.8896
436 87 200
437 87 200
606 87 13.3958
610 87 11.8203
635 87 11.8203
4 88 18.2648
16 88 15.456
74 88 22.3214
78 88 22.3214
84 88 22.3214
85 88 22.3214
142 88 28.6944
147 88 22.3214
157 88 28.6944
161 88 28.6944
169 88 28.6944
185 88 40.1606
280 88 66.8896
436 88 200
606 88 13.3958
611 88 11.8203
635 88 11.8203
12 89 18.2648
74 89 22.3214
85 89 22.3214
157 89 28.6944
169 89 28.6944
185 89 40.1606
230 89 40.1606
280 89 66.8896
281 89 66.8896
499 89 40.1606
11 90 18.2648
12 90 18.2648
74 90 22.3214
75 90 22.3214
85 90 22.3214
157 90 28.6944
169 90 28.6944
227 90 66.8896
230 90 40.1606
281 90 66.8896
301 90 13.3958
499 90 40.1606
525 90 18.2648
612 90 11.8203
615 90 10.5764
616 90 10.5764
8 91 11.8203
12 91 18.2648
52 91 22.3214
74 91 22.3214
75 91 22.3214
84 91 22.3214
85 91 22.3214
169 91 28.6944
179 91 28.6944
230 91 40.1606
264 91 66.8896
265 91 66.8896
281 91 66.8896
282 91 66.8896
302 91 13.3958
612 91 11.8203
8 92 11.8203
12 92 18.2648
52 92 22.3214
53 92 22.3214
75 92 22.3214
169 92 28.6944
177 92 28.6944
179 92 40.1606
185 92 40.1606
264 92 66.8896
265 92 66.8896
282 92 66.8896
302 92 13.3958
8 93 11.8203
12 93 18.2648
52 93 22.3214
53 93 22.3214
161 93 28.6944
162 93 28.6944
169 93 28.6944
179 93 40.1606
180 93 28.6944
185 93 40.1606
186 93 40.1606
264 93 66.8896
282 93 66.8896
283 93 66.8896
302 93 13.3958
502 93 22.3214
12 94 18.2648
52 94 22.3214
53 94 22.3214
60 94 22.3214
61 94 22.3214
86 94 22.3214
161 94 28.6944
162 94 28.6944
169 94 28.6944
180 94 40.1606
282 94 66.8896
283 94 66.8896
303 94 13.3958
494 94 40.1606
614 94 11.8203
4 95 18.2648
12 95 18.2648
52 95 22.3214
53 95 22.3214
60 95 22.3214
61 95 22.3214
161 95 28.6944
162 95 28.6944
169 95 28.6944
200 95 40.1606
283 95 66.8896
303 95 13.3958
618 95 11.8203
4 96 18.2648
12 96 18.2648
52 96 22.3214
53 96 22.3214
60 96 22.3214
75 96 22.3214
200 96 40.1606
201 96 40.1606
265 96 66.8896
283 96 66.8896
284 96 66.8896
303 96 13.3958
499 96 40.1606
600 96 13.3958
12 97 18.2648
52 97 22.3214
55 97 22.3214
61 97 22.3214
75 97 22.3214
85 97 22.3214
169 97 28.6944
177 97 40.1606
193 97 40.1606
204 97 40.1606
265 97 66.8896
284 97 66.8896
285 97 66.8896
304 97 13.3958
12 98 18.2648
55 98 22.3214
61 98 22.3214
75 98 22.3214
83 98 22.3214
85 98 22.3214
169 98 28.6944
177 98 40.1606
186 98 40.1606
195 98 40.1606
196 98 40.1606
265 98 66.8896
284 98 66.8896
285 98 66.8896
294 98 22.3214
304 98 13.3958
616 98 11.8203
636 98 11.8203
3 99 13.3958
12 99 18.2648
61 99 22.3214
75 99 22.3214
85 99 22.3214
169 99 28.6944
170 99 28.6944
177 99 40.1606
196 99 40.1606
265 99 66.8896
285 99 66.8896
294 99 22.3214
304 99 200
594 99 11.8203
620 99 11.8203
636 99 11.8203
3 100 22.3214
12 100 18.2648
55 100 22.3214
56 100 22.3214
61 100 22.3214
85 100 22.3214
169 100 28.6944
196 100 40.1606
265 100 66.8896
285 100 66.8896
289 100 40.1606
304 100 200
596 100 11.8203
606 100 18.2648
617 100 11.8203
630 100 11.8203
631 100 11.8203
10 101 18.2648
12 101 18.2648
55 101 22.3214
56 101 22.3214
61 101 22.3214
75 101 22.3214
85 101 22.3214
147 101 22.3214
148 101 22.3214
180 101 40.1606
196 101 40.1606
245 101 66.8896
246 101 66.8896
285 101 66.8896
289 101 40.1606
295 101 40.1606
305 101 200
617 101 11.8203
621 101 11.8203
631 101 11.8203
10 102 18.2648
56 102 22.3214
75 102 22.3214
85 102 22.3214
180 102 40.1606
196 102 40.1606
245 102 66.8896
284 102 66.8896
285 102 66.8896
295 102 200
618 102 11.8203
621 102 11.8203
632 102 11.8203
75 103 22.3214
85 103 22.3214
186 103 40.1606
290 103 200
295 103 200
298 103 66.8896
611 103 11.8203
619 103 11.8203
633 103 11.8203
28 104 13.3958
85 104 22.3214
186 104 40.1606
295 104 200
612 104 11.8203
619 104 11.8203
620 104 11.8203
633 104 11.8203
31 105 15.456
85 105 22.3214
122 105 28.6944
147 105 22.3214
283 105 66.8896
634 105 11.8203
25 106 13.3958
42 106 13.3958
45 106 13.3958
75 106 22.3214
85 106 22.3214
122 106 28.6944
147 106 22.3214
149 106 22.3214
283 106 66.8896
634 106 11.8203
25 107 13.3958
75 107 22.3214
85 107 22.3214
147 107 22.3214
149 107 22.3214
150 107 18.2648
161 107 28.6944
170 107 28.6944
283 107 66.8896
311 107 66.8896
312 107 66.8896
621 107 11.8203
623 107 11.8203
75 108 22.3214
85 108 22.3214
86 108 22.3214
102 108 28.6944
146 108 22.3214
147 108 22.3214
170 108 28.6944
214 108 40.1606
311 108 66.8896
592 108 10.5764
613 108 11.8203
614 108 11.8203
621 108 11.8203
76 109 22.3214
85 109 22.3214
86 109 22.3214
102 109 28.6944
103 109 28.6944
146 109 22.3214
147 109 22.3214
170 109 28.6944
214 109 40.1606
614 109 11.8203
622 109 11.8203
59 110 15.456
102 110 28.6944
107 110 28.6944
108 110 28.6944
141 110 28.6944
158 110 28.6944
159 110 28.6944
170 110 28.6944
214 110 40.1606
615 110 11.8203
622 110 11.8203
624 110 11.8203
635 110 11.8203
102 111 28.6944
107 111 28.6944
108 111 28.6944
139 111 28.6944
140 111 28.6944
170 111 28.6944
214 111 40.1606
215 111 40.1606
221 111 40.1606
243 111 40.1606
616 111 11.8203
635 111 11.8203
23 112 15.456
107 112 28.6944
108 112 28.6944
139 112 28.6944
140 112 28.6944
170 112 28.6944
215 112 40.1606
219 112 40.1606
221 112 40.1606
617 112 11.8203
623 112 11.8203
625 112 11.8203
635 112 11.8203
10 113 15.456
22 113 13.3958
23 113 15.456
24 113 13.3958
25 113 15.456
53 113 22.3214
139 113 28.6944
140 113 28.6944
170 113 28.6944
617 113 11.8203
623 113 11.8203
625 113 11.8203
21 114 13.3958
53 114 22.3214
123 114 28.6944
140 114 28.6944
170 114 28.6944
216 114 40.1606
614 114 13.3958
618 114 11.8203
623 114 11.8203
626 114 11.8203
57 115 22.3214
58 115 22.3214
123 115 28.6944
170 115 28.6944
204 115 40.1606
250 115 66.8896
265 115 66.8896
266 115 66.8896
626 115 11.8203
14 116 15.456
170 116 28.6944
237 116 66.8896
265 116 66.8896
454 116 40.1606
627 116 11.8203
170 117 28.6944
216 117 40.1606
237 117 66.8896
265 117 66.8896
322 117 200
23 118 15.456
124 118 28.6944
125 118 28.6944
170 118 28.6944
206 118 40.1606
207 118 40.1606
237 118 66.8896
265 118 66.8896
322 118 200
628 118 11.8203
22 119 15.456
23 119 15.456
35 119 15.456
43 119 15.456
69 119 15.456
125 119 28.6944
139 119 28.6944
170 119 28.6944
207 119 40.1606
237 119 66.8896
265 119 66.8896
323 119 200
616 119 13.3958
628 119 11.8203
22 120 15.456
42 120 15.456
43 120 15.456
44 120 15.456
125 120 28.6944
139 120 28.6944
170 120 28.6944
207 120 40.1606
237 120 66.8896
265 120 66.8896
311 120 66.8896
324 120 200
616 120 13.3958
617 120 13.3958
620 120 11.8203
629 120 11.8203
21 121 15.456
22 121 15.456
125 121 28.6944
139 121 28.6944
140 121 28.6944
170 121 28.6944
215 121 40.1606
234 121 200
237 121 66.8896
265 121 66.8896
311 121 66.8896
324 121 200
610 121 11.8203
617 121 13.3958
629 121 11.8203
20 122 15.456
21 122 15.456
39 122 13.3958
57 122 13.3958
125 122 28.6944
133 122 28.6944
139 122 28.6944
170 122 28.6944
215 122 40.1606
216 122 40.1606
20 123 15.456
21 123 15.456
125 123 28.6944
170 123 28.6944
216 123 40.1606
283 123 66.8896
635 123 11.8203
17 124 13.3958
18 124 15.456
20 124 15.456
64 124 18.2648
103 124 22.3214
125 124 28.6944
133 124 28.6944
140 124 28.6944
170 124 28.6944
251 124 66.8896
265 124 66.8896
283 124 66.8896
326 124 200
330 124 200
614 124 11.8203
618 124 13.3958
635 124 11.8203
17 125 15.456
19 125 15.456
20 125 15.456
36 125 13.3958
63 125 18.2648
64 125 18.2648
76 125 22.3214
125 125 28.6944
140 125 28.6944
170 125 28.6944
265 125 66.8896
635 125 11.8203
16 126 13.3958
24 126 15.456
36 126 13.3958
62 126 18.2648
63 126 18.2648
125 126 28.6944
140 126 28.6944
407 126 200
16 127 15.456
22 127 15.456
23 127 15.456
62 127 18.2648
125 127 28.6944
162 127 28.6944
327 127 200
20 128 15.456
21 128 15.456
22 128 15.456
90 128 22.3214
91 128 22.3214
125 128 28.6944
140 128 28.6944
160 128 28.6944
162 128 28.6944
201 128 40.1606
292 128 200
327 128 200
328 128 200
631 128 11.8203
16 129 15.456
18 129 15.456
19 129 15.456
87 129 22.3214
90 129 22.3214
91 129 22.3214
125 129 28.6944
140 129 28.6944
156 129 28.6944
158 129 28.6944
162 129 28.6944
187 129 40.1606
292 129 200
328 129 200
338 129 200
15 130 15.456
18 130 15.456
32 130 13.3958
125 130 28.6944
158 130 28.6944
187 130 40.1606
292 130 200
328 130 200
632 130 11.8203
17 131 15.456
18 131 15.456
31 131 13.3958
79 131 22.3214
86 131 22.3214
110 131 28.6944
125 131 28.6944
151 131 28.6944
158 131 28.6944
171 131 28.6944
292 131 200
328 131 200
339 131 200
632 131 11.8203
16 132 15.456
17 132 15.456
31 132 13.3958
79 132 22.3214
86 132 22.3214
110 132 28.6944
111 132 28.6944
125 132 28.6944
151 132 28.6944
158 132 28.6944
171 132 28.6944
292 132 200
329 132 200
339 132 200
632 132 11.8203
12 133 15.456
16 133 15.456
31 133 13.3958
79 133 22.3214
86 133 22.3214
158 133 28.6944
171 133 28.6944
292 133 200
340 133 200
618 133 11.8203
632 133 11.8203
11 134 15.456
15 134 15.456
16 134 15.456
30 134 13.3958
79 134 22.3214
86 134 22.3214
133 134 28.6944
134 134 28.6944
158 134 28.6944
171 134 28.6944
292 134 200
330 134 200
333 134 66.8896
340 134 200
406 134 200
616 134 18.2648
619 134 11.8203
626 134 11.8203
11 135 15.456
14 135 15.456
15 135 15.456
42 135 13.3958
43 135 13.3958
44 135 13.3958
79 135 22.3214
86 135 22.3214
158 135 28.6944
171 135 28.6944
180 135 28.6944
292 135 200
330 135 200
340 135 200
405 135 200
11 136 15.456
15 136 15.456
29 136 15.456
40 136 13.3958
79 136 22.3214
86 136 22.3214
158 136 28.6944
171 136 28.6944
180 136 28.6944
187 136 40.1606
202 136 40.1606
292 136 200
330 136 200
340 136 200
341 136 200
627 136 11.8203
10 137 15.456
28 137 15.456
38 137 13.3958
39 137 13.3958
40 137 13.3958
79 137 22.3214
86 137 22.3214
135 137 28.6944
151 137 28.6944
158 137 28.6944
171 137 28.6944
187 137 40.1606
205 137 40.1606
292 137 200
293 137 200
330 137 200
627 137 11.8203
14 138 15.456
37 138 13.3958
38 138 13.3958
79 138 22.3214
86 138 22.3214
135 138 28.6944
140 138 28.6944
158 138 28.6944
171 138 28.6944
187 138 40.1606
292 138 200
330 138 200
633 138 11.8203
9 139 15.456
10 139 15.456
14 139 15.456
15 139 15.456
33 139 13.3958
34 139 13.3958
37 139 13.3958
79 139 22.3214
86 139 22.3214
152 139 28.6944
158 139 28.6944
171 139 28.6944
187 139 40.1606
197 139 40.1606
251 139 66.8896
266 139 66.8896
310 139 200
344 139 200
9 140 15.456
14 140 15.456
15 140 15.456
24 140 15.456
27 140 15.456
28 140 15.456
29 140 15.456
30 140 15.456
79 140 22.3214
86 140 22.3214
158 140 28.6944
171 140 28.6944
187 140 40.1606
197 140 40.1606
240 140 40.1606
251 140 66.8896
265 140 66.8896
266 140 66.8896
278 140 66.8896
329 140 200
345 140 200
634 140 11.8203
9 141 15.456
25 141 15.456
26 141 15.456
27 141 15.456
28 141 15.456
71 141 15.456
79 141 22.3214
86 141 22.3214
158 141 28.6944
171 141 28.6944
197 141 40.1606
266 141 66.8896
324 141 66.8896
345 141 200
346 141 200
397 141 66.8896
634 141 11.8203
26 142 15.456
71 142 15.456
79 142 22.3214
86 142 22.3214
158 142 28.6944
171 142 28.6944
251 142 66.8896
266 142 66.8896
278 142 66.8896
346 142 200
404 142 200
407 142 66.8896
637 142 13.3958
71 143 15.456
74 143 15.456
76 143 15.456
79 143 22.3214
86 143 22.3214
171 143 28.6944
266 143 66.8896
407 143 66.8896
7 144 15.456
74 144 15.456
79 144 22.3214
86 144 22.3214
148 144 22.3214
172 144 40.1606
266 144 66.8896
294 144 66.8896
350 144 200
400 144 200
5 145 15.456
6 145 15.456
50 145 13.3958
79 145 22.3214
86 145 22.3214
147 145 22.3214
148 145 22.3214
158 145 28.6944
164 145 28.6944
182 145 40.1606
266 145 66.8896
294 145 66.8896
350 145 200
399 145 200
628 145 11.8203
3 146 15.456
4 146 15.456
16 146 13.3958
79 146 22.3214
86 146 22.3214
148 146 22.3214
150 146 22.3214
164 146 28.6944
172 146 40.1606
182 146 40.1606
233 146 40.1606
266 146 66.8896
294 146 66.8896
3 147 15.456
79 147 22.3214
86 147 22.3214
148 147 22.3214
172 147 40.1606
222 147 40.1606
233 147 40.1606
266 147 66.8896
293 147 66.8896
294 147 66.8896
324 147 200
352 147 200
12 148 13.3958
79 148 22.3214
148 148 22.3214
163 148 28.6944
164 148 28.6944
222 148 40.1606
266 148 66.8896
294 148 66.8896
352 148 200
79 149 22.3214
163 149 28.6944
164 149 28.6944
222 149 40.1606
266 149 66.8896
294 149 66.8896
352 149 200
386 149 200
32 150 22.3214
33 150 22.3214
79 150 22.3214
87 150 22.3214
164 150 28.6944
293 150 66.8896
294 150 66.8896
310 150 15.456
14 151 13.3958
79 151 22.3214
87 151 22.3214
188 151 40.1606
293 151 66.8896
294 151 66.8896
310 151 15.456
629 151 11.8203
14 152 13.3958
15 152 13.3958
80 152 22.3214
87 152 22.3214
293 152 200
294 152 200
310 152 15.456
357 152 200
358 152 200
610 152 18.2648
80 153 22.3214
87 153 22.3214
293 153 200
294 153 200
357 153 200
630 153 11.8203
80 154 22.3214
87 154 22.3214
172 154 28.6944
198 154 40.1606
293 154 200
294 154 200
324 154 200
337 154 200
357 154 200
630 154 11.8203
80 155 22.3214
87 155 22.3214
312 155 66.8896
317 155 40.1606
324 155 200
630 155 11.8203
80 156 22.3214
87 156 22.3214
285 156 66.8896
80 157 22.3214
87 157 22.3214
285 157 66.8896
355 157 40.1606
77 158 22.3214
149 158 22.3214
208 158 40.1606
285 158 66.8896
348 158 200
361 158 200
77 159 22.3214
149 159 22.3214
172 159 28.6944
208 159 40.1606
320 159 66.8896
348 159 200
359 159 200
376 159 200
509 159 22.3214
77 160 22.3214
78 160 22.3214
88 160 22.3214
145 160 28.6944
208 160 40.1606
320 160 66.8896
348 160 200
376 160 200
506 160 28.6944
88 161 22.3214
163 161 28.6944
293 161 200
3 162 18.2648
148 162 22.3214
151 162 18.2648
293 162 200
3 163 18.2648
124 163 28.6944
147 163 22.3214
148 163 22.3214
151 163 18.2648
152 163 18.2648
252 163 66.8896
266 163 66.8896
267 163 66.8896
293 163 200
3 164 18.2648
7 164 18.2648
87 164 22.3214
88 164 22.3214
124 164 28.6944
147 164 22.3214
252 164 66.8896
266 164 66.8896
267 164 66.8896
293 164 200
348 164 200
3 165 18.2648
7 165 18.2648
25 165 22.3214
55 165 22.3214
87 165 22.3214
88 165 22.3214
141 165 28.6944
142 165 28.6944
146 165 22.3214
252 165 66.8896
266 165 66.8896
267 165 66.8896
293 165 200
348 165 200
3 166 18.2648
7 166 18.2648
25 166 22.3214
55 166 22.3214
56 166 22.3214
63 166 22.3214
64 166 22.3214
87 166 22.3214
141 166 28.6944
149 166 22.3214
266 166 66.8896
267 166 66.8896
293 166 200
337 166 22.3214
348 166 200
483 166 40.1606
511 166 22.3214
512 166 22.3214
627 166 13.3958
630 166 11.8203
3 167 18.2648
7 167 18.2648
55 167 22.3214
56 167 22.3214
63 167 22.3214
64 167 22.3214
87 167 22.3214
141 167 28.6944
198 167 28.6944
252 167 66.8896
293 167 200
324 167 200
332 167 200
337 167 200
348 167 200
356 167 15.456
3 168 18.2648
7 168 18.2648
55 168 22.3214
56 168 22.3214
63 168 22.3214
64 168 22.3214
87 168 22.3214
141 168 28.6944
149 168 22.3214
267 168 66.8896
293 168 200
337 168 200
348 168 200
3 169 18.2648
7 169 18.2648
26 169 18.2648
55 169 22.3214
56 169 22.3214
63 169 22.3214
64 169 22.3214
87 169 22.3214
149 169 22.3214
267 169 66.8896
293 169 200
337 169 200
363 169 40.1606
630 169 11.8203
637 169 11.8203
3 170 18.2648
7 170 18.2648
26 170 18.2648
55 170 22.3214
56 170 22.3214
58 170 22.3214
63 170 22.3214
64 170 22.3214
87 170 22.3214
105 170 28.6944
149 170 22.3214
156 170 22.3214
164 170 22.3214
267 170 66.8896
293 170 200
337 170 200
356 170 200
637 170 11.8203
3 171 18.2648
7 171 18.2648
26 171 18.2648
56 171 22.3214
64 171 22.3214
87 171 22.3214
105 171 28.6944
110 171 28.6944
149 171 22.3214
165 171 22.3214
267 171 66.8896
293 171 200
637 171 11.8203
3 172 18.2648
7 172 18.2648
25 172 18.2648
26 172 18.2648
56 172 22.3214
64 172 22.3214
87 172 22.3214
105 172 28.6944
109 172 28.6944
110 172 28.6944
149 172 22.3214
267 172 66.8896
348 172 28.6944
630 172 11.8203
637 172 11.8203
3 173 18.2648
7 173 18.2648
26 173 18.2648
56 173 22.3214
64 173 22.3214
87 173 22.3214
110 173 28.6944
141 173 28.6944
267 173 66.8896
286 173 66.8896
344 173 40.1606
348 173 28.6944
637 173 11.8203
3 174 18.2648
7 174 18.2648
26 174 18.2648
64 174 22.3214
87 174 22.3214
88 174 22.3214
105 174 28.6944
110 174 28.6944
141 174 28.6944
157 174 22.3214
267 174 66.8896
285 174 66.8896
352 174 66.8896
3 175 18.2648
7 175 18.2648
25 175 18.2648
26 175 18.2648
64 175 22.3214
87 175 22.3214
88 175 22.3214
134 175 28.6944
141 175 28.6944
626 175 13.3958
629 175 11.8203
3 176 18.2648
7 176 18.2648
26 176 18.2648
64 176 22.3214
88 176 22.3214
134 176 28.6944
141 176 28.6944
155 176 22.3214
626 176 13.3958
629 176 11.8203
3 177 18.2648
7 177 18.2648
25 177 18.2648
26 177 18.2648
64 177 22.3214
78 177 22.3214
105 177 22.3214
134 177 28.6944
149 177 22.3214
155 177 22.3214
165 177 22.3214
167 177 22.3214
336 177 200
3 178 18.2648
7 178 18.2648
25 178 18.2648
26 178 18.2648
64 178 22.3214
78 178 22.3214
134 178 28.6944
155 178 22.3214
156 178 22.3214
165 178 22.3214
167 178 22.3214
293 178 200
325 178 200
3 179 18.2648
7 179 18.2648
24 179 18.2648
25 179 18.2648
26 179 18.2648
64 179 22.3214
89 179 22.3214
134 179 28.6944
149 179 22.3214
156 179 22.3214
164 179 22.3214
293 179 200
295 179 200
325 179 200
332 179 200
637 179 11.8203
3 180 18.2648
7 180 18.2648
24 180 18.2648
134 180 28.6944
149 180 22.3214
155 180 22.3214
156 180 22.3214
293 180 200
295 180 200
332 180 200
459 180 40.1606
629 180 11.8203
3 181 18.2648
4 181 18.2648
7 181 18.2648
58 181 22.3214
77 181 22.3214
134 181 28.6944
149 181 22.3214
156 181 22.3214
293 181 200
295 181 200
332 181 200
410 181 28.6944
411 181 28.6944
454 181 66.8896
3 182 18.2648
4 182 18.2648
58 182 22.3214
77 182 22.3214
95 182 22.3214
134 182 28.6944
293 182 200
295 182 200
332 182 200
346 182 40.1606
363 182 200
373 182 28.6944
399 182 200
408 182 28.6944
410 182 28.6944
411 182 28.6944
422 182 40.1606
454 182 66.8896
629 182 11.8203
4 183 18.2648
24 183 15.456
58 183 22.3214
95 183 22.3214
131 183 28.6944
134 183 28.6944
293 183 200
295 183 200
340 183 200
343 183 66.8896
346 183 40.1606
363 183 200
371 183 28.6944
373 183 28.6944
410 183 28.6944
625 183 13.3958
629 183 11.8203
21 184 15.456
22 184 15.456
40 184 15.456
58 184 22.3214
126 184 28.6944
131 184 28.6944
134 184 28.6944
155 184 22.3214
156 184 22.3214
293 184 66.8896
295 184 66.8896
340 184 200
404 184 66.8896
422 184 40.1606
625 184 13.3958
629 184 11.8203
636 184 11.8203
21 185 15.456
22 185 15.456
126 185 28.6944
131 185 28.6944
134 185 28.6944
149 185 22.3214
293 185 66.8896
295 185 66.8896
318 185 40.1606
410 185 40.1606
418 185 66.8896
422 185 40.1606
625 185 13.3958
626 185 13.3958
629 185 11.8203
636 185 11.8203
19 186 15.456
27 186 22.3214
56 186 22.3214
60 186 22.3214
87 186 22.3214
125 186 28.6944
126 186 28.6944
131 186 28.6944
134 186 28.6944
137 186 28.6944
149 186 22.3214
295 186 66.8896
311 186 15.456
318 186 40.1606
349 186 40.1606
373 186 28.6944
418 186 66.8896
422 186 40.1606
626 186 13.3958
629 186 11.8203
636 186 11.8203
19 187 15.456
56 187 22.3214
60 187 22.3214
61 187 22.3214
65 187 22.3214
87 187 22.3214
126 187 28.6944
131 187 28.6944
134 187 28.6944
137 187 28.6944
149 187 22.3214
156 187 22.3214
180 187 28.6944
267 187 66.8896
295 187 66.8896
311 187 15.456
313 187 15.456
318 187 40.1606
349 187 40.1606
418 187 66.8896
422 187 40.1606
492 187 40.1606
625 187 13.3958
626 187 13.3958
629 187 11.8203
633 187 13.3958
636 187 11.8203
60 188 22.3214
65 188 22.3214
87 188 22.3214
107 188 28.6944
131 188 28.6944
134 188 28.6944
149 188 22.3214
156 188 22.3214
224 188 40.1606
239 188 66.8896
256 188 66.8896
267 188 66.8896
294 188 66.8896
295 188 66.8896
318 188 40.1606
349 188 40.1606
373 188 28.6944
418 188 66.8896
422 188 40.1606
625 188 13.3958
629 188 11.8203
633 188 13.3958
636 188 11.8203
54 189 22.3214
87 189 22.3214
108 189 28.6944
149 189 22.3214
239 189 66.8896
257 189 66.8896
262 189 66.8896
267 189 66.8896
294 189 66.8896
343 189 200
346 189 66.8896
349 189 40.1606
363 189 200
364 189 200
371 189 10.5764
373 189 10.5764
418 189 66.8896
422 189 40.1606
423 189 40.1606
456 189 40.1606
506 189 28.6944
626 189 13.3958
629 189 11.8203
633 189 13.3958
636 189 11.8203
34 190 18.2648
35 190 18.2648
54 190 22.3214
150 190 22.3214
239 190 66.8896
257 190 66.8896
262 190 66.8896
267 190 66.8896
294 190 66.8896
295 190 66.8896
346 190 66.8896
349 190 40.1606
371 190 28.6944
373 190 28.6944
418 190 66.8896
422 190 40.1606
633 190 13.3958
636 190 11.8203
54 191 22.3214
55 191 22.3214
66 191 22.3214
67 191 22.3214
150 191 22.3214
165 191 28.6944
257 191 66.8896
262 191 66.8896
267 191 66.8896
295 191 66.8896
335 191 66.8896
343 191 200
349 191 40.1606
363 191 200
371 191 28.6944
373 191 28.6944
418 191 66.8896
422 191 40.1606
636 191 11.8203
65 192 22.3214
66 192 22.3214
67 192 22.3214
89 192 22.3214
113 192 28.6944
135 192 22.3214
254 192 200
257 192 66.8896
262 192 66.8896
267 192 66.8896
335 192 66.8896
343 192 200
346 192 66.8896
349 192 40.1606
363 192 15.456
371 192 28.6944
373 192 28.6944
418 192 66.8896
422 192 40.1606
447 192 66.8896
636 192 11.8203
135 193 22.3214
136 193 22.3214
143 193 28.6944
167 193 28.6944
254 193 200
257 193 66.8896
262 193 66.8896
267 193 66.8896
343 193 200
346 193 66.8896
349 193 40.1606
367 193 66.8896
373 193 28.6944
418 193 66.8896
422 193 40.1606
447 193 66.8896
486 193 28.6944
50 194 18.2648
135 194 22.3214
136 194 22.3214
167 194 28.6944
177 194 28.6944
254 194 200
257 194 66.8896
262 194 66.8896
267 194 66.8896
343 194 200
346 194 66.8896
349 194 40.1606
359 194 18.2648
367 194 66.8896
422 194 40.1606
440 194 200
447 194 66.8896
636 194 11.8203
22 195 15.456
25 195 15.456
50 195 18.2648
136 195 22.3214
166 195 28.6944
167 195 28.6944
176 195 28.6944
254 195 200
256 195 66.8896
257 195 66.8896
262 195 66.8896
267 195 66.8896
321 195 15.456
332 195 22.3214
335 195 18.2648
346 195 66.8896
349 195 40.1606
376 195 9.56938
482 195 40.1606
22 196 15.456
23 196 15.456
25 196 15.456
50 196 18.2648
132 196 22.3214
133 196 22.3214
166 196 28.6944
212 196 28.6944
257 196 66.8896
262 196 66.8896
304 196 200
310 196 40.1606
316 196 22.3214
321 196 15.456
335 196 18.2648
346 196 66.8896
349 196 40.1606
22 197 15.456
23 197 15.456
25 197 15.456
50 197 18.2648
53 197 18.2648
132 197 22.3214
133 197 22.3214
161 197 28.6944
166 197 28.6944
167 197 28.6944
296 197 66.8896
304 197 200
310 197 40.1606
329 197 28.6944
486 197 28.6944
22 198 15.456
25 198 15.456
33 198 15.456
50 198 18.2648
53 198 18.2648
133 198 22.3214
167 198 28.6944
169 198 28.6944
287 198 66.8896
296 198 66.8896
304 198 200
329 198 28.6944
342 198 28.6944
486 198 28.6944
50 199 18.2648
53 199 18.2648
88 199 22.3214
133 199 22.3214
167 199 28.6944
169 199 28.6944
292 199 28.6944
333 199 200
342 199 28.6944
349 199 40.1606
486 199 28.6944
8 200 15.456
50 200 18.2648
53 200 18.2648
54 200 18.2648
73 200 18.2648
86 200 22.3214
87 200 22.3214
88 200 22.3214
133 200 22.3214
167 200 28.6944
215 200 28.6944
292 200 28.6944
293 200 28.6944
333 200 200
342 200 28.6944
349 200 40.1606
350 200 40.1606
486 200 28.6944
8 201 15.456
33 201 15.456
50 201 18.2648
53 201 18.2648
56 201 18.2648
59 201 18.2648
73 201 18.2648
86 201 22.3214
87 201 22.3214
133 201 22.3214
292 201 40.1606
293 201 40.1606
316 201 40.1606
317 201 40.1606
332 201 200
335 201 200
336 201 200
350 201 40.1606
459 201 40.1606
33 202 15.456
50 202 18.2648
53 202 18.2648
69 202 15.456
73 202 18.2648
86 202 22.3214
133 202 22.3214
171 202 28.6944
211 202 40.1606
288 202 200
292 202 40.1606
293 202 40.1606
317 202 40.1606
5 203 15.456
50 203 18.2648
53 203 18.2648
73 203 18.2648
85 203 22.3214
133 203 22.3214
171 203 28.6944
211 203 40.1606
288 203 200
293 203 40.1606
305 203 40.1606
307 203 40.1606
352 203 200
53 204 18.2648
73 204 18.2648
85 204 22.3214
133 204 22.3214
169 204 28.6944
170 204 28.6944
287 204 66.8896
293 204 40.1606
306 204 40.1606
307 204 40.1606
351 204 200
352 204 200
8 205 15.456
24 205 15.456
53 205 18.2648
72 205 18.2648
73 205 18.2648
85 205 22.3214
86 205 22.3214
103 205 22.3214
123 205 22.3214
133 205 22.3214
168 205 28.6944
169 205 28.6944
287 205 66.8896
291 205 40.1606
299 205 22.3214
317 205 40.1606
384 205 15.456
452 205 66.8896
455 205 40.1606
460 205 40.1606
506 205 28.6944
509 205 22.3214
8 206 15.456
24 206 15.456
39 206 15.456
53 206 18.2648
72 206 18.2648
73 206 18.2648
78 206 13.3958
85 206 22.3214
86 206 22.3214
103 206 22.3214
133 206 22.3214
167 206 28.6944
168 206 28.6944
287 206 66.8896
306 206 40.1606
455 206 40.1606
487 206 28.6944
8 207 15.456
24 207 15.456
53 207 18.2648
72 207 18.2648
73 207 18.2648
86 207 22.3214
87 207 22.3214
133 207 22.3214
166 207 28.6944
167 207 28.6944
282 207 66.8896
305 207 40.1606
346 207 200
409 207 40.1606
459 207 40.1606
5 208 18.2648
8 208 15.456
53 208 22.3214
73 208 18.2648
87 208 22.3214
133 208 22.3214
166 208 28.6944
231 208 40.1606
287 208 66.8896
304 208 40.1606
368 208 66.8896
8 209 15.456
53 209 22.3214
54 209 22.3214
73 209 18.2648
133 209 22.3214
166 209 28.6944
231 209 40.1606
237 209 40.1606
238 209 40.1606
239 209 40.1606
242 209 40.1606
243 209 40.1606
287 209 66.8896
292 209 200
304 209 40.1606
323 209 22.3214
332 209 13.3958
344 209 200
345 209 200
368 209 66.8896
370 209 66.8896
371 209 40.1606
373 209 40.1606
422 209 200
427 209 66.8896
459 209 40.1606
28 210 15.456
53 210 22.3214
54 210 22.3214
73 210 18.2648
97 210 22.3214
98 210 22.3214
133 210 22.3214
165 210 28.6944
166 210 28.6944
197 210 28.6944
239 210 40.1606
304 210 40.1606
344 210 18.2648
368 210 66.8896
371 210 40.1606
373 210 40.1606
422 210 200
426 210 66.8896
435 210 66.8896
27 211 15.456
53 211 22.3214
73 211 18.2648
74 211 18.2648
98 211 22.3214
126 211 22.3214
133 211 22.3214
150 211 22.3214
165 211 28.6944
239 211 40.1606
298 211 200
304 211 40.1606
318 211 40.1606
339 211 22.3214
340 211 22.3214
422 211 200
426 211 66.8896
27 212 15.456
73 212 18.2648
104 212 22.3214
126 212 22.3214
133 212 22.3214
135 212 22.3214
150 212 22.3214
239 212 40.1606
240 212 40.1606
298 212 200
304 212 40.1606
318 212 40.1606
321 212 28.6944
338 212 22.3214
339 212 22.3214
408 212 200
426 212 66.8896
9 213 15.456
34 213 15.456
73 213 18.2648
133 213 22.3214
134 213 22.3214
150 213 22.3214
164 213 28.6944
240 213 40.1606
298 213 200
303 213 40.1606
304 213 40.1606
316 213 40.1606
318 213 40.1606
321 213 28.6944
330 213 18.2648
374 213 28.6944
408 213 200
412 213 66.8896
426 213 66.8896
507 213 28.6944
6 214 15.456
9 214 15.456
23 214 15.456
26 214 15.456
54 214 22.3214
73 214 18.2648
189 214 28.6944
239 214 40.1606
240 214 40.1606
298 214 200
303 214 40.1606
304 214 40.1606
318 214 40.1606
329 214 18.2648
367 214 66.8896
425 214 66.8896
486 214 28.6944
3 215 15.456
7 215 15.456
9 215 15.456
26 215 15.456
51 215 18.2648
73 215 18.2648
74 215 18.2648
78 215 18.2648
97 215 22.3214
134 215 22.3214
165 215 28.6944
189 215 28.6944
194 215 28.6944
239 215 40.1606
240 215 40.1606
298 215 200
303 215 40.1606
304 215 40.1606
318 215 40.1606
328 215 18.2648
425 215 66.8896
486 215 28.6944
3 216 15.456
7 216 15.456
19 216 15.456
73 216 18.2648
74 216 18.2648
133 216 22.3214
134 216 22.3214
164 216 28.6944
165 216 28.6944
189 216 28.6944
193 216 28.6944
240 216 40.1606
304 216 40.1606
425 216 66.8896
3 217 15.456
73 217 18.2648
74 217 18.2648
103 217 22.3214
134 217 22.3214
164 217 28.6944
165 217 28.6944
189 217 28.6944
192 217 28.6944
193 217 28.6944
240 217 40.1606
304 217 40.1606
425 217 66.8896
3 218 15.456
18 218 15.456
27 218 15.456
74 218 18.2648
103 218 22.3214
134 218 22.3214
137 218 22.3214
150 218 22.3214
151 218 22.3214
164 218 28.6944
172 218 40.1606
192 218 28.6944
202 218 40.1606
240 218 40.1606
304 218 40.1606
319 218 40.1606
322 218 40.1606
370 218 40.1606
431 218 66.8896
453 218 40.1606
3 219 15.456
18 219 15.456
23 219 15.456
27 219 15.456
51 219 22.3214
74 219 18.2648
103 219 22.3214
104 219 22.3214
134 219 22.3214
151 219 22.3214
164 219 28.6944
172 219 40.1606
192 219 28.6944
202 219 40.1606
240 219 40.1606
283 219 66.8896
304 219 40.1606
319 219 40.1606
322 219 40.1606
331 219 28.6944
370 219 40.1606
453 219 40.1606
486 219 28.6944
507 219 28.6944
3 220 15.456
8 220 15.456
23 220 15.456
26 220 15.456
51 220 22.3214
74 220 18.2648
103 220 22.3214
104 220 22.3214
134 220 22.3214
164 220 28.6944
172 220 40.1606
173 220 40.1606
199 220 40.1606
304 220 40.1606
319 220 40.1606
328 220 40.1606
486 220 28.6944
507 220 28.6944
3 221 15.456
9 221 15.456
16 221 15.456
26 221 15.456
51 221 18.2648
74 221 18.2648
134 221 22.3214
164 221 28.6944
193 221 28.6944
199 221 40.1606
201 221 40.1606
240 221 40.1606
304 221 40.1606
331 221 28.6944
370 221 40.1606
371 221 40.1606
373 221 28.6944
401 221 200
408 221 40.1606
409 221 28.6944
411 221 28.6944
412 221 28.6944
3 222 15.456
9 222 15.456
16 222 15.456
51 222 18.2648
67 222 18.2648
74 222 18.2648
134 222 22.3214
164 222 28.6944
193 222 28.6944
199 222 40.1606
201 222 40.1606
239 222 40.1606
304 222 40.1606
331 222 28.6944
371 222 40.1606
372 222 40.1606
373 222 28.6944
374 222 28.6944
378 222 22.3214
379 222 22.3214
381 222 22.3214
400 222 200
401 222 200
404 222 66.8896
406 222 66.8896
409 222 28.6944
411 222 28.6944
412 222 28.6944
414 222 15.456
415 222 6.48298
479 222 66.8896
486 222 28.6944
9 223 15.456
16 223 15.456
18 223 15.456
24 223 15.456
51 223 18.2648
67 223 18.2648
74 223 18.2648
134 223 22.3214
304 223 40.1606
331 223 28.6944
371 223 40.1606
372 223 40.1606
373 223 28.6944
374 223 28.6944
375 223 28.6944
378 223 22.3214
379 223 22.3214
381 223 22.3214
400 223 200
401 223 200
404 223 66.8896
405 223 66.8896
406 223 66.8896
407 223 40.1606
411 223 28.6944
412 223 28.6944
414 223 15.456
416 223 6.48298
418 223 6.09013
419 223 6.09013
452 223 7.44324
453 223 7.44324
486 223 28.6944
11 224 15.456
20 224 15.456
23 224 15.456
51 224 18.2648
67 224 18.2648
134 224 22.3214
150 224 22.3214
170 224 28.6944
240 224 40.1606
241 224 40.1606
316 224 40.1606
317 224 40.1606
326 224 18.2648
330 224 40.1606
376 224 22.3214
378 224 22.3214
379 224 22.3214
407 224 66.8896
419 224 6.09013
420 224 6.09013
422 224 6.09013
486 224 28.6944
11 225 15.456
14 225 15.456
51 225 18.2648
113 225 22.3214
114 225 22.3214
134 225 22.3214
136 225 22.3214
150 225 22.3214
151 225 22.3214
170 225 28.6944
240 225 40.1606
241 225 40.1606
316 225 40.1606
326 225 18.2648
331 225 40.1606
374 225 28.6944
402 225 66.8896
403 225 66.8896
420 225 6.09013
422 225 6.09013
459 225 40.1606
14 226 15.456
27 226 15.456
51 226 18.2648
113 226 22.3214
134 226 22.3214
136 226 22.3214
169 226 28.6944
170 226 28.6944
230 226 40.1606
331 226 40.1606
377 226 22.3214
9 227 18.2648
10 227 15.456
12 227 15.456
26 227 15.456
27 227 15.456
51 227 18.2648
65 227 18.2648
134 227 18.2648
136 227 22.3214
151 227 22.3214
169 227 28.6944
170 227 28.6944
230 227 40.1606
234 227 40.1606
236 227 40.1606
328 227 66.8896
329 227 40.1606
331 227 40.1606
371 227 40.1606
4 228 15.456
12 228 15.456
26 228 15.456
51 228 18.2648
136 228 22.3214
151 228 22.3214
171 228 28.6944
175 228 40.1606
236 228 40.1606
295 228 40.1606
317 228 40.1606
328 228 66.8896
371 228 40.1606
406 228 40.1606
408 228 40.1606
4 229 15.456
12 229 15.456
25 229 15.456
26 229 15.456
51 229 18.2648
137 229 18.2648
316 229 40.1606
406 229 28.6944
408 229 28.6944
4 230 15.456
32 230 18.2648
51 230 18.2648
94 230 22.3214
251 230 40.1606
316 230 40.1606
317 230 40.1606
323 230 40.1606
324 230 40.1606
373 230 66.8896
377 230 66.8896
382 230 22.3214
383 230 22.3214
391 230 40.1606
393 230 28.6944
398 230 200
400 230 40.1606
406 230 28.6944
408 230 28.6944
4 231 15.456
13 231 15.456
25 231 15.456
32 231 18.2648
51 231 18.2648
157 231 18.2648
158 231 18.2648
292 231 40.1606
293 231 40.1606
373 231 66.8896
377 231 40.1606
383 231 22.3214
398 231 200
400 231 40.1606
401 231 40.1606
408 231 28.6944
4 232 15.456
25 232 15.456
51 232 18.2648
150 232 22.3214
151 232 22.3214
291 232 40.1606
292 232 40.1606
293 232 40.1606
314 232 40.1606
373 232 66.8896
394 232 28.6944
408 232 28.6944
4 233 15.456
24 233 15.456
51 233 18.2648
107 233 28.6944
117 233 28.6944
118 233 28.6944
151 233 22.3214
292 233 40.1606
373 233 66.8896
375 233 40.1606
408 233 28.6944
4 234 15.456
24 234 15.456
51 234 18.2648
52 234 18.2648
101 234 22.3214
107 234 28.6944
108 234 28.6944
118 234 28.6944
408 234 28.6944
7 235 15.456
23 235 15.456
24 235 15.456
52 235 18.2648
101 235 22.3214
150 235 22.3214
5 236 15.456
23 236 15.456
24 236 15.456
83 236 22.3214
101 236 22.3214
134 236 22.3214
135 236 22.3214
150 236 22.3214
151 236 22.3214
153 236 22.3214
155 236 22.3214
5 237 15.456
14 237 15.456
26 237 18.2648
36 237 22.3214
37 237 22.3214
83 237 22.3214
150 237 22.3214
151 237 22.3214
155 237 22.3214
5 238 15.456
14 238 15.456
26 238 18.2648
36 238 22.3214
37 238 22.3214
151 238 22.3214
5 239 15.456
8 239 18.2648
12 239 18.2648
25 239 18.2648
36 239 22.3214
37 239 22.3214
151 239 22.3214
329 239 28.6944
5 240 15.456
8 240 18.2648
11 240 18.2648
24 240 18.2648
25 240 18.2648
35 240 18.2648
36 240 22.3214
37 240 22.3214
93 240 22.3214
120 240 22.3214
121 240 22.3214
151 240 22.3214
155 240 22.3214
5 241 15.456
8 241 18.2648
25 241 18.2648
29 241 18.2648
30 241 18.2648
32 241 18.2648
36 241 22.3214
37 241 22.3214
38 241 22.3214
78 241 18.2648
150 241 22.3214
151 241 22.3214
155 241 22.3214
5 242 15.456
8 242 18.2648
78 242 18.2648
151 242 22.3214
155 242 22.3214
5 243 15.456
8 243 18.2648
10 243 18.2648
151 243 22.3214
155 243 22.3214
27 244 15.456
151 244 22.3214
155 244 22.3214
151 245 22.3214
155 245 22.3214
51 246 15.456
151 246 22.3214
51 247 15.456
108 247 18.2648
151 247 22.3214
51 248 15.456
106 248 18.2648
151 248 22.3214
20 249 15.456
21 249 15.456
106 249 18.2648
628 249 11.8203
628 250 11.8203
625 251 13.3958
628 251 11.8203
636 251 11.8203
625 252 13.3958
628 252 11.8203
633 252 13.3958
636 252 11.8203
3 253 13.3958
6 253 22.3214
15 253 13.3958
16 253 13.3958
628 253 11.8203
633 253 13.3958
636 253 11.8203
8 254 22.3214
633 254 13.3958
636 254 11.8203
633 255 13.3958
636 255 11.8203
103 256 18.2648
636 256 11.8203
278 257 18.2648
13 258 13.3958
13 259 13.3958
262 263 15.456
44 267 15.456
241 271 15.456
242 271 15.456
128 274 13.3958
106 276 13.3958
19 280 11.8203
19 281 11.8203
215 282 11.8203
216 282 11.8203
76 283 11.8203
209 289 10.5764
50 296 10.5764
181 297 9.56938
182 298 9.56938
183 298 9.56938
187 298 9.56938
188 298 9.56938
26 301 10.5764
27 301 10.5764
171 307 8.73744
172 307 8.73744
134 319 8.03858
135 319 8.03858
142 319 8.03858
144 319 8.03858
145 319 8.03858
134 320 8.03858
135 320 8.03858
136 320 8.03858
137 320 8.03858
142 320 8.03858
143 320 8.03858
144 320 8.03858
458 322 8.03858
459 322 8.03858
464 322 8.03858
618 333 6.48298
101 335 6.93001
107 335 6.93001
114 335 6.93001
115 335 6.93001
116 335 6.93001
97 336 6.93001
558 336 6.93001
582 338 6.48298
625 338 6.09013
504 340 6.48298
605 342 6.09013
606 342 6.09013
605 343 6.09013
77 346 6.48298
73 348 6.48298
70 349 6.48298
603 349 6.09013
599 351 6.48298
605 351 6.09013
606 351 6.09013
598 352 6.48298
599 352 6.09013
603 352 6.09013
604 352 6.09013
605 352 6.09013
164 353 6.09013
601 353 6.09013
602 353 6.09013
603 353 6.09013
606 353 5.74218
607 353 5.74218
601 354 6.09013
604 354 6.09013
605 354 5.74218
606 354 5.74218
53 358 6.09013
54 358 5.74218
55 358 5.74218
67 358 5.74218
68 358 5.74218
69 358 5.74218
70 358 5.74218
615 358 5.74218
53 359 6.09013
54 359 5.74218
55 359 5.74218
56 359 5.74218
60 359 5.74218
61 359 5.74218
62 359 5.74218
64 359 5.74218
65 359 5.74218
66 359 5.74218
67 359 5.74218
68 359 5.74218
69 359 5.74218
70 359 5.74218
71 359 5.74218
615 359 5.74218
59 360 5.74218
411 362 5.74218
412 362 5.74218
157 364 5.74218
158 364 5.74218
154 365 5.74218
158 365 5.74218
154 366 5.74218
155 366 5.74218
155 367 5.74218
633 367 5.43183
632 368 5.43183
620 369 5.74218
636 369 5.15331
623 370 5.43183
623 371 5.43183
626 371 5.15331
627 371 5.15331
630 371 5.43183
631 371 5.43183
633 372 5.43183
635 372 5.43183
14 387 4.90196
12 388 4.90196
14 388 4.90196
15 388 4.90196
587 394 4.67399
515 397 4.67399
516 397 4.67399
517 397 4.67399
516 398 4.67399
517 398 4.67399
519 398 4.46628
533 398 4.46628
534 398 4.46628
518 399 4.67399
519 399 4.46628
520 399 4.46628
242 403 4.46628
243 403 4.46628
244 403 4.46628
239 405 4.46628
240 405 4.46628
239 406 4.46628
240 406 4.46628
241 406 4.46628
241 407 4.46628
105 411 4.27625
339 412 4.27625
264 438 3.79219
35 464 3.40657
36 464 3.40657
179 468 3.29489
316 468 3.29489
317 468 3.29489
180 469 3.29489
181 469 3.29489
