13 3 18.2648
43 3 22.3214
48 3 22.3214
51 3 22.3214
95 3 28.6944
112 3 28.6944
184 3 200
191 3 40.1606
476 3 40.1606
588 3 11.8203
634 3 10.5764
13 4 18.2648
43 4 22.3214
48 4 22.3214
51 4 22.3214
95 4 28.6944
112 4 28.6944
185 4 200
192 4 40.1606
13 5 18.2648
22 5 18.2648
43 5 22.3214
48 5 22.3214
51 5 22.3214
112 5 28.6944
186 5 200
193 5 40.1606
13 6 18.2648
22 6 22.3214
39 6 22.3214
43 6 22.3214
48 6 22.3214
51 6 22.3214
112 6 28.6944
187 6 200
194 6 40.1606
635 6 10.5764
13 7 18.2648
22 7 22.3214
23 7 22.3214
39 7 22.3214
43 7 22.3214
48 7 22.3214
51 7 22.3214
112 7 28.6944
195 7 40.1606
579 7 11.8203
635 7 10.5764
13 8 18.2648
22 8 22.3214
23 8 22.3214
39 8 22.3214
40 8 22.3214
48 8 22.3214
51 8 22.3214
52 8 22.3214
105 8 28.6944
112 8 28.6944
189 8 200
196 8 40.1606
580 8 11.8203
635 8 10.5764
13 9 18.2648
39 9 22.3214
40 9 22.3214
48 9 22.3214
51 9 22.3214
52 9 22.3214
105 9 28.6944
190 9 200
197 9 40.1606
636 9 10.5764
14 10 18.2648
23 10 22.3214
39 10 22.3214
48 10 22.3214
51 10 22.3214
52 10 22.3214
105 10 28.6944
191 10 200
198 10 40.1606
581 10 11.8203
636 10 10.5764
14 11 18.2648
18 11 22.3214
23 11 22.3214
51 11 22.3214
52 11 22.3214
105 11 28.6944
192 11 200
199 11 40.1606
636 11 10.5764
637 11 10.5764
14 12 18.2648
52 12 22.3214
107 12 28.6944
193 12 200
200 12 40.1606
14 13 18.2648
18 13 22.3214
40 13 22.3214
194 13 200
200 13 40.1606
201 13 40.1606
14 14 18.2648
40 14 22.3214
53 14 22.3214
109 14 28.6944
118 14 22.3214
201 14 40.1606
202 14 40.1606
609 14 9.56938
636 14 10.5764
14 15 18.2648
40 15 22.3214
53 15 22.3214
109 15 28.6944
118 15 22.3214
127 15 28.6944
196 15 200
202 15 40.1606
203 15 40.1606
610 15 9.56938
636 15 10.5764
3 16 18.2648
14 16 18.2648
40 16 22.3214
53 16 22.3214
116 16 22.3214
118 16 22.3214
127 16 28.6944
197 16 200
203 16 40.1606
204 16 40.1606
613 16 9.56938
637 16 10.5764
3 17 18.2648
40 17 22.3214
116 17 28.6944
120 17 18.2648
198 17 200
204 17 40.1606
205 17 40.1606
601 17 11.8203
613 17 9.56938
614 17 9.56938
624 17 10.5764
637 17 10.5764
4 18 18.2648
40 18 22.3214
49 18 22.3214
115 18 28.6944
116 18 28.6944
137 18 28.6944
138 18 28.6944
199 18 200
205 18 40.1606
206 18 40.1606
598 18 13.3958
602 18 11.8203
614 18 9.56938
4 19 18.2648
17 19 18.2648
40 19 22.3214
49 19 22.3214
52 19 22.3214
116 19 28.6944
125 19 28.6944
127 19 28.6944
137 19 28.6944
138 19 28.6944
200 19 200
206 19 40.1606
207 19 40.1606
481 19 40.1606
602 19 11.8203
603 19 11.8203
611 19 10.5764
615 19 9.56938
4 20 18.2648
40 20 22.3214
49 20 22.3214
52 20 22.3214
127 20 28.6944
134 20 28.6944
137 20 28.6944
201 20 200
207 20 40.1606
208 20 40.1606
603 20 11.8203
611 20 10.5764
615 20 9.56938
620 20 10.5764
40 21 22.3214
49 21 22.3214
52 21 22.3214
134 21 28.6944
202 21 200
208 21 40.1606
604 21 11.8203
622 21 10.5764
40 22 22.3214
49 22 22.3214
52 22 22.3214
138 22 28.6944
203 22 200
209 22 40.1606
623 22 10.5764
18 23 18.2648
40 23 22.3214
49 23 22.3214
52 23 22.3214
134 23 28.6944
204 23 200
210 23 40.1606
624 23 10.5764
18 24 18.2648
40 24 22.3214
49 24 22.3214
52 24 22.3214
134 24 28.6944
211 24 40.1606
606 24 11.8203
625 24 10.5764
27 25 18.2648
40 25 22.3214
49 25 22.3214
52 25 22.3214
134 25 28.6944
205 25 200
212 25 40.1606
625 25 10.5764
626 25 10.5764
25 26 18.2648
26 26 18.2648
27 26 18.2648
40 26 22.3214
49 26 22.3214
52 26 22.3214
139 26 28.6944
195 26 40.1606
206 26 200
213 26 40.1606
477 26 40.1606
508 26 15.456
603 26 13.3958
626 26 10.5764
627 26 10.5764
20 27 18.2648
40 27 22.3214
49 27 22.3214
52 27 22.3214
138 27 28.6944
207 27 200
214 27 40.1606
617 27 9.56938
627 27 10.5764
40 28 22.3214
49 28 22.3214
52 28 22.3214
138 28 28.6944
208 28 200
215 28 40.1606
493 28 40.1606
608 28 11.8203
628 28 10.5764
49 29 22.3214
52 29 22.3214
137 29 28.6944
138 29 28.6944
209 29 200
215 29 40.1606
216 29 40.1606
617 29 9.56938
629 29 10.5764
634 29 9.56938
25 30 18.2648
49 30 22.3214
52 30 22.3214
137 30 28.6944
138 30 28.6944
210 30 200
216 30 40.1606
217 30 40.1606
606 30 11.8203
611 30 10.5764
617 30 9.56938
630 30 10.5764
24 31 18.2648
25 31 18.2648
49 31 22.3214
52 31 22.3214
138 31 28.6944
147 31 28.6944
211 31 200
217 31 40.1606
613 31 10.5764
631 31 10.5764
24 32 18.2648
25 32 18.2648
52 32 22.3214
53 32 22.3214
147 32 28.6944
167 32 40.1606
187 32 40.1606
212 32 200
218 32 40.1606
609 32 11.8203
613 32 10.5764
614 32 10.5764
71 33 22.3214
187 33 40.1606
219 33 40.1606
595 33 11.8203
610 33 11.8203
614 33 10.5764
634 33 10.5764
26 34 22.3214
27 34 22.3214
54 34 22.3214
71 34 22.3214
72 34 22.3214
165 34 40.1606
187 34 40.1606
214 34 200
220 34 40.1606
596 34 11.8203
635 34 10.5764
26 35 22.3214
27 35 22.3214
54 35 22.3214
72 35 22.3214
119 35 18.2648
215 35 200
221 35 40.1606
636 35 10.5764
26 36 22.3214
78 36 22.3214
119 36 18.2648
195 36 40.1606
216 36 200
222 36 40.1606
637 36 10.5764
78 37 22.3214
119 37 18.2648
203 37 40.1606
217 37 200
223 37 40.1606
598 37 11.8203
72 38 22.3214
78 38 22.3214
119 38 18.2648
203 38 40.1606
218 38 200
224 38 40.1606
599 38 11.8203
620 38 10.5764
622 38 10.5764
73 39 22.3214
78 39 22.3214
119 39 18.2648
218 39 200
225 39 40.1606
119 40 18.2648
219 40 200
226 40 40.1606
617 40 11.8203
119 41 18.2648
159 41 40.1606
165 41 40.1606
220 41 200
226 41 40.1606
617 41 11.8203
119 42 18.2648
159 42 40.1606
165 42 40.1606
199 42 40.1606
225 42 40.1606
226 42 40.1606
618 42 11.8203
119 43 18.2648
159 43 40.1606
165 43 40.1606
199 43 40.1606
219 43 40.1606
223 43 40.1606
224 43 40.1606
619 43 11.8203
41 44 22.3214
119 44 18.2648
140 44 28.6944
159 44 40.1606
219 44 40.1606
220 44 40.1606
224 44 40.1606
482 44 40.1606
620 44 11.8203
41 45 22.3214
75 45 22.3214
118 45 18.2648
119 45 18.2648
159 45 40.1606
218 45 40.1606
41 46 22.3214
118 46 22.3214
159 46 40.1606
218 46 40.1606
41 47 22.3214
95 47 28.6944
115 47 28.6944
135 47 28.6944
159 47 40.1606
218 47 40.1606
41 48 22.3214
43 48 22.3214
114 48 28.6944
115 48 28.6944
159 48 40.1606
161 48 40.1606
218 48 40.1606
41 49 22.3214
45 49 22.3214
46 49 22.3214
114 49 28.6944
115 49 28.6944
159 49 40.1606
161 49 40.1606
176 49 40.1606
218 49 40.1606
22 50 18.2648
41 50 22.3214
45 50 22.3214
46 50 22.3214
75 50 22.3214
176 50 40.1606
182 50 40.1606
22 51 18.2648
41 51 22.3214
42 51 22.3214
45 51 22.3214
58 51 22.3214
75 51 22.3214
176 51 40.1606
218 51 66.8896
219 51 66.8896
607 51 11.8203
42 52 22.3214
45 52 22.3214
50 52 22.3214
57 52 22.3214
58 52 22.3214
75 52 22.3214
218 52 66.8896
42 53 22.3214
45 53 22.3214
50 53 22.3214
58 53 22.3214
75 53 22.3214
218 53 66.8896
634 53 8.73744
45 54 22.3214
50 54 22.3214
53 54 22.3214
75 54 22.3214
98 54 28.6944
218 54 66.8896
624 54 10.5764
629 54 9.56938
631 54 9.56938
16 55 18.2648
17 55 18.2648
18 55 18.2648
19 55 18.2648
45 55 22.3214
53 55 22.3214
71 55 22.3214
98 55 28.6944
620 55 11.8203
625 55 10.5764
3 56 18.2648
7 56 18.2648
45 56 22.3214
53 56 22.3214
71 56 22.3214
225 56 40.1606
621 56 11.8203
625 56 10.5764
626 56 10.5764
45 57 22.3214
53 57 22.3214
107 57 28.6944
113 57 28.6944
114 57 28.6944
178 57 40.1606
225 57 40.1606
611 57 11.8203
626 57 10.5764
45 58 22.3214
53 58 22.3214
107 58 28.6944
114 58 28.6944
178 58 40.1606
226 58 40.1606
45 59 22.3214
46 59 22.3214
53 59 22.3214
107 59 28.6944
114 59 28.6944
179 59 40.1606
227 59 40.1606
612 59 11.8203
45 60 22.3214
46 60 22.3214
53 60 22.3214
81 60 28.6944
107 60 28.6944
114 60 28.6944
179 60 40.1606
228 60 40.1606
618 60 15.456
45 61 22.3214
46 61 22.3214
53 61 22.3214
81 61 28.6944
107 61 28.6944
114 61 28.6944
229 61 40.1606
230 61 40.1606
45 62 22.3214
46 62 22.3214
53 62 22.3214
54 62 22.3214
107 62 28.6944
114 62 28.6944
230 62 40.1606
45 63 22.3214
46 63 22.3214
53 63 22.3214
54 63 22.3214
107 63 28.6944
114 63 28.6944
125 63 28.6944
148 63 28.6944
230 63 40.1606
488 63 40.1606
46 64 22.3214
53 64 22.3214
98 64 28.6944
107 64 28.6944
114 64 28.6944
126 64 28.6944
229 64 66.8896
631 64 10.5764
637 64 11.8203
46 65 22.3214
53 65 22.3214
54 65 22.3214
107 65 28.6944
185 65 40.1606
197 65 40.1606
229 65 66.8896
547 65 15.456
632 65 10.5764
46 66 22.3214
53 66 22.3214
54 66 22.3214
98 66 28.6944
107 66 28.6944
197 66 40.1606
632 66 10.5764
633 66 10.5764
46 67 22.3214
53 67 22.3214
54 67 22.3214
172 67 40.1606
197 67 40.1606
519 67 18.2648
548 67 15.456
624 67 11.8203
633 67 10.5764
46 68 22.3214
53 68 22.3214
54 68 22.3214
171 68 40.1606
630 68 11.8203
633 68 10.5764
634 68 10.5764
46 69 22.3214
53 69 22.3214
54 69 22.3214
171 69 40.1606
203 69 40.1606
204 69 40.1606
225 69 40.1606
634 69 10.5764
46 70 22.3214
53 70 22.3214
54 70 22.3214
108 70 28.6944
115 70 28.6944
139 70 28.6944
140 70 28.6944
204 70 40.1606
625 70 11.8203
29 71 22.3214
30 71 22.3214
46 71 22.3214
53 71 22.3214
54 71 22.3214
115 71 28.6944
139 71 28.6944
140 71 28.6944
204 71 40.1606
625 71 11.8203
637 71 9.56938
46 72 22.3214
53 72 22.3214
54 72 22.3214
140 72 28.6944
204 72 40.1606
622 72 9.56938
629 72 11.8203
46 73 22.3214
53 73 22.3214
54 73 22.3214
140 73 28.6944
188 73 40.1606
213 73 18.2648
216 73 18.2648
634 73 10.5764
46 74 22.3214
53 74 22.3214
54 74 22.3214
109 74 28.6944
140 74 28.6944
188 74 40.1606
204 74 40.1606
213 74 18.2648
214 74 18.2648
634 74 10.5764
635 74 10.5764
53 75 22.3214
54 75 22.3214
110 75 28.6944
140 75 28.6944
189 75 40.1606
204 75 40.1606
213 75 18.2648
214 75 18.2648
635 75 10.5764
636 75 10.5764
46 76 22.3214
53 76 22.3214
54 76 22.3214
120 76 22.3214
140 76 28.6944
204 76 40.1606
214 76 18.2648
636 76 10.5764
46 77 22.3214
54 77 22.3214
119 77 22.3214
120 77 22.3214
140 77 28.6944
524 77 18.2648
637 77 10.5764
42 78 22.3214
46 78 22.3214
54 78 22.3214
119 78 22.3214
120 78 22.3214
189 78 40.1606
216 78 40.1606
219 78 28.6944
637 78 10.5764
42 79 22.3214
46 79 22.3214
54 79 22.3214
123 79 22.3214
219 79 28.6944
265 79 66.8896
612 79 18.2648
622 79 11.8203
637 79 10.5764
42 80 22.3214
43 80 22.3214
54 80 22.3214
128 80 28.6944
134 80 28.6944
140 80 28.6944
167 80 40.1606
265 80 66.8896
266 80 66.8896
16 81 18.2648
42 81 22.3214
43 81 22.3214
54 81 22.3214
134 81 28.6944
139 81 28.6944
140 81 28.6944
266 81 66.8896
42 82 22.3214
43 82 22.3214
54 82 22.3214
134 82 28.6944
266 82 66.8896
267 82 66.8896
16 83 22.3214
43 83 22.3214
267 83 66.8896
416 83 200
17 84 22.3214
25 84 22.3214
26 84 22.3214
56 84 22.3214
267 84 66.8896
268 84 66.8896
17 85 22.3214
25 85 22.3214
26 85 22.3214
55 85 22.3214
56 85 22.3214
268 85 66.8896
17 86 22.3214
25 86 22.3214
26 86 22.3214
56 86 22.3214
140 86 28.6944
216 86 40.1606
268 86 66.8896
269 86 66.8896
416 86 200
426 86 200
427 86 200
625 86 11.8203
17 87 22.3214
56 87 22.3214
139 87 28.6944
140 87 28.6944
141 87 28.6944
161 87 40.1606
167 87 40.1606
252 87 66.8896
269 87 66.8896
426 87 200
600 87 9.56938
625 87 11.8203
626 87 11.8203
21 88 22.3214
139 88 28.6944
140 88 28.6944
161 88 40.1606
167 88 40.1606
251 88 66.8896
252 88 66.8896
269 88 66.8896
601 88 9.56938
21 89 22.3214
27 89 22.3214
51 89 22.3214
54 89 22.3214
55 89 22.3214
161 89 40.1606
167 89 40.1606
251 89 66.8896
252 89 66.8896
269 89 66.8896
270 89 66.8896
602 89 9.56938
21 90 22.3214
27 90 22.3214
54 90 22.3214
55 90 22.3214
161 90 40.1606
167 90 40.1606
183 90 40.1606
270 90 66.8896
290 90 13.3958
603 90 9.56938
21 91 22.3214
54 91 22.3214
55 91 22.3214
161 91 40.1606
167 91 40.1606
177 91 40.1606
183 91 40.1606
270 91 66.8896
271 91 66.8896
21 92 22.3214
48 92 40.1606
54 92 22.3214
175 92 28.6944
177 92 40.1606
178 92 40.1606
187 92 40.1606
252 92 66.8896
271 92 66.8896
291 92 13.3958
21 93 22.3214
54 93 22.3214
55 93 22.3214
167 93 40.1606
178 93 40.1606
227 93 40.1606
252 93 66.8896
271 93 66.8896
291 93 13.3958
54 94 22.3214
55 94 22.3214
178 94 40.1606
252 94 66.8896
272 94 66.8896
632 94 11.8203
13 95 13.3958
54 95 22.3214
55 95 22.3214
142 95 28.6944
178 95 40.1606
252 95 66.8896
272 95 66.8896
273 95 66.8896
292 95 13.3958
615 95 9.56938
616 95 9.56938
630 95 11.8203
634 95 10.5764
13 96 13.3958
54 96 22.3214
55 96 22.3214
142 96 28.6944
232 96 66.8896
252 96 66.8896
273 96 66.8896
282 96 22.3214
631 96 11.8203
3 97 13.3958
12 97 13.3958
13 97 13.3958
54 97 22.3214
55 97 22.3214
120 97 18.2648
252 97 66.8896
273 97 66.8896
288 97 200
293 97 200
632 97 11.8203
12 98 13.3958
54 98 22.3214
55 98 22.3214
120 98 18.2648
231 98 66.8896
273 98 66.8896
277 98 40.1606
293 98 200
632 98 11.8203
54 99 22.3214
55 99 22.3214
120 99 18.2648
272 99 66.8896
273 99 66.8896
622 99 9.56938
633 99 11.8203
43 100 22.3214
54 100 22.3214
55 100 22.3214
74 100 22.3214
120 100 18.2648
283 100 200
286 100 66.8896
634 100 11.8203
43 101 22.3214
44 101 22.3214
54 101 22.3214
55 101 22.3214
74 101 22.3214
77 101 18.2648
120 101 18.2648
139 101 28.6944
223 101 40.1606
278 101 200
286 101 66.8896
634 101 11.8203
55 102 22.3214
74 102 22.3214
80 102 22.3214
120 102 18.2648
284 102 66.8896
624 102 9.56938
21 103 18.2648
74 103 22.3214
80 103 22.3214
119 103 22.3214
120 103 22.3214
271 103 66.8896
623 103 10.5764
626 103 9.56938
627 103 9.56938
57 104 22.3214
74 104 22.3214
80 104 22.3214
117 104 28.6944
136 104 28.6944
198 104 40.1606
298 104 66.8896
299 104 66.8896
57 105 22.3214
74 105 22.3214
80 105 22.3214
116 105 28.6944
117 105 28.6944
198 105 40.1606
270 105 66.8896
32 106 13.3958
80 106 22.3214
116 106 28.6944
198 106 40.1606
23 107 22.3214
34 107 13.3958
116 107 28.6944
198 107 40.1606
205 107 40.1606
229 107 40.1606
34 108 13.3958
150 108 40.1606
198 108 40.1606
200 108 40.1606
205 108 40.1606
200 109 40.1606
121 110 18.2648
200 110 40.1606
12 111 10.5764
34 111 13.3958
35 111 13.3958
121 111 18.2648
150 111 28.6944
187 111 40.1606
200 111 40.1606
299 111 66.8896
30 112 18.2648
35 112 13.3958
99 112 28.6944
100 112 28.6944
121 112 18.2648
200 112 40.1606
237 112 66.8896
252 112 66.8896
253 112 66.8896
99 113 28.6944
100 113 28.6944
102 113 28.6944
200 113 40.1606
220 113 28.6944
237 113 66.8896
252 113 66.8896
99 114 28.6944
100 114 28.6944
115 114 28.6944
116 114 28.6944
121 114 18.2648
150 114 28.6944
189 114 40.1606
190 114 40.1606
200 114 40.1606
223 114 66.8896
252 114 66.8896
265 114 66.8896
44 115 13.3958
99 115 28.6944
100 115 28.6944
116 115 28.6944
190 115 40.1606
200 115 40.1606
223 115 66.8896
252 115 66.8896
637 115 22.3214
28 116 18.2648
44 116 13.3958
99 116 28.6944
100 116 28.6944
109 116 28.6944
116 116 28.6944
121 116 18.2648
200 116 40.1606
223 116 66.8896
252 116 66.8896
311 116 200
27 117 18.2648
28 117 18.2648
99 117 28.6944
100 117 28.6944
109 117 28.6944
116 117 28.6944
150 117 28.6944
200 117 40.1606
223 117 66.8896
312 117 200
25 118 18.2648
26 118 18.2648
44 118 22.3214
100 118 28.6944
109 118 28.6944
116 118 28.6944
150 118 28.6944
200 118 40.1606
223 118 66.8896
253 118 66.8896
312 118 200
637 118 22.3214
25 119 18.2648
26 119 18.2648
77 119 22.3214
100 119 28.6944
109 119 28.6944
116 119 28.6944
150 119 28.6944
200 119 40.1606
313 119 200
3 120 13.3958
25 120 18.2648
100 120 28.6944
109 120 28.6944
314 120 200
100 121 28.6944
109 121 28.6944
253 121 66.8896
314 121 200
48 122 22.3214
60 122 22.3214
61 122 22.3214
100 122 28.6944
109 122 28.6944
141 122 28.6944
253 122 66.8896
315 122 200
48 123 22.3214
60 123 22.3214
61 123 22.3214
100 123 28.6944
109 123 28.6944
117 123 28.6944
129 123 28.6944
135 123 28.6944
141 123 28.6944
142 123 28.6944
253 123 66.8896
315 123 200
319 123 200
48 124 22.3214
56 124 22.3214
74 124 22.3214
100 124 28.6944
109 124 28.6944
117 124 28.6944
129 124 28.6944
135 124 28.6944
141 124 28.6944
184 124 40.1606
320 124 200
3 125 13.3958
48 125 22.3214
56 125 22.3214
100 125 28.6944
109 125 28.6944
117 125 28.6944
129 125 28.6944
135 125 28.6944
141 125 28.6944
168 125 40.1606
169 125 40.1606
282 125 66.8896
48 126 22.3214
56 126 22.3214
83 126 22.3214
100 126 28.6944
109 126 28.6944
129 126 28.6944
135 126 28.6944
168 126 40.1606
316 126 200
48 127 22.3214
55 127 22.3214
56 127 22.3214
109 127 28.6944
117 127 28.6944
129 127 28.6944
135 127 28.6944
317 127 200
327 127 200
48 128 22.3214
55 128 22.3214
56 128 22.3214
109 128 28.6944
117 128 28.6944
129 128 28.6944
135 128 28.6944
168 128 40.1606
317 128 200
327 128 200
48 129 22.3214
56 129 22.3214
109 129 28.6944
129 129 28.6944
135 129 28.6944
186 129 40.1606
317 129 200
328 129 200
48 130 22.3214
56 130 22.3214
111 130 28.6944
129 130 28.6944
135 130 28.6944
282 130 66.8896
318 130 200
328 130 200
48 131 22.3214
56 131 22.3214
117 131 28.6944
129 131 28.6944
135 131 28.6944
168 131 40.1606
282 131 66.8896
318 131 200
329 131 200
28 132 13.3958
48 132 22.3214
56 132 22.3214
129 132 28.6944
135 132 28.6944
168 132 40.1606
184 132 40.1606
282 132 66.8896
329 132 200
28 133 13.3958
48 133 22.3214
56 133 22.3214
111 133 28.6944
129 133 28.6944
168 133 40.1606
185 133 40.1606
282 133 66.8896
319 133 200
329 133 200
28 134 13.3958
31 134 13.3958
48 134 22.3214
56 134 22.3214
117 134 28.6944
129 134 28.6944
282 134 66.8896
319 134 200
329 134 200
330 134 200
395 134 200
28 135 13.3958
31 135 13.3958
48 135 22.3214
56 135 22.3214
129 135 28.6944
282 135 66.8896
319 135 200
330 135 200
31 136 13.3958
48 136 22.3214
51 136 22.3214
56 136 22.3214
129 136 28.6944
179 136 40.1606
180 136 40.1606
225 136 40.1606
319 136 200
48 137 22.3214
56 137 22.3214
179 137 40.1606
180 137 40.1606
225 137 40.1606
238 137 66.8896
253 137 66.8896
319 137 200
48 138 22.3214
51 138 22.3214
56 138 22.3214
180 138 40.1606
238 138 66.8896
253 138 66.8896
334 138 200
48 139 22.3214
51 139 22.3214
56 139 22.3214
130 139 28.6944
151 139 40.1606
180 139 40.1606
253 139 66.8896
273 139 66.8896
334 139 200
48 140 22.3214
51 140 22.3214
56 140 22.3214
121 140 22.3214
130 140 28.6944
163 140 40.1606
238 140 66.8896
253 140 66.8896
313 140 66.8896
335 140 200
48 141 22.3214
51 141 22.3214
56 141 22.3214
121 141 22.3214
125 141 22.3214
151 141 28.6944
163 141 40.1606
180 141 40.1606
253 141 66.8896
335 141 200
394 141 200
397 141 66.8896
48 142 22.3214
51 142 22.3214
56 142 22.3214
121 142 22.3214
125 142 22.3214
140 142 22.3214
163 142 40.1606
238 142 66.8896
253 142 66.8896
390 142 200
397 142 66.8896
48 143 22.3214
56 143 22.3214
151 143 28.6944
163 143 40.1606
218 143 40.1606
219 143 40.1606
253 143 66.8896
281 143 200
282 143 200
339 143 200
390 143 200
48 144 22.3214
56 144 22.3214
57 144 22.3214
151 144 28.6944
218 144 40.1606
253 144 66.8896
281 144 200
282 144 200
45 145 22.3214
48 145 22.3214
49 145 22.3214
56 145 22.3214
57 145 22.3214
142 145 28.6944
206 145 40.1606
238 145 66.8896
253 145 66.8896
281 145 200
313 145 66.8896
45 146 22.3214
48 146 22.3214
56 146 22.3214
57 146 22.3214
253 146 66.8896
281 146 200
45 147 22.3214
48 147 22.3214
49 147 22.3214
56 147 22.3214
57 147 22.3214
281 147 200
342 147 200
45 148 22.3214
48 148 22.3214
49 148 22.3214
51 148 22.3214
56 148 22.3214
57 148 22.3214
281 148 200
342 148 200
45 149 22.3214
48 149 22.3214
49 149 22.3214
51 149 22.3214
56 149 22.3214
57 149 22.3214
281 149 200
342 149 200
48 150 22.3214
49 150 22.3214
56 150 22.3214
57 150 22.3214
281 150 200
618 150 18.2648
48 151 22.3214
49 151 22.3214
56 151 22.3214
57 151 22.3214
181 151 40.1606
281 151 200
347 151 200
48 152 22.3214
49 152 22.3214
56 152 22.3214
57 152 22.3214
281 152 200
347 152 200
48 153 22.3214
49 153 22.3214
57 153 22.3214
281 153 200
313 153 200
326 153 200
347 153 200
45 154 22.3214
46 154 22.3214
57 154 22.3214
347 154 200
45 155 22.3214
46 155 22.3214
191 155 40.1606
273 155 66.8896
45 156 22.3214
46 156 22.3214
59 156 22.3214
191 156 40.1606
273 156 66.8896
337 156 200
46 157 22.3214
58 157 22.3214
59 157 22.3214
191 157 40.1606
202 157 40.1606
273 157 66.8896
321 157 200
337 157 200
59 158 22.3214
121 158 22.3214
122 158 22.3214
141 158 28.6944
309 158 66.8896
337 158 200
121 159 22.3214
122 159 22.3214
337 159 200
349 159 200
46 160 22.3214
57 160 22.3214
99 160 28.6944
121 160 22.3214
122 160 22.3214
126 160 28.6944
127 160 28.6944
337 160 200
46 161 22.3214
57 161 22.3214
121 161 22.3214
122 161 22.3214
238 161 66.8896
254 161 66.8896
537 161 18.2648
20 162 22.3214
29 162 22.3214
30 162 22.3214
46 162 22.3214
57 162 22.3214
118 162 28.6944
119 162 28.6944
122 162 22.3214
239 162 66.8896
253 162 66.8896
254 162 66.8896
283 162 66.8896
20 163 22.3214
29 163 22.3214
30 163 22.3214
46 163 22.3214
57 163 22.3214
118 163 28.6944
122 163 18.2648
225 163 66.8896
254 163 66.8896
20 164 22.3214
29 164 22.3214
30 164 22.3214
46 164 22.3214
57 164 22.3214
117 164 28.6944
118 164 28.6944
122 164 18.2648
178 164 28.6944
254 164 66.8896
283 164 66.8896
337 164 200
20 165 22.3214
29 165 22.3214
30 165 22.3214
46 165 22.3214
57 165 22.3214
118 165 28.6944
122 165 18.2648
254 165 66.8896
326 165 200
337 165 200
30 166 22.3214
46 166 22.3214
57 166 22.3214
122 166 18.2648
254 166 66.8896
24 167 22.3214
30 167 22.3214
46 167 22.3214
57 167 22.3214
77 167 22.3214
122 167 18.2648
254 167 66.8896
341 167 66.8896
30 168 22.3214
46 168 22.3214
57 168 22.3214
77 168 22.3214
83 168 22.3214
122 168 18.2648
254 168 66.8896
283 168 66.8896
24 169 22.3214
30 169 22.3214
57 169 22.3214
58 169 22.3214
83 169 22.3214
122 169 18.2648
130 169 18.2648
254 169 66.8896
283 169 66.8896
24 170 22.3214
57 170 22.3214
58 170 22.3214
82 170 22.3214
83 170 22.3214
122 170 18.2648
239 170 66.8896
254 170 66.8896
282 170 66.8896
283 170 66.8896
345 170 200
24 171 22.3214
57 171 22.3214
58 171 22.3214
77 171 22.3214
118 171 28.6944
239 171 66.8896
254 171 66.8896
30 172 22.3214
57 172 22.3214
58 172 22.3214
77 172 22.3214
118 172 28.6944
273 172 66.8896
327 172 200
333 172 40.1606
30 173 22.3214
57 173 22.3214
58 173 22.3214
77 173 22.3214
110 173 28.6944
118 173 28.6944
122 173 18.2648
273 173 66.8896
338 173 200
30 174 22.3214
58 174 22.3214
77 174 22.3214
110 174 28.6944
118 174 28.6944
122 174 18.2648
273 174 66.8896
46 175 22.3214
47 175 22.3214
60 175 22.3214
110 175 28.6944
118 175 28.6944
122 175 18.2648
131 175 22.3214
47 176 22.3214
59 176 22.3214
60 176 22.3214
110 176 28.6944
129 176 22.3214
139 176 22.3214
282 176 200
23 177 18.2648
31 177 22.3214
107 177 28.6944
110 177 28.6944
122 177 18.2648
283 177 200
618 177 18.2648
23 178 18.2648
45 178 22.3214
110 178 28.6944
129 178 22.3214
282 178 200
283 178 200
314 178 200
408 178 6.09013
24 179 18.2648
45 179 22.3214
110 179 28.6944
129 179 22.3214
282 179 66.8896
283 179 66.8896
314 179 200
408 179 6.09013
65 180 22.3214
66 180 22.3214
110 180 28.6944
282 180 200
283 180 200
402 180 28.6944
405 180 6.48298
481 180 28.6944
23 181 22.3214
65 181 22.3214
66 181 22.3214
110 181 28.6944
282 181 200
283 181 200
329 181 200
335 181 40.1606
362 181 28.6944
363 181 28.6944
364 181 28.6944
400 181 28.6944
401 181 28.6944
402 181 28.6944
417 181 13.3958
80 182 22.3214
110 182 28.6944
129 182 22.3214
282 182 200
283 182 200
329 182 200
335 182 40.1606
362 182 28.6944
363 182 28.6944
364 182 28.6944
399 182 40.1606
401 182 28.6944
402 182 28.6944
416 182 40.1606
80 183 22.3214
101 183 28.6944
107 183 28.6944
110 183 28.6944
282 183 66.8896
283 183 66.8896
329 183 200
414 183 40.1606
450 183 40.1606
20 184 22.3214
21 184 22.3214
26 184 22.3214
79 184 22.3214
80 184 22.3214
101 184 28.6944
107 184 28.6944
110 184 28.6944
364 184 28.6944
410 184 40.1606
414 184 40.1606
21 185 22.3214
26 185 22.3214
56 185 22.3214
61 185 22.3214
79 185 22.3214
101 185 28.6944
106 185 28.6944
107 185 28.6944
110 185 28.6944
129 185 22.3214
283 185 66.8896
338 185 40.1606
410 185 40.1606
414 185 40.1606
26 186 22.3214
31 186 22.3214
56 186 22.3214
61 186 22.3214
106 186 28.6944
107 186 28.6944
110 186 28.6944
130 186 22.3214
148 186 28.6944
254 186 66.8896
255 186 66.8896
267 186 66.8896
282 186 66.8896
283 186 66.8896
335 186 66.8896
338 186 40.1606
339 186 40.1606
403 186 200
414 186 40.1606
56 187 22.3214
61 187 22.3214
110 187 28.6944
123 187 18.2648
225 187 66.8896
254 187 66.8896
283 187 66.8896
307 187 40.1606
322 187 200
327 187 200
333 187 66.8896
335 187 66.8896
338 187 40.1606
339 187 40.1606
403 187 200
414 187 40.1606
61 188 22.3214
101 188 28.6944
123 188 18.2648
225 188 66.8896
244 188 66.8896
249 188 66.8896
254 188 66.8896
282 188 66.8896
283 188 66.8896
322 188 200
362 188 28.6944
364 188 28.6944
403 188 200
410 188 66.8896
414 188 40.1606
19 189 18.2648
33 189 22.3214
119 189 28.6944
123 189 18.2648
225 189 66.8896
244 189 66.8896
249 189 66.8896
254 189 66.8896
282 189 66.8896
283 189 66.8896
322 189 200
357 189 66.8896
361 189 10.5764
364 189 10.5764
403 189 200
409 189 66.8896
410 189 66.8896
411 189 66.8896
414 189 40.1606
481 189 28.6944
19 190 18.2648
32 190 22.3214
33 190 22.3214
55 190 22.3214
59 190 22.3214
119 190 28.6944
123 190 18.2648
140 190 28.6944
225 190 66.8896
244 190 66.8896
249 190 66.8896
254 190 66.8896
283 190 66.8896
285 190 66.8896
322 190 200
338 190 40.1606
352 190 15.456
357 190 66.8896
361 190 10.5764
403 190 200
409 190 66.8896
410 190 66.8896
413 190 40.1606
481 190 28.6944
33 191 22.3214
107 191 18.2648
123 191 18.2648
131 191 28.6944
140 191 28.6944
226 191 66.8896
244 191 66.8896
249 191 66.8896
254 191 66.8896
283 191 66.8896
322 191 200
332 191 200
338 191 40.1606
352 191 15.456
361 191 40.1606
364 191 9.56938
365 191 9.56938
403 191 200
409 191 66.8896
410 191 66.8896
414 191 40.1606
416 191 40.1606
481 191 28.6944
11 192 18.2648
12 192 18.2648
107 192 18.2648
119 192 28.6944
120 192 28.6944
123 192 18.2648
144 192 28.6944
145 192 28.6944
155 192 28.6944
244 192 66.8896
249 192 66.8896
254 192 66.8896
330 192 200
331 192 200
332 192 200
335 192 66.8896
338 192 40.1606
339 192 40.1606
345 192 22.3214
352 192 15.456
357 192 66.8896
361 192 10.5764
364 192 9.56938
403 192 200
406 192 200
409 192 66.8896
410 192 66.8896
413 192 40.1606
414 192 40.1606
438 192 66.8896
481 192 28.6944
11 193 18.2648
12 193 18.2648
57 193 18.2648
123 193 18.2648
144 193 28.6944
155 193 28.6944
241 193 200
244 193 66.8896
249 193 66.8896
254 193 66.8896
330 193 200
331 193 200
332 193 200
335 193 66.8896
336 193 40.1606
338 193 40.1606
339 193 40.1606
345 193 22.3214
364 193 9.56938
365 193 9.56938
406 193 200
409 193 66.8896
410 193 66.8896
414 193 40.1606
438 193 66.8896
481 193 28.6944
11 194 18.2648
57 194 18.2648
104 194 18.2648
144 194 28.6944
241 194 200
244 194 66.8896
246 194 66.8896
249 194 66.8896
254 194 66.8896
255 194 66.8896
330 194 200
334 194 66.8896
335 194 66.8896
336 194 66.8896
338 194 40.1606
339 194 40.1606
364 194 9.56938
365 194 9.56938
438 194 66.8896
11 195 18.2648
104 195 18.2648
141 195 22.3214
143 195 28.6944
144 195 28.6944
244 195 66.8896
249 195 66.8896
330 195 200
335 195 66.8896
336 195 66.8896
338 195 40.1606
339 195 40.1606
481 195 28.6944
11 196 18.2648
14 196 18.2648
15 196 18.2648
62 196 18.2648
104 196 18.2648
138 196 28.6944
139 196 28.6944
143 196 22.3214
293 196 22.3214
331 196 200
335 196 66.8896
338 196 40.1606
11 197 18.2648
14 197 18.2648
15 197 18.2648
104 197 18.2648
284 197 66.8896
292 197 22.3214
293 197 22.3214
364 197 28.6944
11 198 18.2648
14 198 18.2648
15 198 18.2648
54 198 18.2648
55 198 18.2648
104 198 18.2648
322 198 200
364 198 28.6944
14 199 18.2648
18 199 18.2648
20 199 18.2648
21 199 18.2648
38 199 18.2648
52 199 18.2648
53 199 18.2648
54 199 18.2648
61 199 18.2648
104 199 18.2648
209 199 40.1606
280 199 40.1606
322 199 200
331 199 40.1606
364 199 28.6944
481 199 28.6944
607 199 18.2648
14 200 18.2648
17 200 18.2648
18 200 18.2648
21 200 18.2648
30 200 18.2648
37 200 18.2648
38 200 18.2648
52 200 18.2648
62 200 18.2648
104 200 18.2648
195 200 40.1606
280 200 40.1606
304 200 40.1606
305 200 40.1606
325 200 200
339 200 200
364 200 28.6944
14 201 18.2648
15 201 18.2648
18 201 18.2648
22 201 18.2648
30 201 18.2648
37 201 18.2648
38 201 18.2648
48 201 18.2648
51 201 18.2648
52 201 18.2648
63 201 18.2648
104 201 18.2648
148 201 28.6944
195 201 40.1606
280 201 40.1606
305 201 40.1606
364 201 28.6944
14 202 18.2648
15 202 18.2648
30 202 18.2648
37 202 18.2648
38 202 18.2648
51 202 18.2648
52 202 18.2648
63 202 18.2648
64 202 18.2648
104 202 18.2648
148 202 28.6944
195 202 40.1606
280 202 40.1606
294 202 40.1606
342 202 200
364 202 28.6944
12 203 18.2648
15 203 18.2648
37 203 18.2648
38 203 18.2648
51 203 18.2648
64 203 18.2648
104 203 18.2648
105 203 18.2648
280 203 40.1606
294 203 40.1606
341 203 200
342 203 200
364 203 28.6944
482 203 28.6944
613 203 18.2648
12 204 18.2648
15 204 18.2648
37 204 18.2648
38 204 18.2648
47 204 18.2648
51 204 18.2648
64 204 18.2648
71 204 18.2648
104 204 18.2648
105 204 18.2648
146 204 28.6944
147 204 28.6944
275 204 66.8896
364 204 28.6944
482 204 28.6944
15 205 18.2648
37 205 18.2648
38 205 18.2648
47 205 18.2648
51 205 18.2648
52 205 18.2648
63 205 18.2648
71 205 18.2648
105 205 18.2648
146 205 28.6944
275 205 66.8896
292 205 40.1606
364 205 28.6944
444 205 66.8896
448 205 40.1606
613 205 18.2648
12 206 18.2648
15 206 18.2648
37 206 18.2648
38 206 18.2648
51 206 18.2648
52 206 18.2648
63 206 18.2648
71 206 18.2648
72 206 18.2648
105 206 18.2648
145 206 28.6944
364 206 28.6944
448 206 40.1606
12 207 18.2648
15 207 18.2648
37 207 18.2648
38 207 18.2648
45 207 18.2648
52 207 18.2648
53 207 18.2648
62 207 18.2648
71 207 18.2648
72 207 18.2648
105 207 18.2648
144 207 28.6944
361 207 40.1606
364 207 28.6944
12 208 18.2648
15 208 18.2648
37 208 18.2648
38 208 18.2648
53 208 18.2648
54 208 18.2648
105 208 18.2648
143 208 28.6944
144 208 28.6944
215 208 40.1606
222 208 40.1606
279 208 40.1606
280 208 40.1606
292 208 40.1606
358 208 66.8896
361 208 40.1606
364 208 28.6944
417 208 66.8896
12 209 18.2648
15 209 18.2648
37 209 18.2648
38 209 18.2648
58 209 18.2648
64 209 18.2648
105 209 18.2648
143 209 28.6944
178 209 28.6944
215 209 40.1606
223 209 40.1606
227 209 40.1606
228 209 40.1606
275 209 66.8896
280 209 40.1606
291 209 40.1606
292 209 40.1606
358 209 66.8896
361 209 40.1606
364 209 28.6944
413 209 200
417 209 66.8896
427 209 66.8896
429 209 66.8896
453 209 40.1606
12 210 18.2648
15 210 18.2648
37 210 18.2648
38 210 18.2648
42 210 18.2648
58 210 18.2648
61 210 15.456
64 210 18.2648
65 210 18.2648
105 210 18.2648
143 210 28.6944
223 210 40.1606
275 210 66.8896
291 210 40.1606
358 210 66.8896
364 210 28.6944
413 210 200
482 210 28.6944
12 211 18.2648
15 211 18.2648
37 211 18.2648
38 211 18.2648
42 211 18.2648
58 211 18.2648
65 211 18.2648
71 211 18.2648
96 211 18.2648
105 211 18.2648
173 211 28.6944
291 211 40.1606
306 211 40.1606
328 211 22.3214
329 211 22.3214
364 211 28.6944
413 211 200
417 211 66.8896
12 212 18.2648
15 212 18.2648
37 212 18.2648
38 212 18.2648
42 212 18.2648
71 212 18.2648
95 212 18.2648
105 212 18.2648
123 212 22.3214
224 212 40.1606
286 212 200
291 212 40.1606
306 212 40.1606
364 212 28.6944
416 212 66.8896
417 212 66.8896
12 213 18.2648
15 213 18.2648
37 213 18.2648
38 213 18.2648
71 213 18.2648
72 213 18.2648
97 213 18.2648
105 213 18.2648
123 213 22.3214
124 213 22.3214
128 213 22.3214
141 213 28.6944
224 213 40.1606
225 213 40.1606
291 213 40.1606
306 213 40.1606
318 213 66.8896
319 213 66.8896
364 213 28.6944
453 213 40.1606
15 214 18.2648
37 214 18.2648
38 214 18.2648
65 214 18.2648
71 214 18.2648
72 214 18.2648
105 214 18.2648
169 214 28.6944
224 214 40.1606
291 214 40.1606
453 214 40.1606
482 214 28.6944
12 215 18.2648
15 215 18.2648
31 215 18.2648
38 215 18.2648
44 215 18.2648
64 215 18.2648
105 215 18.2648
114 215 22.3214
115 215 22.3214
142 215 22.3214
169 215 28.6944
175 215 28.6944
224 215 40.1606
227 215 40.1606
291 215 40.1606
306 215 40.1606
482 215 28.6944
15 216 18.2648
31 216 18.2648
38 216 18.2648
63 216 18.2648
105 216 18.2648
142 216 22.3214
169 216 28.6944
174 216 28.6944
224 216 40.1606
286 216 40.1606
291 216 40.1606
292 216 40.1606
15 217 18.2648
31 217 18.2648
38 217 18.2648
105 217 18.2648
108 217 22.3214
135 217 22.3214
141 217 22.3214
142 217 22.3214
169 217 28.6944
173 217 28.6944
224 217 40.1606
238 217 40.1606
286 217 40.1606
291 217 40.1606
292 217 40.1606
15 218 18.2648
19 218 18.2648
21 218 18.2648
31 218 18.2648
38 218 18.2648
71 218 18.2648
105 218 18.2648
108 218 22.3214
124 218 22.3214
142 218 28.6944
152 218 28.6944
172 218 28.6944
173 218 28.6944
224 218 40.1606
225 218 40.1606
238 218 40.1606
291 218 40.1606
292 218 40.1606
360 218 40.1606
422 218 66.8896
425 218 40.1606
446 218 40.1606
482 218 28.6944
13 219 18.2648
19 219 18.2648
21 219 18.2648
31 219 18.2648
38 219 18.2648
52 219 18.2648
71 219 18.2648
72 219 18.2648
105 219 18.2648
152 219 28.6944
173 219 28.6944
213 219 28.6944
224 219 40.1606
292 219 40.1606
320 219 28.6944
360 219 40.1606
446 219 40.1606
482 219 28.6944
13 220 18.2648
19 220 18.2648
21 220 18.2648
31 220 18.2648
38 220 18.2648
72 220 18.2648
105 220 18.2648
124 220 22.3214
150 220 28.6944
152 220 28.6944
173 220 28.6944
291 220 40.1606
307 220 40.1606
310 220 28.6944
320 220 28.6944
13 221 18.2648
19 221 18.2648
31 221 18.2648
38 221 18.2648
71 221 18.2648
72 221 18.2648
105 221 18.2648
142 221 28.6944
153 221 28.6944
173 221 28.6944
291 221 40.1606
361 221 40.1606
363 221 40.1606
400 221 40.1606
403 221 28.6944
482 221 28.6944
13 222 18.2648
19 222 18.2648
31 222 18.2648
38 222 18.2648
71 222 18.2648
72 222 18.2648
105 222 18.2648
153 222 28.6944
173 222 28.6944
224 222 40.1606
291 222 40.1606
361 222 40.1606
363 222 40.1606
364 222 28.6944
369 222 22.3214
370 222 18.2648
371 222 18.2648
392 222 200
393 222 200
395 222 66.8896
399 222 40.1606
401 222 28.6944
402 222 28.6944
403 222 28.6944
404 222 28.6944
482 222 28.6944
13 223 18.2648
19 223 18.2648
31 223 18.2648
38 223 18.2648
39 223 18.2648
106 223 18.2648
153 223 28.6944
159 223 28.6944
173 223 28.6944
291 223 40.1606
319 223 28.6944
361 223 40.1606
362 223 40.1606
363 223 28.6944
364 223 28.6944
369 223 22.3214
372 223 18.2648
392 223 200
393 223 200
397 223 40.1606
398 223 40.1606
403 223 28.6944
407 223 6.09013
408 223 6.09013
410 223 6.09013
411 223 5.74218
12 224 18.2648
13 224 18.2648
19 224 18.2648
31 224 18.2648
38 224 18.2648
106 224 18.2648
123 224 22.3214
124 224 22.3214
225 224 40.1606
291 224 40.1606
301 224 66.8896
305 224 40.1606
315 224 200
319 224 28.6944
365 224 28.6944
367 224 22.3214
369 224 22.3214
372 224 18.2648
394 224 200
398 224 40.1606
408 224 6.09013
409 224 6.09013
411 224 5.74218
415 224 5.43183
482 224 28.6944
12 225 18.2648
13 225 18.2648
19 225 18.2648
22 225 18.2648
30 225 18.2648
31 225 18.2648
106 225 18.2648
123 225 22.3214
124 225 22.3214
131 225 22.3214
146 225 28.6944
158 225 28.6944
225 225 40.1606
305 225 40.1606
315 225 200
319 225 28.6944
320 225 28.6944
365 225 28.6944
369 225 22.3214
372 225 18.2648
394 225 200
413 225 5.74218
414 225 5.43183
415 225 5.43183
482 225 28.6944
12 226 18.2648
13 226 18.2648
19 226 18.2648
22 226 18.2648
83 226 18.2648
106 226 18.2648
124 226 22.3214
149 226 28.6944
157 226 28.6944
319 226 28.6944
320 226 28.6944
12 227 18.2648
13 227 18.2648
19 227 18.2648
22 227 18.2648
55 227 18.2648
56 227 18.2648
82 227 18.2648
123 227 22.3214
148 227 28.6944
149 227 28.6944
214 227 66.8896
216 227 40.1606
218 227 40.1606
313 227 200
319 227 40.1606
320 227 40.1606
607 227 18.2648
12 228 18.2648
13 228 18.2648
19 228 18.2648
22 228 18.2648
55 228 18.2648
56 228 18.2648
82 228 18.2648
83 228 18.2648
106 228 18.2648
124 228 22.3214
149 228 28.6944
150 228 28.6944
220 228 28.6944
316 228 40.1606
361 228 40.1606
400 228 28.6944
482 228 28.6944
607 228 18.2648
12 229 18.2648
13 229 18.2648
19 229 18.2648
22 229 18.2648
28 229 18.2648
62 229 18.2648
106 229 18.2648
108 229 18.2648
150 229 28.6944
151 229 28.6944
153 229 28.6944
156 229 28.6944
220 229 28.6944
310 229 40.1606
378 229 66.8896
389 229 200
390 229 200
482 229 28.6944
12 230 18.2648
13 230 18.2648
19 230 18.2648
22 230 18.2648
36 230 18.2648
61 230 18.2648
62 230 18.2648
144 230 22.3214
309 230 66.8896
312 230 40.1606
378 230 66.8896
382 230 28.6944
384 230 28.6944
390 230 200
391 230 200
399 230 28.6944
12 231 18.2648
13 231 18.2648
19 231 18.2648
20 231 18.2648
61 231 18.2648
124 231 22.3214
236 231 40.1606
304 231 40.1606
369 231 22.3214
373 231 200
380 231 66.8896
384 231 28.6944
390 231 200
391 231 200
392 231 200
399 231 28.6944
13 232 18.2648
38 232 18.2648
124 232 22.3214
129 232 22.3214
131 232 22.3214
134 232 22.3214
135 232 22.3214
136 232 22.3214
279 232 40.1606
369 232 22.3214
13 233 18.2648
124 233 22.3214
145 233 22.3214
279 233 40.1606
13 234 18.2648
124 234 22.3214
152 234 22.3214
279 234 40.1606
365 234 28.6944
13 235 18.2648
73 235 22.3214
80 235 22.3214
90 235 22.3214
91 235 22.3214
93 235 22.3214
150 235 22.3214
151 235 22.3214
13 236 18.2648
72 236 22.3214
73 236 22.3214
80 236 22.3214
90 236 22.3214
124 236 22.3214
13 237 18.2648
14 237 18.2648
43 237 18.2648
65 237 22.3214
72 237 22.3214
73 237 22.3214
80 237 22.3214
123 237 22.3214
124 237 22.3214
129 237 22.3214
51 238 22.3214
73 238 22.3214
123 238 22.3214
124 238 22.3214
129 238 22.3214
51 239 22.3214
95 239 22.3214
124 239 22.3214
41 240 18.2648
42 240 18.2648
41 241 18.2648
65 242 22.3214
92 242 22.3214
124 242 22.3214
65 243 22.3214
93 243 22.3214
124 243 22.3214
129 243 22.3214
42 244 18.2648
59 244 18.2648
124 244 22.3214
42 245 18.2648
124 245 22.3214
124 246 22.3214
6 247 13.3958
124 247 22.3214
129 247 22.3214
6 248 13.3958
124 248 22.3214
125 248 22.3214
129 248 22.3214
6 249 13.3958
92 249 18.2648
124 249 22.3214
125 249 22.3214
6 250 13.3958
73 250 18.2648
75 250 18.2648
124 250 22.3214
125 250 22.3214
124 251 22.3214
125 251 22.3214
611 251 13.3958
6 252 13.3958
6 253 13.3958
261 261 18.2648
181 268 15.456
241 268 15.456
242 268 15.456
633 272 11.8203
238 273 13.3958
105 277 13.3958
217 278 13.3958
218 278 13.3958
219 279 13.3958
89 281 13.3958
90 282 13.3958
63 284 11.8203
63 285 11.8203
185 292 10.5764
186 292 10.5764
185 293 10.5764
186 293 10.5764
166 301 9.56938
167 301 9.56938
175 301 9.56938
176 301 9.56938
531 308 8.73744
140 312 8.73744
92 313 8.73744
140 313 8.73744
141 313 8.73744
142 313 8.73744
141 314 8.73744
142 314 8.73744
149 314 8.03858
150 314 8.03858
557 323 7.44324
112 327 7.44324
124 327 7.44324
125 327 7.44324
567 330 6.93001
567 331 6.93001
586 332 6.48298
581 333 6.93001
585 333 6.48298
586 333 6.48298
570 335 6.93001
588 335 6.48298
561 343 6.48298
562 343 6.48298
91 344 6.48298
561 344 6.48298
586 344 6.48298
72 345 6.48298
73 345 6.48298
74 345 6.48298
80 345 6.48298
82 345 6.48298
83 345 6.48298
84 345 6.48298
86 345 6.48298
87 345 6.48298
73 346 6.48298
74 346 6.48298
75 346 6.48298
76 346 6.48298
77 346 6.48298
82 346 6.48298
85 346 6.48298
86 346 6.48298
87 346 6.48298
472 348 6.48298
473 348 6.48298
474 348 6.48298
475 348 6.48298
477 348 6.48298
478 348 6.48298
479 348 6.48298
480 348 6.48298
481 348 6.48298
482 348 6.48298
484 348 6.09013
485 348 6.09013
474 349 6.48298
475 349 6.48298
586 350 6.48298
588 350 6.48298
589 351 6.09013
590 351 6.09013
610 355 5.74218
573 356 6.09013
586 356 5.74218
592 356 5.74218
610 356 5.74218
577 357 5.74218
580 357 5.74218
583 357 5.74218
590 357 5.74218
611 361 5.74218
77 368 5.43183
603 368 5.43183
39 369 5.43183
587 369 5.74218
591 369 5.43183
602 369 5.43183
21 370 5.43183
29 370 5.43183
39 370 5.43183
40 370 5.43183
590 370 5.43183
591 370 5.43183
594 370 5.43183
595 370 5.43183
601 370 5.43183
602 370 5.43183
608 370 5.43183
611 370 5.43183
614 370 5.43183
615 370 5.43183
628 370 5.43183
632 370 5.43183
44 371 5.43183
595 371 5.43183
616 371 5.43183
630 371 5.43183
634 371 5.15331
630 372 5.43183
631 372 5.43183
634 372 5.15331
535 373 5.15331
633 373 5.15331
634 373 5.15331
534 374 5.15331
637 374 5.15331
533 375 5.15331
537 375 5.15331
535 376 5.15331
536 376 5.15331
537 376 5.15331
637 378 5.15331
93 399 4.67399
94 399 4.67399
95 399 4.67399
92 400 4.67399
93 400 4.67399
95 400 4.67399
93 401 4.67399
94 401 4.67399
238 401 4.46628
325 411 4.27625
421 411 4.27625
422 411 4.27625
423 411 4.27625
424 411 4.27625
99 412 4.27625
100 412 4.27625
325 412 4.27625
421 414 4.27625
422 414 4.27625
423 414 4.27625
424 414 4.10172
424 415 4.10172
425 415 4.10172
426 415 4.10172
425 416 4.10172
298 418 4.10172
413 419 4.10172
74 421 4.10172
75 421 4.10172
76 421 4.10172
77 421 4.10172
145 421 4.10172
73 422 4.10172
71 423 4.10172
72 423 4.10172
73 423 4.10172
72 424 4.10172
73 424 4.10172
74 424 4.10172
71 425 4.10172
72 425 4.10172
215 446 3.6543
395 465 3.40657
354 471 3.29489
176 473 3.29489
177 473 3.29489
